,Id,AuthorDisplayName,AuthorAvatarImageUrl,AuthorSlug,Title,TitleCustomized,Permalink,RecipeOrderTimeText,RecipePrepTimeText,Content,Type,RecipeIngredient,RecipeInstruction,Label,LabelColorHexCode,LabelLink,RecipeCategory,RecipeType,RecipeMealType,RecipeCookType,RecipeSpecialCase,ShowOnlyOnApp,RecipeOrderTime,RecipePrepTime,Date,RecipeRatingOrderPoint,ViewCount,FavoriteCount,FromUsers,HasVideo,HasMultipleImages,FeaturedImage.Id,FeaturedImage.Title,FeaturedImage.Type,FeaturedImage.SourceName,FeaturedImage.SourceUrl,FeaturedImage.Alt,FeaturedImage.Path,FeaturedImage.Width,FeaturedImage.Height,FeaturedImage.MediaData.ymk-original.Path,FeaturedImage.MediaData.ymk-original.Width,FeaturedImage.MediaData.ymk-original.Height,FeaturedImage.MediaData.ymk-original.Croped,FeaturedImage.MediaData.ymk-thumbnail.Path,FeaturedImage.MediaData.ymk-thumbnail.Width,FeaturedImage.MediaData.ymk-thumbnail.Height,FeaturedImage.MediaData.ymk-thumbnail.Croped,FeaturedImage.MediaData.ymk-large.Path,FeaturedImage.MediaData.ymk-large.Width,FeaturedImage.MediaData.ymk-large.Height,FeaturedImage.MediaData.ymk-large.Croped,FeaturedImage.MediaData.ymk-medium.Path,FeaturedImage.MediaData.ymk-medium.Width,FeaturedImage.MediaData.ymk-medium.Height,FeaturedImage.MediaData.ymk-medium.Croped,FeaturedImage.MediaData.ymk-social.Path,FeaturedImage.MediaData.ymk-social.Width,FeaturedImage.MediaData.ymk-social.Height,FeaturedImage.MediaData.ymk-social.Croped,RecipeContentType,LabelColor,RecipeSeason,RecipeCuisineType,RecipeCityType,RecipeDietType
0,894,Yasemin Özaltın,https://cdn.yemek.com/author/35533/20181219061403_avatar.jpg,/profil/yasemingursurer/,Birebir Ölçüsüyle: İrmik Helvası,İrmik Helvası,/tarif/irmik-helvasi/,25 dk,20 dk,"<p>Balık sofralarının baş tatlısı, tatlı krizlerinin bir numaralı çözümü, komşu ikramlarının en sevileni, anında kavrulan sıcak sıcak <strong>ev yapımı irmik helvası</strong> <a href=""https://yemek.com/tarif/tatli/"" target=""_blank"">tatlı tarifleri</a> arasında kalori açısından da görece daha kabul edilebilir. <strong>Tel tel dökülen, tam kıvamında</strong> irmik helvasının ölçüsü, malzemeleri, yapılışı ve <a href=""https://yemek.com/irmik-helvasi-puf-noktalari/"" target=""_blank"">irmik helvası yapmanın püf noktası</a> tarifimizin detaylarında saklı.</p>
<p>Bu pratik irmik helvası en klasik ve en sade haliyle evlerden mis gibi kokular yükselmesine sebep olacak, ikram edilen konu komşunun tarifini ısrarla sormasına yol açacak. Sunumuyla, nefis lezzetiyle en güzel irmik helvası tarifini arayanlara duyurulur.</p>
<p>Sizin için hazırladığımız <strong>tam ölçülü irmik helvası</strong> tarifinin yapılış adımlarını takip ederek, kısık ateşte ağır ağır kavrulan irmik ile hazırladığınız irmik helvasını dondurmayla ya da kaymak ilavesiyle ikram etmeyi unutmayın.</p>
<p>Misafirlerinizi yaratıcı ve <a href=""https://yemek.com/irmik-helvasi-tarifleri/"" target=""_blank"">farklı irmik helvası tarifleri</a> ile şaşırtmak için içeriğimizdeki <a href=""https://yemek.com/tarif/"" target=""_blank"">tarif</a>leri defterinize not etmenizi öneririz.</p>
",recipe,"['tereyağı', 'toz şeker', 'süt', 'su', 'irmik', 'çam fıstığı', 'tarçın (arzuya göre)']","['İrmik helvası için 3 yemek kaşığı tereyağını tavada eritin.', 'Yarım su bardağı çam fıstığını içine atarak kavurmaya başlayın.', 'Fıstıklar kavrulduktan sonra 1,5 su bardağı irmiği tencereye aktarın.', 'Sürekli karıştırıp, kısık ateşte 20 dakika kadar kavurun.', 'Tatlının şerbeti için; 1,5 su bardağı su, 1,5 su bardağı şeker ve 1,5 su bardağı sütü küçük bir sos tenceresine alın. Karıştırdıktan sonra kısık ateşte kaynamaya bırakın.', 'İrmik iyice kavrulduktan sonra sıcak şerbet karışımını, tavaya azar azar aktarın.', 'Sıcak şerbetin etkisiyle fokur fokur kaynamaya başlayan irmik sürekli olarak karıştırmaya devam edin.', 'Helvayı kısık ateşte 8-10 dakika kadar pişirmeye devam edin.\xa0Dinlenmesi için üzerine bir kapak kapatın.', 'Demlenen irmik helvasını servis kaselerine alıp, ters çevirip çıkardıktan sonra arzuya göre tarçın\xa0ilavesiyle birlikte dondurma\xa0ile\xa0servis edin. Afiyet olsun!']",TATLI,239b56,/tarif/tatli/,"['Tatlı', 'Ramazan', 'Video']",['çay saati'],['Çay Saati'],['Tava'],['Ekonomik'],False,1500,1200,2022-03-11T10:15:29Z,4.0,3700023,7781,False,True,True,0,,0,,,,2014/11/irmik-helvasi-yemekcom.jpg,0,0,https://cdn.yemek.com/mnresize/940/940/uploads/2014/11/irmik-helvasi-yemekcom.jpg,940,940,False,https://cdn.yemek.com/mncrop/300/200/uploads/2014/11/irmik-helvasi-yemekcom.jpg,300,200,True,https://cdn.yemek.com/mncrop/940/625/uploads/2014/11/irmik-helvasi-yemekcom.jpg,940,625,True,https://cdn.yemek.com/mncrop/620/388/uploads/2014/11/irmik-helvasi-yemekcom.jpg,620,388,True,https://cdn.yemek.com/mncrop/600/315/uploads/2014/11/irmik-helvasi-yemekcom.jpg,600,315,True,,,,,,
1,274,Yasemin Özaltın,https://cdn.yemek.com/author/35533/20181219061403_avatar.jpg,/profil/yasemingursurer/,10 Dakikada Hazır: Kısır,Kısır,/tarif/kisir/,10 dk,10 dk,"<p>El altında bulunan belli başlı malzemeler ile kısa sürede hazırlanan, besleyici, renkli mi renkli, gün lezzetlerinin olmazsa olmazı kısır tarifi ile karşınızdayız bugün. <strong><a href=""https://yemek.com/tarif/"" target=""_blank"">Yemek tariflerinin</a></strong> altın gününe en çok yakışanı olur aynı zamanda kendisi. 'En güzel <strong>kısır tarifi</strong> benimki!' demek için bu tarifi defterinize mutlaka kaydedin deriz.</p>
<p>Biliyoruz aklınızda ""Evde kısır nasıl yapılır?"", ""<strong>Kısır hangi bulgurla yapılır?</strong>"", ""En güzel kısır nasıl yapılır?"" gibi sorular var. <strong>Tam ölçülü ve sadece 10 dakikada hazır olan</strong>, yedikçe yediren kısır tarifimizde kısır yapmanın tüm püf noktalarını bulacak, adım adım resimli anlatımı sayesinde mutfakta hiç de zorlanmayacaksınız.</p>
<p>Kısırın yanına <a href=""https://yemek.com/tarif/kek/"" target=""_blank"">kekler</a> ve <a href=""https://yemek.com/tarif/borek/"" target=""_blank"">börekler</a> de hazırsa, <strong>çay</strong> demlenmeden hazır olan bu çok <strong>pratik kısır tarifine</strong> öyleyse buyurunuz.</p>
",recipe,"['sıcak su', 'tuz', 'limon suyu', 'pul biber', 'maydanoz', 'zeytinyağı', 'domates salçası', 'ince bulgur', 'taze soğan', 'nar ekşisi', 'taze nane']","['Kısır tarifi için 2 su bardağı ince bulguru geniş bir kaseye alın. Üzerine 1,5 su bardağı sıcak suyu ekleyin.', 'Streç film ile üzerini kapatıp bulgurların şişmesini bekleyin. Yaklaşık 10-15 dakika bulgurlar şiştikten sonra tane tane olması için güzelce karıştırın.', 'Üzerine 2 yemek kaşığı domates salçası ve 1 çay bardağı zeytinyağını ekleyin.', '1 tatlı kaşığı tuz, 1 tatlı kaşığı pul biber, 2 limonun suyu ve yarım çay bardağı nar ekşisini de ekleyin.', 'Son olarak doğradığınız 6 dal taze soğanı, yarım demet taze nane ve maydanozu da ekleyip karıştırdıktan sonra kısır servise hazır.', 'Yanında marullarla ya da dilediğiniz malzemelerle servis edebilirsiniz. Afiyet olsun!']",SALATA,239b56,/tarif/salata/,"['Özel Beslenme', 'Vejetaryen', 'Atıştırmalık', 'Salata', 'Vegan', 'Video', 'Tuzlu Atıştırmalık']","['ara öğün', 'öğle yemeği', 'çay saati']","['Öğle Yemeği', 'Ara Öğün', 'Çay Saati']",,"['Ekonomik', 'Vejetaryen', 'Bol Lifli', 'Düşük Kalorili']",False,600,600,2022-03-18T13:30:13Z,4.0,3168559,10581,False,True,True,0,,0,,,,2014/07/kisir-yemekcom.jpg,0,0,https://cdn.yemek.com/mnresize/940/940/uploads/2014/07/kisir-yemekcom.jpg,940,940,False,https://cdn.yemek.com/mncrop/300/200/uploads/2014/07/kisir-yemekcom.jpg,300,200,True,https://cdn.yemek.com/mncrop/940/625/uploads/2014/07/kisir-yemekcom.jpg,940,625,True,https://cdn.yemek.com/mncrop/620/388/uploads/2014/07/kisir-yemekcom.jpg,620,388,True,https://cdn.yemek.com/mncrop/600/315/uploads/2014/07/kisir-yemekcom.jpg,600,315,True,"['vejetaryen', 'bol lifli', 'glutensiz']",,,,,
2,2586,Yasemin Özaltın,https://cdn.yemek.com/author/35533/20181219061403_avatar.jpg,/profil/yasemingursurer/,Puf Puf: Mayalı Poğaça,Mayalı Poğaça,/tarif/mayali-pogaca/,25 dk,20 dk,"<p>Fırından çıkmış sıcacık <strong>mayalı poğaça</strong> puf puf kabardıysa eğer insan önemsemez ki neli olduğunu... Mis gibi bir kahvaltılık olur, peynir ve diğer tüm <a href=""https://yemek.com/tarif/kahvaltiliklar/"" target=""_blank"" rel=""noopener"">kahvaltılıklar</a> yanına sonradan eklense de olur. <a href=""https://yemek.com/tarif/pogaca/"" target=""_blank"" rel=""noopener"">Poğaça tariflerinin</a> en nefislerinden mayalı poğaça tarifinde ne mi var? Yaş maya var bu poğaça tarifinde. Kendisi ılık su, ılık süt ve toz şekerle bir araya gelip bir güzel kabarıyor ve tüm poğaça hamuru istila ediyor sonrasında. Kabına sığmayan <a href=""https://yemek.com/tarif/yumusak-pogaca/"" target=""_blank"" rel=""noopener"">yumuşak poğaça</a>lar kabardıkça kabarıyor, size de onları afiyetle yemek düşüyor.</p>
<p>Ağzı kapalı bir kapta muhafaza edilirse kolay kolay da bayatlamaz mayalı poğaçalar.</p>
<p>Bu arada daha fazla yemek tarifi için: <a href=""https://yemek.com/tarif/"" target=""_blank"" rel=""noopener"">Yemek tarifleri</a></p>",recipe,"['tuz', 'yumurta', 'toz şeker', 'un', 'yumurta sarısı', 'ılık su', 'susam', 'ılık süt', 'yaş maya', 'sıvı yağ']","['<p>Mayalı poğaça için 1 su bardağı ılık su ve 1 su bardağı ılık sütü geniş bir karıştırma kabına alın. 1 paket yaş maya ve 4 yemek kaşığı toz şekeri ekleyip karıştırdıktan sonra mayanın aktive olması için 5 dakika kadar bekletin.</p>', '<p>Maya tamamen eridikten sonra 1 su bardağı sıvı yağ , 1 adet yumurta ve 2 çay kaşığı tuzu ekleyin.</p>', '<p>Unu azar azar ekleyip hamuru toparlanana kadar yoğurmaya başlayın.</p>', '<p>Yumuşak ve yapışmayacak bir kıvamda bir hamur elde ettiğiniz zaman üzerini streç film ve nemli bir bezle kapatıp 40-45 dakika kadar oda ısısında mayalanmaya bırakın.</p>', '<p>Mayalanan hamurdan yumurta büyüklüğünde parçalar kopartıp avuç içinizde yuvarlayarak şekil verin.</p>', '<p>Tepsiye aralıklı olarak dizdiğiniz mayalı hamurların üzerine yumurta sarısı sürün.</p>', '<p>Son mayalandırma işlemi için 10-15 dakika kadar poğaçaları tepside bekletin ve önceden ısıtılmış 190 derece fırında 20 dakika kadar pişirin. Puf puf kabarmış mayalı poğaçalar hazır, afiyet olsun!</p>']",POĞAÇA,239b56,/tarif/pogaca/,"['Hamur İşi', 'Kahvaltılık', 'Poğaça', 'Video']",,"['Kahvaltı', 'Çay Saati']",['Fırın'],['Ekonomik'],False,1500,1200,2015-05-26T07:17:00Z,4.0,2702715,10778,False,True,True,0,,0,,,,2015/05/mayali-pogaca-yemekcom.jpg,0,0,https://cdn.yemek.com/mnresize/940/940/uploads/2015/05/mayali-pogaca-yemekcom.jpg,940,940,False,https://cdn.yemek.com/mncrop/300/200/uploads/2015/05/mayali-pogaca-yemekcom.jpg,300,200,True,https://cdn.yemek.com/mncrop/940/625/uploads/2015/05/mayali-pogaca-yemekcom.jpg,940,625,True,https://cdn.yemek.com/mncrop/620/388/uploads/2015/05/mayali-pogaca-yemekcom.jpg,620,388,True,https://cdn.yemek.com/mncrop/600/315/uploads/2015/05/mayali-pogaca-yemekcom.jpg,600,315,True,,,,,,
3,3548,Yasemin Özaltın,https://cdn.yemek.com/author/35533/20181219061403_avatar.jpg,/profil/yasemingursurer/,Tül Gibi İncecik: Krep,Krep,/tarif/krep/,20 dk,5 dk,"<p>Krep, <a href=""https://yemek.com/tarif/"" target=""_blank"">yemek tarifleri</a> ve <a href=""https://yemek.com/tarif/kahvaltiliklar/"" target=""_blank"">kahvaltılık tarifler</a> içinde en çok sevilenlerden biri. Bu yüzden mutfağa yeni giren de kahvaltıya pratik lezzetler hazırlamak isteyen de krep tarifini, <a href=""https://yemek.com/krep-yapmanin-puf-noktalari/"" target=""_blank"">krep yapmanın püf noktaları</a>nı merak ediyor; krep hamuru ve krep malzemelerini hazırlayıp kahvaltılık kreple sevdiklerini mutlu etmek istiyor.</p>
<p>Eğer siz de ""Tavada sade krep nasıl yapılır?"" konusunda meraklıysanız, <strong>evde krep yapımının püf noktalar</strong>ını öğrenmek istiyorsanız en güzel krep tarifi için aşağıya bekleniyorsunuz. Krep tarifi videomuzu da izlemeyi unutmayın der, büyüklerimizden <a href=""https://yemek.com/tarif/akitma/"" target=""_blank"">akıtma</a> olarak öğrendiğimiz şimdilerde krep diye duymaya alışık olduğumuz tül inceliğinde bu hamur işini kahvaltılarınızdan, çay saatlerinden mahrum etmeyin deriz. Eğer <a href=""https://yemek.com/tarif/2-kisilik-krep/"" target=""_blank"">2 kişilik krep</a> nasıl yapılır diyorsanız da bu tarifi yarım ölçü olarak gönül rahatlıyla hazırlayabilirsiniz.</p>
<p><strong>Kolay krep tarifi</strong> ile gelsin muhteşem kahvaltılar, lezzetli tatlılar. Paylaştığımız <a href=""https://yemek.com/krep-tarifleri/"" target=""_blank"">krep tarifleri</a> ile artık mutfakta kimse sizi tutamaz!</p>
",recipe,"['tuz', 'yumurta', 'süt', 'un', 'su', 'sıvı yağ']","['Krep tarifi için öncelikle 1 su bardağı sütü bir kaba alın.', 'Üzerine 1 su bardağı suyu derin bir karıştırma kasesine alın.', '1 yemek kaşığı sıvı yağ,\xa0 2 adet yumurta ve 1 çay kaşığı tuzu da ekleyin.', 'Üzerine 6 yemek kaşığı unu ilave edip bir çırpıcı yardımıyla iyice karıştırın.Sonra pürüzsüz bir kıvam alana kadar çırpın ve 5 dakika dinlenmeye bırakın.', 'Hazırladığınız krep harcından küçük bir kepçe kadar doldurun. Hamuru yağladığınız kızgın tavaya dökün.', 'Hafifçe sallayarak hamurun ince bir şekilde tabanına yayılmasını sağlayın.Krepleri, orta ateşte göz göz olup, renk alana kadar arkalı önlü kızartın.', 'Aralarda teflon tavayı yağlayarak, krep hamuru bitene kadar aynı işlemi tekrarlayın.', 'Pişen krepleri servis tabağına alın. Soğutmadan krepleri sevdiklerinizle paylaşın.']",KAHVALTILIK,239b56,/tarif/kahvaltiliklar/,"['Kahvaltılık', 'Video']",['kahvaltı'],"['Kahvaltı', 'Çay Saati']",['Tava'],,False,1200,300,2022-03-10T14:32:12Z,4.0,2616215,9862,False,True,True,0,,0,,,,2015/10/krep-yemekcom.jpg,0,0,https://cdn.yemek.com/mnresize/940/940/uploads/2015/10/krep-yemekcom.jpg,940,940,False,https://cdn.yemek.com/mncrop/300/200/uploads/2015/10/krep-yemekcom.jpg,300,200,True,https://cdn.yemek.com/mncrop/940/625/uploads/2015/10/krep-yemekcom.jpg,940,625,True,https://cdn.yemek.com/mncrop/620/388/uploads/2015/10/krep-yemekcom.jpg,620,388,True,https://cdn.yemek.com/mncrop/600/315/uploads/2015/10/krep-yemekcom.jpg,600,315,True,,,,,,
4,123,Yasemin Özaltın,https://cdn.yemek.com/author/35533/20181219061403_avatar.jpg,/profil/yasemingursurer/,En İyi Kıvam Onda: Mercimek Çorbası,Mercimek Çorbası,/tarif/mercimek-corbasi/,50 dk,10 dk,"<p>Yaz kış demeden her mevsim, her zaman, her durumda elimizin gittiği tariftir <strong>mercimek çorbası tarifi.</strong> En çok sevilen çorbalardan biridir o! Bu yüzden zamansız çorbadır. Belki de bütün <a href=""https://yemek.com/tarif/"" target=""_blank"">yemek tarifleri</a> için böyledir.</p>
<p>Hatta <a href=""https://yemek.com/tarif/ezogelin-corbasi/"" target=""_blank"">ezogelin çorbasıyla</a> olan mücadelesini bir kenara koyarsanız, zamansız çorbaların en güzeli, en birincisi. Bunları söylüyoruz çünkü şimdiye kadar ""<strong>en güzel mercimek çorbası</strong>"" tarifini arayıp bulamadıysanız lezzetli ve pratik bu tencerede mercimek çorbası yapımı tam size göre!</p>
<p>Lafı uzatmadan ""Mercimek çorbası nasıl yapılır?"", ""<strong>Mercimek çorbası nasıl pişirilir?</strong>"" diye merak edenleri ev usulü mercimek çorbası tarifimize alalım. Adım adım resimli anlatımı ve videosuyla her eve mis gibi kokan, şifalı mercimek çorbasını davet edelim.</p>
<p>Afiyetler olsun diyelim, eğer sizin de kendinize özel <strong>mercimek çorbası pişirme yöntemleri</strong>niz varsa yorumlarda tüm okuyucularımızla paylaşmanızı isteyelim.</p>
<p>Not: ""Mercimek çorbası tamam da ben daha fazla çorba çeşidi de görmek istiyorum"" diyenleri şöyle alalım: <a href=""https://yemek.com/tarif/corba/"" target=""_blank"">Çorba Tarifleri</a>!</p>
",recipe,"['kuru soğan', 'tereyağı', 'sıcak su', 'tuz', 'ayçiçek yağı', 'un', 'patates', 'karabiber', 'kırmızı ya da sarı mercimek', 'havuç', 'kırmızı toz biber', 'sıvı yağ']","['Derin bir tencereye 3 yemek kaşığı sıvı yağ ekleyin. İri doğranmış 1 adet büyük soğanı sıvı yağ ile birlikte kavurun.', 'Kavrulan soğanlara 1 yemek kaşığı unu ekleyin ve kokusu çıkıp, renk alana kadar kavurma işlemini sürdürün.\xa0İri parçalar halinde doğradığınız birer adet havuç ve patatesi tencereye aktarıp karıştırmaya devam edin.', 'Tuz, karabiber ve bol suda yıkadıktan sonra suyunu süzdürdüğünüz\xa01,5 su bardağı mercimeği\xa0 de ilave edin ve son kez güzelce karıştırın.', '6 su bardağı sıcak suyu da tencereye ilave edin.', 'Ardından kapağını kapatın, patates ve havuçlar yumuşayana kadar ara ara karıştırarak 40 dakika kadar pişirin.', 'Çorba piştikten sonra pürüzsüz bir kıvam alması için; el blenderından geçirin. 5 dakika daha pişirdikten sonra ocaktan alın.', '3 yemek kaşığı sıvı yağ ve 2 yemek kaşığı tereyağını bir tavada kızdırın. Üzerine 1 tatlı kaşığı toz kırmızı biberi ekleyin ve 2 dakika yağı kızdırdıktan sonra ocaktan alın.', 'Çorbayı bir kaseye alın ve üzerine kızdırdığınız yağdan gezdirip servis edin.']",ÇORBA,,/tarif/corba/,"['Çorba', 'Ramazan', 'Video', 'Bakliyat']","['akşam yemeği', 'öğle yemeği']","['Başlangıç', 'Öğle Yemeği', 'Ara Öğün', 'Akşam Yemeği']",['Tencere'],"['Ekonomik', 'Vejetaryen', 'Bol Proteinli']",False,3000,600,2022-03-31T14:25:26Z,4.0,2607774,11074,False,True,True,0,,0,,,,2014/06/mercimek-corbasi-yemekcom.jpg,0,0,https://cdn.yemek.com/mnresize/940/940/uploads/2014/06/mercimek-corbasi-yemekcom.jpg,940,940,False,https://cdn.yemek.com/mncrop/300/200/uploads/2014/06/mercimek-corbasi-yemekcom.jpg,300,200,True,https://cdn.yemek.com/mncrop/940/625/uploads/2014/06/mercimek-corbasi-yemekcom.jpg,940,625,True,https://cdn.yemek.com/mncrop/620/388/uploads/2014/06/mercimek-corbasi-yemekcom.jpg,620,388,True,https://cdn.yemek.com/mncrop/600/315/uploads/2014/06/mercimek-corbasi-yemekcom.jpg,600,315,True,"['tencere', 'vejetaryen', 'bol lifli']",greenLight,,,,
5,118,Yasemin Özaltın,https://cdn.yemek.com/author/35533/20181219061403_avatar.jpg,/profil/yasemingursurer/,Orijinal Tarifi Burada: Domates Çorbası,Domates Çorbası,/tarif/domates-corbasi/,30 dk,30 dk,"<p>Havalar soğumaya başladı, yaz mevsimini hep birlikte uğurladık. Hafif hüzünlüyüz, ancak dumanı üzerinde tüten çorbalar içeceğimiz için de mutluyuz. En sevdiğiniz <a href=""https://yemek.com/tarif/corba/"" target=""_blank"">çorba</a> tarifi nedir? Bizim için <a href=""https://yemek.com/tarif/domates-corbasi/"" target=""_blank"">domates çorbasının</a> ayrı bir yeri var diyebiliriz. Bütün <a href=""https://yemek.com/tarif/"" target=""_blank"">yemek tarifleri</a>nin arasında yeri ayrı.</p>
<p>Hele ki dumanı üstünde ev yapımı domates çorbası yok mu..Gelin onu güzelleyelim bir parça. Domates çorbası tarifi kaşar peynirsiz olmaz. Bazen yerini krema alabilir ama domates çorbasını özel kılan ilk kaşıkla birlikte uzayıp giden kaşar peyniridir. Onu toparlaması ve sağa sola bulaştırmadan yenilmesi ayrı bir maceradır. <a href=""https://yemek.com/tarif/baharatli-kruton/"" target=""_blank"">Kızarmış ekmek dilimleri</a> hatta mümkünse <a href=""https://yemek.com/tarif/sarimsakli-ekmek/"" target=""_blank"">sarımsaklı ekmekler</a> çorbaya ayrı bir tat katar. Soğuk kış günlerinin keyfi böyle böyle çıkar.</p>
<p>Siz de bu <a href=""https://yemek.com/tarif/kolay-domates-corbasi/"" target=""_blank"">kolay domates çorbası</a> tarifiyle sevdiklerinizin içini ısıtabilir; onu sandığınızdan çok daha kolay ve pratik bir şekilde yapabilirsiniz. Şimdiden afiyet olsun!</p>
<p>&nbsp;</p>
",recipe,"['tereyağı', 'tuz', 'un', 'sıcak et suyu', 'sıcak süt', 'rendelenmiş kaşar peyniri', 'domates']","['Tereyağını tavada eritin.', 'Unu ekleyip kokusu çıkana kadar kısık ateşte kavurun.', 'Rendelenmiş domatesleri kavrulmuş un karışımına ekledikten sonra 5 dakika kadar pişirin.', 'Üzerine sıcak et suyunu ve tuzu ilave edin. Kesilmemesi için küçük bir cezvede ısıttığınız sütü azar azar ekleyip hızlıca karıştırın.', 'Çorbayı kaynayana kadar orta ateşte ardından da kısık ateşte 15 dakika kadar pişirin. Daha pürüzsüz bir kıvam alması için blenderdan geçirin. Servis kaselerine aldığınız çorbayı, rendelenmiş kaşar peynir ilavesiyle sıcak olarak servis edin.\xa0Afiyet olsun!']",ÇORBA,,/tarif/corba/,"['Çorba', 'Video', 'Mevsiminde']","['akşam yemeği', 'öğle yemeği']","['Öğle Yemeği', 'Akşam Yemeği']",['Tencere'],"['Ekonomik', 'Vejetaryen']",False,1800,1800,2022-03-18T15:00:23Z,4.0,2396278,8509,False,True,True,0,,0,,,,2022/03/domates-corbasi-sevgililer-gunu-gorsel.jpg,0,0,https://cdn.yemek.com/mnresize/940/940/uploads/2022/03/domates-corbasi-sevgililer-gunu-gorsel.jpg,940,940,False,https://cdn.yemek.com/mncrop/300/200/uploads/2022/03/domates-corbasi-sevgililer-gunu-gorsel.jpg,300,200,True,https://cdn.yemek.com/mncrop/940/625/uploads/2022/03/domates-corbasi-sevgililer-gunu-gorsel.jpg,940,625,True,https://cdn.yemek.com/mncrop/620/388/uploads/2022/03/domates-corbasi-sevgililer-gunu-gorsel.jpg,620,388,True,https://cdn.yemek.com/mncrop/600/315/uploads/2022/03/domates-corbasi-sevgililer-gunu-gorsel.jpg,600,315,True,['tencere'],greenLight,"['Haziran', 'Temmuz', 'Ağustos', 'Eylül']",,,
6,72,Yasemin Özaltın,https://cdn.yemek.com/author/35533/20181219061403_avatar.jpg,/profil/yasemingursurer/,En Gerçek Tarifiyle: Ezogelin Çorbası,Ezogelin Çorbası,/tarif/ezogelin-corbasi/,45 dk,15 dk,"<p>Türk mutfağına özgü, buram buram Anadolu kokan, binlerce yıllık bir <a href=""https://yemek.com/tarif/corba/"" target=""_blank"">çorba tarifiyle</a> karşınızdayız. <a href=""https://yemek.com/tarif/"" target=""_blank"">Yemek tarifleri</a> arasından seçtiğiniz ana yemek ne olursa olsun, ona mutlaka yakışacak olan ezogelin çorbasından bahsediyoruz. Siz de bu kolay ev yapımı ezogelin çorbasıyla sofralarınızı sıcacık yapabilirsiniz.</p>
<p>Ezogelin çorbası tarifi; yüksek oranda bereket içerir. Besleyicidir, lezzetlidir, pratiktir. Tüm bunların yanı sıra <a href=""https://yemek.com/tarif/mercimek-corbasi/"" target=""_blank"">mercimek çorbası</a> ile olan amansız rekabetiyle, bütün kebapçıların olmazsa olmaz çorbası olma özelliğini taşır. Hastalıklara karşı amansızca savaşır, siz iyi olun diye varını yolunu ortaya koyar. Tırnak pide ya da <a href=""https://yemek.com/tarif/bazlama/"" target=""_blank"">bazlama</a>yı çok sever.</p>
<p>Ezogelin çorbasını Türk mutfak tarihine kazandıran ve çorbaya adını veren Gaziantep’in Uruş (Dokuzyol) köyünde yaşamış olan Ezo Gelin’e şükranlarımızı sunarız. Merak edenler varsa ezogelin çorbasının hikayesi hemen şurada: <a href=""https://yemek.com/ezogelin-corbasinin-hikayesi/"" target=""_blank"">Hikayesi de Lezzeti Kadar Anadolu: Ezogelin Çorbasının Hikayesi</a></p>
<p>O zaman adım adım resimli ve videolu ezogelin çorbası yapılışı ve tarifi sizi bekler. <img src=""https://cdn.yemek.com/assets/images/smiley/wink.png"" class=""wp-smiley img-responsive"" /></p>
",recipe,"['kırmızı mercimek', 'pirinç', 'bulgur', 'kuru soğan', 'tereyağı', 'sıcak su', 'nane', 'tuz', 'limon suyu', 'pul biber', 'domates salçası']","['Sıcak suyu geniş bir tencerede kaynatın. Yıkayıp suyunu süzdürdüğünüz 2 çay bardağı kırmızı mercimeği tencereye aktarın.', '3 yemek kaşığı pirinci, 2 yemek kaşığı bulguru ve 1 tatlı kaşığı tuzu tencereye aktarın.', 'Yaklaşık 35 dakika, kırmızı mercimekler yumuşayana kadar pişirin.', 'Ayrı bir tavada 1 yemek kaşığı tereyağını eritin.', 'Üzerine 1 adet küp doğranmış kuru soğanı ekleyin ve kavurmaya başlayın.', 'Kavrulan soğanlara 1 tatlı kaşığı domates salçasını ekleyin.', '1 tatlı kaşığı naneyi ekleyip, 2 dakika daha kavurun.', 'Kavrulan sosunuzu ocaktan alın.', 'Bakliyatları kaynattığınız tencereye kavrulan salçalı soğan karışımı ekleyin.', 'Sonra hızlıca karıştırdığınız çorbayı 10 dakika daha pişirin.', 'Limon suyu ve pul biber ilavesiyle sıcak olarak servis edin.\xa0Afiyet olsun!']",ÇORBA,,/tarif/corba/,"['Çorba', 'Ramazan', 'Video']","['ekonomik', 'öğle yemeği']","['Öğle Yemeği', 'Ara Öğün', 'Akşam Yemeği']",['Tencere'],"['Ekonomik', 'Vejetaryen']",False,2700,900,2019-04-10T08:00:07Z,4.0,2061511,10279,False,True,True,0,,0,,,,2014/06/ezogelin-corbasi-yemekcom.jpg,0,0,https://cdn.yemek.com/mnresize/940/940/uploads/2014/06/ezogelin-corbasi-yemekcom.jpg,940,940,False,https://cdn.yemek.com/mncrop/300/200/uploads/2014/06/ezogelin-corbasi-yemekcom.jpg,300,200,True,https://cdn.yemek.com/mncrop/940/625/uploads/2014/06/ezogelin-corbasi-yemekcom.jpg,940,625,True,https://cdn.yemek.com/mncrop/620/388/uploads/2014/06/ezogelin-corbasi-yemekcom.jpg,620,388,True,https://cdn.yemek.com/mncrop/600/315/uploads/2014/06/ezogelin-corbasi-yemekcom.jpg,600,315,True,['tencere'],greenLight,,,,
7,247,Yasemin Özaltın,https://cdn.yemek.com/author/35533/20181219061403_avatar.jpg,/profil/yasemingursurer/,Tam Ölçülü: Pancake (Pankek),Pancake (Pankek),/tarif/pancake/,20 dk,20 dk,"<p>Bizim kültürümüzde <a href=""https://yemek.com/tarif/akitma/"" target=""_blank"">akıtma</a> ya da <a href=""https://yemek.com/tarif/krep"" target=""_blank"">krep</a> olarak bilinen hamur işinin biraz daha kalını ve kahvaltıların yıldızıdır pankek. Peynirli, zeytin ezmeli tuzlu çeşitleri yapılabileceği gibi çikolata kremalı ve meyveli çeşitlerini de aynı tarifle kolaylıkla hazırlayabilirsiniz. <a href=""https://yemek.com/tarif/kahvaltiliklar/"" target=""_blank"">Kahvaltılık tarif</a> aradığınızda eliniz bu tarife hemen gidecek.</p>
<p>Bu kahvaltılık <a href=""https://yemek.com/tarif/kolay-pankek/"" target=""_blank"">kolay pankek tarifi</a>nde pankek hamurunun nasıl yapılacağından <strong>tavada pankek yapmanın püf noktalarına</strong> kadar her şeyi bulabilecek, evde pankek yapımının tüm inceliklerini öğreneceksiniz.</p>
<p>Pancake tarifi gerçekten oldukça basit. Yumurta, un, kabartma tozu, toz şeker, süt, ayçiçek yağı gibi temel malzemeler içeriyor bu <strong>pratik hamur işi</strong>. Servis esnasında meyve dilimleri, eritilmiş çikolata çeşitleri, sosları oldukça yakışıyor. Akçaağaç şurubuyla da çok iyi gittiğini söylemeden geçmeyelim.</p>
<p>4 kişilik pankek nasıl yapılır diyenler için adım adım resimli ve videolu pancake tarifiyle en güzel pankekler hep sizin mutfaktan çıkacak! <img src=""https://cdn.yemek.com/assets/images/smiley/smile.png"" class=""wp-smiley img-responsive"" /></p>
",recipe,"['tuz', 'yumurta', 'toz şeker', 'ayçiçek yağı', 'ayçiçek yağı', 'süt', 'un', 'kabartma tozu', 'bal', 'vanilin']","['Pankek tarifi için derin bir karıştırma kabında 2 yumurta ve yarım su bardağı şekeri alın.', 'Şeker eriyene ve karışım krema kıvamını alana kadar\xa0çırpın.', 'Yumurtalı karışımın üzerine, 2 yemek kaşığı sıvı yağ ve 1,5 su bardağı sütü de koyup tekrar çırpın.', '2 su bardağı un, 1 paket kabartma tozu, 1 paket vanilin ve bir tutam tuzu da eleyerek karışımın içerisine ekleyin.', 'Pürüzsüz bir kıvam alana kadar çırpın.', 'İlk pankeki pişirmek için; krep tavasını ayçiçek yağı ile yağlayın. Kızdırdığınız tavaya küçük bir kepçe ya da bir kahve fincanı kadar pankek harcını aktarın.', 'Ocağın altını kısın. Pankeki, üzeri göz göz olana kadar pişirin. Bir spatula yardımıyla çevirdiğiniz pankekin diğer tarafını da aynı şekilde pişirin.', 'Krep tavasını arada yağlayarak pankek harcı bitene kadar aynı işlemi tekrarlayın.', 'Servis tabağına aldığınız pankeklerin üzerine tereyağı koyup bal gezdirebilirsiniz, afiyet olsun.']",KAHVALTILIK,239b56,/tarif/kahvaltiliklar/,"['Kahvaltılık', 'Video']","['kahvaltı', 'çay saati']","['Kahvaltı', 'Çay Saati']",['Tava'],"['Ekonomik', 'Vejetaryen']",False,1200,1200,2022-03-10T07:30:22Z,4.0,2051860,12838,False,True,True,0,,0,,,,2014/07/pancake-yemekcom.jpg,0,0,https://cdn.yemek.com/mnresize/940/940/uploads/2014/07/pancake-yemekcom.jpg,940,940,False,https://cdn.yemek.com/mncrop/300/200/uploads/2014/07/pancake-yemekcom.jpg,300,200,True,https://cdn.yemek.com/mncrop/940/625/uploads/2014/07/pancake-yemekcom.jpg,940,625,True,https://cdn.yemek.com/mncrop/620/388/uploads/2014/07/pancake-yemekcom.jpg,620,388,True,https://cdn.yemek.com/mncrop/600/315/uploads/2014/07/pancake-yemekcom.jpg,600,315,True,,,,['Amerika Birleşik Devletleri'],,
8,188,Yasemin Özaltın,https://cdn.yemek.com/author/35533/20181219061403_avatar.jpg,/profil/yasemingursurer/,"Kabardıkça Kabarır, Şerbetini Tam Çeker: Revani",Revani,/tarif/revani/,30 dk,35 dk,"<p>Bugün akşam yemeğine en lezzetli <a href=""https://yemek.com/ramazan-tatlilari/"" target=""_blank"">ramazan tatlılarından</a> biri olan revaniyi koyacağız. Revani tarifini uygularken bir yandan saray mutfağının bize Osmanlı'dan kalan en yadigar şeylerden biri olduğunu hatırlayacağız. Yaptığımız <a href=""https://yemek.com/tarif/"" target=""_blank"">yemek tariflerine</a> tatlı olarak onu çok yakıştıracağız. <a href=""https://yemek.com/tarif/tatli/"" target=""_blank"">Tatlı tariflerinin</a> arasında en çok sevdiklerimiz arasına ekleyeceğiz.</p>
<p>Klasik revaniyi evde pratik bir şekilde yapabilmek mümkün aslında. <strong>""Revani tatlısı nasıl yapılır""</strong> sorusunun hemen aşağıda adım adım resimli cevabını bulabileceğiniz nefis irmikli ve tam ölçülü evde kolay <a href=""https://yemek.com/tarif/muhallebili-revani/"" target=""_blank"">revani</a> yapımı tarifimizin bir püf noktası var bilinmesi gereken: Tahmin edeceğiniz gibi <a href=""https://yemek.com/tarif/serbetli-tatlilar/"" target=""_blank"">şerbetli tatlılardan</a> revaninin kıvamı önemli, onu da bir kaşık yardımıyla alacağınız şerbeti parmağınıza damlatıp, damlanın yayılıp yayılmadığını görerek anlayabilirsiniz. Eğer şerbet damlası yayılmıyorsa kıvamı tutmuş, revani yapımı için hazır hale gelmiş demektir. Böylelikle <strong>""Revani şerbeti nasıl dökülür, revani şerbeti nasıl olmalı?""</strong> sorusunun cevabını merak edenleri de rahatlatmış olduk.</p>
<p>Şerbetin yoğunluğu ile kekinin kabarıklığı için düşündüğümüz revani yapımı püf noktalarını tarif kısmında bulabilirsiniz. <a href=""https://yemek.com/revani-tarifleri/"" target=""_blank"">Farklı revani tarifleri</a> ve çok sevilen <a href=""https://yemek.com/tarif/hashasli-revani/"" target=""_blank"">haşhaşlı revani</a> tarifimizi de şöyle bırakalım.</p>
<p>O halde lafı daha fazla uzatmayalım, sizi en güzel revani tarifiyle baş başa bırakalım.</p>
",recipe,"['limon suyu', 'yumurta', 'toz şeker', 'toz şeker', 'ayçiçek yağı', 'un', 'kabartma tozu', 'su', 'yoğurt', 'irmik', 'rendelenmiş Hindistan cevizi', 'vanilin']","['Tatlının şerbetini hazırlamak için;\xa03 su bardağı su ve 2,5 su bardağı toz şekeri\xa0bir tencereye aktarın.', 'Kısık ateşte yaklaşık 30 dakika kadar kaynattıktan sonra limon suyunu ekleyin ve ılınması için ocaktan alın.', '3 yumurta bir kabın içerisine aktarın.', 'Üzerine 1 çay bardağı toz şekeri bir mikser yardımıyla toz şeker tamamen eriyene kadar karıştırın.', '1 çay bardağı ayçiçek yağı, 1 su bardağı yoğurt ve 1 su bardağı irmiği de ekledikten sonra tekrar karıştırın.', 'Son olarak 1,5 su bardağı\xa0un, 1 paket kabartma tozu ve 1 paket vanilini de karışıma ekledikten sonra çırpma işlemini sürdürün.', 'Yağlanmış fırına dayanıklı kalıbın içerisine hazırladığınız revani karışımını dökün.', 'Önceden ısıtılmış 180 derece fırında\xa025-30 dakika kadar pişirin.\xa0Fırından çıkardığınız revaninin ilk sıcaklığı geçtikten sonra oda sıcaklığında soğumuş şerbeti üzerine dökün ve şerbeti çekene kadar yaklaşık 1-2 saat bekleyin.', 'Ardından bıçak yardımıyla revaniyi dilimleyin.', 'Dilimlediğiniz ılık tatlıya rendelenmiş Hindistan cevizi serpiştirip servis edin. Afiyet olsun!']",ŞERBETLİ TATLI,239b56,/tarif/serbetli-tatlilar/,"['Tatlı', 'Şerbetli Tatlı', 'Ramazan', 'Video']","['ekonomik', 'çay saati']",['Çay Saati'],"['Fırın', 'Tencere']",,False,1800,2100,2022-04-20T11:00:29Z,4.0,2029239,5485,False,True,True,0,,0,,,,2014/06/revani-yemekcom.jpg,0,0,https://cdn.yemek.com/mnresize/940/940/uploads/2014/06/revani-yemekcom.jpg,940,940,False,https://cdn.yemek.com/mncrop/300/200/uploads/2014/06/revani-yemekcom.jpg,300,200,True,https://cdn.yemek.com/mncrop/940/625/uploads/2014/06/revani-yemekcom.jpg,940,625,True,https://cdn.yemek.com/mncrop/620/388/uploads/2014/06/revani-yemekcom.jpg,620,388,True,https://cdn.yemek.com/mncrop/600/315/uploads/2014/06/revani-yemekcom.jpg,600,315,True,,,,,,
9,2744,Cemre Özgüzel,https://cdn.yemek.com/author/109/20200211010242_avatar.jpg,/profil/cemre-ozguzel/,Az Malzemeyle Mükemmel Kıvam: Muhallebi,Muhallebi,/tarif/muhallebi/,15 dk,5 dk,"<p>Çocukluğumuzdan beri damağımızın alışık olduğu bir <a href=""https://yemek.com/tarif/tatli/"" target=""_blank"">tatlı tarifi</a> muhallebi. <strong>Pirinç unuyla hazırlanan muhallebi tarifler</strong>i olsa da kıvamı nişastayla bağlandığında bir o kadar güzel olur tadı. Öylesine yalın ve naif bir tattır ki kuru yemişler, çikolata ve çeşitli meyve sosları eşliğinde farklı tariflere bürünür.</p>
<p>Yaz sıcağına yakışır muhallebi tatlısı, keyfi kaşıklanır. Üzerine toz tarçınla yapabileceğiniz süslemelerle de saygı uyandırır. Başarıyla uygulanmış bir sütlü muhallebi tarifini tamamlayıcı nitelikte olan bu süslemeler ise tamamen sizin yaratıcılığınıza kalmış. <a href=""https://yemek.com/tarif/sutlu-tatlilar/"" target=""_blank"">Sütlü tatlıların </a>en kolay ve ekonomiği olan <strong>muhallebi tarifi</strong>mizle keyif dolu dakikalar yaşayabilirsiniz.</p>
<p>Biz sade muhallebi hazırladık ama diğer muhallebi çeşitleri için sizi şu tariflerimize de bekleriz: <a href=""https://yemek.com/muhallebi-tarifleri/"" target=""_blank"">Sıcak Yaz Günlerinde Midenizi Yormayarak Sizi Mutlu Edecek 17 Muhallebi Tarifi</a></p>
<p>En güzel muhallebinin sizin elinizden çıkmasını sağlayacak olan bu tarifi ister bardakta, ister kupta, ister fincanda servis edebilirsiniz. Hazırsanız pratik ve <a href=""https://yemek.com/tarif/kolay-muhallebi/"" target=""_blank"">kolay muhallebi</a> tarifimizle başbaşa bırakalım sizi.</p>
",recipe,"['tereyağı', 'toz şeker', 'süt', 'un', 'toz Antep fıstığı', 'buğday nişastası', 'muz', 'vanilin']","['5\xa0su bardağı soğuk sütü geniş bir tencereye aktarın.\xa0Yarım çay bardağı un, 3 yemek kaşığı buğday nişastası ve 1 su bardağı toz şekeri ilave ettikten sonra ocağın altını açın.', 'Ara ara karıştırarak koyu bir kıvam alana kadar pişirin.', 'Kıvam alan muhallebinin altını kapatın.', 'Henüz sıcakken içerisine\xa01 tatlı kaşığı tereyağı ve 1 paket vanilin ilave ederek çırpın.', 'Ardından servis kaselerine paylaştırın ve soğutun.', 'Antep fıstığıyla süsleyip tatlandırdığınız muhallebileri soğuk olarak sevdiklerinizle paylaşın.']",SÜTLÜ TATLI,239b56,/tarif/sutlu-tatlilar/,"['Tatlı', 'Ramazan', 'Sütlü Tatlı', 'Video']","['pratik yemek tarifleri', 'çay saati']",['Çay Saati'],['Tencere'],['Ekonomik'],False,900,300,2019-04-04T08:57:18Z,4.0,1868226,4584,False,True,True,0,,0,,,,2015/06/muhallebi-yemekcom.jpg,0,0,https://cdn.yemek.com/mnresize/940/940/uploads/2015/06/muhallebi-yemekcom.jpg,940,940,False,https://cdn.yemek.com/mncrop/300/200/uploads/2015/06/muhallebi-yemekcom.jpg,300,200,True,https://cdn.yemek.com/mncrop/940/625/uploads/2015/06/muhallebi-yemekcom.jpg,940,625,True,https://cdn.yemek.com/mncrop/620/388/uploads/2015/06/muhallebi-yemekcom.jpg,620,388,True,https://cdn.yemek.com/mncrop/600/315/uploads/2015/06/muhallebi-yemekcom.jpg,600,315,True,,,,,,
10,4172,ipeksare,https://cdn.yemek.com/author/262494/20200820091315_avatar.jpg,/profil/ipeksare/,Tane Tane Dökülür: Pirinç Pilavı,Pirinç Pilavı,/tarif/pirinc-pilavi/,20 dk,15 dk,"<p>Türlü türlü <a href=""https://yemek.com/tarif/"" target=""_blank"">yemek tariflerini</a> tamamlayan, <a href=""https://yemek.com/tarif/kuru-fasulye/"" target=""_blank"">kuru fasulye</a>-turşu ikilisine komşu olan, bir dönem yoğurtla takılan, <a href=""https://yemek.com/tarif/anne-koftesi/"" target=""_blank"">köfte patates</a> sevdalısı pilav... Kaşıktan tel tel dökülen pilav... Aromatik sebze ve kuru baharatlarla ev yapımı tavuk suyunuzu kendiniz hazırlayın bir güzel, ortalama pirinç çeşitlerine göre bir ölçü pirince bir buçuk ölçü su kullanacağınızı düşünün.</p>
<p>Yanma derecesini yükseltmek için tereyağını az miktarda ayçiçek yağıyla kavurun. Az miktarda arpa ya da tel şehriyeyi kavurup berrak su çıkana kadar duruladığınız pirinçleri pilav tenceresine alın. Şeffaf bir renk alana kavurup sıcak tavuk suyunu ekleyin. Tuzla tatlandırın, taze sıkılmış limon suyu, kesme şeker gibi unsurları küçük püf noktaları olarak değerlendirin pilav tarifinde. ""Pilavın tane tane olması için ne yapılır?"" diye soruyorsanız da size nefis önerilerimiz var: <a href=""https://yemek.com/pilav-nasil-yapilir/"" target=""_blank"">Tane Tane Dökülen Ev Yapımı Pilavlar İçin Demini Almış 5 Öneri</a></p>
<p>Pilavı yiyip de hemen kaçmayın, yorum bırakmayı unutmayın, yaptığınız bir değişiklik varsa bizlerle de paylaşın. Şimdiden ellerinize sağlık diyor tane tane dökülen pirinç pilavı tarifimize buyurun.</p>
<p>Farklı pilav tarifleri içinse sizi <a href=""https://yemek.com/tarif/pilav/"" target=""_blank"">şöyle</a> alalım. <img src=""https://cdn.yemek.com/assets/images/smiley/smile.png"" class=""wp-smiley img-responsive"" /></p>
",recipe,"['pirinç', 'tereyağı', 'sıcak su', 'tuz', 'karabiber']","['Uygun bir pilav tenceresinin içerisine tereyağı ekleyin.', 'Tereyağı eridikten sonra pirinçleri ekleyip kavurmaya başlayın. Pirinçler tane tane dökülmeye başlayana kadar yaklaşık 5 dakika kavurun.', 'Sıcak suyu ekleyin, tuzu ve karabiberi de ilave edin.', 'Bir kez karıştırın, kapağını kapatın ve kısık ateşte pişirin.', 'Suyunu çeken pilavın üzerine bir bez koyun ve demlenmesi için dinlendirin.', 'Biraz et ya da tavuk ile servis edebilirsiniz. Afiyet olsun!']",PİLAV,239b56,/tarif/pilav/,"['Pilav', 'Video']","['ekonomik', 'akşam yemeği', 'öğle yemeği']","['Öğle Yemeği', 'Akşam Yemeği']",['Tencere'],['Ekonomik'],False,1200,900,2020-09-02T06:35:37Z,4.0,1783014,2538,False,True,True,0,,0,,,,2020/09/pirinc-pilavi-yemekcom.jpg,0,0,https://cdn.yemek.com/mnresize/940/940/uploads/2020/09/pirinc-pilavi-yemekcom.jpg,940,940,False,https://cdn.yemek.com/mncrop/300/200/uploads/2020/09/pirinc-pilavi-yemekcom.jpg,300,200,True,https://cdn.yemek.com/mncrop/940/625/uploads/2020/09/pirinc-pilavi-yemekcom.jpg,940,625,True,https://cdn.yemek.com/mncrop/620/388/uploads/2020/09/pirinc-pilavi-yemekcom.jpg,620,388,True,https://cdn.yemek.com/mncrop/600/315/uploads/2020/09/pirinc-pilavi-yemekcom.jpg,600,315,True,['tencere'],,,,,
11,313,Yasemin Özaltın,https://cdn.yemek.com/author/35533/20181219061403_avatar.jpg,/profil/yasemingursurer/,Yağ Çekmeden Pişer: Mücver,Mücver,/tarif/mucver/,15 dk,15 dk,"<p>Türk mutfağının, mutfağımıza ait tüm <a href=""https://yemek.com/tarif/"" target=""_blank"" rel=""noopener"">yemek tariflerinin</a> uzağında ama çok sevilen kuzeni ya da teyzesidir mücver tarifi. Her öğün göremezsin, her akşam yemezsin, yiyemezsin. Ancak her gördüğünde mutlu olursun; daha çok görmek istersin. Özeldir, yeri ayrıdır. Herkes güzelini yapamaz.</p>
<p>Arzu ettiğiniz yeşillik, patates, havuç hatta kereviz gibi <a href=""https://yemek.com/tarif/sebze/"" target=""_blank"" rel=""noopener"">sebze</a>leri de ekleyerek hazırlayabileceğiniz bir <a href=""https://yemek.com/tarif/atistirmaliklar/"" target=""_blank"" rel=""noopener"">atıştırmalık</a>, kolay mücver tarifimiz var. Ne güzel olur <strong>kabak mücveri</strong>, küçük püf noktaları vardır onun. Çok fazla yağ çekmemesi için yağı önceden kızdırmalı, rendelenmiş sebzelerin suyunu sıkmalı, sebzelerin taze olmasına dikkat etmeli örneğin.</p>
<p>Anne eli değmiş mücver, bu tarifte biraz daha renk kazanıyor. Yeşillik ve kabakların yanına havuç da katılıyor. Ana yemeğiniz ne olursa olsun bugün sofranızda <strong>kızarmış çıtır mücverler</strong> de yer alsın bizce.</p>
<p>Daha fazla mücver çeşidi görmek isteyenleri ise şöyle alabiliriz: <a href=""https://yemek.com/mucver-tarifleri/"" target=""_blank"" rel=""noopener"">Mücver Tarifleri</a></p>
<p>Kızartmalardan uzak duruyorsanız sizi fırında kabak mücveri tarifimize şuradan davet edelim: <a href=""https://yemek.com/tarif/firinda-mucver/"" target=""_blank"" rel=""noopener"">Fırında Mücver Tarifi, Nasıl Yapılır?</a></p>
<p>Videolu tarifimize aşağıya bırakıyoruz. Keyfini çıkarmanız dileğiyle!</p>",recipe,"['tuz', 'yumurta', 'un', 'karabiber', 'havuç', 'taze soğan', 'kabak', 'dereotu', 'sıvı yağ']","['<p>Mücver için bol suda yıkadığınız kabakları rendenin\xa0iri kısmıyla rendeleyin.\xa0Mücveri sulandırmaması için; rendelenmiş kabakların suyunu sıkarak çıkartın.</p>', '<p>Geniş bir kapta rendelenen kabakları, havucu, yumurtayı, taze soğanı, dereotunu, tuzu, karabiberi birleştirin.</p>', '<p>Unu da ilave edip tüm malzemeler birbiriyle harmanlayın.</p>', '<p>Tüm malzemeler macun kıvamını alana kadar spatula yardımıyla karıştırın.</p>', '<p>Her bir mücver 1 tepeleme yemek kaşığı olacak şekilde ayarlayıp tavaya dökün.</p>', '<p>Kızgın yağda altın sarısı rengini alana kadar kızartın. Mücverlerin fazla yağını havlu kağıda süzdürdükten sonra servis tabağına alın ve çırpılmış yoğurt ile servis edin. Afiyet olsun!</p>']",SEBZE,239b56,/tarif/sebze/,"['Sebze', 'Özel Beslenme', 'Vejetaryen', 'Video', 'Kızartma', 'Mevsiminde']",,['Çay Saati'],['Kızartma'],"['Ekonomik', 'Vejetaryen']",False,900,900,2021-11-09T03:30:59Z,4.0,1738171,11618,False,True,True,0,,0,,,,2014/07/mucver-ytk-site.jpg,0,0,https://cdn.yemek.com/mnresize/940/940/uploads/2014/07/mucver-ytk-site.jpg,940,940,False,https://cdn.yemek.com/mncrop/300/200/uploads/2014/07/mucver-ytk-site.jpg,300,200,True,https://cdn.yemek.com/mncrop/940/625/uploads/2014/07/mucver-ytk-site.jpg,940,625,True,https://cdn.yemek.com/mncrop/620/388/uploads/2014/07/mucver-ytk-site.jpg,620,388,True,https://cdn.yemek.com/mncrop/600/315/uploads/2014/07/mucver-ytk-site.jpg,600,315,True,,,"['Haziran', 'Temmuz', 'Ağustos']",,,
12,274,Yasemin Özaltın,https://cdn.yemek.com/author/35533/20181219061403_avatar.jpg,/profil/yasemingursurer/,10 Dakikada Hazır: Kısır,Kısır,/tarif/kisir/,10 dk,10 dk,"<p>El altında bulunan belli başlı malzemeler ile kısa sürede hazırlanan, besleyici, renkli mi renkli, gün lezzetlerinin olmazsa olmazı kısır tarifi ile karşınızdayız bugün. <strong><a href=""https://yemek.com/tarif/"" target=""_blank"">Yemek tariflerinin</a></strong> altın gününe en çok yakışanı olur aynı zamanda kendisi. 'En güzel <strong>kısır tarifi</strong> benimki!' demek için bu tarifi defterinize mutlaka kaydedin deriz.</p>
<p>Biliyoruz aklınızda ""Evde kısır nasıl yapılır?"", ""<strong>Kısır hangi bulgurla yapılır?</strong>"", ""En güzel kısır nasıl yapılır?"" gibi sorular var. <strong>Tam ölçülü ve sadece 10 dakikada hazır olan</strong>, yedikçe yediren kısır tarifimizde kısır yapmanın tüm püf noktalarını bulacak, adım adım resimli anlatımı sayesinde mutfakta hiç de zorlanmayacaksınız.</p>
<p>Kısırın yanına <a href=""https://yemek.com/tarif/kek/"" target=""_blank"">kekler</a> ve <a href=""https://yemek.com/tarif/borek/"" target=""_blank"">börekler</a> de hazırsa, <strong>çay</strong> demlenmeden hazır olan bu çok <strong>pratik kısır tarifine</strong> öyleyse buyurunuz.</p>
",recipe,"['sıcak su', 'tuz', 'limon suyu', 'pul biber', 'maydanoz', 'zeytinyağı', 'domates salçası', 'ince bulgur', 'taze soğan', 'nar ekşisi', 'taze nane']","['Kısır tarifi için 2 su bardağı ince bulguru geniş bir kaseye alın. Üzerine 1,5 su bardağı sıcak suyu ekleyin.', 'Streç film ile üzerini kapatıp bulgurların şişmesini bekleyin. Yaklaşık 10-15 dakika bulgurlar şiştikten sonra tane tane olması için güzelce karıştırın.', 'Üzerine 2 yemek kaşığı domates salçası ve 1 çay bardağı zeytinyağını ekleyin.', '1 tatlı kaşığı tuz, 1 tatlı kaşığı pul biber, 2 limonun suyu ve yarım çay bardağı nar ekşisini de ekleyin.', 'Son olarak doğradığınız 6 dal taze soğanı, yarım demet taze nane ve maydanozu da ekleyip karıştırdıktan sonra kısır servise hazır.', 'Yanında marullarla ya da dilediğiniz malzemelerle servis edebilirsiniz. Afiyet olsun!']",SALATA,239b56,/tarif/salata/,"['Özel Beslenme', 'Vejetaryen', 'Atıştırmalık', 'Salata', 'Vegan', 'Video', 'Tuzlu Atıştırmalık']","['ara öğün', 'öğle yemeği', 'çay saati']","['Öğle Yemeği', 'Ara Öğün', 'Çay Saati']",,"['Ekonomik', 'Vejetaryen', 'Bol Lifli', 'Düşük Kalorili']",False,600,600,2022-03-18T13:30:13Z,4.0,3168559,10581,False,True,True,0,,0,,,,2014/07/kisir-yemekcom.jpg,0,0,https://cdn.yemek.com/mnresize/940/940/uploads/2014/07/kisir-yemekcom.jpg,940,940,False,https://cdn.yemek.com/mncrop/300/200/uploads/2014/07/kisir-yemekcom.jpg,300,200,True,https://cdn.yemek.com/mncrop/940/625/uploads/2014/07/kisir-yemekcom.jpg,940,625,True,https://cdn.yemek.com/mncrop/620/388/uploads/2014/07/kisir-yemekcom.jpg,620,388,True,https://cdn.yemek.com/mncrop/600/315/uploads/2014/07/kisir-yemekcom.jpg,600,315,True,"['vejetaryen', 'bol lifli', 'glutensiz']",,,,,
13,2586,Yasemin Özaltın,https://cdn.yemek.com/author/35533/20181219061403_avatar.jpg,/profil/yasemingursurer/,Puf Puf: Mayalı Poğaça,Mayalı Poğaça,/tarif/mayali-pogaca/,25 dk,20 dk,"<p>Fırından çıkmış sıcacık <strong>mayalı poğaça</strong> puf puf kabardıysa eğer insan önemsemez ki neli olduğunu... Mis gibi bir kahvaltılık olur, peynir ve diğer tüm <a href=""https://yemek.com/tarif/kahvaltiliklar/"" target=""_blank"" rel=""noopener"">kahvaltılıklar</a> yanına sonradan eklense de olur. <a href=""https://yemek.com/tarif/pogaca/"" target=""_blank"" rel=""noopener"">Poğaça tariflerinin</a> en nefislerinden mayalı poğaça tarifinde ne mi var? Yaş maya var bu poğaça tarifinde. Kendisi ılık su, ılık süt ve toz şekerle bir araya gelip bir güzel kabarıyor ve tüm poğaça hamuru istila ediyor sonrasında. Kabına sığmayan <a href=""https://yemek.com/tarif/yumusak-pogaca/"" target=""_blank"" rel=""noopener"">yumuşak poğaça</a>lar kabardıkça kabarıyor, size de onları afiyetle yemek düşüyor.</p>
<p>Ağzı kapalı bir kapta muhafaza edilirse kolay kolay da bayatlamaz mayalı poğaçalar.</p>
<p>Bu arada daha fazla yemek tarifi için: <a href=""https://yemek.com/tarif/"" target=""_blank"" rel=""noopener"">Yemek tarifleri</a></p>",recipe,"['tuz', 'yumurta', 'toz şeker', 'un', 'yumurta sarısı', 'ılık su', 'susam', 'ılık süt', 'yaş maya', 'sıvı yağ']","['<p>Mayalı poğaça için 1 su bardağı ılık su ve 1 su bardağı ılık sütü geniş bir karıştırma kabına alın. 1 paket yaş maya ve 4 yemek kaşığı toz şekeri ekleyip karıştırdıktan sonra mayanın aktive olması için 5 dakika kadar bekletin.</p>', '<p>Maya tamamen eridikten sonra 1 su bardağı sıvı yağ , 1 adet yumurta ve 2 çay kaşığı tuzu ekleyin.</p>', '<p>Unu azar azar ekleyip hamuru toparlanana kadar yoğurmaya başlayın.</p>', '<p>Yumuşak ve yapışmayacak bir kıvamda bir hamur elde ettiğiniz zaman üzerini streç film ve nemli bir bezle kapatıp 40-45 dakika kadar oda ısısında mayalanmaya bırakın.</p>', '<p>Mayalanan hamurdan yumurta büyüklüğünde parçalar kopartıp avuç içinizde yuvarlayarak şekil verin.</p>', '<p>Tepsiye aralıklı olarak dizdiğiniz mayalı hamurların üzerine yumurta sarısı sürün.</p>', '<p>Son mayalandırma işlemi için 10-15 dakika kadar poğaçaları tepside bekletin ve önceden ısıtılmış 190 derece fırında 20 dakika kadar pişirin. Puf puf kabarmış mayalı poğaçalar hazır, afiyet olsun!</p>']",POĞAÇA,239b56,/tarif/pogaca/,"['Hamur İşi', 'Kahvaltılık', 'Poğaça', 'Video']",,"['Kahvaltı', 'Çay Saati']",['Fırın'],['Ekonomik'],False,1500,1200,2015-05-26T07:17:00Z,4.0,2702715,10778,False,True,True,0,,0,,,,2015/05/mayali-pogaca-yemekcom.jpg,0,0,https://cdn.yemek.com/mnresize/940/940/uploads/2015/05/mayali-pogaca-yemekcom.jpg,940,940,False,https://cdn.yemek.com/mncrop/300/200/uploads/2015/05/mayali-pogaca-yemekcom.jpg,300,200,True,https://cdn.yemek.com/mncrop/940/625/uploads/2015/05/mayali-pogaca-yemekcom.jpg,940,625,True,https://cdn.yemek.com/mncrop/620/388/uploads/2015/05/mayali-pogaca-yemekcom.jpg,620,388,True,https://cdn.yemek.com/mncrop/600/315/uploads/2015/05/mayali-pogaca-yemekcom.jpg,600,315,True,,,,,,
14,3548,Yasemin Özaltın,https://cdn.yemek.com/author/35533/20181219061403_avatar.jpg,/profil/yasemingursurer/,Tül Gibi İncecik: Krep,Krep,/tarif/krep/,20 dk,5 dk,"<p>Krep, <a href=""https://yemek.com/tarif/"" target=""_blank"">yemek tarifleri</a> ve <a href=""https://yemek.com/tarif/kahvaltiliklar/"" target=""_blank"">kahvaltılık tarifler</a> içinde en çok sevilenlerden biri. Bu yüzden mutfağa yeni giren de kahvaltıya pratik lezzetler hazırlamak isteyen de krep tarifini, <a href=""https://yemek.com/krep-yapmanin-puf-noktalari/"" target=""_blank"">krep yapmanın püf noktaları</a>nı merak ediyor; krep hamuru ve krep malzemelerini hazırlayıp kahvaltılık kreple sevdiklerini mutlu etmek istiyor.</p>
<p>Eğer siz de ""Tavada sade krep nasıl yapılır?"" konusunda meraklıysanız, <strong>evde krep yapımının püf noktalar</strong>ını öğrenmek istiyorsanız en güzel krep tarifi için aşağıya bekleniyorsunuz. Krep tarifi videomuzu da izlemeyi unutmayın der, büyüklerimizden <a href=""https://yemek.com/tarif/akitma/"" target=""_blank"">akıtma</a> olarak öğrendiğimiz şimdilerde krep diye duymaya alışık olduğumuz tül inceliğinde bu hamur işini kahvaltılarınızdan, çay saatlerinden mahrum etmeyin deriz. Eğer <a href=""https://yemek.com/tarif/2-kisilik-krep/"" target=""_blank"">2 kişilik krep</a> nasıl yapılır diyorsanız da bu tarifi yarım ölçü olarak gönül rahatlıyla hazırlayabilirsiniz.</p>
<p><strong>Kolay krep tarifi</strong> ile gelsin muhteşem kahvaltılar, lezzetli tatlılar. Paylaştığımız <a href=""https://yemek.com/krep-tarifleri/"" target=""_blank"">krep tarifleri</a> ile artık mutfakta kimse sizi tutamaz!</p>
",recipe,"['tuz', 'yumurta', 'süt', 'un', 'su', 'sıvı yağ']","['Krep tarifi için öncelikle 1 su bardağı sütü bir kaba alın.', 'Üzerine 1 su bardağı suyu derin bir karıştırma kasesine alın.', '1 yemek kaşığı sıvı yağ,\xa0 2 adet yumurta ve 1 çay kaşığı tuzu da ekleyin.', 'Üzerine 6 yemek kaşığı unu ilave edip bir çırpıcı yardımıyla iyice karıştırın.Sonra pürüzsüz bir kıvam alana kadar çırpın ve 5 dakika dinlenmeye bırakın.', 'Hazırladığınız krep harcından küçük bir kepçe kadar doldurun. Hamuru yağladığınız kızgın tavaya dökün.', 'Hafifçe sallayarak hamurun ince bir şekilde tabanına yayılmasını sağlayın.Krepleri, orta ateşte göz göz olup, renk alana kadar arkalı önlü kızartın.', 'Aralarda teflon tavayı yağlayarak, krep hamuru bitene kadar aynı işlemi tekrarlayın.', 'Pişen krepleri servis tabağına alın. Soğutmadan krepleri sevdiklerinizle paylaşın.']",KAHVALTILIK,239b56,/tarif/kahvaltiliklar/,"['Kahvaltılık', 'Video']",['kahvaltı'],"['Kahvaltı', 'Çay Saati']",['Tava'],,False,1200,300,2022-03-10T14:32:12Z,4.0,2616215,9862,False,True,True,0,,0,,,,2015/10/krep-yemekcom.jpg,0,0,https://cdn.yemek.com/mnresize/940/940/uploads/2015/10/krep-yemekcom.jpg,940,940,False,https://cdn.yemek.com/mncrop/300/200/uploads/2015/10/krep-yemekcom.jpg,300,200,True,https://cdn.yemek.com/mncrop/940/625/uploads/2015/10/krep-yemekcom.jpg,940,625,True,https://cdn.yemek.com/mncrop/620/388/uploads/2015/10/krep-yemekcom.jpg,620,388,True,https://cdn.yemek.com/mncrop/600/315/uploads/2015/10/krep-yemekcom.jpg,600,315,True,,,,,,
15,123,Yasemin Özaltın,https://cdn.yemek.com/author/35533/20181219061403_avatar.jpg,/profil/yasemingursurer/,En İyi Kıvam Onda: Mercimek Çorbası,Mercimek Çorbası,/tarif/mercimek-corbasi/,50 dk,10 dk,"<p>Yaz kış demeden her mevsim, her zaman, her durumda elimizin gittiği tariftir <strong>mercimek çorbası tarifi.</strong> En çok sevilen çorbalardan biridir o! Bu yüzden zamansız çorbadır. Belki de bütün <a href=""https://yemek.com/tarif/"" target=""_blank"">yemek tarifleri</a> için böyledir.</p>
<p>Hatta <a href=""https://yemek.com/tarif/ezogelin-corbasi/"" target=""_blank"">ezogelin çorbasıyla</a> olan mücadelesini bir kenara koyarsanız, zamansız çorbaların en güzeli, en birincisi. Bunları söylüyoruz çünkü şimdiye kadar ""<strong>en güzel mercimek çorbası</strong>"" tarifini arayıp bulamadıysanız lezzetli ve pratik bu tencerede mercimek çorbası yapımı tam size göre!</p>
<p>Lafı uzatmadan ""Mercimek çorbası nasıl yapılır?"", ""<strong>Mercimek çorbası nasıl pişirilir?</strong>"" diye merak edenleri ev usulü mercimek çorbası tarifimize alalım. Adım adım resimli anlatımı ve videosuyla her eve mis gibi kokan, şifalı mercimek çorbasını davet edelim.</p>
<p>Afiyetler olsun diyelim, eğer sizin de kendinize özel <strong>mercimek çorbası pişirme yöntemleri</strong>niz varsa yorumlarda tüm okuyucularımızla paylaşmanızı isteyelim.</p>
<p>Not: ""Mercimek çorbası tamam da ben daha fazla çorba çeşidi de görmek istiyorum"" diyenleri şöyle alalım: <a href=""https://yemek.com/tarif/corba/"" target=""_blank"">Çorba Tarifleri</a>!</p>
",recipe,"['kuru soğan', 'tereyağı', 'sıcak su', 'tuz', 'ayçiçek yağı', 'un', 'patates', 'karabiber', 'kırmızı ya da sarı mercimek', 'havuç', 'kırmızı toz biber', 'sıvı yağ']","['Derin bir tencereye 3 yemek kaşığı sıvı yağ ekleyin. İri doğranmış 1 adet büyük soğanı sıvı yağ ile birlikte kavurun.', 'Kavrulan soğanlara 1 yemek kaşığı unu ekleyin ve kokusu çıkıp, renk alana kadar kavurma işlemini sürdürün.\xa0İri parçalar halinde doğradığınız birer adet havuç ve patatesi tencereye aktarıp karıştırmaya devam edin.', 'Tuz, karabiber ve bol suda yıkadıktan sonra suyunu süzdürdüğünüz\xa01,5 su bardağı mercimeği\xa0 de ilave edin ve son kez güzelce karıştırın.', '6 su bardağı sıcak suyu da tencereye ilave edin.', 'Ardından kapağını kapatın, patates ve havuçlar yumuşayana kadar ara ara karıştırarak 40 dakika kadar pişirin.', 'Çorba piştikten sonra pürüzsüz bir kıvam alması için; el blenderından geçirin. 5 dakika daha pişirdikten sonra ocaktan alın.', '3 yemek kaşığı sıvı yağ ve 2 yemek kaşığı tereyağını bir tavada kızdırın. Üzerine 1 tatlı kaşığı toz kırmızı biberi ekleyin ve 2 dakika yağı kızdırdıktan sonra ocaktan alın.', 'Çorbayı bir kaseye alın ve üzerine kızdırdığınız yağdan gezdirip servis edin.']",ÇORBA,,/tarif/corba/,"['Çorba', 'Ramazan', 'Video', 'Bakliyat']","['akşam yemeği', 'öğle yemeği']","['Başlangıç', 'Öğle Yemeği', 'Ara Öğün', 'Akşam Yemeği']",['Tencere'],"['Ekonomik', 'Vejetaryen', 'Bol Proteinli']",False,3000,600,2022-03-31T14:25:26Z,4.0,2607774,11074,False,True,True,0,,0,,,,2014/06/mercimek-corbasi-yemekcom.jpg,0,0,https://cdn.yemek.com/mnresize/940/940/uploads/2014/06/mercimek-corbasi-yemekcom.jpg,940,940,False,https://cdn.yemek.com/mncrop/300/200/uploads/2014/06/mercimek-corbasi-yemekcom.jpg,300,200,True,https://cdn.yemek.com/mncrop/940/625/uploads/2014/06/mercimek-corbasi-yemekcom.jpg,940,625,True,https://cdn.yemek.com/mncrop/620/388/uploads/2014/06/mercimek-corbasi-yemekcom.jpg,620,388,True,https://cdn.yemek.com/mncrop/600/315/uploads/2014/06/mercimek-corbasi-yemekcom.jpg,600,315,True,"['tencere', 'vejetaryen', 'bol lifli']",greenLight,,,,
16,118,Yasemin Özaltın,https://cdn.yemek.com/author/35533/20181219061403_avatar.jpg,/profil/yasemingursurer/,Orijinal Tarifi Burada: Domates Çorbası,Domates Çorbası,/tarif/domates-corbasi/,30 dk,30 dk,"<p>Havalar soğumaya başladı, yaz mevsimini hep birlikte uğurladık. Hafif hüzünlüyüz, ancak dumanı üzerinde tüten çorbalar içeceğimiz için de mutluyuz. En sevdiğiniz <a href=""https://yemek.com/tarif/corba/"" target=""_blank"">çorba</a> tarifi nedir? Bizim için <a href=""https://yemek.com/tarif/domates-corbasi/"" target=""_blank"">domates çorbasının</a> ayrı bir yeri var diyebiliriz. Bütün <a href=""https://yemek.com/tarif/"" target=""_blank"">yemek tarifleri</a>nin arasında yeri ayrı.</p>
<p>Hele ki dumanı üstünde ev yapımı domates çorbası yok mu..Gelin onu güzelleyelim bir parça. Domates çorbası tarifi kaşar peynirsiz olmaz. Bazen yerini krema alabilir ama domates çorbasını özel kılan ilk kaşıkla birlikte uzayıp giden kaşar peyniridir. Onu toparlaması ve sağa sola bulaştırmadan yenilmesi ayrı bir maceradır. <a href=""https://yemek.com/tarif/baharatli-kruton/"" target=""_blank"">Kızarmış ekmek dilimleri</a> hatta mümkünse <a href=""https://yemek.com/tarif/sarimsakli-ekmek/"" target=""_blank"">sarımsaklı ekmekler</a> çorbaya ayrı bir tat katar. Soğuk kış günlerinin keyfi böyle böyle çıkar.</p>
<p>Siz de bu <a href=""https://yemek.com/tarif/kolay-domates-corbasi/"" target=""_blank"">kolay domates çorbası</a> tarifiyle sevdiklerinizin içini ısıtabilir; onu sandığınızdan çok daha kolay ve pratik bir şekilde yapabilirsiniz. Şimdiden afiyet olsun!</p>
<p>&nbsp;</p>
",recipe,"['tereyağı', 'tuz', 'un', 'sıcak et suyu', 'sıcak süt', 'rendelenmiş kaşar peyniri', 'domates']","['Tereyağını tavada eritin.', 'Unu ekleyip kokusu çıkana kadar kısık ateşte kavurun.', 'Rendelenmiş domatesleri kavrulmuş un karışımına ekledikten sonra 5 dakika kadar pişirin.', 'Üzerine sıcak et suyunu ve tuzu ilave edin. Kesilmemesi için küçük bir cezvede ısıttığınız sütü azar azar ekleyip hızlıca karıştırın.', 'Çorbayı kaynayana kadar orta ateşte ardından da kısık ateşte 15 dakika kadar pişirin. Daha pürüzsüz bir kıvam alması için blenderdan geçirin. Servis kaselerine aldığınız çorbayı, rendelenmiş kaşar peynir ilavesiyle sıcak olarak servis edin.\xa0Afiyet olsun!']",ÇORBA,,/tarif/corba/,"['Çorba', 'Video', 'Mevsiminde']","['akşam yemeği', 'öğle yemeği']","['Öğle Yemeği', 'Akşam Yemeği']",['Tencere'],"['Ekonomik', 'Vejetaryen']",False,1800,1800,2022-03-18T15:00:23Z,4.0,2396278,8509,False,True,True,0,,0,,,,2022/03/domates-corbasi-sevgililer-gunu-gorsel.jpg,0,0,https://cdn.yemek.com/mnresize/940/940/uploads/2022/03/domates-corbasi-sevgililer-gunu-gorsel.jpg,940,940,False,https://cdn.yemek.com/mncrop/300/200/uploads/2022/03/domates-corbasi-sevgililer-gunu-gorsel.jpg,300,200,True,https://cdn.yemek.com/mncrop/940/625/uploads/2022/03/domates-corbasi-sevgililer-gunu-gorsel.jpg,940,625,True,https://cdn.yemek.com/mncrop/620/388/uploads/2022/03/domates-corbasi-sevgililer-gunu-gorsel.jpg,620,388,True,https://cdn.yemek.com/mncrop/600/315/uploads/2022/03/domates-corbasi-sevgililer-gunu-gorsel.jpg,600,315,True,['tencere'],greenLight,"['Haziran', 'Temmuz', 'Ağustos', 'Eylül']",,,
17,72,Yasemin Özaltın,https://cdn.yemek.com/author/35533/20181219061403_avatar.jpg,/profil/yasemingursurer/,En Gerçek Tarifiyle: Ezogelin Çorbası,Ezogelin Çorbası,/tarif/ezogelin-corbasi/,45 dk,15 dk,"<p>Türk mutfağına özgü, buram buram Anadolu kokan, binlerce yıllık bir <a href=""https://yemek.com/tarif/corba/"" target=""_blank"">çorba tarifiyle</a> karşınızdayız. <a href=""https://yemek.com/tarif/"" target=""_blank"">Yemek tarifleri</a> arasından seçtiğiniz ana yemek ne olursa olsun, ona mutlaka yakışacak olan ezogelin çorbasından bahsediyoruz. Siz de bu kolay ev yapımı ezogelin çorbasıyla sofralarınızı sıcacık yapabilirsiniz.</p>
<p>Ezogelin çorbası tarifi; yüksek oranda bereket içerir. Besleyicidir, lezzetlidir, pratiktir. Tüm bunların yanı sıra <a href=""https://yemek.com/tarif/mercimek-corbasi/"" target=""_blank"">mercimek çorbası</a> ile olan amansız rekabetiyle, bütün kebapçıların olmazsa olmaz çorbası olma özelliğini taşır. Hastalıklara karşı amansızca savaşır, siz iyi olun diye varını yolunu ortaya koyar. Tırnak pide ya da <a href=""https://yemek.com/tarif/bazlama/"" target=""_blank"">bazlama</a>yı çok sever.</p>
<p>Ezogelin çorbasını Türk mutfak tarihine kazandıran ve çorbaya adını veren Gaziantep’in Uruş (Dokuzyol) köyünde yaşamış olan Ezo Gelin’e şükranlarımızı sunarız. Merak edenler varsa ezogelin çorbasının hikayesi hemen şurada: <a href=""https://yemek.com/ezogelin-corbasinin-hikayesi/"" target=""_blank"">Hikayesi de Lezzeti Kadar Anadolu: Ezogelin Çorbasının Hikayesi</a></p>
<p>O zaman adım adım resimli ve videolu ezogelin çorbası yapılışı ve tarifi sizi bekler. <img src=""https://cdn.yemek.com/assets/images/smiley/wink.png"" class=""wp-smiley img-responsive"" /></p>
",recipe,"['kırmızı mercimek', 'pirinç', 'bulgur', 'kuru soğan', 'tereyağı', 'sıcak su', 'nane', 'tuz', 'limon suyu', 'pul biber', 'domates salçası']","['Sıcak suyu geniş bir tencerede kaynatın. Yıkayıp suyunu süzdürdüğünüz 2 çay bardağı kırmızı mercimeği tencereye aktarın.', '3 yemek kaşığı pirinci, 2 yemek kaşığı bulguru ve 1 tatlı kaşığı tuzu tencereye aktarın.', 'Yaklaşık 35 dakika, kırmızı mercimekler yumuşayana kadar pişirin.', 'Ayrı bir tavada 1 yemek kaşığı tereyağını eritin.', 'Üzerine 1 adet küp doğranmış kuru soğanı ekleyin ve kavurmaya başlayın.', 'Kavrulan soğanlara 1 tatlı kaşığı domates salçasını ekleyin.', '1 tatlı kaşığı naneyi ekleyip, 2 dakika daha kavurun.', 'Kavrulan sosunuzu ocaktan alın.', 'Bakliyatları kaynattığınız tencereye kavrulan salçalı soğan karışımı ekleyin.', 'Sonra hızlıca karıştırdığınız çorbayı 10 dakika daha pişirin.', 'Limon suyu ve pul biber ilavesiyle sıcak olarak servis edin.\xa0Afiyet olsun!']",ÇORBA,,/tarif/corba/,"['Çorba', 'Ramazan', 'Video']","['ekonomik', 'öğle yemeği']","['Öğle Yemeği', 'Ara Öğün', 'Akşam Yemeği']",['Tencere'],"['Ekonomik', 'Vejetaryen']",False,2700,900,2019-04-10T08:00:07Z,4.0,2061511,10279,False,True,True,0,,0,,,,2014/06/ezogelin-corbasi-yemekcom.jpg,0,0,https://cdn.yemek.com/mnresize/940/940/uploads/2014/06/ezogelin-corbasi-yemekcom.jpg,940,940,False,https://cdn.yemek.com/mncrop/300/200/uploads/2014/06/ezogelin-corbasi-yemekcom.jpg,300,200,True,https://cdn.yemek.com/mncrop/940/625/uploads/2014/06/ezogelin-corbasi-yemekcom.jpg,940,625,True,https://cdn.yemek.com/mncrop/620/388/uploads/2014/06/ezogelin-corbasi-yemekcom.jpg,620,388,True,https://cdn.yemek.com/mncrop/600/315/uploads/2014/06/ezogelin-corbasi-yemekcom.jpg,600,315,True,['tencere'],greenLight,,,,
18,247,Yasemin Özaltın,https://cdn.yemek.com/author/35533/20181219061403_avatar.jpg,/profil/yasemingursurer/,Tam Ölçülü: Pancake (Pankek),Pancake (Pankek),/tarif/pancake/,20 dk,20 dk,"<p>Bizim kültürümüzde <a href=""https://yemek.com/tarif/akitma/"" target=""_blank"">akıtma</a> ya da <a href=""https://yemek.com/tarif/krep"" target=""_blank"">krep</a> olarak bilinen hamur işinin biraz daha kalını ve kahvaltıların yıldızıdır pankek. Peynirli, zeytin ezmeli tuzlu çeşitleri yapılabileceği gibi çikolata kremalı ve meyveli çeşitlerini de aynı tarifle kolaylıkla hazırlayabilirsiniz. <a href=""https://yemek.com/tarif/kahvaltiliklar/"" target=""_blank"">Kahvaltılık tarif</a> aradığınızda eliniz bu tarife hemen gidecek.</p>
<p>Bu kahvaltılık <a href=""https://yemek.com/tarif/kolay-pankek/"" target=""_blank"">kolay pankek tarifi</a>nde pankek hamurunun nasıl yapılacağından <strong>tavada pankek yapmanın püf noktalarına</strong> kadar her şeyi bulabilecek, evde pankek yapımının tüm inceliklerini öğreneceksiniz.</p>
<p>Pancake tarifi gerçekten oldukça basit. Yumurta, un, kabartma tozu, toz şeker, süt, ayçiçek yağı gibi temel malzemeler içeriyor bu <strong>pratik hamur işi</strong>. Servis esnasında meyve dilimleri, eritilmiş çikolata çeşitleri, sosları oldukça yakışıyor. Akçaağaç şurubuyla da çok iyi gittiğini söylemeden geçmeyelim.</p>
<p>4 kişilik pankek nasıl yapılır diyenler için adım adım resimli ve videolu pancake tarifiyle en güzel pankekler hep sizin mutfaktan çıkacak! <img src=""https://cdn.yemek.com/assets/images/smiley/smile.png"" class=""wp-smiley img-responsive"" /></p>
",recipe,"['tuz', 'yumurta', 'toz şeker', 'ayçiçek yağı', 'ayçiçek yağı', 'süt', 'un', 'kabartma tozu', 'bal', 'vanilin']","['Pankek tarifi için derin bir karıştırma kabında 2 yumurta ve yarım su bardağı şekeri alın.', 'Şeker eriyene ve karışım krema kıvamını alana kadar\xa0çırpın.', 'Yumurtalı karışımın üzerine, 2 yemek kaşığı sıvı yağ ve 1,5 su bardağı sütü de koyup tekrar çırpın.', '2 su bardağı un, 1 paket kabartma tozu, 1 paket vanilin ve bir tutam tuzu da eleyerek karışımın içerisine ekleyin.', 'Pürüzsüz bir kıvam alana kadar çırpın.', 'İlk pankeki pişirmek için; krep tavasını ayçiçek yağı ile yağlayın. Kızdırdığınız tavaya küçük bir kepçe ya da bir kahve fincanı kadar pankek harcını aktarın.', 'Ocağın altını kısın. Pankeki, üzeri göz göz olana kadar pişirin. Bir spatula yardımıyla çevirdiğiniz pankekin diğer tarafını da aynı şekilde pişirin.', 'Krep tavasını arada yağlayarak pankek harcı bitene kadar aynı işlemi tekrarlayın.', 'Servis tabağına aldığınız pankeklerin üzerine tereyağı koyup bal gezdirebilirsiniz, afiyet olsun.']",KAHVALTILIK,239b56,/tarif/kahvaltiliklar/,"['Kahvaltılık', 'Video']","['kahvaltı', 'çay saati']","['Kahvaltı', 'Çay Saati']",['Tava'],"['Ekonomik', 'Vejetaryen']",False,1200,1200,2022-03-10T07:30:22Z,4.0,2051860,12838,False,True,True,0,,0,,,,2014/07/pancake-yemekcom.jpg,0,0,https://cdn.yemek.com/mnresize/940/940/uploads/2014/07/pancake-yemekcom.jpg,940,940,False,https://cdn.yemek.com/mncrop/300/200/uploads/2014/07/pancake-yemekcom.jpg,300,200,True,https://cdn.yemek.com/mncrop/940/625/uploads/2014/07/pancake-yemekcom.jpg,940,625,True,https://cdn.yemek.com/mncrop/620/388/uploads/2014/07/pancake-yemekcom.jpg,620,388,True,https://cdn.yemek.com/mncrop/600/315/uploads/2014/07/pancake-yemekcom.jpg,600,315,True,,,,['Amerika Birleşik Devletleri'],,
19,188,Yasemin Özaltın,https://cdn.yemek.com/author/35533/20181219061403_avatar.jpg,/profil/yasemingursurer/,"Kabardıkça Kabarır, Şerbetini Tam Çeker: Revani",Revani,/tarif/revani/,30 dk,35 dk,"<p>Bugün akşam yemeğine en lezzetli <a href=""https://yemek.com/ramazan-tatlilari/"" target=""_blank"">ramazan tatlılarından</a> biri olan revaniyi koyacağız. Revani tarifini uygularken bir yandan saray mutfağının bize Osmanlı'dan kalan en yadigar şeylerden biri olduğunu hatırlayacağız. Yaptığımız <a href=""https://yemek.com/tarif/"" target=""_blank"">yemek tariflerine</a> tatlı olarak onu çok yakıştıracağız. <a href=""https://yemek.com/tarif/tatli/"" target=""_blank"">Tatlı tariflerinin</a> arasında en çok sevdiklerimiz arasına ekleyeceğiz.</p>
<p>Klasik revaniyi evde pratik bir şekilde yapabilmek mümkün aslında. <strong>""Revani tatlısı nasıl yapılır""</strong> sorusunun hemen aşağıda adım adım resimli cevabını bulabileceğiniz nefis irmikli ve tam ölçülü evde kolay <a href=""https://yemek.com/tarif/muhallebili-revani/"" target=""_blank"">revani</a> yapımı tarifimizin bir püf noktası var bilinmesi gereken: Tahmin edeceğiniz gibi <a href=""https://yemek.com/tarif/serbetli-tatlilar/"" target=""_blank"">şerbetli tatlılardan</a> revaninin kıvamı önemli, onu da bir kaşık yardımıyla alacağınız şerbeti parmağınıza damlatıp, damlanın yayılıp yayılmadığını görerek anlayabilirsiniz. Eğer şerbet damlası yayılmıyorsa kıvamı tutmuş, revani yapımı için hazır hale gelmiş demektir. Böylelikle <strong>""Revani şerbeti nasıl dökülür, revani şerbeti nasıl olmalı?""</strong> sorusunun cevabını merak edenleri de rahatlatmış olduk.</p>
<p>Şerbetin yoğunluğu ile kekinin kabarıklığı için düşündüğümüz revani yapımı püf noktalarını tarif kısmında bulabilirsiniz. <a href=""https://yemek.com/revani-tarifleri/"" target=""_blank"">Farklı revani tarifleri</a> ve çok sevilen <a href=""https://yemek.com/tarif/hashasli-revani/"" target=""_blank"">haşhaşlı revani</a> tarifimizi de şöyle bırakalım.</p>
<p>O halde lafı daha fazla uzatmayalım, sizi en güzel revani tarifiyle baş başa bırakalım.</p>
",recipe,"['limon suyu', 'yumurta', 'toz şeker', 'toz şeker', 'ayçiçek yağı', 'un', 'kabartma tozu', 'su', 'yoğurt', 'irmik', 'rendelenmiş Hindistan cevizi', 'vanilin']","['Tatlının şerbetini hazırlamak için;\xa03 su bardağı su ve 2,5 su bardağı toz şekeri\xa0bir tencereye aktarın.', 'Kısık ateşte yaklaşık 30 dakika kadar kaynattıktan sonra limon suyunu ekleyin ve ılınması için ocaktan alın.', '3 yumurta bir kabın içerisine aktarın.', 'Üzerine 1 çay bardağı toz şekeri bir mikser yardımıyla toz şeker tamamen eriyene kadar karıştırın.', '1 çay bardağı ayçiçek yağı, 1 su bardağı yoğurt ve 1 su bardağı irmiği de ekledikten sonra tekrar karıştırın.', 'Son olarak 1,5 su bardağı\xa0un, 1 paket kabartma tozu ve 1 paket vanilini de karışıma ekledikten sonra çırpma işlemini sürdürün.', 'Yağlanmış fırına dayanıklı kalıbın içerisine hazırladığınız revani karışımını dökün.', 'Önceden ısıtılmış 180 derece fırında\xa025-30 dakika kadar pişirin.\xa0Fırından çıkardığınız revaninin ilk sıcaklığı geçtikten sonra oda sıcaklığında soğumuş şerbeti üzerine dökün ve şerbeti çekene kadar yaklaşık 1-2 saat bekleyin.', 'Ardından bıçak yardımıyla revaniyi dilimleyin.', 'Dilimlediğiniz ılık tatlıya rendelenmiş Hindistan cevizi serpiştirip servis edin. Afiyet olsun!']",ŞERBETLİ TATLI,239b56,/tarif/serbetli-tatlilar/,"['Tatlı', 'Şerbetli Tatlı', 'Ramazan', 'Video']","['ekonomik', 'çay saati']",['Çay Saati'],"['Fırın', 'Tencere']",,False,1800,2100,2022-04-20T11:00:29Z,4.0,2029239,5485,False,True,True,0,,0,,,,2014/06/revani-yemekcom.jpg,0,0,https://cdn.yemek.com/mnresize/940/940/uploads/2014/06/revani-yemekcom.jpg,940,940,False,https://cdn.yemek.com/mncrop/300/200/uploads/2014/06/revani-yemekcom.jpg,300,200,True,https://cdn.yemek.com/mncrop/940/625/uploads/2014/06/revani-yemekcom.jpg,940,625,True,https://cdn.yemek.com/mncrop/620/388/uploads/2014/06/revani-yemekcom.jpg,620,388,True,https://cdn.yemek.com/mncrop/600/315/uploads/2014/06/revani-yemekcom.jpg,600,315,True,,,,,,
20,2744,Cemre Özgüzel,https://cdn.yemek.com/author/109/20200211010242_avatar.jpg,/profil/cemre-ozguzel/,Az Malzemeyle Mükemmel Kıvam: Muhallebi,Muhallebi,/tarif/muhallebi/,15 dk,5 dk,"<p>Çocukluğumuzdan beri damağımızın alışık olduğu bir <a href=""https://yemek.com/tarif/tatli/"" target=""_blank"">tatlı tarifi</a> muhallebi. <strong>Pirinç unuyla hazırlanan muhallebi tarifler</strong>i olsa da kıvamı nişastayla bağlandığında bir o kadar güzel olur tadı. Öylesine yalın ve naif bir tattır ki kuru yemişler, çikolata ve çeşitli meyve sosları eşliğinde farklı tariflere bürünür.</p>
<p>Yaz sıcağına yakışır muhallebi tatlısı, keyfi kaşıklanır. Üzerine toz tarçınla yapabileceğiniz süslemelerle de saygı uyandırır. Başarıyla uygulanmış bir sütlü muhallebi tarifini tamamlayıcı nitelikte olan bu süslemeler ise tamamen sizin yaratıcılığınıza kalmış. <a href=""https://yemek.com/tarif/sutlu-tatlilar/"" target=""_blank"">Sütlü tatlıların </a>en kolay ve ekonomiği olan <strong>muhallebi tarifi</strong>mizle keyif dolu dakikalar yaşayabilirsiniz.</p>
<p>Biz sade muhallebi hazırladık ama diğer muhallebi çeşitleri için sizi şu tariflerimize de bekleriz: <a href=""https://yemek.com/muhallebi-tarifleri/"" target=""_blank"">Sıcak Yaz Günlerinde Midenizi Yormayarak Sizi Mutlu Edecek 17 Muhallebi Tarifi</a></p>
<p>En güzel muhallebinin sizin elinizden çıkmasını sağlayacak olan bu tarifi ister bardakta, ister kupta, ister fincanda servis edebilirsiniz. Hazırsanız pratik ve <a href=""https://yemek.com/tarif/kolay-muhallebi/"" target=""_blank"">kolay muhallebi</a> tarifimizle başbaşa bırakalım sizi.</p>
",recipe,"['tereyağı', 'toz şeker', 'süt', 'un', 'toz Antep fıstığı', 'buğday nişastası', 'muz', 'vanilin']","['5\xa0su bardağı soğuk sütü geniş bir tencereye aktarın.\xa0Yarım çay bardağı un, 3 yemek kaşığı buğday nişastası ve 1 su bardağı toz şekeri ilave ettikten sonra ocağın altını açın.', 'Ara ara karıştırarak koyu bir kıvam alana kadar pişirin.', 'Kıvam alan muhallebinin altını kapatın.', 'Henüz sıcakken içerisine\xa01 tatlı kaşığı tereyağı ve 1 paket vanilin ilave ederek çırpın.', 'Ardından servis kaselerine paylaştırın ve soğutun.', 'Antep fıstığıyla süsleyip tatlandırdığınız muhallebileri soğuk olarak sevdiklerinizle paylaşın.']",SÜTLÜ TATLI,239b56,/tarif/sutlu-tatlilar/,"['Tatlı', 'Ramazan', 'Sütlü Tatlı', 'Video']","['pratik yemek tarifleri', 'çay saati']",['Çay Saati'],['Tencere'],['Ekonomik'],False,900,300,2019-04-04T08:57:18Z,4.0,1868226,4584,False,True,True,0,,0,,,,2015/06/muhallebi-yemekcom.jpg,0,0,https://cdn.yemek.com/mnresize/940/940/uploads/2015/06/muhallebi-yemekcom.jpg,940,940,False,https://cdn.yemek.com/mncrop/300/200/uploads/2015/06/muhallebi-yemekcom.jpg,300,200,True,https://cdn.yemek.com/mncrop/940/625/uploads/2015/06/muhallebi-yemekcom.jpg,940,625,True,https://cdn.yemek.com/mncrop/620/388/uploads/2015/06/muhallebi-yemekcom.jpg,620,388,True,https://cdn.yemek.com/mncrop/600/315/uploads/2015/06/muhallebi-yemekcom.jpg,600,315,True,,,,,,
21,4172,ipeksare,https://cdn.yemek.com/author/262494/20200820091315_avatar.jpg,/profil/ipeksare/,Tane Tane Dökülür: Pirinç Pilavı,Pirinç Pilavı,/tarif/pirinc-pilavi/,20 dk,15 dk,"<p>Türlü türlü <a href=""https://yemek.com/tarif/"" target=""_blank"">yemek tariflerini</a> tamamlayan, <a href=""https://yemek.com/tarif/kuru-fasulye/"" target=""_blank"">kuru fasulye</a>-turşu ikilisine komşu olan, bir dönem yoğurtla takılan, <a href=""https://yemek.com/tarif/anne-koftesi/"" target=""_blank"">köfte patates</a> sevdalısı pilav... Kaşıktan tel tel dökülen pilav... Aromatik sebze ve kuru baharatlarla ev yapımı tavuk suyunuzu kendiniz hazırlayın bir güzel, ortalama pirinç çeşitlerine göre bir ölçü pirince bir buçuk ölçü su kullanacağınızı düşünün.</p>
<p>Yanma derecesini yükseltmek için tereyağını az miktarda ayçiçek yağıyla kavurun. Az miktarda arpa ya da tel şehriyeyi kavurup berrak su çıkana kadar duruladığınız pirinçleri pilav tenceresine alın. Şeffaf bir renk alana kavurup sıcak tavuk suyunu ekleyin. Tuzla tatlandırın, taze sıkılmış limon suyu, kesme şeker gibi unsurları küçük püf noktaları olarak değerlendirin pilav tarifinde. ""Pilavın tane tane olması için ne yapılır?"" diye soruyorsanız da size nefis önerilerimiz var: <a href=""https://yemek.com/pilav-nasil-yapilir/"" target=""_blank"">Tane Tane Dökülen Ev Yapımı Pilavlar İçin Demini Almış 5 Öneri</a></p>
<p>Pilavı yiyip de hemen kaçmayın, yorum bırakmayı unutmayın, yaptığınız bir değişiklik varsa bizlerle de paylaşın. Şimdiden ellerinize sağlık diyor tane tane dökülen pirinç pilavı tarifimize buyurun.</p>
<p>Farklı pilav tarifleri içinse sizi <a href=""https://yemek.com/tarif/pilav/"" target=""_blank"">şöyle</a> alalım. <img src=""https://cdn.yemek.com/assets/images/smiley/smile.png"" class=""wp-smiley img-responsive"" /></p>
",recipe,"['pirinç', 'tereyağı', 'sıcak su', 'tuz', 'karabiber']","['Uygun bir pilav tenceresinin içerisine tereyağı ekleyin.', 'Tereyağı eridikten sonra pirinçleri ekleyip kavurmaya başlayın. Pirinçler tane tane dökülmeye başlayana kadar yaklaşık 5 dakika kavurun.', 'Sıcak suyu ekleyin, tuzu ve karabiberi de ilave edin.', 'Bir kez karıştırın, kapağını kapatın ve kısık ateşte pişirin.', 'Suyunu çeken pilavın üzerine bir bez koyun ve demlenmesi için dinlendirin.', 'Biraz et ya da tavuk ile servis edebilirsiniz. Afiyet olsun!']",PİLAV,239b56,/tarif/pilav/,"['Pilav', 'Video']","['ekonomik', 'akşam yemeği', 'öğle yemeği']","['Öğle Yemeği', 'Akşam Yemeği']",['Tencere'],['Ekonomik'],False,1200,900,2020-09-02T06:35:37Z,4.0,1783014,2538,False,True,True,0,,0,,,,2020/09/pirinc-pilavi-yemekcom.jpg,0,0,https://cdn.yemek.com/mnresize/940/940/uploads/2020/09/pirinc-pilavi-yemekcom.jpg,940,940,False,https://cdn.yemek.com/mncrop/300/200/uploads/2020/09/pirinc-pilavi-yemekcom.jpg,300,200,True,https://cdn.yemek.com/mncrop/940/625/uploads/2020/09/pirinc-pilavi-yemekcom.jpg,940,625,True,https://cdn.yemek.com/mncrop/620/388/uploads/2020/09/pirinc-pilavi-yemekcom.jpg,620,388,True,https://cdn.yemek.com/mncrop/600/315/uploads/2020/09/pirinc-pilavi-yemekcom.jpg,600,315,True,['tencere'],,,,,
22,313,Yasemin Özaltın,https://cdn.yemek.com/author/35533/20181219061403_avatar.jpg,/profil/yasemingursurer/,Yağ Çekmeden Pişer: Mücver,Mücver,/tarif/mucver/,15 dk,15 dk,"<p>Türk mutfağının, mutfağımıza ait tüm <a href=""https://yemek.com/tarif/"" target=""_blank"" rel=""noopener"">yemek tariflerinin</a> uzağında ama çok sevilen kuzeni ya da teyzesidir mücver tarifi. Her öğün göremezsin, her akşam yemezsin, yiyemezsin. Ancak her gördüğünde mutlu olursun; daha çok görmek istersin. Özeldir, yeri ayrıdır. Herkes güzelini yapamaz.</p>
<p>Arzu ettiğiniz yeşillik, patates, havuç hatta kereviz gibi <a href=""https://yemek.com/tarif/sebze/"" target=""_blank"" rel=""noopener"">sebze</a>leri de ekleyerek hazırlayabileceğiniz bir <a href=""https://yemek.com/tarif/atistirmaliklar/"" target=""_blank"" rel=""noopener"">atıştırmalık</a>, kolay mücver tarifimiz var. Ne güzel olur <strong>kabak mücveri</strong>, küçük püf noktaları vardır onun. Çok fazla yağ çekmemesi için yağı önceden kızdırmalı, rendelenmiş sebzelerin suyunu sıkmalı, sebzelerin taze olmasına dikkat etmeli örneğin.</p>
<p>Anne eli değmiş mücver, bu tarifte biraz daha renk kazanıyor. Yeşillik ve kabakların yanına havuç da katılıyor. Ana yemeğiniz ne olursa olsun bugün sofranızda <strong>kızarmış çıtır mücverler</strong> de yer alsın bizce.</p>
<p>Daha fazla mücver çeşidi görmek isteyenleri ise şöyle alabiliriz: <a href=""https://yemek.com/mucver-tarifleri/"" target=""_blank"" rel=""noopener"">Mücver Tarifleri</a></p>
<p>Kızartmalardan uzak duruyorsanız sizi fırında kabak mücveri tarifimize şuradan davet edelim: <a href=""https://yemek.com/tarif/firinda-mucver/"" target=""_blank"" rel=""noopener"">Fırında Mücver Tarifi, Nasıl Yapılır?</a></p>
<p>Videolu tarifimize aşağıya bırakıyoruz. Keyfini çıkarmanız dileğiyle!</p>",recipe,"['tuz', 'yumurta', 'un', 'karabiber', 'havuç', 'taze soğan', 'kabak', 'dereotu', 'sıvı yağ']","['<p>Mücver için bol suda yıkadığınız kabakları rendenin\xa0iri kısmıyla rendeleyin.\xa0Mücveri sulandırmaması için; rendelenmiş kabakların suyunu sıkarak çıkartın.</p>', '<p>Geniş bir kapta rendelenen kabakları, havucu, yumurtayı, taze soğanı, dereotunu, tuzu, karabiberi birleştirin.</p>', '<p>Unu da ilave edip tüm malzemeler birbiriyle harmanlayın.</p>', '<p>Tüm malzemeler macun kıvamını alana kadar spatula yardımıyla karıştırın.</p>', '<p>Her bir mücver 1 tepeleme yemek kaşığı olacak şekilde ayarlayıp tavaya dökün.</p>', '<p>Kızgın yağda altın sarısı rengini alana kadar kızartın. Mücverlerin fazla yağını havlu kağıda süzdürdükten sonra servis tabağına alın ve çırpılmış yoğurt ile servis edin. Afiyet olsun!</p>']",SEBZE,239b56,/tarif/sebze/,"['Sebze', 'Özel Beslenme', 'Vejetaryen', 'Video', 'Kızartma', 'Mevsiminde']",,['Çay Saati'],['Kızartma'],"['Ekonomik', 'Vejetaryen']",False,900,900,2021-11-09T03:30:59Z,4.0,1738171,11618,False,True,True,0,,0,,,,2014/07/mucver-ytk-site.jpg,0,0,https://cdn.yemek.com/mnresize/940/940/uploads/2014/07/mucver-ytk-site.jpg,940,940,False,https://cdn.yemek.com/mncrop/300/200/uploads/2014/07/mucver-ytk-site.jpg,300,200,True,https://cdn.yemek.com/mncrop/940/625/uploads/2014/07/mucver-ytk-site.jpg,940,625,True,https://cdn.yemek.com/mncrop/620/388/uploads/2014/07/mucver-ytk-site.jpg,620,388,True,https://cdn.yemek.com/mncrop/600/315/uploads/2014/07/mucver-ytk-site.jpg,600,315,True,,,"['Haziran', 'Temmuz', 'Ağustos']",,,
23,272,Neşe Ümit Tan,https://cdn.yemek.com/author/208653/20190910030615_avatar.jpg,/profil/neseumit/,Tam Kıvamında: Sütlaç,Sütlaç,/tarif/sutlac/,31 dk,5 dk,"<p><a href=""https://yemek.com/tarif/"" target=""_blank"">Yemek tariflerinin</a> en tatlı, en sevilen ismi, <a href=""https://yemek.com/tarif/sutlu-tatlilar/"" target=""_blank"">sütlü tatlılar</a>ın en besleyicisi, pirincin en güzel halidir sütlaç tarifi. Tencerede kıvam aldıktan sonra ısıya dayanıklı toprak kaplara paylaştırılıp fırında kızaran hali <a href=""https://yemek.com/tarif/firin-sutlac/"" target=""_blank"">fırın sütlaç</a> ismini alır. Çocukluk yıllarından aşina olduğumuz besleyici bir tatlıdır. <a href=""https://yemek.com/"" target=""_blank"">Tarifler</a> içinde özellikle sütlü tatlıların ve <a href=""https://yemek.com/tarif/tatli/"" target=""_blank"">tatlı tariflerinin</a> en şahanesidir!</p>
<p>Ev yapımı sütlacı tam kıvamında ve tam ölçülü yapmak için birkaç püf noktasına ihtiyacınız var. Klasik sütlaçtan vazgeçemeyenlerin evde nefis <a href=""https://yemek.com/tarif/firin-sutlac/"" target=""_blank"">fırın sütlaçlar</a> yapmasını sağlayacak olan ve en güzel sütlaç tarifine ulaşmanızı sağlayacak bu tarifi bir köşeye not edin deriz. <a href=""https://yemek.com/tarif/sutlu-tatlilar/"" target=""_blank"">Sütlü tatlıların</a> en güzeli, <a href=""https://yemek.com/ramazan-tatlilari/"" target=""_blank"">ramazan için tatlılardan</a> <strong>en hafif sütlaç tarifi</strong> karşınızda!</p>
",recipe,"['pirinç', 'sıcak su', 'toz şeker', 'süt', 'su', 'buğday nişastası']","['Sadece bir kez sudan geçirerek yıkadığınız\xa0pirinci tencereye alın ve\xa02 su bardağı sıcak suyu ekleyerek kısık ateşte pişirmeye başlayın. Bu sırada ara ara nazikçe karıştırın.', 'Pirinç, suyu çekip lapa hale gelince üzerine sütü ilave edin. Karıştırın ve\xa0süt kaynayana kadar ara ara karıştırmaya devam edin. Kaynadıktan sonra altını kısın, 8-10 dakika daha bu şekilde karıştırarak kısık ateşte pişirin.', 'Ardından şekeri ekleyin, karıştırın. Tekrar kaynamasını bekleyin ve 4-5 dakika daha da kısık ateşte bu şekilde kaynatın.', 'Nişastayı eklemek için bir kabın içerisine alın, 1 çay bardağı suyla karıştırın.', 'Aynı anda hem karıştırıp hem tencereye ekleyin. Azar azar dökerek eklerseniz topaklanma riskini de engellemiş olursunuz.\xa0Karıştırdıktan sonra hafifçe kıvam alana kadar pişirin. Bu sırada tekrar kaynayacak ve minik minik balonların yüzeye ulaştığını göreceksiniz, bunu gördükten sonra kısık ateşe alıp 1-2 dakika daha pişirin ve ardından ocaktan alın.', 'Bu noktada sütlacın kıvamı akışkan bir boza kıvamında olmalıdır.\xa0Sütlaç harcını bir kepçeyle kaselere dağıtın.', 'Oda sıcaklığında soğuduktan\xa0sonra buzdolabında en az 2 saat, tercihen 1 akşam kadar bekletin ve servis etmeden önce buzdolabından çıkarıp 5 dakika bekletin, tarçın serperek servis edin.', 'Afiyet olsun!']",SÜTLÜ TATLI,239b56,/tarif/sutlu-tatlilar/,"['Tatlı', 'Ramazan', 'Sütlü Tatlı', 'Video']",['çay saati'],['Çay Saati'],['Tencere'],,False,1860,300,2022-03-11T07:15:20Z,4.0,1693684,4171,False,True,True,0,,0,,,,2019/05/sutlac-guncelleme-sunum-1.jpg,0,0,https://cdn.yemek.com/mnresize/940/940/uploads/2019/05/sutlac-guncelleme-sunum-1.jpg,940,940,False,https://cdn.yemek.com/mncrop/300/200/uploads/2019/05/sutlac-guncelleme-sunum-1.jpg,300,200,True,https://cdn.yemek.com/mncrop/940/625/uploads/2019/05/sutlac-guncelleme-sunum-1.jpg,940,625,True,https://cdn.yemek.com/mncrop/620/388/uploads/2019/05/sutlac-guncelleme-sunum-1.jpg,620,388,True,https://cdn.yemek.com/mncrop/600/315/uploads/2019/05/sutlac-guncelleme-sunum-1.jpg,600,315,True,,,,,,
24,2586,Yasemin Özaltın,https://cdn.yemek.com/author/35533/20181219061403_avatar.jpg,/profil/yasemingursurer/,Puf Puf: Mayalı Poğaça,Mayalı Poğaça,/tarif/mayali-pogaca/,25 dk,20 dk,"<p>Fırından çıkmış sıcacık <strong>mayalı poğaça</strong> puf puf kabardıysa eğer insan önemsemez ki neli olduğunu... Mis gibi bir kahvaltılık olur, peynir ve diğer tüm <a href=""https://yemek.com/tarif/kahvaltiliklar/"" target=""_blank"" rel=""noopener"">kahvaltılıklar</a> yanına sonradan eklense de olur. <a href=""https://yemek.com/tarif/pogaca/"" target=""_blank"" rel=""noopener"">Poğaça tariflerinin</a> en nefislerinden mayalı poğaça tarifinde ne mi var? Yaş maya var bu poğaça tarifinde. Kendisi ılık su, ılık süt ve toz şekerle bir araya gelip bir güzel kabarıyor ve tüm poğaça hamuru istila ediyor sonrasında. Kabına sığmayan <a href=""https://yemek.com/tarif/yumusak-pogaca/"" target=""_blank"" rel=""noopener"">yumuşak poğaça</a>lar kabardıkça kabarıyor, size de onları afiyetle yemek düşüyor.</p>
<p>Ağzı kapalı bir kapta muhafaza edilirse kolay kolay da bayatlamaz mayalı poğaçalar.</p>
<p>Bu arada daha fazla yemek tarifi için: <a href=""https://yemek.com/tarif/"" target=""_blank"" rel=""noopener"">Yemek tarifleri</a></p>",recipe,"['tuz', 'yumurta', 'toz şeker', 'un', 'yumurta sarısı', 'ılık su', 'susam', 'ılık süt', 'yaş maya', 'sıvı yağ']","['<p>Mayalı poğaça için 1 su bardağı ılık su ve 1 su bardağı ılık sütü geniş bir karıştırma kabına alın. 1 paket yaş maya ve 4 yemek kaşığı toz şekeri ekleyip karıştırdıktan sonra mayanın aktive olması için 5 dakika kadar bekletin.</p>', '<p>Maya tamamen eridikten sonra 1 su bardağı sıvı yağ , 1 adet yumurta ve 2 çay kaşığı tuzu ekleyin.</p>', '<p>Unu azar azar ekleyip hamuru toparlanana kadar yoğurmaya başlayın.</p>', '<p>Yumuşak ve yapışmayacak bir kıvamda bir hamur elde ettiğiniz zaman üzerini streç film ve nemli bir bezle kapatıp 40-45 dakika kadar oda ısısında mayalanmaya bırakın.</p>', '<p>Mayalanan hamurdan yumurta büyüklüğünde parçalar kopartıp avuç içinizde yuvarlayarak şekil verin.</p>', '<p>Tepsiye aralıklı olarak dizdiğiniz mayalı hamurların üzerine yumurta sarısı sürün.</p>', '<p>Son mayalandırma işlemi için 10-15 dakika kadar poğaçaları tepside bekletin ve önceden ısıtılmış 190 derece fırında 20 dakika kadar pişirin. Puf puf kabarmış mayalı poğaçalar hazır, afiyet olsun!</p>']",POĞAÇA,239b56,/tarif/pogaca/,"['Hamur İşi', 'Kahvaltılık', 'Poğaça', 'Video']",,"['Kahvaltı', 'Çay Saati']",['Fırın'],['Ekonomik'],False,1500,1200,2015-05-26T07:17:00Z,4.0,2702715,10778,False,True,True,0,,0,,,,2015/05/mayali-pogaca-yemekcom.jpg,0,0,https://cdn.yemek.com/mnresize/940/940/uploads/2015/05/mayali-pogaca-yemekcom.jpg,940,940,False,https://cdn.yemek.com/mncrop/300/200/uploads/2015/05/mayali-pogaca-yemekcom.jpg,300,200,True,https://cdn.yemek.com/mncrop/940/625/uploads/2015/05/mayali-pogaca-yemekcom.jpg,940,625,True,https://cdn.yemek.com/mncrop/620/388/uploads/2015/05/mayali-pogaca-yemekcom.jpg,620,388,True,https://cdn.yemek.com/mncrop/600/315/uploads/2015/05/mayali-pogaca-yemekcom.jpg,600,315,True,,,,,,
25,3548,Yasemin Özaltın,https://cdn.yemek.com/author/35533/20181219061403_avatar.jpg,/profil/yasemingursurer/,Tül Gibi İncecik: Krep,Krep,/tarif/krep/,20 dk,5 dk,"<p>Krep, <a href=""https://yemek.com/tarif/"" target=""_blank"">yemek tarifleri</a> ve <a href=""https://yemek.com/tarif/kahvaltiliklar/"" target=""_blank"">kahvaltılık tarifler</a> içinde en çok sevilenlerden biri. Bu yüzden mutfağa yeni giren de kahvaltıya pratik lezzetler hazırlamak isteyen de krep tarifini, <a href=""https://yemek.com/krep-yapmanin-puf-noktalari/"" target=""_blank"">krep yapmanın püf noktaları</a>nı merak ediyor; krep hamuru ve krep malzemelerini hazırlayıp kahvaltılık kreple sevdiklerini mutlu etmek istiyor.</p>
<p>Eğer siz de ""Tavada sade krep nasıl yapılır?"" konusunda meraklıysanız, <strong>evde krep yapımının püf noktalar</strong>ını öğrenmek istiyorsanız en güzel krep tarifi için aşağıya bekleniyorsunuz. Krep tarifi videomuzu da izlemeyi unutmayın der, büyüklerimizden <a href=""https://yemek.com/tarif/akitma/"" target=""_blank"">akıtma</a> olarak öğrendiğimiz şimdilerde krep diye duymaya alışık olduğumuz tül inceliğinde bu hamur işini kahvaltılarınızdan, çay saatlerinden mahrum etmeyin deriz. Eğer <a href=""https://yemek.com/tarif/2-kisilik-krep/"" target=""_blank"">2 kişilik krep</a> nasıl yapılır diyorsanız da bu tarifi yarım ölçü olarak gönül rahatlıyla hazırlayabilirsiniz.</p>
<p><strong>Kolay krep tarifi</strong> ile gelsin muhteşem kahvaltılar, lezzetli tatlılar. Paylaştığımız <a href=""https://yemek.com/krep-tarifleri/"" target=""_blank"">krep tarifleri</a> ile artık mutfakta kimse sizi tutamaz!</p>
",recipe,"['tuz', 'yumurta', 'süt', 'un', 'su', 'sıvı yağ']","['Krep tarifi için öncelikle 1 su bardağı sütü bir kaba alın.', 'Üzerine 1 su bardağı suyu derin bir karıştırma kasesine alın.', '1 yemek kaşığı sıvı yağ,\xa0 2 adet yumurta ve 1 çay kaşığı tuzu da ekleyin.', 'Üzerine 6 yemek kaşığı unu ilave edip bir çırpıcı yardımıyla iyice karıştırın.Sonra pürüzsüz bir kıvam alana kadar çırpın ve 5 dakika dinlenmeye bırakın.', 'Hazırladığınız krep harcından küçük bir kepçe kadar doldurun. Hamuru yağladığınız kızgın tavaya dökün.', 'Hafifçe sallayarak hamurun ince bir şekilde tabanına yayılmasını sağlayın.Krepleri, orta ateşte göz göz olup, renk alana kadar arkalı önlü kızartın.', 'Aralarda teflon tavayı yağlayarak, krep hamuru bitene kadar aynı işlemi tekrarlayın.', 'Pişen krepleri servis tabağına alın. Soğutmadan krepleri sevdiklerinizle paylaşın.']",KAHVALTILIK,239b56,/tarif/kahvaltiliklar/,"['Kahvaltılık', 'Video']",['kahvaltı'],"['Kahvaltı', 'Çay Saati']",['Tava'],,False,1200,300,2022-03-10T14:32:12Z,4.0,2616215,9862,False,True,True,0,,0,,,,2015/10/krep-yemekcom.jpg,0,0,https://cdn.yemek.com/mnresize/940/940/uploads/2015/10/krep-yemekcom.jpg,940,940,False,https://cdn.yemek.com/mncrop/300/200/uploads/2015/10/krep-yemekcom.jpg,300,200,True,https://cdn.yemek.com/mncrop/940/625/uploads/2015/10/krep-yemekcom.jpg,940,625,True,https://cdn.yemek.com/mncrop/620/388/uploads/2015/10/krep-yemekcom.jpg,620,388,True,https://cdn.yemek.com/mncrop/600/315/uploads/2015/10/krep-yemekcom.jpg,600,315,True,,,,,,
26,123,Yasemin Özaltın,https://cdn.yemek.com/author/35533/20181219061403_avatar.jpg,/profil/yasemingursurer/,En İyi Kıvam Onda: Mercimek Çorbası,Mercimek Çorbası,/tarif/mercimek-corbasi/,50 dk,10 dk,"<p>Yaz kış demeden her mevsim, her zaman, her durumda elimizin gittiği tariftir <strong>mercimek çorbası tarifi.</strong> En çok sevilen çorbalardan biridir o! Bu yüzden zamansız çorbadır. Belki de bütün <a href=""https://yemek.com/tarif/"" target=""_blank"">yemek tarifleri</a> için böyledir.</p>
<p>Hatta <a href=""https://yemek.com/tarif/ezogelin-corbasi/"" target=""_blank"">ezogelin çorbasıyla</a> olan mücadelesini bir kenara koyarsanız, zamansız çorbaların en güzeli, en birincisi. Bunları söylüyoruz çünkü şimdiye kadar ""<strong>en güzel mercimek çorbası</strong>"" tarifini arayıp bulamadıysanız lezzetli ve pratik bu tencerede mercimek çorbası yapımı tam size göre!</p>
<p>Lafı uzatmadan ""Mercimek çorbası nasıl yapılır?"", ""<strong>Mercimek çorbası nasıl pişirilir?</strong>"" diye merak edenleri ev usulü mercimek çorbası tarifimize alalım. Adım adım resimli anlatımı ve videosuyla her eve mis gibi kokan, şifalı mercimek çorbasını davet edelim.</p>
<p>Afiyetler olsun diyelim, eğer sizin de kendinize özel <strong>mercimek çorbası pişirme yöntemleri</strong>niz varsa yorumlarda tüm okuyucularımızla paylaşmanızı isteyelim.</p>
<p>Not: ""Mercimek çorbası tamam da ben daha fazla çorba çeşidi de görmek istiyorum"" diyenleri şöyle alalım: <a href=""https://yemek.com/tarif/corba/"" target=""_blank"">Çorba Tarifleri</a>!</p>
",recipe,"['kuru soğan', 'tereyağı', 'sıcak su', 'tuz', 'ayçiçek yağı', 'un', 'patates', 'karabiber', 'kırmızı ya da sarı mercimek', 'havuç', 'kırmızı toz biber', 'sıvı yağ']","['Derin bir tencereye 3 yemek kaşığı sıvı yağ ekleyin. İri doğranmış 1 adet büyük soğanı sıvı yağ ile birlikte kavurun.', 'Kavrulan soğanlara 1 yemek kaşığı unu ekleyin ve kokusu çıkıp, renk alana kadar kavurma işlemini sürdürün.\xa0İri parçalar halinde doğradığınız birer adet havuç ve patatesi tencereye aktarıp karıştırmaya devam edin.', 'Tuz, karabiber ve bol suda yıkadıktan sonra suyunu süzdürdüğünüz\xa01,5 su bardağı mercimeği\xa0 de ilave edin ve son kez güzelce karıştırın.', '6 su bardağı sıcak suyu da tencereye ilave edin.', 'Ardından kapağını kapatın, patates ve havuçlar yumuşayana kadar ara ara karıştırarak 40 dakika kadar pişirin.', 'Çorba piştikten sonra pürüzsüz bir kıvam alması için; el blenderından geçirin. 5 dakika daha pişirdikten sonra ocaktan alın.', '3 yemek kaşığı sıvı yağ ve 2 yemek kaşığı tereyağını bir tavada kızdırın. Üzerine 1 tatlı kaşığı toz kırmızı biberi ekleyin ve 2 dakika yağı kızdırdıktan sonra ocaktan alın.', 'Çorbayı bir kaseye alın ve üzerine kızdırdığınız yağdan gezdirip servis edin.']",ÇORBA,,/tarif/corba/,"['Çorba', 'Ramazan', 'Video', 'Bakliyat']","['akşam yemeği', 'öğle yemeği']","['Başlangıç', 'Öğle Yemeği', 'Ara Öğün', 'Akşam Yemeği']",['Tencere'],"['Ekonomik', 'Vejetaryen', 'Bol Proteinli']",False,3000,600,2022-03-31T14:25:26Z,4.0,2607774,11074,False,True,True,0,,0,,,,2014/06/mercimek-corbasi-yemekcom.jpg,0,0,https://cdn.yemek.com/mnresize/940/940/uploads/2014/06/mercimek-corbasi-yemekcom.jpg,940,940,False,https://cdn.yemek.com/mncrop/300/200/uploads/2014/06/mercimek-corbasi-yemekcom.jpg,300,200,True,https://cdn.yemek.com/mncrop/940/625/uploads/2014/06/mercimek-corbasi-yemekcom.jpg,940,625,True,https://cdn.yemek.com/mncrop/620/388/uploads/2014/06/mercimek-corbasi-yemekcom.jpg,620,388,True,https://cdn.yemek.com/mncrop/600/315/uploads/2014/06/mercimek-corbasi-yemekcom.jpg,600,315,True,"['tencere', 'vejetaryen', 'bol lifli']",greenLight,,,,
27,118,Yasemin Özaltın,https://cdn.yemek.com/author/35533/20181219061403_avatar.jpg,/profil/yasemingursurer/,Orijinal Tarifi Burada: Domates Çorbası,Domates Çorbası,/tarif/domates-corbasi/,30 dk,30 dk,"<p>Havalar soğumaya başladı, yaz mevsimini hep birlikte uğurladık. Hafif hüzünlüyüz, ancak dumanı üzerinde tüten çorbalar içeceğimiz için de mutluyuz. En sevdiğiniz <a href=""https://yemek.com/tarif/corba/"" target=""_blank"">çorba</a> tarifi nedir? Bizim için <a href=""https://yemek.com/tarif/domates-corbasi/"" target=""_blank"">domates çorbasının</a> ayrı bir yeri var diyebiliriz. Bütün <a href=""https://yemek.com/tarif/"" target=""_blank"">yemek tarifleri</a>nin arasında yeri ayrı.</p>
<p>Hele ki dumanı üstünde ev yapımı domates çorbası yok mu..Gelin onu güzelleyelim bir parça. Domates çorbası tarifi kaşar peynirsiz olmaz. Bazen yerini krema alabilir ama domates çorbasını özel kılan ilk kaşıkla birlikte uzayıp giden kaşar peyniridir. Onu toparlaması ve sağa sola bulaştırmadan yenilmesi ayrı bir maceradır. <a href=""https://yemek.com/tarif/baharatli-kruton/"" target=""_blank"">Kızarmış ekmek dilimleri</a> hatta mümkünse <a href=""https://yemek.com/tarif/sarimsakli-ekmek/"" target=""_blank"">sarımsaklı ekmekler</a> çorbaya ayrı bir tat katar. Soğuk kış günlerinin keyfi böyle böyle çıkar.</p>
<p>Siz de bu <a href=""https://yemek.com/tarif/kolay-domates-corbasi/"" target=""_blank"">kolay domates çorbası</a> tarifiyle sevdiklerinizin içini ısıtabilir; onu sandığınızdan çok daha kolay ve pratik bir şekilde yapabilirsiniz. Şimdiden afiyet olsun!</p>
<p>&nbsp;</p>
",recipe,"['tereyağı', 'tuz', 'un', 'sıcak et suyu', 'sıcak süt', 'rendelenmiş kaşar peyniri', 'domates']","['Tereyağını tavada eritin.', 'Unu ekleyip kokusu çıkana kadar kısık ateşte kavurun.', 'Rendelenmiş domatesleri kavrulmuş un karışımına ekledikten sonra 5 dakika kadar pişirin.', 'Üzerine sıcak et suyunu ve tuzu ilave edin. Kesilmemesi için küçük bir cezvede ısıttığınız sütü azar azar ekleyip hızlıca karıştırın.', 'Çorbayı kaynayana kadar orta ateşte ardından da kısık ateşte 15 dakika kadar pişirin. Daha pürüzsüz bir kıvam alması için blenderdan geçirin. Servis kaselerine aldığınız çorbayı, rendelenmiş kaşar peynir ilavesiyle sıcak olarak servis edin.\xa0Afiyet olsun!']",ÇORBA,,/tarif/corba/,"['Çorba', 'Video', 'Mevsiminde']","['akşam yemeği', 'öğle yemeği']","['Öğle Yemeği', 'Akşam Yemeği']",['Tencere'],"['Ekonomik', 'Vejetaryen']",False,1800,1800,2022-03-18T15:00:23Z,4.0,2396278,8509,False,True,True,0,,0,,,,2022/03/domates-corbasi-sevgililer-gunu-gorsel.jpg,0,0,https://cdn.yemek.com/mnresize/940/940/uploads/2022/03/domates-corbasi-sevgililer-gunu-gorsel.jpg,940,940,False,https://cdn.yemek.com/mncrop/300/200/uploads/2022/03/domates-corbasi-sevgililer-gunu-gorsel.jpg,300,200,True,https://cdn.yemek.com/mncrop/940/625/uploads/2022/03/domates-corbasi-sevgililer-gunu-gorsel.jpg,940,625,True,https://cdn.yemek.com/mncrop/620/388/uploads/2022/03/domates-corbasi-sevgililer-gunu-gorsel.jpg,620,388,True,https://cdn.yemek.com/mncrop/600/315/uploads/2022/03/domates-corbasi-sevgililer-gunu-gorsel.jpg,600,315,True,['tencere'],greenLight,"['Haziran', 'Temmuz', 'Ağustos', 'Eylül']",,,
28,72,Yasemin Özaltın,https://cdn.yemek.com/author/35533/20181219061403_avatar.jpg,/profil/yasemingursurer/,En Gerçek Tarifiyle: Ezogelin Çorbası,Ezogelin Çorbası,/tarif/ezogelin-corbasi/,45 dk,15 dk,"<p>Türk mutfağına özgü, buram buram Anadolu kokan, binlerce yıllık bir <a href=""https://yemek.com/tarif/corba/"" target=""_blank"">çorba tarifiyle</a> karşınızdayız. <a href=""https://yemek.com/tarif/"" target=""_blank"">Yemek tarifleri</a> arasından seçtiğiniz ana yemek ne olursa olsun, ona mutlaka yakışacak olan ezogelin çorbasından bahsediyoruz. Siz de bu kolay ev yapımı ezogelin çorbasıyla sofralarınızı sıcacık yapabilirsiniz.</p>
<p>Ezogelin çorbası tarifi; yüksek oranda bereket içerir. Besleyicidir, lezzetlidir, pratiktir. Tüm bunların yanı sıra <a href=""https://yemek.com/tarif/mercimek-corbasi/"" target=""_blank"">mercimek çorbası</a> ile olan amansız rekabetiyle, bütün kebapçıların olmazsa olmaz çorbası olma özelliğini taşır. Hastalıklara karşı amansızca savaşır, siz iyi olun diye varını yolunu ortaya koyar. Tırnak pide ya da <a href=""https://yemek.com/tarif/bazlama/"" target=""_blank"">bazlama</a>yı çok sever.</p>
<p>Ezogelin çorbasını Türk mutfak tarihine kazandıran ve çorbaya adını veren Gaziantep’in Uruş (Dokuzyol) köyünde yaşamış olan Ezo Gelin’e şükranlarımızı sunarız. Merak edenler varsa ezogelin çorbasının hikayesi hemen şurada: <a href=""https://yemek.com/ezogelin-corbasinin-hikayesi/"" target=""_blank"">Hikayesi de Lezzeti Kadar Anadolu: Ezogelin Çorbasının Hikayesi</a></p>
<p>O zaman adım adım resimli ve videolu ezogelin çorbası yapılışı ve tarifi sizi bekler. <img src=""https://cdn.yemek.com/assets/images/smiley/wink.png"" class=""wp-smiley img-responsive"" /></p>
",recipe,"['kırmızı mercimek', 'pirinç', 'bulgur', 'kuru soğan', 'tereyağı', 'sıcak su', 'nane', 'tuz', 'limon suyu', 'pul biber', 'domates salçası']","['Sıcak suyu geniş bir tencerede kaynatın. Yıkayıp suyunu süzdürdüğünüz 2 çay bardağı kırmızı mercimeği tencereye aktarın.', '3 yemek kaşığı pirinci, 2 yemek kaşığı bulguru ve 1 tatlı kaşığı tuzu tencereye aktarın.', 'Yaklaşık 35 dakika, kırmızı mercimekler yumuşayana kadar pişirin.', 'Ayrı bir tavada 1 yemek kaşığı tereyağını eritin.', 'Üzerine 1 adet küp doğranmış kuru soğanı ekleyin ve kavurmaya başlayın.', 'Kavrulan soğanlara 1 tatlı kaşığı domates salçasını ekleyin.', '1 tatlı kaşığı naneyi ekleyip, 2 dakika daha kavurun.', 'Kavrulan sosunuzu ocaktan alın.', 'Bakliyatları kaynattığınız tencereye kavrulan salçalı soğan karışımı ekleyin.', 'Sonra hızlıca karıştırdığınız çorbayı 10 dakika daha pişirin.', 'Limon suyu ve pul biber ilavesiyle sıcak olarak servis edin.\xa0Afiyet olsun!']",ÇORBA,,/tarif/corba/,"['Çorba', 'Ramazan', 'Video']","['ekonomik', 'öğle yemeği']","['Öğle Yemeği', 'Ara Öğün', 'Akşam Yemeği']",['Tencere'],"['Ekonomik', 'Vejetaryen']",False,2700,900,2019-04-10T08:00:07Z,4.0,2061511,10279,False,True,True,0,,0,,,,2014/06/ezogelin-corbasi-yemekcom.jpg,0,0,https://cdn.yemek.com/mnresize/940/940/uploads/2014/06/ezogelin-corbasi-yemekcom.jpg,940,940,False,https://cdn.yemek.com/mncrop/300/200/uploads/2014/06/ezogelin-corbasi-yemekcom.jpg,300,200,True,https://cdn.yemek.com/mncrop/940/625/uploads/2014/06/ezogelin-corbasi-yemekcom.jpg,940,625,True,https://cdn.yemek.com/mncrop/620/388/uploads/2014/06/ezogelin-corbasi-yemekcom.jpg,620,388,True,https://cdn.yemek.com/mncrop/600/315/uploads/2014/06/ezogelin-corbasi-yemekcom.jpg,600,315,True,['tencere'],greenLight,,,,
29,247,Yasemin Özaltın,https://cdn.yemek.com/author/35533/20181219061403_avatar.jpg,/profil/yasemingursurer/,Tam Ölçülü: Pancake (Pankek),Pancake (Pankek),/tarif/pancake/,20 dk,20 dk,"<p>Bizim kültürümüzde <a href=""https://yemek.com/tarif/akitma/"" target=""_blank"">akıtma</a> ya da <a href=""https://yemek.com/tarif/krep"" target=""_blank"">krep</a> olarak bilinen hamur işinin biraz daha kalını ve kahvaltıların yıldızıdır pankek. Peynirli, zeytin ezmeli tuzlu çeşitleri yapılabileceği gibi çikolata kremalı ve meyveli çeşitlerini de aynı tarifle kolaylıkla hazırlayabilirsiniz. <a href=""https://yemek.com/tarif/kahvaltiliklar/"" target=""_blank"">Kahvaltılık tarif</a> aradığınızda eliniz bu tarife hemen gidecek.</p>
<p>Bu kahvaltılık <a href=""https://yemek.com/tarif/kolay-pankek/"" target=""_blank"">kolay pankek tarifi</a>nde pankek hamurunun nasıl yapılacağından <strong>tavada pankek yapmanın püf noktalarına</strong> kadar her şeyi bulabilecek, evde pankek yapımının tüm inceliklerini öğreneceksiniz.</p>
<p>Pancake tarifi gerçekten oldukça basit. Yumurta, un, kabartma tozu, toz şeker, süt, ayçiçek yağı gibi temel malzemeler içeriyor bu <strong>pratik hamur işi</strong>. Servis esnasında meyve dilimleri, eritilmiş çikolata çeşitleri, sosları oldukça yakışıyor. Akçaağaç şurubuyla da çok iyi gittiğini söylemeden geçmeyelim.</p>
<p>4 kişilik pankek nasıl yapılır diyenler için adım adım resimli ve videolu pancake tarifiyle en güzel pankekler hep sizin mutfaktan çıkacak! <img src=""https://cdn.yemek.com/assets/images/smiley/smile.png"" class=""wp-smiley img-responsive"" /></p>
",recipe,"['tuz', 'yumurta', 'toz şeker', 'ayçiçek yağı', 'ayçiçek yağı', 'süt', 'un', 'kabartma tozu', 'bal', 'vanilin']","['Pankek tarifi için derin bir karıştırma kabında 2 yumurta ve yarım su bardağı şekeri alın.', 'Şeker eriyene ve karışım krema kıvamını alana kadar\xa0çırpın.', 'Yumurtalı karışımın üzerine, 2 yemek kaşığı sıvı yağ ve 1,5 su bardağı sütü de koyup tekrar çırpın.', '2 su bardağı un, 1 paket kabartma tozu, 1 paket vanilin ve bir tutam tuzu da eleyerek karışımın içerisine ekleyin.', 'Pürüzsüz bir kıvam alana kadar çırpın.', 'İlk pankeki pişirmek için; krep tavasını ayçiçek yağı ile yağlayın. Kızdırdığınız tavaya küçük bir kepçe ya da bir kahve fincanı kadar pankek harcını aktarın.', 'Ocağın altını kısın. Pankeki, üzeri göz göz olana kadar pişirin. Bir spatula yardımıyla çevirdiğiniz pankekin diğer tarafını da aynı şekilde pişirin.', 'Krep tavasını arada yağlayarak pankek harcı bitene kadar aynı işlemi tekrarlayın.', 'Servis tabağına aldığınız pankeklerin üzerine tereyağı koyup bal gezdirebilirsiniz, afiyet olsun.']",KAHVALTILIK,239b56,/tarif/kahvaltiliklar/,"['Kahvaltılık', 'Video']","['kahvaltı', 'çay saati']","['Kahvaltı', 'Çay Saati']",['Tava'],"['Ekonomik', 'Vejetaryen']",False,1200,1200,2022-03-10T07:30:22Z,4.0,2051860,12838,False,True,True,0,,0,,,,2014/07/pancake-yemekcom.jpg,0,0,https://cdn.yemek.com/mnresize/940/940/uploads/2014/07/pancake-yemekcom.jpg,940,940,False,https://cdn.yemek.com/mncrop/300/200/uploads/2014/07/pancake-yemekcom.jpg,300,200,True,https://cdn.yemek.com/mncrop/940/625/uploads/2014/07/pancake-yemekcom.jpg,940,625,True,https://cdn.yemek.com/mncrop/620/388/uploads/2014/07/pancake-yemekcom.jpg,620,388,True,https://cdn.yemek.com/mncrop/600/315/uploads/2014/07/pancake-yemekcom.jpg,600,315,True,,,,['Amerika Birleşik Devletleri'],,
30,188,Yasemin Özaltın,https://cdn.yemek.com/author/35533/20181219061403_avatar.jpg,/profil/yasemingursurer/,"Kabardıkça Kabarır, Şerbetini Tam Çeker: Revani",Revani,/tarif/revani/,30 dk,35 dk,"<p>Bugün akşam yemeğine en lezzetli <a href=""https://yemek.com/ramazan-tatlilari/"" target=""_blank"">ramazan tatlılarından</a> biri olan revaniyi koyacağız. Revani tarifini uygularken bir yandan saray mutfağının bize Osmanlı'dan kalan en yadigar şeylerden biri olduğunu hatırlayacağız. Yaptığımız <a href=""https://yemek.com/tarif/"" target=""_blank"">yemek tariflerine</a> tatlı olarak onu çok yakıştıracağız. <a href=""https://yemek.com/tarif/tatli/"" target=""_blank"">Tatlı tariflerinin</a> arasında en çok sevdiklerimiz arasına ekleyeceğiz.</p>
<p>Klasik revaniyi evde pratik bir şekilde yapabilmek mümkün aslında. <strong>""Revani tatlısı nasıl yapılır""</strong> sorusunun hemen aşağıda adım adım resimli cevabını bulabileceğiniz nefis irmikli ve tam ölçülü evde kolay <a href=""https://yemek.com/tarif/muhallebili-revani/"" target=""_blank"">revani</a> yapımı tarifimizin bir püf noktası var bilinmesi gereken: Tahmin edeceğiniz gibi <a href=""https://yemek.com/tarif/serbetli-tatlilar/"" target=""_blank"">şerbetli tatlılardan</a> revaninin kıvamı önemli, onu da bir kaşık yardımıyla alacağınız şerbeti parmağınıza damlatıp, damlanın yayılıp yayılmadığını görerek anlayabilirsiniz. Eğer şerbet damlası yayılmıyorsa kıvamı tutmuş, revani yapımı için hazır hale gelmiş demektir. Böylelikle <strong>""Revani şerbeti nasıl dökülür, revani şerbeti nasıl olmalı?""</strong> sorusunun cevabını merak edenleri de rahatlatmış olduk.</p>
<p>Şerbetin yoğunluğu ile kekinin kabarıklığı için düşündüğümüz revani yapımı püf noktalarını tarif kısmında bulabilirsiniz. <a href=""https://yemek.com/revani-tarifleri/"" target=""_blank"">Farklı revani tarifleri</a> ve çok sevilen <a href=""https://yemek.com/tarif/hashasli-revani/"" target=""_blank"">haşhaşlı revani</a> tarifimizi de şöyle bırakalım.</p>
<p>O halde lafı daha fazla uzatmayalım, sizi en güzel revani tarifiyle baş başa bırakalım.</p>
",recipe,"['limon suyu', 'yumurta', 'toz şeker', 'toz şeker', 'ayçiçek yağı', 'un', 'kabartma tozu', 'su', 'yoğurt', 'irmik', 'rendelenmiş Hindistan cevizi', 'vanilin']","['Tatlının şerbetini hazırlamak için;\xa03 su bardağı su ve 2,5 su bardağı toz şekeri\xa0bir tencereye aktarın.', 'Kısık ateşte yaklaşık 30 dakika kadar kaynattıktan sonra limon suyunu ekleyin ve ılınması için ocaktan alın.', '3 yumurta bir kabın içerisine aktarın.', 'Üzerine 1 çay bardağı toz şekeri bir mikser yardımıyla toz şeker tamamen eriyene kadar karıştırın.', '1 çay bardağı ayçiçek yağı, 1 su bardağı yoğurt ve 1 su bardağı irmiği de ekledikten sonra tekrar karıştırın.', 'Son olarak 1,5 su bardağı\xa0un, 1 paket kabartma tozu ve 1 paket vanilini de karışıma ekledikten sonra çırpma işlemini sürdürün.', 'Yağlanmış fırına dayanıklı kalıbın içerisine hazırladığınız revani karışımını dökün.', 'Önceden ısıtılmış 180 derece fırında\xa025-30 dakika kadar pişirin.\xa0Fırından çıkardığınız revaninin ilk sıcaklığı geçtikten sonra oda sıcaklığında soğumuş şerbeti üzerine dökün ve şerbeti çekene kadar yaklaşık 1-2 saat bekleyin.', 'Ardından bıçak yardımıyla revaniyi dilimleyin.', 'Dilimlediğiniz ılık tatlıya rendelenmiş Hindistan cevizi serpiştirip servis edin. Afiyet olsun!']",ŞERBETLİ TATLI,239b56,/tarif/serbetli-tatlilar/,"['Tatlı', 'Şerbetli Tatlı', 'Ramazan', 'Video']","['ekonomik', 'çay saati']",['Çay Saati'],"['Fırın', 'Tencere']",,False,1800,2100,2022-04-20T11:00:29Z,4.0,2029239,5485,False,True,True,0,,0,,,,2014/06/revani-yemekcom.jpg,0,0,https://cdn.yemek.com/mnresize/940/940/uploads/2014/06/revani-yemekcom.jpg,940,940,False,https://cdn.yemek.com/mncrop/300/200/uploads/2014/06/revani-yemekcom.jpg,300,200,True,https://cdn.yemek.com/mncrop/940/625/uploads/2014/06/revani-yemekcom.jpg,940,625,True,https://cdn.yemek.com/mncrop/620/388/uploads/2014/06/revani-yemekcom.jpg,620,388,True,https://cdn.yemek.com/mncrop/600/315/uploads/2014/06/revani-yemekcom.jpg,600,315,True,,,,,,
31,2744,Cemre Özgüzel,https://cdn.yemek.com/author/109/20200211010242_avatar.jpg,/profil/cemre-ozguzel/,Az Malzemeyle Mükemmel Kıvam: Muhallebi,Muhallebi,/tarif/muhallebi/,15 dk,5 dk,"<p>Çocukluğumuzdan beri damağımızın alışık olduğu bir <a href=""https://yemek.com/tarif/tatli/"" target=""_blank"">tatlı tarifi</a> muhallebi. <strong>Pirinç unuyla hazırlanan muhallebi tarifler</strong>i olsa da kıvamı nişastayla bağlandığında bir o kadar güzel olur tadı. Öylesine yalın ve naif bir tattır ki kuru yemişler, çikolata ve çeşitli meyve sosları eşliğinde farklı tariflere bürünür.</p>
<p>Yaz sıcağına yakışır muhallebi tatlısı, keyfi kaşıklanır. Üzerine toz tarçınla yapabileceğiniz süslemelerle de saygı uyandırır. Başarıyla uygulanmış bir sütlü muhallebi tarifini tamamlayıcı nitelikte olan bu süslemeler ise tamamen sizin yaratıcılığınıza kalmış. <a href=""https://yemek.com/tarif/sutlu-tatlilar/"" target=""_blank"">Sütlü tatlıların </a>en kolay ve ekonomiği olan <strong>muhallebi tarifi</strong>mizle keyif dolu dakikalar yaşayabilirsiniz.</p>
<p>Biz sade muhallebi hazırladık ama diğer muhallebi çeşitleri için sizi şu tariflerimize de bekleriz: <a href=""https://yemek.com/muhallebi-tarifleri/"" target=""_blank"">Sıcak Yaz Günlerinde Midenizi Yormayarak Sizi Mutlu Edecek 17 Muhallebi Tarifi</a></p>
<p>En güzel muhallebinin sizin elinizden çıkmasını sağlayacak olan bu tarifi ister bardakta, ister kupta, ister fincanda servis edebilirsiniz. Hazırsanız pratik ve <a href=""https://yemek.com/tarif/kolay-muhallebi/"" target=""_blank"">kolay muhallebi</a> tarifimizle başbaşa bırakalım sizi.</p>
",recipe,"['tereyağı', 'toz şeker', 'süt', 'un', 'toz Antep fıstığı', 'buğday nişastası', 'muz', 'vanilin']","['5\xa0su bardağı soğuk sütü geniş bir tencereye aktarın.\xa0Yarım çay bardağı un, 3 yemek kaşığı buğday nişastası ve 1 su bardağı toz şekeri ilave ettikten sonra ocağın altını açın.', 'Ara ara karıştırarak koyu bir kıvam alana kadar pişirin.', 'Kıvam alan muhallebinin altını kapatın.', 'Henüz sıcakken içerisine\xa01 tatlı kaşığı tereyağı ve 1 paket vanilin ilave ederek çırpın.', 'Ardından servis kaselerine paylaştırın ve soğutun.', 'Antep fıstığıyla süsleyip tatlandırdığınız muhallebileri soğuk olarak sevdiklerinizle paylaşın.']",SÜTLÜ TATLI,239b56,/tarif/sutlu-tatlilar/,"['Tatlı', 'Ramazan', 'Sütlü Tatlı', 'Video']","['pratik yemek tarifleri', 'çay saati']",['Çay Saati'],['Tencere'],['Ekonomik'],False,900,300,2019-04-04T08:57:18Z,4.0,1868226,4584,False,True,True,0,,0,,,,2015/06/muhallebi-yemekcom.jpg,0,0,https://cdn.yemek.com/mnresize/940/940/uploads/2015/06/muhallebi-yemekcom.jpg,940,940,False,https://cdn.yemek.com/mncrop/300/200/uploads/2015/06/muhallebi-yemekcom.jpg,300,200,True,https://cdn.yemek.com/mncrop/940/625/uploads/2015/06/muhallebi-yemekcom.jpg,940,625,True,https://cdn.yemek.com/mncrop/620/388/uploads/2015/06/muhallebi-yemekcom.jpg,620,388,True,https://cdn.yemek.com/mncrop/600/315/uploads/2015/06/muhallebi-yemekcom.jpg,600,315,True,,,,,,
32,4172,ipeksare,https://cdn.yemek.com/author/262494/20200820091315_avatar.jpg,/profil/ipeksare/,Tane Tane Dökülür: Pirinç Pilavı,Pirinç Pilavı,/tarif/pirinc-pilavi/,20 dk,15 dk,"<p>Türlü türlü <a href=""https://yemek.com/tarif/"" target=""_blank"">yemek tariflerini</a> tamamlayan, <a href=""https://yemek.com/tarif/kuru-fasulye/"" target=""_blank"">kuru fasulye</a>-turşu ikilisine komşu olan, bir dönem yoğurtla takılan, <a href=""https://yemek.com/tarif/anne-koftesi/"" target=""_blank"">köfte patates</a> sevdalısı pilav... Kaşıktan tel tel dökülen pilav... Aromatik sebze ve kuru baharatlarla ev yapımı tavuk suyunuzu kendiniz hazırlayın bir güzel, ortalama pirinç çeşitlerine göre bir ölçü pirince bir buçuk ölçü su kullanacağınızı düşünün.</p>
<p>Yanma derecesini yükseltmek için tereyağını az miktarda ayçiçek yağıyla kavurun. Az miktarda arpa ya da tel şehriyeyi kavurup berrak su çıkana kadar duruladığınız pirinçleri pilav tenceresine alın. Şeffaf bir renk alana kavurup sıcak tavuk suyunu ekleyin. Tuzla tatlandırın, taze sıkılmış limon suyu, kesme şeker gibi unsurları küçük püf noktaları olarak değerlendirin pilav tarifinde. ""Pilavın tane tane olması için ne yapılır?"" diye soruyorsanız da size nefis önerilerimiz var: <a href=""https://yemek.com/pilav-nasil-yapilir/"" target=""_blank"">Tane Tane Dökülen Ev Yapımı Pilavlar İçin Demini Almış 5 Öneri</a></p>
<p>Pilavı yiyip de hemen kaçmayın, yorum bırakmayı unutmayın, yaptığınız bir değişiklik varsa bizlerle de paylaşın. Şimdiden ellerinize sağlık diyor tane tane dökülen pirinç pilavı tarifimize buyurun.</p>
<p>Farklı pilav tarifleri içinse sizi <a href=""https://yemek.com/tarif/pilav/"" target=""_blank"">şöyle</a> alalım. <img src=""https://cdn.yemek.com/assets/images/smiley/smile.png"" class=""wp-smiley img-responsive"" /></p>
",recipe,"['pirinç', 'tereyağı', 'sıcak su', 'tuz', 'karabiber']","['Uygun bir pilav tenceresinin içerisine tereyağı ekleyin.', 'Tereyağı eridikten sonra pirinçleri ekleyip kavurmaya başlayın. Pirinçler tane tane dökülmeye başlayana kadar yaklaşık 5 dakika kavurun.', 'Sıcak suyu ekleyin, tuzu ve karabiberi de ilave edin.', 'Bir kez karıştırın, kapağını kapatın ve kısık ateşte pişirin.', 'Suyunu çeken pilavın üzerine bir bez koyun ve demlenmesi için dinlendirin.', 'Biraz et ya da tavuk ile servis edebilirsiniz. Afiyet olsun!']",PİLAV,239b56,/tarif/pilav/,"['Pilav', 'Video']","['ekonomik', 'akşam yemeği', 'öğle yemeği']","['Öğle Yemeği', 'Akşam Yemeği']",['Tencere'],['Ekonomik'],False,1200,900,2020-09-02T06:35:37Z,4.0,1783014,2538,False,True,True,0,,0,,,,2020/09/pirinc-pilavi-yemekcom.jpg,0,0,https://cdn.yemek.com/mnresize/940/940/uploads/2020/09/pirinc-pilavi-yemekcom.jpg,940,940,False,https://cdn.yemek.com/mncrop/300/200/uploads/2020/09/pirinc-pilavi-yemekcom.jpg,300,200,True,https://cdn.yemek.com/mncrop/940/625/uploads/2020/09/pirinc-pilavi-yemekcom.jpg,940,625,True,https://cdn.yemek.com/mncrop/620/388/uploads/2020/09/pirinc-pilavi-yemekcom.jpg,620,388,True,https://cdn.yemek.com/mncrop/600/315/uploads/2020/09/pirinc-pilavi-yemekcom.jpg,600,315,True,['tencere'],,,,,
33,313,Yasemin Özaltın,https://cdn.yemek.com/author/35533/20181219061403_avatar.jpg,/profil/yasemingursurer/,Yağ Çekmeden Pişer: Mücver,Mücver,/tarif/mucver/,15 dk,15 dk,"<p>Türk mutfağının, mutfağımıza ait tüm <a href=""https://yemek.com/tarif/"" target=""_blank"" rel=""noopener"">yemek tariflerinin</a> uzağında ama çok sevilen kuzeni ya da teyzesidir mücver tarifi. Her öğün göremezsin, her akşam yemezsin, yiyemezsin. Ancak her gördüğünde mutlu olursun; daha çok görmek istersin. Özeldir, yeri ayrıdır. Herkes güzelini yapamaz.</p>
<p>Arzu ettiğiniz yeşillik, patates, havuç hatta kereviz gibi <a href=""https://yemek.com/tarif/sebze/"" target=""_blank"" rel=""noopener"">sebze</a>leri de ekleyerek hazırlayabileceğiniz bir <a href=""https://yemek.com/tarif/atistirmaliklar/"" target=""_blank"" rel=""noopener"">atıştırmalık</a>, kolay mücver tarifimiz var. Ne güzel olur <strong>kabak mücveri</strong>, küçük püf noktaları vardır onun. Çok fazla yağ çekmemesi için yağı önceden kızdırmalı, rendelenmiş sebzelerin suyunu sıkmalı, sebzelerin taze olmasına dikkat etmeli örneğin.</p>
<p>Anne eli değmiş mücver, bu tarifte biraz daha renk kazanıyor. Yeşillik ve kabakların yanına havuç da katılıyor. Ana yemeğiniz ne olursa olsun bugün sofranızda <strong>kızarmış çıtır mücverler</strong> de yer alsın bizce.</p>
<p>Daha fazla mücver çeşidi görmek isteyenleri ise şöyle alabiliriz: <a href=""https://yemek.com/mucver-tarifleri/"" target=""_blank"" rel=""noopener"">Mücver Tarifleri</a></p>
<p>Kızartmalardan uzak duruyorsanız sizi fırında kabak mücveri tarifimize şuradan davet edelim: <a href=""https://yemek.com/tarif/firinda-mucver/"" target=""_blank"" rel=""noopener"">Fırında Mücver Tarifi, Nasıl Yapılır?</a></p>
<p>Videolu tarifimize aşağıya bırakıyoruz. Keyfini çıkarmanız dileğiyle!</p>",recipe,"['tuz', 'yumurta', 'un', 'karabiber', 'havuç', 'taze soğan', 'kabak', 'dereotu', 'sıvı yağ']","['<p>Mücver için bol suda yıkadığınız kabakları rendenin\xa0iri kısmıyla rendeleyin.\xa0Mücveri sulandırmaması için; rendelenmiş kabakların suyunu sıkarak çıkartın.</p>', '<p>Geniş bir kapta rendelenen kabakları, havucu, yumurtayı, taze soğanı, dereotunu, tuzu, karabiberi birleştirin.</p>', '<p>Unu da ilave edip tüm malzemeler birbiriyle harmanlayın.</p>', '<p>Tüm malzemeler macun kıvamını alana kadar spatula yardımıyla karıştırın.</p>', '<p>Her bir mücver 1 tepeleme yemek kaşığı olacak şekilde ayarlayıp tavaya dökün.</p>', '<p>Kızgın yağda altın sarısı rengini alana kadar kızartın. Mücverlerin fazla yağını havlu kağıda süzdürdükten sonra servis tabağına alın ve çırpılmış yoğurt ile servis edin. Afiyet olsun!</p>']",SEBZE,239b56,/tarif/sebze/,"['Sebze', 'Özel Beslenme', 'Vejetaryen', 'Video', 'Kızartma', 'Mevsiminde']",,['Çay Saati'],['Kızartma'],"['Ekonomik', 'Vejetaryen']",False,900,900,2021-11-09T03:30:59Z,4.0,1738171,11618,False,True,True,0,,0,,,,2014/07/mucver-ytk-site.jpg,0,0,https://cdn.yemek.com/mnresize/940/940/uploads/2014/07/mucver-ytk-site.jpg,940,940,False,https://cdn.yemek.com/mncrop/300/200/uploads/2014/07/mucver-ytk-site.jpg,300,200,True,https://cdn.yemek.com/mncrop/940/625/uploads/2014/07/mucver-ytk-site.jpg,940,625,True,https://cdn.yemek.com/mncrop/620/388/uploads/2014/07/mucver-ytk-site.jpg,620,388,True,https://cdn.yemek.com/mncrop/600/315/uploads/2014/07/mucver-ytk-site.jpg,600,315,True,,,"['Haziran', 'Temmuz', 'Ağustos']",,,
34,272,Neşe Ümit Tan,https://cdn.yemek.com/author/208653/20190910030615_avatar.jpg,/profil/neseumit/,Tam Kıvamında: Sütlaç,Sütlaç,/tarif/sutlac/,31 dk,5 dk,"<p><a href=""https://yemek.com/tarif/"" target=""_blank"">Yemek tariflerinin</a> en tatlı, en sevilen ismi, <a href=""https://yemek.com/tarif/sutlu-tatlilar/"" target=""_blank"">sütlü tatlılar</a>ın en besleyicisi, pirincin en güzel halidir sütlaç tarifi. Tencerede kıvam aldıktan sonra ısıya dayanıklı toprak kaplara paylaştırılıp fırında kızaran hali <a href=""https://yemek.com/tarif/firin-sutlac/"" target=""_blank"">fırın sütlaç</a> ismini alır. Çocukluk yıllarından aşina olduğumuz besleyici bir tatlıdır. <a href=""https://yemek.com/"" target=""_blank"">Tarifler</a> içinde özellikle sütlü tatlıların ve <a href=""https://yemek.com/tarif/tatli/"" target=""_blank"">tatlı tariflerinin</a> en şahanesidir!</p>
<p>Ev yapımı sütlacı tam kıvamında ve tam ölçülü yapmak için birkaç püf noktasına ihtiyacınız var. Klasik sütlaçtan vazgeçemeyenlerin evde nefis <a href=""https://yemek.com/tarif/firin-sutlac/"" target=""_blank"">fırın sütlaçlar</a> yapmasını sağlayacak olan ve en güzel sütlaç tarifine ulaşmanızı sağlayacak bu tarifi bir köşeye not edin deriz. <a href=""https://yemek.com/tarif/sutlu-tatlilar/"" target=""_blank"">Sütlü tatlıların</a> en güzeli, <a href=""https://yemek.com/ramazan-tatlilari/"" target=""_blank"">ramazan için tatlılardan</a> <strong>en hafif sütlaç tarifi</strong> karşınızda!</p>
",recipe,"['pirinç', 'sıcak su', 'toz şeker', 'süt', 'su', 'buğday nişastası']","['Sadece bir kez sudan geçirerek yıkadığınız\xa0pirinci tencereye alın ve\xa02 su bardağı sıcak suyu ekleyerek kısık ateşte pişirmeye başlayın. Bu sırada ara ara nazikçe karıştırın.', 'Pirinç, suyu çekip lapa hale gelince üzerine sütü ilave edin. Karıştırın ve\xa0süt kaynayana kadar ara ara karıştırmaya devam edin. Kaynadıktan sonra altını kısın, 8-10 dakika daha bu şekilde karıştırarak kısık ateşte pişirin.', 'Ardından şekeri ekleyin, karıştırın. Tekrar kaynamasını bekleyin ve 4-5 dakika daha da kısık ateşte bu şekilde kaynatın.', 'Nişastayı eklemek için bir kabın içerisine alın, 1 çay bardağı suyla karıştırın.', 'Aynı anda hem karıştırıp hem tencereye ekleyin. Azar azar dökerek eklerseniz topaklanma riskini de engellemiş olursunuz.\xa0Karıştırdıktan sonra hafifçe kıvam alana kadar pişirin. Bu sırada tekrar kaynayacak ve minik minik balonların yüzeye ulaştığını göreceksiniz, bunu gördükten sonra kısık ateşe alıp 1-2 dakika daha pişirin ve ardından ocaktan alın.', 'Bu noktada sütlacın kıvamı akışkan bir boza kıvamında olmalıdır.\xa0Sütlaç harcını bir kepçeyle kaselere dağıtın.', 'Oda sıcaklığında soğuduktan\xa0sonra buzdolabında en az 2 saat, tercihen 1 akşam kadar bekletin ve servis etmeden önce buzdolabından çıkarıp 5 dakika bekletin, tarçın serperek servis edin.', 'Afiyet olsun!']",SÜTLÜ TATLI,239b56,/tarif/sutlu-tatlilar/,"['Tatlı', 'Ramazan', 'Sütlü Tatlı', 'Video']",['çay saati'],['Çay Saati'],['Tencere'],,False,1860,300,2022-03-11T07:15:20Z,4.0,1693684,4171,False,True,True,0,,0,,,,2019/05/sutlac-guncelleme-sunum-1.jpg,0,0,https://cdn.yemek.com/mnresize/940/940/uploads/2019/05/sutlac-guncelleme-sunum-1.jpg,940,940,False,https://cdn.yemek.com/mncrop/300/200/uploads/2019/05/sutlac-guncelleme-sunum-1.jpg,300,200,True,https://cdn.yemek.com/mncrop/940/625/uploads/2019/05/sutlac-guncelleme-sunum-1.jpg,940,625,True,https://cdn.yemek.com/mncrop/620/388/uploads/2019/05/sutlac-guncelleme-sunum-1.jpg,620,388,True,https://cdn.yemek.com/mncrop/600/315/uploads/2019/05/sutlac-guncelleme-sunum-1.jpg,600,315,True,,,,,,
35,125,Yasemin Özaltın,https://cdn.yemek.com/author/35533/20181219061403_avatar.jpg,/profil/yasemingursurer/,Basit Malzemelerle: Kolay Tiramisu,Kolay Tiramisu,/tarif/kolay-tiramisu/,15 dk,15 dk,"<p>""Tiramisu hangi ülkeye ait?"" diyenlere hemen cevap vererek başlayalım. İtalyan asıllı bir <a href=""https://yemek.com/tarif/tatli/"" target=""_blank"">tatlı</a> olan <a href=""https://yemek.com/tarif/tiramisu/"" target=""_blank"">tiramisu</a>, ülkemizde son yıllarda popüler olmasıyla tanınır. Mutluluk ve enerji veren bir tatlı olduğu için de İtalyanlar bu tatlıya 'Beni yukarı çek, beni yukarı kaldır' anlamına gelen tiramisu ismini vermiştir. Bu hali de onun oldukça pratikleşmiş hali. Hazır kekle yapılan bu kolay tiramisu tarifi üstelik 30 dakikada hazır.</p>
<p>""Tiramisu nasıl yapılır?"" diyenler için tiramisu <a href=""https://yemek.com/tarif/kek/"" target=""_blank"">kek</a>inin labneli tiramisu kremasıyla nasıl buluştuğunu adım adım resimli bir şekilde anlatıyor, nefis süslemesiyle en güzel ve en pratik ev yapımı tiramisunun yapılışını tüm detaylarıyla anlatıyoruz!</p>
<p>İşte iştah açıcı görüntüsü ve lezzetiyle kolay tiramisu tarifi! En kısa zamanda onu çayınızın, kahvenizin yanına konuk edin deriz. Hem zamandan kazandıran hem de konuklarınıza nefis bir ikramda bulunmak istediğinizde de kurtarıcılarınızdan biri olacak nefis tarifimize davetlisiniz. Mevsimine göre de kolay tiramisularınızın üzerini dilediğiniz meyve ile süsleyebilirsiniz. Şimdiden ellerinize sağlık diyoruz.</p>
<p>Bu arada ""Ben kedi dili ile yapılan orijinal tiramisu <a href=""https://yemek.com/tarif/"" target=""_blank"">tarif</a>ini de merak ediyorum"" derseniz onun tarifini de hemen şöyle bırakıyoruz: <a href=""https://yemek.com/tarif/kedi-dilli-tiramisu/"" target=""_blank"">Kedidilli tiramisu tarifi, nasıl yapılır?</a></p>
",recipe,"['sıcak su', 'toz şeker', 'toz şeker', 'süt', 'un', 'yumurta sarısı', 'kakao', 'hazır kek', 'granül kahve', 'labne peyniri']","['Tiramisunun kremasını hazırlamak için; 2 su bardağı süt, 5 yemek kaşığı toz şeker, 3 yemek kaşığı un ve 1 adet\xa0 yumurta sarısını tencereye alın.', 'Sürekli karıştırarak orta ateşte muhallebi kıvamına gelene kadar pişirin. Piştikten sonra kremayı soğumaya bırakın.', 'Kek tabanını ıslatmak için; bir kasede 1 su bardağı sıcak suya, 1 yemek kaşığı granül kahve ve 1 tatlı kaşığı toz şekerini eriyene kadar karıştırın.', 'Pişirip soğumaya bıraktığınız kremaya 200 gram labne peynirini ekleyin ve bir mikser yardımıyla pürüzsüz bir kıvam alana kadar çırpın.', 'Servis tabağına ya da bir borcama pasta tabanının bir katını yerleştirin.', 'Kahveli karışımın yarısıyla keki ıslatın.', 'Üzerine hazırladığınız kremanın yarısını yayın.', 'Pastanın diğer katını da üzerine koyun ve\xa0 kahveli karışımla ıslatın. Kalan krema ile pastanın üzerini tamamen kaplayın.', 'Son olarak üzerine kakao serpiştirin.', 'Çilek dilimleriyle süsleyip buzdolabında 1- 2 saat beklettikten sonra dilimleyerek servis edin.\xa0Afiyet olsun!']",TATLI,239b56,/tarif/tatli/,"['Tatlı', 'Video', 'Dünya Mutfakları']","['ekonomik', 'ara öğün', 'çay saati']",['Çay Saati'],['Tencere'],['Vejetaryen'],False,900,900,2022-03-31T14:48:27Z,4.0,1687627,4451,False,True,True,0,,0,,,,2014/06/kolay-tiramisu-yemekcom.jpg,0,0,https://cdn.yemek.com/mnresize/940/940/uploads/2014/06/kolay-tiramisu-yemekcom.jpg,940,940,False,https://cdn.yemek.com/mncrop/300/200/uploads/2014/06/kolay-tiramisu-yemekcom.jpg,300,200,True,https://cdn.yemek.com/mncrop/940/625/uploads/2014/06/kolay-tiramisu-yemekcom.jpg,940,625,True,https://cdn.yemek.com/mncrop/620/388/uploads/2014/06/kolay-tiramisu-yemekcom.jpg,620,388,True,https://cdn.yemek.com/mncrop/600/315/uploads/2014/06/kolay-tiramisu-yemekcom.jpg,600,315,True,,,,['İtalya'],,
36,3548,Yasemin Özaltın,https://cdn.yemek.com/author/35533/20181219061403_avatar.jpg,/profil/yasemingursurer/,Tül Gibi İncecik: Krep,Krep,/tarif/krep/,20 dk,5 dk,"<p>Krep, <a href=""https://yemek.com/tarif/"" target=""_blank"">yemek tarifleri</a> ve <a href=""https://yemek.com/tarif/kahvaltiliklar/"" target=""_blank"">kahvaltılık tarifler</a> içinde en çok sevilenlerden biri. Bu yüzden mutfağa yeni giren de kahvaltıya pratik lezzetler hazırlamak isteyen de krep tarifini, <a href=""https://yemek.com/krep-yapmanin-puf-noktalari/"" target=""_blank"">krep yapmanın püf noktaları</a>nı merak ediyor; krep hamuru ve krep malzemelerini hazırlayıp kahvaltılık kreple sevdiklerini mutlu etmek istiyor.</p>
<p>Eğer siz de ""Tavada sade krep nasıl yapılır?"" konusunda meraklıysanız, <strong>evde krep yapımının püf noktalar</strong>ını öğrenmek istiyorsanız en güzel krep tarifi için aşağıya bekleniyorsunuz. Krep tarifi videomuzu da izlemeyi unutmayın der, büyüklerimizden <a href=""https://yemek.com/tarif/akitma/"" target=""_blank"">akıtma</a> olarak öğrendiğimiz şimdilerde krep diye duymaya alışık olduğumuz tül inceliğinde bu hamur işini kahvaltılarınızdan, çay saatlerinden mahrum etmeyin deriz. Eğer <a href=""https://yemek.com/tarif/2-kisilik-krep/"" target=""_blank"">2 kişilik krep</a> nasıl yapılır diyorsanız da bu tarifi yarım ölçü olarak gönül rahatlıyla hazırlayabilirsiniz.</p>
<p><strong>Kolay krep tarifi</strong> ile gelsin muhteşem kahvaltılar, lezzetli tatlılar. Paylaştığımız <a href=""https://yemek.com/krep-tarifleri/"" target=""_blank"">krep tarifleri</a> ile artık mutfakta kimse sizi tutamaz!</p>
",recipe,"['tuz', 'yumurta', 'süt', 'un', 'su', 'sıvı yağ']","['Krep tarifi için öncelikle 1 su bardağı sütü bir kaba alın.', 'Üzerine 1 su bardağı suyu derin bir karıştırma kasesine alın.', '1 yemek kaşığı sıvı yağ,\xa0 2 adet yumurta ve 1 çay kaşığı tuzu da ekleyin.', 'Üzerine 6 yemek kaşığı unu ilave edip bir çırpıcı yardımıyla iyice karıştırın.Sonra pürüzsüz bir kıvam alana kadar çırpın ve 5 dakika dinlenmeye bırakın.', 'Hazırladığınız krep harcından küçük bir kepçe kadar doldurun. Hamuru yağladığınız kızgın tavaya dökün.', 'Hafifçe sallayarak hamurun ince bir şekilde tabanına yayılmasını sağlayın.Krepleri, orta ateşte göz göz olup, renk alana kadar arkalı önlü kızartın.', 'Aralarda teflon tavayı yağlayarak, krep hamuru bitene kadar aynı işlemi tekrarlayın.', 'Pişen krepleri servis tabağına alın. Soğutmadan krepleri sevdiklerinizle paylaşın.']",KAHVALTILIK,239b56,/tarif/kahvaltiliklar/,"['Kahvaltılık', 'Video']",['kahvaltı'],"['Kahvaltı', 'Çay Saati']",['Tava'],,False,1200,300,2022-03-10T14:32:12Z,4.0,2616215,9862,False,True,True,0,,0,,,,2015/10/krep-yemekcom.jpg,0,0,https://cdn.yemek.com/mnresize/940/940/uploads/2015/10/krep-yemekcom.jpg,940,940,False,https://cdn.yemek.com/mncrop/300/200/uploads/2015/10/krep-yemekcom.jpg,300,200,True,https://cdn.yemek.com/mncrop/940/625/uploads/2015/10/krep-yemekcom.jpg,940,625,True,https://cdn.yemek.com/mncrop/620/388/uploads/2015/10/krep-yemekcom.jpg,620,388,True,https://cdn.yemek.com/mncrop/600/315/uploads/2015/10/krep-yemekcom.jpg,600,315,True,,,,,,
37,123,Yasemin Özaltın,https://cdn.yemek.com/author/35533/20181219061403_avatar.jpg,/profil/yasemingursurer/,En İyi Kıvam Onda: Mercimek Çorbası,Mercimek Çorbası,/tarif/mercimek-corbasi/,50 dk,10 dk,"<p>Yaz kış demeden her mevsim, her zaman, her durumda elimizin gittiği tariftir <strong>mercimek çorbası tarifi.</strong> En çok sevilen çorbalardan biridir o! Bu yüzden zamansız çorbadır. Belki de bütün <a href=""https://yemek.com/tarif/"" target=""_blank"">yemek tarifleri</a> için böyledir.</p>
<p>Hatta <a href=""https://yemek.com/tarif/ezogelin-corbasi/"" target=""_blank"">ezogelin çorbasıyla</a> olan mücadelesini bir kenara koyarsanız, zamansız çorbaların en güzeli, en birincisi. Bunları söylüyoruz çünkü şimdiye kadar ""<strong>en güzel mercimek çorbası</strong>"" tarifini arayıp bulamadıysanız lezzetli ve pratik bu tencerede mercimek çorbası yapımı tam size göre!</p>
<p>Lafı uzatmadan ""Mercimek çorbası nasıl yapılır?"", ""<strong>Mercimek çorbası nasıl pişirilir?</strong>"" diye merak edenleri ev usulü mercimek çorbası tarifimize alalım. Adım adım resimli anlatımı ve videosuyla her eve mis gibi kokan, şifalı mercimek çorbasını davet edelim.</p>
<p>Afiyetler olsun diyelim, eğer sizin de kendinize özel <strong>mercimek çorbası pişirme yöntemleri</strong>niz varsa yorumlarda tüm okuyucularımızla paylaşmanızı isteyelim.</p>
<p>Not: ""Mercimek çorbası tamam da ben daha fazla çorba çeşidi de görmek istiyorum"" diyenleri şöyle alalım: <a href=""https://yemek.com/tarif/corba/"" target=""_blank"">Çorba Tarifleri</a>!</p>
",recipe,"['kuru soğan', 'tereyağı', 'sıcak su', 'tuz', 'ayçiçek yağı', 'un', 'patates', 'karabiber', 'kırmızı ya da sarı mercimek', 'havuç', 'kırmızı toz biber', 'sıvı yağ']","['Derin bir tencereye 3 yemek kaşığı sıvı yağ ekleyin. İri doğranmış 1 adet büyük soğanı sıvı yağ ile birlikte kavurun.', 'Kavrulan soğanlara 1 yemek kaşığı unu ekleyin ve kokusu çıkıp, renk alana kadar kavurma işlemini sürdürün.\xa0İri parçalar halinde doğradığınız birer adet havuç ve patatesi tencereye aktarıp karıştırmaya devam edin.', 'Tuz, karabiber ve bol suda yıkadıktan sonra suyunu süzdürdüğünüz\xa01,5 su bardağı mercimeği\xa0 de ilave edin ve son kez güzelce karıştırın.', '6 su bardağı sıcak suyu da tencereye ilave edin.', 'Ardından kapağını kapatın, patates ve havuçlar yumuşayana kadar ara ara karıştırarak 40 dakika kadar pişirin.', 'Çorba piştikten sonra pürüzsüz bir kıvam alması için; el blenderından geçirin. 5 dakika daha pişirdikten sonra ocaktan alın.', '3 yemek kaşığı sıvı yağ ve 2 yemek kaşığı tereyağını bir tavada kızdırın. Üzerine 1 tatlı kaşığı toz kırmızı biberi ekleyin ve 2 dakika yağı kızdırdıktan sonra ocaktan alın.', 'Çorbayı bir kaseye alın ve üzerine kızdırdığınız yağdan gezdirip servis edin.']",ÇORBA,,/tarif/corba/,"['Çorba', 'Ramazan', 'Video', 'Bakliyat']","['akşam yemeği', 'öğle yemeği']","['Başlangıç', 'Öğle Yemeği', 'Ara Öğün', 'Akşam Yemeği']",['Tencere'],"['Ekonomik', 'Vejetaryen', 'Bol Proteinli']",False,3000,600,2022-03-31T14:25:26Z,4.0,2607774,11074,False,True,True,0,,0,,,,2014/06/mercimek-corbasi-yemekcom.jpg,0,0,https://cdn.yemek.com/mnresize/940/940/uploads/2014/06/mercimek-corbasi-yemekcom.jpg,940,940,False,https://cdn.yemek.com/mncrop/300/200/uploads/2014/06/mercimek-corbasi-yemekcom.jpg,300,200,True,https://cdn.yemek.com/mncrop/940/625/uploads/2014/06/mercimek-corbasi-yemekcom.jpg,940,625,True,https://cdn.yemek.com/mncrop/620/388/uploads/2014/06/mercimek-corbasi-yemekcom.jpg,620,388,True,https://cdn.yemek.com/mncrop/600/315/uploads/2014/06/mercimek-corbasi-yemekcom.jpg,600,315,True,"['tencere', 'vejetaryen', 'bol lifli']",greenLight,,,,
38,118,Yasemin Özaltın,https://cdn.yemek.com/author/35533/20181219061403_avatar.jpg,/profil/yasemingursurer/,Orijinal Tarifi Burada: Domates Çorbası,Domates Çorbası,/tarif/domates-corbasi/,30 dk,30 dk,"<p>Havalar soğumaya başladı, yaz mevsimini hep birlikte uğurladık. Hafif hüzünlüyüz, ancak dumanı üzerinde tüten çorbalar içeceğimiz için de mutluyuz. En sevdiğiniz <a href=""https://yemek.com/tarif/corba/"" target=""_blank"">çorba</a> tarifi nedir? Bizim için <a href=""https://yemek.com/tarif/domates-corbasi/"" target=""_blank"">domates çorbasının</a> ayrı bir yeri var diyebiliriz. Bütün <a href=""https://yemek.com/tarif/"" target=""_blank"">yemek tarifleri</a>nin arasında yeri ayrı.</p>
<p>Hele ki dumanı üstünde ev yapımı domates çorbası yok mu..Gelin onu güzelleyelim bir parça. Domates çorbası tarifi kaşar peynirsiz olmaz. Bazen yerini krema alabilir ama domates çorbasını özel kılan ilk kaşıkla birlikte uzayıp giden kaşar peyniridir. Onu toparlaması ve sağa sola bulaştırmadan yenilmesi ayrı bir maceradır. <a href=""https://yemek.com/tarif/baharatli-kruton/"" target=""_blank"">Kızarmış ekmek dilimleri</a> hatta mümkünse <a href=""https://yemek.com/tarif/sarimsakli-ekmek/"" target=""_blank"">sarımsaklı ekmekler</a> çorbaya ayrı bir tat katar. Soğuk kış günlerinin keyfi böyle böyle çıkar.</p>
<p>Siz de bu <a href=""https://yemek.com/tarif/kolay-domates-corbasi/"" target=""_blank"">kolay domates çorbası</a> tarifiyle sevdiklerinizin içini ısıtabilir; onu sandığınızdan çok daha kolay ve pratik bir şekilde yapabilirsiniz. Şimdiden afiyet olsun!</p>
<p>&nbsp;</p>
",recipe,"['tereyağı', 'tuz', 'un', 'sıcak et suyu', 'sıcak süt', 'rendelenmiş kaşar peyniri', 'domates']","['Tereyağını tavada eritin.', 'Unu ekleyip kokusu çıkana kadar kısık ateşte kavurun.', 'Rendelenmiş domatesleri kavrulmuş un karışımına ekledikten sonra 5 dakika kadar pişirin.', 'Üzerine sıcak et suyunu ve tuzu ilave edin. Kesilmemesi için küçük bir cezvede ısıttığınız sütü azar azar ekleyip hızlıca karıştırın.', 'Çorbayı kaynayana kadar orta ateşte ardından da kısık ateşte 15 dakika kadar pişirin. Daha pürüzsüz bir kıvam alması için blenderdan geçirin. Servis kaselerine aldığınız çorbayı, rendelenmiş kaşar peynir ilavesiyle sıcak olarak servis edin.\xa0Afiyet olsun!']",ÇORBA,,/tarif/corba/,"['Çorba', 'Video', 'Mevsiminde']","['akşam yemeği', 'öğle yemeği']","['Öğle Yemeği', 'Akşam Yemeği']",['Tencere'],"['Ekonomik', 'Vejetaryen']",False,1800,1800,2022-03-18T15:00:23Z,4.0,2396278,8509,False,True,True,0,,0,,,,2022/03/domates-corbasi-sevgililer-gunu-gorsel.jpg,0,0,https://cdn.yemek.com/mnresize/940/940/uploads/2022/03/domates-corbasi-sevgililer-gunu-gorsel.jpg,940,940,False,https://cdn.yemek.com/mncrop/300/200/uploads/2022/03/domates-corbasi-sevgililer-gunu-gorsel.jpg,300,200,True,https://cdn.yemek.com/mncrop/940/625/uploads/2022/03/domates-corbasi-sevgililer-gunu-gorsel.jpg,940,625,True,https://cdn.yemek.com/mncrop/620/388/uploads/2022/03/domates-corbasi-sevgililer-gunu-gorsel.jpg,620,388,True,https://cdn.yemek.com/mncrop/600/315/uploads/2022/03/domates-corbasi-sevgililer-gunu-gorsel.jpg,600,315,True,['tencere'],greenLight,"['Haziran', 'Temmuz', 'Ağustos', 'Eylül']",,,
39,72,Yasemin Özaltın,https://cdn.yemek.com/author/35533/20181219061403_avatar.jpg,/profil/yasemingursurer/,En Gerçek Tarifiyle: Ezogelin Çorbası,Ezogelin Çorbası,/tarif/ezogelin-corbasi/,45 dk,15 dk,"<p>Türk mutfağına özgü, buram buram Anadolu kokan, binlerce yıllık bir <a href=""https://yemek.com/tarif/corba/"" target=""_blank"">çorba tarifiyle</a> karşınızdayız. <a href=""https://yemek.com/tarif/"" target=""_blank"">Yemek tarifleri</a> arasından seçtiğiniz ana yemek ne olursa olsun, ona mutlaka yakışacak olan ezogelin çorbasından bahsediyoruz. Siz de bu kolay ev yapımı ezogelin çorbasıyla sofralarınızı sıcacık yapabilirsiniz.</p>
<p>Ezogelin çorbası tarifi; yüksek oranda bereket içerir. Besleyicidir, lezzetlidir, pratiktir. Tüm bunların yanı sıra <a href=""https://yemek.com/tarif/mercimek-corbasi/"" target=""_blank"">mercimek çorbası</a> ile olan amansız rekabetiyle, bütün kebapçıların olmazsa olmaz çorbası olma özelliğini taşır. Hastalıklara karşı amansızca savaşır, siz iyi olun diye varını yolunu ortaya koyar. Tırnak pide ya da <a href=""https://yemek.com/tarif/bazlama/"" target=""_blank"">bazlama</a>yı çok sever.</p>
<p>Ezogelin çorbasını Türk mutfak tarihine kazandıran ve çorbaya adını veren Gaziantep’in Uruş (Dokuzyol) köyünde yaşamış olan Ezo Gelin’e şükranlarımızı sunarız. Merak edenler varsa ezogelin çorbasının hikayesi hemen şurada: <a href=""https://yemek.com/ezogelin-corbasinin-hikayesi/"" target=""_blank"">Hikayesi de Lezzeti Kadar Anadolu: Ezogelin Çorbasının Hikayesi</a></p>
<p>O zaman adım adım resimli ve videolu ezogelin çorbası yapılışı ve tarifi sizi bekler. <img src=""https://cdn.yemek.com/assets/images/smiley/wink.png"" class=""wp-smiley img-responsive"" /></p>
",recipe,"['kırmızı mercimek', 'pirinç', 'bulgur', 'kuru soğan', 'tereyağı', 'sıcak su', 'nane', 'tuz', 'limon suyu', 'pul biber', 'domates salçası']","['Sıcak suyu geniş bir tencerede kaynatın. Yıkayıp suyunu süzdürdüğünüz 2 çay bardağı kırmızı mercimeği tencereye aktarın.', '3 yemek kaşığı pirinci, 2 yemek kaşığı bulguru ve 1 tatlı kaşığı tuzu tencereye aktarın.', 'Yaklaşık 35 dakika, kırmızı mercimekler yumuşayana kadar pişirin.', 'Ayrı bir tavada 1 yemek kaşığı tereyağını eritin.', 'Üzerine 1 adet küp doğranmış kuru soğanı ekleyin ve kavurmaya başlayın.', 'Kavrulan soğanlara 1 tatlı kaşığı domates salçasını ekleyin.', '1 tatlı kaşığı naneyi ekleyip, 2 dakika daha kavurun.', 'Kavrulan sosunuzu ocaktan alın.', 'Bakliyatları kaynattığınız tencereye kavrulan salçalı soğan karışımı ekleyin.', 'Sonra hızlıca karıştırdığınız çorbayı 10 dakika daha pişirin.', 'Limon suyu ve pul biber ilavesiyle sıcak olarak servis edin.\xa0Afiyet olsun!']",ÇORBA,,/tarif/corba/,"['Çorba', 'Ramazan', 'Video']","['ekonomik', 'öğle yemeği']","['Öğle Yemeği', 'Ara Öğün', 'Akşam Yemeği']",['Tencere'],"['Ekonomik', 'Vejetaryen']",False,2700,900,2019-04-10T08:00:07Z,4.0,2061511,10279,False,True,True,0,,0,,,,2014/06/ezogelin-corbasi-yemekcom.jpg,0,0,https://cdn.yemek.com/mnresize/940/940/uploads/2014/06/ezogelin-corbasi-yemekcom.jpg,940,940,False,https://cdn.yemek.com/mncrop/300/200/uploads/2014/06/ezogelin-corbasi-yemekcom.jpg,300,200,True,https://cdn.yemek.com/mncrop/940/625/uploads/2014/06/ezogelin-corbasi-yemekcom.jpg,940,625,True,https://cdn.yemek.com/mncrop/620/388/uploads/2014/06/ezogelin-corbasi-yemekcom.jpg,620,388,True,https://cdn.yemek.com/mncrop/600/315/uploads/2014/06/ezogelin-corbasi-yemekcom.jpg,600,315,True,['tencere'],greenLight,,,,
40,247,Yasemin Özaltın,https://cdn.yemek.com/author/35533/20181219061403_avatar.jpg,/profil/yasemingursurer/,Tam Ölçülü: Pancake (Pankek),Pancake (Pankek),/tarif/pancake/,20 dk,20 dk,"<p>Bizim kültürümüzde <a href=""https://yemek.com/tarif/akitma/"" target=""_blank"">akıtma</a> ya da <a href=""https://yemek.com/tarif/krep"" target=""_blank"">krep</a> olarak bilinen hamur işinin biraz daha kalını ve kahvaltıların yıldızıdır pankek. Peynirli, zeytin ezmeli tuzlu çeşitleri yapılabileceği gibi çikolata kremalı ve meyveli çeşitlerini de aynı tarifle kolaylıkla hazırlayabilirsiniz. <a href=""https://yemek.com/tarif/kahvaltiliklar/"" target=""_blank"">Kahvaltılık tarif</a> aradığınızda eliniz bu tarife hemen gidecek.</p>
<p>Bu kahvaltılık <a href=""https://yemek.com/tarif/kolay-pankek/"" target=""_blank"">kolay pankek tarifi</a>nde pankek hamurunun nasıl yapılacağından <strong>tavada pankek yapmanın püf noktalarına</strong> kadar her şeyi bulabilecek, evde pankek yapımının tüm inceliklerini öğreneceksiniz.</p>
<p>Pancake tarifi gerçekten oldukça basit. Yumurta, un, kabartma tozu, toz şeker, süt, ayçiçek yağı gibi temel malzemeler içeriyor bu <strong>pratik hamur işi</strong>. Servis esnasında meyve dilimleri, eritilmiş çikolata çeşitleri, sosları oldukça yakışıyor. Akçaağaç şurubuyla da çok iyi gittiğini söylemeden geçmeyelim.</p>
<p>4 kişilik pankek nasıl yapılır diyenler için adım adım resimli ve videolu pancake tarifiyle en güzel pankekler hep sizin mutfaktan çıkacak! <img src=""https://cdn.yemek.com/assets/images/smiley/smile.png"" class=""wp-smiley img-responsive"" /></p>
",recipe,"['tuz', 'yumurta', 'toz şeker', 'ayçiçek yağı', 'ayçiçek yağı', 'süt', 'un', 'kabartma tozu', 'bal', 'vanilin']","['Pankek tarifi için derin bir karıştırma kabında 2 yumurta ve yarım su bardağı şekeri alın.', 'Şeker eriyene ve karışım krema kıvamını alana kadar\xa0çırpın.', 'Yumurtalı karışımın üzerine, 2 yemek kaşığı sıvı yağ ve 1,5 su bardağı sütü de koyup tekrar çırpın.', '2 su bardağı un, 1 paket kabartma tozu, 1 paket vanilin ve bir tutam tuzu da eleyerek karışımın içerisine ekleyin.', 'Pürüzsüz bir kıvam alana kadar çırpın.', 'İlk pankeki pişirmek için; krep tavasını ayçiçek yağı ile yağlayın. Kızdırdığınız tavaya küçük bir kepçe ya da bir kahve fincanı kadar pankek harcını aktarın.', 'Ocağın altını kısın. Pankeki, üzeri göz göz olana kadar pişirin. Bir spatula yardımıyla çevirdiğiniz pankekin diğer tarafını da aynı şekilde pişirin.', 'Krep tavasını arada yağlayarak pankek harcı bitene kadar aynı işlemi tekrarlayın.', 'Servis tabağına aldığınız pankeklerin üzerine tereyağı koyup bal gezdirebilirsiniz, afiyet olsun.']",KAHVALTILIK,239b56,/tarif/kahvaltiliklar/,"['Kahvaltılık', 'Video']","['kahvaltı', 'çay saati']","['Kahvaltı', 'Çay Saati']",['Tava'],"['Ekonomik', 'Vejetaryen']",False,1200,1200,2022-03-10T07:30:22Z,4.0,2051860,12838,False,True,True,0,,0,,,,2014/07/pancake-yemekcom.jpg,0,0,https://cdn.yemek.com/mnresize/940/940/uploads/2014/07/pancake-yemekcom.jpg,940,940,False,https://cdn.yemek.com/mncrop/300/200/uploads/2014/07/pancake-yemekcom.jpg,300,200,True,https://cdn.yemek.com/mncrop/940/625/uploads/2014/07/pancake-yemekcom.jpg,940,625,True,https://cdn.yemek.com/mncrop/620/388/uploads/2014/07/pancake-yemekcom.jpg,620,388,True,https://cdn.yemek.com/mncrop/600/315/uploads/2014/07/pancake-yemekcom.jpg,600,315,True,,,,['Amerika Birleşik Devletleri'],,
41,188,Yasemin Özaltın,https://cdn.yemek.com/author/35533/20181219061403_avatar.jpg,/profil/yasemingursurer/,"Kabardıkça Kabarır, Şerbetini Tam Çeker: Revani",Revani,/tarif/revani/,30 dk,35 dk,"<p>Bugün akşam yemeğine en lezzetli <a href=""https://yemek.com/ramazan-tatlilari/"" target=""_blank"">ramazan tatlılarından</a> biri olan revaniyi koyacağız. Revani tarifini uygularken bir yandan saray mutfağının bize Osmanlı'dan kalan en yadigar şeylerden biri olduğunu hatırlayacağız. Yaptığımız <a href=""https://yemek.com/tarif/"" target=""_blank"">yemek tariflerine</a> tatlı olarak onu çok yakıştıracağız. <a href=""https://yemek.com/tarif/tatli/"" target=""_blank"">Tatlı tariflerinin</a> arasında en çok sevdiklerimiz arasına ekleyeceğiz.</p>
<p>Klasik revaniyi evde pratik bir şekilde yapabilmek mümkün aslında. <strong>""Revani tatlısı nasıl yapılır""</strong> sorusunun hemen aşağıda adım adım resimli cevabını bulabileceğiniz nefis irmikli ve tam ölçülü evde kolay <a href=""https://yemek.com/tarif/muhallebili-revani/"" target=""_blank"">revani</a> yapımı tarifimizin bir püf noktası var bilinmesi gereken: Tahmin edeceğiniz gibi <a href=""https://yemek.com/tarif/serbetli-tatlilar/"" target=""_blank"">şerbetli tatlılardan</a> revaninin kıvamı önemli, onu da bir kaşık yardımıyla alacağınız şerbeti parmağınıza damlatıp, damlanın yayılıp yayılmadığını görerek anlayabilirsiniz. Eğer şerbet damlası yayılmıyorsa kıvamı tutmuş, revani yapımı için hazır hale gelmiş demektir. Böylelikle <strong>""Revani şerbeti nasıl dökülür, revani şerbeti nasıl olmalı?""</strong> sorusunun cevabını merak edenleri de rahatlatmış olduk.</p>
<p>Şerbetin yoğunluğu ile kekinin kabarıklığı için düşündüğümüz revani yapımı püf noktalarını tarif kısmında bulabilirsiniz. <a href=""https://yemek.com/revani-tarifleri/"" target=""_blank"">Farklı revani tarifleri</a> ve çok sevilen <a href=""https://yemek.com/tarif/hashasli-revani/"" target=""_blank"">haşhaşlı revani</a> tarifimizi de şöyle bırakalım.</p>
<p>O halde lafı daha fazla uzatmayalım, sizi en güzel revani tarifiyle baş başa bırakalım.</p>
",recipe,"['limon suyu', 'yumurta', 'toz şeker', 'toz şeker', 'ayçiçek yağı', 'un', 'kabartma tozu', 'su', 'yoğurt', 'irmik', 'rendelenmiş Hindistan cevizi', 'vanilin']","['Tatlının şerbetini hazırlamak için;\xa03 su bardağı su ve 2,5 su bardağı toz şekeri\xa0bir tencereye aktarın.', 'Kısık ateşte yaklaşık 30 dakika kadar kaynattıktan sonra limon suyunu ekleyin ve ılınması için ocaktan alın.', '3 yumurta bir kabın içerisine aktarın.', 'Üzerine 1 çay bardağı toz şekeri bir mikser yardımıyla toz şeker tamamen eriyene kadar karıştırın.', '1 çay bardağı ayçiçek yağı, 1 su bardağı yoğurt ve 1 su bardağı irmiği de ekledikten sonra tekrar karıştırın.', 'Son olarak 1,5 su bardağı\xa0un, 1 paket kabartma tozu ve 1 paket vanilini de karışıma ekledikten sonra çırpma işlemini sürdürün.', 'Yağlanmış fırına dayanıklı kalıbın içerisine hazırladığınız revani karışımını dökün.', 'Önceden ısıtılmış 180 derece fırında\xa025-30 dakika kadar pişirin.\xa0Fırından çıkardığınız revaninin ilk sıcaklığı geçtikten sonra oda sıcaklığında soğumuş şerbeti üzerine dökün ve şerbeti çekene kadar yaklaşık 1-2 saat bekleyin.', 'Ardından bıçak yardımıyla revaniyi dilimleyin.', 'Dilimlediğiniz ılık tatlıya rendelenmiş Hindistan cevizi serpiştirip servis edin. Afiyet olsun!']",ŞERBETLİ TATLI,239b56,/tarif/serbetli-tatlilar/,"['Tatlı', 'Şerbetli Tatlı', 'Ramazan', 'Video']","['ekonomik', 'çay saati']",['Çay Saati'],"['Fırın', 'Tencere']",,False,1800,2100,2022-04-20T11:00:29Z,4.0,2029239,5485,False,True,True,0,,0,,,,2014/06/revani-yemekcom.jpg,0,0,https://cdn.yemek.com/mnresize/940/940/uploads/2014/06/revani-yemekcom.jpg,940,940,False,https://cdn.yemek.com/mncrop/300/200/uploads/2014/06/revani-yemekcom.jpg,300,200,True,https://cdn.yemek.com/mncrop/940/625/uploads/2014/06/revani-yemekcom.jpg,940,625,True,https://cdn.yemek.com/mncrop/620/388/uploads/2014/06/revani-yemekcom.jpg,620,388,True,https://cdn.yemek.com/mncrop/600/315/uploads/2014/06/revani-yemekcom.jpg,600,315,True,,,,,,
42,2744,Cemre Özgüzel,https://cdn.yemek.com/author/109/20200211010242_avatar.jpg,/profil/cemre-ozguzel/,Az Malzemeyle Mükemmel Kıvam: Muhallebi,Muhallebi,/tarif/muhallebi/,15 dk,5 dk,"<p>Çocukluğumuzdan beri damağımızın alışık olduğu bir <a href=""https://yemek.com/tarif/tatli/"" target=""_blank"">tatlı tarifi</a> muhallebi. <strong>Pirinç unuyla hazırlanan muhallebi tarifler</strong>i olsa da kıvamı nişastayla bağlandığında bir o kadar güzel olur tadı. Öylesine yalın ve naif bir tattır ki kuru yemişler, çikolata ve çeşitli meyve sosları eşliğinde farklı tariflere bürünür.</p>
<p>Yaz sıcağına yakışır muhallebi tatlısı, keyfi kaşıklanır. Üzerine toz tarçınla yapabileceğiniz süslemelerle de saygı uyandırır. Başarıyla uygulanmış bir sütlü muhallebi tarifini tamamlayıcı nitelikte olan bu süslemeler ise tamamen sizin yaratıcılığınıza kalmış. <a href=""https://yemek.com/tarif/sutlu-tatlilar/"" target=""_blank"">Sütlü tatlıların </a>en kolay ve ekonomiği olan <strong>muhallebi tarifi</strong>mizle keyif dolu dakikalar yaşayabilirsiniz.</p>
<p>Biz sade muhallebi hazırladık ama diğer muhallebi çeşitleri için sizi şu tariflerimize de bekleriz: <a href=""https://yemek.com/muhallebi-tarifleri/"" target=""_blank"">Sıcak Yaz Günlerinde Midenizi Yormayarak Sizi Mutlu Edecek 17 Muhallebi Tarifi</a></p>
<p>En güzel muhallebinin sizin elinizden çıkmasını sağlayacak olan bu tarifi ister bardakta, ister kupta, ister fincanda servis edebilirsiniz. Hazırsanız pratik ve <a href=""https://yemek.com/tarif/kolay-muhallebi/"" target=""_blank"">kolay muhallebi</a> tarifimizle başbaşa bırakalım sizi.</p>
",recipe,"['tereyağı', 'toz şeker', 'süt', 'un', 'toz Antep fıstığı', 'buğday nişastası', 'muz', 'vanilin']","['5\xa0su bardağı soğuk sütü geniş bir tencereye aktarın.\xa0Yarım çay bardağı un, 3 yemek kaşığı buğday nişastası ve 1 su bardağı toz şekeri ilave ettikten sonra ocağın altını açın.', 'Ara ara karıştırarak koyu bir kıvam alana kadar pişirin.', 'Kıvam alan muhallebinin altını kapatın.', 'Henüz sıcakken içerisine\xa01 tatlı kaşığı tereyağı ve 1 paket vanilin ilave ederek çırpın.', 'Ardından servis kaselerine paylaştırın ve soğutun.', 'Antep fıstığıyla süsleyip tatlandırdığınız muhallebileri soğuk olarak sevdiklerinizle paylaşın.']",SÜTLÜ TATLI,239b56,/tarif/sutlu-tatlilar/,"['Tatlı', 'Ramazan', 'Sütlü Tatlı', 'Video']","['pratik yemek tarifleri', 'çay saati']",['Çay Saati'],['Tencere'],['Ekonomik'],False,900,300,2019-04-04T08:57:18Z,4.0,1868226,4584,False,True,True,0,,0,,,,2015/06/muhallebi-yemekcom.jpg,0,0,https://cdn.yemek.com/mnresize/940/940/uploads/2015/06/muhallebi-yemekcom.jpg,940,940,False,https://cdn.yemek.com/mncrop/300/200/uploads/2015/06/muhallebi-yemekcom.jpg,300,200,True,https://cdn.yemek.com/mncrop/940/625/uploads/2015/06/muhallebi-yemekcom.jpg,940,625,True,https://cdn.yemek.com/mncrop/620/388/uploads/2015/06/muhallebi-yemekcom.jpg,620,388,True,https://cdn.yemek.com/mncrop/600/315/uploads/2015/06/muhallebi-yemekcom.jpg,600,315,True,,,,,,
43,4172,ipeksare,https://cdn.yemek.com/author/262494/20200820091315_avatar.jpg,/profil/ipeksare/,Tane Tane Dökülür: Pirinç Pilavı,Pirinç Pilavı,/tarif/pirinc-pilavi/,20 dk,15 dk,"<p>Türlü türlü <a href=""https://yemek.com/tarif/"" target=""_blank"">yemek tariflerini</a> tamamlayan, <a href=""https://yemek.com/tarif/kuru-fasulye/"" target=""_blank"">kuru fasulye</a>-turşu ikilisine komşu olan, bir dönem yoğurtla takılan, <a href=""https://yemek.com/tarif/anne-koftesi/"" target=""_blank"">köfte patates</a> sevdalısı pilav... Kaşıktan tel tel dökülen pilav... Aromatik sebze ve kuru baharatlarla ev yapımı tavuk suyunuzu kendiniz hazırlayın bir güzel, ortalama pirinç çeşitlerine göre bir ölçü pirince bir buçuk ölçü su kullanacağınızı düşünün.</p>
<p>Yanma derecesini yükseltmek için tereyağını az miktarda ayçiçek yağıyla kavurun. Az miktarda arpa ya da tel şehriyeyi kavurup berrak su çıkana kadar duruladığınız pirinçleri pilav tenceresine alın. Şeffaf bir renk alana kavurup sıcak tavuk suyunu ekleyin. Tuzla tatlandırın, taze sıkılmış limon suyu, kesme şeker gibi unsurları küçük püf noktaları olarak değerlendirin pilav tarifinde. ""Pilavın tane tane olması için ne yapılır?"" diye soruyorsanız da size nefis önerilerimiz var: <a href=""https://yemek.com/pilav-nasil-yapilir/"" target=""_blank"">Tane Tane Dökülen Ev Yapımı Pilavlar İçin Demini Almış 5 Öneri</a></p>
<p>Pilavı yiyip de hemen kaçmayın, yorum bırakmayı unutmayın, yaptığınız bir değişiklik varsa bizlerle de paylaşın. Şimdiden ellerinize sağlık diyor tane tane dökülen pirinç pilavı tarifimize buyurun.</p>
<p>Farklı pilav tarifleri içinse sizi <a href=""https://yemek.com/tarif/pilav/"" target=""_blank"">şöyle</a> alalım. <img src=""https://cdn.yemek.com/assets/images/smiley/smile.png"" class=""wp-smiley img-responsive"" /></p>
",recipe,"['pirinç', 'tereyağı', 'sıcak su', 'tuz', 'karabiber']","['Uygun bir pilav tenceresinin içerisine tereyağı ekleyin.', 'Tereyağı eridikten sonra pirinçleri ekleyip kavurmaya başlayın. Pirinçler tane tane dökülmeye başlayana kadar yaklaşık 5 dakika kavurun.', 'Sıcak suyu ekleyin, tuzu ve karabiberi de ilave edin.', 'Bir kez karıştırın, kapağını kapatın ve kısık ateşte pişirin.', 'Suyunu çeken pilavın üzerine bir bez koyun ve demlenmesi için dinlendirin.', 'Biraz et ya da tavuk ile servis edebilirsiniz. Afiyet olsun!']",PİLAV,239b56,/tarif/pilav/,"['Pilav', 'Video']","['ekonomik', 'akşam yemeği', 'öğle yemeği']","['Öğle Yemeği', 'Akşam Yemeği']",['Tencere'],['Ekonomik'],False,1200,900,2020-09-02T06:35:37Z,4.0,1783014,2538,False,True,True,0,,0,,,,2020/09/pirinc-pilavi-yemekcom.jpg,0,0,https://cdn.yemek.com/mnresize/940/940/uploads/2020/09/pirinc-pilavi-yemekcom.jpg,940,940,False,https://cdn.yemek.com/mncrop/300/200/uploads/2020/09/pirinc-pilavi-yemekcom.jpg,300,200,True,https://cdn.yemek.com/mncrop/940/625/uploads/2020/09/pirinc-pilavi-yemekcom.jpg,940,625,True,https://cdn.yemek.com/mncrop/620/388/uploads/2020/09/pirinc-pilavi-yemekcom.jpg,620,388,True,https://cdn.yemek.com/mncrop/600/315/uploads/2020/09/pirinc-pilavi-yemekcom.jpg,600,315,True,['tencere'],,,,,
44,313,Yasemin Özaltın,https://cdn.yemek.com/author/35533/20181219061403_avatar.jpg,/profil/yasemingursurer/,Yağ Çekmeden Pişer: Mücver,Mücver,/tarif/mucver/,15 dk,15 dk,"<p>Türk mutfağının, mutfağımıza ait tüm <a href=""https://yemek.com/tarif/"" target=""_blank"" rel=""noopener"">yemek tariflerinin</a> uzağında ama çok sevilen kuzeni ya da teyzesidir mücver tarifi. Her öğün göremezsin, her akşam yemezsin, yiyemezsin. Ancak her gördüğünde mutlu olursun; daha çok görmek istersin. Özeldir, yeri ayrıdır. Herkes güzelini yapamaz.</p>
<p>Arzu ettiğiniz yeşillik, patates, havuç hatta kereviz gibi <a href=""https://yemek.com/tarif/sebze/"" target=""_blank"" rel=""noopener"">sebze</a>leri de ekleyerek hazırlayabileceğiniz bir <a href=""https://yemek.com/tarif/atistirmaliklar/"" target=""_blank"" rel=""noopener"">atıştırmalık</a>, kolay mücver tarifimiz var. Ne güzel olur <strong>kabak mücveri</strong>, küçük püf noktaları vardır onun. Çok fazla yağ çekmemesi için yağı önceden kızdırmalı, rendelenmiş sebzelerin suyunu sıkmalı, sebzelerin taze olmasına dikkat etmeli örneğin.</p>
<p>Anne eli değmiş mücver, bu tarifte biraz daha renk kazanıyor. Yeşillik ve kabakların yanına havuç da katılıyor. Ana yemeğiniz ne olursa olsun bugün sofranızda <strong>kızarmış çıtır mücverler</strong> de yer alsın bizce.</p>
<p>Daha fazla mücver çeşidi görmek isteyenleri ise şöyle alabiliriz: <a href=""https://yemek.com/mucver-tarifleri/"" target=""_blank"" rel=""noopener"">Mücver Tarifleri</a></p>
<p>Kızartmalardan uzak duruyorsanız sizi fırında kabak mücveri tarifimize şuradan davet edelim: <a href=""https://yemek.com/tarif/firinda-mucver/"" target=""_blank"" rel=""noopener"">Fırında Mücver Tarifi, Nasıl Yapılır?</a></p>
<p>Videolu tarifimize aşağıya bırakıyoruz. Keyfini çıkarmanız dileğiyle!</p>",recipe,"['tuz', 'yumurta', 'un', 'karabiber', 'havuç', 'taze soğan', 'kabak', 'dereotu', 'sıvı yağ']","['<p>Mücver için bol suda yıkadığınız kabakları rendenin\xa0iri kısmıyla rendeleyin.\xa0Mücveri sulandırmaması için; rendelenmiş kabakların suyunu sıkarak çıkartın.</p>', '<p>Geniş bir kapta rendelenen kabakları, havucu, yumurtayı, taze soğanı, dereotunu, tuzu, karabiberi birleştirin.</p>', '<p>Unu da ilave edip tüm malzemeler birbiriyle harmanlayın.</p>', '<p>Tüm malzemeler macun kıvamını alana kadar spatula yardımıyla karıştırın.</p>', '<p>Her bir mücver 1 tepeleme yemek kaşığı olacak şekilde ayarlayıp tavaya dökün.</p>', '<p>Kızgın yağda altın sarısı rengini alana kadar kızartın. Mücverlerin fazla yağını havlu kağıda süzdürdükten sonra servis tabağına alın ve çırpılmış yoğurt ile servis edin. Afiyet olsun!</p>']",SEBZE,239b56,/tarif/sebze/,"['Sebze', 'Özel Beslenme', 'Vejetaryen', 'Video', 'Kızartma', 'Mevsiminde']",,['Çay Saati'],['Kızartma'],"['Ekonomik', 'Vejetaryen']",False,900,900,2021-11-09T03:30:59Z,4.0,1738171,11618,False,True,True,0,,0,,,,2014/07/mucver-ytk-site.jpg,0,0,https://cdn.yemek.com/mnresize/940/940/uploads/2014/07/mucver-ytk-site.jpg,940,940,False,https://cdn.yemek.com/mncrop/300/200/uploads/2014/07/mucver-ytk-site.jpg,300,200,True,https://cdn.yemek.com/mncrop/940/625/uploads/2014/07/mucver-ytk-site.jpg,940,625,True,https://cdn.yemek.com/mncrop/620/388/uploads/2014/07/mucver-ytk-site.jpg,620,388,True,https://cdn.yemek.com/mncrop/600/315/uploads/2014/07/mucver-ytk-site.jpg,600,315,True,,,"['Haziran', 'Temmuz', 'Ağustos']",,,
45,272,Neşe Ümit Tan,https://cdn.yemek.com/author/208653/20190910030615_avatar.jpg,/profil/neseumit/,Tam Kıvamında: Sütlaç,Sütlaç,/tarif/sutlac/,31 dk,5 dk,"<p><a href=""https://yemek.com/tarif/"" target=""_blank"">Yemek tariflerinin</a> en tatlı, en sevilen ismi, <a href=""https://yemek.com/tarif/sutlu-tatlilar/"" target=""_blank"">sütlü tatlılar</a>ın en besleyicisi, pirincin en güzel halidir sütlaç tarifi. Tencerede kıvam aldıktan sonra ısıya dayanıklı toprak kaplara paylaştırılıp fırında kızaran hali <a href=""https://yemek.com/tarif/firin-sutlac/"" target=""_blank"">fırın sütlaç</a> ismini alır. Çocukluk yıllarından aşina olduğumuz besleyici bir tatlıdır. <a href=""https://yemek.com/"" target=""_blank"">Tarifler</a> içinde özellikle sütlü tatlıların ve <a href=""https://yemek.com/tarif/tatli/"" target=""_blank"">tatlı tariflerinin</a> en şahanesidir!</p>
<p>Ev yapımı sütlacı tam kıvamında ve tam ölçülü yapmak için birkaç püf noktasına ihtiyacınız var. Klasik sütlaçtan vazgeçemeyenlerin evde nefis <a href=""https://yemek.com/tarif/firin-sutlac/"" target=""_blank"">fırın sütlaçlar</a> yapmasını sağlayacak olan ve en güzel sütlaç tarifine ulaşmanızı sağlayacak bu tarifi bir köşeye not edin deriz. <a href=""https://yemek.com/tarif/sutlu-tatlilar/"" target=""_blank"">Sütlü tatlıların</a> en güzeli, <a href=""https://yemek.com/ramazan-tatlilari/"" target=""_blank"">ramazan için tatlılardan</a> <strong>en hafif sütlaç tarifi</strong> karşınızda!</p>
",recipe,"['pirinç', 'sıcak su', 'toz şeker', 'süt', 'su', 'buğday nişastası']","['Sadece bir kez sudan geçirerek yıkadığınız\xa0pirinci tencereye alın ve\xa02 su bardağı sıcak suyu ekleyerek kısık ateşte pişirmeye başlayın. Bu sırada ara ara nazikçe karıştırın.', 'Pirinç, suyu çekip lapa hale gelince üzerine sütü ilave edin. Karıştırın ve\xa0süt kaynayana kadar ara ara karıştırmaya devam edin. Kaynadıktan sonra altını kısın, 8-10 dakika daha bu şekilde karıştırarak kısık ateşte pişirin.', 'Ardından şekeri ekleyin, karıştırın. Tekrar kaynamasını bekleyin ve 4-5 dakika daha da kısık ateşte bu şekilde kaynatın.', 'Nişastayı eklemek için bir kabın içerisine alın, 1 çay bardağı suyla karıştırın.', 'Aynı anda hem karıştırıp hem tencereye ekleyin. Azar azar dökerek eklerseniz topaklanma riskini de engellemiş olursunuz.\xa0Karıştırdıktan sonra hafifçe kıvam alana kadar pişirin. Bu sırada tekrar kaynayacak ve minik minik balonların yüzeye ulaştığını göreceksiniz, bunu gördükten sonra kısık ateşe alıp 1-2 dakika daha pişirin ve ardından ocaktan alın.', 'Bu noktada sütlacın kıvamı akışkan bir boza kıvamında olmalıdır.\xa0Sütlaç harcını bir kepçeyle kaselere dağıtın.', 'Oda sıcaklığında soğuduktan\xa0sonra buzdolabında en az 2 saat, tercihen 1 akşam kadar bekletin ve servis etmeden önce buzdolabından çıkarıp 5 dakika bekletin, tarçın serperek servis edin.', 'Afiyet olsun!']",SÜTLÜ TATLI,239b56,/tarif/sutlu-tatlilar/,"['Tatlı', 'Ramazan', 'Sütlü Tatlı', 'Video']",['çay saati'],['Çay Saati'],['Tencere'],,False,1860,300,2022-03-11T07:15:20Z,4.0,1693684,4171,False,True,True,0,,0,,,,2019/05/sutlac-guncelleme-sunum-1.jpg,0,0,https://cdn.yemek.com/mnresize/940/940/uploads/2019/05/sutlac-guncelleme-sunum-1.jpg,940,940,False,https://cdn.yemek.com/mncrop/300/200/uploads/2019/05/sutlac-guncelleme-sunum-1.jpg,300,200,True,https://cdn.yemek.com/mncrop/940/625/uploads/2019/05/sutlac-guncelleme-sunum-1.jpg,940,625,True,https://cdn.yemek.com/mncrop/620/388/uploads/2019/05/sutlac-guncelleme-sunum-1.jpg,620,388,True,https://cdn.yemek.com/mncrop/600/315/uploads/2019/05/sutlac-guncelleme-sunum-1.jpg,600,315,True,,,,,,
46,125,Yasemin Özaltın,https://cdn.yemek.com/author/35533/20181219061403_avatar.jpg,/profil/yasemingursurer/,Basit Malzemelerle: Kolay Tiramisu,Kolay Tiramisu,/tarif/kolay-tiramisu/,15 dk,15 dk,"<p>""Tiramisu hangi ülkeye ait?"" diyenlere hemen cevap vererek başlayalım. İtalyan asıllı bir <a href=""https://yemek.com/tarif/tatli/"" target=""_blank"">tatlı</a> olan <a href=""https://yemek.com/tarif/tiramisu/"" target=""_blank"">tiramisu</a>, ülkemizde son yıllarda popüler olmasıyla tanınır. Mutluluk ve enerji veren bir tatlı olduğu için de İtalyanlar bu tatlıya 'Beni yukarı çek, beni yukarı kaldır' anlamına gelen tiramisu ismini vermiştir. Bu hali de onun oldukça pratikleşmiş hali. Hazır kekle yapılan bu kolay tiramisu tarifi üstelik 30 dakikada hazır.</p>
<p>""Tiramisu nasıl yapılır?"" diyenler için tiramisu <a href=""https://yemek.com/tarif/kek/"" target=""_blank"">kek</a>inin labneli tiramisu kremasıyla nasıl buluştuğunu adım adım resimli bir şekilde anlatıyor, nefis süslemesiyle en güzel ve en pratik ev yapımı tiramisunun yapılışını tüm detaylarıyla anlatıyoruz!</p>
<p>İşte iştah açıcı görüntüsü ve lezzetiyle kolay tiramisu tarifi! En kısa zamanda onu çayınızın, kahvenizin yanına konuk edin deriz. Hem zamandan kazandıran hem de konuklarınıza nefis bir ikramda bulunmak istediğinizde de kurtarıcılarınızdan biri olacak nefis tarifimize davetlisiniz. Mevsimine göre de kolay tiramisularınızın üzerini dilediğiniz meyve ile süsleyebilirsiniz. Şimdiden ellerinize sağlık diyoruz.</p>
<p>Bu arada ""Ben kedi dili ile yapılan orijinal tiramisu <a href=""https://yemek.com/tarif/"" target=""_blank"">tarif</a>ini de merak ediyorum"" derseniz onun tarifini de hemen şöyle bırakıyoruz: <a href=""https://yemek.com/tarif/kedi-dilli-tiramisu/"" target=""_blank"">Kedidilli tiramisu tarifi, nasıl yapılır?</a></p>
",recipe,"['sıcak su', 'toz şeker', 'toz şeker', 'süt', 'un', 'yumurta sarısı', 'kakao', 'hazır kek', 'granül kahve', 'labne peyniri']","['Tiramisunun kremasını hazırlamak için; 2 su bardağı süt, 5 yemek kaşığı toz şeker, 3 yemek kaşığı un ve 1 adet\xa0 yumurta sarısını tencereye alın.', 'Sürekli karıştırarak orta ateşte muhallebi kıvamına gelene kadar pişirin. Piştikten sonra kremayı soğumaya bırakın.', 'Kek tabanını ıslatmak için; bir kasede 1 su bardağı sıcak suya, 1 yemek kaşığı granül kahve ve 1 tatlı kaşığı toz şekerini eriyene kadar karıştırın.', 'Pişirip soğumaya bıraktığınız kremaya 200 gram labne peynirini ekleyin ve bir mikser yardımıyla pürüzsüz bir kıvam alana kadar çırpın.', 'Servis tabağına ya da bir borcama pasta tabanının bir katını yerleştirin.', 'Kahveli karışımın yarısıyla keki ıslatın.', 'Üzerine hazırladığınız kremanın yarısını yayın.', 'Pastanın diğer katını da üzerine koyun ve\xa0 kahveli karışımla ıslatın. Kalan krema ile pastanın üzerini tamamen kaplayın.', 'Son olarak üzerine kakao serpiştirin.', 'Çilek dilimleriyle süsleyip buzdolabında 1- 2 saat beklettikten sonra dilimleyerek servis edin.\xa0Afiyet olsun!']",TATLI,239b56,/tarif/tatli/,"['Tatlı', 'Video', 'Dünya Mutfakları']","['ekonomik', 'ara öğün', 'çay saati']",['Çay Saati'],['Tencere'],['Vejetaryen'],False,900,900,2022-03-31T14:48:27Z,4.0,1687627,4451,False,True,True,0,,0,,,,2014/06/kolay-tiramisu-yemekcom.jpg,0,0,https://cdn.yemek.com/mnresize/940/940/uploads/2014/06/kolay-tiramisu-yemekcom.jpg,940,940,False,https://cdn.yemek.com/mncrop/300/200/uploads/2014/06/kolay-tiramisu-yemekcom.jpg,300,200,True,https://cdn.yemek.com/mncrop/940/625/uploads/2014/06/kolay-tiramisu-yemekcom.jpg,940,625,True,https://cdn.yemek.com/mncrop/620/388/uploads/2014/06/kolay-tiramisu-yemekcom.jpg,620,388,True,https://cdn.yemek.com/mncrop/600/315/uploads/2014/06/kolay-tiramisu-yemekcom.jpg,600,315,True,,,,['İtalya'],,
47,127,Gökçen Mutaf,https://cdn.yemek.com/author/23120/20181227103819_avatar.jpeg,/profil/gokcenmutaf/,Ağızda Dağılan Mükemmel Kıvamıyla: Elmalı Kurabiye,Elmalı Kurabiye,/tarif/elmali-kurabiye/,25 dk,20 dk,"<p><a href=""https://yemek.com/kurabiye-tarifleri-puf-noktalari/"" target=""_blank"">Kurabiye tariflerinin</a> en güzellerinden biri olan en güzel elmalı kurabiye karşınızda! Ağızda dağılan kıvamıyla, <a href=""https://yemek.com/pratik-kurabiye-tarifleri/"" target=""_blank"">pratik kurabiyelerden</a> oluşuyla kalplerinizi çalmaya gelecek bu kıyır kıyır <a href=""https://yemek.com/elmali-kurabiye-tarifleri/"" target=""_blank"">elmalı kurabiye tarifi</a> şekilleriyle, malzemeleriyle, hamuruyla tam ölçülü <a href=""https://yemek.com/tarif/kolay-elmali-kurabiye/"" target=""_blank"">elmalı kurabiye</a> yapmak isteyenlerin yardımına koşacak.</p>
<p><strong>Elmalı kurabiyenin gevrek olmas</strong>ı için yapılması gerekenlerden, nasıl saklanacağına kadar elmalı kurabiye yapmanın tüm püf noktalarını da bulabileceğiniz bu en güzel denenmiş elmalı kurabiye <a href=""https://yemek.com/tarif/"" target=""_blank"">tarifi</a> için çay suyunun altını koyalım hafiften. Elmalı <a href=""https://yemek.com/tarif/kurabiye/"" target=""_blank"">kurabiyeler</a> bizi bekler. Ağızda dağılan, tarçınlı <strong>elmalı kurabiye tarifi</strong>miz için mutfağa davetlisiniz. Afiyetler olsun şimdiden.</p>
",recipe,"['limon suyu', 'toz şeker', 'toz şeker', 'un', 'yoğurt', 'tarçın', 'karbonat', 'tereyağı (oda ısısında bekletilmiş)', 'dövülmüş ceviz içi', 'sıvı yağ', 'kırmızı elma']","['Elmalı kurabiye tarifini hazırlamak için\xa0 rendelenmiş elmaları tavaya alın. Üzerine toz şekeri ilave edin. Karamelize olana dek pişirin.', 'Piştikten sonra üzerine yarım su bardağı kadar dövülmüş ceviz ve tarçın ekleyin, karıştırın.', 'Hamurunu hazırlamak için derin bir kaseye oda sıcaklığında yumuşamış tereyağı, sıvı yağ, yoğurt, toz şeker, limon suyu ve karbonatı ekleyin. Güzelce yoğurun ve ardından unu da azar azar ekleyerek, ele yapışmayan fakat yumuşak olan bir hamur elde edin.', 'Hamuru tezgahın üzerinde toparlayın.', 'Tezgaha hafifçe un serperek açın. Yuvarlak şekiller çıkarıp elmalı harcı ortasına koyun ve iki yandan katlayın.', 'Pişirme kağıdı serdiğiniz fırın tepsisine kurabiyeleri dizin ve önceden ısıtılmış 180 derece fırında üzeri kızarana kadar, yaklaşık 20-25 dakika pişirin.', 'Oda sıcaklığına geldikten sonra üzerine pudra şekeri serpiştirin. Kurabiyeleriniz artık servise hazır! Afiyet olsun..', 'Afiyet olsun..']",TATLI KURABİYE,239b56,/tarif/tatli-kurabiyeler/,"['Kurabiye', 'Video', 'Tatlı Kurabiye']",['çay saati'],['Çay Saati'],['Fırın'],,False,1500,1200,2022-03-11T07:30:23Z,4.0,1597377,7917,False,True,True,0,,0,,,,2022/03/elmali-kurabiye-tarifi-yemekcom.jpg,0,0,https://cdn.yemek.com/mnresize/940/940/uploads/2022/03/elmali-kurabiye-tarifi-yemekcom.jpg,940,940,False,https://cdn.yemek.com/mncrop/300/200/uploads/2022/03/elmali-kurabiye-tarifi-yemekcom.jpg,300,200,True,https://cdn.yemek.com/mncrop/940/625/uploads/2022/03/elmali-kurabiye-tarifi-yemekcom.jpg,940,625,True,https://cdn.yemek.com/mncrop/620/388/uploads/2022/03/elmali-kurabiye-tarifi-yemekcom.jpg,620,388,True,https://cdn.yemek.com/mncrop/600/315/uploads/2022/03/elmali-kurabiye-tarifi-yemekcom.jpg,600,315,True,,,,,,
48,123,Yasemin Özaltın,https://cdn.yemek.com/author/35533/20181219061403_avatar.jpg,/profil/yasemingursurer/,En İyi Kıvam Onda: Mercimek Çorbası,Mercimek Çorbası,/tarif/mercimek-corbasi/,50 dk,10 dk,"<p>Yaz kış demeden her mevsim, her zaman, her durumda elimizin gittiği tariftir <strong>mercimek çorbası tarifi.</strong> En çok sevilen çorbalardan biridir o! Bu yüzden zamansız çorbadır. Belki de bütün <a href=""https://yemek.com/tarif/"" target=""_blank"">yemek tarifleri</a> için böyledir.</p>
<p>Hatta <a href=""https://yemek.com/tarif/ezogelin-corbasi/"" target=""_blank"">ezogelin çorbasıyla</a> olan mücadelesini bir kenara koyarsanız, zamansız çorbaların en güzeli, en birincisi. Bunları söylüyoruz çünkü şimdiye kadar ""<strong>en güzel mercimek çorbası</strong>"" tarifini arayıp bulamadıysanız lezzetli ve pratik bu tencerede mercimek çorbası yapımı tam size göre!</p>
<p>Lafı uzatmadan ""Mercimek çorbası nasıl yapılır?"", ""<strong>Mercimek çorbası nasıl pişirilir?</strong>"" diye merak edenleri ev usulü mercimek çorbası tarifimize alalım. Adım adım resimli anlatımı ve videosuyla her eve mis gibi kokan, şifalı mercimek çorbasını davet edelim.</p>
<p>Afiyetler olsun diyelim, eğer sizin de kendinize özel <strong>mercimek çorbası pişirme yöntemleri</strong>niz varsa yorumlarda tüm okuyucularımızla paylaşmanızı isteyelim.</p>
<p>Not: ""Mercimek çorbası tamam da ben daha fazla çorba çeşidi de görmek istiyorum"" diyenleri şöyle alalım: <a href=""https://yemek.com/tarif/corba/"" target=""_blank"">Çorba Tarifleri</a>!</p>
",recipe,"['kuru soğan', 'tereyağı', 'sıcak su', 'tuz', 'ayçiçek yağı', 'un', 'patates', 'karabiber', 'kırmızı ya da sarı mercimek', 'havuç', 'kırmızı toz biber', 'sıvı yağ']","['Derin bir tencereye 3 yemek kaşığı sıvı yağ ekleyin. İri doğranmış 1 adet büyük soğanı sıvı yağ ile birlikte kavurun.', 'Kavrulan soğanlara 1 yemek kaşığı unu ekleyin ve kokusu çıkıp, renk alana kadar kavurma işlemini sürdürün.\xa0İri parçalar halinde doğradığınız birer adet havuç ve patatesi tencereye aktarıp karıştırmaya devam edin.', 'Tuz, karabiber ve bol suda yıkadıktan sonra suyunu süzdürdüğünüz\xa01,5 su bardağı mercimeği\xa0 de ilave edin ve son kez güzelce karıştırın.', '6 su bardağı sıcak suyu da tencereye ilave edin.', 'Ardından kapağını kapatın, patates ve havuçlar yumuşayana kadar ara ara karıştırarak 40 dakika kadar pişirin.', 'Çorba piştikten sonra pürüzsüz bir kıvam alması için; el blenderından geçirin. 5 dakika daha pişirdikten sonra ocaktan alın.', '3 yemek kaşığı sıvı yağ ve 2 yemek kaşığı tereyağını bir tavada kızdırın. Üzerine 1 tatlı kaşığı toz kırmızı biberi ekleyin ve 2 dakika yağı kızdırdıktan sonra ocaktan alın.', 'Çorbayı bir kaseye alın ve üzerine kızdırdığınız yağdan gezdirip servis edin.']",ÇORBA,,/tarif/corba/,"['Çorba', 'Ramazan', 'Video', 'Bakliyat']","['akşam yemeği', 'öğle yemeği']","['Başlangıç', 'Öğle Yemeği', 'Ara Öğün', 'Akşam Yemeği']",['Tencere'],"['Ekonomik', 'Vejetaryen', 'Bol Proteinli']",False,3000,600,2022-03-31T14:25:26Z,4.0,2607774,11074,False,True,True,0,,0,,,,2014/06/mercimek-corbasi-yemekcom.jpg,0,0,https://cdn.yemek.com/mnresize/940/940/uploads/2014/06/mercimek-corbasi-yemekcom.jpg,940,940,False,https://cdn.yemek.com/mncrop/300/200/uploads/2014/06/mercimek-corbasi-yemekcom.jpg,300,200,True,https://cdn.yemek.com/mncrop/940/625/uploads/2014/06/mercimek-corbasi-yemekcom.jpg,940,625,True,https://cdn.yemek.com/mncrop/620/388/uploads/2014/06/mercimek-corbasi-yemekcom.jpg,620,388,True,https://cdn.yemek.com/mncrop/600/315/uploads/2014/06/mercimek-corbasi-yemekcom.jpg,600,315,True,"['tencere', 'vejetaryen', 'bol lifli']",greenLight,,,,
49,118,Yasemin Özaltın,https://cdn.yemek.com/author/35533/20181219061403_avatar.jpg,/profil/yasemingursurer/,Orijinal Tarifi Burada: Domates Çorbası,Domates Çorbası,/tarif/domates-corbasi/,30 dk,30 dk,"<p>Havalar soğumaya başladı, yaz mevsimini hep birlikte uğurladık. Hafif hüzünlüyüz, ancak dumanı üzerinde tüten çorbalar içeceğimiz için de mutluyuz. En sevdiğiniz <a href=""https://yemek.com/tarif/corba/"" target=""_blank"">çorba</a> tarifi nedir? Bizim için <a href=""https://yemek.com/tarif/domates-corbasi/"" target=""_blank"">domates çorbasının</a> ayrı bir yeri var diyebiliriz. Bütün <a href=""https://yemek.com/tarif/"" target=""_blank"">yemek tarifleri</a>nin arasında yeri ayrı.</p>
<p>Hele ki dumanı üstünde ev yapımı domates çorbası yok mu..Gelin onu güzelleyelim bir parça. Domates çorbası tarifi kaşar peynirsiz olmaz. Bazen yerini krema alabilir ama domates çorbasını özel kılan ilk kaşıkla birlikte uzayıp giden kaşar peyniridir. Onu toparlaması ve sağa sola bulaştırmadan yenilmesi ayrı bir maceradır. <a href=""https://yemek.com/tarif/baharatli-kruton/"" target=""_blank"">Kızarmış ekmek dilimleri</a> hatta mümkünse <a href=""https://yemek.com/tarif/sarimsakli-ekmek/"" target=""_blank"">sarımsaklı ekmekler</a> çorbaya ayrı bir tat katar. Soğuk kış günlerinin keyfi böyle böyle çıkar.</p>
<p>Siz de bu <a href=""https://yemek.com/tarif/kolay-domates-corbasi/"" target=""_blank"">kolay domates çorbası</a> tarifiyle sevdiklerinizin içini ısıtabilir; onu sandığınızdan çok daha kolay ve pratik bir şekilde yapabilirsiniz. Şimdiden afiyet olsun!</p>
<p>&nbsp;</p>
",recipe,"['tereyağı', 'tuz', 'un', 'sıcak et suyu', 'sıcak süt', 'rendelenmiş kaşar peyniri', 'domates']","['Tereyağını tavada eritin.', 'Unu ekleyip kokusu çıkana kadar kısık ateşte kavurun.', 'Rendelenmiş domatesleri kavrulmuş un karışımına ekledikten sonra 5 dakika kadar pişirin.', 'Üzerine sıcak et suyunu ve tuzu ilave edin. Kesilmemesi için küçük bir cezvede ısıttığınız sütü azar azar ekleyip hızlıca karıştırın.', 'Çorbayı kaynayana kadar orta ateşte ardından da kısık ateşte 15 dakika kadar pişirin. Daha pürüzsüz bir kıvam alması için blenderdan geçirin. Servis kaselerine aldığınız çorbayı, rendelenmiş kaşar peynir ilavesiyle sıcak olarak servis edin.\xa0Afiyet olsun!']",ÇORBA,,/tarif/corba/,"['Çorba', 'Video', 'Mevsiminde']","['akşam yemeği', 'öğle yemeği']","['Öğle Yemeği', 'Akşam Yemeği']",['Tencere'],"['Ekonomik', 'Vejetaryen']",False,1800,1800,2022-03-18T15:00:23Z,4.0,2396278,8509,False,True,True,0,,0,,,,2022/03/domates-corbasi-sevgililer-gunu-gorsel.jpg,0,0,https://cdn.yemek.com/mnresize/940/940/uploads/2022/03/domates-corbasi-sevgililer-gunu-gorsel.jpg,940,940,False,https://cdn.yemek.com/mncrop/300/200/uploads/2022/03/domates-corbasi-sevgililer-gunu-gorsel.jpg,300,200,True,https://cdn.yemek.com/mncrop/940/625/uploads/2022/03/domates-corbasi-sevgililer-gunu-gorsel.jpg,940,625,True,https://cdn.yemek.com/mncrop/620/388/uploads/2022/03/domates-corbasi-sevgililer-gunu-gorsel.jpg,620,388,True,https://cdn.yemek.com/mncrop/600/315/uploads/2022/03/domates-corbasi-sevgililer-gunu-gorsel.jpg,600,315,True,['tencere'],greenLight,"['Haziran', 'Temmuz', 'Ağustos', 'Eylül']",,,
50,72,Yasemin Özaltın,https://cdn.yemek.com/author/35533/20181219061403_avatar.jpg,/profil/yasemingursurer/,En Gerçek Tarifiyle: Ezogelin Çorbası,Ezogelin Çorbası,/tarif/ezogelin-corbasi/,45 dk,15 dk,"<p>Türk mutfağına özgü, buram buram Anadolu kokan, binlerce yıllık bir <a href=""https://yemek.com/tarif/corba/"" target=""_blank"">çorba tarifiyle</a> karşınızdayız. <a href=""https://yemek.com/tarif/"" target=""_blank"">Yemek tarifleri</a> arasından seçtiğiniz ana yemek ne olursa olsun, ona mutlaka yakışacak olan ezogelin çorbasından bahsediyoruz. Siz de bu kolay ev yapımı ezogelin çorbasıyla sofralarınızı sıcacık yapabilirsiniz.</p>
<p>Ezogelin çorbası tarifi; yüksek oranda bereket içerir. Besleyicidir, lezzetlidir, pratiktir. Tüm bunların yanı sıra <a href=""https://yemek.com/tarif/mercimek-corbasi/"" target=""_blank"">mercimek çorbası</a> ile olan amansız rekabetiyle, bütün kebapçıların olmazsa olmaz çorbası olma özelliğini taşır. Hastalıklara karşı amansızca savaşır, siz iyi olun diye varını yolunu ortaya koyar. Tırnak pide ya da <a href=""https://yemek.com/tarif/bazlama/"" target=""_blank"">bazlama</a>yı çok sever.</p>
<p>Ezogelin çorbasını Türk mutfak tarihine kazandıran ve çorbaya adını veren Gaziantep’in Uruş (Dokuzyol) köyünde yaşamış olan Ezo Gelin’e şükranlarımızı sunarız. Merak edenler varsa ezogelin çorbasının hikayesi hemen şurada: <a href=""https://yemek.com/ezogelin-corbasinin-hikayesi/"" target=""_blank"">Hikayesi de Lezzeti Kadar Anadolu: Ezogelin Çorbasının Hikayesi</a></p>
<p>O zaman adım adım resimli ve videolu ezogelin çorbası yapılışı ve tarifi sizi bekler. <img src=""https://cdn.yemek.com/assets/images/smiley/wink.png"" class=""wp-smiley img-responsive"" /></p>
",recipe,"['kırmızı mercimek', 'pirinç', 'bulgur', 'kuru soğan', 'tereyağı', 'sıcak su', 'nane', 'tuz', 'limon suyu', 'pul biber', 'domates salçası']","['Sıcak suyu geniş bir tencerede kaynatın. Yıkayıp suyunu süzdürdüğünüz 2 çay bardağı kırmızı mercimeği tencereye aktarın.', '3 yemek kaşığı pirinci, 2 yemek kaşığı bulguru ve 1 tatlı kaşığı tuzu tencereye aktarın.', 'Yaklaşık 35 dakika, kırmızı mercimekler yumuşayana kadar pişirin.', 'Ayrı bir tavada 1 yemek kaşığı tereyağını eritin.', 'Üzerine 1 adet küp doğranmış kuru soğanı ekleyin ve kavurmaya başlayın.', 'Kavrulan soğanlara 1 tatlı kaşığı domates salçasını ekleyin.', '1 tatlı kaşığı naneyi ekleyip, 2 dakika daha kavurun.', 'Kavrulan sosunuzu ocaktan alın.', 'Bakliyatları kaynattığınız tencereye kavrulan salçalı soğan karışımı ekleyin.', 'Sonra hızlıca karıştırdığınız çorbayı 10 dakika daha pişirin.', 'Limon suyu ve pul biber ilavesiyle sıcak olarak servis edin.\xa0Afiyet olsun!']",ÇORBA,,/tarif/corba/,"['Çorba', 'Ramazan', 'Video']","['ekonomik', 'öğle yemeği']","['Öğle Yemeği', 'Ara Öğün', 'Akşam Yemeği']",['Tencere'],"['Ekonomik', 'Vejetaryen']",False,2700,900,2019-04-10T08:00:07Z,4.0,2061511,10279,False,True,True,0,,0,,,,2014/06/ezogelin-corbasi-yemekcom.jpg,0,0,https://cdn.yemek.com/mnresize/940/940/uploads/2014/06/ezogelin-corbasi-yemekcom.jpg,940,940,False,https://cdn.yemek.com/mncrop/300/200/uploads/2014/06/ezogelin-corbasi-yemekcom.jpg,300,200,True,https://cdn.yemek.com/mncrop/940/625/uploads/2014/06/ezogelin-corbasi-yemekcom.jpg,940,625,True,https://cdn.yemek.com/mncrop/620/388/uploads/2014/06/ezogelin-corbasi-yemekcom.jpg,620,388,True,https://cdn.yemek.com/mncrop/600/315/uploads/2014/06/ezogelin-corbasi-yemekcom.jpg,600,315,True,['tencere'],greenLight,,,,
51,247,Yasemin Özaltın,https://cdn.yemek.com/author/35533/20181219061403_avatar.jpg,/profil/yasemingursurer/,Tam Ölçülü: Pancake (Pankek),Pancake (Pankek),/tarif/pancake/,20 dk,20 dk,"<p>Bizim kültürümüzde <a href=""https://yemek.com/tarif/akitma/"" target=""_blank"">akıtma</a> ya da <a href=""https://yemek.com/tarif/krep"" target=""_blank"">krep</a> olarak bilinen hamur işinin biraz daha kalını ve kahvaltıların yıldızıdır pankek. Peynirli, zeytin ezmeli tuzlu çeşitleri yapılabileceği gibi çikolata kremalı ve meyveli çeşitlerini de aynı tarifle kolaylıkla hazırlayabilirsiniz. <a href=""https://yemek.com/tarif/kahvaltiliklar/"" target=""_blank"">Kahvaltılık tarif</a> aradığınızda eliniz bu tarife hemen gidecek.</p>
<p>Bu kahvaltılık <a href=""https://yemek.com/tarif/kolay-pankek/"" target=""_blank"">kolay pankek tarifi</a>nde pankek hamurunun nasıl yapılacağından <strong>tavada pankek yapmanın püf noktalarına</strong> kadar her şeyi bulabilecek, evde pankek yapımının tüm inceliklerini öğreneceksiniz.</p>
<p>Pancake tarifi gerçekten oldukça basit. Yumurta, un, kabartma tozu, toz şeker, süt, ayçiçek yağı gibi temel malzemeler içeriyor bu <strong>pratik hamur işi</strong>. Servis esnasında meyve dilimleri, eritilmiş çikolata çeşitleri, sosları oldukça yakışıyor. Akçaağaç şurubuyla da çok iyi gittiğini söylemeden geçmeyelim.</p>
<p>4 kişilik pankek nasıl yapılır diyenler için adım adım resimli ve videolu pancake tarifiyle en güzel pankekler hep sizin mutfaktan çıkacak! <img src=""https://cdn.yemek.com/assets/images/smiley/smile.png"" class=""wp-smiley img-responsive"" /></p>
",recipe,"['tuz', 'yumurta', 'toz şeker', 'ayçiçek yağı', 'ayçiçek yağı', 'süt', 'un', 'kabartma tozu', 'bal', 'vanilin']","['Pankek tarifi için derin bir karıştırma kabında 2 yumurta ve yarım su bardağı şekeri alın.', 'Şeker eriyene ve karışım krema kıvamını alana kadar\xa0çırpın.', 'Yumurtalı karışımın üzerine, 2 yemek kaşığı sıvı yağ ve 1,5 su bardağı sütü de koyup tekrar çırpın.', '2 su bardağı un, 1 paket kabartma tozu, 1 paket vanilin ve bir tutam tuzu da eleyerek karışımın içerisine ekleyin.', 'Pürüzsüz bir kıvam alana kadar çırpın.', 'İlk pankeki pişirmek için; krep tavasını ayçiçek yağı ile yağlayın. Kızdırdığınız tavaya küçük bir kepçe ya da bir kahve fincanı kadar pankek harcını aktarın.', 'Ocağın altını kısın. Pankeki, üzeri göz göz olana kadar pişirin. Bir spatula yardımıyla çevirdiğiniz pankekin diğer tarafını da aynı şekilde pişirin.', 'Krep tavasını arada yağlayarak pankek harcı bitene kadar aynı işlemi tekrarlayın.', 'Servis tabağına aldığınız pankeklerin üzerine tereyağı koyup bal gezdirebilirsiniz, afiyet olsun.']",KAHVALTILIK,239b56,/tarif/kahvaltiliklar/,"['Kahvaltılık', 'Video']","['kahvaltı', 'çay saati']","['Kahvaltı', 'Çay Saati']",['Tava'],"['Ekonomik', 'Vejetaryen']",False,1200,1200,2022-03-10T07:30:22Z,4.0,2051860,12838,False,True,True,0,,0,,,,2014/07/pancake-yemekcom.jpg,0,0,https://cdn.yemek.com/mnresize/940/940/uploads/2014/07/pancake-yemekcom.jpg,940,940,False,https://cdn.yemek.com/mncrop/300/200/uploads/2014/07/pancake-yemekcom.jpg,300,200,True,https://cdn.yemek.com/mncrop/940/625/uploads/2014/07/pancake-yemekcom.jpg,940,625,True,https://cdn.yemek.com/mncrop/620/388/uploads/2014/07/pancake-yemekcom.jpg,620,388,True,https://cdn.yemek.com/mncrop/600/315/uploads/2014/07/pancake-yemekcom.jpg,600,315,True,,,,['Amerika Birleşik Devletleri'],,
52,188,Yasemin Özaltın,https://cdn.yemek.com/author/35533/20181219061403_avatar.jpg,/profil/yasemingursurer/,"Kabardıkça Kabarır, Şerbetini Tam Çeker: Revani",Revani,/tarif/revani/,30 dk,35 dk,"<p>Bugün akşam yemeğine en lezzetli <a href=""https://yemek.com/ramazan-tatlilari/"" target=""_blank"">ramazan tatlılarından</a> biri olan revaniyi koyacağız. Revani tarifini uygularken bir yandan saray mutfağının bize Osmanlı'dan kalan en yadigar şeylerden biri olduğunu hatırlayacağız. Yaptığımız <a href=""https://yemek.com/tarif/"" target=""_blank"">yemek tariflerine</a> tatlı olarak onu çok yakıştıracağız. <a href=""https://yemek.com/tarif/tatli/"" target=""_blank"">Tatlı tariflerinin</a> arasında en çok sevdiklerimiz arasına ekleyeceğiz.</p>
<p>Klasik revaniyi evde pratik bir şekilde yapabilmek mümkün aslında. <strong>""Revani tatlısı nasıl yapılır""</strong> sorusunun hemen aşağıda adım adım resimli cevabını bulabileceğiniz nefis irmikli ve tam ölçülü evde kolay <a href=""https://yemek.com/tarif/muhallebili-revani/"" target=""_blank"">revani</a> yapımı tarifimizin bir püf noktası var bilinmesi gereken: Tahmin edeceğiniz gibi <a href=""https://yemek.com/tarif/serbetli-tatlilar/"" target=""_blank"">şerbetli tatlılardan</a> revaninin kıvamı önemli, onu da bir kaşık yardımıyla alacağınız şerbeti parmağınıza damlatıp, damlanın yayılıp yayılmadığını görerek anlayabilirsiniz. Eğer şerbet damlası yayılmıyorsa kıvamı tutmuş, revani yapımı için hazır hale gelmiş demektir. Böylelikle <strong>""Revani şerbeti nasıl dökülür, revani şerbeti nasıl olmalı?""</strong> sorusunun cevabını merak edenleri de rahatlatmış olduk.</p>
<p>Şerbetin yoğunluğu ile kekinin kabarıklığı için düşündüğümüz revani yapımı püf noktalarını tarif kısmında bulabilirsiniz. <a href=""https://yemek.com/revani-tarifleri/"" target=""_blank"">Farklı revani tarifleri</a> ve çok sevilen <a href=""https://yemek.com/tarif/hashasli-revani/"" target=""_blank"">haşhaşlı revani</a> tarifimizi de şöyle bırakalım.</p>
<p>O halde lafı daha fazla uzatmayalım, sizi en güzel revani tarifiyle baş başa bırakalım.</p>
",recipe,"['limon suyu', 'yumurta', 'toz şeker', 'toz şeker', 'ayçiçek yağı', 'un', 'kabartma tozu', 'su', 'yoğurt', 'irmik', 'rendelenmiş Hindistan cevizi', 'vanilin']","['Tatlının şerbetini hazırlamak için;\xa03 su bardağı su ve 2,5 su bardağı toz şekeri\xa0bir tencereye aktarın.', 'Kısık ateşte yaklaşık 30 dakika kadar kaynattıktan sonra limon suyunu ekleyin ve ılınması için ocaktan alın.', '3 yumurta bir kabın içerisine aktarın.', 'Üzerine 1 çay bardağı toz şekeri bir mikser yardımıyla toz şeker tamamen eriyene kadar karıştırın.', '1 çay bardağı ayçiçek yağı, 1 su bardağı yoğurt ve 1 su bardağı irmiği de ekledikten sonra tekrar karıştırın.', 'Son olarak 1,5 su bardağı\xa0un, 1 paket kabartma tozu ve 1 paket vanilini de karışıma ekledikten sonra çırpma işlemini sürdürün.', 'Yağlanmış fırına dayanıklı kalıbın içerisine hazırladığınız revani karışımını dökün.', 'Önceden ısıtılmış 180 derece fırında\xa025-30 dakika kadar pişirin.\xa0Fırından çıkardığınız revaninin ilk sıcaklığı geçtikten sonra oda sıcaklığında soğumuş şerbeti üzerine dökün ve şerbeti çekene kadar yaklaşık 1-2 saat bekleyin.', 'Ardından bıçak yardımıyla revaniyi dilimleyin.', 'Dilimlediğiniz ılık tatlıya rendelenmiş Hindistan cevizi serpiştirip servis edin. Afiyet olsun!']",ŞERBETLİ TATLI,239b56,/tarif/serbetli-tatlilar/,"['Tatlı', 'Şerbetli Tatlı', 'Ramazan', 'Video']","['ekonomik', 'çay saati']",['Çay Saati'],"['Fırın', 'Tencere']",,False,1800,2100,2022-04-20T11:00:29Z,4.0,2029239,5485,False,True,True,0,,0,,,,2014/06/revani-yemekcom.jpg,0,0,https://cdn.yemek.com/mnresize/940/940/uploads/2014/06/revani-yemekcom.jpg,940,940,False,https://cdn.yemek.com/mncrop/300/200/uploads/2014/06/revani-yemekcom.jpg,300,200,True,https://cdn.yemek.com/mncrop/940/625/uploads/2014/06/revani-yemekcom.jpg,940,625,True,https://cdn.yemek.com/mncrop/620/388/uploads/2014/06/revani-yemekcom.jpg,620,388,True,https://cdn.yemek.com/mncrop/600/315/uploads/2014/06/revani-yemekcom.jpg,600,315,True,,,,,,
53,2744,Cemre Özgüzel,https://cdn.yemek.com/author/109/20200211010242_avatar.jpg,/profil/cemre-ozguzel/,Az Malzemeyle Mükemmel Kıvam: Muhallebi,Muhallebi,/tarif/muhallebi/,15 dk,5 dk,"<p>Çocukluğumuzdan beri damağımızın alışık olduğu bir <a href=""https://yemek.com/tarif/tatli/"" target=""_blank"">tatlı tarifi</a> muhallebi. <strong>Pirinç unuyla hazırlanan muhallebi tarifler</strong>i olsa da kıvamı nişastayla bağlandığında bir o kadar güzel olur tadı. Öylesine yalın ve naif bir tattır ki kuru yemişler, çikolata ve çeşitli meyve sosları eşliğinde farklı tariflere bürünür.</p>
<p>Yaz sıcağına yakışır muhallebi tatlısı, keyfi kaşıklanır. Üzerine toz tarçınla yapabileceğiniz süslemelerle de saygı uyandırır. Başarıyla uygulanmış bir sütlü muhallebi tarifini tamamlayıcı nitelikte olan bu süslemeler ise tamamen sizin yaratıcılığınıza kalmış. <a href=""https://yemek.com/tarif/sutlu-tatlilar/"" target=""_blank"">Sütlü tatlıların </a>en kolay ve ekonomiği olan <strong>muhallebi tarifi</strong>mizle keyif dolu dakikalar yaşayabilirsiniz.</p>
<p>Biz sade muhallebi hazırladık ama diğer muhallebi çeşitleri için sizi şu tariflerimize de bekleriz: <a href=""https://yemek.com/muhallebi-tarifleri/"" target=""_blank"">Sıcak Yaz Günlerinde Midenizi Yormayarak Sizi Mutlu Edecek 17 Muhallebi Tarifi</a></p>
<p>En güzel muhallebinin sizin elinizden çıkmasını sağlayacak olan bu tarifi ister bardakta, ister kupta, ister fincanda servis edebilirsiniz. Hazırsanız pratik ve <a href=""https://yemek.com/tarif/kolay-muhallebi/"" target=""_blank"">kolay muhallebi</a> tarifimizle başbaşa bırakalım sizi.</p>
",recipe,"['tereyağı', 'toz şeker', 'süt', 'un', 'toz Antep fıstığı', 'buğday nişastası', 'muz', 'vanilin']","['5\xa0su bardağı soğuk sütü geniş bir tencereye aktarın.\xa0Yarım çay bardağı un, 3 yemek kaşığı buğday nişastası ve 1 su bardağı toz şekeri ilave ettikten sonra ocağın altını açın.', 'Ara ara karıştırarak koyu bir kıvam alana kadar pişirin.', 'Kıvam alan muhallebinin altını kapatın.', 'Henüz sıcakken içerisine\xa01 tatlı kaşığı tereyağı ve 1 paket vanilin ilave ederek çırpın.', 'Ardından servis kaselerine paylaştırın ve soğutun.', 'Antep fıstığıyla süsleyip tatlandırdığınız muhallebileri soğuk olarak sevdiklerinizle paylaşın.']",SÜTLÜ TATLI,239b56,/tarif/sutlu-tatlilar/,"['Tatlı', 'Ramazan', 'Sütlü Tatlı', 'Video']","['pratik yemek tarifleri', 'çay saati']",['Çay Saati'],['Tencere'],['Ekonomik'],False,900,300,2019-04-04T08:57:18Z,4.0,1868226,4584,False,True,True,0,,0,,,,2015/06/muhallebi-yemekcom.jpg,0,0,https://cdn.yemek.com/mnresize/940/940/uploads/2015/06/muhallebi-yemekcom.jpg,940,940,False,https://cdn.yemek.com/mncrop/300/200/uploads/2015/06/muhallebi-yemekcom.jpg,300,200,True,https://cdn.yemek.com/mncrop/940/625/uploads/2015/06/muhallebi-yemekcom.jpg,940,625,True,https://cdn.yemek.com/mncrop/620/388/uploads/2015/06/muhallebi-yemekcom.jpg,620,388,True,https://cdn.yemek.com/mncrop/600/315/uploads/2015/06/muhallebi-yemekcom.jpg,600,315,True,,,,,,
54,4172,ipeksare,https://cdn.yemek.com/author/262494/20200820091315_avatar.jpg,/profil/ipeksare/,Tane Tane Dökülür: Pirinç Pilavı,Pirinç Pilavı,/tarif/pirinc-pilavi/,20 dk,15 dk,"<p>Türlü türlü <a href=""https://yemek.com/tarif/"" target=""_blank"">yemek tariflerini</a> tamamlayan, <a href=""https://yemek.com/tarif/kuru-fasulye/"" target=""_blank"">kuru fasulye</a>-turşu ikilisine komşu olan, bir dönem yoğurtla takılan, <a href=""https://yemek.com/tarif/anne-koftesi/"" target=""_blank"">köfte patates</a> sevdalısı pilav... Kaşıktan tel tel dökülen pilav... Aromatik sebze ve kuru baharatlarla ev yapımı tavuk suyunuzu kendiniz hazırlayın bir güzel, ortalama pirinç çeşitlerine göre bir ölçü pirince bir buçuk ölçü su kullanacağınızı düşünün.</p>
<p>Yanma derecesini yükseltmek için tereyağını az miktarda ayçiçek yağıyla kavurun. Az miktarda arpa ya da tel şehriyeyi kavurup berrak su çıkana kadar duruladığınız pirinçleri pilav tenceresine alın. Şeffaf bir renk alana kavurup sıcak tavuk suyunu ekleyin. Tuzla tatlandırın, taze sıkılmış limon suyu, kesme şeker gibi unsurları küçük püf noktaları olarak değerlendirin pilav tarifinde. ""Pilavın tane tane olması için ne yapılır?"" diye soruyorsanız da size nefis önerilerimiz var: <a href=""https://yemek.com/pilav-nasil-yapilir/"" target=""_blank"">Tane Tane Dökülen Ev Yapımı Pilavlar İçin Demini Almış 5 Öneri</a></p>
<p>Pilavı yiyip de hemen kaçmayın, yorum bırakmayı unutmayın, yaptığınız bir değişiklik varsa bizlerle de paylaşın. Şimdiden ellerinize sağlık diyor tane tane dökülen pirinç pilavı tarifimize buyurun.</p>
<p>Farklı pilav tarifleri içinse sizi <a href=""https://yemek.com/tarif/pilav/"" target=""_blank"">şöyle</a> alalım. <img src=""https://cdn.yemek.com/assets/images/smiley/smile.png"" class=""wp-smiley img-responsive"" /></p>
",recipe,"['pirinç', 'tereyağı', 'sıcak su', 'tuz', 'karabiber']","['Uygun bir pilav tenceresinin içerisine tereyağı ekleyin.', 'Tereyağı eridikten sonra pirinçleri ekleyip kavurmaya başlayın. Pirinçler tane tane dökülmeye başlayana kadar yaklaşık 5 dakika kavurun.', 'Sıcak suyu ekleyin, tuzu ve karabiberi de ilave edin.', 'Bir kez karıştırın, kapağını kapatın ve kısık ateşte pişirin.', 'Suyunu çeken pilavın üzerine bir bez koyun ve demlenmesi için dinlendirin.', 'Biraz et ya da tavuk ile servis edebilirsiniz. Afiyet olsun!']",PİLAV,239b56,/tarif/pilav/,"['Pilav', 'Video']","['ekonomik', 'akşam yemeği', 'öğle yemeği']","['Öğle Yemeği', 'Akşam Yemeği']",['Tencere'],['Ekonomik'],False,1200,900,2020-09-02T06:35:37Z,4.0,1783014,2538,False,True,True,0,,0,,,,2020/09/pirinc-pilavi-yemekcom.jpg,0,0,https://cdn.yemek.com/mnresize/940/940/uploads/2020/09/pirinc-pilavi-yemekcom.jpg,940,940,False,https://cdn.yemek.com/mncrop/300/200/uploads/2020/09/pirinc-pilavi-yemekcom.jpg,300,200,True,https://cdn.yemek.com/mncrop/940/625/uploads/2020/09/pirinc-pilavi-yemekcom.jpg,940,625,True,https://cdn.yemek.com/mncrop/620/388/uploads/2020/09/pirinc-pilavi-yemekcom.jpg,620,388,True,https://cdn.yemek.com/mncrop/600/315/uploads/2020/09/pirinc-pilavi-yemekcom.jpg,600,315,True,['tencere'],,,,,
55,313,Yasemin Özaltın,https://cdn.yemek.com/author/35533/20181219061403_avatar.jpg,/profil/yasemingursurer/,Yağ Çekmeden Pişer: Mücver,Mücver,/tarif/mucver/,15 dk,15 dk,"<p>Türk mutfağının, mutfağımıza ait tüm <a href=""https://yemek.com/tarif/"" target=""_blank"" rel=""noopener"">yemek tariflerinin</a> uzağında ama çok sevilen kuzeni ya da teyzesidir mücver tarifi. Her öğün göremezsin, her akşam yemezsin, yiyemezsin. Ancak her gördüğünde mutlu olursun; daha çok görmek istersin. Özeldir, yeri ayrıdır. Herkes güzelini yapamaz.</p>
<p>Arzu ettiğiniz yeşillik, patates, havuç hatta kereviz gibi <a href=""https://yemek.com/tarif/sebze/"" target=""_blank"" rel=""noopener"">sebze</a>leri de ekleyerek hazırlayabileceğiniz bir <a href=""https://yemek.com/tarif/atistirmaliklar/"" target=""_blank"" rel=""noopener"">atıştırmalık</a>, kolay mücver tarifimiz var. Ne güzel olur <strong>kabak mücveri</strong>, küçük püf noktaları vardır onun. Çok fazla yağ çekmemesi için yağı önceden kızdırmalı, rendelenmiş sebzelerin suyunu sıkmalı, sebzelerin taze olmasına dikkat etmeli örneğin.</p>
<p>Anne eli değmiş mücver, bu tarifte biraz daha renk kazanıyor. Yeşillik ve kabakların yanına havuç da katılıyor. Ana yemeğiniz ne olursa olsun bugün sofranızda <strong>kızarmış çıtır mücverler</strong> de yer alsın bizce.</p>
<p>Daha fazla mücver çeşidi görmek isteyenleri ise şöyle alabiliriz: <a href=""https://yemek.com/mucver-tarifleri/"" target=""_blank"" rel=""noopener"">Mücver Tarifleri</a></p>
<p>Kızartmalardan uzak duruyorsanız sizi fırında kabak mücveri tarifimize şuradan davet edelim: <a href=""https://yemek.com/tarif/firinda-mucver/"" target=""_blank"" rel=""noopener"">Fırında Mücver Tarifi, Nasıl Yapılır?</a></p>
<p>Videolu tarifimize aşağıya bırakıyoruz. Keyfini çıkarmanız dileğiyle!</p>",recipe,"['tuz', 'yumurta', 'un', 'karabiber', 'havuç', 'taze soğan', 'kabak', 'dereotu', 'sıvı yağ']","['<p>Mücver için bol suda yıkadığınız kabakları rendenin\xa0iri kısmıyla rendeleyin.\xa0Mücveri sulandırmaması için; rendelenmiş kabakların suyunu sıkarak çıkartın.</p>', '<p>Geniş bir kapta rendelenen kabakları, havucu, yumurtayı, taze soğanı, dereotunu, tuzu, karabiberi birleştirin.</p>', '<p>Unu da ilave edip tüm malzemeler birbiriyle harmanlayın.</p>', '<p>Tüm malzemeler macun kıvamını alana kadar spatula yardımıyla karıştırın.</p>', '<p>Her bir mücver 1 tepeleme yemek kaşığı olacak şekilde ayarlayıp tavaya dökün.</p>', '<p>Kızgın yağda altın sarısı rengini alana kadar kızartın. Mücverlerin fazla yağını havlu kağıda süzdürdükten sonra servis tabağına alın ve çırpılmış yoğurt ile servis edin. Afiyet olsun!</p>']",SEBZE,239b56,/tarif/sebze/,"['Sebze', 'Özel Beslenme', 'Vejetaryen', 'Video', 'Kızartma', 'Mevsiminde']",,['Çay Saati'],['Kızartma'],"['Ekonomik', 'Vejetaryen']",False,900,900,2021-11-09T03:30:59Z,4.0,1738171,11618,False,True,True,0,,0,,,,2014/07/mucver-ytk-site.jpg,0,0,https://cdn.yemek.com/mnresize/940/940/uploads/2014/07/mucver-ytk-site.jpg,940,940,False,https://cdn.yemek.com/mncrop/300/200/uploads/2014/07/mucver-ytk-site.jpg,300,200,True,https://cdn.yemek.com/mncrop/940/625/uploads/2014/07/mucver-ytk-site.jpg,940,625,True,https://cdn.yemek.com/mncrop/620/388/uploads/2014/07/mucver-ytk-site.jpg,620,388,True,https://cdn.yemek.com/mncrop/600/315/uploads/2014/07/mucver-ytk-site.jpg,600,315,True,,,"['Haziran', 'Temmuz', 'Ağustos']",,,
56,272,Neşe Ümit Tan,https://cdn.yemek.com/author/208653/20190910030615_avatar.jpg,/profil/neseumit/,Tam Kıvamında: Sütlaç,Sütlaç,/tarif/sutlac/,31 dk,5 dk,"<p><a href=""https://yemek.com/tarif/"" target=""_blank"">Yemek tariflerinin</a> en tatlı, en sevilen ismi, <a href=""https://yemek.com/tarif/sutlu-tatlilar/"" target=""_blank"">sütlü tatlılar</a>ın en besleyicisi, pirincin en güzel halidir sütlaç tarifi. Tencerede kıvam aldıktan sonra ısıya dayanıklı toprak kaplara paylaştırılıp fırında kızaran hali <a href=""https://yemek.com/tarif/firin-sutlac/"" target=""_blank"">fırın sütlaç</a> ismini alır. Çocukluk yıllarından aşina olduğumuz besleyici bir tatlıdır. <a href=""https://yemek.com/"" target=""_blank"">Tarifler</a> içinde özellikle sütlü tatlıların ve <a href=""https://yemek.com/tarif/tatli/"" target=""_blank"">tatlı tariflerinin</a> en şahanesidir!</p>
<p>Ev yapımı sütlacı tam kıvamında ve tam ölçülü yapmak için birkaç püf noktasına ihtiyacınız var. Klasik sütlaçtan vazgeçemeyenlerin evde nefis <a href=""https://yemek.com/tarif/firin-sutlac/"" target=""_blank"">fırın sütlaçlar</a> yapmasını sağlayacak olan ve en güzel sütlaç tarifine ulaşmanızı sağlayacak bu tarifi bir köşeye not edin deriz. <a href=""https://yemek.com/tarif/sutlu-tatlilar/"" target=""_blank"">Sütlü tatlıların</a> en güzeli, <a href=""https://yemek.com/ramazan-tatlilari/"" target=""_blank"">ramazan için tatlılardan</a> <strong>en hafif sütlaç tarifi</strong> karşınızda!</p>
",recipe,"['pirinç', 'sıcak su', 'toz şeker', 'süt', 'su', 'buğday nişastası']","['Sadece bir kez sudan geçirerek yıkadığınız\xa0pirinci tencereye alın ve\xa02 su bardağı sıcak suyu ekleyerek kısık ateşte pişirmeye başlayın. Bu sırada ara ara nazikçe karıştırın.', 'Pirinç, suyu çekip lapa hale gelince üzerine sütü ilave edin. Karıştırın ve\xa0süt kaynayana kadar ara ara karıştırmaya devam edin. Kaynadıktan sonra altını kısın, 8-10 dakika daha bu şekilde karıştırarak kısık ateşte pişirin.', 'Ardından şekeri ekleyin, karıştırın. Tekrar kaynamasını bekleyin ve 4-5 dakika daha da kısık ateşte bu şekilde kaynatın.', 'Nişastayı eklemek için bir kabın içerisine alın, 1 çay bardağı suyla karıştırın.', 'Aynı anda hem karıştırıp hem tencereye ekleyin. Azar azar dökerek eklerseniz topaklanma riskini de engellemiş olursunuz.\xa0Karıştırdıktan sonra hafifçe kıvam alana kadar pişirin. Bu sırada tekrar kaynayacak ve minik minik balonların yüzeye ulaştığını göreceksiniz, bunu gördükten sonra kısık ateşe alıp 1-2 dakika daha pişirin ve ardından ocaktan alın.', 'Bu noktada sütlacın kıvamı akışkan bir boza kıvamında olmalıdır.\xa0Sütlaç harcını bir kepçeyle kaselere dağıtın.', 'Oda sıcaklığında soğuduktan\xa0sonra buzdolabında en az 2 saat, tercihen 1 akşam kadar bekletin ve servis etmeden önce buzdolabından çıkarıp 5 dakika bekletin, tarçın serperek servis edin.', 'Afiyet olsun!']",SÜTLÜ TATLI,239b56,/tarif/sutlu-tatlilar/,"['Tatlı', 'Ramazan', 'Sütlü Tatlı', 'Video']",['çay saati'],['Çay Saati'],['Tencere'],,False,1860,300,2022-03-11T07:15:20Z,4.0,1693684,4171,False,True,True,0,,0,,,,2019/05/sutlac-guncelleme-sunum-1.jpg,0,0,https://cdn.yemek.com/mnresize/940/940/uploads/2019/05/sutlac-guncelleme-sunum-1.jpg,940,940,False,https://cdn.yemek.com/mncrop/300/200/uploads/2019/05/sutlac-guncelleme-sunum-1.jpg,300,200,True,https://cdn.yemek.com/mncrop/940/625/uploads/2019/05/sutlac-guncelleme-sunum-1.jpg,940,625,True,https://cdn.yemek.com/mncrop/620/388/uploads/2019/05/sutlac-guncelleme-sunum-1.jpg,620,388,True,https://cdn.yemek.com/mncrop/600/315/uploads/2019/05/sutlac-guncelleme-sunum-1.jpg,600,315,True,,,,,,
57,125,Yasemin Özaltın,https://cdn.yemek.com/author/35533/20181219061403_avatar.jpg,/profil/yasemingursurer/,Basit Malzemelerle: Kolay Tiramisu,Kolay Tiramisu,/tarif/kolay-tiramisu/,15 dk,15 dk,"<p>""Tiramisu hangi ülkeye ait?"" diyenlere hemen cevap vererek başlayalım. İtalyan asıllı bir <a href=""https://yemek.com/tarif/tatli/"" target=""_blank"">tatlı</a> olan <a href=""https://yemek.com/tarif/tiramisu/"" target=""_blank"">tiramisu</a>, ülkemizde son yıllarda popüler olmasıyla tanınır. Mutluluk ve enerji veren bir tatlı olduğu için de İtalyanlar bu tatlıya 'Beni yukarı çek, beni yukarı kaldır' anlamına gelen tiramisu ismini vermiştir. Bu hali de onun oldukça pratikleşmiş hali. Hazır kekle yapılan bu kolay tiramisu tarifi üstelik 30 dakikada hazır.</p>
<p>""Tiramisu nasıl yapılır?"" diyenler için tiramisu <a href=""https://yemek.com/tarif/kek/"" target=""_blank"">kek</a>inin labneli tiramisu kremasıyla nasıl buluştuğunu adım adım resimli bir şekilde anlatıyor, nefis süslemesiyle en güzel ve en pratik ev yapımı tiramisunun yapılışını tüm detaylarıyla anlatıyoruz!</p>
<p>İşte iştah açıcı görüntüsü ve lezzetiyle kolay tiramisu tarifi! En kısa zamanda onu çayınızın, kahvenizin yanına konuk edin deriz. Hem zamandan kazandıran hem de konuklarınıza nefis bir ikramda bulunmak istediğinizde de kurtarıcılarınızdan biri olacak nefis tarifimize davetlisiniz. Mevsimine göre de kolay tiramisularınızın üzerini dilediğiniz meyve ile süsleyebilirsiniz. Şimdiden ellerinize sağlık diyoruz.</p>
<p>Bu arada ""Ben kedi dili ile yapılan orijinal tiramisu <a href=""https://yemek.com/tarif/"" target=""_blank"">tarif</a>ini de merak ediyorum"" derseniz onun tarifini de hemen şöyle bırakıyoruz: <a href=""https://yemek.com/tarif/kedi-dilli-tiramisu/"" target=""_blank"">Kedidilli tiramisu tarifi, nasıl yapılır?</a></p>
",recipe,"['sıcak su', 'toz şeker', 'toz şeker', 'süt', 'un', 'yumurta sarısı', 'kakao', 'hazır kek', 'granül kahve', 'labne peyniri']","['Tiramisunun kremasını hazırlamak için; 2 su bardağı süt, 5 yemek kaşığı toz şeker, 3 yemek kaşığı un ve 1 adet\xa0 yumurta sarısını tencereye alın.', 'Sürekli karıştırarak orta ateşte muhallebi kıvamına gelene kadar pişirin. Piştikten sonra kremayı soğumaya bırakın.', 'Kek tabanını ıslatmak için; bir kasede 1 su bardağı sıcak suya, 1 yemek kaşığı granül kahve ve 1 tatlı kaşığı toz şekerini eriyene kadar karıştırın.', 'Pişirip soğumaya bıraktığınız kremaya 200 gram labne peynirini ekleyin ve bir mikser yardımıyla pürüzsüz bir kıvam alana kadar çırpın.', 'Servis tabağına ya da bir borcama pasta tabanının bir katını yerleştirin.', 'Kahveli karışımın yarısıyla keki ıslatın.', 'Üzerine hazırladığınız kremanın yarısını yayın.', 'Pastanın diğer katını da üzerine koyun ve\xa0 kahveli karışımla ıslatın. Kalan krema ile pastanın üzerini tamamen kaplayın.', 'Son olarak üzerine kakao serpiştirin.', 'Çilek dilimleriyle süsleyip buzdolabında 1- 2 saat beklettikten sonra dilimleyerek servis edin.\xa0Afiyet olsun!']",TATLI,239b56,/tarif/tatli/,"['Tatlı', 'Video', 'Dünya Mutfakları']","['ekonomik', 'ara öğün', 'çay saati']",['Çay Saati'],['Tencere'],['Vejetaryen'],False,900,900,2022-03-31T14:48:27Z,4.0,1687627,4451,False,True,True,0,,0,,,,2014/06/kolay-tiramisu-yemekcom.jpg,0,0,https://cdn.yemek.com/mnresize/940/940/uploads/2014/06/kolay-tiramisu-yemekcom.jpg,940,940,False,https://cdn.yemek.com/mncrop/300/200/uploads/2014/06/kolay-tiramisu-yemekcom.jpg,300,200,True,https://cdn.yemek.com/mncrop/940/625/uploads/2014/06/kolay-tiramisu-yemekcom.jpg,940,625,True,https://cdn.yemek.com/mncrop/620/388/uploads/2014/06/kolay-tiramisu-yemekcom.jpg,620,388,True,https://cdn.yemek.com/mncrop/600/315/uploads/2014/06/kolay-tiramisu-yemekcom.jpg,600,315,True,,,,['İtalya'],,
58,127,Gökçen Mutaf,https://cdn.yemek.com/author/23120/20181227103819_avatar.jpeg,/profil/gokcenmutaf/,Ağızda Dağılan Mükemmel Kıvamıyla: Elmalı Kurabiye,Elmalı Kurabiye,/tarif/elmali-kurabiye/,25 dk,20 dk,"<p><a href=""https://yemek.com/kurabiye-tarifleri-puf-noktalari/"" target=""_blank"">Kurabiye tariflerinin</a> en güzellerinden biri olan en güzel elmalı kurabiye karşınızda! Ağızda dağılan kıvamıyla, <a href=""https://yemek.com/pratik-kurabiye-tarifleri/"" target=""_blank"">pratik kurabiyelerden</a> oluşuyla kalplerinizi çalmaya gelecek bu kıyır kıyır <a href=""https://yemek.com/elmali-kurabiye-tarifleri/"" target=""_blank"">elmalı kurabiye tarifi</a> şekilleriyle, malzemeleriyle, hamuruyla tam ölçülü <a href=""https://yemek.com/tarif/kolay-elmali-kurabiye/"" target=""_blank"">elmalı kurabiye</a> yapmak isteyenlerin yardımına koşacak.</p>
<p><strong>Elmalı kurabiyenin gevrek olmas</strong>ı için yapılması gerekenlerden, nasıl saklanacağına kadar elmalı kurabiye yapmanın tüm püf noktalarını da bulabileceğiniz bu en güzel denenmiş elmalı kurabiye <a href=""https://yemek.com/tarif/"" target=""_blank"">tarifi</a> için çay suyunun altını koyalım hafiften. Elmalı <a href=""https://yemek.com/tarif/kurabiye/"" target=""_blank"">kurabiyeler</a> bizi bekler. Ağızda dağılan, tarçınlı <strong>elmalı kurabiye tarifi</strong>miz için mutfağa davetlisiniz. Afiyetler olsun şimdiden.</p>
",recipe,"['limon suyu', 'toz şeker', 'toz şeker', 'un', 'yoğurt', 'tarçın', 'karbonat', 'tereyağı (oda ısısında bekletilmiş)', 'dövülmüş ceviz içi', 'sıvı yağ', 'kırmızı elma']","['Elmalı kurabiye tarifini hazırlamak için\xa0 rendelenmiş elmaları tavaya alın. Üzerine toz şekeri ilave edin. Karamelize olana dek pişirin.', 'Piştikten sonra üzerine yarım su bardağı kadar dövülmüş ceviz ve tarçın ekleyin, karıştırın.', 'Hamurunu hazırlamak için derin bir kaseye oda sıcaklığında yumuşamış tereyağı, sıvı yağ, yoğurt, toz şeker, limon suyu ve karbonatı ekleyin. Güzelce yoğurun ve ardından unu da azar azar ekleyerek, ele yapışmayan fakat yumuşak olan bir hamur elde edin.', 'Hamuru tezgahın üzerinde toparlayın.', 'Tezgaha hafifçe un serperek açın. Yuvarlak şekiller çıkarıp elmalı harcı ortasına koyun ve iki yandan katlayın.', 'Pişirme kağıdı serdiğiniz fırın tepsisine kurabiyeleri dizin ve önceden ısıtılmış 180 derece fırında üzeri kızarana kadar, yaklaşık 20-25 dakika pişirin.', 'Oda sıcaklığına geldikten sonra üzerine pudra şekeri serpiştirin. Kurabiyeleriniz artık servise hazır! Afiyet olsun..', 'Afiyet olsun..']",TATLI KURABİYE,239b56,/tarif/tatli-kurabiyeler/,"['Kurabiye', 'Video', 'Tatlı Kurabiye']",['çay saati'],['Çay Saati'],['Fırın'],,False,1500,1200,2022-03-11T07:30:23Z,4.0,1597377,7917,False,True,True,0,,0,,,,2022/03/elmali-kurabiye-tarifi-yemekcom.jpg,0,0,https://cdn.yemek.com/mnresize/940/940/uploads/2022/03/elmali-kurabiye-tarifi-yemekcom.jpg,940,940,False,https://cdn.yemek.com/mncrop/300/200/uploads/2022/03/elmali-kurabiye-tarifi-yemekcom.jpg,300,200,True,https://cdn.yemek.com/mncrop/940/625/uploads/2022/03/elmali-kurabiye-tarifi-yemekcom.jpg,940,625,True,https://cdn.yemek.com/mncrop/620/388/uploads/2022/03/elmali-kurabiye-tarifi-yemekcom.jpg,620,388,True,https://cdn.yemek.com/mncrop/600/315/uploads/2022/03/elmali-kurabiye-tarifi-yemekcom.jpg,600,315,True,,,,,,
59,3424,Ege Şahin,https://cdn.yemek.com/author/464113/20220221123420_avatar.jpg,/profil/egesahin/,Kıyır Kıyır: Üç Malzemeli Un Kurabiyesi,Üç Malzemeli Un Kurabiyesi,/tarif/uc-malzemeli-un-kurabiyesi/,15 dk,10 dk,"<p>Eşe dosta <a href=""https://yemek.com/tarif/un-kurabiyesi/"" target=""_blank"">un kurabiyesi</a> tarifi soranlar, telefonda un kurabiyesi nasıl yapılır diye dert yananlar, neredeyse rüyasında un kurabiyesi görenler... Hoş geldiniz, doğru yerdesiniz.</p>
<p>Günün en tatlı saatleri akşam üzeri olmuş, belki de tatlısıyla tuzlusuyla uzun uzadıya keyfi çıkacak bir <a href=""https://yemek.com/tarif/kahvaltiliklar/"" target=""_blank"">kahvaltı</a> sofrası hazırlıyorsunuz. Ya da akşam yemeği sonrası çay keyfinizi taçlandıracak tatlı bir hamur işi aradığınız. Öyleyse sadece 10 dakikada hazırlanan üç malzemeli un kurabiyesi <a href=""https://yemek.com/tarif/"" target=""_blank"">tarif</a>ine alalım sizi. Bu kurabiyeler bir şahane.</p>
<p>Sıvı yağ, pudra şekeri ve un ilavesiyle hazırlanan bu <a href=""https://yemek.com/tarif/tatli-kurabiyeler/"" target=""_blank"">tatlı kurabiye</a>ler, kaşıkla şekil alıp önceden ısıtılmış 175 derece fırında 15 dakika gibi kısa bir sürede pişiyor. Demleyin çayı, kurulun en sevdiğiniz koltuğa. Kurabiyeleriniz olmak üzere, afiyet olsun.</p>
",recipe,"['un', 'pudra şekeri', 'pudra şekeri', 'sıvı yağ']","['Sıvı yağ ve pudra şekerini derin bir kaba alın, karıştırın.', 'Ardından unu aşamalı olarak ekleyin.\xa0Hamuru toparlamak için iyice yoğurun. Hamurdan parçalar koparıp silindir şeklini verin.', 'Verev şekilde kesin.', 'Yağlı kağıt serilmiş fırın tepsisine aralıklı olarak yerleştirin.', 'Üzerlerini çatal ile çizin. Önceden ısıtılmış 175 derece fırında 15 dakika pişirin.', 'Arzuya göre üzerine pudra şekeri serperek servis edin. Afiyet olsun!']",TATLI KURABİYE,239b56,/tarif/tatli-kurabiyeler/,"['Kurabiye', 'Tatlı Kurabiye']",['çay saati'],['Çay Saati'],['Fırın'],['Ekonomik'],False,900,600,2022-12-28T11:10:00Z,4.0,1569331,4413,False,False,True,0,,0,,,,2015/09/uc-malzemeli-un-kurabiyesi-yemekcom.jpg,0,0,https://cdn.yemek.com/mnresize/940/940/uploads/2015/09/uc-malzemeli-un-kurabiyesi-yemekcom.jpg,940,940,False,https://cdn.yemek.com/mncrop/300/200/uploads/2015/09/uc-malzemeli-un-kurabiyesi-yemekcom.jpg,300,200,True,https://cdn.yemek.com/mncrop/940/625/uploads/2015/09/uc-malzemeli-un-kurabiyesi-yemekcom.jpg,940,625,True,https://cdn.yemek.com/mncrop/620/388/uploads/2015/09/uc-malzemeli-un-kurabiyesi-yemekcom.jpg,620,388,True,https://cdn.yemek.com/mncrop/600/315/uploads/2015/09/uc-malzemeli-un-kurabiyesi-yemekcom.jpg,600,315,True,,,,,,
60,118,Yasemin Özaltın,https://cdn.yemek.com/author/35533/20181219061403_avatar.jpg,/profil/yasemingursurer/,Orijinal Tarifi Burada: Domates Çorbası,Domates Çorbası,/tarif/domates-corbasi/,30 dk,30 dk,"<p>Havalar soğumaya başladı, yaz mevsimini hep birlikte uğurladık. Hafif hüzünlüyüz, ancak dumanı üzerinde tüten çorbalar içeceğimiz için de mutluyuz. En sevdiğiniz <a href=""https://yemek.com/tarif/corba/"" target=""_blank"">çorba</a> tarifi nedir? Bizim için <a href=""https://yemek.com/tarif/domates-corbasi/"" target=""_blank"">domates çorbasının</a> ayrı bir yeri var diyebiliriz. Bütün <a href=""https://yemek.com/tarif/"" target=""_blank"">yemek tarifleri</a>nin arasında yeri ayrı.</p>
<p>Hele ki dumanı üstünde ev yapımı domates çorbası yok mu..Gelin onu güzelleyelim bir parça. Domates çorbası tarifi kaşar peynirsiz olmaz. Bazen yerini krema alabilir ama domates çorbasını özel kılan ilk kaşıkla birlikte uzayıp giden kaşar peyniridir. Onu toparlaması ve sağa sola bulaştırmadan yenilmesi ayrı bir maceradır. <a href=""https://yemek.com/tarif/baharatli-kruton/"" target=""_blank"">Kızarmış ekmek dilimleri</a> hatta mümkünse <a href=""https://yemek.com/tarif/sarimsakli-ekmek/"" target=""_blank"">sarımsaklı ekmekler</a> çorbaya ayrı bir tat katar. Soğuk kış günlerinin keyfi böyle böyle çıkar.</p>
<p>Siz de bu <a href=""https://yemek.com/tarif/kolay-domates-corbasi/"" target=""_blank"">kolay domates çorbası</a> tarifiyle sevdiklerinizin içini ısıtabilir; onu sandığınızdan çok daha kolay ve pratik bir şekilde yapabilirsiniz. Şimdiden afiyet olsun!</p>
<p>&nbsp;</p>
",recipe,"['tereyağı', 'tuz', 'un', 'sıcak et suyu', 'sıcak süt', 'rendelenmiş kaşar peyniri', 'domates']","['Tereyağını tavada eritin.', 'Unu ekleyip kokusu çıkana kadar kısık ateşte kavurun.', 'Rendelenmiş domatesleri kavrulmuş un karışımına ekledikten sonra 5 dakika kadar pişirin.', 'Üzerine sıcak et suyunu ve tuzu ilave edin. Kesilmemesi için küçük bir cezvede ısıttığınız sütü azar azar ekleyip hızlıca karıştırın.', 'Çorbayı kaynayana kadar orta ateşte ardından da kısık ateşte 15 dakika kadar pişirin. Daha pürüzsüz bir kıvam alması için blenderdan geçirin. Servis kaselerine aldığınız çorbayı, rendelenmiş kaşar peynir ilavesiyle sıcak olarak servis edin.\xa0Afiyet olsun!']",ÇORBA,,/tarif/corba/,"['Çorba', 'Video', 'Mevsiminde']","['akşam yemeği', 'öğle yemeği']","['Öğle Yemeği', 'Akşam Yemeği']",['Tencere'],"['Ekonomik', 'Vejetaryen']",False,1800,1800,2022-03-18T15:00:23Z,4.0,2396278,8509,False,True,True,0,,0,,,,2022/03/domates-corbasi-sevgililer-gunu-gorsel.jpg,0,0,https://cdn.yemek.com/mnresize/940/940/uploads/2022/03/domates-corbasi-sevgililer-gunu-gorsel.jpg,940,940,False,https://cdn.yemek.com/mncrop/300/200/uploads/2022/03/domates-corbasi-sevgililer-gunu-gorsel.jpg,300,200,True,https://cdn.yemek.com/mncrop/940/625/uploads/2022/03/domates-corbasi-sevgililer-gunu-gorsel.jpg,940,625,True,https://cdn.yemek.com/mncrop/620/388/uploads/2022/03/domates-corbasi-sevgililer-gunu-gorsel.jpg,620,388,True,https://cdn.yemek.com/mncrop/600/315/uploads/2022/03/domates-corbasi-sevgililer-gunu-gorsel.jpg,600,315,True,['tencere'],greenLight,"['Haziran', 'Temmuz', 'Ağustos', 'Eylül']",,,
61,72,Yasemin Özaltın,https://cdn.yemek.com/author/35533/20181219061403_avatar.jpg,/profil/yasemingursurer/,En Gerçek Tarifiyle: Ezogelin Çorbası,Ezogelin Çorbası,/tarif/ezogelin-corbasi/,45 dk,15 dk,"<p>Türk mutfağına özgü, buram buram Anadolu kokan, binlerce yıllık bir <a href=""https://yemek.com/tarif/corba/"" target=""_blank"">çorba tarifiyle</a> karşınızdayız. <a href=""https://yemek.com/tarif/"" target=""_blank"">Yemek tarifleri</a> arasından seçtiğiniz ana yemek ne olursa olsun, ona mutlaka yakışacak olan ezogelin çorbasından bahsediyoruz. Siz de bu kolay ev yapımı ezogelin çorbasıyla sofralarınızı sıcacık yapabilirsiniz.</p>
<p>Ezogelin çorbası tarifi; yüksek oranda bereket içerir. Besleyicidir, lezzetlidir, pratiktir. Tüm bunların yanı sıra <a href=""https://yemek.com/tarif/mercimek-corbasi/"" target=""_blank"">mercimek çorbası</a> ile olan amansız rekabetiyle, bütün kebapçıların olmazsa olmaz çorbası olma özelliğini taşır. Hastalıklara karşı amansızca savaşır, siz iyi olun diye varını yolunu ortaya koyar. Tırnak pide ya da <a href=""https://yemek.com/tarif/bazlama/"" target=""_blank"">bazlama</a>yı çok sever.</p>
<p>Ezogelin çorbasını Türk mutfak tarihine kazandıran ve çorbaya adını veren Gaziantep’in Uruş (Dokuzyol) köyünde yaşamış olan Ezo Gelin’e şükranlarımızı sunarız. Merak edenler varsa ezogelin çorbasının hikayesi hemen şurada: <a href=""https://yemek.com/ezogelin-corbasinin-hikayesi/"" target=""_blank"">Hikayesi de Lezzeti Kadar Anadolu: Ezogelin Çorbasının Hikayesi</a></p>
<p>O zaman adım adım resimli ve videolu ezogelin çorbası yapılışı ve tarifi sizi bekler. <img src=""https://cdn.yemek.com/assets/images/smiley/wink.png"" class=""wp-smiley img-responsive"" /></p>
",recipe,"['kırmızı mercimek', 'pirinç', 'bulgur', 'kuru soğan', 'tereyağı', 'sıcak su', 'nane', 'tuz', 'limon suyu', 'pul biber', 'domates salçası']","['Sıcak suyu geniş bir tencerede kaynatın. Yıkayıp suyunu süzdürdüğünüz 2 çay bardağı kırmızı mercimeği tencereye aktarın.', '3 yemek kaşığı pirinci, 2 yemek kaşığı bulguru ve 1 tatlı kaşığı tuzu tencereye aktarın.', 'Yaklaşık 35 dakika, kırmızı mercimekler yumuşayana kadar pişirin.', 'Ayrı bir tavada 1 yemek kaşığı tereyağını eritin.', 'Üzerine 1 adet küp doğranmış kuru soğanı ekleyin ve kavurmaya başlayın.', 'Kavrulan soğanlara 1 tatlı kaşığı domates salçasını ekleyin.', '1 tatlı kaşığı naneyi ekleyip, 2 dakika daha kavurun.', 'Kavrulan sosunuzu ocaktan alın.', 'Bakliyatları kaynattığınız tencereye kavrulan salçalı soğan karışımı ekleyin.', 'Sonra hızlıca karıştırdığınız çorbayı 10 dakika daha pişirin.', 'Limon suyu ve pul biber ilavesiyle sıcak olarak servis edin.\xa0Afiyet olsun!']",ÇORBA,,/tarif/corba/,"['Çorba', 'Ramazan', 'Video']","['ekonomik', 'öğle yemeği']","['Öğle Yemeği', 'Ara Öğün', 'Akşam Yemeği']",['Tencere'],"['Ekonomik', 'Vejetaryen']",False,2700,900,2019-04-10T08:00:07Z,4.0,2061511,10279,False,True,True,0,,0,,,,2014/06/ezogelin-corbasi-yemekcom.jpg,0,0,https://cdn.yemek.com/mnresize/940/940/uploads/2014/06/ezogelin-corbasi-yemekcom.jpg,940,940,False,https://cdn.yemek.com/mncrop/300/200/uploads/2014/06/ezogelin-corbasi-yemekcom.jpg,300,200,True,https://cdn.yemek.com/mncrop/940/625/uploads/2014/06/ezogelin-corbasi-yemekcom.jpg,940,625,True,https://cdn.yemek.com/mncrop/620/388/uploads/2014/06/ezogelin-corbasi-yemekcom.jpg,620,388,True,https://cdn.yemek.com/mncrop/600/315/uploads/2014/06/ezogelin-corbasi-yemekcom.jpg,600,315,True,['tencere'],greenLight,,,,
62,247,Yasemin Özaltın,https://cdn.yemek.com/author/35533/20181219061403_avatar.jpg,/profil/yasemingursurer/,Tam Ölçülü: Pancake (Pankek),Pancake (Pankek),/tarif/pancake/,20 dk,20 dk,"<p>Bizim kültürümüzde <a href=""https://yemek.com/tarif/akitma/"" target=""_blank"">akıtma</a> ya da <a href=""https://yemek.com/tarif/krep"" target=""_blank"">krep</a> olarak bilinen hamur işinin biraz daha kalını ve kahvaltıların yıldızıdır pankek. Peynirli, zeytin ezmeli tuzlu çeşitleri yapılabileceği gibi çikolata kremalı ve meyveli çeşitlerini de aynı tarifle kolaylıkla hazırlayabilirsiniz. <a href=""https://yemek.com/tarif/kahvaltiliklar/"" target=""_blank"">Kahvaltılık tarif</a> aradığınızda eliniz bu tarife hemen gidecek.</p>
<p>Bu kahvaltılık <a href=""https://yemek.com/tarif/kolay-pankek/"" target=""_blank"">kolay pankek tarifi</a>nde pankek hamurunun nasıl yapılacağından <strong>tavada pankek yapmanın püf noktalarına</strong> kadar her şeyi bulabilecek, evde pankek yapımının tüm inceliklerini öğreneceksiniz.</p>
<p>Pancake tarifi gerçekten oldukça basit. Yumurta, un, kabartma tozu, toz şeker, süt, ayçiçek yağı gibi temel malzemeler içeriyor bu <strong>pratik hamur işi</strong>. Servis esnasında meyve dilimleri, eritilmiş çikolata çeşitleri, sosları oldukça yakışıyor. Akçaağaç şurubuyla da çok iyi gittiğini söylemeden geçmeyelim.</p>
<p>4 kişilik pankek nasıl yapılır diyenler için adım adım resimli ve videolu pancake tarifiyle en güzel pankekler hep sizin mutfaktan çıkacak! <img src=""https://cdn.yemek.com/assets/images/smiley/smile.png"" class=""wp-smiley img-responsive"" /></p>
",recipe,"['tuz', 'yumurta', 'toz şeker', 'ayçiçek yağı', 'ayçiçek yağı', 'süt', 'un', 'kabartma tozu', 'bal', 'vanilin']","['Pankek tarifi için derin bir karıştırma kabında 2 yumurta ve yarım su bardağı şekeri alın.', 'Şeker eriyene ve karışım krema kıvamını alana kadar\xa0çırpın.', 'Yumurtalı karışımın üzerine, 2 yemek kaşığı sıvı yağ ve 1,5 su bardağı sütü de koyup tekrar çırpın.', '2 su bardağı un, 1 paket kabartma tozu, 1 paket vanilin ve bir tutam tuzu da eleyerek karışımın içerisine ekleyin.', 'Pürüzsüz bir kıvam alana kadar çırpın.', 'İlk pankeki pişirmek için; krep tavasını ayçiçek yağı ile yağlayın. Kızdırdığınız tavaya küçük bir kepçe ya da bir kahve fincanı kadar pankek harcını aktarın.', 'Ocağın altını kısın. Pankeki, üzeri göz göz olana kadar pişirin. Bir spatula yardımıyla çevirdiğiniz pankekin diğer tarafını da aynı şekilde pişirin.', 'Krep tavasını arada yağlayarak pankek harcı bitene kadar aynı işlemi tekrarlayın.', 'Servis tabağına aldığınız pankeklerin üzerine tereyağı koyup bal gezdirebilirsiniz, afiyet olsun.']",KAHVALTILIK,239b56,/tarif/kahvaltiliklar/,"['Kahvaltılık', 'Video']","['kahvaltı', 'çay saati']","['Kahvaltı', 'Çay Saati']",['Tava'],"['Ekonomik', 'Vejetaryen']",False,1200,1200,2022-03-10T07:30:22Z,4.0,2051860,12838,False,True,True,0,,0,,,,2014/07/pancake-yemekcom.jpg,0,0,https://cdn.yemek.com/mnresize/940/940/uploads/2014/07/pancake-yemekcom.jpg,940,940,False,https://cdn.yemek.com/mncrop/300/200/uploads/2014/07/pancake-yemekcom.jpg,300,200,True,https://cdn.yemek.com/mncrop/940/625/uploads/2014/07/pancake-yemekcom.jpg,940,625,True,https://cdn.yemek.com/mncrop/620/388/uploads/2014/07/pancake-yemekcom.jpg,620,388,True,https://cdn.yemek.com/mncrop/600/315/uploads/2014/07/pancake-yemekcom.jpg,600,315,True,,,,['Amerika Birleşik Devletleri'],,
63,188,Yasemin Özaltın,https://cdn.yemek.com/author/35533/20181219061403_avatar.jpg,/profil/yasemingursurer/,"Kabardıkça Kabarır, Şerbetini Tam Çeker: Revani",Revani,/tarif/revani/,30 dk,35 dk,"<p>Bugün akşam yemeğine en lezzetli <a href=""https://yemek.com/ramazan-tatlilari/"" target=""_blank"">ramazan tatlılarından</a> biri olan revaniyi koyacağız. Revani tarifini uygularken bir yandan saray mutfağının bize Osmanlı'dan kalan en yadigar şeylerden biri olduğunu hatırlayacağız. Yaptığımız <a href=""https://yemek.com/tarif/"" target=""_blank"">yemek tariflerine</a> tatlı olarak onu çok yakıştıracağız. <a href=""https://yemek.com/tarif/tatli/"" target=""_blank"">Tatlı tariflerinin</a> arasında en çok sevdiklerimiz arasına ekleyeceğiz.</p>
<p>Klasik revaniyi evde pratik bir şekilde yapabilmek mümkün aslında. <strong>""Revani tatlısı nasıl yapılır""</strong> sorusunun hemen aşağıda adım adım resimli cevabını bulabileceğiniz nefis irmikli ve tam ölçülü evde kolay <a href=""https://yemek.com/tarif/muhallebili-revani/"" target=""_blank"">revani</a> yapımı tarifimizin bir püf noktası var bilinmesi gereken: Tahmin edeceğiniz gibi <a href=""https://yemek.com/tarif/serbetli-tatlilar/"" target=""_blank"">şerbetli tatlılardan</a> revaninin kıvamı önemli, onu da bir kaşık yardımıyla alacağınız şerbeti parmağınıza damlatıp, damlanın yayılıp yayılmadığını görerek anlayabilirsiniz. Eğer şerbet damlası yayılmıyorsa kıvamı tutmuş, revani yapımı için hazır hale gelmiş demektir. Böylelikle <strong>""Revani şerbeti nasıl dökülür, revani şerbeti nasıl olmalı?""</strong> sorusunun cevabını merak edenleri de rahatlatmış olduk.</p>
<p>Şerbetin yoğunluğu ile kekinin kabarıklığı için düşündüğümüz revani yapımı püf noktalarını tarif kısmında bulabilirsiniz. <a href=""https://yemek.com/revani-tarifleri/"" target=""_blank"">Farklı revani tarifleri</a> ve çok sevilen <a href=""https://yemek.com/tarif/hashasli-revani/"" target=""_blank"">haşhaşlı revani</a> tarifimizi de şöyle bırakalım.</p>
<p>O halde lafı daha fazla uzatmayalım, sizi en güzel revani tarifiyle baş başa bırakalım.</p>
",recipe,"['limon suyu', 'yumurta', 'toz şeker', 'toz şeker', 'ayçiçek yağı', 'un', 'kabartma tozu', 'su', 'yoğurt', 'irmik', 'rendelenmiş Hindistan cevizi', 'vanilin']","['Tatlının şerbetini hazırlamak için;\xa03 su bardağı su ve 2,5 su bardağı toz şekeri\xa0bir tencereye aktarın.', 'Kısık ateşte yaklaşık 30 dakika kadar kaynattıktan sonra limon suyunu ekleyin ve ılınması için ocaktan alın.', '3 yumurta bir kabın içerisine aktarın.', 'Üzerine 1 çay bardağı toz şekeri bir mikser yardımıyla toz şeker tamamen eriyene kadar karıştırın.', '1 çay bardağı ayçiçek yağı, 1 su bardağı yoğurt ve 1 su bardağı irmiği de ekledikten sonra tekrar karıştırın.', 'Son olarak 1,5 su bardağı\xa0un, 1 paket kabartma tozu ve 1 paket vanilini de karışıma ekledikten sonra çırpma işlemini sürdürün.', 'Yağlanmış fırına dayanıklı kalıbın içerisine hazırladığınız revani karışımını dökün.', 'Önceden ısıtılmış 180 derece fırında\xa025-30 dakika kadar pişirin.\xa0Fırından çıkardığınız revaninin ilk sıcaklığı geçtikten sonra oda sıcaklığında soğumuş şerbeti üzerine dökün ve şerbeti çekene kadar yaklaşık 1-2 saat bekleyin.', 'Ardından bıçak yardımıyla revaniyi dilimleyin.', 'Dilimlediğiniz ılık tatlıya rendelenmiş Hindistan cevizi serpiştirip servis edin. Afiyet olsun!']",ŞERBETLİ TATLI,239b56,/tarif/serbetli-tatlilar/,"['Tatlı', 'Şerbetli Tatlı', 'Ramazan', 'Video']","['ekonomik', 'çay saati']",['Çay Saati'],"['Fırın', 'Tencere']",,False,1800,2100,2022-04-20T11:00:29Z,4.0,2029239,5485,False,True,True,0,,0,,,,2014/06/revani-yemekcom.jpg,0,0,https://cdn.yemek.com/mnresize/940/940/uploads/2014/06/revani-yemekcom.jpg,940,940,False,https://cdn.yemek.com/mncrop/300/200/uploads/2014/06/revani-yemekcom.jpg,300,200,True,https://cdn.yemek.com/mncrop/940/625/uploads/2014/06/revani-yemekcom.jpg,940,625,True,https://cdn.yemek.com/mncrop/620/388/uploads/2014/06/revani-yemekcom.jpg,620,388,True,https://cdn.yemek.com/mncrop/600/315/uploads/2014/06/revani-yemekcom.jpg,600,315,True,,,,,,
64,2744,Cemre Özgüzel,https://cdn.yemek.com/author/109/20200211010242_avatar.jpg,/profil/cemre-ozguzel/,Az Malzemeyle Mükemmel Kıvam: Muhallebi,Muhallebi,/tarif/muhallebi/,15 dk,5 dk,"<p>Çocukluğumuzdan beri damağımızın alışık olduğu bir <a href=""https://yemek.com/tarif/tatli/"" target=""_blank"">tatlı tarifi</a> muhallebi. <strong>Pirinç unuyla hazırlanan muhallebi tarifler</strong>i olsa da kıvamı nişastayla bağlandığında bir o kadar güzel olur tadı. Öylesine yalın ve naif bir tattır ki kuru yemişler, çikolata ve çeşitli meyve sosları eşliğinde farklı tariflere bürünür.</p>
<p>Yaz sıcağına yakışır muhallebi tatlısı, keyfi kaşıklanır. Üzerine toz tarçınla yapabileceğiniz süslemelerle de saygı uyandırır. Başarıyla uygulanmış bir sütlü muhallebi tarifini tamamlayıcı nitelikte olan bu süslemeler ise tamamen sizin yaratıcılığınıza kalmış. <a href=""https://yemek.com/tarif/sutlu-tatlilar/"" target=""_blank"">Sütlü tatlıların </a>en kolay ve ekonomiği olan <strong>muhallebi tarifi</strong>mizle keyif dolu dakikalar yaşayabilirsiniz.</p>
<p>Biz sade muhallebi hazırladık ama diğer muhallebi çeşitleri için sizi şu tariflerimize de bekleriz: <a href=""https://yemek.com/muhallebi-tarifleri/"" target=""_blank"">Sıcak Yaz Günlerinde Midenizi Yormayarak Sizi Mutlu Edecek 17 Muhallebi Tarifi</a></p>
<p>En güzel muhallebinin sizin elinizden çıkmasını sağlayacak olan bu tarifi ister bardakta, ister kupta, ister fincanda servis edebilirsiniz. Hazırsanız pratik ve <a href=""https://yemek.com/tarif/kolay-muhallebi/"" target=""_blank"">kolay muhallebi</a> tarifimizle başbaşa bırakalım sizi.</p>
",recipe,"['tereyağı', 'toz şeker', 'süt', 'un', 'toz Antep fıstığı', 'buğday nişastası', 'muz', 'vanilin']","['5\xa0su bardağı soğuk sütü geniş bir tencereye aktarın.\xa0Yarım çay bardağı un, 3 yemek kaşığı buğday nişastası ve 1 su bardağı toz şekeri ilave ettikten sonra ocağın altını açın.', 'Ara ara karıştırarak koyu bir kıvam alana kadar pişirin.', 'Kıvam alan muhallebinin altını kapatın.', 'Henüz sıcakken içerisine\xa01 tatlı kaşığı tereyağı ve 1 paket vanilin ilave ederek çırpın.', 'Ardından servis kaselerine paylaştırın ve soğutun.', 'Antep fıstığıyla süsleyip tatlandırdığınız muhallebileri soğuk olarak sevdiklerinizle paylaşın.']",SÜTLÜ TATLI,239b56,/tarif/sutlu-tatlilar/,"['Tatlı', 'Ramazan', 'Sütlü Tatlı', 'Video']","['pratik yemek tarifleri', 'çay saati']",['Çay Saati'],['Tencere'],['Ekonomik'],False,900,300,2019-04-04T08:57:18Z,4.0,1868226,4584,False,True,True,0,,0,,,,2015/06/muhallebi-yemekcom.jpg,0,0,https://cdn.yemek.com/mnresize/940/940/uploads/2015/06/muhallebi-yemekcom.jpg,940,940,False,https://cdn.yemek.com/mncrop/300/200/uploads/2015/06/muhallebi-yemekcom.jpg,300,200,True,https://cdn.yemek.com/mncrop/940/625/uploads/2015/06/muhallebi-yemekcom.jpg,940,625,True,https://cdn.yemek.com/mncrop/620/388/uploads/2015/06/muhallebi-yemekcom.jpg,620,388,True,https://cdn.yemek.com/mncrop/600/315/uploads/2015/06/muhallebi-yemekcom.jpg,600,315,True,,,,,,
65,4172,ipeksare,https://cdn.yemek.com/author/262494/20200820091315_avatar.jpg,/profil/ipeksare/,Tane Tane Dökülür: Pirinç Pilavı,Pirinç Pilavı,/tarif/pirinc-pilavi/,20 dk,15 dk,"<p>Türlü türlü <a href=""https://yemek.com/tarif/"" target=""_blank"">yemek tariflerini</a> tamamlayan, <a href=""https://yemek.com/tarif/kuru-fasulye/"" target=""_blank"">kuru fasulye</a>-turşu ikilisine komşu olan, bir dönem yoğurtla takılan, <a href=""https://yemek.com/tarif/anne-koftesi/"" target=""_blank"">köfte patates</a> sevdalısı pilav... Kaşıktan tel tel dökülen pilav... Aromatik sebze ve kuru baharatlarla ev yapımı tavuk suyunuzu kendiniz hazırlayın bir güzel, ortalama pirinç çeşitlerine göre bir ölçü pirince bir buçuk ölçü su kullanacağınızı düşünün.</p>
<p>Yanma derecesini yükseltmek için tereyağını az miktarda ayçiçek yağıyla kavurun. Az miktarda arpa ya da tel şehriyeyi kavurup berrak su çıkana kadar duruladığınız pirinçleri pilav tenceresine alın. Şeffaf bir renk alana kavurup sıcak tavuk suyunu ekleyin. Tuzla tatlandırın, taze sıkılmış limon suyu, kesme şeker gibi unsurları küçük püf noktaları olarak değerlendirin pilav tarifinde. ""Pilavın tane tane olması için ne yapılır?"" diye soruyorsanız da size nefis önerilerimiz var: <a href=""https://yemek.com/pilav-nasil-yapilir/"" target=""_blank"">Tane Tane Dökülen Ev Yapımı Pilavlar İçin Demini Almış 5 Öneri</a></p>
<p>Pilavı yiyip de hemen kaçmayın, yorum bırakmayı unutmayın, yaptığınız bir değişiklik varsa bizlerle de paylaşın. Şimdiden ellerinize sağlık diyor tane tane dökülen pirinç pilavı tarifimize buyurun.</p>
<p>Farklı pilav tarifleri içinse sizi <a href=""https://yemek.com/tarif/pilav/"" target=""_blank"">şöyle</a> alalım. <img src=""https://cdn.yemek.com/assets/images/smiley/smile.png"" class=""wp-smiley img-responsive"" /></p>
",recipe,"['pirinç', 'tereyağı', 'sıcak su', 'tuz', 'karabiber']","['Uygun bir pilav tenceresinin içerisine tereyağı ekleyin.', 'Tereyağı eridikten sonra pirinçleri ekleyip kavurmaya başlayın. Pirinçler tane tane dökülmeye başlayana kadar yaklaşık 5 dakika kavurun.', 'Sıcak suyu ekleyin, tuzu ve karabiberi de ilave edin.', 'Bir kez karıştırın, kapağını kapatın ve kısık ateşte pişirin.', 'Suyunu çeken pilavın üzerine bir bez koyun ve demlenmesi için dinlendirin.', 'Biraz et ya da tavuk ile servis edebilirsiniz. Afiyet olsun!']",PİLAV,239b56,/tarif/pilav/,"['Pilav', 'Video']","['ekonomik', 'akşam yemeği', 'öğle yemeği']","['Öğle Yemeği', 'Akşam Yemeği']",['Tencere'],['Ekonomik'],False,1200,900,2020-09-02T06:35:37Z,4.0,1783014,2538,False,True,True,0,,0,,,,2020/09/pirinc-pilavi-yemekcom.jpg,0,0,https://cdn.yemek.com/mnresize/940/940/uploads/2020/09/pirinc-pilavi-yemekcom.jpg,940,940,False,https://cdn.yemek.com/mncrop/300/200/uploads/2020/09/pirinc-pilavi-yemekcom.jpg,300,200,True,https://cdn.yemek.com/mncrop/940/625/uploads/2020/09/pirinc-pilavi-yemekcom.jpg,940,625,True,https://cdn.yemek.com/mncrop/620/388/uploads/2020/09/pirinc-pilavi-yemekcom.jpg,620,388,True,https://cdn.yemek.com/mncrop/600/315/uploads/2020/09/pirinc-pilavi-yemekcom.jpg,600,315,True,['tencere'],,,,,
66,313,Yasemin Özaltın,https://cdn.yemek.com/author/35533/20181219061403_avatar.jpg,/profil/yasemingursurer/,Yağ Çekmeden Pişer: Mücver,Mücver,/tarif/mucver/,15 dk,15 dk,"<p>Türk mutfağının, mutfağımıza ait tüm <a href=""https://yemek.com/tarif/"" target=""_blank"" rel=""noopener"">yemek tariflerinin</a> uzağında ama çok sevilen kuzeni ya da teyzesidir mücver tarifi. Her öğün göremezsin, her akşam yemezsin, yiyemezsin. Ancak her gördüğünde mutlu olursun; daha çok görmek istersin. Özeldir, yeri ayrıdır. Herkes güzelini yapamaz.</p>
<p>Arzu ettiğiniz yeşillik, patates, havuç hatta kereviz gibi <a href=""https://yemek.com/tarif/sebze/"" target=""_blank"" rel=""noopener"">sebze</a>leri de ekleyerek hazırlayabileceğiniz bir <a href=""https://yemek.com/tarif/atistirmaliklar/"" target=""_blank"" rel=""noopener"">atıştırmalık</a>, kolay mücver tarifimiz var. Ne güzel olur <strong>kabak mücveri</strong>, küçük püf noktaları vardır onun. Çok fazla yağ çekmemesi için yağı önceden kızdırmalı, rendelenmiş sebzelerin suyunu sıkmalı, sebzelerin taze olmasına dikkat etmeli örneğin.</p>
<p>Anne eli değmiş mücver, bu tarifte biraz daha renk kazanıyor. Yeşillik ve kabakların yanına havuç da katılıyor. Ana yemeğiniz ne olursa olsun bugün sofranızda <strong>kızarmış çıtır mücverler</strong> de yer alsın bizce.</p>
<p>Daha fazla mücver çeşidi görmek isteyenleri ise şöyle alabiliriz: <a href=""https://yemek.com/mucver-tarifleri/"" target=""_blank"" rel=""noopener"">Mücver Tarifleri</a></p>
<p>Kızartmalardan uzak duruyorsanız sizi fırında kabak mücveri tarifimize şuradan davet edelim: <a href=""https://yemek.com/tarif/firinda-mucver/"" target=""_blank"" rel=""noopener"">Fırında Mücver Tarifi, Nasıl Yapılır?</a></p>
<p>Videolu tarifimize aşağıya bırakıyoruz. Keyfini çıkarmanız dileğiyle!</p>",recipe,"['tuz', 'yumurta', 'un', 'karabiber', 'havuç', 'taze soğan', 'kabak', 'dereotu', 'sıvı yağ']","['<p>Mücver için bol suda yıkadığınız kabakları rendenin\xa0iri kısmıyla rendeleyin.\xa0Mücveri sulandırmaması için; rendelenmiş kabakların suyunu sıkarak çıkartın.</p>', '<p>Geniş bir kapta rendelenen kabakları, havucu, yumurtayı, taze soğanı, dereotunu, tuzu, karabiberi birleştirin.</p>', '<p>Unu da ilave edip tüm malzemeler birbiriyle harmanlayın.</p>', '<p>Tüm malzemeler macun kıvamını alana kadar spatula yardımıyla karıştırın.</p>', '<p>Her bir mücver 1 tepeleme yemek kaşığı olacak şekilde ayarlayıp tavaya dökün.</p>', '<p>Kızgın yağda altın sarısı rengini alana kadar kızartın. Mücverlerin fazla yağını havlu kağıda süzdürdükten sonra servis tabağına alın ve çırpılmış yoğurt ile servis edin. Afiyet olsun!</p>']",SEBZE,239b56,/tarif/sebze/,"['Sebze', 'Özel Beslenme', 'Vejetaryen', 'Video', 'Kızartma', 'Mevsiminde']",,['Çay Saati'],['Kızartma'],"['Ekonomik', 'Vejetaryen']",False,900,900,2021-11-09T03:30:59Z,4.0,1738171,11618,False,True,True,0,,0,,,,2014/07/mucver-ytk-site.jpg,0,0,https://cdn.yemek.com/mnresize/940/940/uploads/2014/07/mucver-ytk-site.jpg,940,940,False,https://cdn.yemek.com/mncrop/300/200/uploads/2014/07/mucver-ytk-site.jpg,300,200,True,https://cdn.yemek.com/mncrop/940/625/uploads/2014/07/mucver-ytk-site.jpg,940,625,True,https://cdn.yemek.com/mncrop/620/388/uploads/2014/07/mucver-ytk-site.jpg,620,388,True,https://cdn.yemek.com/mncrop/600/315/uploads/2014/07/mucver-ytk-site.jpg,600,315,True,,,"['Haziran', 'Temmuz', 'Ağustos']",,,
67,272,Neşe Ümit Tan,https://cdn.yemek.com/author/208653/20190910030615_avatar.jpg,/profil/neseumit/,Tam Kıvamında: Sütlaç,Sütlaç,/tarif/sutlac/,31 dk,5 dk,"<p><a href=""https://yemek.com/tarif/"" target=""_blank"">Yemek tariflerinin</a> en tatlı, en sevilen ismi, <a href=""https://yemek.com/tarif/sutlu-tatlilar/"" target=""_blank"">sütlü tatlılar</a>ın en besleyicisi, pirincin en güzel halidir sütlaç tarifi. Tencerede kıvam aldıktan sonra ısıya dayanıklı toprak kaplara paylaştırılıp fırında kızaran hali <a href=""https://yemek.com/tarif/firin-sutlac/"" target=""_blank"">fırın sütlaç</a> ismini alır. Çocukluk yıllarından aşina olduğumuz besleyici bir tatlıdır. <a href=""https://yemek.com/"" target=""_blank"">Tarifler</a> içinde özellikle sütlü tatlıların ve <a href=""https://yemek.com/tarif/tatli/"" target=""_blank"">tatlı tariflerinin</a> en şahanesidir!</p>
<p>Ev yapımı sütlacı tam kıvamında ve tam ölçülü yapmak için birkaç püf noktasına ihtiyacınız var. Klasik sütlaçtan vazgeçemeyenlerin evde nefis <a href=""https://yemek.com/tarif/firin-sutlac/"" target=""_blank"">fırın sütlaçlar</a> yapmasını sağlayacak olan ve en güzel sütlaç tarifine ulaşmanızı sağlayacak bu tarifi bir köşeye not edin deriz. <a href=""https://yemek.com/tarif/sutlu-tatlilar/"" target=""_blank"">Sütlü tatlıların</a> en güzeli, <a href=""https://yemek.com/ramazan-tatlilari/"" target=""_blank"">ramazan için tatlılardan</a> <strong>en hafif sütlaç tarifi</strong> karşınızda!</p>
",recipe,"['pirinç', 'sıcak su', 'toz şeker', 'süt', 'su', 'buğday nişastası']","['Sadece bir kez sudan geçirerek yıkadığınız\xa0pirinci tencereye alın ve\xa02 su bardağı sıcak suyu ekleyerek kısık ateşte pişirmeye başlayın. Bu sırada ara ara nazikçe karıştırın.', 'Pirinç, suyu çekip lapa hale gelince üzerine sütü ilave edin. Karıştırın ve\xa0süt kaynayana kadar ara ara karıştırmaya devam edin. Kaynadıktan sonra altını kısın, 8-10 dakika daha bu şekilde karıştırarak kısık ateşte pişirin.', 'Ardından şekeri ekleyin, karıştırın. Tekrar kaynamasını bekleyin ve 4-5 dakika daha da kısık ateşte bu şekilde kaynatın.', 'Nişastayı eklemek için bir kabın içerisine alın, 1 çay bardağı suyla karıştırın.', 'Aynı anda hem karıştırıp hem tencereye ekleyin. Azar azar dökerek eklerseniz topaklanma riskini de engellemiş olursunuz.\xa0Karıştırdıktan sonra hafifçe kıvam alana kadar pişirin. Bu sırada tekrar kaynayacak ve minik minik balonların yüzeye ulaştığını göreceksiniz, bunu gördükten sonra kısık ateşe alıp 1-2 dakika daha pişirin ve ardından ocaktan alın.', 'Bu noktada sütlacın kıvamı akışkan bir boza kıvamında olmalıdır.\xa0Sütlaç harcını bir kepçeyle kaselere dağıtın.', 'Oda sıcaklığında soğuduktan\xa0sonra buzdolabında en az 2 saat, tercihen 1 akşam kadar bekletin ve servis etmeden önce buzdolabından çıkarıp 5 dakika bekletin, tarçın serperek servis edin.', 'Afiyet olsun!']",SÜTLÜ TATLI,239b56,/tarif/sutlu-tatlilar/,"['Tatlı', 'Ramazan', 'Sütlü Tatlı', 'Video']",['çay saati'],['Çay Saati'],['Tencere'],,False,1860,300,2022-03-11T07:15:20Z,4.0,1693684,4171,False,True,True,0,,0,,,,2019/05/sutlac-guncelleme-sunum-1.jpg,0,0,https://cdn.yemek.com/mnresize/940/940/uploads/2019/05/sutlac-guncelleme-sunum-1.jpg,940,940,False,https://cdn.yemek.com/mncrop/300/200/uploads/2019/05/sutlac-guncelleme-sunum-1.jpg,300,200,True,https://cdn.yemek.com/mncrop/940/625/uploads/2019/05/sutlac-guncelleme-sunum-1.jpg,940,625,True,https://cdn.yemek.com/mncrop/620/388/uploads/2019/05/sutlac-guncelleme-sunum-1.jpg,620,388,True,https://cdn.yemek.com/mncrop/600/315/uploads/2019/05/sutlac-guncelleme-sunum-1.jpg,600,315,True,,,,,,
68,125,Yasemin Özaltın,https://cdn.yemek.com/author/35533/20181219061403_avatar.jpg,/profil/yasemingursurer/,Basit Malzemelerle: Kolay Tiramisu,Kolay Tiramisu,/tarif/kolay-tiramisu/,15 dk,15 dk,"<p>""Tiramisu hangi ülkeye ait?"" diyenlere hemen cevap vererek başlayalım. İtalyan asıllı bir <a href=""https://yemek.com/tarif/tatli/"" target=""_blank"">tatlı</a> olan <a href=""https://yemek.com/tarif/tiramisu/"" target=""_blank"">tiramisu</a>, ülkemizde son yıllarda popüler olmasıyla tanınır. Mutluluk ve enerji veren bir tatlı olduğu için de İtalyanlar bu tatlıya 'Beni yukarı çek, beni yukarı kaldır' anlamına gelen tiramisu ismini vermiştir. Bu hali de onun oldukça pratikleşmiş hali. Hazır kekle yapılan bu kolay tiramisu tarifi üstelik 30 dakikada hazır.</p>
<p>""Tiramisu nasıl yapılır?"" diyenler için tiramisu <a href=""https://yemek.com/tarif/kek/"" target=""_blank"">kek</a>inin labneli tiramisu kremasıyla nasıl buluştuğunu adım adım resimli bir şekilde anlatıyor, nefis süslemesiyle en güzel ve en pratik ev yapımı tiramisunun yapılışını tüm detaylarıyla anlatıyoruz!</p>
<p>İşte iştah açıcı görüntüsü ve lezzetiyle kolay tiramisu tarifi! En kısa zamanda onu çayınızın, kahvenizin yanına konuk edin deriz. Hem zamandan kazandıran hem de konuklarınıza nefis bir ikramda bulunmak istediğinizde de kurtarıcılarınızdan biri olacak nefis tarifimize davetlisiniz. Mevsimine göre de kolay tiramisularınızın üzerini dilediğiniz meyve ile süsleyebilirsiniz. Şimdiden ellerinize sağlık diyoruz.</p>
<p>Bu arada ""Ben kedi dili ile yapılan orijinal tiramisu <a href=""https://yemek.com/tarif/"" target=""_blank"">tarif</a>ini de merak ediyorum"" derseniz onun tarifini de hemen şöyle bırakıyoruz: <a href=""https://yemek.com/tarif/kedi-dilli-tiramisu/"" target=""_blank"">Kedidilli tiramisu tarifi, nasıl yapılır?</a></p>
",recipe,"['sıcak su', 'toz şeker', 'toz şeker', 'süt', 'un', 'yumurta sarısı', 'kakao', 'hazır kek', 'granül kahve', 'labne peyniri']","['Tiramisunun kremasını hazırlamak için; 2 su bardağı süt, 5 yemek kaşığı toz şeker, 3 yemek kaşığı un ve 1 adet\xa0 yumurta sarısını tencereye alın.', 'Sürekli karıştırarak orta ateşte muhallebi kıvamına gelene kadar pişirin. Piştikten sonra kremayı soğumaya bırakın.', 'Kek tabanını ıslatmak için; bir kasede 1 su bardağı sıcak suya, 1 yemek kaşığı granül kahve ve 1 tatlı kaşığı toz şekerini eriyene kadar karıştırın.', 'Pişirip soğumaya bıraktığınız kremaya 200 gram labne peynirini ekleyin ve bir mikser yardımıyla pürüzsüz bir kıvam alana kadar çırpın.', 'Servis tabağına ya da bir borcama pasta tabanının bir katını yerleştirin.', 'Kahveli karışımın yarısıyla keki ıslatın.', 'Üzerine hazırladığınız kremanın yarısını yayın.', 'Pastanın diğer katını da üzerine koyun ve\xa0 kahveli karışımla ıslatın. Kalan krema ile pastanın üzerini tamamen kaplayın.', 'Son olarak üzerine kakao serpiştirin.', 'Çilek dilimleriyle süsleyip buzdolabında 1- 2 saat beklettikten sonra dilimleyerek servis edin.\xa0Afiyet olsun!']",TATLI,239b56,/tarif/tatli/,"['Tatlı', 'Video', 'Dünya Mutfakları']","['ekonomik', 'ara öğün', 'çay saati']",['Çay Saati'],['Tencere'],['Vejetaryen'],False,900,900,2022-03-31T14:48:27Z,4.0,1687627,4451,False,True,True,0,,0,,,,2014/06/kolay-tiramisu-yemekcom.jpg,0,0,https://cdn.yemek.com/mnresize/940/940/uploads/2014/06/kolay-tiramisu-yemekcom.jpg,940,940,False,https://cdn.yemek.com/mncrop/300/200/uploads/2014/06/kolay-tiramisu-yemekcom.jpg,300,200,True,https://cdn.yemek.com/mncrop/940/625/uploads/2014/06/kolay-tiramisu-yemekcom.jpg,940,625,True,https://cdn.yemek.com/mncrop/620/388/uploads/2014/06/kolay-tiramisu-yemekcom.jpg,620,388,True,https://cdn.yemek.com/mncrop/600/315/uploads/2014/06/kolay-tiramisu-yemekcom.jpg,600,315,True,,,,['İtalya'],,
69,127,Gökçen Mutaf,https://cdn.yemek.com/author/23120/20181227103819_avatar.jpeg,/profil/gokcenmutaf/,Ağızda Dağılan Mükemmel Kıvamıyla: Elmalı Kurabiye,Elmalı Kurabiye,/tarif/elmali-kurabiye/,25 dk,20 dk,"<p><a href=""https://yemek.com/kurabiye-tarifleri-puf-noktalari/"" target=""_blank"">Kurabiye tariflerinin</a> en güzellerinden biri olan en güzel elmalı kurabiye karşınızda! Ağızda dağılan kıvamıyla, <a href=""https://yemek.com/pratik-kurabiye-tarifleri/"" target=""_blank"">pratik kurabiyelerden</a> oluşuyla kalplerinizi çalmaya gelecek bu kıyır kıyır <a href=""https://yemek.com/elmali-kurabiye-tarifleri/"" target=""_blank"">elmalı kurabiye tarifi</a> şekilleriyle, malzemeleriyle, hamuruyla tam ölçülü <a href=""https://yemek.com/tarif/kolay-elmali-kurabiye/"" target=""_blank"">elmalı kurabiye</a> yapmak isteyenlerin yardımına koşacak.</p>
<p><strong>Elmalı kurabiyenin gevrek olmas</strong>ı için yapılması gerekenlerden, nasıl saklanacağına kadar elmalı kurabiye yapmanın tüm püf noktalarını da bulabileceğiniz bu en güzel denenmiş elmalı kurabiye <a href=""https://yemek.com/tarif/"" target=""_blank"">tarifi</a> için çay suyunun altını koyalım hafiften. Elmalı <a href=""https://yemek.com/tarif/kurabiye/"" target=""_blank"">kurabiyeler</a> bizi bekler. Ağızda dağılan, tarçınlı <strong>elmalı kurabiye tarifi</strong>miz için mutfağa davetlisiniz. Afiyetler olsun şimdiden.</p>
",recipe,"['limon suyu', 'toz şeker', 'toz şeker', 'un', 'yoğurt', 'tarçın', 'karbonat', 'tereyağı (oda ısısında bekletilmiş)', 'dövülmüş ceviz içi', 'sıvı yağ', 'kırmızı elma']","['Elmalı kurabiye tarifini hazırlamak için\xa0 rendelenmiş elmaları tavaya alın. Üzerine toz şekeri ilave edin. Karamelize olana dek pişirin.', 'Piştikten sonra üzerine yarım su bardağı kadar dövülmüş ceviz ve tarçın ekleyin, karıştırın.', 'Hamurunu hazırlamak için derin bir kaseye oda sıcaklığında yumuşamış tereyağı, sıvı yağ, yoğurt, toz şeker, limon suyu ve karbonatı ekleyin. Güzelce yoğurun ve ardından unu da azar azar ekleyerek, ele yapışmayan fakat yumuşak olan bir hamur elde edin.', 'Hamuru tezgahın üzerinde toparlayın.', 'Tezgaha hafifçe un serperek açın. Yuvarlak şekiller çıkarıp elmalı harcı ortasına koyun ve iki yandan katlayın.', 'Pişirme kağıdı serdiğiniz fırın tepsisine kurabiyeleri dizin ve önceden ısıtılmış 180 derece fırında üzeri kızarana kadar, yaklaşık 20-25 dakika pişirin.', 'Oda sıcaklığına geldikten sonra üzerine pudra şekeri serpiştirin. Kurabiyeleriniz artık servise hazır! Afiyet olsun..', 'Afiyet olsun..']",TATLI KURABİYE,239b56,/tarif/tatli-kurabiyeler/,"['Kurabiye', 'Video', 'Tatlı Kurabiye']",['çay saati'],['Çay Saati'],['Fırın'],,False,1500,1200,2022-03-11T07:30:23Z,4.0,1597377,7917,False,True,True,0,,0,,,,2022/03/elmali-kurabiye-tarifi-yemekcom.jpg,0,0,https://cdn.yemek.com/mnresize/940/940/uploads/2022/03/elmali-kurabiye-tarifi-yemekcom.jpg,940,940,False,https://cdn.yemek.com/mncrop/300/200/uploads/2022/03/elmali-kurabiye-tarifi-yemekcom.jpg,300,200,True,https://cdn.yemek.com/mncrop/940/625/uploads/2022/03/elmali-kurabiye-tarifi-yemekcom.jpg,940,625,True,https://cdn.yemek.com/mncrop/620/388/uploads/2022/03/elmali-kurabiye-tarifi-yemekcom.jpg,620,388,True,https://cdn.yemek.com/mncrop/600/315/uploads/2022/03/elmali-kurabiye-tarifi-yemekcom.jpg,600,315,True,,,,,,
70,3424,Ege Şahin,https://cdn.yemek.com/author/464113/20220221123420_avatar.jpg,/profil/egesahin/,Kıyır Kıyır: Üç Malzemeli Un Kurabiyesi,Üç Malzemeli Un Kurabiyesi,/tarif/uc-malzemeli-un-kurabiyesi/,15 dk,10 dk,"<p>Eşe dosta <a href=""https://yemek.com/tarif/un-kurabiyesi/"" target=""_blank"">un kurabiyesi</a> tarifi soranlar, telefonda un kurabiyesi nasıl yapılır diye dert yananlar, neredeyse rüyasında un kurabiyesi görenler... Hoş geldiniz, doğru yerdesiniz.</p>
<p>Günün en tatlı saatleri akşam üzeri olmuş, belki de tatlısıyla tuzlusuyla uzun uzadıya keyfi çıkacak bir <a href=""https://yemek.com/tarif/kahvaltiliklar/"" target=""_blank"">kahvaltı</a> sofrası hazırlıyorsunuz. Ya da akşam yemeği sonrası çay keyfinizi taçlandıracak tatlı bir hamur işi aradığınız. Öyleyse sadece 10 dakikada hazırlanan üç malzemeli un kurabiyesi <a href=""https://yemek.com/tarif/"" target=""_blank"">tarif</a>ine alalım sizi. Bu kurabiyeler bir şahane.</p>
<p>Sıvı yağ, pudra şekeri ve un ilavesiyle hazırlanan bu <a href=""https://yemek.com/tarif/tatli-kurabiyeler/"" target=""_blank"">tatlı kurabiye</a>ler, kaşıkla şekil alıp önceden ısıtılmış 175 derece fırında 15 dakika gibi kısa bir sürede pişiyor. Demleyin çayı, kurulun en sevdiğiniz koltuğa. Kurabiyeleriniz olmak üzere, afiyet olsun.</p>
",recipe,"['un', 'pudra şekeri', 'pudra şekeri', 'sıvı yağ']","['Sıvı yağ ve pudra şekerini derin bir kaba alın, karıştırın.', 'Ardından unu aşamalı olarak ekleyin.\xa0Hamuru toparlamak için iyice yoğurun. Hamurdan parçalar koparıp silindir şeklini verin.', 'Verev şekilde kesin.', 'Yağlı kağıt serilmiş fırın tepsisine aralıklı olarak yerleştirin.', 'Üzerlerini çatal ile çizin. Önceden ısıtılmış 175 derece fırında 15 dakika pişirin.', 'Arzuya göre üzerine pudra şekeri serperek servis edin. Afiyet olsun!']",TATLI KURABİYE,239b56,/tarif/tatli-kurabiyeler/,"['Kurabiye', 'Tatlı Kurabiye']",['çay saati'],['Çay Saati'],['Fırın'],['Ekonomik'],False,900,600,2022-12-28T11:10:00Z,4.0,1569331,4413,False,False,True,0,,0,,,,2015/09/uc-malzemeli-un-kurabiyesi-yemekcom.jpg,0,0,https://cdn.yemek.com/mnresize/940/940/uploads/2015/09/uc-malzemeli-un-kurabiyesi-yemekcom.jpg,940,940,False,https://cdn.yemek.com/mncrop/300/200/uploads/2015/09/uc-malzemeli-un-kurabiyesi-yemekcom.jpg,300,200,True,https://cdn.yemek.com/mncrop/940/625/uploads/2015/09/uc-malzemeli-un-kurabiyesi-yemekcom.jpg,940,625,True,https://cdn.yemek.com/mncrop/620/388/uploads/2015/09/uc-malzemeli-un-kurabiyesi-yemekcom.jpg,620,388,True,https://cdn.yemek.com/mncrop/600/315/uploads/2015/09/uc-malzemeli-un-kurabiyesi-yemekcom.jpg,600,315,True,,,,,,
71,4487,Gökçen Mutaf,https://cdn.yemek.com/author/23120/20181227103819_avatar.jpeg,/profil/gokcenmutaf/,Brownie'yi Andıran: Islak Kurabiye,Islak Kurabiye,/tarif/islak-kurabiye/,25 dk,15 dk,"<p>Kakaolu kurabiyenin şerbetle buluşmasından hazırlanan ıslak kurabiye, kakaolu tatlıları sevenlere göre. <strong>Sıcak kurabiyelerin ıslatılması kakao tadını yoğunlaştırıyor </strong>ve <a href=""https://yemek.com/tarif/kurabiye/"" target=""_blank"" rel=""noopener"">kurabiyeye</a> ağızda dağılan bir kıvam veriyor. Islak kurabiye tarifini çay saatleri için keyifle hazırlayabilir, bu esmer kurabiyeleri yanında bir fincan kahve eşliğinde tatlı bir atıştırmalık olarak da tüketebilirsiniz.</p>
<p><a href=""https://yemek.com/tarif/brownie/"" target=""_blank"" rel=""noopener"">Brownie</a>'yi andıran bu lezzetli <a href=""https://yemek.com/tarif/browni-kurabiye/"" target=""_blank"" rel=""noopener"">browni tadında kurabiye</a>leri kısa sürede hazırlayabilir, yorumlarınızı bizlerle paylaşabilirsiniz.</p>",recipe,"['yumurta', 'toz şeker', 'un', 'kabartma tozu', 'su', 'rendelenmiş Hindistan cevizi', 'kakao', 'pudra şekeri', 'tereyağı (oda sıcaklığında bekletilmiş)', 'vanilin', 'sıvı yağ']","['<div>\n<div>\n<div dir=""ltr"">\n<div>\n<div>Islak kurabiye için derince bir karıştırma kabına oda ısısındaki tereyağını, sıvı yağı, yumurtayı, pudra şekerini, kakaoyu, vanilin ve kabartma tozunu alın.</div>\n</div>\n</div>\n</div>\n</div>', '<p>Tüm malzemeleri özleşene\xa0kadar\xa0karıştırın.</p>', '<div>\n<div>\n<div dir=""ltr"">\n<div>\n<div>Ardından unu yavaş yavaş ekleyerek, ele yapışmayan bir hamur elde edin.</div>\n</div>\n</div>\n</div>\n</div>', '<div>\n<div>\n<div dir=""ltr"">\n<div>\n<div>Hazırladığınız hamurdan ceviz büyüklüğünde parçalar koparın.</div>\n</div>\n</div>\n</div>\n</div>', '<p>Avucunuzda yuvarlayın ve parmağınızla ortasına hafifçe bastırdıktan sonra, yağlı kağıt serilmiş bir fırın tepsisine dizin.\xa0Önceden ısıtılmış 180 derece fırında yaklaşık 20 dakika kadar pişirin.</p>', '<div>\n<div>\n<div dir=""ltr"">\n<div>\n<div>Kurabiyeleriniz fırındayken şerbeti için gerekli olan şeker ve suyu homojen karışana kadar kaynattıktan sonra bir kaseye alın ve soğutun.</div>\n</div>\n</div>\n</div>\n</div>', '<div>\n<div>\n<div dir=""ltr"">\n<div>\n<div>Kurabiyeler fırından çıkınca 2 dakika kadar bekletin ve ardından teker teker hazırladığınız şerbete atın, arkalı önlü çevirin ve bir servis tabağına dizin.</div>\n</div>\n</div>\n</div>\n</div>', '<div>\n<div>\n<div dir=""ltr"">\n<div>\n<div>Tüm kurabiyeleri bu şekilde şerbete batırdıktan sonra kalan şerbeti de üstlerine gezdirin ve tüm şerbeti çekene dek bekletin.</div>\n</div>\n</div>\n</div>\n</div>', '<div>\n<div>\n<div dir=""ltr"">\n<div>\n<div>Kurabiyeler şerbeti çektikten sonra üstlerini Hindistan cevizi ile süsleyin ve servis edin. Afiyet olsun.</div>\n</div>\n</div>\n</div>\n</div>']",TATLI KURABİYE,239b56,/tarif/tatli-kurabiyeler/,"['Kurabiye', 'Tatlı Kurabiye']",,['Çay Saati'],['Fırın'],['Ekonomik'],False,1500,900,2022-03-16T06:08:50Z,4.0,1542043,9538,False,False,True,0,,0,,,,2016/01/islak-kurabiye-tarifi-son.jpg,0,0,https://cdn.yemek.com/mnresize/940/940/uploads/2016/01/islak-kurabiye-tarifi-son.jpg,940,940,False,https://cdn.yemek.com/mncrop/300/200/uploads/2016/01/islak-kurabiye-tarifi-son.jpg,300,200,True,https://cdn.yemek.com/mncrop/940/625/uploads/2016/01/islak-kurabiye-tarifi-son.jpg,940,625,True,https://cdn.yemek.com/mncrop/620/388/uploads/2016/01/islak-kurabiye-tarifi-son.jpg,620,388,True,https://cdn.yemek.com/mncrop/600/315/uploads/2016/01/islak-kurabiye-tarifi-son.jpg,600,315,True,,,,,,
72,72,Yasemin Özaltın,https://cdn.yemek.com/author/35533/20181219061403_avatar.jpg,/profil/yasemingursurer/,En Gerçek Tarifiyle: Ezogelin Çorbası,Ezogelin Çorbası,/tarif/ezogelin-corbasi/,45 dk,15 dk,"<p>Türk mutfağına özgü, buram buram Anadolu kokan, binlerce yıllık bir <a href=""https://yemek.com/tarif/corba/"" target=""_blank"">çorba tarifiyle</a> karşınızdayız. <a href=""https://yemek.com/tarif/"" target=""_blank"">Yemek tarifleri</a> arasından seçtiğiniz ana yemek ne olursa olsun, ona mutlaka yakışacak olan ezogelin çorbasından bahsediyoruz. Siz de bu kolay ev yapımı ezogelin çorbasıyla sofralarınızı sıcacık yapabilirsiniz.</p>
<p>Ezogelin çorbası tarifi; yüksek oranda bereket içerir. Besleyicidir, lezzetlidir, pratiktir. Tüm bunların yanı sıra <a href=""https://yemek.com/tarif/mercimek-corbasi/"" target=""_blank"">mercimek çorbası</a> ile olan amansız rekabetiyle, bütün kebapçıların olmazsa olmaz çorbası olma özelliğini taşır. Hastalıklara karşı amansızca savaşır, siz iyi olun diye varını yolunu ortaya koyar. Tırnak pide ya da <a href=""https://yemek.com/tarif/bazlama/"" target=""_blank"">bazlama</a>yı çok sever.</p>
<p>Ezogelin çorbasını Türk mutfak tarihine kazandıran ve çorbaya adını veren Gaziantep’in Uruş (Dokuzyol) köyünde yaşamış olan Ezo Gelin’e şükranlarımızı sunarız. Merak edenler varsa ezogelin çorbasının hikayesi hemen şurada: <a href=""https://yemek.com/ezogelin-corbasinin-hikayesi/"" target=""_blank"">Hikayesi de Lezzeti Kadar Anadolu: Ezogelin Çorbasının Hikayesi</a></p>
<p>O zaman adım adım resimli ve videolu ezogelin çorbası yapılışı ve tarifi sizi bekler. <img src=""https://cdn.yemek.com/assets/images/smiley/wink.png"" class=""wp-smiley img-responsive"" /></p>
",recipe,"['kırmızı mercimek', 'pirinç', 'bulgur', 'kuru soğan', 'tereyağı', 'sıcak su', 'nane', 'tuz', 'limon suyu', 'pul biber', 'domates salçası']","['Sıcak suyu geniş bir tencerede kaynatın. Yıkayıp suyunu süzdürdüğünüz 2 çay bardağı kırmızı mercimeği tencereye aktarın.', '3 yemek kaşığı pirinci, 2 yemek kaşığı bulguru ve 1 tatlı kaşığı tuzu tencereye aktarın.', 'Yaklaşık 35 dakika, kırmızı mercimekler yumuşayana kadar pişirin.', 'Ayrı bir tavada 1 yemek kaşığı tereyağını eritin.', 'Üzerine 1 adet küp doğranmış kuru soğanı ekleyin ve kavurmaya başlayın.', 'Kavrulan soğanlara 1 tatlı kaşığı domates salçasını ekleyin.', '1 tatlı kaşığı naneyi ekleyip, 2 dakika daha kavurun.', 'Kavrulan sosunuzu ocaktan alın.', 'Bakliyatları kaynattığınız tencereye kavrulan salçalı soğan karışımı ekleyin.', 'Sonra hızlıca karıştırdığınız çorbayı 10 dakika daha pişirin.', 'Limon suyu ve pul biber ilavesiyle sıcak olarak servis edin.\xa0Afiyet olsun!']",ÇORBA,,/tarif/corba/,"['Çorba', 'Ramazan', 'Video']","['ekonomik', 'öğle yemeği']","['Öğle Yemeği', 'Ara Öğün', 'Akşam Yemeği']",['Tencere'],"['Ekonomik', 'Vejetaryen']",False,2700,900,2019-04-10T08:00:07Z,4.0,2061511,10279,False,True,True,0,,0,,,,2014/06/ezogelin-corbasi-yemekcom.jpg,0,0,https://cdn.yemek.com/mnresize/940/940/uploads/2014/06/ezogelin-corbasi-yemekcom.jpg,940,940,False,https://cdn.yemek.com/mncrop/300/200/uploads/2014/06/ezogelin-corbasi-yemekcom.jpg,300,200,True,https://cdn.yemek.com/mncrop/940/625/uploads/2014/06/ezogelin-corbasi-yemekcom.jpg,940,625,True,https://cdn.yemek.com/mncrop/620/388/uploads/2014/06/ezogelin-corbasi-yemekcom.jpg,620,388,True,https://cdn.yemek.com/mncrop/600/315/uploads/2014/06/ezogelin-corbasi-yemekcom.jpg,600,315,True,['tencere'],greenLight,,,,
73,247,Yasemin Özaltın,https://cdn.yemek.com/author/35533/20181219061403_avatar.jpg,/profil/yasemingursurer/,Tam Ölçülü: Pancake (Pankek),Pancake (Pankek),/tarif/pancake/,20 dk,20 dk,"<p>Bizim kültürümüzde <a href=""https://yemek.com/tarif/akitma/"" target=""_blank"">akıtma</a> ya da <a href=""https://yemek.com/tarif/krep"" target=""_blank"">krep</a> olarak bilinen hamur işinin biraz daha kalını ve kahvaltıların yıldızıdır pankek. Peynirli, zeytin ezmeli tuzlu çeşitleri yapılabileceği gibi çikolata kremalı ve meyveli çeşitlerini de aynı tarifle kolaylıkla hazırlayabilirsiniz. <a href=""https://yemek.com/tarif/kahvaltiliklar/"" target=""_blank"">Kahvaltılık tarif</a> aradığınızda eliniz bu tarife hemen gidecek.</p>
<p>Bu kahvaltılık <a href=""https://yemek.com/tarif/kolay-pankek/"" target=""_blank"">kolay pankek tarifi</a>nde pankek hamurunun nasıl yapılacağından <strong>tavada pankek yapmanın püf noktalarına</strong> kadar her şeyi bulabilecek, evde pankek yapımının tüm inceliklerini öğreneceksiniz.</p>
<p>Pancake tarifi gerçekten oldukça basit. Yumurta, un, kabartma tozu, toz şeker, süt, ayçiçek yağı gibi temel malzemeler içeriyor bu <strong>pratik hamur işi</strong>. Servis esnasında meyve dilimleri, eritilmiş çikolata çeşitleri, sosları oldukça yakışıyor. Akçaağaç şurubuyla da çok iyi gittiğini söylemeden geçmeyelim.</p>
<p>4 kişilik pankek nasıl yapılır diyenler için adım adım resimli ve videolu pancake tarifiyle en güzel pankekler hep sizin mutfaktan çıkacak! <img src=""https://cdn.yemek.com/assets/images/smiley/smile.png"" class=""wp-smiley img-responsive"" /></p>
",recipe,"['tuz', 'yumurta', 'toz şeker', 'ayçiçek yağı', 'ayçiçek yağı', 'süt', 'un', 'kabartma tozu', 'bal', 'vanilin']","['Pankek tarifi için derin bir karıştırma kabında 2 yumurta ve yarım su bardağı şekeri alın.', 'Şeker eriyene ve karışım krema kıvamını alana kadar\xa0çırpın.', 'Yumurtalı karışımın üzerine, 2 yemek kaşığı sıvı yağ ve 1,5 su bardağı sütü de koyup tekrar çırpın.', '2 su bardağı un, 1 paket kabartma tozu, 1 paket vanilin ve bir tutam tuzu da eleyerek karışımın içerisine ekleyin.', 'Pürüzsüz bir kıvam alana kadar çırpın.', 'İlk pankeki pişirmek için; krep tavasını ayçiçek yağı ile yağlayın. Kızdırdığınız tavaya küçük bir kepçe ya da bir kahve fincanı kadar pankek harcını aktarın.', 'Ocağın altını kısın. Pankeki, üzeri göz göz olana kadar pişirin. Bir spatula yardımıyla çevirdiğiniz pankekin diğer tarafını da aynı şekilde pişirin.', 'Krep tavasını arada yağlayarak pankek harcı bitene kadar aynı işlemi tekrarlayın.', 'Servis tabağına aldığınız pankeklerin üzerine tereyağı koyup bal gezdirebilirsiniz, afiyet olsun.']",KAHVALTILIK,239b56,/tarif/kahvaltiliklar/,"['Kahvaltılık', 'Video']","['kahvaltı', 'çay saati']","['Kahvaltı', 'Çay Saati']",['Tava'],"['Ekonomik', 'Vejetaryen']",False,1200,1200,2022-03-10T07:30:22Z,4.0,2051860,12838,False,True,True,0,,0,,,,2014/07/pancake-yemekcom.jpg,0,0,https://cdn.yemek.com/mnresize/940/940/uploads/2014/07/pancake-yemekcom.jpg,940,940,False,https://cdn.yemek.com/mncrop/300/200/uploads/2014/07/pancake-yemekcom.jpg,300,200,True,https://cdn.yemek.com/mncrop/940/625/uploads/2014/07/pancake-yemekcom.jpg,940,625,True,https://cdn.yemek.com/mncrop/620/388/uploads/2014/07/pancake-yemekcom.jpg,620,388,True,https://cdn.yemek.com/mncrop/600/315/uploads/2014/07/pancake-yemekcom.jpg,600,315,True,,,,['Amerika Birleşik Devletleri'],,
74,188,Yasemin Özaltın,https://cdn.yemek.com/author/35533/20181219061403_avatar.jpg,/profil/yasemingursurer/,"Kabardıkça Kabarır, Şerbetini Tam Çeker: Revani",Revani,/tarif/revani/,30 dk,35 dk,"<p>Bugün akşam yemeğine en lezzetli <a href=""https://yemek.com/ramazan-tatlilari/"" target=""_blank"">ramazan tatlılarından</a> biri olan revaniyi koyacağız. Revani tarifini uygularken bir yandan saray mutfağının bize Osmanlı'dan kalan en yadigar şeylerden biri olduğunu hatırlayacağız. Yaptığımız <a href=""https://yemek.com/tarif/"" target=""_blank"">yemek tariflerine</a> tatlı olarak onu çok yakıştıracağız. <a href=""https://yemek.com/tarif/tatli/"" target=""_blank"">Tatlı tariflerinin</a> arasında en çok sevdiklerimiz arasına ekleyeceğiz.</p>
<p>Klasik revaniyi evde pratik bir şekilde yapabilmek mümkün aslında. <strong>""Revani tatlısı nasıl yapılır""</strong> sorusunun hemen aşağıda adım adım resimli cevabını bulabileceğiniz nefis irmikli ve tam ölçülü evde kolay <a href=""https://yemek.com/tarif/muhallebili-revani/"" target=""_blank"">revani</a> yapımı tarifimizin bir püf noktası var bilinmesi gereken: Tahmin edeceğiniz gibi <a href=""https://yemek.com/tarif/serbetli-tatlilar/"" target=""_blank"">şerbetli tatlılardan</a> revaninin kıvamı önemli, onu da bir kaşık yardımıyla alacağınız şerbeti parmağınıza damlatıp, damlanın yayılıp yayılmadığını görerek anlayabilirsiniz. Eğer şerbet damlası yayılmıyorsa kıvamı tutmuş, revani yapımı için hazır hale gelmiş demektir. Böylelikle <strong>""Revani şerbeti nasıl dökülür, revani şerbeti nasıl olmalı?""</strong> sorusunun cevabını merak edenleri de rahatlatmış olduk.</p>
<p>Şerbetin yoğunluğu ile kekinin kabarıklığı için düşündüğümüz revani yapımı püf noktalarını tarif kısmında bulabilirsiniz. <a href=""https://yemek.com/revani-tarifleri/"" target=""_blank"">Farklı revani tarifleri</a> ve çok sevilen <a href=""https://yemek.com/tarif/hashasli-revani/"" target=""_blank"">haşhaşlı revani</a> tarifimizi de şöyle bırakalım.</p>
<p>O halde lafı daha fazla uzatmayalım, sizi en güzel revani tarifiyle baş başa bırakalım.</p>
",recipe,"['limon suyu', 'yumurta', 'toz şeker', 'toz şeker', 'ayçiçek yağı', 'un', 'kabartma tozu', 'su', 'yoğurt', 'irmik', 'rendelenmiş Hindistan cevizi', 'vanilin']","['Tatlının şerbetini hazırlamak için;\xa03 su bardağı su ve 2,5 su bardağı toz şekeri\xa0bir tencereye aktarın.', 'Kısık ateşte yaklaşık 30 dakika kadar kaynattıktan sonra limon suyunu ekleyin ve ılınması için ocaktan alın.', '3 yumurta bir kabın içerisine aktarın.', 'Üzerine 1 çay bardağı toz şekeri bir mikser yardımıyla toz şeker tamamen eriyene kadar karıştırın.', '1 çay bardağı ayçiçek yağı, 1 su bardağı yoğurt ve 1 su bardağı irmiği de ekledikten sonra tekrar karıştırın.', 'Son olarak 1,5 su bardağı\xa0un, 1 paket kabartma tozu ve 1 paket vanilini de karışıma ekledikten sonra çırpma işlemini sürdürün.', 'Yağlanmış fırına dayanıklı kalıbın içerisine hazırladığınız revani karışımını dökün.', 'Önceden ısıtılmış 180 derece fırında\xa025-30 dakika kadar pişirin.\xa0Fırından çıkardığınız revaninin ilk sıcaklığı geçtikten sonra oda sıcaklığında soğumuş şerbeti üzerine dökün ve şerbeti çekene kadar yaklaşık 1-2 saat bekleyin.', 'Ardından bıçak yardımıyla revaniyi dilimleyin.', 'Dilimlediğiniz ılık tatlıya rendelenmiş Hindistan cevizi serpiştirip servis edin. Afiyet olsun!']",ŞERBETLİ TATLI,239b56,/tarif/serbetli-tatlilar/,"['Tatlı', 'Şerbetli Tatlı', 'Ramazan', 'Video']","['ekonomik', 'çay saati']",['Çay Saati'],"['Fırın', 'Tencere']",,False,1800,2100,2022-04-20T11:00:29Z,4.0,2029239,5485,False,True,True,0,,0,,,,2014/06/revani-yemekcom.jpg,0,0,https://cdn.yemek.com/mnresize/940/940/uploads/2014/06/revani-yemekcom.jpg,940,940,False,https://cdn.yemek.com/mncrop/300/200/uploads/2014/06/revani-yemekcom.jpg,300,200,True,https://cdn.yemek.com/mncrop/940/625/uploads/2014/06/revani-yemekcom.jpg,940,625,True,https://cdn.yemek.com/mncrop/620/388/uploads/2014/06/revani-yemekcom.jpg,620,388,True,https://cdn.yemek.com/mncrop/600/315/uploads/2014/06/revani-yemekcom.jpg,600,315,True,,,,,,
75,2744,Cemre Özgüzel,https://cdn.yemek.com/author/109/20200211010242_avatar.jpg,/profil/cemre-ozguzel/,Az Malzemeyle Mükemmel Kıvam: Muhallebi,Muhallebi,/tarif/muhallebi/,15 dk,5 dk,"<p>Çocukluğumuzdan beri damağımızın alışık olduğu bir <a href=""https://yemek.com/tarif/tatli/"" target=""_blank"">tatlı tarifi</a> muhallebi. <strong>Pirinç unuyla hazırlanan muhallebi tarifler</strong>i olsa da kıvamı nişastayla bağlandığında bir o kadar güzel olur tadı. Öylesine yalın ve naif bir tattır ki kuru yemişler, çikolata ve çeşitli meyve sosları eşliğinde farklı tariflere bürünür.</p>
<p>Yaz sıcağına yakışır muhallebi tatlısı, keyfi kaşıklanır. Üzerine toz tarçınla yapabileceğiniz süslemelerle de saygı uyandırır. Başarıyla uygulanmış bir sütlü muhallebi tarifini tamamlayıcı nitelikte olan bu süslemeler ise tamamen sizin yaratıcılığınıza kalmış. <a href=""https://yemek.com/tarif/sutlu-tatlilar/"" target=""_blank"">Sütlü tatlıların </a>en kolay ve ekonomiği olan <strong>muhallebi tarifi</strong>mizle keyif dolu dakikalar yaşayabilirsiniz.</p>
<p>Biz sade muhallebi hazırladık ama diğer muhallebi çeşitleri için sizi şu tariflerimize de bekleriz: <a href=""https://yemek.com/muhallebi-tarifleri/"" target=""_blank"">Sıcak Yaz Günlerinde Midenizi Yormayarak Sizi Mutlu Edecek 17 Muhallebi Tarifi</a></p>
<p>En güzel muhallebinin sizin elinizden çıkmasını sağlayacak olan bu tarifi ister bardakta, ister kupta, ister fincanda servis edebilirsiniz. Hazırsanız pratik ve <a href=""https://yemek.com/tarif/kolay-muhallebi/"" target=""_blank"">kolay muhallebi</a> tarifimizle başbaşa bırakalım sizi.</p>
",recipe,"['tereyağı', 'toz şeker', 'süt', 'un', 'toz Antep fıstığı', 'buğday nişastası', 'muz', 'vanilin']","['5\xa0su bardağı soğuk sütü geniş bir tencereye aktarın.\xa0Yarım çay bardağı un, 3 yemek kaşığı buğday nişastası ve 1 su bardağı toz şekeri ilave ettikten sonra ocağın altını açın.', 'Ara ara karıştırarak koyu bir kıvam alana kadar pişirin.', 'Kıvam alan muhallebinin altını kapatın.', 'Henüz sıcakken içerisine\xa01 tatlı kaşığı tereyağı ve 1 paket vanilin ilave ederek çırpın.', 'Ardından servis kaselerine paylaştırın ve soğutun.', 'Antep fıstığıyla süsleyip tatlandırdığınız muhallebileri soğuk olarak sevdiklerinizle paylaşın.']",SÜTLÜ TATLI,239b56,/tarif/sutlu-tatlilar/,"['Tatlı', 'Ramazan', 'Sütlü Tatlı', 'Video']","['pratik yemek tarifleri', 'çay saati']",['Çay Saati'],['Tencere'],['Ekonomik'],False,900,300,2019-04-04T08:57:18Z,4.0,1868226,4584,False,True,True,0,,0,,,,2015/06/muhallebi-yemekcom.jpg,0,0,https://cdn.yemek.com/mnresize/940/940/uploads/2015/06/muhallebi-yemekcom.jpg,940,940,False,https://cdn.yemek.com/mncrop/300/200/uploads/2015/06/muhallebi-yemekcom.jpg,300,200,True,https://cdn.yemek.com/mncrop/940/625/uploads/2015/06/muhallebi-yemekcom.jpg,940,625,True,https://cdn.yemek.com/mncrop/620/388/uploads/2015/06/muhallebi-yemekcom.jpg,620,388,True,https://cdn.yemek.com/mncrop/600/315/uploads/2015/06/muhallebi-yemekcom.jpg,600,315,True,,,,,,
76,4172,ipeksare,https://cdn.yemek.com/author/262494/20200820091315_avatar.jpg,/profil/ipeksare/,Tane Tane Dökülür: Pirinç Pilavı,Pirinç Pilavı,/tarif/pirinc-pilavi/,20 dk,15 dk,"<p>Türlü türlü <a href=""https://yemek.com/tarif/"" target=""_blank"">yemek tariflerini</a> tamamlayan, <a href=""https://yemek.com/tarif/kuru-fasulye/"" target=""_blank"">kuru fasulye</a>-turşu ikilisine komşu olan, bir dönem yoğurtla takılan, <a href=""https://yemek.com/tarif/anne-koftesi/"" target=""_blank"">köfte patates</a> sevdalısı pilav... Kaşıktan tel tel dökülen pilav... Aromatik sebze ve kuru baharatlarla ev yapımı tavuk suyunuzu kendiniz hazırlayın bir güzel, ortalama pirinç çeşitlerine göre bir ölçü pirince bir buçuk ölçü su kullanacağınızı düşünün.</p>
<p>Yanma derecesini yükseltmek için tereyağını az miktarda ayçiçek yağıyla kavurun. Az miktarda arpa ya da tel şehriyeyi kavurup berrak su çıkana kadar duruladığınız pirinçleri pilav tenceresine alın. Şeffaf bir renk alana kavurup sıcak tavuk suyunu ekleyin. Tuzla tatlandırın, taze sıkılmış limon suyu, kesme şeker gibi unsurları küçük püf noktaları olarak değerlendirin pilav tarifinde. ""Pilavın tane tane olması için ne yapılır?"" diye soruyorsanız da size nefis önerilerimiz var: <a href=""https://yemek.com/pilav-nasil-yapilir/"" target=""_blank"">Tane Tane Dökülen Ev Yapımı Pilavlar İçin Demini Almış 5 Öneri</a></p>
<p>Pilavı yiyip de hemen kaçmayın, yorum bırakmayı unutmayın, yaptığınız bir değişiklik varsa bizlerle de paylaşın. Şimdiden ellerinize sağlık diyor tane tane dökülen pirinç pilavı tarifimize buyurun.</p>
<p>Farklı pilav tarifleri içinse sizi <a href=""https://yemek.com/tarif/pilav/"" target=""_blank"">şöyle</a> alalım. <img src=""https://cdn.yemek.com/assets/images/smiley/smile.png"" class=""wp-smiley img-responsive"" /></p>
",recipe,"['pirinç', 'tereyağı', 'sıcak su', 'tuz', 'karabiber']","['Uygun bir pilav tenceresinin içerisine tereyağı ekleyin.', 'Tereyağı eridikten sonra pirinçleri ekleyip kavurmaya başlayın. Pirinçler tane tane dökülmeye başlayana kadar yaklaşık 5 dakika kavurun.', 'Sıcak suyu ekleyin, tuzu ve karabiberi de ilave edin.', 'Bir kez karıştırın, kapağını kapatın ve kısık ateşte pişirin.', 'Suyunu çeken pilavın üzerine bir bez koyun ve demlenmesi için dinlendirin.', 'Biraz et ya da tavuk ile servis edebilirsiniz. Afiyet olsun!']",PİLAV,239b56,/tarif/pilav/,"['Pilav', 'Video']","['ekonomik', 'akşam yemeği', 'öğle yemeği']","['Öğle Yemeği', 'Akşam Yemeği']",['Tencere'],['Ekonomik'],False,1200,900,2020-09-02T06:35:37Z,4.0,1783014,2538,False,True,True,0,,0,,,,2020/09/pirinc-pilavi-yemekcom.jpg,0,0,https://cdn.yemek.com/mnresize/940/940/uploads/2020/09/pirinc-pilavi-yemekcom.jpg,940,940,False,https://cdn.yemek.com/mncrop/300/200/uploads/2020/09/pirinc-pilavi-yemekcom.jpg,300,200,True,https://cdn.yemek.com/mncrop/940/625/uploads/2020/09/pirinc-pilavi-yemekcom.jpg,940,625,True,https://cdn.yemek.com/mncrop/620/388/uploads/2020/09/pirinc-pilavi-yemekcom.jpg,620,388,True,https://cdn.yemek.com/mncrop/600/315/uploads/2020/09/pirinc-pilavi-yemekcom.jpg,600,315,True,['tencere'],,,,,
77,313,Yasemin Özaltın,https://cdn.yemek.com/author/35533/20181219061403_avatar.jpg,/profil/yasemingursurer/,Yağ Çekmeden Pişer: Mücver,Mücver,/tarif/mucver/,15 dk,15 dk,"<p>Türk mutfağının, mutfağımıza ait tüm <a href=""https://yemek.com/tarif/"" target=""_blank"" rel=""noopener"">yemek tariflerinin</a> uzağında ama çok sevilen kuzeni ya da teyzesidir mücver tarifi. Her öğün göremezsin, her akşam yemezsin, yiyemezsin. Ancak her gördüğünde mutlu olursun; daha çok görmek istersin. Özeldir, yeri ayrıdır. Herkes güzelini yapamaz.</p>
<p>Arzu ettiğiniz yeşillik, patates, havuç hatta kereviz gibi <a href=""https://yemek.com/tarif/sebze/"" target=""_blank"" rel=""noopener"">sebze</a>leri de ekleyerek hazırlayabileceğiniz bir <a href=""https://yemek.com/tarif/atistirmaliklar/"" target=""_blank"" rel=""noopener"">atıştırmalık</a>, kolay mücver tarifimiz var. Ne güzel olur <strong>kabak mücveri</strong>, küçük püf noktaları vardır onun. Çok fazla yağ çekmemesi için yağı önceden kızdırmalı, rendelenmiş sebzelerin suyunu sıkmalı, sebzelerin taze olmasına dikkat etmeli örneğin.</p>
<p>Anne eli değmiş mücver, bu tarifte biraz daha renk kazanıyor. Yeşillik ve kabakların yanına havuç da katılıyor. Ana yemeğiniz ne olursa olsun bugün sofranızda <strong>kızarmış çıtır mücverler</strong> de yer alsın bizce.</p>
<p>Daha fazla mücver çeşidi görmek isteyenleri ise şöyle alabiliriz: <a href=""https://yemek.com/mucver-tarifleri/"" target=""_blank"" rel=""noopener"">Mücver Tarifleri</a></p>
<p>Kızartmalardan uzak duruyorsanız sizi fırında kabak mücveri tarifimize şuradan davet edelim: <a href=""https://yemek.com/tarif/firinda-mucver/"" target=""_blank"" rel=""noopener"">Fırında Mücver Tarifi, Nasıl Yapılır?</a></p>
<p>Videolu tarifimize aşağıya bırakıyoruz. Keyfini çıkarmanız dileğiyle!</p>",recipe,"['tuz', 'yumurta', 'un', 'karabiber', 'havuç', 'taze soğan', 'kabak', 'dereotu', 'sıvı yağ']","['<p>Mücver için bol suda yıkadığınız kabakları rendenin\xa0iri kısmıyla rendeleyin.\xa0Mücveri sulandırmaması için; rendelenmiş kabakların suyunu sıkarak çıkartın.</p>', '<p>Geniş bir kapta rendelenen kabakları, havucu, yumurtayı, taze soğanı, dereotunu, tuzu, karabiberi birleştirin.</p>', '<p>Unu da ilave edip tüm malzemeler birbiriyle harmanlayın.</p>', '<p>Tüm malzemeler macun kıvamını alana kadar spatula yardımıyla karıştırın.</p>', '<p>Her bir mücver 1 tepeleme yemek kaşığı olacak şekilde ayarlayıp tavaya dökün.</p>', '<p>Kızgın yağda altın sarısı rengini alana kadar kızartın. Mücverlerin fazla yağını havlu kağıda süzdürdükten sonra servis tabağına alın ve çırpılmış yoğurt ile servis edin. Afiyet olsun!</p>']",SEBZE,239b56,/tarif/sebze/,"['Sebze', 'Özel Beslenme', 'Vejetaryen', 'Video', 'Kızartma', 'Mevsiminde']",,['Çay Saati'],['Kızartma'],"['Ekonomik', 'Vejetaryen']",False,900,900,2021-11-09T03:30:59Z,4.0,1738171,11618,False,True,True,0,,0,,,,2014/07/mucver-ytk-site.jpg,0,0,https://cdn.yemek.com/mnresize/940/940/uploads/2014/07/mucver-ytk-site.jpg,940,940,False,https://cdn.yemek.com/mncrop/300/200/uploads/2014/07/mucver-ytk-site.jpg,300,200,True,https://cdn.yemek.com/mncrop/940/625/uploads/2014/07/mucver-ytk-site.jpg,940,625,True,https://cdn.yemek.com/mncrop/620/388/uploads/2014/07/mucver-ytk-site.jpg,620,388,True,https://cdn.yemek.com/mncrop/600/315/uploads/2014/07/mucver-ytk-site.jpg,600,315,True,,,"['Haziran', 'Temmuz', 'Ağustos']",,,
78,272,Neşe Ümit Tan,https://cdn.yemek.com/author/208653/20190910030615_avatar.jpg,/profil/neseumit/,Tam Kıvamında: Sütlaç,Sütlaç,/tarif/sutlac/,31 dk,5 dk,"<p><a href=""https://yemek.com/tarif/"" target=""_blank"">Yemek tariflerinin</a> en tatlı, en sevilen ismi, <a href=""https://yemek.com/tarif/sutlu-tatlilar/"" target=""_blank"">sütlü tatlılar</a>ın en besleyicisi, pirincin en güzel halidir sütlaç tarifi. Tencerede kıvam aldıktan sonra ısıya dayanıklı toprak kaplara paylaştırılıp fırında kızaran hali <a href=""https://yemek.com/tarif/firin-sutlac/"" target=""_blank"">fırın sütlaç</a> ismini alır. Çocukluk yıllarından aşina olduğumuz besleyici bir tatlıdır. <a href=""https://yemek.com/"" target=""_blank"">Tarifler</a> içinde özellikle sütlü tatlıların ve <a href=""https://yemek.com/tarif/tatli/"" target=""_blank"">tatlı tariflerinin</a> en şahanesidir!</p>
<p>Ev yapımı sütlacı tam kıvamında ve tam ölçülü yapmak için birkaç püf noktasına ihtiyacınız var. Klasik sütlaçtan vazgeçemeyenlerin evde nefis <a href=""https://yemek.com/tarif/firin-sutlac/"" target=""_blank"">fırın sütlaçlar</a> yapmasını sağlayacak olan ve en güzel sütlaç tarifine ulaşmanızı sağlayacak bu tarifi bir köşeye not edin deriz. <a href=""https://yemek.com/tarif/sutlu-tatlilar/"" target=""_blank"">Sütlü tatlıların</a> en güzeli, <a href=""https://yemek.com/ramazan-tatlilari/"" target=""_blank"">ramazan için tatlılardan</a> <strong>en hafif sütlaç tarifi</strong> karşınızda!</p>
",recipe,"['pirinç', 'sıcak su', 'toz şeker', 'süt', 'su', 'buğday nişastası']","['Sadece bir kez sudan geçirerek yıkadığınız\xa0pirinci tencereye alın ve\xa02 su bardağı sıcak suyu ekleyerek kısık ateşte pişirmeye başlayın. Bu sırada ara ara nazikçe karıştırın.', 'Pirinç, suyu çekip lapa hale gelince üzerine sütü ilave edin. Karıştırın ve\xa0süt kaynayana kadar ara ara karıştırmaya devam edin. Kaynadıktan sonra altını kısın, 8-10 dakika daha bu şekilde karıştırarak kısık ateşte pişirin.', 'Ardından şekeri ekleyin, karıştırın. Tekrar kaynamasını bekleyin ve 4-5 dakika daha da kısık ateşte bu şekilde kaynatın.', 'Nişastayı eklemek için bir kabın içerisine alın, 1 çay bardağı suyla karıştırın.', 'Aynı anda hem karıştırıp hem tencereye ekleyin. Azar azar dökerek eklerseniz topaklanma riskini de engellemiş olursunuz.\xa0Karıştırdıktan sonra hafifçe kıvam alana kadar pişirin. Bu sırada tekrar kaynayacak ve minik minik balonların yüzeye ulaştığını göreceksiniz, bunu gördükten sonra kısık ateşe alıp 1-2 dakika daha pişirin ve ardından ocaktan alın.', 'Bu noktada sütlacın kıvamı akışkan bir boza kıvamında olmalıdır.\xa0Sütlaç harcını bir kepçeyle kaselere dağıtın.', 'Oda sıcaklığında soğuduktan\xa0sonra buzdolabında en az 2 saat, tercihen 1 akşam kadar bekletin ve servis etmeden önce buzdolabından çıkarıp 5 dakika bekletin, tarçın serperek servis edin.', 'Afiyet olsun!']",SÜTLÜ TATLI,239b56,/tarif/sutlu-tatlilar/,"['Tatlı', 'Ramazan', 'Sütlü Tatlı', 'Video']",['çay saati'],['Çay Saati'],['Tencere'],,False,1860,300,2022-03-11T07:15:20Z,4.0,1693684,4171,False,True,True,0,,0,,,,2019/05/sutlac-guncelleme-sunum-1.jpg,0,0,https://cdn.yemek.com/mnresize/940/940/uploads/2019/05/sutlac-guncelleme-sunum-1.jpg,940,940,False,https://cdn.yemek.com/mncrop/300/200/uploads/2019/05/sutlac-guncelleme-sunum-1.jpg,300,200,True,https://cdn.yemek.com/mncrop/940/625/uploads/2019/05/sutlac-guncelleme-sunum-1.jpg,940,625,True,https://cdn.yemek.com/mncrop/620/388/uploads/2019/05/sutlac-guncelleme-sunum-1.jpg,620,388,True,https://cdn.yemek.com/mncrop/600/315/uploads/2019/05/sutlac-guncelleme-sunum-1.jpg,600,315,True,,,,,,
79,125,Yasemin Özaltın,https://cdn.yemek.com/author/35533/20181219061403_avatar.jpg,/profil/yasemingursurer/,Basit Malzemelerle: Kolay Tiramisu,Kolay Tiramisu,/tarif/kolay-tiramisu/,15 dk,15 dk,"<p>""Tiramisu hangi ülkeye ait?"" diyenlere hemen cevap vererek başlayalım. İtalyan asıllı bir <a href=""https://yemek.com/tarif/tatli/"" target=""_blank"">tatlı</a> olan <a href=""https://yemek.com/tarif/tiramisu/"" target=""_blank"">tiramisu</a>, ülkemizde son yıllarda popüler olmasıyla tanınır. Mutluluk ve enerji veren bir tatlı olduğu için de İtalyanlar bu tatlıya 'Beni yukarı çek, beni yukarı kaldır' anlamına gelen tiramisu ismini vermiştir. Bu hali de onun oldukça pratikleşmiş hali. Hazır kekle yapılan bu kolay tiramisu tarifi üstelik 30 dakikada hazır.</p>
<p>""Tiramisu nasıl yapılır?"" diyenler için tiramisu <a href=""https://yemek.com/tarif/kek/"" target=""_blank"">kek</a>inin labneli tiramisu kremasıyla nasıl buluştuğunu adım adım resimli bir şekilde anlatıyor, nefis süslemesiyle en güzel ve en pratik ev yapımı tiramisunun yapılışını tüm detaylarıyla anlatıyoruz!</p>
<p>İşte iştah açıcı görüntüsü ve lezzetiyle kolay tiramisu tarifi! En kısa zamanda onu çayınızın, kahvenizin yanına konuk edin deriz. Hem zamandan kazandıran hem de konuklarınıza nefis bir ikramda bulunmak istediğinizde de kurtarıcılarınızdan biri olacak nefis tarifimize davetlisiniz. Mevsimine göre de kolay tiramisularınızın üzerini dilediğiniz meyve ile süsleyebilirsiniz. Şimdiden ellerinize sağlık diyoruz.</p>
<p>Bu arada ""Ben kedi dili ile yapılan orijinal tiramisu <a href=""https://yemek.com/tarif/"" target=""_blank"">tarif</a>ini de merak ediyorum"" derseniz onun tarifini de hemen şöyle bırakıyoruz: <a href=""https://yemek.com/tarif/kedi-dilli-tiramisu/"" target=""_blank"">Kedidilli tiramisu tarifi, nasıl yapılır?</a></p>
",recipe,"['sıcak su', 'toz şeker', 'toz şeker', 'süt', 'un', 'yumurta sarısı', 'kakao', 'hazır kek', 'granül kahve', 'labne peyniri']","['Tiramisunun kremasını hazırlamak için; 2 su bardağı süt, 5 yemek kaşığı toz şeker, 3 yemek kaşığı un ve 1 adet\xa0 yumurta sarısını tencereye alın.', 'Sürekli karıştırarak orta ateşte muhallebi kıvamına gelene kadar pişirin. Piştikten sonra kremayı soğumaya bırakın.', 'Kek tabanını ıslatmak için; bir kasede 1 su bardağı sıcak suya, 1 yemek kaşığı granül kahve ve 1 tatlı kaşığı toz şekerini eriyene kadar karıştırın.', 'Pişirip soğumaya bıraktığınız kremaya 200 gram labne peynirini ekleyin ve bir mikser yardımıyla pürüzsüz bir kıvam alana kadar çırpın.', 'Servis tabağına ya da bir borcama pasta tabanının bir katını yerleştirin.', 'Kahveli karışımın yarısıyla keki ıslatın.', 'Üzerine hazırladığınız kremanın yarısını yayın.', 'Pastanın diğer katını da üzerine koyun ve\xa0 kahveli karışımla ıslatın. Kalan krema ile pastanın üzerini tamamen kaplayın.', 'Son olarak üzerine kakao serpiştirin.', 'Çilek dilimleriyle süsleyip buzdolabında 1- 2 saat beklettikten sonra dilimleyerek servis edin.\xa0Afiyet olsun!']",TATLI,239b56,/tarif/tatli/,"['Tatlı', 'Video', 'Dünya Mutfakları']","['ekonomik', 'ara öğün', 'çay saati']",['Çay Saati'],['Tencere'],['Vejetaryen'],False,900,900,2022-03-31T14:48:27Z,4.0,1687627,4451,False,True,True,0,,0,,,,2014/06/kolay-tiramisu-yemekcom.jpg,0,0,https://cdn.yemek.com/mnresize/940/940/uploads/2014/06/kolay-tiramisu-yemekcom.jpg,940,940,False,https://cdn.yemek.com/mncrop/300/200/uploads/2014/06/kolay-tiramisu-yemekcom.jpg,300,200,True,https://cdn.yemek.com/mncrop/940/625/uploads/2014/06/kolay-tiramisu-yemekcom.jpg,940,625,True,https://cdn.yemek.com/mncrop/620/388/uploads/2014/06/kolay-tiramisu-yemekcom.jpg,620,388,True,https://cdn.yemek.com/mncrop/600/315/uploads/2014/06/kolay-tiramisu-yemekcom.jpg,600,315,True,,,,['İtalya'],,
80,127,Gökçen Mutaf,https://cdn.yemek.com/author/23120/20181227103819_avatar.jpeg,/profil/gokcenmutaf/,Ağızda Dağılan Mükemmel Kıvamıyla: Elmalı Kurabiye,Elmalı Kurabiye,/tarif/elmali-kurabiye/,25 dk,20 dk,"<p><a href=""https://yemek.com/kurabiye-tarifleri-puf-noktalari/"" target=""_blank"">Kurabiye tariflerinin</a> en güzellerinden biri olan en güzel elmalı kurabiye karşınızda! Ağızda dağılan kıvamıyla, <a href=""https://yemek.com/pratik-kurabiye-tarifleri/"" target=""_blank"">pratik kurabiyelerden</a> oluşuyla kalplerinizi çalmaya gelecek bu kıyır kıyır <a href=""https://yemek.com/elmali-kurabiye-tarifleri/"" target=""_blank"">elmalı kurabiye tarifi</a> şekilleriyle, malzemeleriyle, hamuruyla tam ölçülü <a href=""https://yemek.com/tarif/kolay-elmali-kurabiye/"" target=""_blank"">elmalı kurabiye</a> yapmak isteyenlerin yardımına koşacak.</p>
<p><strong>Elmalı kurabiyenin gevrek olmas</strong>ı için yapılması gerekenlerden, nasıl saklanacağına kadar elmalı kurabiye yapmanın tüm püf noktalarını da bulabileceğiniz bu en güzel denenmiş elmalı kurabiye <a href=""https://yemek.com/tarif/"" target=""_blank"">tarifi</a> için çay suyunun altını koyalım hafiften. Elmalı <a href=""https://yemek.com/tarif/kurabiye/"" target=""_blank"">kurabiyeler</a> bizi bekler. Ağızda dağılan, tarçınlı <strong>elmalı kurabiye tarifi</strong>miz için mutfağa davetlisiniz. Afiyetler olsun şimdiden.</p>
",recipe,"['limon suyu', 'toz şeker', 'toz şeker', 'un', 'yoğurt', 'tarçın', 'karbonat', 'tereyağı (oda ısısında bekletilmiş)', 'dövülmüş ceviz içi', 'sıvı yağ', 'kırmızı elma']","['Elmalı kurabiye tarifini hazırlamak için\xa0 rendelenmiş elmaları tavaya alın. Üzerine toz şekeri ilave edin. Karamelize olana dek pişirin.', 'Piştikten sonra üzerine yarım su bardağı kadar dövülmüş ceviz ve tarçın ekleyin, karıştırın.', 'Hamurunu hazırlamak için derin bir kaseye oda sıcaklığında yumuşamış tereyağı, sıvı yağ, yoğurt, toz şeker, limon suyu ve karbonatı ekleyin. Güzelce yoğurun ve ardından unu da azar azar ekleyerek, ele yapışmayan fakat yumuşak olan bir hamur elde edin.', 'Hamuru tezgahın üzerinde toparlayın.', 'Tezgaha hafifçe un serperek açın. Yuvarlak şekiller çıkarıp elmalı harcı ortasına koyun ve iki yandan katlayın.', 'Pişirme kağıdı serdiğiniz fırın tepsisine kurabiyeleri dizin ve önceden ısıtılmış 180 derece fırında üzeri kızarana kadar, yaklaşık 20-25 dakika pişirin.', 'Oda sıcaklığına geldikten sonra üzerine pudra şekeri serpiştirin. Kurabiyeleriniz artık servise hazır! Afiyet olsun..', 'Afiyet olsun..']",TATLI KURABİYE,239b56,/tarif/tatli-kurabiyeler/,"['Kurabiye', 'Video', 'Tatlı Kurabiye']",['çay saati'],['Çay Saati'],['Fırın'],,False,1500,1200,2022-03-11T07:30:23Z,4.0,1597377,7917,False,True,True,0,,0,,,,2022/03/elmali-kurabiye-tarifi-yemekcom.jpg,0,0,https://cdn.yemek.com/mnresize/940/940/uploads/2022/03/elmali-kurabiye-tarifi-yemekcom.jpg,940,940,False,https://cdn.yemek.com/mncrop/300/200/uploads/2022/03/elmali-kurabiye-tarifi-yemekcom.jpg,300,200,True,https://cdn.yemek.com/mncrop/940/625/uploads/2022/03/elmali-kurabiye-tarifi-yemekcom.jpg,940,625,True,https://cdn.yemek.com/mncrop/620/388/uploads/2022/03/elmali-kurabiye-tarifi-yemekcom.jpg,620,388,True,https://cdn.yemek.com/mncrop/600/315/uploads/2022/03/elmali-kurabiye-tarifi-yemekcom.jpg,600,315,True,,,,,,
81,3424,Ege Şahin,https://cdn.yemek.com/author/464113/20220221123420_avatar.jpg,/profil/egesahin/,Kıyır Kıyır: Üç Malzemeli Un Kurabiyesi,Üç Malzemeli Un Kurabiyesi,/tarif/uc-malzemeli-un-kurabiyesi/,15 dk,10 dk,"<p>Eşe dosta <a href=""https://yemek.com/tarif/un-kurabiyesi/"" target=""_blank"">un kurabiyesi</a> tarifi soranlar, telefonda un kurabiyesi nasıl yapılır diye dert yananlar, neredeyse rüyasında un kurabiyesi görenler... Hoş geldiniz, doğru yerdesiniz.</p>
<p>Günün en tatlı saatleri akşam üzeri olmuş, belki de tatlısıyla tuzlusuyla uzun uzadıya keyfi çıkacak bir <a href=""https://yemek.com/tarif/kahvaltiliklar/"" target=""_blank"">kahvaltı</a> sofrası hazırlıyorsunuz. Ya da akşam yemeği sonrası çay keyfinizi taçlandıracak tatlı bir hamur işi aradığınız. Öyleyse sadece 10 dakikada hazırlanan üç malzemeli un kurabiyesi <a href=""https://yemek.com/tarif/"" target=""_blank"">tarif</a>ine alalım sizi. Bu kurabiyeler bir şahane.</p>
<p>Sıvı yağ, pudra şekeri ve un ilavesiyle hazırlanan bu <a href=""https://yemek.com/tarif/tatli-kurabiyeler/"" target=""_blank"">tatlı kurabiye</a>ler, kaşıkla şekil alıp önceden ısıtılmış 175 derece fırında 15 dakika gibi kısa bir sürede pişiyor. Demleyin çayı, kurulun en sevdiğiniz koltuğa. Kurabiyeleriniz olmak üzere, afiyet olsun.</p>
",recipe,"['un', 'pudra şekeri', 'pudra şekeri', 'sıvı yağ']","['Sıvı yağ ve pudra şekerini derin bir kaba alın, karıştırın.', 'Ardından unu aşamalı olarak ekleyin.\xa0Hamuru toparlamak için iyice yoğurun. Hamurdan parçalar koparıp silindir şeklini verin.', 'Verev şekilde kesin.', 'Yağlı kağıt serilmiş fırın tepsisine aralıklı olarak yerleştirin.', 'Üzerlerini çatal ile çizin. Önceden ısıtılmış 175 derece fırında 15 dakika pişirin.', 'Arzuya göre üzerine pudra şekeri serperek servis edin. Afiyet olsun!']",TATLI KURABİYE,239b56,/tarif/tatli-kurabiyeler/,"['Kurabiye', 'Tatlı Kurabiye']",['çay saati'],['Çay Saati'],['Fırın'],['Ekonomik'],False,900,600,2022-12-28T11:10:00Z,4.0,1569331,4413,False,False,True,0,,0,,,,2015/09/uc-malzemeli-un-kurabiyesi-yemekcom.jpg,0,0,https://cdn.yemek.com/mnresize/940/940/uploads/2015/09/uc-malzemeli-un-kurabiyesi-yemekcom.jpg,940,940,False,https://cdn.yemek.com/mncrop/300/200/uploads/2015/09/uc-malzemeli-un-kurabiyesi-yemekcom.jpg,300,200,True,https://cdn.yemek.com/mncrop/940/625/uploads/2015/09/uc-malzemeli-un-kurabiyesi-yemekcom.jpg,940,625,True,https://cdn.yemek.com/mncrop/620/388/uploads/2015/09/uc-malzemeli-un-kurabiyesi-yemekcom.jpg,620,388,True,https://cdn.yemek.com/mncrop/600/315/uploads/2015/09/uc-malzemeli-un-kurabiyesi-yemekcom.jpg,600,315,True,,,,,,
82,4487,Gökçen Mutaf,https://cdn.yemek.com/author/23120/20181227103819_avatar.jpeg,/profil/gokcenmutaf/,Brownie'yi Andıran: Islak Kurabiye,Islak Kurabiye,/tarif/islak-kurabiye/,25 dk,15 dk,"<p>Kakaolu kurabiyenin şerbetle buluşmasından hazırlanan ıslak kurabiye, kakaolu tatlıları sevenlere göre. <strong>Sıcak kurabiyelerin ıslatılması kakao tadını yoğunlaştırıyor </strong>ve <a href=""https://yemek.com/tarif/kurabiye/"" target=""_blank"" rel=""noopener"">kurabiyeye</a> ağızda dağılan bir kıvam veriyor. Islak kurabiye tarifini çay saatleri için keyifle hazırlayabilir, bu esmer kurabiyeleri yanında bir fincan kahve eşliğinde tatlı bir atıştırmalık olarak da tüketebilirsiniz.</p>
<p><a href=""https://yemek.com/tarif/brownie/"" target=""_blank"" rel=""noopener"">Brownie</a>'yi andıran bu lezzetli <a href=""https://yemek.com/tarif/browni-kurabiye/"" target=""_blank"" rel=""noopener"">browni tadında kurabiye</a>leri kısa sürede hazırlayabilir, yorumlarınızı bizlerle paylaşabilirsiniz.</p>",recipe,"['yumurta', 'toz şeker', 'un', 'kabartma tozu', 'su', 'rendelenmiş Hindistan cevizi', 'kakao', 'pudra şekeri', 'tereyağı (oda sıcaklığında bekletilmiş)', 'vanilin', 'sıvı yağ']","['<div>\n<div>\n<div dir=""ltr"">\n<div>\n<div>Islak kurabiye için derince bir karıştırma kabına oda ısısındaki tereyağını, sıvı yağı, yumurtayı, pudra şekerini, kakaoyu, vanilin ve kabartma tozunu alın.</div>\n</div>\n</div>\n</div>\n</div>', '<p>Tüm malzemeleri özleşene\xa0kadar\xa0karıştırın.</p>', '<div>\n<div>\n<div dir=""ltr"">\n<div>\n<div>Ardından unu yavaş yavaş ekleyerek, ele yapışmayan bir hamur elde edin.</div>\n</div>\n</div>\n</div>\n</div>', '<div>\n<div>\n<div dir=""ltr"">\n<div>\n<div>Hazırladığınız hamurdan ceviz büyüklüğünde parçalar koparın.</div>\n</div>\n</div>\n</div>\n</div>', '<p>Avucunuzda yuvarlayın ve parmağınızla ortasına hafifçe bastırdıktan sonra, yağlı kağıt serilmiş bir fırın tepsisine dizin.\xa0Önceden ısıtılmış 180 derece fırında yaklaşık 20 dakika kadar pişirin.</p>', '<div>\n<div>\n<div dir=""ltr"">\n<div>\n<div>Kurabiyeleriniz fırındayken şerbeti için gerekli olan şeker ve suyu homojen karışana kadar kaynattıktan sonra bir kaseye alın ve soğutun.</div>\n</div>\n</div>\n</div>\n</div>', '<div>\n<div>\n<div dir=""ltr"">\n<div>\n<div>Kurabiyeler fırından çıkınca 2 dakika kadar bekletin ve ardından teker teker hazırladığınız şerbete atın, arkalı önlü çevirin ve bir servis tabağına dizin.</div>\n</div>\n</div>\n</div>\n</div>', '<div>\n<div>\n<div dir=""ltr"">\n<div>\n<div>Tüm kurabiyeleri bu şekilde şerbete batırdıktan sonra kalan şerbeti de üstlerine gezdirin ve tüm şerbeti çekene dek bekletin.</div>\n</div>\n</div>\n</div>\n</div>', '<div>\n<div>\n<div dir=""ltr"">\n<div>\n<div>Kurabiyeler şerbeti çektikten sonra üstlerini Hindistan cevizi ile süsleyin ve servis edin. Afiyet olsun.</div>\n</div>\n</div>\n</div>\n</div>']",TATLI KURABİYE,239b56,/tarif/tatli-kurabiyeler/,"['Kurabiye', 'Tatlı Kurabiye']",,['Çay Saati'],['Fırın'],['Ekonomik'],False,1500,900,2022-03-16T06:08:50Z,4.0,1542043,9538,False,False,True,0,,0,,,,2016/01/islak-kurabiye-tarifi-son.jpg,0,0,https://cdn.yemek.com/mnresize/940/940/uploads/2016/01/islak-kurabiye-tarifi-son.jpg,940,940,False,https://cdn.yemek.com/mncrop/300/200/uploads/2016/01/islak-kurabiye-tarifi-son.jpg,300,200,True,https://cdn.yemek.com/mncrop/940/625/uploads/2016/01/islak-kurabiye-tarifi-son.jpg,940,625,True,https://cdn.yemek.com/mncrop/620/388/uploads/2016/01/islak-kurabiye-tarifi-son.jpg,620,388,True,https://cdn.yemek.com/mncrop/600/315/uploads/2016/01/islak-kurabiye-tarifi-son.jpg,600,315,True,,,,,,
83,134,Yasemin Özaltın,https://cdn.yemek.com/author/35533/20181219061403_avatar.jpg,/profil/yasemingursurer/,Tüm Püf Noktalarıyla: Mercimek Köftesi,Mercimek Köftesi,/tarif/mercimek-koftesi/,20 dk,30 dk,"<p>Altın günlerinin vazgeçilmez lezzeti, bekarların ve öğrenci evlerinin gözdesi mercimekli köfte pratik olmasının yanı sıra besleyici ve lezzetli bir <a href=""https://yemek.com/tarif/"" target=""_blank"" rel=""noopener"">tarif</a>. <strong>Tam ölçülü, tam kıvamında mercimek köftesi</strong> nasıl yapılır diye merak edenlerden en güzel mercimek köftesi tarifini henüz bulamamış olanlara tüm püf noktalarıyla pratik tariflerin gözdesi mercimek köftesi karşınızda!</p>
<p>Mercimek köftesi sunumunu, mercimek köftesinin yanına ne gider ya da <strong>mercimek köftesi cıvık olursa</strong> ne yapılmalı sorularının cevabını artık başka yerde aramanız gerek yok. Çünkü en güzelini annenin yaptığı mercimek köftesi için mutfağa girerek biraz da biz hünerlerimizi göstereceğiz bugün. Güzel annelerimize selamlar yollayacağız bu tarifle.</p>
<p>Mercimek köftesi videomuzu aşağıya bırakıyoruz, afiyetler olsun şimdiden! <img class=""wp-smiley img-responsive"" src=""https://cdn.yemek.com/assets/images/smiley/smile.png""></p>
<p>Mercimek köftesini sevenler bunları da sevdi: <a href=""https://yemek.com/tarif/kisir"" target=""_blank"" rel=""noopener"">Kısır Tarifi</a></p>
<p>Klasik mercimekli köfte tariflerinden sıkılanlar, çıtır çıtır dokusuyla <a href=""https://yemek.com/tarif/firinda-mercimek-kofte/"" target=""_blank"" rel=""noopener"">fırında mercimekli köfte</a> tarifiyle misafirlerinizi şaşırtıyor.</p>",recipe,"['kırmızı mercimek', 'kuru soğan', 'biber salçası', 'sıcak su', 'tuz', 'pul biber', 'maydanoz', 'zeytinyağı', 'karabiber', 'domates salçası', 'ince bulgur', 'taze soğan', 'kimyon']","['<p>Mercimek köftesi için bol suda yıkadığınız kırmızı mercimeği sıcak suda kaynatın.</p>', '<p>Suyunu çekmeye yakın ince bulguru ekleyin, mercimeği ocaktan alın.</p>', '<p>Üzerine ince bulguru ekleyin.</p>', '<p>Kapağını kapattığınız tencerede ince bulguru şişmesi için mercimekle birlikte 15 dakika kadar bekletin.</p>', '<p>Zeytinyağını bir tavada kızdırın.</p>', '<p>Kuru soğanları küçük küpler halinde doğrayın ve tavaya aktarın.</p>', '<p>Doğradığınız soğanları 5 dakika kadar kavurun.</p>', '<p>Sırasıyla; biber salçası, domates salçası, tuz, pul biber ve kimyonu ekleyin.</p>', '<p>Soğanlı karışımı 3-4 dakika kadar kavurun.</p>', '<p>Şişen bulgurlu ve mercimekli harca salçalı, soğanlı harcı ekleyin.</p>', '<p>Taze soğanları ve maydanozu ince ince kıyın.\xa0 Doğranmış yeşillikleri ilave edin.</p>', '<p>Malzemeleri yoğurmaya başlayın.</p>', '<p>Tüm malzemeyi özleşene kadar yoğurun.</p>', '<p>Hazırladığınız harçtan ceviz büyüklüğünde parçalar alın ve avuç içinizde sıkarak şekil verin.</p>', '<p>Servis tabağına aldığınız mercimek köftelerini arzu ettiğiniz yeşilliklerle servis edin. Sevdiklerinizle paylaşın.</p>']",MEZE,239b56,/tarif/mezeler/,"['Özel Beslenme', 'Vejetaryen', 'Atıştırmalık', 'Meze', 'Vegan', 'Video', 'Tuzlu Atıştırmalık', 'Bakliyat']",,"['Öğle Yemeği', 'Çay Saati']","['Tencere', 'Tava']","['Vejetaryen', 'Bol Proteinli']",False,1200,1800,2022-03-10T11:30:12Z,4.0,1537793,11735,False,True,True,0,,0,,,,2014/06/mercimek-koftesi-yeni-ytk.jpg,0,0,https://cdn.yemek.com/mnresize/940/940/uploads/2014/06/mercimek-koftesi-yeni-ytk.jpg,940,940,False,https://cdn.yemek.com/mncrop/300/200/uploads/2014/06/mercimek-koftesi-yeni-ytk.jpg,300,200,True,https://cdn.yemek.com/mncrop/940/625/uploads/2014/06/mercimek-koftesi-yeni-ytk.jpg,940,625,True,https://cdn.yemek.com/mncrop/620/388/uploads/2014/06/mercimek-koftesi-yeni-ytk.jpg,620,388,True,https://cdn.yemek.com/mncrop/600/315/uploads/2014/06/mercimek-koftesi-yeni-ytk.jpg,600,315,True,,,,,,
84,247,Yasemin Özaltın,https://cdn.yemek.com/author/35533/20181219061403_avatar.jpg,/profil/yasemingursurer/,Tam Ölçülü: Pancake (Pankek),Pancake (Pankek),/tarif/pancake/,20 dk,20 dk,"<p>Bizim kültürümüzde <a href=""https://yemek.com/tarif/akitma/"" target=""_blank"">akıtma</a> ya da <a href=""https://yemek.com/tarif/krep"" target=""_blank"">krep</a> olarak bilinen hamur işinin biraz daha kalını ve kahvaltıların yıldızıdır pankek. Peynirli, zeytin ezmeli tuzlu çeşitleri yapılabileceği gibi çikolata kremalı ve meyveli çeşitlerini de aynı tarifle kolaylıkla hazırlayabilirsiniz. <a href=""https://yemek.com/tarif/kahvaltiliklar/"" target=""_blank"">Kahvaltılık tarif</a> aradığınızda eliniz bu tarife hemen gidecek.</p>
<p>Bu kahvaltılık <a href=""https://yemek.com/tarif/kolay-pankek/"" target=""_blank"">kolay pankek tarifi</a>nde pankek hamurunun nasıl yapılacağından <strong>tavada pankek yapmanın püf noktalarına</strong> kadar her şeyi bulabilecek, evde pankek yapımının tüm inceliklerini öğreneceksiniz.</p>
<p>Pancake tarifi gerçekten oldukça basit. Yumurta, un, kabartma tozu, toz şeker, süt, ayçiçek yağı gibi temel malzemeler içeriyor bu <strong>pratik hamur işi</strong>. Servis esnasında meyve dilimleri, eritilmiş çikolata çeşitleri, sosları oldukça yakışıyor. Akçaağaç şurubuyla da çok iyi gittiğini söylemeden geçmeyelim.</p>
<p>4 kişilik pankek nasıl yapılır diyenler için adım adım resimli ve videolu pancake tarifiyle en güzel pankekler hep sizin mutfaktan çıkacak! <img src=""https://cdn.yemek.com/assets/images/smiley/smile.png"" class=""wp-smiley img-responsive"" /></p>
",recipe,"['tuz', 'yumurta', 'toz şeker', 'ayçiçek yağı', 'ayçiçek yağı', 'süt', 'un', 'kabartma tozu', 'bal', 'vanilin']","['Pankek tarifi için derin bir karıştırma kabında 2 yumurta ve yarım su bardağı şekeri alın.', 'Şeker eriyene ve karışım krema kıvamını alana kadar\xa0çırpın.', 'Yumurtalı karışımın üzerine, 2 yemek kaşığı sıvı yağ ve 1,5 su bardağı sütü de koyup tekrar çırpın.', '2 su bardağı un, 1 paket kabartma tozu, 1 paket vanilin ve bir tutam tuzu da eleyerek karışımın içerisine ekleyin.', 'Pürüzsüz bir kıvam alana kadar çırpın.', 'İlk pankeki pişirmek için; krep tavasını ayçiçek yağı ile yağlayın. Kızdırdığınız tavaya küçük bir kepçe ya da bir kahve fincanı kadar pankek harcını aktarın.', 'Ocağın altını kısın. Pankeki, üzeri göz göz olana kadar pişirin. Bir spatula yardımıyla çevirdiğiniz pankekin diğer tarafını da aynı şekilde pişirin.', 'Krep tavasını arada yağlayarak pankek harcı bitene kadar aynı işlemi tekrarlayın.', 'Servis tabağına aldığınız pankeklerin üzerine tereyağı koyup bal gezdirebilirsiniz, afiyet olsun.']",KAHVALTILIK,239b56,/tarif/kahvaltiliklar/,"['Kahvaltılık', 'Video']","['kahvaltı', 'çay saati']","['Kahvaltı', 'Çay Saati']",['Tava'],"['Ekonomik', 'Vejetaryen']",False,1200,1200,2022-03-10T07:30:22Z,4.0,2051860,12838,False,True,True,0,,0,,,,2014/07/pancake-yemekcom.jpg,0,0,https://cdn.yemek.com/mnresize/940/940/uploads/2014/07/pancake-yemekcom.jpg,940,940,False,https://cdn.yemek.com/mncrop/300/200/uploads/2014/07/pancake-yemekcom.jpg,300,200,True,https://cdn.yemek.com/mncrop/940/625/uploads/2014/07/pancake-yemekcom.jpg,940,625,True,https://cdn.yemek.com/mncrop/620/388/uploads/2014/07/pancake-yemekcom.jpg,620,388,True,https://cdn.yemek.com/mncrop/600/315/uploads/2014/07/pancake-yemekcom.jpg,600,315,True,,,,['Amerika Birleşik Devletleri'],,
85,188,Yasemin Özaltın,https://cdn.yemek.com/author/35533/20181219061403_avatar.jpg,/profil/yasemingursurer/,"Kabardıkça Kabarır, Şerbetini Tam Çeker: Revani",Revani,/tarif/revani/,30 dk,35 dk,"<p>Bugün akşam yemeğine en lezzetli <a href=""https://yemek.com/ramazan-tatlilari/"" target=""_blank"">ramazan tatlılarından</a> biri olan revaniyi koyacağız. Revani tarifini uygularken bir yandan saray mutfağının bize Osmanlı'dan kalan en yadigar şeylerden biri olduğunu hatırlayacağız. Yaptığımız <a href=""https://yemek.com/tarif/"" target=""_blank"">yemek tariflerine</a> tatlı olarak onu çok yakıştıracağız. <a href=""https://yemek.com/tarif/tatli/"" target=""_blank"">Tatlı tariflerinin</a> arasında en çok sevdiklerimiz arasına ekleyeceğiz.</p>
<p>Klasik revaniyi evde pratik bir şekilde yapabilmek mümkün aslında. <strong>""Revani tatlısı nasıl yapılır""</strong> sorusunun hemen aşağıda adım adım resimli cevabını bulabileceğiniz nefis irmikli ve tam ölçülü evde kolay <a href=""https://yemek.com/tarif/muhallebili-revani/"" target=""_blank"">revani</a> yapımı tarifimizin bir püf noktası var bilinmesi gereken: Tahmin edeceğiniz gibi <a href=""https://yemek.com/tarif/serbetli-tatlilar/"" target=""_blank"">şerbetli tatlılardan</a> revaninin kıvamı önemli, onu da bir kaşık yardımıyla alacağınız şerbeti parmağınıza damlatıp, damlanın yayılıp yayılmadığını görerek anlayabilirsiniz. Eğer şerbet damlası yayılmıyorsa kıvamı tutmuş, revani yapımı için hazır hale gelmiş demektir. Böylelikle <strong>""Revani şerbeti nasıl dökülür, revani şerbeti nasıl olmalı?""</strong> sorusunun cevabını merak edenleri de rahatlatmış olduk.</p>
<p>Şerbetin yoğunluğu ile kekinin kabarıklığı için düşündüğümüz revani yapımı püf noktalarını tarif kısmında bulabilirsiniz. <a href=""https://yemek.com/revani-tarifleri/"" target=""_blank"">Farklı revani tarifleri</a> ve çok sevilen <a href=""https://yemek.com/tarif/hashasli-revani/"" target=""_blank"">haşhaşlı revani</a> tarifimizi de şöyle bırakalım.</p>
<p>O halde lafı daha fazla uzatmayalım, sizi en güzel revani tarifiyle baş başa bırakalım.</p>
",recipe,"['limon suyu', 'yumurta', 'toz şeker', 'toz şeker', 'ayçiçek yağı', 'un', 'kabartma tozu', 'su', 'yoğurt', 'irmik', 'rendelenmiş Hindistan cevizi', 'vanilin']","['Tatlının şerbetini hazırlamak için;\xa03 su bardağı su ve 2,5 su bardağı toz şekeri\xa0bir tencereye aktarın.', 'Kısık ateşte yaklaşık 30 dakika kadar kaynattıktan sonra limon suyunu ekleyin ve ılınması için ocaktan alın.', '3 yumurta bir kabın içerisine aktarın.', 'Üzerine 1 çay bardağı toz şekeri bir mikser yardımıyla toz şeker tamamen eriyene kadar karıştırın.', '1 çay bardağı ayçiçek yağı, 1 su bardağı yoğurt ve 1 su bardağı irmiği de ekledikten sonra tekrar karıştırın.', 'Son olarak 1,5 su bardağı\xa0un, 1 paket kabartma tozu ve 1 paket vanilini de karışıma ekledikten sonra çırpma işlemini sürdürün.', 'Yağlanmış fırına dayanıklı kalıbın içerisine hazırladığınız revani karışımını dökün.', 'Önceden ısıtılmış 180 derece fırında\xa025-30 dakika kadar pişirin.\xa0Fırından çıkardığınız revaninin ilk sıcaklığı geçtikten sonra oda sıcaklığında soğumuş şerbeti üzerine dökün ve şerbeti çekene kadar yaklaşık 1-2 saat bekleyin.', 'Ardından bıçak yardımıyla revaniyi dilimleyin.', 'Dilimlediğiniz ılık tatlıya rendelenmiş Hindistan cevizi serpiştirip servis edin. Afiyet olsun!']",ŞERBETLİ TATLI,239b56,/tarif/serbetli-tatlilar/,"['Tatlı', 'Şerbetli Tatlı', 'Ramazan', 'Video']","['ekonomik', 'çay saati']",['Çay Saati'],"['Fırın', 'Tencere']",,False,1800,2100,2022-04-20T11:00:29Z,4.0,2029239,5485,False,True,True,0,,0,,,,2014/06/revani-yemekcom.jpg,0,0,https://cdn.yemek.com/mnresize/940/940/uploads/2014/06/revani-yemekcom.jpg,940,940,False,https://cdn.yemek.com/mncrop/300/200/uploads/2014/06/revani-yemekcom.jpg,300,200,True,https://cdn.yemek.com/mncrop/940/625/uploads/2014/06/revani-yemekcom.jpg,940,625,True,https://cdn.yemek.com/mncrop/620/388/uploads/2014/06/revani-yemekcom.jpg,620,388,True,https://cdn.yemek.com/mncrop/600/315/uploads/2014/06/revani-yemekcom.jpg,600,315,True,,,,,,
86,2744,Cemre Özgüzel,https://cdn.yemek.com/author/109/20200211010242_avatar.jpg,/profil/cemre-ozguzel/,Az Malzemeyle Mükemmel Kıvam: Muhallebi,Muhallebi,/tarif/muhallebi/,15 dk,5 dk,"<p>Çocukluğumuzdan beri damağımızın alışık olduğu bir <a href=""https://yemek.com/tarif/tatli/"" target=""_blank"">tatlı tarifi</a> muhallebi. <strong>Pirinç unuyla hazırlanan muhallebi tarifler</strong>i olsa da kıvamı nişastayla bağlandığında bir o kadar güzel olur tadı. Öylesine yalın ve naif bir tattır ki kuru yemişler, çikolata ve çeşitli meyve sosları eşliğinde farklı tariflere bürünür.</p>
<p>Yaz sıcağına yakışır muhallebi tatlısı, keyfi kaşıklanır. Üzerine toz tarçınla yapabileceğiniz süslemelerle de saygı uyandırır. Başarıyla uygulanmış bir sütlü muhallebi tarifini tamamlayıcı nitelikte olan bu süslemeler ise tamamen sizin yaratıcılığınıza kalmış. <a href=""https://yemek.com/tarif/sutlu-tatlilar/"" target=""_blank"">Sütlü tatlıların </a>en kolay ve ekonomiği olan <strong>muhallebi tarifi</strong>mizle keyif dolu dakikalar yaşayabilirsiniz.</p>
<p>Biz sade muhallebi hazırladık ama diğer muhallebi çeşitleri için sizi şu tariflerimize de bekleriz: <a href=""https://yemek.com/muhallebi-tarifleri/"" target=""_blank"">Sıcak Yaz Günlerinde Midenizi Yormayarak Sizi Mutlu Edecek 17 Muhallebi Tarifi</a></p>
<p>En güzel muhallebinin sizin elinizden çıkmasını sağlayacak olan bu tarifi ister bardakta, ister kupta, ister fincanda servis edebilirsiniz. Hazırsanız pratik ve <a href=""https://yemek.com/tarif/kolay-muhallebi/"" target=""_blank"">kolay muhallebi</a> tarifimizle başbaşa bırakalım sizi.</p>
",recipe,"['tereyağı', 'toz şeker', 'süt', 'un', 'toz Antep fıstığı', 'buğday nişastası', 'muz', 'vanilin']","['5\xa0su bardağı soğuk sütü geniş bir tencereye aktarın.\xa0Yarım çay bardağı un, 3 yemek kaşığı buğday nişastası ve 1 su bardağı toz şekeri ilave ettikten sonra ocağın altını açın.', 'Ara ara karıştırarak koyu bir kıvam alana kadar pişirin.', 'Kıvam alan muhallebinin altını kapatın.', 'Henüz sıcakken içerisine\xa01 tatlı kaşığı tereyağı ve 1 paket vanilin ilave ederek çırpın.', 'Ardından servis kaselerine paylaştırın ve soğutun.', 'Antep fıstığıyla süsleyip tatlandırdığınız muhallebileri soğuk olarak sevdiklerinizle paylaşın.']",SÜTLÜ TATLI,239b56,/tarif/sutlu-tatlilar/,"['Tatlı', 'Ramazan', 'Sütlü Tatlı', 'Video']","['pratik yemek tarifleri', 'çay saati']",['Çay Saati'],['Tencere'],['Ekonomik'],False,900,300,2019-04-04T08:57:18Z,4.0,1868226,4584,False,True,True,0,,0,,,,2015/06/muhallebi-yemekcom.jpg,0,0,https://cdn.yemek.com/mnresize/940/940/uploads/2015/06/muhallebi-yemekcom.jpg,940,940,False,https://cdn.yemek.com/mncrop/300/200/uploads/2015/06/muhallebi-yemekcom.jpg,300,200,True,https://cdn.yemek.com/mncrop/940/625/uploads/2015/06/muhallebi-yemekcom.jpg,940,625,True,https://cdn.yemek.com/mncrop/620/388/uploads/2015/06/muhallebi-yemekcom.jpg,620,388,True,https://cdn.yemek.com/mncrop/600/315/uploads/2015/06/muhallebi-yemekcom.jpg,600,315,True,,,,,,
87,4172,ipeksare,https://cdn.yemek.com/author/262494/20200820091315_avatar.jpg,/profil/ipeksare/,Tane Tane Dökülür: Pirinç Pilavı,Pirinç Pilavı,/tarif/pirinc-pilavi/,20 dk,15 dk,"<p>Türlü türlü <a href=""https://yemek.com/tarif/"" target=""_blank"">yemek tariflerini</a> tamamlayan, <a href=""https://yemek.com/tarif/kuru-fasulye/"" target=""_blank"">kuru fasulye</a>-turşu ikilisine komşu olan, bir dönem yoğurtla takılan, <a href=""https://yemek.com/tarif/anne-koftesi/"" target=""_blank"">köfte patates</a> sevdalısı pilav... Kaşıktan tel tel dökülen pilav... Aromatik sebze ve kuru baharatlarla ev yapımı tavuk suyunuzu kendiniz hazırlayın bir güzel, ortalama pirinç çeşitlerine göre bir ölçü pirince bir buçuk ölçü su kullanacağınızı düşünün.</p>
<p>Yanma derecesini yükseltmek için tereyağını az miktarda ayçiçek yağıyla kavurun. Az miktarda arpa ya da tel şehriyeyi kavurup berrak su çıkana kadar duruladığınız pirinçleri pilav tenceresine alın. Şeffaf bir renk alana kavurup sıcak tavuk suyunu ekleyin. Tuzla tatlandırın, taze sıkılmış limon suyu, kesme şeker gibi unsurları küçük püf noktaları olarak değerlendirin pilav tarifinde. ""Pilavın tane tane olması için ne yapılır?"" diye soruyorsanız da size nefis önerilerimiz var: <a href=""https://yemek.com/pilav-nasil-yapilir/"" target=""_blank"">Tane Tane Dökülen Ev Yapımı Pilavlar İçin Demini Almış 5 Öneri</a></p>
<p>Pilavı yiyip de hemen kaçmayın, yorum bırakmayı unutmayın, yaptığınız bir değişiklik varsa bizlerle de paylaşın. Şimdiden ellerinize sağlık diyor tane tane dökülen pirinç pilavı tarifimize buyurun.</p>
<p>Farklı pilav tarifleri içinse sizi <a href=""https://yemek.com/tarif/pilav/"" target=""_blank"">şöyle</a> alalım. <img src=""https://cdn.yemek.com/assets/images/smiley/smile.png"" class=""wp-smiley img-responsive"" /></p>
",recipe,"['pirinç', 'tereyağı', 'sıcak su', 'tuz', 'karabiber']","['Uygun bir pilav tenceresinin içerisine tereyağı ekleyin.', 'Tereyağı eridikten sonra pirinçleri ekleyip kavurmaya başlayın. Pirinçler tane tane dökülmeye başlayana kadar yaklaşık 5 dakika kavurun.', 'Sıcak suyu ekleyin, tuzu ve karabiberi de ilave edin.', 'Bir kez karıştırın, kapağını kapatın ve kısık ateşte pişirin.', 'Suyunu çeken pilavın üzerine bir bez koyun ve demlenmesi için dinlendirin.', 'Biraz et ya da tavuk ile servis edebilirsiniz. Afiyet olsun!']",PİLAV,239b56,/tarif/pilav/,"['Pilav', 'Video']","['ekonomik', 'akşam yemeği', 'öğle yemeği']","['Öğle Yemeği', 'Akşam Yemeği']",['Tencere'],['Ekonomik'],False,1200,900,2020-09-02T06:35:37Z,4.0,1783014,2538,False,True,True,0,,0,,,,2020/09/pirinc-pilavi-yemekcom.jpg,0,0,https://cdn.yemek.com/mnresize/940/940/uploads/2020/09/pirinc-pilavi-yemekcom.jpg,940,940,False,https://cdn.yemek.com/mncrop/300/200/uploads/2020/09/pirinc-pilavi-yemekcom.jpg,300,200,True,https://cdn.yemek.com/mncrop/940/625/uploads/2020/09/pirinc-pilavi-yemekcom.jpg,940,625,True,https://cdn.yemek.com/mncrop/620/388/uploads/2020/09/pirinc-pilavi-yemekcom.jpg,620,388,True,https://cdn.yemek.com/mncrop/600/315/uploads/2020/09/pirinc-pilavi-yemekcom.jpg,600,315,True,['tencere'],,,,,
88,313,Yasemin Özaltın,https://cdn.yemek.com/author/35533/20181219061403_avatar.jpg,/profil/yasemingursurer/,Yağ Çekmeden Pişer: Mücver,Mücver,/tarif/mucver/,15 dk,15 dk,"<p>Türk mutfağının, mutfağımıza ait tüm <a href=""https://yemek.com/tarif/"" target=""_blank"" rel=""noopener"">yemek tariflerinin</a> uzağında ama çok sevilen kuzeni ya da teyzesidir mücver tarifi. Her öğün göremezsin, her akşam yemezsin, yiyemezsin. Ancak her gördüğünde mutlu olursun; daha çok görmek istersin. Özeldir, yeri ayrıdır. Herkes güzelini yapamaz.</p>
<p>Arzu ettiğiniz yeşillik, patates, havuç hatta kereviz gibi <a href=""https://yemek.com/tarif/sebze/"" target=""_blank"" rel=""noopener"">sebze</a>leri de ekleyerek hazırlayabileceğiniz bir <a href=""https://yemek.com/tarif/atistirmaliklar/"" target=""_blank"" rel=""noopener"">atıştırmalık</a>, kolay mücver tarifimiz var. Ne güzel olur <strong>kabak mücveri</strong>, küçük püf noktaları vardır onun. Çok fazla yağ çekmemesi için yağı önceden kızdırmalı, rendelenmiş sebzelerin suyunu sıkmalı, sebzelerin taze olmasına dikkat etmeli örneğin.</p>
<p>Anne eli değmiş mücver, bu tarifte biraz daha renk kazanıyor. Yeşillik ve kabakların yanına havuç da katılıyor. Ana yemeğiniz ne olursa olsun bugün sofranızda <strong>kızarmış çıtır mücverler</strong> de yer alsın bizce.</p>
<p>Daha fazla mücver çeşidi görmek isteyenleri ise şöyle alabiliriz: <a href=""https://yemek.com/mucver-tarifleri/"" target=""_blank"" rel=""noopener"">Mücver Tarifleri</a></p>
<p>Kızartmalardan uzak duruyorsanız sizi fırında kabak mücveri tarifimize şuradan davet edelim: <a href=""https://yemek.com/tarif/firinda-mucver/"" target=""_blank"" rel=""noopener"">Fırında Mücver Tarifi, Nasıl Yapılır?</a></p>
<p>Videolu tarifimize aşağıya bırakıyoruz. Keyfini çıkarmanız dileğiyle!</p>",recipe,"['tuz', 'yumurta', 'un', 'karabiber', 'havuç', 'taze soğan', 'kabak', 'dereotu', 'sıvı yağ']","['<p>Mücver için bol suda yıkadığınız kabakları rendenin\xa0iri kısmıyla rendeleyin.\xa0Mücveri sulandırmaması için; rendelenmiş kabakların suyunu sıkarak çıkartın.</p>', '<p>Geniş bir kapta rendelenen kabakları, havucu, yumurtayı, taze soğanı, dereotunu, tuzu, karabiberi birleştirin.</p>', '<p>Unu da ilave edip tüm malzemeler birbiriyle harmanlayın.</p>', '<p>Tüm malzemeler macun kıvamını alana kadar spatula yardımıyla karıştırın.</p>', '<p>Her bir mücver 1 tepeleme yemek kaşığı olacak şekilde ayarlayıp tavaya dökün.</p>', '<p>Kızgın yağda altın sarısı rengini alana kadar kızartın. Mücverlerin fazla yağını havlu kağıda süzdürdükten sonra servis tabağına alın ve çırpılmış yoğurt ile servis edin. Afiyet olsun!</p>']",SEBZE,239b56,/tarif/sebze/,"['Sebze', 'Özel Beslenme', 'Vejetaryen', 'Video', 'Kızartma', 'Mevsiminde']",,['Çay Saati'],['Kızartma'],"['Ekonomik', 'Vejetaryen']",False,900,900,2021-11-09T03:30:59Z,4.0,1738171,11618,False,True,True,0,,0,,,,2014/07/mucver-ytk-site.jpg,0,0,https://cdn.yemek.com/mnresize/940/940/uploads/2014/07/mucver-ytk-site.jpg,940,940,False,https://cdn.yemek.com/mncrop/300/200/uploads/2014/07/mucver-ytk-site.jpg,300,200,True,https://cdn.yemek.com/mncrop/940/625/uploads/2014/07/mucver-ytk-site.jpg,940,625,True,https://cdn.yemek.com/mncrop/620/388/uploads/2014/07/mucver-ytk-site.jpg,620,388,True,https://cdn.yemek.com/mncrop/600/315/uploads/2014/07/mucver-ytk-site.jpg,600,315,True,,,"['Haziran', 'Temmuz', 'Ağustos']",,,
89,272,Neşe Ümit Tan,https://cdn.yemek.com/author/208653/20190910030615_avatar.jpg,/profil/neseumit/,Tam Kıvamında: Sütlaç,Sütlaç,/tarif/sutlac/,31 dk,5 dk,"<p><a href=""https://yemek.com/tarif/"" target=""_blank"">Yemek tariflerinin</a> en tatlı, en sevilen ismi, <a href=""https://yemek.com/tarif/sutlu-tatlilar/"" target=""_blank"">sütlü tatlılar</a>ın en besleyicisi, pirincin en güzel halidir sütlaç tarifi. Tencerede kıvam aldıktan sonra ısıya dayanıklı toprak kaplara paylaştırılıp fırında kızaran hali <a href=""https://yemek.com/tarif/firin-sutlac/"" target=""_blank"">fırın sütlaç</a> ismini alır. Çocukluk yıllarından aşina olduğumuz besleyici bir tatlıdır. <a href=""https://yemek.com/"" target=""_blank"">Tarifler</a> içinde özellikle sütlü tatlıların ve <a href=""https://yemek.com/tarif/tatli/"" target=""_blank"">tatlı tariflerinin</a> en şahanesidir!</p>
<p>Ev yapımı sütlacı tam kıvamında ve tam ölçülü yapmak için birkaç püf noktasına ihtiyacınız var. Klasik sütlaçtan vazgeçemeyenlerin evde nefis <a href=""https://yemek.com/tarif/firin-sutlac/"" target=""_blank"">fırın sütlaçlar</a> yapmasını sağlayacak olan ve en güzel sütlaç tarifine ulaşmanızı sağlayacak bu tarifi bir köşeye not edin deriz. <a href=""https://yemek.com/tarif/sutlu-tatlilar/"" target=""_blank"">Sütlü tatlıların</a> en güzeli, <a href=""https://yemek.com/ramazan-tatlilari/"" target=""_blank"">ramazan için tatlılardan</a> <strong>en hafif sütlaç tarifi</strong> karşınızda!</p>
",recipe,"['pirinç', 'sıcak su', 'toz şeker', 'süt', 'su', 'buğday nişastası']","['Sadece bir kez sudan geçirerek yıkadığınız\xa0pirinci tencereye alın ve\xa02 su bardağı sıcak suyu ekleyerek kısık ateşte pişirmeye başlayın. Bu sırada ara ara nazikçe karıştırın.', 'Pirinç, suyu çekip lapa hale gelince üzerine sütü ilave edin. Karıştırın ve\xa0süt kaynayana kadar ara ara karıştırmaya devam edin. Kaynadıktan sonra altını kısın, 8-10 dakika daha bu şekilde karıştırarak kısık ateşte pişirin.', 'Ardından şekeri ekleyin, karıştırın. Tekrar kaynamasını bekleyin ve 4-5 dakika daha da kısık ateşte bu şekilde kaynatın.', 'Nişastayı eklemek için bir kabın içerisine alın, 1 çay bardağı suyla karıştırın.', 'Aynı anda hem karıştırıp hem tencereye ekleyin. Azar azar dökerek eklerseniz topaklanma riskini de engellemiş olursunuz.\xa0Karıştırdıktan sonra hafifçe kıvam alana kadar pişirin. Bu sırada tekrar kaynayacak ve minik minik balonların yüzeye ulaştığını göreceksiniz, bunu gördükten sonra kısık ateşe alıp 1-2 dakika daha pişirin ve ardından ocaktan alın.', 'Bu noktada sütlacın kıvamı akışkan bir boza kıvamında olmalıdır.\xa0Sütlaç harcını bir kepçeyle kaselere dağıtın.', 'Oda sıcaklığında soğuduktan\xa0sonra buzdolabında en az 2 saat, tercihen 1 akşam kadar bekletin ve servis etmeden önce buzdolabından çıkarıp 5 dakika bekletin, tarçın serperek servis edin.', 'Afiyet olsun!']",SÜTLÜ TATLI,239b56,/tarif/sutlu-tatlilar/,"['Tatlı', 'Ramazan', 'Sütlü Tatlı', 'Video']",['çay saati'],['Çay Saati'],['Tencere'],,False,1860,300,2022-03-11T07:15:20Z,4.0,1693684,4171,False,True,True,0,,0,,,,2019/05/sutlac-guncelleme-sunum-1.jpg,0,0,https://cdn.yemek.com/mnresize/940/940/uploads/2019/05/sutlac-guncelleme-sunum-1.jpg,940,940,False,https://cdn.yemek.com/mncrop/300/200/uploads/2019/05/sutlac-guncelleme-sunum-1.jpg,300,200,True,https://cdn.yemek.com/mncrop/940/625/uploads/2019/05/sutlac-guncelleme-sunum-1.jpg,940,625,True,https://cdn.yemek.com/mncrop/620/388/uploads/2019/05/sutlac-guncelleme-sunum-1.jpg,620,388,True,https://cdn.yemek.com/mncrop/600/315/uploads/2019/05/sutlac-guncelleme-sunum-1.jpg,600,315,True,,,,,,
90,125,Yasemin Özaltın,https://cdn.yemek.com/author/35533/20181219061403_avatar.jpg,/profil/yasemingursurer/,Basit Malzemelerle: Kolay Tiramisu,Kolay Tiramisu,/tarif/kolay-tiramisu/,15 dk,15 dk,"<p>""Tiramisu hangi ülkeye ait?"" diyenlere hemen cevap vererek başlayalım. İtalyan asıllı bir <a href=""https://yemek.com/tarif/tatli/"" target=""_blank"">tatlı</a> olan <a href=""https://yemek.com/tarif/tiramisu/"" target=""_blank"">tiramisu</a>, ülkemizde son yıllarda popüler olmasıyla tanınır. Mutluluk ve enerji veren bir tatlı olduğu için de İtalyanlar bu tatlıya 'Beni yukarı çek, beni yukarı kaldır' anlamına gelen tiramisu ismini vermiştir. Bu hali de onun oldukça pratikleşmiş hali. Hazır kekle yapılan bu kolay tiramisu tarifi üstelik 30 dakikada hazır.</p>
<p>""Tiramisu nasıl yapılır?"" diyenler için tiramisu <a href=""https://yemek.com/tarif/kek/"" target=""_blank"">kek</a>inin labneli tiramisu kremasıyla nasıl buluştuğunu adım adım resimli bir şekilde anlatıyor, nefis süslemesiyle en güzel ve en pratik ev yapımı tiramisunun yapılışını tüm detaylarıyla anlatıyoruz!</p>
<p>İşte iştah açıcı görüntüsü ve lezzetiyle kolay tiramisu tarifi! En kısa zamanda onu çayınızın, kahvenizin yanına konuk edin deriz. Hem zamandan kazandıran hem de konuklarınıza nefis bir ikramda bulunmak istediğinizde de kurtarıcılarınızdan biri olacak nefis tarifimize davetlisiniz. Mevsimine göre de kolay tiramisularınızın üzerini dilediğiniz meyve ile süsleyebilirsiniz. Şimdiden ellerinize sağlık diyoruz.</p>
<p>Bu arada ""Ben kedi dili ile yapılan orijinal tiramisu <a href=""https://yemek.com/tarif/"" target=""_blank"">tarif</a>ini de merak ediyorum"" derseniz onun tarifini de hemen şöyle bırakıyoruz: <a href=""https://yemek.com/tarif/kedi-dilli-tiramisu/"" target=""_blank"">Kedidilli tiramisu tarifi, nasıl yapılır?</a></p>
",recipe,"['sıcak su', 'toz şeker', 'toz şeker', 'süt', 'un', 'yumurta sarısı', 'kakao', 'hazır kek', 'granül kahve', 'labne peyniri']","['Tiramisunun kremasını hazırlamak için; 2 su bardağı süt, 5 yemek kaşığı toz şeker, 3 yemek kaşığı un ve 1 adet\xa0 yumurta sarısını tencereye alın.', 'Sürekli karıştırarak orta ateşte muhallebi kıvamına gelene kadar pişirin. Piştikten sonra kremayı soğumaya bırakın.', 'Kek tabanını ıslatmak için; bir kasede 1 su bardağı sıcak suya, 1 yemek kaşığı granül kahve ve 1 tatlı kaşığı toz şekerini eriyene kadar karıştırın.', 'Pişirip soğumaya bıraktığınız kremaya 200 gram labne peynirini ekleyin ve bir mikser yardımıyla pürüzsüz bir kıvam alana kadar çırpın.', 'Servis tabağına ya da bir borcama pasta tabanının bir katını yerleştirin.', 'Kahveli karışımın yarısıyla keki ıslatın.', 'Üzerine hazırladığınız kremanın yarısını yayın.', 'Pastanın diğer katını da üzerine koyun ve\xa0 kahveli karışımla ıslatın. Kalan krema ile pastanın üzerini tamamen kaplayın.', 'Son olarak üzerine kakao serpiştirin.', 'Çilek dilimleriyle süsleyip buzdolabında 1- 2 saat beklettikten sonra dilimleyerek servis edin.\xa0Afiyet olsun!']",TATLI,239b56,/tarif/tatli/,"['Tatlı', 'Video', 'Dünya Mutfakları']","['ekonomik', 'ara öğün', 'çay saati']",['Çay Saati'],['Tencere'],['Vejetaryen'],False,900,900,2022-03-31T14:48:27Z,4.0,1687627,4451,False,True,True,0,,0,,,,2014/06/kolay-tiramisu-yemekcom.jpg,0,0,https://cdn.yemek.com/mnresize/940/940/uploads/2014/06/kolay-tiramisu-yemekcom.jpg,940,940,False,https://cdn.yemek.com/mncrop/300/200/uploads/2014/06/kolay-tiramisu-yemekcom.jpg,300,200,True,https://cdn.yemek.com/mncrop/940/625/uploads/2014/06/kolay-tiramisu-yemekcom.jpg,940,625,True,https://cdn.yemek.com/mncrop/620/388/uploads/2014/06/kolay-tiramisu-yemekcom.jpg,620,388,True,https://cdn.yemek.com/mncrop/600/315/uploads/2014/06/kolay-tiramisu-yemekcom.jpg,600,315,True,,,,['İtalya'],,
91,127,Gökçen Mutaf,https://cdn.yemek.com/author/23120/20181227103819_avatar.jpeg,/profil/gokcenmutaf/,Ağızda Dağılan Mükemmel Kıvamıyla: Elmalı Kurabiye,Elmalı Kurabiye,/tarif/elmali-kurabiye/,25 dk,20 dk,"<p><a href=""https://yemek.com/kurabiye-tarifleri-puf-noktalari/"" target=""_blank"">Kurabiye tariflerinin</a> en güzellerinden biri olan en güzel elmalı kurabiye karşınızda! Ağızda dağılan kıvamıyla, <a href=""https://yemek.com/pratik-kurabiye-tarifleri/"" target=""_blank"">pratik kurabiyelerden</a> oluşuyla kalplerinizi çalmaya gelecek bu kıyır kıyır <a href=""https://yemek.com/elmali-kurabiye-tarifleri/"" target=""_blank"">elmalı kurabiye tarifi</a> şekilleriyle, malzemeleriyle, hamuruyla tam ölçülü <a href=""https://yemek.com/tarif/kolay-elmali-kurabiye/"" target=""_blank"">elmalı kurabiye</a> yapmak isteyenlerin yardımına koşacak.</p>
<p><strong>Elmalı kurabiyenin gevrek olmas</strong>ı için yapılması gerekenlerden, nasıl saklanacağına kadar elmalı kurabiye yapmanın tüm püf noktalarını da bulabileceğiniz bu en güzel denenmiş elmalı kurabiye <a href=""https://yemek.com/tarif/"" target=""_blank"">tarifi</a> için çay suyunun altını koyalım hafiften. Elmalı <a href=""https://yemek.com/tarif/kurabiye/"" target=""_blank"">kurabiyeler</a> bizi bekler. Ağızda dağılan, tarçınlı <strong>elmalı kurabiye tarifi</strong>miz için mutfağa davetlisiniz. Afiyetler olsun şimdiden.</p>
",recipe,"['limon suyu', 'toz şeker', 'toz şeker', 'un', 'yoğurt', 'tarçın', 'karbonat', 'tereyağı (oda ısısında bekletilmiş)', 'dövülmüş ceviz içi', 'sıvı yağ', 'kırmızı elma']","['Elmalı kurabiye tarifini hazırlamak için\xa0 rendelenmiş elmaları tavaya alın. Üzerine toz şekeri ilave edin. Karamelize olana dek pişirin.', 'Piştikten sonra üzerine yarım su bardağı kadar dövülmüş ceviz ve tarçın ekleyin, karıştırın.', 'Hamurunu hazırlamak için derin bir kaseye oda sıcaklığında yumuşamış tereyağı, sıvı yağ, yoğurt, toz şeker, limon suyu ve karbonatı ekleyin. Güzelce yoğurun ve ardından unu da azar azar ekleyerek, ele yapışmayan fakat yumuşak olan bir hamur elde edin.', 'Hamuru tezgahın üzerinde toparlayın.', 'Tezgaha hafifçe un serperek açın. Yuvarlak şekiller çıkarıp elmalı harcı ortasına koyun ve iki yandan katlayın.', 'Pişirme kağıdı serdiğiniz fırın tepsisine kurabiyeleri dizin ve önceden ısıtılmış 180 derece fırında üzeri kızarana kadar, yaklaşık 20-25 dakika pişirin.', 'Oda sıcaklığına geldikten sonra üzerine pudra şekeri serpiştirin. Kurabiyeleriniz artık servise hazır! Afiyet olsun..', 'Afiyet olsun..']",TATLI KURABİYE,239b56,/tarif/tatli-kurabiyeler/,"['Kurabiye', 'Video', 'Tatlı Kurabiye']",['çay saati'],['Çay Saati'],['Fırın'],,False,1500,1200,2022-03-11T07:30:23Z,4.0,1597377,7917,False,True,True,0,,0,,,,2022/03/elmali-kurabiye-tarifi-yemekcom.jpg,0,0,https://cdn.yemek.com/mnresize/940/940/uploads/2022/03/elmali-kurabiye-tarifi-yemekcom.jpg,940,940,False,https://cdn.yemek.com/mncrop/300/200/uploads/2022/03/elmali-kurabiye-tarifi-yemekcom.jpg,300,200,True,https://cdn.yemek.com/mncrop/940/625/uploads/2022/03/elmali-kurabiye-tarifi-yemekcom.jpg,940,625,True,https://cdn.yemek.com/mncrop/620/388/uploads/2022/03/elmali-kurabiye-tarifi-yemekcom.jpg,620,388,True,https://cdn.yemek.com/mncrop/600/315/uploads/2022/03/elmali-kurabiye-tarifi-yemekcom.jpg,600,315,True,,,,,,
92,3424,Ege Şahin,https://cdn.yemek.com/author/464113/20220221123420_avatar.jpg,/profil/egesahin/,Kıyır Kıyır: Üç Malzemeli Un Kurabiyesi,Üç Malzemeli Un Kurabiyesi,/tarif/uc-malzemeli-un-kurabiyesi/,15 dk,10 dk,"<p>Eşe dosta <a href=""https://yemek.com/tarif/un-kurabiyesi/"" target=""_blank"">un kurabiyesi</a> tarifi soranlar, telefonda un kurabiyesi nasıl yapılır diye dert yananlar, neredeyse rüyasında un kurabiyesi görenler... Hoş geldiniz, doğru yerdesiniz.</p>
<p>Günün en tatlı saatleri akşam üzeri olmuş, belki de tatlısıyla tuzlusuyla uzun uzadıya keyfi çıkacak bir <a href=""https://yemek.com/tarif/kahvaltiliklar/"" target=""_blank"">kahvaltı</a> sofrası hazırlıyorsunuz. Ya da akşam yemeği sonrası çay keyfinizi taçlandıracak tatlı bir hamur işi aradığınız. Öyleyse sadece 10 dakikada hazırlanan üç malzemeli un kurabiyesi <a href=""https://yemek.com/tarif/"" target=""_blank"">tarif</a>ine alalım sizi. Bu kurabiyeler bir şahane.</p>
<p>Sıvı yağ, pudra şekeri ve un ilavesiyle hazırlanan bu <a href=""https://yemek.com/tarif/tatli-kurabiyeler/"" target=""_blank"">tatlı kurabiye</a>ler, kaşıkla şekil alıp önceden ısıtılmış 175 derece fırında 15 dakika gibi kısa bir sürede pişiyor. Demleyin çayı, kurulun en sevdiğiniz koltuğa. Kurabiyeleriniz olmak üzere, afiyet olsun.</p>
",recipe,"['un', 'pudra şekeri', 'pudra şekeri', 'sıvı yağ']","['Sıvı yağ ve pudra şekerini derin bir kaba alın, karıştırın.', 'Ardından unu aşamalı olarak ekleyin.\xa0Hamuru toparlamak için iyice yoğurun. Hamurdan parçalar koparıp silindir şeklini verin.', 'Verev şekilde kesin.', 'Yağlı kağıt serilmiş fırın tepsisine aralıklı olarak yerleştirin.', 'Üzerlerini çatal ile çizin. Önceden ısıtılmış 175 derece fırında 15 dakika pişirin.', 'Arzuya göre üzerine pudra şekeri serperek servis edin. Afiyet olsun!']",TATLI KURABİYE,239b56,/tarif/tatli-kurabiyeler/,"['Kurabiye', 'Tatlı Kurabiye']",['çay saati'],['Çay Saati'],['Fırın'],['Ekonomik'],False,900,600,2022-12-28T11:10:00Z,4.0,1569331,4413,False,False,True,0,,0,,,,2015/09/uc-malzemeli-un-kurabiyesi-yemekcom.jpg,0,0,https://cdn.yemek.com/mnresize/940/940/uploads/2015/09/uc-malzemeli-un-kurabiyesi-yemekcom.jpg,940,940,False,https://cdn.yemek.com/mncrop/300/200/uploads/2015/09/uc-malzemeli-un-kurabiyesi-yemekcom.jpg,300,200,True,https://cdn.yemek.com/mncrop/940/625/uploads/2015/09/uc-malzemeli-un-kurabiyesi-yemekcom.jpg,940,625,True,https://cdn.yemek.com/mncrop/620/388/uploads/2015/09/uc-malzemeli-un-kurabiyesi-yemekcom.jpg,620,388,True,https://cdn.yemek.com/mncrop/600/315/uploads/2015/09/uc-malzemeli-un-kurabiyesi-yemekcom.jpg,600,315,True,,,,,,
93,4487,Gökçen Mutaf,https://cdn.yemek.com/author/23120/20181227103819_avatar.jpeg,/profil/gokcenmutaf/,Brownie'yi Andıran: Islak Kurabiye,Islak Kurabiye,/tarif/islak-kurabiye/,25 dk,15 dk,"<p>Kakaolu kurabiyenin şerbetle buluşmasından hazırlanan ıslak kurabiye, kakaolu tatlıları sevenlere göre. <strong>Sıcak kurabiyelerin ıslatılması kakao tadını yoğunlaştırıyor </strong>ve <a href=""https://yemek.com/tarif/kurabiye/"" target=""_blank"" rel=""noopener"">kurabiyeye</a> ağızda dağılan bir kıvam veriyor. Islak kurabiye tarifini çay saatleri için keyifle hazırlayabilir, bu esmer kurabiyeleri yanında bir fincan kahve eşliğinde tatlı bir atıştırmalık olarak da tüketebilirsiniz.</p>
<p><a href=""https://yemek.com/tarif/brownie/"" target=""_blank"" rel=""noopener"">Brownie</a>'yi andıran bu lezzetli <a href=""https://yemek.com/tarif/browni-kurabiye/"" target=""_blank"" rel=""noopener"">browni tadında kurabiye</a>leri kısa sürede hazırlayabilir, yorumlarınızı bizlerle paylaşabilirsiniz.</p>",recipe,"['yumurta', 'toz şeker', 'un', 'kabartma tozu', 'su', 'rendelenmiş Hindistan cevizi', 'kakao', 'pudra şekeri', 'tereyağı (oda sıcaklığında bekletilmiş)', 'vanilin', 'sıvı yağ']","['<div>\n<div>\n<div dir=""ltr"">\n<div>\n<div>Islak kurabiye için derince bir karıştırma kabına oda ısısındaki tereyağını, sıvı yağı, yumurtayı, pudra şekerini, kakaoyu, vanilin ve kabartma tozunu alın.</div>\n</div>\n</div>\n</div>\n</div>', '<p>Tüm malzemeleri özleşene\xa0kadar\xa0karıştırın.</p>', '<div>\n<div>\n<div dir=""ltr"">\n<div>\n<div>Ardından unu yavaş yavaş ekleyerek, ele yapışmayan bir hamur elde edin.</div>\n</div>\n</div>\n</div>\n</div>', '<div>\n<div>\n<div dir=""ltr"">\n<div>\n<div>Hazırladığınız hamurdan ceviz büyüklüğünde parçalar koparın.</div>\n</div>\n</div>\n</div>\n</div>', '<p>Avucunuzda yuvarlayın ve parmağınızla ortasına hafifçe bastırdıktan sonra, yağlı kağıt serilmiş bir fırın tepsisine dizin.\xa0Önceden ısıtılmış 180 derece fırında yaklaşık 20 dakika kadar pişirin.</p>', '<div>\n<div>\n<div dir=""ltr"">\n<div>\n<div>Kurabiyeleriniz fırındayken şerbeti için gerekli olan şeker ve suyu homojen karışana kadar kaynattıktan sonra bir kaseye alın ve soğutun.</div>\n</div>\n</div>\n</div>\n</div>', '<div>\n<div>\n<div dir=""ltr"">\n<div>\n<div>Kurabiyeler fırından çıkınca 2 dakika kadar bekletin ve ardından teker teker hazırladığınız şerbete atın, arkalı önlü çevirin ve bir servis tabağına dizin.</div>\n</div>\n</div>\n</div>\n</div>', '<div>\n<div>\n<div dir=""ltr"">\n<div>\n<div>Tüm kurabiyeleri bu şekilde şerbete batırdıktan sonra kalan şerbeti de üstlerine gezdirin ve tüm şerbeti çekene dek bekletin.</div>\n</div>\n</div>\n</div>\n</div>', '<div>\n<div>\n<div dir=""ltr"">\n<div>\n<div>Kurabiyeler şerbeti çektikten sonra üstlerini Hindistan cevizi ile süsleyin ve servis edin. Afiyet olsun.</div>\n</div>\n</div>\n</div>\n</div>']",TATLI KURABİYE,239b56,/tarif/tatli-kurabiyeler/,"['Kurabiye', 'Tatlı Kurabiye']",,['Çay Saati'],['Fırın'],['Ekonomik'],False,1500,900,2022-03-16T06:08:50Z,4.0,1542043,9538,False,False,True,0,,0,,,,2016/01/islak-kurabiye-tarifi-son.jpg,0,0,https://cdn.yemek.com/mnresize/940/940/uploads/2016/01/islak-kurabiye-tarifi-son.jpg,940,940,False,https://cdn.yemek.com/mncrop/300/200/uploads/2016/01/islak-kurabiye-tarifi-son.jpg,300,200,True,https://cdn.yemek.com/mncrop/940/625/uploads/2016/01/islak-kurabiye-tarifi-son.jpg,940,625,True,https://cdn.yemek.com/mncrop/620/388/uploads/2016/01/islak-kurabiye-tarifi-son.jpg,620,388,True,https://cdn.yemek.com/mncrop/600/315/uploads/2016/01/islak-kurabiye-tarifi-son.jpg,600,315,True,,,,,,
94,134,Yasemin Özaltın,https://cdn.yemek.com/author/35533/20181219061403_avatar.jpg,/profil/yasemingursurer/,Tüm Püf Noktalarıyla: Mercimek Köftesi,Mercimek Köftesi,/tarif/mercimek-koftesi/,20 dk,30 dk,"<p>Altın günlerinin vazgeçilmez lezzeti, bekarların ve öğrenci evlerinin gözdesi mercimekli köfte pratik olmasının yanı sıra besleyici ve lezzetli bir <a href=""https://yemek.com/tarif/"" target=""_blank"" rel=""noopener"">tarif</a>. <strong>Tam ölçülü, tam kıvamında mercimek köftesi</strong> nasıl yapılır diye merak edenlerden en güzel mercimek köftesi tarifini henüz bulamamış olanlara tüm püf noktalarıyla pratik tariflerin gözdesi mercimek köftesi karşınızda!</p>
<p>Mercimek köftesi sunumunu, mercimek köftesinin yanına ne gider ya da <strong>mercimek köftesi cıvık olursa</strong> ne yapılmalı sorularının cevabını artık başka yerde aramanız gerek yok. Çünkü en güzelini annenin yaptığı mercimek köftesi için mutfağa girerek biraz da biz hünerlerimizi göstereceğiz bugün. Güzel annelerimize selamlar yollayacağız bu tarifle.</p>
<p>Mercimek köftesi videomuzu aşağıya bırakıyoruz, afiyetler olsun şimdiden! <img class=""wp-smiley img-responsive"" src=""https://cdn.yemek.com/assets/images/smiley/smile.png""></p>
<p>Mercimek köftesini sevenler bunları da sevdi: <a href=""https://yemek.com/tarif/kisir"" target=""_blank"" rel=""noopener"">Kısır Tarifi</a></p>
<p>Klasik mercimekli köfte tariflerinden sıkılanlar, çıtır çıtır dokusuyla <a href=""https://yemek.com/tarif/firinda-mercimek-kofte/"" target=""_blank"" rel=""noopener"">fırında mercimekli köfte</a> tarifiyle misafirlerinizi şaşırtıyor.</p>",recipe,"['kırmızı mercimek', 'kuru soğan', 'biber salçası', 'sıcak su', 'tuz', 'pul biber', 'maydanoz', 'zeytinyağı', 'karabiber', 'domates salçası', 'ince bulgur', 'taze soğan', 'kimyon']","['<p>Mercimek köftesi için bol suda yıkadığınız kırmızı mercimeği sıcak suda kaynatın.</p>', '<p>Suyunu çekmeye yakın ince bulguru ekleyin, mercimeği ocaktan alın.</p>', '<p>Üzerine ince bulguru ekleyin.</p>', '<p>Kapağını kapattığınız tencerede ince bulguru şişmesi için mercimekle birlikte 15 dakika kadar bekletin.</p>', '<p>Zeytinyağını bir tavada kızdırın.</p>', '<p>Kuru soğanları küçük küpler halinde doğrayın ve tavaya aktarın.</p>', '<p>Doğradığınız soğanları 5 dakika kadar kavurun.</p>', '<p>Sırasıyla; biber salçası, domates salçası, tuz, pul biber ve kimyonu ekleyin.</p>', '<p>Soğanlı karışımı 3-4 dakika kadar kavurun.</p>', '<p>Şişen bulgurlu ve mercimekli harca salçalı, soğanlı harcı ekleyin.</p>', '<p>Taze soğanları ve maydanozu ince ince kıyın.\xa0 Doğranmış yeşillikleri ilave edin.</p>', '<p>Malzemeleri yoğurmaya başlayın.</p>', '<p>Tüm malzemeyi özleşene kadar yoğurun.</p>', '<p>Hazırladığınız harçtan ceviz büyüklüğünde parçalar alın ve avuç içinizde sıkarak şekil verin.</p>', '<p>Servis tabağına aldığınız mercimek köftelerini arzu ettiğiniz yeşilliklerle servis edin. Sevdiklerinizle paylaşın.</p>']",MEZE,239b56,/tarif/mezeler/,"['Özel Beslenme', 'Vejetaryen', 'Atıştırmalık', 'Meze', 'Vegan', 'Video', 'Tuzlu Atıştırmalık', 'Bakliyat']",,"['Öğle Yemeği', 'Çay Saati']","['Tencere', 'Tava']","['Vejetaryen', 'Bol Proteinli']",False,1200,1800,2022-03-10T11:30:12Z,4.0,1537793,11735,False,True,True,0,,0,,,,2014/06/mercimek-koftesi-yeni-ytk.jpg,0,0,https://cdn.yemek.com/mnresize/940/940/uploads/2014/06/mercimek-koftesi-yeni-ytk.jpg,940,940,False,https://cdn.yemek.com/mncrop/300/200/uploads/2014/06/mercimek-koftesi-yeni-ytk.jpg,300,200,True,https://cdn.yemek.com/mncrop/940/625/uploads/2014/06/mercimek-koftesi-yeni-ytk.jpg,940,625,True,https://cdn.yemek.com/mncrop/620/388/uploads/2014/06/mercimek-koftesi-yeni-ytk.jpg,620,388,True,https://cdn.yemek.com/mncrop/600/315/uploads/2014/06/mercimek-koftesi-yeni-ytk.jpg,600,315,True,,,,,,
95,13732,ipeksare,https://cdn.yemek.com/author/262494/20200820091315_avatar.jpg,/profil/ipeksare/,Bol Malzemeli: Ev Usulü Pizza,Ev Usulü Pizza,/tarif/ev-usulu-pizza/,30 dk,30 dk,"<p>Hafif kabarmış bir hamuru ve bol bol malzemesiyle <a href=""https://yemek.com/tarif/pizza/"" target=""_blank"">pizzaların</a> en güzellerinden biridir ev usulü pizza.</p>
<p>Dışarıda bayılarak yediğimiz pizzaları aslında evinizde de çok kolay bir şekilde yapabilirsiniz. Eğer siz de ""<strong>Evde pizza nasıl yapılır?</strong>"" diyorsanız fırında pişen, bu kolay ve pratik karışık pizza tarifini çok sevecek, her fırsatta yapmak isteyeceksiniz.</p>
<p>Lezzetine doyum olmaz bu pizza tarifinin sırrı hamurunda saklı. Bu şekilde ağzınıza attığınızda yumuşacık dokusuyla sizi çok mutlu edecek, bol bol malzemesiyle de damaklarınızı şenlendirecek bir tarife dönüşüyor. ""<strong>Pizza hamuru nasıl yapılır?</strong>"" diye soranlara da adım adım resimli anlatımıyla tam kıvamında bir <a href=""https://yemek.com/tarif/pizza-hamuru/"" target=""_blank"">pizza hamuru</a> tarifi hazırladık, püf noktalarını da <a href=""https://yemek.com/pizza-hamuru-yapmanin-puf-noktalari/"" target=""_blank"">şurada</a> anlattık. Mutlaka göz atın deriz.</p>
<p>Ev yapımı pizza tarifinin adım adım resimli tarifi karşınızda!</p>
",recipe,"['tuz', 'toz şeker', 'un', 'sarımsak', 'zeytinyağı', 'zeytinyağı', 'fesleğen', 'rendelenmiş kaşar peyniri', 'kekik', 'ılık su', 'konserve mısır', 'kuru maya', 'sucuk', 'domates sos', 'biber', 'zeytin', 'rendelenmiş mozarella peyniri']","['Bir kabın içerisine kuru mayayı dökün ve üzerine ılık su ve şekeri ekleyerek güzelce karıştırın.', 'Daha sonra mayalı karışıma zeytinyağını ve tuzu ekleyip tahta kaşıkla karıştırın.', 'Unu azar azar ekleyin.', 'Hamur kıvama gelince elinizle yoğurmaya başlayın ve ele yapışmayan, yumuşak bir hamur haline gelene kadar yoğurmaya devam edin.', 'Hamur istediğiniz yumuşaklığa ulaşınca, kabın üzerini bir streç film ile kaplayıp en az 30 dakika hamurunuzu dinlendirin.', 'Dinlenen hamurunuzu un serptiğiniz tezgaha alıp, katlayarak havasını çıkarın.\xa0Hamuru toparlayıp, 2 ya da 3 parçaya ayırın. İnce hamurlu ve orta boy pizza yapmak istiyorsanız hamurunuzu 3’e bölün. Daha büyük ve kalın hamurlu 2 pizza yapmak istiyorsanız, ikiye bölebilirsiniz.', 'Kestiğiniz parçayı beze haline getirip un serptiğiniz tezgahın üzerinde merdane yardımıyla açın.', 'Dilediğiniz inceliğe ulaştığınızda pişirme kağıdı serdiğiniz tepsinin üzerine alın. Bir çatal yardımıyla pizza hamurunun üzerinde delikler açın ve önceden ısıtılmış 200 derece fırında 10 dakika pişirin.', 'Pizza sosunu, domates sosuna, fesleğen, kekik, sarımsak ve zeytinyağı ekleyerek hazırlayabilirsiniz.', '10 dakika sonra hafif pişen hamuru fırından çıkarıp, hazırladığınız domates sosundan üzerine sürün.', 'Pizza sosunun üzerine bolca rendelenmiş kaşar ya da mozarella peyniri yerleştirdikten sonra üzerine dileğiniz malzemeleri ekleyin. Malzemeleri yerleştirdikten sonra en üste tekrar rendelenmiş kaşar ekleyin.', 'Tekrar fırına koyun ve 20 dakika daha pişirin. Peynirler güzelce eriyip tüm malzemeler piştiğinde pizzanızı fırından çıkarabilirsiniz.', 'Pizza kesiciyle dilimleyip tüketebilirsiniz.', 'Afiyet olsun!']",PİZZA,239b56,/tarif/pizza/,"['Hamur İşi', 'Pizza']","['akşam yemeği', 'kahvaltı', 'öğle yemeği']","['Öğle Yemeği', 'Akşam Yemeği']",['Fırın'],,False,1800,1800,2022-03-11T10:00:52Z,4.0,1518606,6252,False,True,True,0,,0,,,,2022/03/ev-usulu-pizza-yemekcom.jpg,0,0,https://cdn.yemek.com/mnresize/940/940/uploads/2022/03/ev-usulu-pizza-yemekcom.jpg,940,940,False,https://cdn.yemek.com/mncrop/300/200/uploads/2022/03/ev-usulu-pizza-yemekcom.jpg,300,200,True,https://cdn.yemek.com/mncrop/940/625/uploads/2022/03/ev-usulu-pizza-yemekcom.jpg,940,625,True,https://cdn.yemek.com/mncrop/620/388/uploads/2022/03/ev-usulu-pizza-yemekcom.jpg,620,388,True,https://cdn.yemek.com/mncrop/600/315/uploads/2022/03/ev-usulu-pizza-yemekcom.jpg,600,315,True,['fırın'],,,,,
96,188,Yasemin Özaltın,https://cdn.yemek.com/author/35533/20181219061403_avatar.jpg,/profil/yasemingursurer/,"Kabardıkça Kabarır, Şerbetini Tam Çeker: Revani",Revani,/tarif/revani/,30 dk,35 dk,"<p>Bugün akşam yemeğine en lezzetli <a href=""https://yemek.com/ramazan-tatlilari/"" target=""_blank"">ramazan tatlılarından</a> biri olan revaniyi koyacağız. Revani tarifini uygularken bir yandan saray mutfağının bize Osmanlı'dan kalan en yadigar şeylerden biri olduğunu hatırlayacağız. Yaptığımız <a href=""https://yemek.com/tarif/"" target=""_blank"">yemek tariflerine</a> tatlı olarak onu çok yakıştıracağız. <a href=""https://yemek.com/tarif/tatli/"" target=""_blank"">Tatlı tariflerinin</a> arasında en çok sevdiklerimiz arasına ekleyeceğiz.</p>
<p>Klasik revaniyi evde pratik bir şekilde yapabilmek mümkün aslında. <strong>""Revani tatlısı nasıl yapılır""</strong> sorusunun hemen aşağıda adım adım resimli cevabını bulabileceğiniz nefis irmikli ve tam ölçülü evde kolay <a href=""https://yemek.com/tarif/muhallebili-revani/"" target=""_blank"">revani</a> yapımı tarifimizin bir püf noktası var bilinmesi gereken: Tahmin edeceğiniz gibi <a href=""https://yemek.com/tarif/serbetli-tatlilar/"" target=""_blank"">şerbetli tatlılardan</a> revaninin kıvamı önemli, onu da bir kaşık yardımıyla alacağınız şerbeti parmağınıza damlatıp, damlanın yayılıp yayılmadığını görerek anlayabilirsiniz. Eğer şerbet damlası yayılmıyorsa kıvamı tutmuş, revani yapımı için hazır hale gelmiş demektir. Böylelikle <strong>""Revani şerbeti nasıl dökülür, revani şerbeti nasıl olmalı?""</strong> sorusunun cevabını merak edenleri de rahatlatmış olduk.</p>
<p>Şerbetin yoğunluğu ile kekinin kabarıklığı için düşündüğümüz revani yapımı püf noktalarını tarif kısmında bulabilirsiniz. <a href=""https://yemek.com/revani-tarifleri/"" target=""_blank"">Farklı revani tarifleri</a> ve çok sevilen <a href=""https://yemek.com/tarif/hashasli-revani/"" target=""_blank"">haşhaşlı revani</a> tarifimizi de şöyle bırakalım.</p>
<p>O halde lafı daha fazla uzatmayalım, sizi en güzel revani tarifiyle baş başa bırakalım.</p>
",recipe,"['limon suyu', 'yumurta', 'toz şeker', 'toz şeker', 'ayçiçek yağı', 'un', 'kabartma tozu', 'su', 'yoğurt', 'irmik', 'rendelenmiş Hindistan cevizi', 'vanilin']","['Tatlının şerbetini hazırlamak için;\xa03 su bardağı su ve 2,5 su bardağı toz şekeri\xa0bir tencereye aktarın.', 'Kısık ateşte yaklaşık 30 dakika kadar kaynattıktan sonra limon suyunu ekleyin ve ılınması için ocaktan alın.', '3 yumurta bir kabın içerisine aktarın.', 'Üzerine 1 çay bardağı toz şekeri bir mikser yardımıyla toz şeker tamamen eriyene kadar karıştırın.', '1 çay bardağı ayçiçek yağı, 1 su bardağı yoğurt ve 1 su bardağı irmiği de ekledikten sonra tekrar karıştırın.', 'Son olarak 1,5 su bardağı\xa0un, 1 paket kabartma tozu ve 1 paket vanilini de karışıma ekledikten sonra çırpma işlemini sürdürün.', 'Yağlanmış fırına dayanıklı kalıbın içerisine hazırladığınız revani karışımını dökün.', 'Önceden ısıtılmış 180 derece fırında\xa025-30 dakika kadar pişirin.\xa0Fırından çıkardığınız revaninin ilk sıcaklığı geçtikten sonra oda sıcaklığında soğumuş şerbeti üzerine dökün ve şerbeti çekene kadar yaklaşık 1-2 saat bekleyin.', 'Ardından bıçak yardımıyla revaniyi dilimleyin.', 'Dilimlediğiniz ılık tatlıya rendelenmiş Hindistan cevizi serpiştirip servis edin. Afiyet olsun!']",ŞERBETLİ TATLI,239b56,/tarif/serbetli-tatlilar/,"['Tatlı', 'Şerbetli Tatlı', 'Ramazan', 'Video']","['ekonomik', 'çay saati']",['Çay Saati'],"['Fırın', 'Tencere']",,False,1800,2100,2022-04-20T11:00:29Z,4.0,2029239,5485,False,True,True,0,,0,,,,2014/06/revani-yemekcom.jpg,0,0,https://cdn.yemek.com/mnresize/940/940/uploads/2014/06/revani-yemekcom.jpg,940,940,False,https://cdn.yemek.com/mncrop/300/200/uploads/2014/06/revani-yemekcom.jpg,300,200,True,https://cdn.yemek.com/mncrop/940/625/uploads/2014/06/revani-yemekcom.jpg,940,625,True,https://cdn.yemek.com/mncrop/620/388/uploads/2014/06/revani-yemekcom.jpg,620,388,True,https://cdn.yemek.com/mncrop/600/315/uploads/2014/06/revani-yemekcom.jpg,600,315,True,,,,,,
97,2744,Cemre Özgüzel,https://cdn.yemek.com/author/109/20200211010242_avatar.jpg,/profil/cemre-ozguzel/,Az Malzemeyle Mükemmel Kıvam: Muhallebi,Muhallebi,/tarif/muhallebi/,15 dk,5 dk,"<p>Çocukluğumuzdan beri damağımızın alışık olduğu bir <a href=""https://yemek.com/tarif/tatli/"" target=""_blank"">tatlı tarifi</a> muhallebi. <strong>Pirinç unuyla hazırlanan muhallebi tarifler</strong>i olsa da kıvamı nişastayla bağlandığında bir o kadar güzel olur tadı. Öylesine yalın ve naif bir tattır ki kuru yemişler, çikolata ve çeşitli meyve sosları eşliğinde farklı tariflere bürünür.</p>
<p>Yaz sıcağına yakışır muhallebi tatlısı, keyfi kaşıklanır. Üzerine toz tarçınla yapabileceğiniz süslemelerle de saygı uyandırır. Başarıyla uygulanmış bir sütlü muhallebi tarifini tamamlayıcı nitelikte olan bu süslemeler ise tamamen sizin yaratıcılığınıza kalmış. <a href=""https://yemek.com/tarif/sutlu-tatlilar/"" target=""_blank"">Sütlü tatlıların </a>en kolay ve ekonomiği olan <strong>muhallebi tarifi</strong>mizle keyif dolu dakikalar yaşayabilirsiniz.</p>
<p>Biz sade muhallebi hazırladık ama diğer muhallebi çeşitleri için sizi şu tariflerimize de bekleriz: <a href=""https://yemek.com/muhallebi-tarifleri/"" target=""_blank"">Sıcak Yaz Günlerinde Midenizi Yormayarak Sizi Mutlu Edecek 17 Muhallebi Tarifi</a></p>
<p>En güzel muhallebinin sizin elinizden çıkmasını sağlayacak olan bu tarifi ister bardakta, ister kupta, ister fincanda servis edebilirsiniz. Hazırsanız pratik ve <a href=""https://yemek.com/tarif/kolay-muhallebi/"" target=""_blank"">kolay muhallebi</a> tarifimizle başbaşa bırakalım sizi.</p>
",recipe,"['tereyağı', 'toz şeker', 'süt', 'un', 'toz Antep fıstığı', 'buğday nişastası', 'muz', 'vanilin']","['5\xa0su bardağı soğuk sütü geniş bir tencereye aktarın.\xa0Yarım çay bardağı un, 3 yemek kaşığı buğday nişastası ve 1 su bardağı toz şekeri ilave ettikten sonra ocağın altını açın.', 'Ara ara karıştırarak koyu bir kıvam alana kadar pişirin.', 'Kıvam alan muhallebinin altını kapatın.', 'Henüz sıcakken içerisine\xa01 tatlı kaşığı tereyağı ve 1 paket vanilin ilave ederek çırpın.', 'Ardından servis kaselerine paylaştırın ve soğutun.', 'Antep fıstığıyla süsleyip tatlandırdığınız muhallebileri soğuk olarak sevdiklerinizle paylaşın.']",SÜTLÜ TATLI,239b56,/tarif/sutlu-tatlilar/,"['Tatlı', 'Ramazan', 'Sütlü Tatlı', 'Video']","['pratik yemek tarifleri', 'çay saati']",['Çay Saati'],['Tencere'],['Ekonomik'],False,900,300,2019-04-04T08:57:18Z,4.0,1868226,4584,False,True,True,0,,0,,,,2015/06/muhallebi-yemekcom.jpg,0,0,https://cdn.yemek.com/mnresize/940/940/uploads/2015/06/muhallebi-yemekcom.jpg,940,940,False,https://cdn.yemek.com/mncrop/300/200/uploads/2015/06/muhallebi-yemekcom.jpg,300,200,True,https://cdn.yemek.com/mncrop/940/625/uploads/2015/06/muhallebi-yemekcom.jpg,940,625,True,https://cdn.yemek.com/mncrop/620/388/uploads/2015/06/muhallebi-yemekcom.jpg,620,388,True,https://cdn.yemek.com/mncrop/600/315/uploads/2015/06/muhallebi-yemekcom.jpg,600,315,True,,,,,,
98,4172,ipeksare,https://cdn.yemek.com/author/262494/20200820091315_avatar.jpg,/profil/ipeksare/,Tane Tane Dökülür: Pirinç Pilavı,Pirinç Pilavı,/tarif/pirinc-pilavi/,20 dk,15 dk,"<p>Türlü türlü <a href=""https://yemek.com/tarif/"" target=""_blank"">yemek tariflerini</a> tamamlayan, <a href=""https://yemek.com/tarif/kuru-fasulye/"" target=""_blank"">kuru fasulye</a>-turşu ikilisine komşu olan, bir dönem yoğurtla takılan, <a href=""https://yemek.com/tarif/anne-koftesi/"" target=""_blank"">köfte patates</a> sevdalısı pilav... Kaşıktan tel tel dökülen pilav... Aromatik sebze ve kuru baharatlarla ev yapımı tavuk suyunuzu kendiniz hazırlayın bir güzel, ortalama pirinç çeşitlerine göre bir ölçü pirince bir buçuk ölçü su kullanacağınızı düşünün.</p>
<p>Yanma derecesini yükseltmek için tereyağını az miktarda ayçiçek yağıyla kavurun. Az miktarda arpa ya da tel şehriyeyi kavurup berrak su çıkana kadar duruladığınız pirinçleri pilav tenceresine alın. Şeffaf bir renk alana kavurup sıcak tavuk suyunu ekleyin. Tuzla tatlandırın, taze sıkılmış limon suyu, kesme şeker gibi unsurları küçük püf noktaları olarak değerlendirin pilav tarifinde. ""Pilavın tane tane olması için ne yapılır?"" diye soruyorsanız da size nefis önerilerimiz var: <a href=""https://yemek.com/pilav-nasil-yapilir/"" target=""_blank"">Tane Tane Dökülen Ev Yapımı Pilavlar İçin Demini Almış 5 Öneri</a></p>
<p>Pilavı yiyip de hemen kaçmayın, yorum bırakmayı unutmayın, yaptığınız bir değişiklik varsa bizlerle de paylaşın. Şimdiden ellerinize sağlık diyor tane tane dökülen pirinç pilavı tarifimize buyurun.</p>
<p>Farklı pilav tarifleri içinse sizi <a href=""https://yemek.com/tarif/pilav/"" target=""_blank"">şöyle</a> alalım. <img src=""https://cdn.yemek.com/assets/images/smiley/smile.png"" class=""wp-smiley img-responsive"" /></p>
",recipe,"['pirinç', 'tereyağı', 'sıcak su', 'tuz', 'karabiber']","['Uygun bir pilav tenceresinin içerisine tereyağı ekleyin.', 'Tereyağı eridikten sonra pirinçleri ekleyip kavurmaya başlayın. Pirinçler tane tane dökülmeye başlayana kadar yaklaşık 5 dakika kavurun.', 'Sıcak suyu ekleyin, tuzu ve karabiberi de ilave edin.', 'Bir kez karıştırın, kapağını kapatın ve kısık ateşte pişirin.', 'Suyunu çeken pilavın üzerine bir bez koyun ve demlenmesi için dinlendirin.', 'Biraz et ya da tavuk ile servis edebilirsiniz. Afiyet olsun!']",PİLAV,239b56,/tarif/pilav/,"['Pilav', 'Video']","['ekonomik', 'akşam yemeği', 'öğle yemeği']","['Öğle Yemeği', 'Akşam Yemeği']",['Tencere'],['Ekonomik'],False,1200,900,2020-09-02T06:35:37Z,4.0,1783014,2538,False,True,True,0,,0,,,,2020/09/pirinc-pilavi-yemekcom.jpg,0,0,https://cdn.yemek.com/mnresize/940/940/uploads/2020/09/pirinc-pilavi-yemekcom.jpg,940,940,False,https://cdn.yemek.com/mncrop/300/200/uploads/2020/09/pirinc-pilavi-yemekcom.jpg,300,200,True,https://cdn.yemek.com/mncrop/940/625/uploads/2020/09/pirinc-pilavi-yemekcom.jpg,940,625,True,https://cdn.yemek.com/mncrop/620/388/uploads/2020/09/pirinc-pilavi-yemekcom.jpg,620,388,True,https://cdn.yemek.com/mncrop/600/315/uploads/2020/09/pirinc-pilavi-yemekcom.jpg,600,315,True,['tencere'],,,,,
99,313,Yasemin Özaltın,https://cdn.yemek.com/author/35533/20181219061403_avatar.jpg,/profil/yasemingursurer/,Yağ Çekmeden Pişer: Mücver,Mücver,/tarif/mucver/,15 dk,15 dk,"<p>Türk mutfağının, mutfağımıza ait tüm <a href=""https://yemek.com/tarif/"" target=""_blank"" rel=""noopener"">yemek tariflerinin</a> uzağında ama çok sevilen kuzeni ya da teyzesidir mücver tarifi. Her öğün göremezsin, her akşam yemezsin, yiyemezsin. Ancak her gördüğünde mutlu olursun; daha çok görmek istersin. Özeldir, yeri ayrıdır. Herkes güzelini yapamaz.</p>
<p>Arzu ettiğiniz yeşillik, patates, havuç hatta kereviz gibi <a href=""https://yemek.com/tarif/sebze/"" target=""_blank"" rel=""noopener"">sebze</a>leri de ekleyerek hazırlayabileceğiniz bir <a href=""https://yemek.com/tarif/atistirmaliklar/"" target=""_blank"" rel=""noopener"">atıştırmalık</a>, kolay mücver tarifimiz var. Ne güzel olur <strong>kabak mücveri</strong>, küçük püf noktaları vardır onun. Çok fazla yağ çekmemesi için yağı önceden kızdırmalı, rendelenmiş sebzelerin suyunu sıkmalı, sebzelerin taze olmasına dikkat etmeli örneğin.</p>
<p>Anne eli değmiş mücver, bu tarifte biraz daha renk kazanıyor. Yeşillik ve kabakların yanına havuç da katılıyor. Ana yemeğiniz ne olursa olsun bugün sofranızda <strong>kızarmış çıtır mücverler</strong> de yer alsın bizce.</p>
<p>Daha fazla mücver çeşidi görmek isteyenleri ise şöyle alabiliriz: <a href=""https://yemek.com/mucver-tarifleri/"" target=""_blank"" rel=""noopener"">Mücver Tarifleri</a></p>
<p>Kızartmalardan uzak duruyorsanız sizi fırında kabak mücveri tarifimize şuradan davet edelim: <a href=""https://yemek.com/tarif/firinda-mucver/"" target=""_blank"" rel=""noopener"">Fırında Mücver Tarifi, Nasıl Yapılır?</a></p>
<p>Videolu tarifimize aşağıya bırakıyoruz. Keyfini çıkarmanız dileğiyle!</p>",recipe,"['tuz', 'yumurta', 'un', 'karabiber', 'havuç', 'taze soğan', 'kabak', 'dereotu', 'sıvı yağ']","['<p>Mücver için bol suda yıkadığınız kabakları rendenin\xa0iri kısmıyla rendeleyin.\xa0Mücveri sulandırmaması için; rendelenmiş kabakların suyunu sıkarak çıkartın.</p>', '<p>Geniş bir kapta rendelenen kabakları, havucu, yumurtayı, taze soğanı, dereotunu, tuzu, karabiberi birleştirin.</p>', '<p>Unu da ilave edip tüm malzemeler birbiriyle harmanlayın.</p>', '<p>Tüm malzemeler macun kıvamını alana kadar spatula yardımıyla karıştırın.</p>', '<p>Her bir mücver 1 tepeleme yemek kaşığı olacak şekilde ayarlayıp tavaya dökün.</p>', '<p>Kızgın yağda altın sarısı rengini alana kadar kızartın. Mücverlerin fazla yağını havlu kağıda süzdürdükten sonra servis tabağına alın ve çırpılmış yoğurt ile servis edin. Afiyet olsun!</p>']",SEBZE,239b56,/tarif/sebze/,"['Sebze', 'Özel Beslenme', 'Vejetaryen', 'Video', 'Kızartma', 'Mevsiminde']",,['Çay Saati'],['Kızartma'],"['Ekonomik', 'Vejetaryen']",False,900,900,2021-11-09T03:30:59Z,4.0,1738171,11618,False,True,True,0,,0,,,,2014/07/mucver-ytk-site.jpg,0,0,https://cdn.yemek.com/mnresize/940/940/uploads/2014/07/mucver-ytk-site.jpg,940,940,False,https://cdn.yemek.com/mncrop/300/200/uploads/2014/07/mucver-ytk-site.jpg,300,200,True,https://cdn.yemek.com/mncrop/940/625/uploads/2014/07/mucver-ytk-site.jpg,940,625,True,https://cdn.yemek.com/mncrop/620/388/uploads/2014/07/mucver-ytk-site.jpg,620,388,True,https://cdn.yemek.com/mncrop/600/315/uploads/2014/07/mucver-ytk-site.jpg,600,315,True,,,"['Haziran', 'Temmuz', 'Ağustos']",,,
100,272,Neşe Ümit Tan,https://cdn.yemek.com/author/208653/20190910030615_avatar.jpg,/profil/neseumit/,Tam Kıvamında: Sütlaç,Sütlaç,/tarif/sutlac/,31 dk,5 dk,"<p><a href=""https://yemek.com/tarif/"" target=""_blank"">Yemek tariflerinin</a> en tatlı, en sevilen ismi, <a href=""https://yemek.com/tarif/sutlu-tatlilar/"" target=""_blank"">sütlü tatlılar</a>ın en besleyicisi, pirincin en güzel halidir sütlaç tarifi. Tencerede kıvam aldıktan sonra ısıya dayanıklı toprak kaplara paylaştırılıp fırında kızaran hali <a href=""https://yemek.com/tarif/firin-sutlac/"" target=""_blank"">fırın sütlaç</a> ismini alır. Çocukluk yıllarından aşina olduğumuz besleyici bir tatlıdır. <a href=""https://yemek.com/"" target=""_blank"">Tarifler</a> içinde özellikle sütlü tatlıların ve <a href=""https://yemek.com/tarif/tatli/"" target=""_blank"">tatlı tariflerinin</a> en şahanesidir!</p>
<p>Ev yapımı sütlacı tam kıvamında ve tam ölçülü yapmak için birkaç püf noktasına ihtiyacınız var. Klasik sütlaçtan vazgeçemeyenlerin evde nefis <a href=""https://yemek.com/tarif/firin-sutlac/"" target=""_blank"">fırın sütlaçlar</a> yapmasını sağlayacak olan ve en güzel sütlaç tarifine ulaşmanızı sağlayacak bu tarifi bir köşeye not edin deriz. <a href=""https://yemek.com/tarif/sutlu-tatlilar/"" target=""_blank"">Sütlü tatlıların</a> en güzeli, <a href=""https://yemek.com/ramazan-tatlilari/"" target=""_blank"">ramazan için tatlılardan</a> <strong>en hafif sütlaç tarifi</strong> karşınızda!</p>
",recipe,"['pirinç', 'sıcak su', 'toz şeker', 'süt', 'su', 'buğday nişastası']","['Sadece bir kez sudan geçirerek yıkadığınız\xa0pirinci tencereye alın ve\xa02 su bardağı sıcak suyu ekleyerek kısık ateşte pişirmeye başlayın. Bu sırada ara ara nazikçe karıştırın.', 'Pirinç, suyu çekip lapa hale gelince üzerine sütü ilave edin. Karıştırın ve\xa0süt kaynayana kadar ara ara karıştırmaya devam edin. Kaynadıktan sonra altını kısın, 8-10 dakika daha bu şekilde karıştırarak kısık ateşte pişirin.', 'Ardından şekeri ekleyin, karıştırın. Tekrar kaynamasını bekleyin ve 4-5 dakika daha da kısık ateşte bu şekilde kaynatın.', 'Nişastayı eklemek için bir kabın içerisine alın, 1 çay bardağı suyla karıştırın.', 'Aynı anda hem karıştırıp hem tencereye ekleyin. Azar azar dökerek eklerseniz topaklanma riskini de engellemiş olursunuz.\xa0Karıştırdıktan sonra hafifçe kıvam alana kadar pişirin. Bu sırada tekrar kaynayacak ve minik minik balonların yüzeye ulaştığını göreceksiniz, bunu gördükten sonra kısık ateşe alıp 1-2 dakika daha pişirin ve ardından ocaktan alın.', 'Bu noktada sütlacın kıvamı akışkan bir boza kıvamında olmalıdır.\xa0Sütlaç harcını bir kepçeyle kaselere dağıtın.', 'Oda sıcaklığında soğuduktan\xa0sonra buzdolabında en az 2 saat, tercihen 1 akşam kadar bekletin ve servis etmeden önce buzdolabından çıkarıp 5 dakika bekletin, tarçın serperek servis edin.', 'Afiyet olsun!']",SÜTLÜ TATLI,239b56,/tarif/sutlu-tatlilar/,"['Tatlı', 'Ramazan', 'Sütlü Tatlı', 'Video']",['çay saati'],['Çay Saati'],['Tencere'],,False,1860,300,2022-03-11T07:15:20Z,4.0,1693684,4171,False,True,True,0,,0,,,,2019/05/sutlac-guncelleme-sunum-1.jpg,0,0,https://cdn.yemek.com/mnresize/940/940/uploads/2019/05/sutlac-guncelleme-sunum-1.jpg,940,940,False,https://cdn.yemek.com/mncrop/300/200/uploads/2019/05/sutlac-guncelleme-sunum-1.jpg,300,200,True,https://cdn.yemek.com/mncrop/940/625/uploads/2019/05/sutlac-guncelleme-sunum-1.jpg,940,625,True,https://cdn.yemek.com/mncrop/620/388/uploads/2019/05/sutlac-guncelleme-sunum-1.jpg,620,388,True,https://cdn.yemek.com/mncrop/600/315/uploads/2019/05/sutlac-guncelleme-sunum-1.jpg,600,315,True,,,,,,
101,125,Yasemin Özaltın,https://cdn.yemek.com/author/35533/20181219061403_avatar.jpg,/profil/yasemingursurer/,Basit Malzemelerle: Kolay Tiramisu,Kolay Tiramisu,/tarif/kolay-tiramisu/,15 dk,15 dk,"<p>""Tiramisu hangi ülkeye ait?"" diyenlere hemen cevap vererek başlayalım. İtalyan asıllı bir <a href=""https://yemek.com/tarif/tatli/"" target=""_blank"">tatlı</a> olan <a href=""https://yemek.com/tarif/tiramisu/"" target=""_blank"">tiramisu</a>, ülkemizde son yıllarda popüler olmasıyla tanınır. Mutluluk ve enerji veren bir tatlı olduğu için de İtalyanlar bu tatlıya 'Beni yukarı çek, beni yukarı kaldır' anlamına gelen tiramisu ismini vermiştir. Bu hali de onun oldukça pratikleşmiş hali. Hazır kekle yapılan bu kolay tiramisu tarifi üstelik 30 dakikada hazır.</p>
<p>""Tiramisu nasıl yapılır?"" diyenler için tiramisu <a href=""https://yemek.com/tarif/kek/"" target=""_blank"">kek</a>inin labneli tiramisu kremasıyla nasıl buluştuğunu adım adım resimli bir şekilde anlatıyor, nefis süslemesiyle en güzel ve en pratik ev yapımı tiramisunun yapılışını tüm detaylarıyla anlatıyoruz!</p>
<p>İşte iştah açıcı görüntüsü ve lezzetiyle kolay tiramisu tarifi! En kısa zamanda onu çayınızın, kahvenizin yanına konuk edin deriz. Hem zamandan kazandıran hem de konuklarınıza nefis bir ikramda bulunmak istediğinizde de kurtarıcılarınızdan biri olacak nefis tarifimize davetlisiniz. Mevsimine göre de kolay tiramisularınızın üzerini dilediğiniz meyve ile süsleyebilirsiniz. Şimdiden ellerinize sağlık diyoruz.</p>
<p>Bu arada ""Ben kedi dili ile yapılan orijinal tiramisu <a href=""https://yemek.com/tarif/"" target=""_blank"">tarif</a>ini de merak ediyorum"" derseniz onun tarifini de hemen şöyle bırakıyoruz: <a href=""https://yemek.com/tarif/kedi-dilli-tiramisu/"" target=""_blank"">Kedidilli tiramisu tarifi, nasıl yapılır?</a></p>
",recipe,"['sıcak su', 'toz şeker', 'toz şeker', 'süt', 'un', 'yumurta sarısı', 'kakao', 'hazır kek', 'granül kahve', 'labne peyniri']","['Tiramisunun kremasını hazırlamak için; 2 su bardağı süt, 5 yemek kaşığı toz şeker, 3 yemek kaşığı un ve 1 adet\xa0 yumurta sarısını tencereye alın.', 'Sürekli karıştırarak orta ateşte muhallebi kıvamına gelene kadar pişirin. Piştikten sonra kremayı soğumaya bırakın.', 'Kek tabanını ıslatmak için; bir kasede 1 su bardağı sıcak suya, 1 yemek kaşığı granül kahve ve 1 tatlı kaşığı toz şekerini eriyene kadar karıştırın.', 'Pişirip soğumaya bıraktığınız kremaya 200 gram labne peynirini ekleyin ve bir mikser yardımıyla pürüzsüz bir kıvam alana kadar çırpın.', 'Servis tabağına ya da bir borcama pasta tabanının bir katını yerleştirin.', 'Kahveli karışımın yarısıyla keki ıslatın.', 'Üzerine hazırladığınız kremanın yarısını yayın.', 'Pastanın diğer katını da üzerine koyun ve\xa0 kahveli karışımla ıslatın. Kalan krema ile pastanın üzerini tamamen kaplayın.', 'Son olarak üzerine kakao serpiştirin.', 'Çilek dilimleriyle süsleyip buzdolabında 1- 2 saat beklettikten sonra dilimleyerek servis edin.\xa0Afiyet olsun!']",TATLI,239b56,/tarif/tatli/,"['Tatlı', 'Video', 'Dünya Mutfakları']","['ekonomik', 'ara öğün', 'çay saati']",['Çay Saati'],['Tencere'],['Vejetaryen'],False,900,900,2022-03-31T14:48:27Z,4.0,1687627,4451,False,True,True,0,,0,,,,2014/06/kolay-tiramisu-yemekcom.jpg,0,0,https://cdn.yemek.com/mnresize/940/940/uploads/2014/06/kolay-tiramisu-yemekcom.jpg,940,940,False,https://cdn.yemek.com/mncrop/300/200/uploads/2014/06/kolay-tiramisu-yemekcom.jpg,300,200,True,https://cdn.yemek.com/mncrop/940/625/uploads/2014/06/kolay-tiramisu-yemekcom.jpg,940,625,True,https://cdn.yemek.com/mncrop/620/388/uploads/2014/06/kolay-tiramisu-yemekcom.jpg,620,388,True,https://cdn.yemek.com/mncrop/600/315/uploads/2014/06/kolay-tiramisu-yemekcom.jpg,600,315,True,,,,['İtalya'],,
102,127,Gökçen Mutaf,https://cdn.yemek.com/author/23120/20181227103819_avatar.jpeg,/profil/gokcenmutaf/,Ağızda Dağılan Mükemmel Kıvamıyla: Elmalı Kurabiye,Elmalı Kurabiye,/tarif/elmali-kurabiye/,25 dk,20 dk,"<p><a href=""https://yemek.com/kurabiye-tarifleri-puf-noktalari/"" target=""_blank"">Kurabiye tariflerinin</a> en güzellerinden biri olan en güzel elmalı kurabiye karşınızda! Ağızda dağılan kıvamıyla, <a href=""https://yemek.com/pratik-kurabiye-tarifleri/"" target=""_blank"">pratik kurabiyelerden</a> oluşuyla kalplerinizi çalmaya gelecek bu kıyır kıyır <a href=""https://yemek.com/elmali-kurabiye-tarifleri/"" target=""_blank"">elmalı kurabiye tarifi</a> şekilleriyle, malzemeleriyle, hamuruyla tam ölçülü <a href=""https://yemek.com/tarif/kolay-elmali-kurabiye/"" target=""_blank"">elmalı kurabiye</a> yapmak isteyenlerin yardımına koşacak.</p>
<p><strong>Elmalı kurabiyenin gevrek olmas</strong>ı için yapılması gerekenlerden, nasıl saklanacağına kadar elmalı kurabiye yapmanın tüm püf noktalarını da bulabileceğiniz bu en güzel denenmiş elmalı kurabiye <a href=""https://yemek.com/tarif/"" target=""_blank"">tarifi</a> için çay suyunun altını koyalım hafiften. Elmalı <a href=""https://yemek.com/tarif/kurabiye/"" target=""_blank"">kurabiyeler</a> bizi bekler. Ağızda dağılan, tarçınlı <strong>elmalı kurabiye tarifi</strong>miz için mutfağa davetlisiniz. Afiyetler olsun şimdiden.</p>
",recipe,"['limon suyu', 'toz şeker', 'toz şeker', 'un', 'yoğurt', 'tarçın', 'karbonat', 'tereyağı (oda ısısında bekletilmiş)', 'dövülmüş ceviz içi', 'sıvı yağ', 'kırmızı elma']","['Elmalı kurabiye tarifini hazırlamak için\xa0 rendelenmiş elmaları tavaya alın. Üzerine toz şekeri ilave edin. Karamelize olana dek pişirin.', 'Piştikten sonra üzerine yarım su bardağı kadar dövülmüş ceviz ve tarçın ekleyin, karıştırın.', 'Hamurunu hazırlamak için derin bir kaseye oda sıcaklığında yumuşamış tereyağı, sıvı yağ, yoğurt, toz şeker, limon suyu ve karbonatı ekleyin. Güzelce yoğurun ve ardından unu da azar azar ekleyerek, ele yapışmayan fakat yumuşak olan bir hamur elde edin.', 'Hamuru tezgahın üzerinde toparlayın.', 'Tezgaha hafifçe un serperek açın. Yuvarlak şekiller çıkarıp elmalı harcı ortasına koyun ve iki yandan katlayın.', 'Pişirme kağıdı serdiğiniz fırın tepsisine kurabiyeleri dizin ve önceden ısıtılmış 180 derece fırında üzeri kızarana kadar, yaklaşık 20-25 dakika pişirin.', 'Oda sıcaklığına geldikten sonra üzerine pudra şekeri serpiştirin. Kurabiyeleriniz artık servise hazır! Afiyet olsun..', 'Afiyet olsun..']",TATLI KURABİYE,239b56,/tarif/tatli-kurabiyeler/,"['Kurabiye', 'Video', 'Tatlı Kurabiye']",['çay saati'],['Çay Saati'],['Fırın'],,False,1500,1200,2022-03-11T07:30:23Z,4.0,1597377,7917,False,True,True,0,,0,,,,2022/03/elmali-kurabiye-tarifi-yemekcom.jpg,0,0,https://cdn.yemek.com/mnresize/940/940/uploads/2022/03/elmali-kurabiye-tarifi-yemekcom.jpg,940,940,False,https://cdn.yemek.com/mncrop/300/200/uploads/2022/03/elmali-kurabiye-tarifi-yemekcom.jpg,300,200,True,https://cdn.yemek.com/mncrop/940/625/uploads/2022/03/elmali-kurabiye-tarifi-yemekcom.jpg,940,625,True,https://cdn.yemek.com/mncrop/620/388/uploads/2022/03/elmali-kurabiye-tarifi-yemekcom.jpg,620,388,True,https://cdn.yemek.com/mncrop/600/315/uploads/2022/03/elmali-kurabiye-tarifi-yemekcom.jpg,600,315,True,,,,,,
103,3424,Ege Şahin,https://cdn.yemek.com/author/464113/20220221123420_avatar.jpg,/profil/egesahin/,Kıyır Kıyır: Üç Malzemeli Un Kurabiyesi,Üç Malzemeli Un Kurabiyesi,/tarif/uc-malzemeli-un-kurabiyesi/,15 dk,10 dk,"<p>Eşe dosta <a href=""https://yemek.com/tarif/un-kurabiyesi/"" target=""_blank"">un kurabiyesi</a> tarifi soranlar, telefonda un kurabiyesi nasıl yapılır diye dert yananlar, neredeyse rüyasında un kurabiyesi görenler... Hoş geldiniz, doğru yerdesiniz.</p>
<p>Günün en tatlı saatleri akşam üzeri olmuş, belki de tatlısıyla tuzlusuyla uzun uzadıya keyfi çıkacak bir <a href=""https://yemek.com/tarif/kahvaltiliklar/"" target=""_blank"">kahvaltı</a> sofrası hazırlıyorsunuz. Ya da akşam yemeği sonrası çay keyfinizi taçlandıracak tatlı bir hamur işi aradığınız. Öyleyse sadece 10 dakikada hazırlanan üç malzemeli un kurabiyesi <a href=""https://yemek.com/tarif/"" target=""_blank"">tarif</a>ine alalım sizi. Bu kurabiyeler bir şahane.</p>
<p>Sıvı yağ, pudra şekeri ve un ilavesiyle hazırlanan bu <a href=""https://yemek.com/tarif/tatli-kurabiyeler/"" target=""_blank"">tatlı kurabiye</a>ler, kaşıkla şekil alıp önceden ısıtılmış 175 derece fırında 15 dakika gibi kısa bir sürede pişiyor. Demleyin çayı, kurulun en sevdiğiniz koltuğa. Kurabiyeleriniz olmak üzere, afiyet olsun.</p>
",recipe,"['un', 'pudra şekeri', 'pudra şekeri', 'sıvı yağ']","['Sıvı yağ ve pudra şekerini derin bir kaba alın, karıştırın.', 'Ardından unu aşamalı olarak ekleyin.\xa0Hamuru toparlamak için iyice yoğurun. Hamurdan parçalar koparıp silindir şeklini verin.', 'Verev şekilde kesin.', 'Yağlı kağıt serilmiş fırın tepsisine aralıklı olarak yerleştirin.', 'Üzerlerini çatal ile çizin. Önceden ısıtılmış 175 derece fırında 15 dakika pişirin.', 'Arzuya göre üzerine pudra şekeri serperek servis edin. Afiyet olsun!']",TATLI KURABİYE,239b56,/tarif/tatli-kurabiyeler/,"['Kurabiye', 'Tatlı Kurabiye']",['çay saati'],['Çay Saati'],['Fırın'],['Ekonomik'],False,900,600,2022-12-28T11:10:00Z,4.0,1569331,4413,False,False,True,0,,0,,,,2015/09/uc-malzemeli-un-kurabiyesi-yemekcom.jpg,0,0,https://cdn.yemek.com/mnresize/940/940/uploads/2015/09/uc-malzemeli-un-kurabiyesi-yemekcom.jpg,940,940,False,https://cdn.yemek.com/mncrop/300/200/uploads/2015/09/uc-malzemeli-un-kurabiyesi-yemekcom.jpg,300,200,True,https://cdn.yemek.com/mncrop/940/625/uploads/2015/09/uc-malzemeli-un-kurabiyesi-yemekcom.jpg,940,625,True,https://cdn.yemek.com/mncrop/620/388/uploads/2015/09/uc-malzemeli-un-kurabiyesi-yemekcom.jpg,620,388,True,https://cdn.yemek.com/mncrop/600/315/uploads/2015/09/uc-malzemeli-un-kurabiyesi-yemekcom.jpg,600,315,True,,,,,,
104,4487,Gökçen Mutaf,https://cdn.yemek.com/author/23120/20181227103819_avatar.jpeg,/profil/gokcenmutaf/,Brownie'yi Andıran: Islak Kurabiye,Islak Kurabiye,/tarif/islak-kurabiye/,25 dk,15 dk,"<p>Kakaolu kurabiyenin şerbetle buluşmasından hazırlanan ıslak kurabiye, kakaolu tatlıları sevenlere göre. <strong>Sıcak kurabiyelerin ıslatılması kakao tadını yoğunlaştırıyor </strong>ve <a href=""https://yemek.com/tarif/kurabiye/"" target=""_blank"" rel=""noopener"">kurabiyeye</a> ağızda dağılan bir kıvam veriyor. Islak kurabiye tarifini çay saatleri için keyifle hazırlayabilir, bu esmer kurabiyeleri yanında bir fincan kahve eşliğinde tatlı bir atıştırmalık olarak da tüketebilirsiniz.</p>
<p><a href=""https://yemek.com/tarif/brownie/"" target=""_blank"" rel=""noopener"">Brownie</a>'yi andıran bu lezzetli <a href=""https://yemek.com/tarif/browni-kurabiye/"" target=""_blank"" rel=""noopener"">browni tadında kurabiye</a>leri kısa sürede hazırlayabilir, yorumlarınızı bizlerle paylaşabilirsiniz.</p>",recipe,"['yumurta', 'toz şeker', 'un', 'kabartma tozu', 'su', 'rendelenmiş Hindistan cevizi', 'kakao', 'pudra şekeri', 'tereyağı (oda sıcaklığında bekletilmiş)', 'vanilin', 'sıvı yağ']","['<div>\n<div>\n<div dir=""ltr"">\n<div>\n<div>Islak kurabiye için derince bir karıştırma kabına oda ısısındaki tereyağını, sıvı yağı, yumurtayı, pudra şekerini, kakaoyu, vanilin ve kabartma tozunu alın.</div>\n</div>\n</div>\n</div>\n</div>', '<p>Tüm malzemeleri özleşene\xa0kadar\xa0karıştırın.</p>', '<div>\n<div>\n<div dir=""ltr"">\n<div>\n<div>Ardından unu yavaş yavaş ekleyerek, ele yapışmayan bir hamur elde edin.</div>\n</div>\n</div>\n</div>\n</div>', '<div>\n<div>\n<div dir=""ltr"">\n<div>\n<div>Hazırladığınız hamurdan ceviz büyüklüğünde parçalar koparın.</div>\n</div>\n</div>\n</div>\n</div>', '<p>Avucunuzda yuvarlayın ve parmağınızla ortasına hafifçe bastırdıktan sonra, yağlı kağıt serilmiş bir fırın tepsisine dizin.\xa0Önceden ısıtılmış 180 derece fırında yaklaşık 20 dakika kadar pişirin.</p>', '<div>\n<div>\n<div dir=""ltr"">\n<div>\n<div>Kurabiyeleriniz fırındayken şerbeti için gerekli olan şeker ve suyu homojen karışana kadar kaynattıktan sonra bir kaseye alın ve soğutun.</div>\n</div>\n</div>\n</div>\n</div>', '<div>\n<div>\n<div dir=""ltr"">\n<div>\n<div>Kurabiyeler fırından çıkınca 2 dakika kadar bekletin ve ardından teker teker hazırladığınız şerbete atın, arkalı önlü çevirin ve bir servis tabağına dizin.</div>\n</div>\n</div>\n</div>\n</div>', '<div>\n<div>\n<div dir=""ltr"">\n<div>\n<div>Tüm kurabiyeleri bu şekilde şerbete batırdıktan sonra kalan şerbeti de üstlerine gezdirin ve tüm şerbeti çekene dek bekletin.</div>\n</div>\n</div>\n</div>\n</div>', '<div>\n<div>\n<div dir=""ltr"">\n<div>\n<div>Kurabiyeler şerbeti çektikten sonra üstlerini Hindistan cevizi ile süsleyin ve servis edin. Afiyet olsun.</div>\n</div>\n</div>\n</div>\n</div>']",TATLI KURABİYE,239b56,/tarif/tatli-kurabiyeler/,"['Kurabiye', 'Tatlı Kurabiye']",,['Çay Saati'],['Fırın'],['Ekonomik'],False,1500,900,2022-03-16T06:08:50Z,4.0,1542043,9538,False,False,True,0,,0,,,,2016/01/islak-kurabiye-tarifi-son.jpg,0,0,https://cdn.yemek.com/mnresize/940/940/uploads/2016/01/islak-kurabiye-tarifi-son.jpg,940,940,False,https://cdn.yemek.com/mncrop/300/200/uploads/2016/01/islak-kurabiye-tarifi-son.jpg,300,200,True,https://cdn.yemek.com/mncrop/940/625/uploads/2016/01/islak-kurabiye-tarifi-son.jpg,940,625,True,https://cdn.yemek.com/mncrop/620/388/uploads/2016/01/islak-kurabiye-tarifi-son.jpg,620,388,True,https://cdn.yemek.com/mncrop/600/315/uploads/2016/01/islak-kurabiye-tarifi-son.jpg,600,315,True,,,,,,
105,134,Yasemin Özaltın,https://cdn.yemek.com/author/35533/20181219061403_avatar.jpg,/profil/yasemingursurer/,Tüm Püf Noktalarıyla: Mercimek Köftesi,Mercimek Köftesi,/tarif/mercimek-koftesi/,20 dk,30 dk,"<p>Altın günlerinin vazgeçilmez lezzeti, bekarların ve öğrenci evlerinin gözdesi mercimekli köfte pratik olmasının yanı sıra besleyici ve lezzetli bir <a href=""https://yemek.com/tarif/"" target=""_blank"" rel=""noopener"">tarif</a>. <strong>Tam ölçülü, tam kıvamında mercimek köftesi</strong> nasıl yapılır diye merak edenlerden en güzel mercimek köftesi tarifini henüz bulamamış olanlara tüm püf noktalarıyla pratik tariflerin gözdesi mercimek köftesi karşınızda!</p>
<p>Mercimek köftesi sunumunu, mercimek köftesinin yanına ne gider ya da <strong>mercimek köftesi cıvık olursa</strong> ne yapılmalı sorularının cevabını artık başka yerde aramanız gerek yok. Çünkü en güzelini annenin yaptığı mercimek köftesi için mutfağa girerek biraz da biz hünerlerimizi göstereceğiz bugün. Güzel annelerimize selamlar yollayacağız bu tarifle.</p>
<p>Mercimek köftesi videomuzu aşağıya bırakıyoruz, afiyetler olsun şimdiden! <img class=""wp-smiley img-responsive"" src=""https://cdn.yemek.com/assets/images/smiley/smile.png""></p>
<p>Mercimek köftesini sevenler bunları da sevdi: <a href=""https://yemek.com/tarif/kisir"" target=""_blank"" rel=""noopener"">Kısır Tarifi</a></p>
<p>Klasik mercimekli köfte tariflerinden sıkılanlar, çıtır çıtır dokusuyla <a href=""https://yemek.com/tarif/firinda-mercimek-kofte/"" target=""_blank"" rel=""noopener"">fırında mercimekli köfte</a> tarifiyle misafirlerinizi şaşırtıyor.</p>",recipe,"['kırmızı mercimek', 'kuru soğan', 'biber salçası', 'sıcak su', 'tuz', 'pul biber', 'maydanoz', 'zeytinyağı', 'karabiber', 'domates salçası', 'ince bulgur', 'taze soğan', 'kimyon']","['<p>Mercimek köftesi için bol suda yıkadığınız kırmızı mercimeği sıcak suda kaynatın.</p>', '<p>Suyunu çekmeye yakın ince bulguru ekleyin, mercimeği ocaktan alın.</p>', '<p>Üzerine ince bulguru ekleyin.</p>', '<p>Kapağını kapattığınız tencerede ince bulguru şişmesi için mercimekle birlikte 15 dakika kadar bekletin.</p>', '<p>Zeytinyağını bir tavada kızdırın.</p>', '<p>Kuru soğanları küçük küpler halinde doğrayın ve tavaya aktarın.</p>', '<p>Doğradığınız soğanları 5 dakika kadar kavurun.</p>', '<p>Sırasıyla; biber salçası, domates salçası, tuz, pul biber ve kimyonu ekleyin.</p>', '<p>Soğanlı karışımı 3-4 dakika kadar kavurun.</p>', '<p>Şişen bulgurlu ve mercimekli harca salçalı, soğanlı harcı ekleyin.</p>', '<p>Taze soğanları ve maydanozu ince ince kıyın.\xa0 Doğranmış yeşillikleri ilave edin.</p>', '<p>Malzemeleri yoğurmaya başlayın.</p>', '<p>Tüm malzemeyi özleşene kadar yoğurun.</p>', '<p>Hazırladığınız harçtan ceviz büyüklüğünde parçalar alın ve avuç içinizde sıkarak şekil verin.</p>', '<p>Servis tabağına aldığınız mercimek köftelerini arzu ettiğiniz yeşilliklerle servis edin. Sevdiklerinizle paylaşın.</p>']",MEZE,239b56,/tarif/mezeler/,"['Özel Beslenme', 'Vejetaryen', 'Atıştırmalık', 'Meze', 'Vegan', 'Video', 'Tuzlu Atıştırmalık', 'Bakliyat']",,"['Öğle Yemeği', 'Çay Saati']","['Tencere', 'Tava']","['Vejetaryen', 'Bol Proteinli']",False,1200,1800,2022-03-10T11:30:12Z,4.0,1537793,11735,False,True,True,0,,0,,,,2014/06/mercimek-koftesi-yeni-ytk.jpg,0,0,https://cdn.yemek.com/mnresize/940/940/uploads/2014/06/mercimek-koftesi-yeni-ytk.jpg,940,940,False,https://cdn.yemek.com/mncrop/300/200/uploads/2014/06/mercimek-koftesi-yeni-ytk.jpg,300,200,True,https://cdn.yemek.com/mncrop/940/625/uploads/2014/06/mercimek-koftesi-yeni-ytk.jpg,940,625,True,https://cdn.yemek.com/mncrop/620/388/uploads/2014/06/mercimek-koftesi-yeni-ytk.jpg,620,388,True,https://cdn.yemek.com/mncrop/600/315/uploads/2014/06/mercimek-koftesi-yeni-ytk.jpg,600,315,True,,,,,,
106,13732,ipeksare,https://cdn.yemek.com/author/262494/20200820091315_avatar.jpg,/profil/ipeksare/,Bol Malzemeli: Ev Usulü Pizza,Ev Usulü Pizza,/tarif/ev-usulu-pizza/,30 dk,30 dk,"<p>Hafif kabarmış bir hamuru ve bol bol malzemesiyle <a href=""https://yemek.com/tarif/pizza/"" target=""_blank"">pizzaların</a> en güzellerinden biridir ev usulü pizza.</p>
<p>Dışarıda bayılarak yediğimiz pizzaları aslında evinizde de çok kolay bir şekilde yapabilirsiniz. Eğer siz de ""<strong>Evde pizza nasıl yapılır?</strong>"" diyorsanız fırında pişen, bu kolay ve pratik karışık pizza tarifini çok sevecek, her fırsatta yapmak isteyeceksiniz.</p>
<p>Lezzetine doyum olmaz bu pizza tarifinin sırrı hamurunda saklı. Bu şekilde ağzınıza attığınızda yumuşacık dokusuyla sizi çok mutlu edecek, bol bol malzemesiyle de damaklarınızı şenlendirecek bir tarife dönüşüyor. ""<strong>Pizza hamuru nasıl yapılır?</strong>"" diye soranlara da adım adım resimli anlatımıyla tam kıvamında bir <a href=""https://yemek.com/tarif/pizza-hamuru/"" target=""_blank"">pizza hamuru</a> tarifi hazırladık, püf noktalarını da <a href=""https://yemek.com/pizza-hamuru-yapmanin-puf-noktalari/"" target=""_blank"">şurada</a> anlattık. Mutlaka göz atın deriz.</p>
<p>Ev yapımı pizza tarifinin adım adım resimli tarifi karşınızda!</p>
",recipe,"['tuz', 'toz şeker', 'un', 'sarımsak', 'zeytinyağı', 'zeytinyağı', 'fesleğen', 'rendelenmiş kaşar peyniri', 'kekik', 'ılık su', 'konserve mısır', 'kuru maya', 'sucuk', 'domates sos', 'biber', 'zeytin', 'rendelenmiş mozarella peyniri']","['Bir kabın içerisine kuru mayayı dökün ve üzerine ılık su ve şekeri ekleyerek güzelce karıştırın.', 'Daha sonra mayalı karışıma zeytinyağını ve tuzu ekleyip tahta kaşıkla karıştırın.', 'Unu azar azar ekleyin.', 'Hamur kıvama gelince elinizle yoğurmaya başlayın ve ele yapışmayan, yumuşak bir hamur haline gelene kadar yoğurmaya devam edin.', 'Hamur istediğiniz yumuşaklığa ulaşınca, kabın üzerini bir streç film ile kaplayıp en az 30 dakika hamurunuzu dinlendirin.', 'Dinlenen hamurunuzu un serptiğiniz tezgaha alıp, katlayarak havasını çıkarın.\xa0Hamuru toparlayıp, 2 ya da 3 parçaya ayırın. İnce hamurlu ve orta boy pizza yapmak istiyorsanız hamurunuzu 3’e bölün. Daha büyük ve kalın hamurlu 2 pizza yapmak istiyorsanız, ikiye bölebilirsiniz.', 'Kestiğiniz parçayı beze haline getirip un serptiğiniz tezgahın üzerinde merdane yardımıyla açın.', 'Dilediğiniz inceliğe ulaştığınızda pişirme kağıdı serdiğiniz tepsinin üzerine alın. Bir çatal yardımıyla pizza hamurunun üzerinde delikler açın ve önceden ısıtılmış 200 derece fırında 10 dakika pişirin.', 'Pizza sosunu, domates sosuna, fesleğen, kekik, sarımsak ve zeytinyağı ekleyerek hazırlayabilirsiniz.', '10 dakika sonra hafif pişen hamuru fırından çıkarıp, hazırladığınız domates sosundan üzerine sürün.', 'Pizza sosunun üzerine bolca rendelenmiş kaşar ya da mozarella peyniri yerleştirdikten sonra üzerine dileğiniz malzemeleri ekleyin. Malzemeleri yerleştirdikten sonra en üste tekrar rendelenmiş kaşar ekleyin.', 'Tekrar fırına koyun ve 20 dakika daha pişirin. Peynirler güzelce eriyip tüm malzemeler piştiğinde pizzanızı fırından çıkarabilirsiniz.', 'Pizza kesiciyle dilimleyip tüketebilirsiniz.', 'Afiyet olsun!']",PİZZA,239b56,/tarif/pizza/,"['Hamur İşi', 'Pizza']","['akşam yemeği', 'kahvaltı', 'öğle yemeği']","['Öğle Yemeği', 'Akşam Yemeği']",['Fırın'],,False,1800,1800,2022-03-11T10:00:52Z,4.0,1518606,6252,False,True,True,0,,0,,,,2022/03/ev-usulu-pizza-yemekcom.jpg,0,0,https://cdn.yemek.com/mnresize/940/940/uploads/2022/03/ev-usulu-pizza-yemekcom.jpg,940,940,False,https://cdn.yemek.com/mncrop/300/200/uploads/2022/03/ev-usulu-pizza-yemekcom.jpg,300,200,True,https://cdn.yemek.com/mncrop/940/625/uploads/2022/03/ev-usulu-pizza-yemekcom.jpg,940,625,True,https://cdn.yemek.com/mncrop/620/388/uploads/2022/03/ev-usulu-pizza-yemekcom.jpg,620,388,True,https://cdn.yemek.com/mncrop/600/315/uploads/2022/03/ev-usulu-pizza-yemekcom.jpg,600,315,True,['fırın'],,,,,
107,180,Yasemin Özaltın,https://cdn.yemek.com/author/35533/20181219061403_avatar.jpg,/profil/yasemingursurer/,20 Dakikada Buzlukta: Mozaik Pasta,Mozaik Pasta,/tarif/mozaik-pasta/,20 dk,20 dk,"<p>Biz çocukken mutfaktaki hummalı çalışmanın sonucu annelerimizin lezzetli ellerinden tüm ömrümüz boyunca unutamayacağımız kadar lezzetli <a href=""https://yemek.com/tarif/tatli/"" target=""_blank"">tatlılar</a>, <a href=""https://yemek.com/tarif/pasta-tatli/"" target=""_blank"">pastalar</a> çıkardı. Bu pasta hiç şüphesiz mozaik pastanın ta kendisiydi! Bu kolay mozaik pasta, küçük büyük herkesin bayılarak yediği lezzeti her daim garantili olan oldukça kolay ve pratik bir <a href=""https://yemek.com/tarif/"" target=""_blank"">tarif</a>. Hadi gelin bisküvili mozaik pastanın sırlarını bir bir anlatalım size. Anılarımıza doğru tatlı bir yolculuğa çıkaran, <strong>petibör bisküvili</strong> mozaik pasta tarifiyle karşınızdayız!</p>
<p>Bisküvi, tereyağı, toz şeker ve kakaonun bir araya gelip yaptığı en lezzetli pasta tariflerinden biri o. Biz bu kez farklı malzemeler ekleyerek <strong>klasik mozaik pasta</strong> tarifinin tadına da tat kattık. Bu üçgen mozaik pastanın yapımı o kadar kolay, pratik ve bir o kadar lezzetli ki...</p>
<p>Hadi o zaman! Buyursunlar en güzel mozaik pasta tarifine ve yapılış adımlarını gösteren mozaik pasta videomuza. <img src=""https://cdn.yemek.com/assets/images/smiley/smile.png"" class=""wp-smiley img-responsive"" /></p>
",recipe,"['süt', 'kakao', 'pudra şekeri', 'tereyağ', 'Hindistan cevizi', 'petibör bisküvi']","['Tereyağını eritin.', 'Pudra şekerini karıştırma kabına aktarın.\xa0Pudra şekerinin üzerine erittiğiniz tereyağını ve sütü dökün.\xa0Kakaoyu da ilave edin.', 'Malzemeleri çırpın.', 'Üzerine bisküvileri kırın.', 'Bisküvileri de koyduktan sonra tüm malzemeleri spatula yardımıyla nazikçe karıştırın.', 'Servis edeceğiniz kalıbın içini streç film ile kaplayın.', 'Tüm harcı ekleyin ve üzerini kapatın.', 'Buzdolabının dondurucu bölümünde 4 saat bekletin. Hindistan cevizi serpin. Dilimleyerek soğuk olarak servis edin.', 'Afiyet olsun!']",PASTA,239b56,/tarif/pasta-tatli/,"['Tatlı', 'Pasta', 'Video']","['ara öğün', 'çay saati']",['Çay Saati'],['Tencere'],['Ekonomik'],False,1200,1200,2022-03-18T14:40:39Z,4.0,1512620,8912,False,True,True,0,,0,,,,2022/03/mozaik-pasta-tarifi-yemekcom.jpg,0,0,https://cdn.yemek.com/mnresize/940/940/uploads/2022/03/mozaik-pasta-tarifi-yemekcom.jpg,940,940,False,https://cdn.yemek.com/mncrop/300/200/uploads/2022/03/mozaik-pasta-tarifi-yemekcom.jpg,300,200,True,https://cdn.yemek.com/mncrop/940/625/uploads/2022/03/mozaik-pasta-tarifi-yemekcom.jpg,940,625,True,https://cdn.yemek.com/mncrop/620/388/uploads/2022/03/mozaik-pasta-tarifi-yemekcom.jpg,620,388,True,https://cdn.yemek.com/mncrop/600/315/uploads/2022/03/mozaik-pasta-tarifi-yemekcom.jpg,600,315,True,,,,,,
108,2744,Cemre Özgüzel,https://cdn.yemek.com/author/109/20200211010242_avatar.jpg,/profil/cemre-ozguzel/,Az Malzemeyle Mükemmel Kıvam: Muhallebi,Muhallebi,/tarif/muhallebi/,15 dk,5 dk,"<p>Çocukluğumuzdan beri damağımızın alışık olduğu bir <a href=""https://yemek.com/tarif/tatli/"" target=""_blank"">tatlı tarifi</a> muhallebi. <strong>Pirinç unuyla hazırlanan muhallebi tarifler</strong>i olsa da kıvamı nişastayla bağlandığında bir o kadar güzel olur tadı. Öylesine yalın ve naif bir tattır ki kuru yemişler, çikolata ve çeşitli meyve sosları eşliğinde farklı tariflere bürünür.</p>
<p>Yaz sıcağına yakışır muhallebi tatlısı, keyfi kaşıklanır. Üzerine toz tarçınla yapabileceğiniz süslemelerle de saygı uyandırır. Başarıyla uygulanmış bir sütlü muhallebi tarifini tamamlayıcı nitelikte olan bu süslemeler ise tamamen sizin yaratıcılığınıza kalmış. <a href=""https://yemek.com/tarif/sutlu-tatlilar/"" target=""_blank"">Sütlü tatlıların </a>en kolay ve ekonomiği olan <strong>muhallebi tarifi</strong>mizle keyif dolu dakikalar yaşayabilirsiniz.</p>
<p>Biz sade muhallebi hazırladık ama diğer muhallebi çeşitleri için sizi şu tariflerimize de bekleriz: <a href=""https://yemek.com/muhallebi-tarifleri/"" target=""_blank"">Sıcak Yaz Günlerinde Midenizi Yormayarak Sizi Mutlu Edecek 17 Muhallebi Tarifi</a></p>
<p>En güzel muhallebinin sizin elinizden çıkmasını sağlayacak olan bu tarifi ister bardakta, ister kupta, ister fincanda servis edebilirsiniz. Hazırsanız pratik ve <a href=""https://yemek.com/tarif/kolay-muhallebi/"" target=""_blank"">kolay muhallebi</a> tarifimizle başbaşa bırakalım sizi.</p>
",recipe,"['tereyağı', 'toz şeker', 'süt', 'un', 'toz Antep fıstığı', 'buğday nişastası', 'muz', 'vanilin']","['5\xa0su bardağı soğuk sütü geniş bir tencereye aktarın.\xa0Yarım çay bardağı un, 3 yemek kaşığı buğday nişastası ve 1 su bardağı toz şekeri ilave ettikten sonra ocağın altını açın.', 'Ara ara karıştırarak koyu bir kıvam alana kadar pişirin.', 'Kıvam alan muhallebinin altını kapatın.', 'Henüz sıcakken içerisine\xa01 tatlı kaşığı tereyağı ve 1 paket vanilin ilave ederek çırpın.', 'Ardından servis kaselerine paylaştırın ve soğutun.', 'Antep fıstığıyla süsleyip tatlandırdığınız muhallebileri soğuk olarak sevdiklerinizle paylaşın.']",SÜTLÜ TATLI,239b56,/tarif/sutlu-tatlilar/,"['Tatlı', 'Ramazan', 'Sütlü Tatlı', 'Video']","['pratik yemek tarifleri', 'çay saati']",['Çay Saati'],['Tencere'],['Ekonomik'],False,900,300,2019-04-04T08:57:18Z,4.0,1868226,4584,False,True,True,0,,0,,,,2015/06/muhallebi-yemekcom.jpg,0,0,https://cdn.yemek.com/mnresize/940/940/uploads/2015/06/muhallebi-yemekcom.jpg,940,940,False,https://cdn.yemek.com/mncrop/300/200/uploads/2015/06/muhallebi-yemekcom.jpg,300,200,True,https://cdn.yemek.com/mncrop/940/625/uploads/2015/06/muhallebi-yemekcom.jpg,940,625,True,https://cdn.yemek.com/mncrop/620/388/uploads/2015/06/muhallebi-yemekcom.jpg,620,388,True,https://cdn.yemek.com/mncrop/600/315/uploads/2015/06/muhallebi-yemekcom.jpg,600,315,True,,,,,,
109,4172,ipeksare,https://cdn.yemek.com/author/262494/20200820091315_avatar.jpg,/profil/ipeksare/,Tane Tane Dökülür: Pirinç Pilavı,Pirinç Pilavı,/tarif/pirinc-pilavi/,20 dk,15 dk,"<p>Türlü türlü <a href=""https://yemek.com/tarif/"" target=""_blank"">yemek tariflerini</a> tamamlayan, <a href=""https://yemek.com/tarif/kuru-fasulye/"" target=""_blank"">kuru fasulye</a>-turşu ikilisine komşu olan, bir dönem yoğurtla takılan, <a href=""https://yemek.com/tarif/anne-koftesi/"" target=""_blank"">köfte patates</a> sevdalısı pilav... Kaşıktan tel tel dökülen pilav... Aromatik sebze ve kuru baharatlarla ev yapımı tavuk suyunuzu kendiniz hazırlayın bir güzel, ortalama pirinç çeşitlerine göre bir ölçü pirince bir buçuk ölçü su kullanacağınızı düşünün.</p>
<p>Yanma derecesini yükseltmek için tereyağını az miktarda ayçiçek yağıyla kavurun. Az miktarda arpa ya da tel şehriyeyi kavurup berrak su çıkana kadar duruladığınız pirinçleri pilav tenceresine alın. Şeffaf bir renk alana kavurup sıcak tavuk suyunu ekleyin. Tuzla tatlandırın, taze sıkılmış limon suyu, kesme şeker gibi unsurları küçük püf noktaları olarak değerlendirin pilav tarifinde. ""Pilavın tane tane olması için ne yapılır?"" diye soruyorsanız da size nefis önerilerimiz var: <a href=""https://yemek.com/pilav-nasil-yapilir/"" target=""_blank"">Tane Tane Dökülen Ev Yapımı Pilavlar İçin Demini Almış 5 Öneri</a></p>
<p>Pilavı yiyip de hemen kaçmayın, yorum bırakmayı unutmayın, yaptığınız bir değişiklik varsa bizlerle de paylaşın. Şimdiden ellerinize sağlık diyor tane tane dökülen pirinç pilavı tarifimize buyurun.</p>
<p>Farklı pilav tarifleri içinse sizi <a href=""https://yemek.com/tarif/pilav/"" target=""_blank"">şöyle</a> alalım. <img src=""https://cdn.yemek.com/assets/images/smiley/smile.png"" class=""wp-smiley img-responsive"" /></p>
",recipe,"['pirinç', 'tereyağı', 'sıcak su', 'tuz', 'karabiber']","['Uygun bir pilav tenceresinin içerisine tereyağı ekleyin.', 'Tereyağı eridikten sonra pirinçleri ekleyip kavurmaya başlayın. Pirinçler tane tane dökülmeye başlayana kadar yaklaşık 5 dakika kavurun.', 'Sıcak suyu ekleyin, tuzu ve karabiberi de ilave edin.', 'Bir kez karıştırın, kapağını kapatın ve kısık ateşte pişirin.', 'Suyunu çeken pilavın üzerine bir bez koyun ve demlenmesi için dinlendirin.', 'Biraz et ya da tavuk ile servis edebilirsiniz. Afiyet olsun!']",PİLAV,239b56,/tarif/pilav/,"['Pilav', 'Video']","['ekonomik', 'akşam yemeği', 'öğle yemeği']","['Öğle Yemeği', 'Akşam Yemeği']",['Tencere'],['Ekonomik'],False,1200,900,2020-09-02T06:35:37Z,4.0,1783014,2538,False,True,True,0,,0,,,,2020/09/pirinc-pilavi-yemekcom.jpg,0,0,https://cdn.yemek.com/mnresize/940/940/uploads/2020/09/pirinc-pilavi-yemekcom.jpg,940,940,False,https://cdn.yemek.com/mncrop/300/200/uploads/2020/09/pirinc-pilavi-yemekcom.jpg,300,200,True,https://cdn.yemek.com/mncrop/940/625/uploads/2020/09/pirinc-pilavi-yemekcom.jpg,940,625,True,https://cdn.yemek.com/mncrop/620/388/uploads/2020/09/pirinc-pilavi-yemekcom.jpg,620,388,True,https://cdn.yemek.com/mncrop/600/315/uploads/2020/09/pirinc-pilavi-yemekcom.jpg,600,315,True,['tencere'],,,,,
110,313,Yasemin Özaltın,https://cdn.yemek.com/author/35533/20181219061403_avatar.jpg,/profil/yasemingursurer/,Yağ Çekmeden Pişer: Mücver,Mücver,/tarif/mucver/,15 dk,15 dk,"<p>Türk mutfağının, mutfağımıza ait tüm <a href=""https://yemek.com/tarif/"" target=""_blank"" rel=""noopener"">yemek tariflerinin</a> uzağında ama çok sevilen kuzeni ya da teyzesidir mücver tarifi. Her öğün göremezsin, her akşam yemezsin, yiyemezsin. Ancak her gördüğünde mutlu olursun; daha çok görmek istersin. Özeldir, yeri ayrıdır. Herkes güzelini yapamaz.</p>
<p>Arzu ettiğiniz yeşillik, patates, havuç hatta kereviz gibi <a href=""https://yemek.com/tarif/sebze/"" target=""_blank"" rel=""noopener"">sebze</a>leri de ekleyerek hazırlayabileceğiniz bir <a href=""https://yemek.com/tarif/atistirmaliklar/"" target=""_blank"" rel=""noopener"">atıştırmalık</a>, kolay mücver tarifimiz var. Ne güzel olur <strong>kabak mücveri</strong>, küçük püf noktaları vardır onun. Çok fazla yağ çekmemesi için yağı önceden kızdırmalı, rendelenmiş sebzelerin suyunu sıkmalı, sebzelerin taze olmasına dikkat etmeli örneğin.</p>
<p>Anne eli değmiş mücver, bu tarifte biraz daha renk kazanıyor. Yeşillik ve kabakların yanına havuç da katılıyor. Ana yemeğiniz ne olursa olsun bugün sofranızda <strong>kızarmış çıtır mücverler</strong> de yer alsın bizce.</p>
<p>Daha fazla mücver çeşidi görmek isteyenleri ise şöyle alabiliriz: <a href=""https://yemek.com/mucver-tarifleri/"" target=""_blank"" rel=""noopener"">Mücver Tarifleri</a></p>
<p>Kızartmalardan uzak duruyorsanız sizi fırında kabak mücveri tarifimize şuradan davet edelim: <a href=""https://yemek.com/tarif/firinda-mucver/"" target=""_blank"" rel=""noopener"">Fırında Mücver Tarifi, Nasıl Yapılır?</a></p>
<p>Videolu tarifimize aşağıya bırakıyoruz. Keyfini çıkarmanız dileğiyle!</p>",recipe,"['tuz', 'yumurta', 'un', 'karabiber', 'havuç', 'taze soğan', 'kabak', 'dereotu', 'sıvı yağ']","['<p>Mücver için bol suda yıkadığınız kabakları rendenin\xa0iri kısmıyla rendeleyin.\xa0Mücveri sulandırmaması için; rendelenmiş kabakların suyunu sıkarak çıkartın.</p>', '<p>Geniş bir kapta rendelenen kabakları, havucu, yumurtayı, taze soğanı, dereotunu, tuzu, karabiberi birleştirin.</p>', '<p>Unu da ilave edip tüm malzemeler birbiriyle harmanlayın.</p>', '<p>Tüm malzemeler macun kıvamını alana kadar spatula yardımıyla karıştırın.</p>', '<p>Her bir mücver 1 tepeleme yemek kaşığı olacak şekilde ayarlayıp tavaya dökün.</p>', '<p>Kızgın yağda altın sarısı rengini alana kadar kızartın. Mücverlerin fazla yağını havlu kağıda süzdürdükten sonra servis tabağına alın ve çırpılmış yoğurt ile servis edin. Afiyet olsun!</p>']",SEBZE,239b56,/tarif/sebze/,"['Sebze', 'Özel Beslenme', 'Vejetaryen', 'Video', 'Kızartma', 'Mevsiminde']",,['Çay Saati'],['Kızartma'],"['Ekonomik', 'Vejetaryen']",False,900,900,2021-11-09T03:30:59Z,4.0,1738171,11618,False,True,True,0,,0,,,,2014/07/mucver-ytk-site.jpg,0,0,https://cdn.yemek.com/mnresize/940/940/uploads/2014/07/mucver-ytk-site.jpg,940,940,False,https://cdn.yemek.com/mncrop/300/200/uploads/2014/07/mucver-ytk-site.jpg,300,200,True,https://cdn.yemek.com/mncrop/940/625/uploads/2014/07/mucver-ytk-site.jpg,940,625,True,https://cdn.yemek.com/mncrop/620/388/uploads/2014/07/mucver-ytk-site.jpg,620,388,True,https://cdn.yemek.com/mncrop/600/315/uploads/2014/07/mucver-ytk-site.jpg,600,315,True,,,"['Haziran', 'Temmuz', 'Ağustos']",,,
111,272,Neşe Ümit Tan,https://cdn.yemek.com/author/208653/20190910030615_avatar.jpg,/profil/neseumit/,Tam Kıvamında: Sütlaç,Sütlaç,/tarif/sutlac/,31 dk,5 dk,"<p><a href=""https://yemek.com/tarif/"" target=""_blank"">Yemek tariflerinin</a> en tatlı, en sevilen ismi, <a href=""https://yemek.com/tarif/sutlu-tatlilar/"" target=""_blank"">sütlü tatlılar</a>ın en besleyicisi, pirincin en güzel halidir sütlaç tarifi. Tencerede kıvam aldıktan sonra ısıya dayanıklı toprak kaplara paylaştırılıp fırında kızaran hali <a href=""https://yemek.com/tarif/firin-sutlac/"" target=""_blank"">fırın sütlaç</a> ismini alır. Çocukluk yıllarından aşina olduğumuz besleyici bir tatlıdır. <a href=""https://yemek.com/"" target=""_blank"">Tarifler</a> içinde özellikle sütlü tatlıların ve <a href=""https://yemek.com/tarif/tatli/"" target=""_blank"">tatlı tariflerinin</a> en şahanesidir!</p>
<p>Ev yapımı sütlacı tam kıvamında ve tam ölçülü yapmak için birkaç püf noktasına ihtiyacınız var. Klasik sütlaçtan vazgeçemeyenlerin evde nefis <a href=""https://yemek.com/tarif/firin-sutlac/"" target=""_blank"">fırın sütlaçlar</a> yapmasını sağlayacak olan ve en güzel sütlaç tarifine ulaşmanızı sağlayacak bu tarifi bir köşeye not edin deriz. <a href=""https://yemek.com/tarif/sutlu-tatlilar/"" target=""_blank"">Sütlü tatlıların</a> en güzeli, <a href=""https://yemek.com/ramazan-tatlilari/"" target=""_blank"">ramazan için tatlılardan</a> <strong>en hafif sütlaç tarifi</strong> karşınızda!</p>
",recipe,"['pirinç', 'sıcak su', 'toz şeker', 'süt', 'su', 'buğday nişastası']","['Sadece bir kez sudan geçirerek yıkadığınız\xa0pirinci tencereye alın ve\xa02 su bardağı sıcak suyu ekleyerek kısık ateşte pişirmeye başlayın. Bu sırada ara ara nazikçe karıştırın.', 'Pirinç, suyu çekip lapa hale gelince üzerine sütü ilave edin. Karıştırın ve\xa0süt kaynayana kadar ara ara karıştırmaya devam edin. Kaynadıktan sonra altını kısın, 8-10 dakika daha bu şekilde karıştırarak kısık ateşte pişirin.', 'Ardından şekeri ekleyin, karıştırın. Tekrar kaynamasını bekleyin ve 4-5 dakika daha da kısık ateşte bu şekilde kaynatın.', 'Nişastayı eklemek için bir kabın içerisine alın, 1 çay bardağı suyla karıştırın.', 'Aynı anda hem karıştırıp hem tencereye ekleyin. Azar azar dökerek eklerseniz topaklanma riskini de engellemiş olursunuz.\xa0Karıştırdıktan sonra hafifçe kıvam alana kadar pişirin. Bu sırada tekrar kaynayacak ve minik minik balonların yüzeye ulaştığını göreceksiniz, bunu gördükten sonra kısık ateşe alıp 1-2 dakika daha pişirin ve ardından ocaktan alın.', 'Bu noktada sütlacın kıvamı akışkan bir boza kıvamında olmalıdır.\xa0Sütlaç harcını bir kepçeyle kaselere dağıtın.', 'Oda sıcaklığında soğuduktan\xa0sonra buzdolabında en az 2 saat, tercihen 1 akşam kadar bekletin ve servis etmeden önce buzdolabından çıkarıp 5 dakika bekletin, tarçın serperek servis edin.', 'Afiyet olsun!']",SÜTLÜ TATLI,239b56,/tarif/sutlu-tatlilar/,"['Tatlı', 'Ramazan', 'Sütlü Tatlı', 'Video']",['çay saati'],['Çay Saati'],['Tencere'],,False,1860,300,2022-03-11T07:15:20Z,4.0,1693684,4171,False,True,True,0,,0,,,,2019/05/sutlac-guncelleme-sunum-1.jpg,0,0,https://cdn.yemek.com/mnresize/940/940/uploads/2019/05/sutlac-guncelleme-sunum-1.jpg,940,940,False,https://cdn.yemek.com/mncrop/300/200/uploads/2019/05/sutlac-guncelleme-sunum-1.jpg,300,200,True,https://cdn.yemek.com/mncrop/940/625/uploads/2019/05/sutlac-guncelleme-sunum-1.jpg,940,625,True,https://cdn.yemek.com/mncrop/620/388/uploads/2019/05/sutlac-guncelleme-sunum-1.jpg,620,388,True,https://cdn.yemek.com/mncrop/600/315/uploads/2019/05/sutlac-guncelleme-sunum-1.jpg,600,315,True,,,,,,
112,125,Yasemin Özaltın,https://cdn.yemek.com/author/35533/20181219061403_avatar.jpg,/profil/yasemingursurer/,Basit Malzemelerle: Kolay Tiramisu,Kolay Tiramisu,/tarif/kolay-tiramisu/,15 dk,15 dk,"<p>""Tiramisu hangi ülkeye ait?"" diyenlere hemen cevap vererek başlayalım. İtalyan asıllı bir <a href=""https://yemek.com/tarif/tatli/"" target=""_blank"">tatlı</a> olan <a href=""https://yemek.com/tarif/tiramisu/"" target=""_blank"">tiramisu</a>, ülkemizde son yıllarda popüler olmasıyla tanınır. Mutluluk ve enerji veren bir tatlı olduğu için de İtalyanlar bu tatlıya 'Beni yukarı çek, beni yukarı kaldır' anlamına gelen tiramisu ismini vermiştir. Bu hali de onun oldukça pratikleşmiş hali. Hazır kekle yapılan bu kolay tiramisu tarifi üstelik 30 dakikada hazır.</p>
<p>""Tiramisu nasıl yapılır?"" diyenler için tiramisu <a href=""https://yemek.com/tarif/kek/"" target=""_blank"">kek</a>inin labneli tiramisu kremasıyla nasıl buluştuğunu adım adım resimli bir şekilde anlatıyor, nefis süslemesiyle en güzel ve en pratik ev yapımı tiramisunun yapılışını tüm detaylarıyla anlatıyoruz!</p>
<p>İşte iştah açıcı görüntüsü ve lezzetiyle kolay tiramisu tarifi! En kısa zamanda onu çayınızın, kahvenizin yanına konuk edin deriz. Hem zamandan kazandıran hem de konuklarınıza nefis bir ikramda bulunmak istediğinizde de kurtarıcılarınızdan biri olacak nefis tarifimize davetlisiniz. Mevsimine göre de kolay tiramisularınızın üzerini dilediğiniz meyve ile süsleyebilirsiniz. Şimdiden ellerinize sağlık diyoruz.</p>
<p>Bu arada ""Ben kedi dili ile yapılan orijinal tiramisu <a href=""https://yemek.com/tarif/"" target=""_blank"">tarif</a>ini de merak ediyorum"" derseniz onun tarifini de hemen şöyle bırakıyoruz: <a href=""https://yemek.com/tarif/kedi-dilli-tiramisu/"" target=""_blank"">Kedidilli tiramisu tarifi, nasıl yapılır?</a></p>
",recipe,"['sıcak su', 'toz şeker', 'toz şeker', 'süt', 'un', 'yumurta sarısı', 'kakao', 'hazır kek', 'granül kahve', 'labne peyniri']","['Tiramisunun kremasını hazırlamak için; 2 su bardağı süt, 5 yemek kaşığı toz şeker, 3 yemek kaşığı un ve 1 adet\xa0 yumurta sarısını tencereye alın.', 'Sürekli karıştırarak orta ateşte muhallebi kıvamına gelene kadar pişirin. Piştikten sonra kremayı soğumaya bırakın.', 'Kek tabanını ıslatmak için; bir kasede 1 su bardağı sıcak suya, 1 yemek kaşığı granül kahve ve 1 tatlı kaşığı toz şekerini eriyene kadar karıştırın.', 'Pişirip soğumaya bıraktığınız kremaya 200 gram labne peynirini ekleyin ve bir mikser yardımıyla pürüzsüz bir kıvam alana kadar çırpın.', 'Servis tabağına ya da bir borcama pasta tabanının bir katını yerleştirin.', 'Kahveli karışımın yarısıyla keki ıslatın.', 'Üzerine hazırladığınız kremanın yarısını yayın.', 'Pastanın diğer katını da üzerine koyun ve\xa0 kahveli karışımla ıslatın. Kalan krema ile pastanın üzerini tamamen kaplayın.', 'Son olarak üzerine kakao serpiştirin.', 'Çilek dilimleriyle süsleyip buzdolabında 1- 2 saat beklettikten sonra dilimleyerek servis edin.\xa0Afiyet olsun!']",TATLI,239b56,/tarif/tatli/,"['Tatlı', 'Video', 'Dünya Mutfakları']","['ekonomik', 'ara öğün', 'çay saati']",['Çay Saati'],['Tencere'],['Vejetaryen'],False,900,900,2022-03-31T14:48:27Z,4.0,1687627,4451,False,True,True,0,,0,,,,2014/06/kolay-tiramisu-yemekcom.jpg,0,0,https://cdn.yemek.com/mnresize/940/940/uploads/2014/06/kolay-tiramisu-yemekcom.jpg,940,940,False,https://cdn.yemek.com/mncrop/300/200/uploads/2014/06/kolay-tiramisu-yemekcom.jpg,300,200,True,https://cdn.yemek.com/mncrop/940/625/uploads/2014/06/kolay-tiramisu-yemekcom.jpg,940,625,True,https://cdn.yemek.com/mncrop/620/388/uploads/2014/06/kolay-tiramisu-yemekcom.jpg,620,388,True,https://cdn.yemek.com/mncrop/600/315/uploads/2014/06/kolay-tiramisu-yemekcom.jpg,600,315,True,,,,['İtalya'],,
113,127,Gökçen Mutaf,https://cdn.yemek.com/author/23120/20181227103819_avatar.jpeg,/profil/gokcenmutaf/,Ağızda Dağılan Mükemmel Kıvamıyla: Elmalı Kurabiye,Elmalı Kurabiye,/tarif/elmali-kurabiye/,25 dk,20 dk,"<p><a href=""https://yemek.com/kurabiye-tarifleri-puf-noktalari/"" target=""_blank"">Kurabiye tariflerinin</a> en güzellerinden biri olan en güzel elmalı kurabiye karşınızda! Ağızda dağılan kıvamıyla, <a href=""https://yemek.com/pratik-kurabiye-tarifleri/"" target=""_blank"">pratik kurabiyelerden</a> oluşuyla kalplerinizi çalmaya gelecek bu kıyır kıyır <a href=""https://yemek.com/elmali-kurabiye-tarifleri/"" target=""_blank"">elmalı kurabiye tarifi</a> şekilleriyle, malzemeleriyle, hamuruyla tam ölçülü <a href=""https://yemek.com/tarif/kolay-elmali-kurabiye/"" target=""_blank"">elmalı kurabiye</a> yapmak isteyenlerin yardımına koşacak.</p>
<p><strong>Elmalı kurabiyenin gevrek olmas</strong>ı için yapılması gerekenlerden, nasıl saklanacağına kadar elmalı kurabiye yapmanın tüm püf noktalarını da bulabileceğiniz bu en güzel denenmiş elmalı kurabiye <a href=""https://yemek.com/tarif/"" target=""_blank"">tarifi</a> için çay suyunun altını koyalım hafiften. Elmalı <a href=""https://yemek.com/tarif/kurabiye/"" target=""_blank"">kurabiyeler</a> bizi bekler. Ağızda dağılan, tarçınlı <strong>elmalı kurabiye tarifi</strong>miz için mutfağa davetlisiniz. Afiyetler olsun şimdiden.</p>
",recipe,"['limon suyu', 'toz şeker', 'toz şeker', 'un', 'yoğurt', 'tarçın', 'karbonat', 'tereyağı (oda ısısında bekletilmiş)', 'dövülmüş ceviz içi', 'sıvı yağ', 'kırmızı elma']","['Elmalı kurabiye tarifini hazırlamak için\xa0 rendelenmiş elmaları tavaya alın. Üzerine toz şekeri ilave edin. Karamelize olana dek pişirin.', 'Piştikten sonra üzerine yarım su bardağı kadar dövülmüş ceviz ve tarçın ekleyin, karıştırın.', 'Hamurunu hazırlamak için derin bir kaseye oda sıcaklığında yumuşamış tereyağı, sıvı yağ, yoğurt, toz şeker, limon suyu ve karbonatı ekleyin. Güzelce yoğurun ve ardından unu da azar azar ekleyerek, ele yapışmayan fakat yumuşak olan bir hamur elde edin.', 'Hamuru tezgahın üzerinde toparlayın.', 'Tezgaha hafifçe un serperek açın. Yuvarlak şekiller çıkarıp elmalı harcı ortasına koyun ve iki yandan katlayın.', 'Pişirme kağıdı serdiğiniz fırın tepsisine kurabiyeleri dizin ve önceden ısıtılmış 180 derece fırında üzeri kızarana kadar, yaklaşık 20-25 dakika pişirin.', 'Oda sıcaklığına geldikten sonra üzerine pudra şekeri serpiştirin. Kurabiyeleriniz artık servise hazır! Afiyet olsun..', 'Afiyet olsun..']",TATLI KURABİYE,239b56,/tarif/tatli-kurabiyeler/,"['Kurabiye', 'Video', 'Tatlı Kurabiye']",['çay saati'],['Çay Saati'],['Fırın'],,False,1500,1200,2022-03-11T07:30:23Z,4.0,1597377,7917,False,True,True,0,,0,,,,2022/03/elmali-kurabiye-tarifi-yemekcom.jpg,0,0,https://cdn.yemek.com/mnresize/940/940/uploads/2022/03/elmali-kurabiye-tarifi-yemekcom.jpg,940,940,False,https://cdn.yemek.com/mncrop/300/200/uploads/2022/03/elmali-kurabiye-tarifi-yemekcom.jpg,300,200,True,https://cdn.yemek.com/mncrop/940/625/uploads/2022/03/elmali-kurabiye-tarifi-yemekcom.jpg,940,625,True,https://cdn.yemek.com/mncrop/620/388/uploads/2022/03/elmali-kurabiye-tarifi-yemekcom.jpg,620,388,True,https://cdn.yemek.com/mncrop/600/315/uploads/2022/03/elmali-kurabiye-tarifi-yemekcom.jpg,600,315,True,,,,,,
114,3424,Ege Şahin,https://cdn.yemek.com/author/464113/20220221123420_avatar.jpg,/profil/egesahin/,Kıyır Kıyır: Üç Malzemeli Un Kurabiyesi,Üç Malzemeli Un Kurabiyesi,/tarif/uc-malzemeli-un-kurabiyesi/,15 dk,10 dk,"<p>Eşe dosta <a href=""https://yemek.com/tarif/un-kurabiyesi/"" target=""_blank"">un kurabiyesi</a> tarifi soranlar, telefonda un kurabiyesi nasıl yapılır diye dert yananlar, neredeyse rüyasında un kurabiyesi görenler... Hoş geldiniz, doğru yerdesiniz.</p>
<p>Günün en tatlı saatleri akşam üzeri olmuş, belki de tatlısıyla tuzlusuyla uzun uzadıya keyfi çıkacak bir <a href=""https://yemek.com/tarif/kahvaltiliklar/"" target=""_blank"">kahvaltı</a> sofrası hazırlıyorsunuz. Ya da akşam yemeği sonrası çay keyfinizi taçlandıracak tatlı bir hamur işi aradığınız. Öyleyse sadece 10 dakikada hazırlanan üç malzemeli un kurabiyesi <a href=""https://yemek.com/tarif/"" target=""_blank"">tarif</a>ine alalım sizi. Bu kurabiyeler bir şahane.</p>
<p>Sıvı yağ, pudra şekeri ve un ilavesiyle hazırlanan bu <a href=""https://yemek.com/tarif/tatli-kurabiyeler/"" target=""_blank"">tatlı kurabiye</a>ler, kaşıkla şekil alıp önceden ısıtılmış 175 derece fırında 15 dakika gibi kısa bir sürede pişiyor. Demleyin çayı, kurulun en sevdiğiniz koltuğa. Kurabiyeleriniz olmak üzere, afiyet olsun.</p>
",recipe,"['un', 'pudra şekeri', 'pudra şekeri', 'sıvı yağ']","['Sıvı yağ ve pudra şekerini derin bir kaba alın, karıştırın.', 'Ardından unu aşamalı olarak ekleyin.\xa0Hamuru toparlamak için iyice yoğurun. Hamurdan parçalar koparıp silindir şeklini verin.', 'Verev şekilde kesin.', 'Yağlı kağıt serilmiş fırın tepsisine aralıklı olarak yerleştirin.', 'Üzerlerini çatal ile çizin. Önceden ısıtılmış 175 derece fırında 15 dakika pişirin.', 'Arzuya göre üzerine pudra şekeri serperek servis edin. Afiyet olsun!']",TATLI KURABİYE,239b56,/tarif/tatli-kurabiyeler/,"['Kurabiye', 'Tatlı Kurabiye']",['çay saati'],['Çay Saati'],['Fırın'],['Ekonomik'],False,900,600,2022-12-28T11:10:00Z,4.0,1569331,4413,False,False,True,0,,0,,,,2015/09/uc-malzemeli-un-kurabiyesi-yemekcom.jpg,0,0,https://cdn.yemek.com/mnresize/940/940/uploads/2015/09/uc-malzemeli-un-kurabiyesi-yemekcom.jpg,940,940,False,https://cdn.yemek.com/mncrop/300/200/uploads/2015/09/uc-malzemeli-un-kurabiyesi-yemekcom.jpg,300,200,True,https://cdn.yemek.com/mncrop/940/625/uploads/2015/09/uc-malzemeli-un-kurabiyesi-yemekcom.jpg,940,625,True,https://cdn.yemek.com/mncrop/620/388/uploads/2015/09/uc-malzemeli-un-kurabiyesi-yemekcom.jpg,620,388,True,https://cdn.yemek.com/mncrop/600/315/uploads/2015/09/uc-malzemeli-un-kurabiyesi-yemekcom.jpg,600,315,True,,,,,,
115,4487,Gökçen Mutaf,https://cdn.yemek.com/author/23120/20181227103819_avatar.jpeg,/profil/gokcenmutaf/,Brownie'yi Andıran: Islak Kurabiye,Islak Kurabiye,/tarif/islak-kurabiye/,25 dk,15 dk,"<p>Kakaolu kurabiyenin şerbetle buluşmasından hazırlanan ıslak kurabiye, kakaolu tatlıları sevenlere göre. <strong>Sıcak kurabiyelerin ıslatılması kakao tadını yoğunlaştırıyor </strong>ve <a href=""https://yemek.com/tarif/kurabiye/"" target=""_blank"" rel=""noopener"">kurabiyeye</a> ağızda dağılan bir kıvam veriyor. Islak kurabiye tarifini çay saatleri için keyifle hazırlayabilir, bu esmer kurabiyeleri yanında bir fincan kahve eşliğinde tatlı bir atıştırmalık olarak da tüketebilirsiniz.</p>
<p><a href=""https://yemek.com/tarif/brownie/"" target=""_blank"" rel=""noopener"">Brownie</a>'yi andıran bu lezzetli <a href=""https://yemek.com/tarif/browni-kurabiye/"" target=""_blank"" rel=""noopener"">browni tadında kurabiye</a>leri kısa sürede hazırlayabilir, yorumlarınızı bizlerle paylaşabilirsiniz.</p>",recipe,"['yumurta', 'toz şeker', 'un', 'kabartma tozu', 'su', 'rendelenmiş Hindistan cevizi', 'kakao', 'pudra şekeri', 'tereyağı (oda sıcaklığında bekletilmiş)', 'vanilin', 'sıvı yağ']","['<div>\n<div>\n<div dir=""ltr"">\n<div>\n<div>Islak kurabiye için derince bir karıştırma kabına oda ısısındaki tereyağını, sıvı yağı, yumurtayı, pudra şekerini, kakaoyu, vanilin ve kabartma tozunu alın.</div>\n</div>\n</div>\n</div>\n</div>', '<p>Tüm malzemeleri özleşene\xa0kadar\xa0karıştırın.</p>', '<div>\n<div>\n<div dir=""ltr"">\n<div>\n<div>Ardından unu yavaş yavaş ekleyerek, ele yapışmayan bir hamur elde edin.</div>\n</div>\n</div>\n</div>\n</div>', '<div>\n<div>\n<div dir=""ltr"">\n<div>\n<div>Hazırladığınız hamurdan ceviz büyüklüğünde parçalar koparın.</div>\n</div>\n</div>\n</div>\n</div>', '<p>Avucunuzda yuvarlayın ve parmağınızla ortasına hafifçe bastırdıktan sonra, yağlı kağıt serilmiş bir fırın tepsisine dizin.\xa0Önceden ısıtılmış 180 derece fırında yaklaşık 20 dakika kadar pişirin.</p>', '<div>\n<div>\n<div dir=""ltr"">\n<div>\n<div>Kurabiyeleriniz fırındayken şerbeti için gerekli olan şeker ve suyu homojen karışana kadar kaynattıktan sonra bir kaseye alın ve soğutun.</div>\n</div>\n</div>\n</div>\n</div>', '<div>\n<div>\n<div dir=""ltr"">\n<div>\n<div>Kurabiyeler fırından çıkınca 2 dakika kadar bekletin ve ardından teker teker hazırladığınız şerbete atın, arkalı önlü çevirin ve bir servis tabağına dizin.</div>\n</div>\n</div>\n</div>\n</div>', '<div>\n<div>\n<div dir=""ltr"">\n<div>\n<div>Tüm kurabiyeleri bu şekilde şerbete batırdıktan sonra kalan şerbeti de üstlerine gezdirin ve tüm şerbeti çekene dek bekletin.</div>\n</div>\n</div>\n</div>\n</div>', '<div>\n<div>\n<div dir=""ltr"">\n<div>\n<div>Kurabiyeler şerbeti çektikten sonra üstlerini Hindistan cevizi ile süsleyin ve servis edin. Afiyet olsun.</div>\n</div>\n</div>\n</div>\n</div>']",TATLI KURABİYE,239b56,/tarif/tatli-kurabiyeler/,"['Kurabiye', 'Tatlı Kurabiye']",,['Çay Saati'],['Fırın'],['Ekonomik'],False,1500,900,2022-03-16T06:08:50Z,4.0,1542043,9538,False,False,True,0,,0,,,,2016/01/islak-kurabiye-tarifi-son.jpg,0,0,https://cdn.yemek.com/mnresize/940/940/uploads/2016/01/islak-kurabiye-tarifi-son.jpg,940,940,False,https://cdn.yemek.com/mncrop/300/200/uploads/2016/01/islak-kurabiye-tarifi-son.jpg,300,200,True,https://cdn.yemek.com/mncrop/940/625/uploads/2016/01/islak-kurabiye-tarifi-son.jpg,940,625,True,https://cdn.yemek.com/mncrop/620/388/uploads/2016/01/islak-kurabiye-tarifi-son.jpg,620,388,True,https://cdn.yemek.com/mncrop/600/315/uploads/2016/01/islak-kurabiye-tarifi-son.jpg,600,315,True,,,,,,
116,134,Yasemin Özaltın,https://cdn.yemek.com/author/35533/20181219061403_avatar.jpg,/profil/yasemingursurer/,Tüm Püf Noktalarıyla: Mercimek Köftesi,Mercimek Köftesi,/tarif/mercimek-koftesi/,20 dk,30 dk,"<p>Altın günlerinin vazgeçilmez lezzeti, bekarların ve öğrenci evlerinin gözdesi mercimekli köfte pratik olmasının yanı sıra besleyici ve lezzetli bir <a href=""https://yemek.com/tarif/"" target=""_blank"" rel=""noopener"">tarif</a>. <strong>Tam ölçülü, tam kıvamında mercimek köftesi</strong> nasıl yapılır diye merak edenlerden en güzel mercimek köftesi tarifini henüz bulamamış olanlara tüm püf noktalarıyla pratik tariflerin gözdesi mercimek köftesi karşınızda!</p>
<p>Mercimek köftesi sunumunu, mercimek köftesinin yanına ne gider ya da <strong>mercimek köftesi cıvık olursa</strong> ne yapılmalı sorularının cevabını artık başka yerde aramanız gerek yok. Çünkü en güzelini annenin yaptığı mercimek köftesi için mutfağa girerek biraz da biz hünerlerimizi göstereceğiz bugün. Güzel annelerimize selamlar yollayacağız bu tarifle.</p>
<p>Mercimek köftesi videomuzu aşağıya bırakıyoruz, afiyetler olsun şimdiden! <img class=""wp-smiley img-responsive"" src=""https://cdn.yemek.com/assets/images/smiley/smile.png""></p>
<p>Mercimek köftesini sevenler bunları da sevdi: <a href=""https://yemek.com/tarif/kisir"" target=""_blank"" rel=""noopener"">Kısır Tarifi</a></p>
<p>Klasik mercimekli köfte tariflerinden sıkılanlar, çıtır çıtır dokusuyla <a href=""https://yemek.com/tarif/firinda-mercimek-kofte/"" target=""_blank"" rel=""noopener"">fırında mercimekli köfte</a> tarifiyle misafirlerinizi şaşırtıyor.</p>",recipe,"['kırmızı mercimek', 'kuru soğan', 'biber salçası', 'sıcak su', 'tuz', 'pul biber', 'maydanoz', 'zeytinyağı', 'karabiber', 'domates salçası', 'ince bulgur', 'taze soğan', 'kimyon']","['<p>Mercimek köftesi için bol suda yıkadığınız kırmızı mercimeği sıcak suda kaynatın.</p>', '<p>Suyunu çekmeye yakın ince bulguru ekleyin, mercimeği ocaktan alın.</p>', '<p>Üzerine ince bulguru ekleyin.</p>', '<p>Kapağını kapattığınız tencerede ince bulguru şişmesi için mercimekle birlikte 15 dakika kadar bekletin.</p>', '<p>Zeytinyağını bir tavada kızdırın.</p>', '<p>Kuru soğanları küçük küpler halinde doğrayın ve tavaya aktarın.</p>', '<p>Doğradığınız soğanları 5 dakika kadar kavurun.</p>', '<p>Sırasıyla; biber salçası, domates salçası, tuz, pul biber ve kimyonu ekleyin.</p>', '<p>Soğanlı karışımı 3-4 dakika kadar kavurun.</p>', '<p>Şişen bulgurlu ve mercimekli harca salçalı, soğanlı harcı ekleyin.</p>', '<p>Taze soğanları ve maydanozu ince ince kıyın.\xa0 Doğranmış yeşillikleri ilave edin.</p>', '<p>Malzemeleri yoğurmaya başlayın.</p>', '<p>Tüm malzemeyi özleşene kadar yoğurun.</p>', '<p>Hazırladığınız harçtan ceviz büyüklüğünde parçalar alın ve avuç içinizde sıkarak şekil verin.</p>', '<p>Servis tabağına aldığınız mercimek köftelerini arzu ettiğiniz yeşilliklerle servis edin. Sevdiklerinizle paylaşın.</p>']",MEZE,239b56,/tarif/mezeler/,"['Özel Beslenme', 'Vejetaryen', 'Atıştırmalık', 'Meze', 'Vegan', 'Video', 'Tuzlu Atıştırmalık', 'Bakliyat']",,"['Öğle Yemeği', 'Çay Saati']","['Tencere', 'Tava']","['Vejetaryen', 'Bol Proteinli']",False,1200,1800,2022-03-10T11:30:12Z,4.0,1537793,11735,False,True,True,0,,0,,,,2014/06/mercimek-koftesi-yeni-ytk.jpg,0,0,https://cdn.yemek.com/mnresize/940/940/uploads/2014/06/mercimek-koftesi-yeni-ytk.jpg,940,940,False,https://cdn.yemek.com/mncrop/300/200/uploads/2014/06/mercimek-koftesi-yeni-ytk.jpg,300,200,True,https://cdn.yemek.com/mncrop/940/625/uploads/2014/06/mercimek-koftesi-yeni-ytk.jpg,940,625,True,https://cdn.yemek.com/mncrop/620/388/uploads/2014/06/mercimek-koftesi-yeni-ytk.jpg,620,388,True,https://cdn.yemek.com/mncrop/600/315/uploads/2014/06/mercimek-koftesi-yeni-ytk.jpg,600,315,True,,,,,,
117,13732,ipeksare,https://cdn.yemek.com/author/262494/20200820091315_avatar.jpg,/profil/ipeksare/,Bol Malzemeli: Ev Usulü Pizza,Ev Usulü Pizza,/tarif/ev-usulu-pizza/,30 dk,30 dk,"<p>Hafif kabarmış bir hamuru ve bol bol malzemesiyle <a href=""https://yemek.com/tarif/pizza/"" target=""_blank"">pizzaların</a> en güzellerinden biridir ev usulü pizza.</p>
<p>Dışarıda bayılarak yediğimiz pizzaları aslında evinizde de çok kolay bir şekilde yapabilirsiniz. Eğer siz de ""<strong>Evde pizza nasıl yapılır?</strong>"" diyorsanız fırında pişen, bu kolay ve pratik karışık pizza tarifini çok sevecek, her fırsatta yapmak isteyeceksiniz.</p>
<p>Lezzetine doyum olmaz bu pizza tarifinin sırrı hamurunda saklı. Bu şekilde ağzınıza attığınızda yumuşacık dokusuyla sizi çok mutlu edecek, bol bol malzemesiyle de damaklarınızı şenlendirecek bir tarife dönüşüyor. ""<strong>Pizza hamuru nasıl yapılır?</strong>"" diye soranlara da adım adım resimli anlatımıyla tam kıvamında bir <a href=""https://yemek.com/tarif/pizza-hamuru/"" target=""_blank"">pizza hamuru</a> tarifi hazırladık, püf noktalarını da <a href=""https://yemek.com/pizza-hamuru-yapmanin-puf-noktalari/"" target=""_blank"">şurada</a> anlattık. Mutlaka göz atın deriz.</p>
<p>Ev yapımı pizza tarifinin adım adım resimli tarifi karşınızda!</p>
",recipe,"['tuz', 'toz şeker', 'un', 'sarımsak', 'zeytinyağı', 'zeytinyağı', 'fesleğen', 'rendelenmiş kaşar peyniri', 'kekik', 'ılık su', 'konserve mısır', 'kuru maya', 'sucuk', 'domates sos', 'biber', 'zeytin', 'rendelenmiş mozarella peyniri']","['Bir kabın içerisine kuru mayayı dökün ve üzerine ılık su ve şekeri ekleyerek güzelce karıştırın.', 'Daha sonra mayalı karışıma zeytinyağını ve tuzu ekleyip tahta kaşıkla karıştırın.', 'Unu azar azar ekleyin.', 'Hamur kıvama gelince elinizle yoğurmaya başlayın ve ele yapışmayan, yumuşak bir hamur haline gelene kadar yoğurmaya devam edin.', 'Hamur istediğiniz yumuşaklığa ulaşınca, kabın üzerini bir streç film ile kaplayıp en az 30 dakika hamurunuzu dinlendirin.', 'Dinlenen hamurunuzu un serptiğiniz tezgaha alıp, katlayarak havasını çıkarın.\xa0Hamuru toparlayıp, 2 ya da 3 parçaya ayırın. İnce hamurlu ve orta boy pizza yapmak istiyorsanız hamurunuzu 3’e bölün. Daha büyük ve kalın hamurlu 2 pizza yapmak istiyorsanız, ikiye bölebilirsiniz.', 'Kestiğiniz parçayı beze haline getirip un serptiğiniz tezgahın üzerinde merdane yardımıyla açın.', 'Dilediğiniz inceliğe ulaştığınızda pişirme kağıdı serdiğiniz tepsinin üzerine alın. Bir çatal yardımıyla pizza hamurunun üzerinde delikler açın ve önceden ısıtılmış 200 derece fırında 10 dakika pişirin.', 'Pizza sosunu, domates sosuna, fesleğen, kekik, sarımsak ve zeytinyağı ekleyerek hazırlayabilirsiniz.', '10 dakika sonra hafif pişen hamuru fırından çıkarıp, hazırladığınız domates sosundan üzerine sürün.', 'Pizza sosunun üzerine bolca rendelenmiş kaşar ya da mozarella peyniri yerleştirdikten sonra üzerine dileğiniz malzemeleri ekleyin. Malzemeleri yerleştirdikten sonra en üste tekrar rendelenmiş kaşar ekleyin.', 'Tekrar fırına koyun ve 20 dakika daha pişirin. Peynirler güzelce eriyip tüm malzemeler piştiğinde pizzanızı fırından çıkarabilirsiniz.', 'Pizza kesiciyle dilimleyip tüketebilirsiniz.', 'Afiyet olsun!']",PİZZA,239b56,/tarif/pizza/,"['Hamur İşi', 'Pizza']","['akşam yemeği', 'kahvaltı', 'öğle yemeği']","['Öğle Yemeği', 'Akşam Yemeği']",['Fırın'],,False,1800,1800,2022-03-11T10:00:52Z,4.0,1518606,6252,False,True,True,0,,0,,,,2022/03/ev-usulu-pizza-yemekcom.jpg,0,0,https://cdn.yemek.com/mnresize/940/940/uploads/2022/03/ev-usulu-pizza-yemekcom.jpg,940,940,False,https://cdn.yemek.com/mncrop/300/200/uploads/2022/03/ev-usulu-pizza-yemekcom.jpg,300,200,True,https://cdn.yemek.com/mncrop/940/625/uploads/2022/03/ev-usulu-pizza-yemekcom.jpg,940,625,True,https://cdn.yemek.com/mncrop/620/388/uploads/2022/03/ev-usulu-pizza-yemekcom.jpg,620,388,True,https://cdn.yemek.com/mncrop/600/315/uploads/2022/03/ev-usulu-pizza-yemekcom.jpg,600,315,True,['fırın'],,,,,
118,180,Yasemin Özaltın,https://cdn.yemek.com/author/35533/20181219061403_avatar.jpg,/profil/yasemingursurer/,20 Dakikada Buzlukta: Mozaik Pasta,Mozaik Pasta,/tarif/mozaik-pasta/,20 dk,20 dk,"<p>Biz çocukken mutfaktaki hummalı çalışmanın sonucu annelerimizin lezzetli ellerinden tüm ömrümüz boyunca unutamayacağımız kadar lezzetli <a href=""https://yemek.com/tarif/tatli/"" target=""_blank"">tatlılar</a>, <a href=""https://yemek.com/tarif/pasta-tatli/"" target=""_blank"">pastalar</a> çıkardı. Bu pasta hiç şüphesiz mozaik pastanın ta kendisiydi! Bu kolay mozaik pasta, küçük büyük herkesin bayılarak yediği lezzeti her daim garantili olan oldukça kolay ve pratik bir <a href=""https://yemek.com/tarif/"" target=""_blank"">tarif</a>. Hadi gelin bisküvili mozaik pastanın sırlarını bir bir anlatalım size. Anılarımıza doğru tatlı bir yolculuğa çıkaran, <strong>petibör bisküvili</strong> mozaik pasta tarifiyle karşınızdayız!</p>
<p>Bisküvi, tereyağı, toz şeker ve kakaonun bir araya gelip yaptığı en lezzetli pasta tariflerinden biri o. Biz bu kez farklı malzemeler ekleyerek <strong>klasik mozaik pasta</strong> tarifinin tadına da tat kattık. Bu üçgen mozaik pastanın yapımı o kadar kolay, pratik ve bir o kadar lezzetli ki...</p>
<p>Hadi o zaman! Buyursunlar en güzel mozaik pasta tarifine ve yapılış adımlarını gösteren mozaik pasta videomuza. <img src=""https://cdn.yemek.com/assets/images/smiley/smile.png"" class=""wp-smiley img-responsive"" /></p>
",recipe,"['süt', 'kakao', 'pudra şekeri', 'tereyağ', 'Hindistan cevizi', 'petibör bisküvi']","['Tereyağını eritin.', 'Pudra şekerini karıştırma kabına aktarın.\xa0Pudra şekerinin üzerine erittiğiniz tereyağını ve sütü dökün.\xa0Kakaoyu da ilave edin.', 'Malzemeleri çırpın.', 'Üzerine bisküvileri kırın.', 'Bisküvileri de koyduktan sonra tüm malzemeleri spatula yardımıyla nazikçe karıştırın.', 'Servis edeceğiniz kalıbın içini streç film ile kaplayın.', 'Tüm harcı ekleyin ve üzerini kapatın.', 'Buzdolabının dondurucu bölümünde 4 saat bekletin. Hindistan cevizi serpin. Dilimleyerek soğuk olarak servis edin.', 'Afiyet olsun!']",PASTA,239b56,/tarif/pasta-tatli/,"['Tatlı', 'Pasta', 'Video']","['ara öğün', 'çay saati']",['Çay Saati'],['Tencere'],['Ekonomik'],False,1200,1200,2022-03-18T14:40:39Z,4.0,1512620,8912,False,True,True,0,,0,,,,2022/03/mozaik-pasta-tarifi-yemekcom.jpg,0,0,https://cdn.yemek.com/mnresize/940/940/uploads/2022/03/mozaik-pasta-tarifi-yemekcom.jpg,940,940,False,https://cdn.yemek.com/mncrop/300/200/uploads/2022/03/mozaik-pasta-tarifi-yemekcom.jpg,300,200,True,https://cdn.yemek.com/mncrop/940/625/uploads/2022/03/mozaik-pasta-tarifi-yemekcom.jpg,940,625,True,https://cdn.yemek.com/mncrop/620/388/uploads/2022/03/mozaik-pasta-tarifi-yemekcom.jpg,620,388,True,https://cdn.yemek.com/mncrop/600/315/uploads/2022/03/mozaik-pasta-tarifi-yemekcom.jpg,600,315,True,,,,,,
119,29467,Yasemin Özaltın,https://cdn.yemek.com/author/35533/20181219061403_avatar.jpg,/profil/yasemingursurer/,3-2-1 Ölçüsüyle: Bayatlamayan Kabartma Tozlu Poğaça,Bayatlamayan Kabartma Tozlu Poğaça,/tarif/bayatlamayan-kabartma-tozlu-pogaca/,15 dk,15 dk,"<p>Hem çok kolay, hem çok hızlı, hem de yemesi pek keyifli muhteşem bir <a href=""https://yemek.com/tarif/pogaca/"" target=""_blank"">poğaça</a>...Bayatlamayan kabartma tozlu poğaça tarifi, hazırlandıktan sonra tadına bakıp da beğenmeyenini, ikincisini istemeyenini zor bulursunuz. İçindeki malzemelerin miktarlarından dolayı “3-2-1 poğaça <a href=""https://yemek.com/tarif/"" target=""_blank"">tarif</a>i” diye de bilinen bu güzelliği hala denemeyenler varsa diye zevkle paylaşıyoruz.</p>
<p>3-2-1 poğaça tarifi, malzemeleri ile de ekonomik! İçinde 3 paket kabartma tozu, 2 bardak yoğurt ve 1 yumurta var. Kabartma tozu ne kadar da çokmuş acı olur o diyorsanız, hiç de öyle olmadığını, inanılmaz yumuşak, aşırı lezzetli olduğunu deneyince anlayacaksınız. Üstelik de bayatlamıyor, hoş gerçi bayatlamasını bekleyecek kadar uzun süre yemeden duramayacaksınız o da ayrı.  O zaman siz aşağıda yazan diğer malzemeleri de hazırlayıverin, <a href=""https://yemek.com/tarif/yumusak-pogaca/"" target=""_blank"">yumuşacık poğaça</a>mızı yapalım. Şimdiden afiyetler olsun.</p>
",recipe,"['tuz', 'toz şeker', 'un', 'kabartma tozu', 'yoğurt', 'yumurta sarısı', 'sirke', 'beyaz peynir', 'susam', 'yumurta beyazı', 'sıvı yağ']","['Bir yoğurma kabına; yağ, yoğurt ve yumurta beyazını alıp güzelce karıştırın.', 'Ardından kabartma tozları, tuz, şeker ve sirkeyi de ilave edip, tekrar karıştırın.', 'Unu azar azar ilave ederek yoğurmaya başlayın. Hafifçe ele yapışan bir hamur elde edeceksiniz.', 'Hazırladığınız hamurdan mandalinadan biraz küçük olacak parçalar kopartın. Elinizle yuvarlayın ve avucunuzla bastırıp yassılaştırın.', 'Yassılaştırdığınız hamur parçasının ortasına bir çatalla ezdiğiniz beyaz peynirden biraz koyun.', 'Kenarlarını birleştirip kapatın ve tekrar yuvarladıktan sonra yağlı kağıt serdiğiniz bir fırın tepsisine yerleştirin.', 'Tüm hamuru bu şekilde hazırlayıp tepsiye dizin.', 'Üstlerine bir fırça yardımıyla yumurta sarısı sürün ve susam serpin. Önceden ısıttığınız 200 derece fırında, üstleri kızarana dek yaklaşık 15 dakika pişirin.', 'Tepsiyi fırından aldıktan sonra ılıklaşmasını bekleyin ve ardından servis edin.']",POĞAÇA,239b56,/tarif/pogaca/,"['Hamur İşi', 'Kahvaltılık', 'Poğaça', 'Video']","['kahvaltı', 'çay saati']","['Kahvaltı', 'Çay Saati']",['Fırın'],['Vejetaryen'],False,900,900,2018-01-31T07:11:19Z,4.0,1443090,8543,False,True,False,0,,0,,,,2018/01/bayatlamayan-pofuduk-pogaca-yemekcom.jpg,0,0,https://cdn.yemek.com/mnresize/940/940/uploads/2018/01/bayatlamayan-pofuduk-pogaca-yemekcom.jpg,940,940,False,https://cdn.yemek.com/mncrop/300/200/uploads/2018/01/bayatlamayan-pofuduk-pogaca-yemekcom.jpg,300,200,True,https://cdn.yemek.com/mncrop/940/625/uploads/2018/01/bayatlamayan-pofuduk-pogaca-yemekcom.jpg,940,625,True,https://cdn.yemek.com/mncrop/620/388/uploads/2018/01/bayatlamayan-pofuduk-pogaca-yemekcom.jpg,620,388,True,https://cdn.yemek.com/mncrop/600/315/uploads/2018/01/bayatlamayan-pofuduk-pogaca-yemekcom.jpg,600,315,True,,,,,,
120,4172,ipeksare,https://cdn.yemek.com/author/262494/20200820091315_avatar.jpg,/profil/ipeksare/,Tane Tane Dökülür: Pirinç Pilavı,Pirinç Pilavı,/tarif/pirinc-pilavi/,20 dk,15 dk,"<p>Türlü türlü <a href=""https://yemek.com/tarif/"" target=""_blank"">yemek tariflerini</a> tamamlayan, <a href=""https://yemek.com/tarif/kuru-fasulye/"" target=""_blank"">kuru fasulye</a>-turşu ikilisine komşu olan, bir dönem yoğurtla takılan, <a href=""https://yemek.com/tarif/anne-koftesi/"" target=""_blank"">köfte patates</a> sevdalısı pilav... Kaşıktan tel tel dökülen pilav... Aromatik sebze ve kuru baharatlarla ev yapımı tavuk suyunuzu kendiniz hazırlayın bir güzel, ortalama pirinç çeşitlerine göre bir ölçü pirince bir buçuk ölçü su kullanacağınızı düşünün.</p>
<p>Yanma derecesini yükseltmek için tereyağını az miktarda ayçiçek yağıyla kavurun. Az miktarda arpa ya da tel şehriyeyi kavurup berrak su çıkana kadar duruladığınız pirinçleri pilav tenceresine alın. Şeffaf bir renk alana kavurup sıcak tavuk suyunu ekleyin. Tuzla tatlandırın, taze sıkılmış limon suyu, kesme şeker gibi unsurları küçük püf noktaları olarak değerlendirin pilav tarifinde. ""Pilavın tane tane olması için ne yapılır?"" diye soruyorsanız da size nefis önerilerimiz var: <a href=""https://yemek.com/pilav-nasil-yapilir/"" target=""_blank"">Tane Tane Dökülen Ev Yapımı Pilavlar İçin Demini Almış 5 Öneri</a></p>
<p>Pilavı yiyip de hemen kaçmayın, yorum bırakmayı unutmayın, yaptığınız bir değişiklik varsa bizlerle de paylaşın. Şimdiden ellerinize sağlık diyor tane tane dökülen pirinç pilavı tarifimize buyurun.</p>
<p>Farklı pilav tarifleri içinse sizi <a href=""https://yemek.com/tarif/pilav/"" target=""_blank"">şöyle</a> alalım. <img src=""https://cdn.yemek.com/assets/images/smiley/smile.png"" class=""wp-smiley img-responsive"" /></p>
",recipe,"['pirinç', 'tereyağı', 'sıcak su', 'tuz', 'karabiber']","['Uygun bir pilav tenceresinin içerisine tereyağı ekleyin.', 'Tereyağı eridikten sonra pirinçleri ekleyip kavurmaya başlayın. Pirinçler tane tane dökülmeye başlayana kadar yaklaşık 5 dakika kavurun.', 'Sıcak suyu ekleyin, tuzu ve karabiberi de ilave edin.', 'Bir kez karıştırın, kapağını kapatın ve kısık ateşte pişirin.', 'Suyunu çeken pilavın üzerine bir bez koyun ve demlenmesi için dinlendirin.', 'Biraz et ya da tavuk ile servis edebilirsiniz. Afiyet olsun!']",PİLAV,239b56,/tarif/pilav/,"['Pilav', 'Video']","['ekonomik', 'akşam yemeği', 'öğle yemeği']","['Öğle Yemeği', 'Akşam Yemeği']",['Tencere'],['Ekonomik'],False,1200,900,2020-09-02T06:35:37Z,4.0,1783014,2538,False,True,True,0,,0,,,,2020/09/pirinc-pilavi-yemekcom.jpg,0,0,https://cdn.yemek.com/mnresize/940/940/uploads/2020/09/pirinc-pilavi-yemekcom.jpg,940,940,False,https://cdn.yemek.com/mncrop/300/200/uploads/2020/09/pirinc-pilavi-yemekcom.jpg,300,200,True,https://cdn.yemek.com/mncrop/940/625/uploads/2020/09/pirinc-pilavi-yemekcom.jpg,940,625,True,https://cdn.yemek.com/mncrop/620/388/uploads/2020/09/pirinc-pilavi-yemekcom.jpg,620,388,True,https://cdn.yemek.com/mncrop/600/315/uploads/2020/09/pirinc-pilavi-yemekcom.jpg,600,315,True,['tencere'],,,,,
121,313,Yasemin Özaltın,https://cdn.yemek.com/author/35533/20181219061403_avatar.jpg,/profil/yasemingursurer/,Yağ Çekmeden Pişer: Mücver,Mücver,/tarif/mucver/,15 dk,15 dk,"<p>Türk mutfağının, mutfağımıza ait tüm <a href=""https://yemek.com/tarif/"" target=""_blank"" rel=""noopener"">yemek tariflerinin</a> uzağında ama çok sevilen kuzeni ya da teyzesidir mücver tarifi. Her öğün göremezsin, her akşam yemezsin, yiyemezsin. Ancak her gördüğünde mutlu olursun; daha çok görmek istersin. Özeldir, yeri ayrıdır. Herkes güzelini yapamaz.</p>
<p>Arzu ettiğiniz yeşillik, patates, havuç hatta kereviz gibi <a href=""https://yemek.com/tarif/sebze/"" target=""_blank"" rel=""noopener"">sebze</a>leri de ekleyerek hazırlayabileceğiniz bir <a href=""https://yemek.com/tarif/atistirmaliklar/"" target=""_blank"" rel=""noopener"">atıştırmalık</a>, kolay mücver tarifimiz var. Ne güzel olur <strong>kabak mücveri</strong>, küçük püf noktaları vardır onun. Çok fazla yağ çekmemesi için yağı önceden kızdırmalı, rendelenmiş sebzelerin suyunu sıkmalı, sebzelerin taze olmasına dikkat etmeli örneğin.</p>
<p>Anne eli değmiş mücver, bu tarifte biraz daha renk kazanıyor. Yeşillik ve kabakların yanına havuç da katılıyor. Ana yemeğiniz ne olursa olsun bugün sofranızda <strong>kızarmış çıtır mücverler</strong> de yer alsın bizce.</p>
<p>Daha fazla mücver çeşidi görmek isteyenleri ise şöyle alabiliriz: <a href=""https://yemek.com/mucver-tarifleri/"" target=""_blank"" rel=""noopener"">Mücver Tarifleri</a></p>
<p>Kızartmalardan uzak duruyorsanız sizi fırında kabak mücveri tarifimize şuradan davet edelim: <a href=""https://yemek.com/tarif/firinda-mucver/"" target=""_blank"" rel=""noopener"">Fırında Mücver Tarifi, Nasıl Yapılır?</a></p>
<p>Videolu tarifimize aşağıya bırakıyoruz. Keyfini çıkarmanız dileğiyle!</p>",recipe,"['tuz', 'yumurta', 'un', 'karabiber', 'havuç', 'taze soğan', 'kabak', 'dereotu', 'sıvı yağ']","['<p>Mücver için bol suda yıkadığınız kabakları rendenin\xa0iri kısmıyla rendeleyin.\xa0Mücveri sulandırmaması için; rendelenmiş kabakların suyunu sıkarak çıkartın.</p>', '<p>Geniş bir kapta rendelenen kabakları, havucu, yumurtayı, taze soğanı, dereotunu, tuzu, karabiberi birleştirin.</p>', '<p>Unu da ilave edip tüm malzemeler birbiriyle harmanlayın.</p>', '<p>Tüm malzemeler macun kıvamını alana kadar spatula yardımıyla karıştırın.</p>', '<p>Her bir mücver 1 tepeleme yemek kaşığı olacak şekilde ayarlayıp tavaya dökün.</p>', '<p>Kızgın yağda altın sarısı rengini alana kadar kızartın. Mücverlerin fazla yağını havlu kağıda süzdürdükten sonra servis tabağına alın ve çırpılmış yoğurt ile servis edin. Afiyet olsun!</p>']",SEBZE,239b56,/tarif/sebze/,"['Sebze', 'Özel Beslenme', 'Vejetaryen', 'Video', 'Kızartma', 'Mevsiminde']",,['Çay Saati'],['Kızartma'],"['Ekonomik', 'Vejetaryen']",False,900,900,2021-11-09T03:30:59Z,4.0,1738171,11618,False,True,True,0,,0,,,,2014/07/mucver-ytk-site.jpg,0,0,https://cdn.yemek.com/mnresize/940/940/uploads/2014/07/mucver-ytk-site.jpg,940,940,False,https://cdn.yemek.com/mncrop/300/200/uploads/2014/07/mucver-ytk-site.jpg,300,200,True,https://cdn.yemek.com/mncrop/940/625/uploads/2014/07/mucver-ytk-site.jpg,940,625,True,https://cdn.yemek.com/mncrop/620/388/uploads/2014/07/mucver-ytk-site.jpg,620,388,True,https://cdn.yemek.com/mncrop/600/315/uploads/2014/07/mucver-ytk-site.jpg,600,315,True,,,"['Haziran', 'Temmuz', 'Ağustos']",,,
122,272,Neşe Ümit Tan,https://cdn.yemek.com/author/208653/20190910030615_avatar.jpg,/profil/neseumit/,Tam Kıvamında: Sütlaç,Sütlaç,/tarif/sutlac/,31 dk,5 dk,"<p><a href=""https://yemek.com/tarif/"" target=""_blank"">Yemek tariflerinin</a> en tatlı, en sevilen ismi, <a href=""https://yemek.com/tarif/sutlu-tatlilar/"" target=""_blank"">sütlü tatlılar</a>ın en besleyicisi, pirincin en güzel halidir sütlaç tarifi. Tencerede kıvam aldıktan sonra ısıya dayanıklı toprak kaplara paylaştırılıp fırında kızaran hali <a href=""https://yemek.com/tarif/firin-sutlac/"" target=""_blank"">fırın sütlaç</a> ismini alır. Çocukluk yıllarından aşina olduğumuz besleyici bir tatlıdır. <a href=""https://yemek.com/"" target=""_blank"">Tarifler</a> içinde özellikle sütlü tatlıların ve <a href=""https://yemek.com/tarif/tatli/"" target=""_blank"">tatlı tariflerinin</a> en şahanesidir!</p>
<p>Ev yapımı sütlacı tam kıvamında ve tam ölçülü yapmak için birkaç püf noktasına ihtiyacınız var. Klasik sütlaçtan vazgeçemeyenlerin evde nefis <a href=""https://yemek.com/tarif/firin-sutlac/"" target=""_blank"">fırın sütlaçlar</a> yapmasını sağlayacak olan ve en güzel sütlaç tarifine ulaşmanızı sağlayacak bu tarifi bir köşeye not edin deriz. <a href=""https://yemek.com/tarif/sutlu-tatlilar/"" target=""_blank"">Sütlü tatlıların</a> en güzeli, <a href=""https://yemek.com/ramazan-tatlilari/"" target=""_blank"">ramazan için tatlılardan</a> <strong>en hafif sütlaç tarifi</strong> karşınızda!</p>
",recipe,"['pirinç', 'sıcak su', 'toz şeker', 'süt', 'su', 'buğday nişastası']","['Sadece bir kez sudan geçirerek yıkadığınız\xa0pirinci tencereye alın ve\xa02 su bardağı sıcak suyu ekleyerek kısık ateşte pişirmeye başlayın. Bu sırada ara ara nazikçe karıştırın.', 'Pirinç, suyu çekip lapa hale gelince üzerine sütü ilave edin. Karıştırın ve\xa0süt kaynayana kadar ara ara karıştırmaya devam edin. Kaynadıktan sonra altını kısın, 8-10 dakika daha bu şekilde karıştırarak kısık ateşte pişirin.', 'Ardından şekeri ekleyin, karıştırın. Tekrar kaynamasını bekleyin ve 4-5 dakika daha da kısık ateşte bu şekilde kaynatın.', 'Nişastayı eklemek için bir kabın içerisine alın, 1 çay bardağı suyla karıştırın.', 'Aynı anda hem karıştırıp hem tencereye ekleyin. Azar azar dökerek eklerseniz topaklanma riskini de engellemiş olursunuz.\xa0Karıştırdıktan sonra hafifçe kıvam alana kadar pişirin. Bu sırada tekrar kaynayacak ve minik minik balonların yüzeye ulaştığını göreceksiniz, bunu gördükten sonra kısık ateşe alıp 1-2 dakika daha pişirin ve ardından ocaktan alın.', 'Bu noktada sütlacın kıvamı akışkan bir boza kıvamında olmalıdır.\xa0Sütlaç harcını bir kepçeyle kaselere dağıtın.', 'Oda sıcaklığında soğuduktan\xa0sonra buzdolabında en az 2 saat, tercihen 1 akşam kadar bekletin ve servis etmeden önce buzdolabından çıkarıp 5 dakika bekletin, tarçın serperek servis edin.', 'Afiyet olsun!']",SÜTLÜ TATLI,239b56,/tarif/sutlu-tatlilar/,"['Tatlı', 'Ramazan', 'Sütlü Tatlı', 'Video']",['çay saati'],['Çay Saati'],['Tencere'],,False,1860,300,2022-03-11T07:15:20Z,4.0,1693684,4171,False,True,True,0,,0,,,,2019/05/sutlac-guncelleme-sunum-1.jpg,0,0,https://cdn.yemek.com/mnresize/940/940/uploads/2019/05/sutlac-guncelleme-sunum-1.jpg,940,940,False,https://cdn.yemek.com/mncrop/300/200/uploads/2019/05/sutlac-guncelleme-sunum-1.jpg,300,200,True,https://cdn.yemek.com/mncrop/940/625/uploads/2019/05/sutlac-guncelleme-sunum-1.jpg,940,625,True,https://cdn.yemek.com/mncrop/620/388/uploads/2019/05/sutlac-guncelleme-sunum-1.jpg,620,388,True,https://cdn.yemek.com/mncrop/600/315/uploads/2019/05/sutlac-guncelleme-sunum-1.jpg,600,315,True,,,,,,
123,125,Yasemin Özaltın,https://cdn.yemek.com/author/35533/20181219061403_avatar.jpg,/profil/yasemingursurer/,Basit Malzemelerle: Kolay Tiramisu,Kolay Tiramisu,/tarif/kolay-tiramisu/,15 dk,15 dk,"<p>""Tiramisu hangi ülkeye ait?"" diyenlere hemen cevap vererek başlayalım. İtalyan asıllı bir <a href=""https://yemek.com/tarif/tatli/"" target=""_blank"">tatlı</a> olan <a href=""https://yemek.com/tarif/tiramisu/"" target=""_blank"">tiramisu</a>, ülkemizde son yıllarda popüler olmasıyla tanınır. Mutluluk ve enerji veren bir tatlı olduğu için de İtalyanlar bu tatlıya 'Beni yukarı çek, beni yukarı kaldır' anlamına gelen tiramisu ismini vermiştir. Bu hali de onun oldukça pratikleşmiş hali. Hazır kekle yapılan bu kolay tiramisu tarifi üstelik 30 dakikada hazır.</p>
<p>""Tiramisu nasıl yapılır?"" diyenler için tiramisu <a href=""https://yemek.com/tarif/kek/"" target=""_blank"">kek</a>inin labneli tiramisu kremasıyla nasıl buluştuğunu adım adım resimli bir şekilde anlatıyor, nefis süslemesiyle en güzel ve en pratik ev yapımı tiramisunun yapılışını tüm detaylarıyla anlatıyoruz!</p>
<p>İşte iştah açıcı görüntüsü ve lezzetiyle kolay tiramisu tarifi! En kısa zamanda onu çayınızın, kahvenizin yanına konuk edin deriz. Hem zamandan kazandıran hem de konuklarınıza nefis bir ikramda bulunmak istediğinizde de kurtarıcılarınızdan biri olacak nefis tarifimize davetlisiniz. Mevsimine göre de kolay tiramisularınızın üzerini dilediğiniz meyve ile süsleyebilirsiniz. Şimdiden ellerinize sağlık diyoruz.</p>
<p>Bu arada ""Ben kedi dili ile yapılan orijinal tiramisu <a href=""https://yemek.com/tarif/"" target=""_blank"">tarif</a>ini de merak ediyorum"" derseniz onun tarifini de hemen şöyle bırakıyoruz: <a href=""https://yemek.com/tarif/kedi-dilli-tiramisu/"" target=""_blank"">Kedidilli tiramisu tarifi, nasıl yapılır?</a></p>
",recipe,"['sıcak su', 'toz şeker', 'toz şeker', 'süt', 'un', 'yumurta sarısı', 'kakao', 'hazır kek', 'granül kahve', 'labne peyniri']","['Tiramisunun kremasını hazırlamak için; 2 su bardağı süt, 5 yemek kaşığı toz şeker, 3 yemek kaşığı un ve 1 adet\xa0 yumurta sarısını tencereye alın.', 'Sürekli karıştırarak orta ateşte muhallebi kıvamına gelene kadar pişirin. Piştikten sonra kremayı soğumaya bırakın.', 'Kek tabanını ıslatmak için; bir kasede 1 su bardağı sıcak suya, 1 yemek kaşığı granül kahve ve 1 tatlı kaşığı toz şekerini eriyene kadar karıştırın.', 'Pişirip soğumaya bıraktığınız kremaya 200 gram labne peynirini ekleyin ve bir mikser yardımıyla pürüzsüz bir kıvam alana kadar çırpın.', 'Servis tabağına ya da bir borcama pasta tabanının bir katını yerleştirin.', 'Kahveli karışımın yarısıyla keki ıslatın.', 'Üzerine hazırladığınız kremanın yarısını yayın.', 'Pastanın diğer katını da üzerine koyun ve\xa0 kahveli karışımla ıslatın. Kalan krema ile pastanın üzerini tamamen kaplayın.', 'Son olarak üzerine kakao serpiştirin.', 'Çilek dilimleriyle süsleyip buzdolabında 1- 2 saat beklettikten sonra dilimleyerek servis edin.\xa0Afiyet olsun!']",TATLI,239b56,/tarif/tatli/,"['Tatlı', 'Video', 'Dünya Mutfakları']","['ekonomik', 'ara öğün', 'çay saati']",['Çay Saati'],['Tencere'],['Vejetaryen'],False,900,900,2022-03-31T14:48:27Z,4.0,1687627,4451,False,True,True,0,,0,,,,2014/06/kolay-tiramisu-yemekcom.jpg,0,0,https://cdn.yemek.com/mnresize/940/940/uploads/2014/06/kolay-tiramisu-yemekcom.jpg,940,940,False,https://cdn.yemek.com/mncrop/300/200/uploads/2014/06/kolay-tiramisu-yemekcom.jpg,300,200,True,https://cdn.yemek.com/mncrop/940/625/uploads/2014/06/kolay-tiramisu-yemekcom.jpg,940,625,True,https://cdn.yemek.com/mncrop/620/388/uploads/2014/06/kolay-tiramisu-yemekcom.jpg,620,388,True,https://cdn.yemek.com/mncrop/600/315/uploads/2014/06/kolay-tiramisu-yemekcom.jpg,600,315,True,,,,['İtalya'],,
124,127,Gökçen Mutaf,https://cdn.yemek.com/author/23120/20181227103819_avatar.jpeg,/profil/gokcenmutaf/,Ağızda Dağılan Mükemmel Kıvamıyla: Elmalı Kurabiye,Elmalı Kurabiye,/tarif/elmali-kurabiye/,25 dk,20 dk,"<p><a href=""https://yemek.com/kurabiye-tarifleri-puf-noktalari/"" target=""_blank"">Kurabiye tariflerinin</a> en güzellerinden biri olan en güzel elmalı kurabiye karşınızda! Ağızda dağılan kıvamıyla, <a href=""https://yemek.com/pratik-kurabiye-tarifleri/"" target=""_blank"">pratik kurabiyelerden</a> oluşuyla kalplerinizi çalmaya gelecek bu kıyır kıyır <a href=""https://yemek.com/elmali-kurabiye-tarifleri/"" target=""_blank"">elmalı kurabiye tarifi</a> şekilleriyle, malzemeleriyle, hamuruyla tam ölçülü <a href=""https://yemek.com/tarif/kolay-elmali-kurabiye/"" target=""_blank"">elmalı kurabiye</a> yapmak isteyenlerin yardımına koşacak.</p>
<p><strong>Elmalı kurabiyenin gevrek olmas</strong>ı için yapılması gerekenlerden, nasıl saklanacağına kadar elmalı kurabiye yapmanın tüm püf noktalarını da bulabileceğiniz bu en güzel denenmiş elmalı kurabiye <a href=""https://yemek.com/tarif/"" target=""_blank"">tarifi</a> için çay suyunun altını koyalım hafiften. Elmalı <a href=""https://yemek.com/tarif/kurabiye/"" target=""_blank"">kurabiyeler</a> bizi bekler. Ağızda dağılan, tarçınlı <strong>elmalı kurabiye tarifi</strong>miz için mutfağa davetlisiniz. Afiyetler olsun şimdiden.</p>
",recipe,"['limon suyu', 'toz şeker', 'toz şeker', 'un', 'yoğurt', 'tarçın', 'karbonat', 'tereyağı (oda ısısında bekletilmiş)', 'dövülmüş ceviz içi', 'sıvı yağ', 'kırmızı elma']","['Elmalı kurabiye tarifini hazırlamak için\xa0 rendelenmiş elmaları tavaya alın. Üzerine toz şekeri ilave edin. Karamelize olana dek pişirin.', 'Piştikten sonra üzerine yarım su bardağı kadar dövülmüş ceviz ve tarçın ekleyin, karıştırın.', 'Hamurunu hazırlamak için derin bir kaseye oda sıcaklığında yumuşamış tereyağı, sıvı yağ, yoğurt, toz şeker, limon suyu ve karbonatı ekleyin. Güzelce yoğurun ve ardından unu da azar azar ekleyerek, ele yapışmayan fakat yumuşak olan bir hamur elde edin.', 'Hamuru tezgahın üzerinde toparlayın.', 'Tezgaha hafifçe un serperek açın. Yuvarlak şekiller çıkarıp elmalı harcı ortasına koyun ve iki yandan katlayın.', 'Pişirme kağıdı serdiğiniz fırın tepsisine kurabiyeleri dizin ve önceden ısıtılmış 180 derece fırında üzeri kızarana kadar, yaklaşık 20-25 dakika pişirin.', 'Oda sıcaklığına geldikten sonra üzerine pudra şekeri serpiştirin. Kurabiyeleriniz artık servise hazır! Afiyet olsun..', 'Afiyet olsun..']",TATLI KURABİYE,239b56,/tarif/tatli-kurabiyeler/,"['Kurabiye', 'Video', 'Tatlı Kurabiye']",['çay saati'],['Çay Saati'],['Fırın'],,False,1500,1200,2022-03-11T07:30:23Z,4.0,1597377,7917,False,True,True,0,,0,,,,2022/03/elmali-kurabiye-tarifi-yemekcom.jpg,0,0,https://cdn.yemek.com/mnresize/940/940/uploads/2022/03/elmali-kurabiye-tarifi-yemekcom.jpg,940,940,False,https://cdn.yemek.com/mncrop/300/200/uploads/2022/03/elmali-kurabiye-tarifi-yemekcom.jpg,300,200,True,https://cdn.yemek.com/mncrop/940/625/uploads/2022/03/elmali-kurabiye-tarifi-yemekcom.jpg,940,625,True,https://cdn.yemek.com/mncrop/620/388/uploads/2022/03/elmali-kurabiye-tarifi-yemekcom.jpg,620,388,True,https://cdn.yemek.com/mncrop/600/315/uploads/2022/03/elmali-kurabiye-tarifi-yemekcom.jpg,600,315,True,,,,,,
125,3424,Ege Şahin,https://cdn.yemek.com/author/464113/20220221123420_avatar.jpg,/profil/egesahin/,Kıyır Kıyır: Üç Malzemeli Un Kurabiyesi,Üç Malzemeli Un Kurabiyesi,/tarif/uc-malzemeli-un-kurabiyesi/,15 dk,10 dk,"<p>Eşe dosta <a href=""https://yemek.com/tarif/un-kurabiyesi/"" target=""_blank"">un kurabiyesi</a> tarifi soranlar, telefonda un kurabiyesi nasıl yapılır diye dert yananlar, neredeyse rüyasında un kurabiyesi görenler... Hoş geldiniz, doğru yerdesiniz.</p>
<p>Günün en tatlı saatleri akşam üzeri olmuş, belki de tatlısıyla tuzlusuyla uzun uzadıya keyfi çıkacak bir <a href=""https://yemek.com/tarif/kahvaltiliklar/"" target=""_blank"">kahvaltı</a> sofrası hazırlıyorsunuz. Ya da akşam yemeği sonrası çay keyfinizi taçlandıracak tatlı bir hamur işi aradığınız. Öyleyse sadece 10 dakikada hazırlanan üç malzemeli un kurabiyesi <a href=""https://yemek.com/tarif/"" target=""_blank"">tarif</a>ine alalım sizi. Bu kurabiyeler bir şahane.</p>
<p>Sıvı yağ, pudra şekeri ve un ilavesiyle hazırlanan bu <a href=""https://yemek.com/tarif/tatli-kurabiyeler/"" target=""_blank"">tatlı kurabiye</a>ler, kaşıkla şekil alıp önceden ısıtılmış 175 derece fırında 15 dakika gibi kısa bir sürede pişiyor. Demleyin çayı, kurulun en sevdiğiniz koltuğa. Kurabiyeleriniz olmak üzere, afiyet olsun.</p>
",recipe,"['un', 'pudra şekeri', 'pudra şekeri', 'sıvı yağ']","['Sıvı yağ ve pudra şekerini derin bir kaba alın, karıştırın.', 'Ardından unu aşamalı olarak ekleyin.\xa0Hamuru toparlamak için iyice yoğurun. Hamurdan parçalar koparıp silindir şeklini verin.', 'Verev şekilde kesin.', 'Yağlı kağıt serilmiş fırın tepsisine aralıklı olarak yerleştirin.', 'Üzerlerini çatal ile çizin. Önceden ısıtılmış 175 derece fırında 15 dakika pişirin.', 'Arzuya göre üzerine pudra şekeri serperek servis edin. Afiyet olsun!']",TATLI KURABİYE,239b56,/tarif/tatli-kurabiyeler/,"['Kurabiye', 'Tatlı Kurabiye']",['çay saati'],['Çay Saati'],['Fırın'],['Ekonomik'],False,900,600,2022-12-28T11:10:00Z,4.0,1569331,4413,False,False,True,0,,0,,,,2015/09/uc-malzemeli-un-kurabiyesi-yemekcom.jpg,0,0,https://cdn.yemek.com/mnresize/940/940/uploads/2015/09/uc-malzemeli-un-kurabiyesi-yemekcom.jpg,940,940,False,https://cdn.yemek.com/mncrop/300/200/uploads/2015/09/uc-malzemeli-un-kurabiyesi-yemekcom.jpg,300,200,True,https://cdn.yemek.com/mncrop/940/625/uploads/2015/09/uc-malzemeli-un-kurabiyesi-yemekcom.jpg,940,625,True,https://cdn.yemek.com/mncrop/620/388/uploads/2015/09/uc-malzemeli-un-kurabiyesi-yemekcom.jpg,620,388,True,https://cdn.yemek.com/mncrop/600/315/uploads/2015/09/uc-malzemeli-un-kurabiyesi-yemekcom.jpg,600,315,True,,,,,,
126,4487,Gökçen Mutaf,https://cdn.yemek.com/author/23120/20181227103819_avatar.jpeg,/profil/gokcenmutaf/,Brownie'yi Andıran: Islak Kurabiye,Islak Kurabiye,/tarif/islak-kurabiye/,25 dk,15 dk,"<p>Kakaolu kurabiyenin şerbetle buluşmasından hazırlanan ıslak kurabiye, kakaolu tatlıları sevenlere göre. <strong>Sıcak kurabiyelerin ıslatılması kakao tadını yoğunlaştırıyor </strong>ve <a href=""https://yemek.com/tarif/kurabiye/"" target=""_blank"" rel=""noopener"">kurabiyeye</a> ağızda dağılan bir kıvam veriyor. Islak kurabiye tarifini çay saatleri için keyifle hazırlayabilir, bu esmer kurabiyeleri yanında bir fincan kahve eşliğinde tatlı bir atıştırmalık olarak da tüketebilirsiniz.</p>
<p><a href=""https://yemek.com/tarif/brownie/"" target=""_blank"" rel=""noopener"">Brownie</a>'yi andıran bu lezzetli <a href=""https://yemek.com/tarif/browni-kurabiye/"" target=""_blank"" rel=""noopener"">browni tadında kurabiye</a>leri kısa sürede hazırlayabilir, yorumlarınızı bizlerle paylaşabilirsiniz.</p>",recipe,"['yumurta', 'toz şeker', 'un', 'kabartma tozu', 'su', 'rendelenmiş Hindistan cevizi', 'kakao', 'pudra şekeri', 'tereyağı (oda sıcaklığında bekletilmiş)', 'vanilin', 'sıvı yağ']","['<div>\n<div>\n<div dir=""ltr"">\n<div>\n<div>Islak kurabiye için derince bir karıştırma kabına oda ısısındaki tereyağını, sıvı yağı, yumurtayı, pudra şekerini, kakaoyu, vanilin ve kabartma tozunu alın.</div>\n</div>\n</div>\n</div>\n</div>', '<p>Tüm malzemeleri özleşene\xa0kadar\xa0karıştırın.</p>', '<div>\n<div>\n<div dir=""ltr"">\n<div>\n<div>Ardından unu yavaş yavaş ekleyerek, ele yapışmayan bir hamur elde edin.</div>\n</div>\n</div>\n</div>\n</div>', '<div>\n<div>\n<div dir=""ltr"">\n<div>\n<div>Hazırladığınız hamurdan ceviz büyüklüğünde parçalar koparın.</div>\n</div>\n</div>\n</div>\n</div>', '<p>Avucunuzda yuvarlayın ve parmağınızla ortasına hafifçe bastırdıktan sonra, yağlı kağıt serilmiş bir fırın tepsisine dizin.\xa0Önceden ısıtılmış 180 derece fırında yaklaşık 20 dakika kadar pişirin.</p>', '<div>\n<div>\n<div dir=""ltr"">\n<div>\n<div>Kurabiyeleriniz fırındayken şerbeti için gerekli olan şeker ve suyu homojen karışana kadar kaynattıktan sonra bir kaseye alın ve soğutun.</div>\n</div>\n</div>\n</div>\n</div>', '<div>\n<div>\n<div dir=""ltr"">\n<div>\n<div>Kurabiyeler fırından çıkınca 2 dakika kadar bekletin ve ardından teker teker hazırladığınız şerbete atın, arkalı önlü çevirin ve bir servis tabağına dizin.</div>\n</div>\n</div>\n</div>\n</div>', '<div>\n<div>\n<div dir=""ltr"">\n<div>\n<div>Tüm kurabiyeleri bu şekilde şerbete batırdıktan sonra kalan şerbeti de üstlerine gezdirin ve tüm şerbeti çekene dek bekletin.</div>\n</div>\n</div>\n</div>\n</div>', '<div>\n<div>\n<div dir=""ltr"">\n<div>\n<div>Kurabiyeler şerbeti çektikten sonra üstlerini Hindistan cevizi ile süsleyin ve servis edin. Afiyet olsun.</div>\n</div>\n</div>\n</div>\n</div>']",TATLI KURABİYE,239b56,/tarif/tatli-kurabiyeler/,"['Kurabiye', 'Tatlı Kurabiye']",,['Çay Saati'],['Fırın'],['Ekonomik'],False,1500,900,2022-03-16T06:08:50Z,4.0,1542043,9538,False,False,True,0,,0,,,,2016/01/islak-kurabiye-tarifi-son.jpg,0,0,https://cdn.yemek.com/mnresize/940/940/uploads/2016/01/islak-kurabiye-tarifi-son.jpg,940,940,False,https://cdn.yemek.com/mncrop/300/200/uploads/2016/01/islak-kurabiye-tarifi-son.jpg,300,200,True,https://cdn.yemek.com/mncrop/940/625/uploads/2016/01/islak-kurabiye-tarifi-son.jpg,940,625,True,https://cdn.yemek.com/mncrop/620/388/uploads/2016/01/islak-kurabiye-tarifi-son.jpg,620,388,True,https://cdn.yemek.com/mncrop/600/315/uploads/2016/01/islak-kurabiye-tarifi-son.jpg,600,315,True,,,,,,
127,134,Yasemin Özaltın,https://cdn.yemek.com/author/35533/20181219061403_avatar.jpg,/profil/yasemingursurer/,Tüm Püf Noktalarıyla: Mercimek Köftesi,Mercimek Köftesi,/tarif/mercimek-koftesi/,20 dk,30 dk,"<p>Altın günlerinin vazgeçilmez lezzeti, bekarların ve öğrenci evlerinin gözdesi mercimekli köfte pratik olmasının yanı sıra besleyici ve lezzetli bir <a href=""https://yemek.com/tarif/"" target=""_blank"" rel=""noopener"">tarif</a>. <strong>Tam ölçülü, tam kıvamında mercimek köftesi</strong> nasıl yapılır diye merak edenlerden en güzel mercimek köftesi tarifini henüz bulamamış olanlara tüm püf noktalarıyla pratik tariflerin gözdesi mercimek köftesi karşınızda!</p>
<p>Mercimek köftesi sunumunu, mercimek köftesinin yanına ne gider ya da <strong>mercimek köftesi cıvık olursa</strong> ne yapılmalı sorularının cevabını artık başka yerde aramanız gerek yok. Çünkü en güzelini annenin yaptığı mercimek köftesi için mutfağa girerek biraz da biz hünerlerimizi göstereceğiz bugün. Güzel annelerimize selamlar yollayacağız bu tarifle.</p>
<p>Mercimek köftesi videomuzu aşağıya bırakıyoruz, afiyetler olsun şimdiden! <img class=""wp-smiley img-responsive"" src=""https://cdn.yemek.com/assets/images/smiley/smile.png""></p>
<p>Mercimek köftesini sevenler bunları da sevdi: <a href=""https://yemek.com/tarif/kisir"" target=""_blank"" rel=""noopener"">Kısır Tarifi</a></p>
<p>Klasik mercimekli köfte tariflerinden sıkılanlar, çıtır çıtır dokusuyla <a href=""https://yemek.com/tarif/firinda-mercimek-kofte/"" target=""_blank"" rel=""noopener"">fırında mercimekli köfte</a> tarifiyle misafirlerinizi şaşırtıyor.</p>",recipe,"['kırmızı mercimek', 'kuru soğan', 'biber salçası', 'sıcak su', 'tuz', 'pul biber', 'maydanoz', 'zeytinyağı', 'karabiber', 'domates salçası', 'ince bulgur', 'taze soğan', 'kimyon']","['<p>Mercimek köftesi için bol suda yıkadığınız kırmızı mercimeği sıcak suda kaynatın.</p>', '<p>Suyunu çekmeye yakın ince bulguru ekleyin, mercimeği ocaktan alın.</p>', '<p>Üzerine ince bulguru ekleyin.</p>', '<p>Kapağını kapattığınız tencerede ince bulguru şişmesi için mercimekle birlikte 15 dakika kadar bekletin.</p>', '<p>Zeytinyağını bir tavada kızdırın.</p>', '<p>Kuru soğanları küçük küpler halinde doğrayın ve tavaya aktarın.</p>', '<p>Doğradığınız soğanları 5 dakika kadar kavurun.</p>', '<p>Sırasıyla; biber salçası, domates salçası, tuz, pul biber ve kimyonu ekleyin.</p>', '<p>Soğanlı karışımı 3-4 dakika kadar kavurun.</p>', '<p>Şişen bulgurlu ve mercimekli harca salçalı, soğanlı harcı ekleyin.</p>', '<p>Taze soğanları ve maydanozu ince ince kıyın.\xa0 Doğranmış yeşillikleri ilave edin.</p>', '<p>Malzemeleri yoğurmaya başlayın.</p>', '<p>Tüm malzemeyi özleşene kadar yoğurun.</p>', '<p>Hazırladığınız harçtan ceviz büyüklüğünde parçalar alın ve avuç içinizde sıkarak şekil verin.</p>', '<p>Servis tabağına aldığınız mercimek köftelerini arzu ettiğiniz yeşilliklerle servis edin. Sevdiklerinizle paylaşın.</p>']",MEZE,239b56,/tarif/mezeler/,"['Özel Beslenme', 'Vejetaryen', 'Atıştırmalık', 'Meze', 'Vegan', 'Video', 'Tuzlu Atıştırmalık', 'Bakliyat']",,"['Öğle Yemeği', 'Çay Saati']","['Tencere', 'Tava']","['Vejetaryen', 'Bol Proteinli']",False,1200,1800,2022-03-10T11:30:12Z,4.0,1537793,11735,False,True,True,0,,0,,,,2014/06/mercimek-koftesi-yeni-ytk.jpg,0,0,https://cdn.yemek.com/mnresize/940/940/uploads/2014/06/mercimek-koftesi-yeni-ytk.jpg,940,940,False,https://cdn.yemek.com/mncrop/300/200/uploads/2014/06/mercimek-koftesi-yeni-ytk.jpg,300,200,True,https://cdn.yemek.com/mncrop/940/625/uploads/2014/06/mercimek-koftesi-yeni-ytk.jpg,940,625,True,https://cdn.yemek.com/mncrop/620/388/uploads/2014/06/mercimek-koftesi-yeni-ytk.jpg,620,388,True,https://cdn.yemek.com/mncrop/600/315/uploads/2014/06/mercimek-koftesi-yeni-ytk.jpg,600,315,True,,,,,,
128,13732,ipeksare,https://cdn.yemek.com/author/262494/20200820091315_avatar.jpg,/profil/ipeksare/,Bol Malzemeli: Ev Usulü Pizza,Ev Usulü Pizza,/tarif/ev-usulu-pizza/,30 dk,30 dk,"<p>Hafif kabarmış bir hamuru ve bol bol malzemesiyle <a href=""https://yemek.com/tarif/pizza/"" target=""_blank"">pizzaların</a> en güzellerinden biridir ev usulü pizza.</p>
<p>Dışarıda bayılarak yediğimiz pizzaları aslında evinizde de çok kolay bir şekilde yapabilirsiniz. Eğer siz de ""<strong>Evde pizza nasıl yapılır?</strong>"" diyorsanız fırında pişen, bu kolay ve pratik karışık pizza tarifini çok sevecek, her fırsatta yapmak isteyeceksiniz.</p>
<p>Lezzetine doyum olmaz bu pizza tarifinin sırrı hamurunda saklı. Bu şekilde ağzınıza attığınızda yumuşacık dokusuyla sizi çok mutlu edecek, bol bol malzemesiyle de damaklarınızı şenlendirecek bir tarife dönüşüyor. ""<strong>Pizza hamuru nasıl yapılır?</strong>"" diye soranlara da adım adım resimli anlatımıyla tam kıvamında bir <a href=""https://yemek.com/tarif/pizza-hamuru/"" target=""_blank"">pizza hamuru</a> tarifi hazırladık, püf noktalarını da <a href=""https://yemek.com/pizza-hamuru-yapmanin-puf-noktalari/"" target=""_blank"">şurada</a> anlattık. Mutlaka göz atın deriz.</p>
<p>Ev yapımı pizza tarifinin adım adım resimli tarifi karşınızda!</p>
",recipe,"['tuz', 'toz şeker', 'un', 'sarımsak', 'zeytinyağı', 'zeytinyağı', 'fesleğen', 'rendelenmiş kaşar peyniri', 'kekik', 'ılık su', 'konserve mısır', 'kuru maya', 'sucuk', 'domates sos', 'biber', 'zeytin', 'rendelenmiş mozarella peyniri']","['Bir kabın içerisine kuru mayayı dökün ve üzerine ılık su ve şekeri ekleyerek güzelce karıştırın.', 'Daha sonra mayalı karışıma zeytinyağını ve tuzu ekleyip tahta kaşıkla karıştırın.', 'Unu azar azar ekleyin.', 'Hamur kıvama gelince elinizle yoğurmaya başlayın ve ele yapışmayan, yumuşak bir hamur haline gelene kadar yoğurmaya devam edin.', 'Hamur istediğiniz yumuşaklığa ulaşınca, kabın üzerini bir streç film ile kaplayıp en az 30 dakika hamurunuzu dinlendirin.', 'Dinlenen hamurunuzu un serptiğiniz tezgaha alıp, katlayarak havasını çıkarın.\xa0Hamuru toparlayıp, 2 ya da 3 parçaya ayırın. İnce hamurlu ve orta boy pizza yapmak istiyorsanız hamurunuzu 3’e bölün. Daha büyük ve kalın hamurlu 2 pizza yapmak istiyorsanız, ikiye bölebilirsiniz.', 'Kestiğiniz parçayı beze haline getirip un serptiğiniz tezgahın üzerinde merdane yardımıyla açın.', 'Dilediğiniz inceliğe ulaştığınızda pişirme kağıdı serdiğiniz tepsinin üzerine alın. Bir çatal yardımıyla pizza hamurunun üzerinde delikler açın ve önceden ısıtılmış 200 derece fırında 10 dakika pişirin.', 'Pizza sosunu, domates sosuna, fesleğen, kekik, sarımsak ve zeytinyağı ekleyerek hazırlayabilirsiniz.', '10 dakika sonra hafif pişen hamuru fırından çıkarıp, hazırladığınız domates sosundan üzerine sürün.', 'Pizza sosunun üzerine bolca rendelenmiş kaşar ya da mozarella peyniri yerleştirdikten sonra üzerine dileğiniz malzemeleri ekleyin. Malzemeleri yerleştirdikten sonra en üste tekrar rendelenmiş kaşar ekleyin.', 'Tekrar fırına koyun ve 20 dakika daha pişirin. Peynirler güzelce eriyip tüm malzemeler piştiğinde pizzanızı fırından çıkarabilirsiniz.', 'Pizza kesiciyle dilimleyip tüketebilirsiniz.', 'Afiyet olsun!']",PİZZA,239b56,/tarif/pizza/,"['Hamur İşi', 'Pizza']","['akşam yemeği', 'kahvaltı', 'öğle yemeği']","['Öğle Yemeği', 'Akşam Yemeği']",['Fırın'],,False,1800,1800,2022-03-11T10:00:52Z,4.0,1518606,6252,False,True,True,0,,0,,,,2022/03/ev-usulu-pizza-yemekcom.jpg,0,0,https://cdn.yemek.com/mnresize/940/940/uploads/2022/03/ev-usulu-pizza-yemekcom.jpg,940,940,False,https://cdn.yemek.com/mncrop/300/200/uploads/2022/03/ev-usulu-pizza-yemekcom.jpg,300,200,True,https://cdn.yemek.com/mncrop/940/625/uploads/2022/03/ev-usulu-pizza-yemekcom.jpg,940,625,True,https://cdn.yemek.com/mncrop/620/388/uploads/2022/03/ev-usulu-pizza-yemekcom.jpg,620,388,True,https://cdn.yemek.com/mncrop/600/315/uploads/2022/03/ev-usulu-pizza-yemekcom.jpg,600,315,True,['fırın'],,,,,
129,180,Yasemin Özaltın,https://cdn.yemek.com/author/35533/20181219061403_avatar.jpg,/profil/yasemingursurer/,20 Dakikada Buzlukta: Mozaik Pasta,Mozaik Pasta,/tarif/mozaik-pasta/,20 dk,20 dk,"<p>Biz çocukken mutfaktaki hummalı çalışmanın sonucu annelerimizin lezzetli ellerinden tüm ömrümüz boyunca unutamayacağımız kadar lezzetli <a href=""https://yemek.com/tarif/tatli/"" target=""_blank"">tatlılar</a>, <a href=""https://yemek.com/tarif/pasta-tatli/"" target=""_blank"">pastalar</a> çıkardı. Bu pasta hiç şüphesiz mozaik pastanın ta kendisiydi! Bu kolay mozaik pasta, küçük büyük herkesin bayılarak yediği lezzeti her daim garantili olan oldukça kolay ve pratik bir <a href=""https://yemek.com/tarif/"" target=""_blank"">tarif</a>. Hadi gelin bisküvili mozaik pastanın sırlarını bir bir anlatalım size. Anılarımıza doğru tatlı bir yolculuğa çıkaran, <strong>petibör bisküvili</strong> mozaik pasta tarifiyle karşınızdayız!</p>
<p>Bisküvi, tereyağı, toz şeker ve kakaonun bir araya gelip yaptığı en lezzetli pasta tariflerinden biri o. Biz bu kez farklı malzemeler ekleyerek <strong>klasik mozaik pasta</strong> tarifinin tadına da tat kattık. Bu üçgen mozaik pastanın yapımı o kadar kolay, pratik ve bir o kadar lezzetli ki...</p>
<p>Hadi o zaman! Buyursunlar en güzel mozaik pasta tarifine ve yapılış adımlarını gösteren mozaik pasta videomuza. <img src=""https://cdn.yemek.com/assets/images/smiley/smile.png"" class=""wp-smiley img-responsive"" /></p>
",recipe,"['süt', 'kakao', 'pudra şekeri', 'tereyağ', 'Hindistan cevizi', 'petibör bisküvi']","['Tereyağını eritin.', 'Pudra şekerini karıştırma kabına aktarın.\xa0Pudra şekerinin üzerine erittiğiniz tereyağını ve sütü dökün.\xa0Kakaoyu da ilave edin.', 'Malzemeleri çırpın.', 'Üzerine bisküvileri kırın.', 'Bisküvileri de koyduktan sonra tüm malzemeleri spatula yardımıyla nazikçe karıştırın.', 'Servis edeceğiniz kalıbın içini streç film ile kaplayın.', 'Tüm harcı ekleyin ve üzerini kapatın.', 'Buzdolabının dondurucu bölümünde 4 saat bekletin. Hindistan cevizi serpin. Dilimleyerek soğuk olarak servis edin.', 'Afiyet olsun!']",PASTA,239b56,/tarif/pasta-tatli/,"['Tatlı', 'Pasta', 'Video']","['ara öğün', 'çay saati']",['Çay Saati'],['Tencere'],['Ekonomik'],False,1200,1200,2022-03-18T14:40:39Z,4.0,1512620,8912,False,True,True,0,,0,,,,2022/03/mozaik-pasta-tarifi-yemekcom.jpg,0,0,https://cdn.yemek.com/mnresize/940/940/uploads/2022/03/mozaik-pasta-tarifi-yemekcom.jpg,940,940,False,https://cdn.yemek.com/mncrop/300/200/uploads/2022/03/mozaik-pasta-tarifi-yemekcom.jpg,300,200,True,https://cdn.yemek.com/mncrop/940/625/uploads/2022/03/mozaik-pasta-tarifi-yemekcom.jpg,940,625,True,https://cdn.yemek.com/mncrop/620/388/uploads/2022/03/mozaik-pasta-tarifi-yemekcom.jpg,620,388,True,https://cdn.yemek.com/mncrop/600/315/uploads/2022/03/mozaik-pasta-tarifi-yemekcom.jpg,600,315,True,,,,,,
130,29467,Yasemin Özaltın,https://cdn.yemek.com/author/35533/20181219061403_avatar.jpg,/profil/yasemingursurer/,3-2-1 Ölçüsüyle: Bayatlamayan Kabartma Tozlu Poğaça,Bayatlamayan Kabartma Tozlu Poğaça,/tarif/bayatlamayan-kabartma-tozlu-pogaca/,15 dk,15 dk,"<p>Hem çok kolay, hem çok hızlı, hem de yemesi pek keyifli muhteşem bir <a href=""https://yemek.com/tarif/pogaca/"" target=""_blank"">poğaça</a>...Bayatlamayan kabartma tozlu poğaça tarifi, hazırlandıktan sonra tadına bakıp da beğenmeyenini, ikincisini istemeyenini zor bulursunuz. İçindeki malzemelerin miktarlarından dolayı “3-2-1 poğaça <a href=""https://yemek.com/tarif/"" target=""_blank"">tarif</a>i” diye de bilinen bu güzelliği hala denemeyenler varsa diye zevkle paylaşıyoruz.</p>
<p>3-2-1 poğaça tarifi, malzemeleri ile de ekonomik! İçinde 3 paket kabartma tozu, 2 bardak yoğurt ve 1 yumurta var. Kabartma tozu ne kadar da çokmuş acı olur o diyorsanız, hiç de öyle olmadığını, inanılmaz yumuşak, aşırı lezzetli olduğunu deneyince anlayacaksınız. Üstelik de bayatlamıyor, hoş gerçi bayatlamasını bekleyecek kadar uzun süre yemeden duramayacaksınız o da ayrı.  O zaman siz aşağıda yazan diğer malzemeleri de hazırlayıverin, <a href=""https://yemek.com/tarif/yumusak-pogaca/"" target=""_blank"">yumuşacık poğaça</a>mızı yapalım. Şimdiden afiyetler olsun.</p>
",recipe,"['tuz', 'toz şeker', 'un', 'kabartma tozu', 'yoğurt', 'yumurta sarısı', 'sirke', 'beyaz peynir', 'susam', 'yumurta beyazı', 'sıvı yağ']","['Bir yoğurma kabına; yağ, yoğurt ve yumurta beyazını alıp güzelce karıştırın.', 'Ardından kabartma tozları, tuz, şeker ve sirkeyi de ilave edip, tekrar karıştırın.', 'Unu azar azar ilave ederek yoğurmaya başlayın. Hafifçe ele yapışan bir hamur elde edeceksiniz.', 'Hazırladığınız hamurdan mandalinadan biraz küçük olacak parçalar kopartın. Elinizle yuvarlayın ve avucunuzla bastırıp yassılaştırın.', 'Yassılaştırdığınız hamur parçasının ortasına bir çatalla ezdiğiniz beyaz peynirden biraz koyun.', 'Kenarlarını birleştirip kapatın ve tekrar yuvarladıktan sonra yağlı kağıt serdiğiniz bir fırın tepsisine yerleştirin.', 'Tüm hamuru bu şekilde hazırlayıp tepsiye dizin.', 'Üstlerine bir fırça yardımıyla yumurta sarısı sürün ve susam serpin. Önceden ısıttığınız 200 derece fırında, üstleri kızarana dek yaklaşık 15 dakika pişirin.', 'Tepsiyi fırından aldıktan sonra ılıklaşmasını bekleyin ve ardından servis edin.']",POĞAÇA,239b56,/tarif/pogaca/,"['Hamur İşi', 'Kahvaltılık', 'Poğaça', 'Video']","['kahvaltı', 'çay saati']","['Kahvaltı', 'Çay Saati']",['Fırın'],['Vejetaryen'],False,900,900,2018-01-31T07:11:19Z,4.0,1443090,8543,False,True,False,0,,0,,,,2018/01/bayatlamayan-pofuduk-pogaca-yemekcom.jpg,0,0,https://cdn.yemek.com/mnresize/940/940/uploads/2018/01/bayatlamayan-pofuduk-pogaca-yemekcom.jpg,940,940,False,https://cdn.yemek.com/mncrop/300/200/uploads/2018/01/bayatlamayan-pofuduk-pogaca-yemekcom.jpg,300,200,True,https://cdn.yemek.com/mncrop/940/625/uploads/2018/01/bayatlamayan-pofuduk-pogaca-yemekcom.jpg,940,625,True,https://cdn.yemek.com/mncrop/620/388/uploads/2018/01/bayatlamayan-pofuduk-pogaca-yemekcom.jpg,620,388,True,https://cdn.yemek.com/mncrop/600/315/uploads/2018/01/bayatlamayan-pofuduk-pogaca-yemekcom.jpg,600,315,True,,,,,,
131,129,Yasemin Özaltın,https://cdn.yemek.com/author/35533/20181219061403_avatar.jpg,/profil/yasemingursurer/,Lokanta Usulü: Köri Soslu Tavuk,Köri Soslu Tavuk,/tarif/kori-soslu-tavuk/,20 dk,10 dk,"<p>Baharat sevenleri, her yaptığı <a href=""https://yemek.com/tarif/"" target=""_blank"">yemek tarifinin</a> içine tuz hariç mutlaka en az 2 baharat ekleyenleri, körinin kokusunu da tadını da çok sevenleri böyle alalım. Güneydoğu Asya Mutfağı'nın vazgeçilmez baharatı köri, içerisinde bulunan sumak, zencefil, kimyon, kişniş vb. baharatlarla tam bir şifa kaynağı olma özelliğini taşıyor. Beyaz etlerle harika bir uyum yakalayan köri, en çok <a href=""https://yemek.com/tarif/tavuk/"" target=""_blank"">tavuk etini</a> seviyor. Karşınızda nefis mi nefis: <strong>Köri soslu tavuk tarifi!</strong></p>
<p>Resimli anlatımıyla, en pratik ve yemelere doyum olmaz körili tavuk tarifini veriyor, köri sos nasıl yapılır tek tek anlatıyoruz. Yanına <a href=""https://yemek.com/tarif/patates-puresi/"" target=""_blank"">patates püresi</a>, <a href=""https://yemek.com/tarif/salata/"" target=""_blank"">salata</a> ya da <a href=""https://yemek.com/tarif/pilav/"" target=""_blank"">pilavla</a> servis edebilirsiniz. Lokantalarda sunulan köri soslu tavuklardan çok daha lezzetli oluyor, yiyen herkes tarifini istiyor. Bu lezzeti sık sık pişirmek isteyeceksiniz. Şimdiden ellerinize sağlık diyor, <a href=""https://yemek.com/soslu-tavuk-yemekleri/"" target=""_blank"">soslu tavuk yemekleri</a> arasında en çok sevilen bu kolay yemek tarifimize buyur ediyoruz.</p>
<p>Köri sosun tadını sevdiyseniz belki sonra <a href=""https://yemek.com/tarif/kremali-korili-tavuklu-makarna/"" target=""_blank"">köri soslu makarna tarifine</a> de şans vermek isteyebilirsiniz. Afiyet olsun!</p>
",recipe,"['tereyağı', 'sıcak su', 'tuz', 'un', 'maydanoz', 'karabiber', 'kuşbaşı tavuk göğsü', 'soğuk süt', 'köri', 'sıvı yağ']","['Sıvı yağını bir tavada kızdırın. Kuşbaşı\xa0doğranmış tavuk göğsünü aktarın.', 'Renk alıp, suyunu çekene kadar orta ateşte kavurun.', 'Köri sosu hazırlamak için; ayrı bir tavada tereyağını sos tenceresinde eritin.', 'Unu da üzerine ekleyin ve\xa0 kokusu çıkıp, renk alana kadar karıştırarak kavurun.', 'Kavrulan una soğuk sütü ekleyin ve unun topaklanmaması için bir çırpıcı yardımıyla hızlıca karıştırın.', 'Sıcak su, köri, tuz ve karabiberi katın.', 'Sosu, kısık ateşte koyu bir kıvam alana kadar sürekli karıştırarak 4- 5 dakika pişirin.', 'Hazırladığınız sosu, kavrulan tavuklara ekleyin ve harmanladıktan sonra pişirme işlemini 5 dakika kadar sürdürün.', 'İncecik kıyılmış bir avuç maydanozu, köri soslu tavuğa ilave ettikten sonra bekletmeden sıcak olarak servis edin.', 'Köri soslu tavuk tarifi hazır. Afiyet olsun!']",TAVUK,239b56,/tarif/tavuk/,"['Tavuk', 'Video']","['ekonomik', 'akşam yemeği', 'öğle yemeği']","['Öğle Yemeği', 'Akşam Yemeği']",['Tencere'],"['Ekonomik', 'Bol Proteinli']",False,1200,600,2019-05-14T13:24:40Z,4.0,1396751,11895,False,True,True,0,,0,,,,2014/06/kori-soslu-tavuk-yemekcom.jpg,0,0,https://cdn.yemek.com/mnresize/940/940/uploads/2014/06/kori-soslu-tavuk-yemekcom.jpg,940,940,False,https://cdn.yemek.com/mncrop/300/200/uploads/2014/06/kori-soslu-tavuk-yemekcom.jpg,300,200,True,https://cdn.yemek.com/mncrop/940/625/uploads/2014/06/kori-soslu-tavuk-yemekcom.jpg,940,625,True,https://cdn.yemek.com/mncrop/620/388/uploads/2014/06/kori-soslu-tavuk-yemekcom.jpg,620,388,True,https://cdn.yemek.com/mncrop/600/315/uploads/2014/06/kori-soslu-tavuk-yemekcom.jpg,600,315,True,"['tencere', 'bol proteinli']",,,,,
132,97480,Ayşegül Uslu,https://cdn.yemek.com/author/409098/20230915055430_avatar.jpg,/profil/aysegulu/,Protein Bombası: Yeşil Mercimek Köftesi,Yeşil Mercimek Köftesi,/tarif/yesil-mercimek-kofteleri/,15 dk,15 dk,"<p><a href=""https://yemek.com/tarif/kofte/"" target=""_blank"">Köfte</a> yapmak için illa kıymaya gerek yok, yüksek proteinli her türlü bakliyatla nefis köfteler yapmak mümkün! Bunlardan en sevileni ise yeşil mercimekli köfteler elbet. Yüksek protein oranı, lifli yapısı ve kendine özgü enfes tadıyla kıymalı köftelere çok iyi bir alternatif oluşturuyor. Üstelik yapımı oldukça kolay, tüm malzemeleri tek kapta karıştırılarak hazırlanıyor. Kalanı ise dilediğiniz gibi şekillendirip, az yağda kızartmak. Tabii isterseniz fırın tepsisine dizerek ve her birinin üzerini yağlayarak da pişirebilirsiniz köftelerinizi. Bu sayede hem daha az uğraşlı hem de daha hafif bir <a href=""https://yemek.com/tarif/"" target=""_blank"">yemek</a> hazırlayabilirsiniz. Tercih sizin.</p>
<p>Afiyet olsun!</p>
",recipe,"['tuz', 'yumurta', 'un', 'sarımsak', 'karabiber', 'domates salçası', 'kırmızı toz biber', 'kimyon', 'galeta unu', 'kırmızı soğan', 'sıvı yağ', 'haşlanmış mercimek']","['Yeşil mercimek köftesi için bir mutfak robotunun içine soğanı, sarımsağı, domates salçasını, yumurtayı, galeta ununu ve baharatları ekleyerek, püre haline gelinceye kadar çekin.', 'Hazneye haşlanmış mercimekleri de ekleyerek, homojen bir kıvam alana kadar karıştırın.', 'Karışımı geniş bir kaba aktararak üzerine unu ilave edin. Bir kaşık yardımıyla unu harca yedirin. Ellerinizi ıslatarak, harçtan ceviz büyüklüğünde parçalar alarak köftelerinizi yuvarlak diskler şeklinde şekillendirin', 'Geniş bir kızartma tavasına sıvı yağı ekleyip kızdırın. Köftelerin iki yanını da açık kahverengi rengini alıncaya dek kızartın.', 'İsteğe göre üzerini doğranmış taze maydanozla süsleyerek ve yanında yoğurtlu bir sosla servis edin. Afiyet olsun!']",BAKLİYAT,239b56,/tarif/bakliyat/,"['Özel Beslenme', 'Vejetaryen', 'Vegan', 'Video', 'Bakliyat']","['akşam yemeği', 'öğle yemeği']","['Öğle Yemeği', 'Akşam Yemeği']",['Tava'],"['Ekonomik', 'Vejetaryen', 'Bol Lifli', 'Bol Proteinli', 'Vegan']",False,900,900,2021-07-30T06:41:28Z,4.0,1225,872,False,True,True,0,,0,,,,2021/07/yesil-mercimek-koftesi-yemekcom.jpg,0,0,https://cdn.yemek.com/mnresize/940/940/uploads/2021/07/yesil-mercimek-koftesi-yemekcom.jpg,940,940,False,https://cdn.yemek.com/mncrop/300/200/uploads/2021/07/yesil-mercimek-koftesi-yemekcom.jpg,300,200,True,https://cdn.yemek.com/mncrop/940/625/uploads/2021/07/yesil-mercimek-koftesi-yemekcom.jpg,940,625,True,https://cdn.yemek.com/mncrop/620/388/uploads/2021/07/yesil-mercimek-koftesi-yemekcom.jpg,620,388,True,https://cdn.yemek.com/mncrop/600/315/uploads/2021/07/yesil-mercimek-koftesi-yemekcom.jpg,600,315,True,,,,,,
133,116420,Ferhat Bora,https://cdn.yemek.com/author/60659/20230323072229_avatar.png,/profil/ferhatbora/,Karadeniz'e Sevgiler: Palamut Ekşilisi,Palamut Ekşilisi,/tarif/palamut-eksilisi/,30 dk,10 dk,"<p>Balık sezonu açıldığına göre sofralarımıza taze taze balıklar ile leziz yemekler yapalım! Sizleri Trabzon'a götürecek nefis bir <a href=""https://yemek.com/tarif/"" target=""_blank"">tarif</a>imiz var. <a href=""https://yemek.com/tarif/mevsiminde/"" target=""_blank"">Mevsiminde</a> palamutlar ile şöyle ekşili, <a href=""https://yemek.com/tarif/sebze/"" target=""_blank"">sebze</a>si bol bir <a href=""https://yemek.com/tarif/balik/"" target=""_blank"">balık</a> hazırlayalım diyerek mutfağa girdik.</p>
<p>Hazırlaması sadece 10 dakika süren bu pratik balığı fırına verdiğinizde <a href=""https://yemek.com/balik-mezeleri/"" target=""_blank"">balık mezeleri</a> için de bir yandan hazırlığa başlayın. Sofralar kurulsun, bu akşam yemekte palamut ekşilisi var! Afiyet olsun.</p>
",recipe,"['kuru soğan', 'patates', 'palamut', 'domates', 'sivri biber', 'sarımsak', 'tuz', 'karabiber', 'limonun suyu', 'su', 'zeytinyağı', 'limon', 'tereyağı', 'maydanoz']","['Soğan ve patateslerin kabuklarını soyun ve çok ince halkalar şeklinde doğrayın. Domateslerin kabuklarını soyun ve küp doğrayın. Biberleri ve sarımsakları da ince halkalar şeklinde doğrayın.', 'Palamutu kalın halkalar şeklinde doğrayın ve içindeki tüm siyalıkları temizleyin.', 'Geniş, kalın tabanlı ve kapağı olana bir tavaya önce soğanları ardından patatesleri sırayla dizin. Palamutları da yerleştirip sırasıyla domates,yeşil biber ve sarımsakları ekleyin.', 'Bütün malzemelerin üzerine gelecek şekilde tuz, karabiber,limon suyu, su, zeytinyağı gezdirin. Son olarak limon dilimleri ve tereyağı parçalarını ekleyip kapağı kapatın.', 'Yemeği ocağa alın önce yüksek ateşte ardından kaynamayı görünce kısık ateşte pişirmeye devam edin. Bir bıçağın ucu ile patatesleri kontrol edin, eğer yumuşaksa yemeği ocaktan alın.', 'Palamut ekşilisini 5 dakika dinlendirin ve üzerine ince kıyılmış maydanoz yaprakları serperek servis edin. Afiyet olsun.']",BALIK,239b56,/tarif/balik/,"['Balık', 'Video', 'Yöresel Tarifler', 'Mevsiminde']","['akşam yemeği', 'öğle yemeği']","['Öğle Yemeği', 'Akşam Yemeği']",['Tava'],,False,1800,600,2022-09-28T08:26:02Z,4.0,766,301,False,True,False,0,,0,,,,2022/09/palamut-eksilisi-yemekcom.jpg,0,0,https://cdn.yemek.com/mnresize/940/940/uploads/2022/09/palamut-eksilisi-yemekcom.jpg,940,940,False,https://cdn.yemek.com/mncrop/300/200/uploads/2022/09/palamut-eksilisi-yemekcom.jpg,300,200,True,https://cdn.yemek.com/mncrop/940/625/uploads/2022/09/palamut-eksilisi-yemekcom.jpg,940,625,True,https://cdn.yemek.com/mncrop/620/388/uploads/2022/09/palamut-eksilisi-yemekcom.jpg,620,388,True,https://cdn.yemek.com/mncrop/600/315/uploads/2022/09/palamut-eksilisi-yemekcom.jpg,600,315,True,,,"['Eylül', 'Ekim', 'Kasım', 'Aralık']",,['Trabzon'],
134,48748,Ferhat Bora,https://cdn.yemek.com/author/60659/20230323072229_avatar.png,/profil/ferhatbora/,Her Öğünde Yenir: Patatesli Kabak Mücveri,Patatesli Kabak Mücveri,/tarif/patatesli-kabak-mucveri/,25 dk,20 dk,"<p>Yanında yapacağız enfes bir yoğurt sos ile servis edilen leziz <a href=""https://yemek.com/tarif/mucver/"" target=""_blank"">mücverler</a>... Ağız sulandırıcı değil mi? Bu lezzet uyumunun mutlu edemeyeceği insan yok desek abartmış olmayız. Kızartma tarifleri içerisinde en çok sevilenlerin başında da kabak mücveri tarifi geliyor. <a href=""https://yemek.com/tarif/vejetaryen"" target=""_blank"">Etsiz beslenenlerinin</a> de favori yiyeceklerinden o! Gelin şimdi bu efsane lezzetin içerisine çok sevdiğimiz bir <a href=""https://yemek.com/tarif/sebze/"" target=""_blank"">sebzeyi</a>, patatesi de ekleyelim. Mücvere seviye atlatalım. Yemelere doyamayacağınız patatesli kabaklı mücver tarifi karşınızda!</p>
<p>Biz bir de içerisine beyaz peynir ilave ettik, tadına tat kattık. Dilerseniz başka bir peynir de ilave edebilirsiniz. Yağ çekmemesi için de kabaklarınızın suyunu mutlaka güzelce sıkmaya özen gösterin. Şimdiden ellerinize sağlık diyor, enfes tarifimize buyur ediyoruz.</p>
",recipe,"['tuz', 'tuz', 'yumurta', 'un', 'kabartma tozu', 'sarımsak', 'maydanoz', 'havuç', 'kabak', 'orta boy patates', 'süzme yoğurt', 'dereotu', 'beyaz peynir', 'sıvı yağ']","['Kabakları, havucu, patatesi rendenin kalın tarafı ile rendeleyin ve avcunuzla sıkıp derin bir kaseye alın.', 'Karışımın üstüne peyniri, yumurtaları, ince kıyılmış maydanozu ve dereotunu da ekleyip karıştırın. Son olarak karışıma un, kabartma tozu ve tuz da ekleyip spatula ile harmanlayın.', 'Geniş bir tavaya sıvı yağı koyun ve orta ateşte ısıtın. Isınan yağın içine mücver harcından kaşıkla istediğiniz boyutlarda parçalar koyup, önlü arkalı kızartın.', 'Kızaran mücverleri havlu peçete serilmiş bir tabağa çıkartın ve bir kaç dakika dinlendirin.', 'Servis etmeden önce süzme yoğurdu, ezilmiş sarımsak ve bir tutam tuzla karıştırın.', 'Mücverleri sıcak, ılık ya da soğuk olarak yanında yoğurt sos ile servis edebilirsiniz. Afiyet olsun.']",SEBZE,239b56,/tarif/sebze/,"['Sebze', 'Özel Beslenme', 'Vejetaryen', 'Video', 'Kızartma', 'Mevsiminde']","['ekonomik', 'akşam yemeği', 'öğle yemeği']","['Öğle Yemeği', 'Akşam Yemeği']",['Tava'],"['Ekonomik', 'Vejetaryen']",False,1500,1200,2023-07-19T09:16:51Z,4.0,38925,855,False,True,False,0,,0,,,,2019/04/olmeden-once-mucver-yemekcom.jpg,0,0,https://cdn.yemek.com/mnresize/940/940/uploads/2019/04/olmeden-once-mucver-yemekcom.jpg,940,940,False,https://cdn.yemek.com/mncrop/300/200/uploads/2019/04/olmeden-once-mucver-yemekcom.jpg,300,200,True,https://cdn.yemek.com/mncrop/940/625/uploads/2019/04/olmeden-once-mucver-yemekcom.jpg,940,625,True,https://cdn.yemek.com/mncrop/620/388/uploads/2019/04/olmeden-once-mucver-yemekcom.jpg,620,388,True,https://cdn.yemek.com/mncrop/600/315/uploads/2019/04/olmeden-once-mucver-yemekcom.jpg,600,315,True,"['vejetaryen', 'kızartma']",,"['Haziran', 'Temmuz', 'Ağustos']",,,
135,7077,Leyla Günbay,https://cdn.yemek.com/author/479837/20230905030336_avatar.jpg,/profil/leylagunbayy/,Günü Kurtarır: Sebzeli Tavuk Sote,Sebzeli Tavuk Sote,/tarif/sebzeli-tavuk-sote/,25 dk,15 dk,"<p>Tavuk, hızlı pişiyor ve maddi olarak kolay ulaşılabiliyor olması sebebiyle birçoğumuzun mutfağının demirbaşlarından.</p>
<p>Tek başına pişirildiğinde, hele bir de kurutarak pişirilirse çok çekilmez bir yemeğe dönüşebiliyor. <a href=""https://yemek.com/tarif/kabak-kavurma/#.Vxize0yLTIU"" target=""_blank"">Kurutmadan ızgara tavuk pişirmenin yolları</a> olmasına rağmen tecrübe isteyen bir iş olduğu da bir gerçek.</p>
<p><a href=""https://yemek.com/tarif/tavuk/"" target=""_blank"">Tavuk</a> sote ise, tavuk pişirmek için çok daha hızlı ve risksiz bir yöntem. Hem ufak parçalara bölünerek pişirilen tavuk kurutmadan pişirilebiliyor, hem de içerisine konulan ek malzemelerle güzel lezzetler yakalanabiliyor.</p>
<p>Sebzeli tavuk sote, soğan ve sarımsağın lezzeti, biberlerin renkleriyle hem göze hem de mideye hitap eden lezzetli bir tarif.</p>
",recipe,"['sıcak su', 'tuz', 'tuz', 'pul biber', 'zeytinyağı', 'karabiber', 'havuç', 'domates salçası', 'yeşil biber', 'kırmızı biber', 'kekik', 'kabak', 'soğan', 'sarı biber', 'kemiksiz tavuk but', 'ezilmiş sarımsak']","['Isıttığınız tavaya önce yağı, ardından tavukları alın ve suyunu salıp çekene kadar kavurun.', 'Havuçları, sarımsağı ve soğanları da ekleyin. Kavurmaya devam edin.', 'Biberleri ve kabakları da üzerine ilave edin. Kavurmaya devam edin.', 'Sos için; sıcak su, salça ve tuzu karıştırın.', 'Baharatları da ilave edin. Sosu tavaya ekleyin ve çekene kadar pişirmeye devam edin.', 'Sıcak sıcak servis edin. Afiyet olsun!']",TAVUK,239b56,/tarif/tavuk/,['Tavuk'],"['akşam yemeği', 'öğle yemeği']","['Öğle Yemeği', 'Akşam Yemeği']",['Ocak'],"['Ekonomik', 'Bol Proteinli']",False,1500,900,2023-07-25T13:04:43Z,4.0,246372,3413,False,False,True,0,,0,,,,2016/07/sebzeli-tavuk-sote-sunum-yemekcom.jpg,0,0,https://cdn.yemek.com/mnresize/940/940/uploads/2016/07/sebzeli-tavuk-sote-sunum-yemekcom.jpg,940,940,False,https://cdn.yemek.com/mncrop/300/200/uploads/2016/07/sebzeli-tavuk-sote-sunum-yemekcom.jpg,300,200,True,https://cdn.yemek.com/mncrop/940/625/uploads/2016/07/sebzeli-tavuk-sote-sunum-yemekcom.jpg,940,625,True,https://cdn.yemek.com/mncrop/620/388/uploads/2016/07/sebzeli-tavuk-sote-sunum-yemekcom.jpg,620,388,True,https://cdn.yemek.com/mncrop/600/315/uploads/2016/07/sebzeli-tavuk-sote-sunum-yemekcom.jpg,600,315,True,"['tencere', 'glutensiz', 'düşük karbonhidratlı']",,,,,
136,127328,Leyla Günbay,https://cdn.yemek.com/author/479837/20230905030336_avatar.jpg,/profil/leylagunbayy/,Ekmek Banmalık: Soslu Et Kavurma,Soslu Et Kavurma,/tarif/soslu-et-kavurma/,40 dk,15 dk,"<p><a href=""https://yemek.com/tarif/et/"" target=""_blank"">Et tarifleri</a> çok sevilir; soslu et tarifleri daha da çok sevilir! <a href=""https://yemek.com/tarif/evde-somun-ekmek/"" target=""_blank"">Ekmek</a> ve <a href=""https://yemek.com/tarif/kebapci-usulu-tirnak-pide/"" target=""_blank"">pide</a> banmak için ideal tariflerdir. Yanında <a href=""https://yemek.com/tarif/mezeler/"" target=""_blank"">mezeler</a> ve <a href=""https://yemek.com/tarif/pilav/"" target=""_blank"">pilavlar</a> servis edilir.</p>
<p>Sizler de tarifini verdiğimiz bu eti deneyebilir; yumuşacık olan etlerinizin tadını çıkarabilirsiniz. Şimdiden afiyet olsun!</p>
",recipe,"['sıvı yağ', 'soğan', 'yeşil biber', 'kapya biber', 'kuşbaşı dana eti', 'domates salçası (arzuya göre)', 'su', 'kekik', 'pul biber', 'tuz', 'karabiber']","['Tavaya yağı ve soğanları ekleyin. Soğanlar renk alana dek kavurun.', 'Biberleri de üzerine ekleyin.', 'Biberler ve soğanları kavurduktan sonra etleri de ekleyin. Biraz daha kavurun.', 'Salçayı ya da tercihinize göre domatesleri ekleyin. 2-3 dakika daha kavurun. Tuz, pul biber, kekik ve karabiberi de bu evrede ilave edin. Suyu da ekleyin ve tüm malzemeler özdeşleşene kadar biraz daha pişirin.', 'Afiyet olsun!']",ET,239b56,/tarif/et/,['Et'],"['akşam yemeği', 'öğle yemeği']","['Öğle Yemeği', 'Akşam Yemeği']",['Tava'],['Bol Proteinli'],False,2400,900,2023-06-21T09:31:30Z,5.0,3,73,False,False,True,0,,0,,,,2023/06/soslu-et-kavurma-sunum-yemekcom.jpg,0,0,https://cdn.yemek.com/mnresize/940/940/uploads/2023/06/soslu-et-kavurma-sunum-yemekcom.jpg,940,940,False,https://cdn.yemek.com/mncrop/300/200/uploads/2023/06/soslu-et-kavurma-sunum-yemekcom.jpg,300,200,True,https://cdn.yemek.com/mncrop/940/625/uploads/2023/06/soslu-et-kavurma-sunum-yemekcom.jpg,940,625,True,https://cdn.yemek.com/mncrop/620/388/uploads/2023/06/soslu-et-kavurma-sunum-yemekcom.jpg,620,388,True,https://cdn.yemek.com/mncrop/600/315/uploads/2023/06/soslu-et-kavurma-sunum-yemekcom.jpg,600,315,True,,,,,,
137,2939,Çigdem Esastürk,https://cdn.yemek.com/author/347443/20211122022131_avatar.jpeg,/profil/cigdemesasturk/,Kaşar da mı Eklesek: Tavuk Güveç,Tavuk Güveç,/tarif/tavuk-guvec/,25 dk,25 dk,"<p><a href=""https://yemek.com/tarif/guvec/"" target=""_blank"">Güveç</a> sevilmez mi, mümkün mü hiç? Bol vitaminli o sıcacık suyuna ekmek banılmaz mı? Arpacık soğanı, sarımsağı, domates, patates, bezelye ve baharatları yerli yerinde güveç tarifine tavuk kattık, bir o kadar hafif ve lezzetli oldu doğrusu.</p>
<p>Son dokunuş olacak kaşar peynirini de inisiyatifinize bıraktık. Afiyet olsun.</p>
",recipe,"['sıcak su', 'tuz', 'sarımsak', 'zeytinyağı', 'cherry domates', 'domates salçası', 'domates', 'kekik', 'taze çekilmiş tane karabiber', 'tavuk göğsü', 'kaşar peyniri', 'soğan', 'tatlı toz kırmızı biber', 'biber', 'biber']","['Tavaya yağı alın kızdırın ve küp küp doğranmış tavuk etlerini ekleyip soteleyin.', 'Tavuklar suyunu çekmeye başladığında soğanı ekleyin. Ardından biber ve domatesi, sarımsağı ekleyin ve sotelemeye devam edin.', 'Salça, tuz ve baharatları ekledikten sonra karıştırın.', 'Üzerine suyunu da ekleyip kıvam alana kadar 5 dakika pişirin.', 'Tavukları güveçlere paylaştırın.', 'Üzerine kaşar peyniri domates ve biberi de ekleyin. 190 derecelik fırında kaşar eriyinceye kadar 5-10 dakika pişirin.', 'Afiyet olsun.']",TAVUK,239b56,/tarif/tavuk/,"['Tavuk', 'Ramazan']",,"['Öğle Yemeği', 'Akşam Yemeği']",['Fırın'],['Bol Proteinli'],False,1500,1500,2023-08-22T07:15:09Z,4.0,238162,1745,False,False,True,0,,0,,,,2015/07/tavuk-guvec-yeni.jpg,0,0,https://cdn.yemek.com/mnresize/940/940/uploads/2015/07/tavuk-guvec-yeni.jpg,940,940,False,https://cdn.yemek.com/mncrop/300/200/uploads/2015/07/tavuk-guvec-yeni.jpg,300,200,True,https://cdn.yemek.com/mncrop/940/625/uploads/2015/07/tavuk-guvec-yeni.jpg,940,625,True,https://cdn.yemek.com/mncrop/620/388/uploads/2015/07/tavuk-guvec-yeni.jpg,620,388,True,https://cdn.yemek.com/mncrop/600/315/uploads/2015/07/tavuk-guvec-yeni.jpg,600,315,True,,,,,,
138,91229,Ferhat Bora,https://cdn.yemek.com/author/60659/20230323072229_avatar.png,/profil/ferhatbora/,Ben Bunu Yerim: Çullama Köfte,Çullama Köfte,/tarif/cullama-kofte/,25 dk,25 dk,"<p>Ağız sulandıracak ve akşam sofralarına gönül rahatlığı ile hazırlayabileceğiniz enfes tarifimiz Afyonkarahisar'dan geliyor. Çullama köfte tarifi, pratik köfte harcı ve leziz dış kaplamasıyla sofralara renk katacak. <a href=""https://yemek.com/tarif/kofte"" target=""_blank"">Köfte tarifleri</a> içinden lezzetiyle ve farklılığıyla sıyrılacak.</p>
<p>Köfte harcımız çabucak hazırlanıp yoğurulduktan sonra kaynar suda çok kısa bir süre haşlanacak, ardından yoğurtlu ve yumurtalı bir sos ile kaplanacak. Harca bulunan köfteler kızgın yağda kızartıldıktan sonra mis kokulu domates sosu ve süzme yoğurtla servis edilmeye hazır.</p>
<p>Mutfak, bu yöresel tarif için sizi bekler. Şimdiden ellerinize sağlık.</p>
",recipe,"['kuru soğan', 'tereyağı', 'tuz', 'tuz', 'tuz', 'tuz', 'pul biber', 'yumurta', 'un', 'maydanoz', 'yoğurt', 'karabiber', 'karabiber', 'ince bulgur', 'kimyon', 'süzme yoğurt', 'yenibahar', 'kuru nane', 'karbonat', 'dana kıyma', 'sıvı yağ', 'domates rendesi']","['<div>Köfte harcı için maydanozları olabildiğince ince kıyın, soğanı rendenin kalın tarafıyla rendeleyin.</div>\n<div></div>', '<div>Derin bir kabın içerisinde kıyma, soğan, bulgur, maydanoz ve baharatları\xa05-6 dakika\xa0 bulgurlar hafifçe şişip harç birbiriyle özleşene kadar yoğurun.</div>', '<div>Harçtan ceviz büyüklüğünde parçalar koparın ve elinizi hafifçe ıslatıp köfteleri sıkıca yuvarlayın ve bastırın. Köfteleri yaptıktan sonra en 15 dakika buzdolabında dinlendirin.</div>', '<div>Köfteler dinlenirken yayvan bir tencerede 2 litre kadar su kaynatın ve içerisine az miktarda tuz atın.</div>', '<div>Köfteleri buzdolabında çıkarın, kaynar suda yaklaşık 3 dakika sertleşene kadar pişirin. Köfteleri sudan süzerek alın ve ılınmaya bırakın.</div>', '<div>Köfteler dinlenirken kaplaması\xa0için yumurta ve yoğurdu çırpın unu azar azar ekleyin. Sonlara doğru tuzu ve karbonatı da ekleyip pürüzsüz koyu akışkan bir harç hazırlayın.</div>', '<div>Harcı hazırladıktan sonra geniş yüzeyli bir tavada sıvı yağı orta sıcaklıkta ısıtın.</div>', 'Köfteleri yumurtalı harca bandırın, çatal yardımı ile fazlasını süzdürüp yağda önlü arkalı kızartın. Kızaran köfteler\xa0havlu peçete üzerine çıkarın.', '<div>Sos için ufak bir tavada tereyağını eritin, domates püresini ve baharatları\xa0ekleyip 1-2 taşım kısık ateşte kaynatın.</div>', 'Köfteleri sıcak olarak yanında sos ve tuzla\xa0çırpılmış süzme yoğurt ile servis edebilirsiniz. Afiyet olsun.']",KÖFTE,239b56,/tarif/kofte/,"['Et', 'Köfte', 'Ramazan', 'Video', 'Yöresel Tarifler']",['akşam yemeği'],['Akşam Yemeği'],['Tencere'],['Bol Proteinli'],False,1500,1500,2021-04-09T08:05:58Z,4.0,16597,654,False,True,False,0,,0,,,,2021/04/cullama-kofte-yemekcom.jpg,0,0,https://cdn.yemek.com/mnresize/940/940/uploads/2021/04/cullama-kofte-yemekcom.jpg,940,940,False,https://cdn.yemek.com/mncrop/300/200/uploads/2021/04/cullama-kofte-yemekcom.jpg,300,200,True,https://cdn.yemek.com/mncrop/940/625/uploads/2021/04/cullama-kofte-yemekcom.jpg,940,625,True,https://cdn.yemek.com/mncrop/620/388/uploads/2021/04/cullama-kofte-yemekcom.jpg,620,388,True,https://cdn.yemek.com/mncrop/600/315/uploads/2021/04/cullama-kofte-yemekcom.jpg,600,315,True,['bol proteinli'],,,,['Afyonkarahisar'],
139,121404,Ferhat Bora,https://cdn.yemek.com/author/60659/20230323072229_avatar.png,/profil/ferhatbora/,Tam Kıvamında: Kusursuz Hünkar Beğendi,Kusursuz Hünkar Beğendi,/tarif/kusursuz-hunkar-begendi/,60 dk,30 dk,"<p>Lokum gibi pişmiş etleri ipeksi köz patlıcan ile buluşturuyoruz. Ortaya ziyafet tadında bir ana yemek çıkıyor. Tek farkla! Bu kez kusursuz hünkar beğendi yapmaya niyetliyiz. Videolu anlatımında tam kıvamında pişmiş <a href=""https://yemek.com/tarif/et/"" target=""_blank"">et</a>ler ile <a href=""https://yemek.com/tarif/hunkar-begendi/"" target=""_blank"">hünkar beğendi</a> tarifi yapmanın püf noktalarını bulacaksınız.</p>
<p>Ben bu yemeği hazırladım, yanına ne iyi gider diyorsanız da ""<a href=""https://yemek.com/hunkar-begendi-yanina-ne-gider/"" target=""_blank"">Hünkar Beğendinin Yanına Ne Gider?</a>"" içeriğimize buyursunlar.</p>
",recipe,"['kemer patlıcan', 'süt', 'tereyağı', 'un', 'tuz', 'karabiber', 'tereyağı', 'zeytinyağı', 'kuzu kol kuşbaşı', 'soğan', 'sarımsak', 'domates salçası', 'rendelenmiş domates', 'sıcak su', 'tuz']","['Orta boy, kalın tabanlı ve derin bir tencereyi orta ateşte sıcak hale getirin ve yağlarla birlikte kuzu etlerini de ekleyip kavurun. Kavurma işlemine etler tüm suyunu çekene kadar orta ateşte devam edin.', 'Soğanları çok ufak küpler şeklinde ve sarımsakları da ince dilimler halinde doğrayıp kavrulmaya devam eden etlerin üzerine ekleyin. Soğanlar tamamen saydamlaşıp tencerede hiç su kalmayana kadar kavurma işlemini sürdürün.', 'Tencereye salça ve domates rendesini de ekleyip 2-3 dakika özleşmeleri için kavurun, ardından sıcak suyu da ekleyip karıştırdıktan sonra, tencerenin kapağını kapatıp ocağın altını en kısık konuma getirin. Etler yumuşacık olup sosla bütünleşene kadar pişmeye bırakın.', 'Beğendi için patlıcanları ocakta közleyin. Közlenmiş patlıcanların üstünü örtüp 2 dakika dinlendirdikten sonra hala sıcakken soyun. Patlıcanları kesme tahtası üzerinde büyük bir bıçakla kıyabildiğiniz kadar çok kıyıp neredeyse bir püre haline getirin ve tüm suyu ile birlikte süzgece alın. Köz patlıcanları süzgeçten geçirin böylelikle pürüzsüz ve ipeksi bir püre elde etmiş olacaksınız.', 'Orta boy bir tencerede beğendi için tereyağı ve unu kokusu çıkana kadar orta kısık ateşte kavurun ardından patlıcan püresini ekleyip pürüzsüz ve bütün bir hal alana kadar pişirmeye devam edin.', 'Tencereye sütü azar azar ekleyip topak oluşturmadan beğendiyi tamamlayın. Tuz ve karabiberini de ekleyip ocaktan alın.', 'Son olarak etleri kontrol edin. Etler yumuşak ve dağılan bir hale gelip sosla bütünleştiğinde tuzunu ekleyip ocaktan alın.', 'Servis ederken tabaklara önce beğendiyi paylaştırın ardından soslu eti üstüne koyup dilerseniz bir kaç parça maydanoz yaprağı ile servis edin. Afiyet olsun.']",ET,239b56,/tarif/et/,"['Et', 'Video']",['akşam yemeği'],['Akşam Yemeği'],,,False,3600,1800,2023-01-18T14:45:05Z,5.0,146,324,False,True,False,0,,0,,,,2023/01/kusursuz-hunkar-begendi-yemekcom.jpg,0,0,https://cdn.yemek.com/mnresize/940/940/uploads/2023/01/kusursuz-hunkar-begendi-yemekcom.jpg,940,940,False,https://cdn.yemek.com/mncrop/300/200/uploads/2023/01/kusursuz-hunkar-begendi-yemekcom.jpg,300,200,True,https://cdn.yemek.com/mncrop/940/625/uploads/2023/01/kusursuz-hunkar-begendi-yemekcom.jpg,940,625,True,https://cdn.yemek.com/mncrop/620/388/uploads/2023/01/kusursuz-hunkar-begendi-yemekcom.jpg,620,388,True,https://cdn.yemek.com/mncrop/600/315/uploads/2023/01/kusursuz-hunkar-begendi-yemekcom.jpg,600,315,True,,,,,,
140,124266,Ferhat Bora,https://cdn.yemek.com/author/60659/20230323072229_avatar.png,/profil/ferhatbora/,Uzak Doğu Esintili: Soya Soslu Ballı Tavuk,Soya Soslu Ballı Tavuk,/tarif/soya-soslu-balli-tavuk/,20 dk,45 dk,"<p>Bu <a href=""https://yemek.com/tarif/tavuk/"" target=""_blank"">tavuk </a>sıradan bir tavuk değil. Hem <a href=""https://yemek.com/tarif/soya-soslu-tavuk/"" target=""_blank"">soya sosu</a>, hem de balın lezzetinden nasibini alan bu leziz tarif dışarıda satılan tavuklardan çok farklı! Dışı çıtır ve sos kaplamalı, içi lif lif ve yumuşacık bu tavuklar rüyalarınıza girecek.</p>
<p><a href=""https://yemek.com/tarif/uzak-dogu-usulu-havuc-corbasi/"" target=""_blank"">Uzak doğu</a> lezzetlerini seviyorsanız bu tarifi mutlaka deneyin. Yanında <a href=""https://yemek.com/tarif/tempura-misir/"" target=""_blank"">tempura mısır</a> gibi atıştırmalıkları da tercih edebilirsiniz. Afiyet olsun!</p>
",recipe,"['tavuk göğsü', 'sıvı yağ', 'sarımsak', 'taze zencefil', 'havuç', 'kırmızı biber', 'taze soğan', 'pirinç sirkesi', 'susam yağı', 'soya sosu', 'mısır nişastası', 'bal', 'susam', 'su', 'sıvı yağ', 'yumurta', 'mısır nişastası', 'toz şeker', 'tuz']","['Tavuk göğüslerini lokmalık boyut parçalar halinde kesin ve yüzeylerine bıçakla ufak çentikler açın. Tavukları kesmeden önce yarım saat derin dondurucuda bekletirseniz kesim işlemini daha kolay yapabilirsiniz.', 'Tavukları bir kasenin içinde yumurta, tuz, şeker ve nişasta ile hafifçe yoğurarak karıştırın. Tavukları 20-30 dakika marinasyonla birlikte buzdolabında dinlendirin.', 'Tavukları kızartmak için sıvı yağı derin bir tavada ısıtın. Sıcak yağın içine tavuk parçalarını tek tek bırakın ve yüzeyleri altın sarısı renk alana kadar 3-4 dakika kızartın.', 'Kızarttığınız tavukları havlu peçete üzerine çıkartıp kenarda bekletin.', 'Soslama işlemine başlamadan önce sarımsak ve zencefili ufak parçalar halinde kesin ya da havanda dövün. Havuç ve biberi jülyen doğrayın. Taze soğanları iri parçalar halinde kesin.', 'Wok tavayı ocağa alın ve yüksek ateşte ısıtın. Sıcak tavaya sıvı yağ, sarımsak ve taze zencefili koyup 1 dakika kadar soteleyin. Ardından tavaya sırasıyla havuçları, biberleri ve soğanları ekleyip fazla yumuşamalarına izin vermeden sotelemeye devam edin.', 'Sebzeler hazır olunca sırasıyla tavanın kenarlarından gezdirerek pirinç sirkesi, susam yağı ve soya sosunu ekleyin.', 'Ufak bir kasede nişasta ve suyu karıştırıp tavaya dökün, koyulaşmaya başlayınca kenarda beklettiğiniz tavukları da ekleyip harmanlayın. Sos tavukları ve sebzeleri kaplayınca balı, kavrulmuş susamı da ekleyip karıştırın, ocağı kapatın.', 'Yemeği sıcakken tabağa alın ve servis edin. Afiyet olsun.']",TAVUK,239b56,/tarif/tavuk/,"['Tavuk', 'Video', 'Dünya Mutfakları']","['akşam yemeği', 'öğle yemeği', 'atıştırmalık']","['Öğle Yemeği', 'Akşam Yemeği']","['Tencere', 'Tava']",,False,1200,2700,2023-03-17T06:14:02Z,4.0,184,419,False,True,False,0,,0,,,,2023/03/soyali-balli-tavuk-yemekcom.jpg,0,0,https://cdn.yemek.com/mnresize/940/940/uploads/2023/03/soyali-balli-tavuk-yemekcom.jpg,940,940,False,https://cdn.yemek.com/mncrop/300/200/uploads/2023/03/soyali-balli-tavuk-yemekcom.jpg,300,200,True,https://cdn.yemek.com/mncrop/940/625/uploads/2023/03/soyali-balli-tavuk-yemekcom.jpg,940,625,True,https://cdn.yemek.com/mncrop/620/388/uploads/2023/03/soyali-balli-tavuk-yemekcom.jpg,620,388,True,https://cdn.yemek.com/mncrop/600/315/uploads/2023/03/soyali-balli-tavuk-yemekcom.jpg,600,315,True,,,,"['Japonya', 'Güney Kore']",,
141,48108,Ege Şahin,https://cdn.yemek.com/author/464113/20220221123420_avatar.jpg,/profil/egesahin/,Ege'den Sevgiler: Sinkonta,Sinkonta,/tarif/sinkonta/,25 dk,15 dk,"<p>Ege Bölgesi'nde sıklıkla yapılan, bal kabaklı en pratik tariflerden biri sinkonta. Tek bir tencerede usul usul pişen, lezzeti içinde hapsolan bu nefis <a href=""https://yemek.com/tarif/sebze/"" target=""_blank"" rel=""noopener"">sebze</a> tarifini tam <a href=""https://yemek.com/tarif/mevsiminde/"" target=""_blank"" rel=""noopener"">mevsiminde</a> tazecik bal kabaklarıyla hemen yapabilirsiniz. Yanında sarımsaklı yoğurt <a href=""https://yemek.com/tarif/sos/"" target=""_blank"" rel=""noopener"">sos</a>u da pek yakışır.</p>
<p>Lafı fazla uzatmadan sizleri <a href=""https://yemek.com/tarif/"" target=""_blank"" rel=""noopener"">tarif</a>imize alalım, afiyet olsun!</p>",recipe,"['tuz', 'pul biber', 'toz şeker', 'sarımsak', 'su', 'zeytinyağı', 'bal kabağı', 'toz tarçın', 'soğan', 'tarçın çubuğu']","['<p>Kabakları soyup yıkayın ve orta kalınlıkta dilimleyin. Tencereye alıp üzerine zeytinyağı gezdirip 10 dakika kavurun.</p>', '<p>Soğan ve sarımsakları soyun ve iri iri doğrayın. Bal kabaklarının üzerine ekleyin ve birkaç dakika daha kavurun.</p>', '<p>Kalan malzemeleri ekleyin ve suyunu ekleyip pişirmeye bırakın.</p>', '<p>Afiyet olsun!</p>']",ZEYTİNYAĞLI,239b56,/tarif/zeytinyaglilar/,"['Sebze', 'Özel Beslenme', 'Vejetaryen', 'Zeytinyağlı', 'Vegan', 'Mevsiminde']",,"['Öğle Yemeği', 'Akşam Yemeği']",['Tencere'],"['Vejetaryen', 'Vegan']",False,1500,900,2022-12-29T07:10:41Z,4.0,26147,304,False,False,True,0,,0,,,,2019/04/sinkonta-tarifi-yemekcom.jpg,0,0,https://cdn.yemek.com/mnresize/940/940/uploads/2019/04/sinkonta-tarifi-yemekcom.jpg,940,940,False,https://cdn.yemek.com/mncrop/300/200/uploads/2019/04/sinkonta-tarifi-yemekcom.jpg,300,200,True,https://cdn.yemek.com/mncrop/940/625/uploads/2019/04/sinkonta-tarifi-yemekcom.jpg,940,625,True,https://cdn.yemek.com/mncrop/620/388/uploads/2019/04/sinkonta-tarifi-yemekcom.jpg,620,388,True,https://cdn.yemek.com/mncrop/600/315/uploads/2019/04/sinkonta-tarifi-yemekcom.jpg,600,315,True,,,"['Ocak', 'Ekim', 'Kasım', 'Aralık']",,,
142,118979,Ferhat Bora,https://cdn.yemek.com/author/60659/20230323072229_avatar.png,/profil/ferhatbora/,Kusursuz Yapmanın Yollarıyla: Etsiz Kuru Fasulye,Etsiz Kuru Fasulye,/tarif/etsiz-kuru-fasulye/,90 dk,30 dk,"<p>Kaşığın arkası ile bastırdığınızda anında dağılan, ağzınızda yarattığı lezzetin rayihası ile sizi bambaşka diyarlara sürükleyecek bir kuru fasulye tarifimiz var. Kuru fasulyenin aromasını daha iyi almak için ise içerisinde et kullanmıyoruz. Bu yönüyle bu tarifimiz, <a href=""https://yemek.com/vejetaryen-yemek-tarifleri/"" target=""_blank"">vejetaryen</a> beslenme tarzını benimseyenler için de kusursuz bir seçenek oluyor. ""Ben et olmadan yapamam, muhakkak ararım içerisinde."" diyenler için ise <a href=""https://yemek.com/tarif/etli-kuru-fasulye/"" target=""_blank"">burada</a> etli bir kuru fasulyeyi bulabilirsiniz. Hazır sizlere öneri yapmışken muazzam bir <a href=""https://yemek.com/tarif/tereyagli-pilav/"" target=""_blank"">tereyağlı pirinç pilav</a>ı ve <a href=""https://yemek.com/tarif/cacik/"" target=""_blank"">cacık</a> tariflerimizi de eklemesek olmazdı. Mevsimi geçmeden bir <a href=""https://yemek.com/tarif/lahana-tursusu/"" target=""_blank"">lahana turşusu</a> da eklenince, aman da aman..Ne biz anlatalım, ne de siz denemeden bilebilirsiniz.</p>
<p>Bu soğuk günlerde adeta Süleymaniye'nin etrafındaki meşhur kuru fasulyeci dükkanlarında hissetmemek için hiçbir nedeniniz yok artık. Mutlaka bize güvenin ve bu kusursuz kuru fasulye tarifimizi deneyin. Afiyet, bal, şeker olsun!</p>
<p>&nbsp;</p>
",recipe,"['soğuk su', 'tuz', 'kuru fasulye', 'soğuk su', 'süt', 'tereyağı', 'zeytinyağı', 'kuru soğan', 'toz kırmızı biber', 'domates salçası', 'et suyu', 'tuz', 'kırmızı biber']","['Fasulyeleri derin bir kaseye koyun, üstüne su ve sütü koyup karıştırın ve buzdolabında 8-12 saat bekletin.', 'Fasulyeleri dolaptan alıp süzün ve soğuk su ile çok iyi yıkayın. Bu işlem esnasında fasulyeleri ovalamamaya özen gösterin.', 'Yıkanmış fasulyeleri geniş tabanlı bir tencereye aktarın, su ve tuz ekleyip önce yüksek ateşte pişirmeye başlayın. Kaynamayı gördükten sonra ateşi en kısık konuma getirin. Pişirme esnasında oluşan köpükleri kaşıkla alın ve fasulyeler hareketlenmesin diye bir bardak kadar soğuk su ekleyin.', 'Fasulyelerin piştiğini anlamak için 1-2 tanesini alıp kaşıkla ezin, dışları bütün ve içleri yumuşak hale gelince ocaktan alıp süzün, kenarda bekletin.', 'Sosunu hazırlamak için ilk olarak soğanları çok küçük ve ince küpler halinde doğrayın. Geniş tabanlı bir tencereye tereyağı ve zeytinyağını koyup soğanları da ekleyin ve orta ateşte tamamen yumuşayana kadar renk aldırmadan pişirin.', 'Pişen soğanların üstüne toz kırmızı biber ve salçayı da ekleyip kokuları açığa çıkana kadar kavurun. Son olarak et suyu (ya da su) ve tuzu da ekleyin, kısık ateşte bir taşım kaynatın.', 'Fasulyeleri sıcak sosun içine aktarın, kuru biberleri de ekleyin ve kısık ateşte içine kesinlikle kaşıkla müdahale etmeden, ara ara tencereyi sallayarak pişirin.', 'Kuru fasulyeniz sosla bütünleşip üstünde bir kaymak tabakası oluştuğunda yemeğiniz hazır olmuş demektir. Bu işlem yaklaşık 20 dakika sürebilir.', 'Pişen yemeği oda sıcaklığına geldikten sonra buzdolabına kaldırın ve bir gece dinlendirin.', 'Servis etmeden önce fasulyeyi dolaptan çıkarın ve orta ateşte yine içine kaşık değdirmeden hafifçe sallayarak ısıtın.', 'Sıcak kuru fasulyenizi yanında pilav, turşu ve soğanla servis edebilirsiniz. Afiyet olsun.']",BAKLİYAT,239b56,/tarif/bakliyat/,"['Özel Beslenme', 'Vejetaryen', 'Video', 'Bakliyat']","['akşam yemeği', 'öğle yemeği']","['Öğle Yemeği', 'Akşam Yemeği']",['Tencere'],"['Ekonomik', 'Vejetaryen', 'Bol Lifli']",False,5400,1800,2022-11-16T08:13:30Z,5.0,325,302,False,True,False,0,,0,,,,2022/11/kuru-fasulye-yemekcom.jpg,0,0,https://cdn.yemek.com/mnresize/940/940/uploads/2022/11/kuru-fasulye-yemekcom.jpg,940,940,False,https://cdn.yemek.com/mncrop/300/200/uploads/2022/11/kuru-fasulye-yemekcom.jpg,300,200,True,https://cdn.yemek.com/mncrop/940/625/uploads/2022/11/kuru-fasulye-yemekcom.jpg,940,625,True,https://cdn.yemek.com/mncrop/620/388/uploads/2022/11/kuru-fasulye-yemekcom.jpg,620,388,True,https://cdn.yemek.com/mncrop/600/315/uploads/2022/11/kuru-fasulye-yemekcom.jpg,600,315,True,,,,,,
143,40330,Ferhat Bora,https://cdn.yemek.com/author/60659/20230323072229_avatar.png,/profil/ferhatbora/,Adapazarı’na Özgü: Islama Köfte,Islama Köfte,/tarif/islama-kofte/,30 dk,30 dk,"<p>Adapazarı’nın en sevilen lezzeti diyebileceğimiz ıslama <a href=""https://yemek.com/tarif/kofte/"" target=""_blank"">köfte</a>yi bu tarifle siz de evinizde en pratik şekliyle yapabileceksiniz. Ekşi maya ekmeğin lezzeti, kemik suyu ve kırmızı biberle buluşunca ağzınızda bir şölen yaratacak. Köftesi ise kuzu etinin vermiş olduğu yumuşacık dokuyla adeta ağzınızda dağılacak. Köfteleri pişirdiğimiz tavada köy biberleri ve domates soteledik mi, görsel şölene dönüşüyor köftelerimiz. <img src=""https://cdn.yemek.com/assets/images/smiley/smile.png"" class=""wp-smiley img-responsive"" /></p>
<p>Bu köfteleri evde denemek için vakit kaybetmeyin. Hadi bu tarifle acıktırın tüm sevdiklerinizi. <img src=""https://cdn.yemek.com/assets/images/smiley/smile.png"" class=""wp-smiley img-responsive"" /> Tüm detayları ve <a href=""https://yemek.com/tarif/"" target=""_blank"">tarif</a>in yapılışını videomuzdan da izleyebilirsiniz. Lezzeti de keyfi de bol olsun. Şov başlasın!</p>
",recipe,"['tuz', 'karabiber', 'kimyon', 'toz kırmızı biber', 'soğan', 'kiraz domates', 'dana döş kıyma', 'sıvı yağ', 'ekşi mayalı ekmek', 'kuzu döş kıyma', 'kemik suyu', 'kıl biber']","['Sos için kemik suyu, sıvı yağ ve toz biberi ağzı geniş bir tavada kısık ateşte pişirin.', '10 dakika kadar kaynatın. Fazla sıcaklığının gitmesi için sosu ocaktan alıp hafif ılıtın.', 'İki dilim ekmeğin içini minik parçalara ayırın ve üzerine soğanı rendeleyip harmanlayın.', 'Kıymaları derin bir kaba alın baharatları ve soğanlı ekmeği de ekleyin.', 'Çok fazla ezmeden harmanlayın. Harcı hemen pişirecekseniz 20-30 dakika oda sıcaklığında, hemen pişirmeyecekseniz buzdolabında bekletin.', 'Elinizi hafifçe yağlayın ve harçtan ceviz büyüklüğünde parçalar koparıp yassı köfteler yapın.', 'Köfteleri hafifçe yağladığınız tavada önlü arkalı pişirin.', 'Köfteleri pişirirken ara ara biriken yağı başka bir kaba almayı unutmayın aksi takdirde köfteleriniz haşlanır.', 'Ekmekleri sosa önlü arkalı sosa batırın ve süzdürün. Orta sıcaklıktaki tavada önlü arkalı kızartın.', 'Köfteleri pişirdiğiniz tavada domates ve biberleri de soteleyin.', 'Islak ve kızarmış ekmeklerin üzerine köfteleri koyup yanında domates ve biberle servis edebilirsiniz. Şıra ya da ayranı da unutmayın. Afiyet olsun!']",KÖFTE,239b56,/tarif/kofte/,"['Köfte', 'Video', 'Yöresel Tarifler']","['pratik yemek tarifleri', 'akşam yemeği', 'öğle yemeği']","['Öğle Yemeği', 'Akşam Yemeği']",['Ocak'],['Bol Proteinli'],False,1800,1800,2023-06-06T07:40:12Z,3.0,22808,460,False,True,True,0,,0,,,,2018/10/islama-kofte-yemekcom-2.jpg,0,0,https://cdn.yemek.com/mnresize/940/940/uploads/2018/10/islama-kofte-yemekcom-2.jpg,940,940,False,https://cdn.yemek.com/mncrop/300/200/uploads/2018/10/islama-kofte-yemekcom-2.jpg,300,200,True,https://cdn.yemek.com/mncrop/940/625/uploads/2018/10/islama-kofte-yemekcom-2.jpg,940,625,True,https://cdn.yemek.com/mncrop/620/388/uploads/2018/10/islama-kofte-yemekcom-2.jpg,620,388,True,https://cdn.yemek.com/mncrop/600/315/uploads/2018/10/islama-kofte-yemekcom-2.jpg,600,315,True,['bol proteinli'],,,,['Sakarya'],
144,272,Neşe Ümit Tan,https://cdn.yemek.com/author/208653/20190910030615_avatar.jpg,/profil/neseumit/,Tam Kıvamında: Sütlaç,Sütlaç,/tarif/sutlac/,31 dk,5 dk,"<p><a href=""https://yemek.com/tarif/"" target=""_blank"">Yemek tariflerinin</a> en tatlı, en sevilen ismi, <a href=""https://yemek.com/tarif/sutlu-tatlilar/"" target=""_blank"">sütlü tatlılar</a>ın en besleyicisi, pirincin en güzel halidir sütlaç tarifi. Tencerede kıvam aldıktan sonra ısıya dayanıklı toprak kaplara paylaştırılıp fırında kızaran hali <a href=""https://yemek.com/tarif/firin-sutlac/"" target=""_blank"">fırın sütlaç</a> ismini alır. Çocukluk yıllarından aşina olduğumuz besleyici bir tatlıdır. <a href=""https://yemek.com/"" target=""_blank"">Tarifler</a> içinde özellikle sütlü tatlıların ve <a href=""https://yemek.com/tarif/tatli/"" target=""_blank"">tatlı tariflerinin</a> en şahanesidir!</p>
<p>Ev yapımı sütlacı tam kıvamında ve tam ölçülü yapmak için birkaç püf noktasına ihtiyacınız var. Klasik sütlaçtan vazgeçemeyenlerin evde nefis <a href=""https://yemek.com/tarif/firin-sutlac/"" target=""_blank"">fırın sütlaçlar</a> yapmasını sağlayacak olan ve en güzel sütlaç tarifine ulaşmanızı sağlayacak bu tarifi bir köşeye not edin deriz. <a href=""https://yemek.com/tarif/sutlu-tatlilar/"" target=""_blank"">Sütlü tatlıların</a> en güzeli, <a href=""https://yemek.com/ramazan-tatlilari/"" target=""_blank"">ramazan için tatlılardan</a> <strong>en hafif sütlaç tarifi</strong> karşınızda!</p>
",recipe,"['pirinç', 'sıcak su', 'toz şeker', 'süt', 'su', 'buğday nişastası']","['Sadece bir kez sudan geçirerek yıkadığınız\xa0pirinci tencereye alın ve\xa02 su bardağı sıcak suyu ekleyerek kısık ateşte pişirmeye başlayın. Bu sırada ara ara nazikçe karıştırın.', 'Pirinç, suyu çekip lapa hale gelince üzerine sütü ilave edin. Karıştırın ve\xa0süt kaynayana kadar ara ara karıştırmaya devam edin. Kaynadıktan sonra altını kısın, 8-10 dakika daha bu şekilde karıştırarak kısık ateşte pişirin.', 'Ardından şekeri ekleyin, karıştırın. Tekrar kaynamasını bekleyin ve 4-5 dakika daha da kısık ateşte bu şekilde kaynatın.', 'Nişastayı eklemek için bir kabın içerisine alın, 1 çay bardağı suyla karıştırın.', 'Aynı anda hem karıştırıp hem tencereye ekleyin. Azar azar dökerek eklerseniz topaklanma riskini de engellemiş olursunuz.\xa0Karıştırdıktan sonra hafifçe kıvam alana kadar pişirin. Bu sırada tekrar kaynayacak ve minik minik balonların yüzeye ulaştığını göreceksiniz, bunu gördükten sonra kısık ateşe alıp 1-2 dakika daha pişirin ve ardından ocaktan alın.', 'Bu noktada sütlacın kıvamı akışkan bir boza kıvamında olmalıdır.\xa0Sütlaç harcını bir kepçeyle kaselere dağıtın.', 'Oda sıcaklığında soğuduktan\xa0sonra buzdolabında en az 2 saat, tercihen 1 akşam kadar bekletin ve servis etmeden önce buzdolabından çıkarıp 5 dakika bekletin, tarçın serperek servis edin.', 'Afiyet olsun!']",SÜTLÜ TATLI,239b56,/tarif/sutlu-tatlilar/,"['Tatlı', 'Ramazan', 'Sütlü Tatlı', 'Video']",['çay saati'],['Çay Saati'],['Tencere'],,False,1860,300,2022-03-11T07:15:20Z,4.0,1693684,4171,False,True,True,0,,0,,,,2019/05/sutlac-guncelleme-sunum-1.jpg,0,0,https://cdn.yemek.com/mnresize/940/940/uploads/2019/05/sutlac-guncelleme-sunum-1.jpg,940,940,False,https://cdn.yemek.com/mncrop/300/200/uploads/2019/05/sutlac-guncelleme-sunum-1.jpg,300,200,True,https://cdn.yemek.com/mncrop/940/625/uploads/2019/05/sutlac-guncelleme-sunum-1.jpg,940,625,True,https://cdn.yemek.com/mncrop/620/388/uploads/2019/05/sutlac-guncelleme-sunum-1.jpg,620,388,True,https://cdn.yemek.com/mncrop/600/315/uploads/2019/05/sutlac-guncelleme-sunum-1.jpg,600,315,True,,,,,,
145,125,Yasemin Özaltın,https://cdn.yemek.com/author/35533/20181219061403_avatar.jpg,/profil/yasemingursurer/,Basit Malzemelerle: Kolay Tiramisu,Kolay Tiramisu,/tarif/kolay-tiramisu/,15 dk,15 dk,"<p>""Tiramisu hangi ülkeye ait?"" diyenlere hemen cevap vererek başlayalım. İtalyan asıllı bir <a href=""https://yemek.com/tarif/tatli/"" target=""_blank"">tatlı</a> olan <a href=""https://yemek.com/tarif/tiramisu/"" target=""_blank"">tiramisu</a>, ülkemizde son yıllarda popüler olmasıyla tanınır. Mutluluk ve enerji veren bir tatlı olduğu için de İtalyanlar bu tatlıya 'Beni yukarı çek, beni yukarı kaldır' anlamına gelen tiramisu ismini vermiştir. Bu hali de onun oldukça pratikleşmiş hali. Hazır kekle yapılan bu kolay tiramisu tarifi üstelik 30 dakikada hazır.</p>
<p>""Tiramisu nasıl yapılır?"" diyenler için tiramisu <a href=""https://yemek.com/tarif/kek/"" target=""_blank"">kek</a>inin labneli tiramisu kremasıyla nasıl buluştuğunu adım adım resimli bir şekilde anlatıyor, nefis süslemesiyle en güzel ve en pratik ev yapımı tiramisunun yapılışını tüm detaylarıyla anlatıyoruz!</p>
<p>İşte iştah açıcı görüntüsü ve lezzetiyle kolay tiramisu tarifi! En kısa zamanda onu çayınızın, kahvenizin yanına konuk edin deriz. Hem zamandan kazandıran hem de konuklarınıza nefis bir ikramda bulunmak istediğinizde de kurtarıcılarınızdan biri olacak nefis tarifimize davetlisiniz. Mevsimine göre de kolay tiramisularınızın üzerini dilediğiniz meyve ile süsleyebilirsiniz. Şimdiden ellerinize sağlık diyoruz.</p>
<p>Bu arada ""Ben kedi dili ile yapılan orijinal tiramisu <a href=""https://yemek.com/tarif/"" target=""_blank"">tarif</a>ini de merak ediyorum"" derseniz onun tarifini de hemen şöyle bırakıyoruz: <a href=""https://yemek.com/tarif/kedi-dilli-tiramisu/"" target=""_blank"">Kedidilli tiramisu tarifi, nasıl yapılır?</a></p>
",recipe,"['sıcak su', 'toz şeker', 'toz şeker', 'süt', 'un', 'yumurta sarısı', 'kakao', 'hazır kek', 'granül kahve', 'labne peyniri']","['Tiramisunun kremasını hazırlamak için; 2 su bardağı süt, 5 yemek kaşığı toz şeker, 3 yemek kaşığı un ve 1 adet\xa0 yumurta sarısını tencereye alın.', 'Sürekli karıştırarak orta ateşte muhallebi kıvamına gelene kadar pişirin. Piştikten sonra kremayı soğumaya bırakın.', 'Kek tabanını ıslatmak için; bir kasede 1 su bardağı sıcak suya, 1 yemek kaşığı granül kahve ve 1 tatlı kaşığı toz şekerini eriyene kadar karıştırın.', 'Pişirip soğumaya bıraktığınız kremaya 200 gram labne peynirini ekleyin ve bir mikser yardımıyla pürüzsüz bir kıvam alana kadar çırpın.', 'Servis tabağına ya da bir borcama pasta tabanının bir katını yerleştirin.', 'Kahveli karışımın yarısıyla keki ıslatın.', 'Üzerine hazırladığınız kremanın yarısını yayın.', 'Pastanın diğer katını da üzerine koyun ve\xa0 kahveli karışımla ıslatın. Kalan krema ile pastanın üzerini tamamen kaplayın.', 'Son olarak üzerine kakao serpiştirin.', 'Çilek dilimleriyle süsleyip buzdolabında 1- 2 saat beklettikten sonra dilimleyerek servis edin.\xa0Afiyet olsun!']",TATLI,239b56,/tarif/tatli/,"['Tatlı', 'Video', 'Dünya Mutfakları']","['ekonomik', 'ara öğün', 'çay saati']",['Çay Saati'],['Tencere'],['Vejetaryen'],False,900,900,2022-03-31T14:48:27Z,4.0,1687627,4451,False,True,True,0,,0,,,,2014/06/kolay-tiramisu-yemekcom.jpg,0,0,https://cdn.yemek.com/mnresize/940/940/uploads/2014/06/kolay-tiramisu-yemekcom.jpg,940,940,False,https://cdn.yemek.com/mncrop/300/200/uploads/2014/06/kolay-tiramisu-yemekcom.jpg,300,200,True,https://cdn.yemek.com/mncrop/940/625/uploads/2014/06/kolay-tiramisu-yemekcom.jpg,940,625,True,https://cdn.yemek.com/mncrop/620/388/uploads/2014/06/kolay-tiramisu-yemekcom.jpg,620,388,True,https://cdn.yemek.com/mncrop/600/315/uploads/2014/06/kolay-tiramisu-yemekcom.jpg,600,315,True,,,,['İtalya'],,
146,127,Gökçen Mutaf,https://cdn.yemek.com/author/23120/20181227103819_avatar.jpeg,/profil/gokcenmutaf/,Ağızda Dağılan Mükemmel Kıvamıyla: Elmalı Kurabiye,Elmalı Kurabiye,/tarif/elmali-kurabiye/,25 dk,20 dk,"<p><a href=""https://yemek.com/kurabiye-tarifleri-puf-noktalari/"" target=""_blank"">Kurabiye tariflerinin</a> en güzellerinden biri olan en güzel elmalı kurabiye karşınızda! Ağızda dağılan kıvamıyla, <a href=""https://yemek.com/pratik-kurabiye-tarifleri/"" target=""_blank"">pratik kurabiyelerden</a> oluşuyla kalplerinizi çalmaya gelecek bu kıyır kıyır <a href=""https://yemek.com/elmali-kurabiye-tarifleri/"" target=""_blank"">elmalı kurabiye tarifi</a> şekilleriyle, malzemeleriyle, hamuruyla tam ölçülü <a href=""https://yemek.com/tarif/kolay-elmali-kurabiye/"" target=""_blank"">elmalı kurabiye</a> yapmak isteyenlerin yardımına koşacak.</p>
<p><strong>Elmalı kurabiyenin gevrek olmas</strong>ı için yapılması gerekenlerden, nasıl saklanacağına kadar elmalı kurabiye yapmanın tüm püf noktalarını da bulabileceğiniz bu en güzel denenmiş elmalı kurabiye <a href=""https://yemek.com/tarif/"" target=""_blank"">tarifi</a> için çay suyunun altını koyalım hafiften. Elmalı <a href=""https://yemek.com/tarif/kurabiye/"" target=""_blank"">kurabiyeler</a> bizi bekler. Ağızda dağılan, tarçınlı <strong>elmalı kurabiye tarifi</strong>miz için mutfağa davetlisiniz. Afiyetler olsun şimdiden.</p>
",recipe,"['limon suyu', 'toz şeker', 'toz şeker', 'un', 'yoğurt', 'tarçın', 'karbonat', 'tereyağı (oda ısısında bekletilmiş)', 'dövülmüş ceviz içi', 'sıvı yağ', 'kırmızı elma']","['Elmalı kurabiye tarifini hazırlamak için\xa0 rendelenmiş elmaları tavaya alın. Üzerine toz şekeri ilave edin. Karamelize olana dek pişirin.', 'Piştikten sonra üzerine yarım su bardağı kadar dövülmüş ceviz ve tarçın ekleyin, karıştırın.', 'Hamurunu hazırlamak için derin bir kaseye oda sıcaklığında yumuşamış tereyağı, sıvı yağ, yoğurt, toz şeker, limon suyu ve karbonatı ekleyin. Güzelce yoğurun ve ardından unu da azar azar ekleyerek, ele yapışmayan fakat yumuşak olan bir hamur elde edin.', 'Hamuru tezgahın üzerinde toparlayın.', 'Tezgaha hafifçe un serperek açın. Yuvarlak şekiller çıkarıp elmalı harcı ortasına koyun ve iki yandan katlayın.', 'Pişirme kağıdı serdiğiniz fırın tepsisine kurabiyeleri dizin ve önceden ısıtılmış 180 derece fırında üzeri kızarana kadar, yaklaşık 20-25 dakika pişirin.', 'Oda sıcaklığına geldikten sonra üzerine pudra şekeri serpiştirin. Kurabiyeleriniz artık servise hazır! Afiyet olsun..', 'Afiyet olsun..']",TATLI KURABİYE,239b56,/tarif/tatli-kurabiyeler/,"['Kurabiye', 'Video', 'Tatlı Kurabiye']",['çay saati'],['Çay Saati'],['Fırın'],,False,1500,1200,2022-03-11T07:30:23Z,4.0,1597377,7917,False,True,True,0,,0,,,,2022/03/elmali-kurabiye-tarifi-yemekcom.jpg,0,0,https://cdn.yemek.com/mnresize/940/940/uploads/2022/03/elmali-kurabiye-tarifi-yemekcom.jpg,940,940,False,https://cdn.yemek.com/mncrop/300/200/uploads/2022/03/elmali-kurabiye-tarifi-yemekcom.jpg,300,200,True,https://cdn.yemek.com/mncrop/940/625/uploads/2022/03/elmali-kurabiye-tarifi-yemekcom.jpg,940,625,True,https://cdn.yemek.com/mncrop/620/388/uploads/2022/03/elmali-kurabiye-tarifi-yemekcom.jpg,620,388,True,https://cdn.yemek.com/mncrop/600/315/uploads/2022/03/elmali-kurabiye-tarifi-yemekcom.jpg,600,315,True,,,,,,
147,3424,Ege Şahin,https://cdn.yemek.com/author/464113/20220221123420_avatar.jpg,/profil/egesahin/,Kıyır Kıyır: Üç Malzemeli Un Kurabiyesi,Üç Malzemeli Un Kurabiyesi,/tarif/uc-malzemeli-un-kurabiyesi/,15 dk,10 dk,"<p>Eşe dosta <a href=""https://yemek.com/tarif/un-kurabiyesi/"" target=""_blank"">un kurabiyesi</a> tarifi soranlar, telefonda un kurabiyesi nasıl yapılır diye dert yananlar, neredeyse rüyasında un kurabiyesi görenler... Hoş geldiniz, doğru yerdesiniz.</p>
<p>Günün en tatlı saatleri akşam üzeri olmuş, belki de tatlısıyla tuzlusuyla uzun uzadıya keyfi çıkacak bir <a href=""https://yemek.com/tarif/kahvaltiliklar/"" target=""_blank"">kahvaltı</a> sofrası hazırlıyorsunuz. Ya da akşam yemeği sonrası çay keyfinizi taçlandıracak tatlı bir hamur işi aradığınız. Öyleyse sadece 10 dakikada hazırlanan üç malzemeli un kurabiyesi <a href=""https://yemek.com/tarif/"" target=""_blank"">tarif</a>ine alalım sizi. Bu kurabiyeler bir şahane.</p>
<p>Sıvı yağ, pudra şekeri ve un ilavesiyle hazırlanan bu <a href=""https://yemek.com/tarif/tatli-kurabiyeler/"" target=""_blank"">tatlı kurabiye</a>ler, kaşıkla şekil alıp önceden ısıtılmış 175 derece fırında 15 dakika gibi kısa bir sürede pişiyor. Demleyin çayı, kurulun en sevdiğiniz koltuğa. Kurabiyeleriniz olmak üzere, afiyet olsun.</p>
",recipe,"['un', 'pudra şekeri', 'pudra şekeri', 'sıvı yağ']","['Sıvı yağ ve pudra şekerini derin bir kaba alın, karıştırın.', 'Ardından unu aşamalı olarak ekleyin.\xa0Hamuru toparlamak için iyice yoğurun. Hamurdan parçalar koparıp silindir şeklini verin.', 'Verev şekilde kesin.', 'Yağlı kağıt serilmiş fırın tepsisine aralıklı olarak yerleştirin.', 'Üzerlerini çatal ile çizin. Önceden ısıtılmış 175 derece fırında 15 dakika pişirin.', 'Arzuya göre üzerine pudra şekeri serperek servis edin. Afiyet olsun!']",TATLI KURABİYE,239b56,/tarif/tatli-kurabiyeler/,"['Kurabiye', 'Tatlı Kurabiye']",['çay saati'],['Çay Saati'],['Fırın'],['Ekonomik'],False,900,600,2022-12-28T11:10:00Z,4.0,1569331,4413,False,False,True,0,,0,,,,2015/09/uc-malzemeli-un-kurabiyesi-yemekcom.jpg,0,0,https://cdn.yemek.com/mnresize/940/940/uploads/2015/09/uc-malzemeli-un-kurabiyesi-yemekcom.jpg,940,940,False,https://cdn.yemek.com/mncrop/300/200/uploads/2015/09/uc-malzemeli-un-kurabiyesi-yemekcom.jpg,300,200,True,https://cdn.yemek.com/mncrop/940/625/uploads/2015/09/uc-malzemeli-un-kurabiyesi-yemekcom.jpg,940,625,True,https://cdn.yemek.com/mncrop/620/388/uploads/2015/09/uc-malzemeli-un-kurabiyesi-yemekcom.jpg,620,388,True,https://cdn.yemek.com/mncrop/600/315/uploads/2015/09/uc-malzemeli-un-kurabiyesi-yemekcom.jpg,600,315,True,,,,,,
148,4487,Gökçen Mutaf,https://cdn.yemek.com/author/23120/20181227103819_avatar.jpeg,/profil/gokcenmutaf/,Brownie'yi Andıran: Islak Kurabiye,Islak Kurabiye,/tarif/islak-kurabiye/,25 dk,15 dk,"<p>Kakaolu kurabiyenin şerbetle buluşmasından hazırlanan ıslak kurabiye, kakaolu tatlıları sevenlere göre. <strong>Sıcak kurabiyelerin ıslatılması kakao tadını yoğunlaştırıyor </strong>ve <a href=""https://yemek.com/tarif/kurabiye/"" target=""_blank"" rel=""noopener"">kurabiyeye</a> ağızda dağılan bir kıvam veriyor. Islak kurabiye tarifini çay saatleri için keyifle hazırlayabilir, bu esmer kurabiyeleri yanında bir fincan kahve eşliğinde tatlı bir atıştırmalık olarak da tüketebilirsiniz.</p>
<p><a href=""https://yemek.com/tarif/brownie/"" target=""_blank"" rel=""noopener"">Brownie</a>'yi andıran bu lezzetli <a href=""https://yemek.com/tarif/browni-kurabiye/"" target=""_blank"" rel=""noopener"">browni tadında kurabiye</a>leri kısa sürede hazırlayabilir, yorumlarınızı bizlerle paylaşabilirsiniz.</p>",recipe,"['yumurta', 'toz şeker', 'un', 'kabartma tozu', 'su', 'rendelenmiş Hindistan cevizi', 'kakao', 'pudra şekeri', 'tereyağı (oda sıcaklığında bekletilmiş)', 'vanilin', 'sıvı yağ']","['<div>\n<div>\n<div dir=""ltr"">\n<div>\n<div>Islak kurabiye için derince bir karıştırma kabına oda ısısındaki tereyağını, sıvı yağı, yumurtayı, pudra şekerini, kakaoyu, vanilin ve kabartma tozunu alın.</div>\n</div>\n</div>\n</div>\n</div>', '<p>Tüm malzemeleri özleşene\xa0kadar\xa0karıştırın.</p>', '<div>\n<div>\n<div dir=""ltr"">\n<div>\n<div>Ardından unu yavaş yavaş ekleyerek, ele yapışmayan bir hamur elde edin.</div>\n</div>\n</div>\n</div>\n</div>', '<div>\n<div>\n<div dir=""ltr"">\n<div>\n<div>Hazırladığınız hamurdan ceviz büyüklüğünde parçalar koparın.</div>\n</div>\n</div>\n</div>\n</div>', '<p>Avucunuzda yuvarlayın ve parmağınızla ortasına hafifçe bastırdıktan sonra, yağlı kağıt serilmiş bir fırın tepsisine dizin.\xa0Önceden ısıtılmış 180 derece fırında yaklaşık 20 dakika kadar pişirin.</p>', '<div>\n<div>\n<div dir=""ltr"">\n<div>\n<div>Kurabiyeleriniz fırındayken şerbeti için gerekli olan şeker ve suyu homojen karışana kadar kaynattıktan sonra bir kaseye alın ve soğutun.</div>\n</div>\n</div>\n</div>\n</div>', '<div>\n<div>\n<div dir=""ltr"">\n<div>\n<div>Kurabiyeler fırından çıkınca 2 dakika kadar bekletin ve ardından teker teker hazırladığınız şerbete atın, arkalı önlü çevirin ve bir servis tabağına dizin.</div>\n</div>\n</div>\n</div>\n</div>', '<div>\n<div>\n<div dir=""ltr"">\n<div>\n<div>Tüm kurabiyeleri bu şekilde şerbete batırdıktan sonra kalan şerbeti de üstlerine gezdirin ve tüm şerbeti çekene dek bekletin.</div>\n</div>\n</div>\n</div>\n</div>', '<div>\n<div>\n<div dir=""ltr"">\n<div>\n<div>Kurabiyeler şerbeti çektikten sonra üstlerini Hindistan cevizi ile süsleyin ve servis edin. Afiyet olsun.</div>\n</div>\n</div>\n</div>\n</div>']",TATLI KURABİYE,239b56,/tarif/tatli-kurabiyeler/,"['Kurabiye', 'Tatlı Kurabiye']",,['Çay Saati'],['Fırın'],['Ekonomik'],False,1500,900,2022-03-16T06:08:50Z,4.0,1542043,9538,False,False,True,0,,0,,,,2016/01/islak-kurabiye-tarifi-son.jpg,0,0,https://cdn.yemek.com/mnresize/940/940/uploads/2016/01/islak-kurabiye-tarifi-son.jpg,940,940,False,https://cdn.yemek.com/mncrop/300/200/uploads/2016/01/islak-kurabiye-tarifi-son.jpg,300,200,True,https://cdn.yemek.com/mncrop/940/625/uploads/2016/01/islak-kurabiye-tarifi-son.jpg,940,625,True,https://cdn.yemek.com/mncrop/620/388/uploads/2016/01/islak-kurabiye-tarifi-son.jpg,620,388,True,https://cdn.yemek.com/mncrop/600/315/uploads/2016/01/islak-kurabiye-tarifi-son.jpg,600,315,True,,,,,,
149,134,Yasemin Özaltın,https://cdn.yemek.com/author/35533/20181219061403_avatar.jpg,/profil/yasemingursurer/,Tüm Püf Noktalarıyla: Mercimek Köftesi,Mercimek Köftesi,/tarif/mercimek-koftesi/,20 dk,30 dk,"<p>Altın günlerinin vazgeçilmez lezzeti, bekarların ve öğrenci evlerinin gözdesi mercimekli köfte pratik olmasının yanı sıra besleyici ve lezzetli bir <a href=""https://yemek.com/tarif/"" target=""_blank"" rel=""noopener"">tarif</a>. <strong>Tam ölçülü, tam kıvamında mercimek köftesi</strong> nasıl yapılır diye merak edenlerden en güzel mercimek köftesi tarifini henüz bulamamış olanlara tüm püf noktalarıyla pratik tariflerin gözdesi mercimek köftesi karşınızda!</p>
<p>Mercimek köftesi sunumunu, mercimek köftesinin yanına ne gider ya da <strong>mercimek köftesi cıvık olursa</strong> ne yapılmalı sorularının cevabını artık başka yerde aramanız gerek yok. Çünkü en güzelini annenin yaptığı mercimek köftesi için mutfağa girerek biraz da biz hünerlerimizi göstereceğiz bugün. Güzel annelerimize selamlar yollayacağız bu tarifle.</p>
<p>Mercimek köftesi videomuzu aşağıya bırakıyoruz, afiyetler olsun şimdiden! <img class=""wp-smiley img-responsive"" src=""https://cdn.yemek.com/assets/images/smiley/smile.png""></p>
<p>Mercimek köftesini sevenler bunları da sevdi: <a href=""https://yemek.com/tarif/kisir"" target=""_blank"" rel=""noopener"">Kısır Tarifi</a></p>
<p>Klasik mercimekli köfte tariflerinden sıkılanlar, çıtır çıtır dokusuyla <a href=""https://yemek.com/tarif/firinda-mercimek-kofte/"" target=""_blank"" rel=""noopener"">fırında mercimekli köfte</a> tarifiyle misafirlerinizi şaşırtıyor.</p>",recipe,"['kırmızı mercimek', 'kuru soğan', 'biber salçası', 'sıcak su', 'tuz', 'pul biber', 'maydanoz', 'zeytinyağı', 'karabiber', 'domates salçası', 'ince bulgur', 'taze soğan', 'kimyon']","['<p>Mercimek köftesi için bol suda yıkadığınız kırmızı mercimeği sıcak suda kaynatın.</p>', '<p>Suyunu çekmeye yakın ince bulguru ekleyin, mercimeği ocaktan alın.</p>', '<p>Üzerine ince bulguru ekleyin.</p>', '<p>Kapağını kapattığınız tencerede ince bulguru şişmesi için mercimekle birlikte 15 dakika kadar bekletin.</p>', '<p>Zeytinyağını bir tavada kızdırın.</p>', '<p>Kuru soğanları küçük küpler halinde doğrayın ve tavaya aktarın.</p>', '<p>Doğradığınız soğanları 5 dakika kadar kavurun.</p>', '<p>Sırasıyla; biber salçası, domates salçası, tuz, pul biber ve kimyonu ekleyin.</p>', '<p>Soğanlı karışımı 3-4 dakika kadar kavurun.</p>', '<p>Şişen bulgurlu ve mercimekli harca salçalı, soğanlı harcı ekleyin.</p>', '<p>Taze soğanları ve maydanozu ince ince kıyın.\xa0 Doğranmış yeşillikleri ilave edin.</p>', '<p>Malzemeleri yoğurmaya başlayın.</p>', '<p>Tüm malzemeyi özleşene kadar yoğurun.</p>', '<p>Hazırladığınız harçtan ceviz büyüklüğünde parçalar alın ve avuç içinizde sıkarak şekil verin.</p>', '<p>Servis tabağına aldığınız mercimek köftelerini arzu ettiğiniz yeşilliklerle servis edin. Sevdiklerinizle paylaşın.</p>']",MEZE,239b56,/tarif/mezeler/,"['Özel Beslenme', 'Vejetaryen', 'Atıştırmalık', 'Meze', 'Vegan', 'Video', 'Tuzlu Atıştırmalık', 'Bakliyat']",,"['Öğle Yemeği', 'Çay Saati']","['Tencere', 'Tava']","['Vejetaryen', 'Bol Proteinli']",False,1200,1800,2022-03-10T11:30:12Z,4.0,1537793,11735,False,True,True,0,,0,,,,2014/06/mercimek-koftesi-yeni-ytk.jpg,0,0,https://cdn.yemek.com/mnresize/940/940/uploads/2014/06/mercimek-koftesi-yeni-ytk.jpg,940,940,False,https://cdn.yemek.com/mncrop/300/200/uploads/2014/06/mercimek-koftesi-yeni-ytk.jpg,300,200,True,https://cdn.yemek.com/mncrop/940/625/uploads/2014/06/mercimek-koftesi-yeni-ytk.jpg,940,625,True,https://cdn.yemek.com/mncrop/620/388/uploads/2014/06/mercimek-koftesi-yeni-ytk.jpg,620,388,True,https://cdn.yemek.com/mncrop/600/315/uploads/2014/06/mercimek-koftesi-yeni-ytk.jpg,600,315,True,,,,,,
150,13732,ipeksare,https://cdn.yemek.com/author/262494/20200820091315_avatar.jpg,/profil/ipeksare/,Bol Malzemeli: Ev Usulü Pizza,Ev Usulü Pizza,/tarif/ev-usulu-pizza/,30 dk,30 dk,"<p>Hafif kabarmış bir hamuru ve bol bol malzemesiyle <a href=""https://yemek.com/tarif/pizza/"" target=""_blank"">pizzaların</a> en güzellerinden biridir ev usulü pizza.</p>
<p>Dışarıda bayılarak yediğimiz pizzaları aslında evinizde de çok kolay bir şekilde yapabilirsiniz. Eğer siz de ""<strong>Evde pizza nasıl yapılır?</strong>"" diyorsanız fırında pişen, bu kolay ve pratik karışık pizza tarifini çok sevecek, her fırsatta yapmak isteyeceksiniz.</p>
<p>Lezzetine doyum olmaz bu pizza tarifinin sırrı hamurunda saklı. Bu şekilde ağzınıza attığınızda yumuşacık dokusuyla sizi çok mutlu edecek, bol bol malzemesiyle de damaklarınızı şenlendirecek bir tarife dönüşüyor. ""<strong>Pizza hamuru nasıl yapılır?</strong>"" diye soranlara da adım adım resimli anlatımıyla tam kıvamında bir <a href=""https://yemek.com/tarif/pizza-hamuru/"" target=""_blank"">pizza hamuru</a> tarifi hazırladık, püf noktalarını da <a href=""https://yemek.com/pizza-hamuru-yapmanin-puf-noktalari/"" target=""_blank"">şurada</a> anlattık. Mutlaka göz atın deriz.</p>
<p>Ev yapımı pizza tarifinin adım adım resimli tarifi karşınızda!</p>
",recipe,"['tuz', 'toz şeker', 'un', 'sarımsak', 'zeytinyağı', 'zeytinyağı', 'fesleğen', 'rendelenmiş kaşar peyniri', 'kekik', 'ılık su', 'konserve mısır', 'kuru maya', 'sucuk', 'domates sos', 'biber', 'zeytin', 'rendelenmiş mozarella peyniri']","['Bir kabın içerisine kuru mayayı dökün ve üzerine ılık su ve şekeri ekleyerek güzelce karıştırın.', 'Daha sonra mayalı karışıma zeytinyağını ve tuzu ekleyip tahta kaşıkla karıştırın.', 'Unu azar azar ekleyin.', 'Hamur kıvama gelince elinizle yoğurmaya başlayın ve ele yapışmayan, yumuşak bir hamur haline gelene kadar yoğurmaya devam edin.', 'Hamur istediğiniz yumuşaklığa ulaşınca, kabın üzerini bir streç film ile kaplayıp en az 30 dakika hamurunuzu dinlendirin.', 'Dinlenen hamurunuzu un serptiğiniz tezgaha alıp, katlayarak havasını çıkarın.\xa0Hamuru toparlayıp, 2 ya da 3 parçaya ayırın. İnce hamurlu ve orta boy pizza yapmak istiyorsanız hamurunuzu 3’e bölün. Daha büyük ve kalın hamurlu 2 pizza yapmak istiyorsanız, ikiye bölebilirsiniz.', 'Kestiğiniz parçayı beze haline getirip un serptiğiniz tezgahın üzerinde merdane yardımıyla açın.', 'Dilediğiniz inceliğe ulaştığınızda pişirme kağıdı serdiğiniz tepsinin üzerine alın. Bir çatal yardımıyla pizza hamurunun üzerinde delikler açın ve önceden ısıtılmış 200 derece fırında 10 dakika pişirin.', 'Pizza sosunu, domates sosuna, fesleğen, kekik, sarımsak ve zeytinyağı ekleyerek hazırlayabilirsiniz.', '10 dakika sonra hafif pişen hamuru fırından çıkarıp, hazırladığınız domates sosundan üzerine sürün.', 'Pizza sosunun üzerine bolca rendelenmiş kaşar ya da mozarella peyniri yerleştirdikten sonra üzerine dileğiniz malzemeleri ekleyin. Malzemeleri yerleştirdikten sonra en üste tekrar rendelenmiş kaşar ekleyin.', 'Tekrar fırına koyun ve 20 dakika daha pişirin. Peynirler güzelce eriyip tüm malzemeler piştiğinde pizzanızı fırından çıkarabilirsiniz.', 'Pizza kesiciyle dilimleyip tüketebilirsiniz.', 'Afiyet olsun!']",PİZZA,239b56,/tarif/pizza/,"['Hamur İşi', 'Pizza']","['akşam yemeği', 'kahvaltı', 'öğle yemeği']","['Öğle Yemeği', 'Akşam Yemeği']",['Fırın'],,False,1800,1800,2022-03-11T10:00:52Z,4.0,1518606,6252,False,True,True,0,,0,,,,2022/03/ev-usulu-pizza-yemekcom.jpg,0,0,https://cdn.yemek.com/mnresize/940/940/uploads/2022/03/ev-usulu-pizza-yemekcom.jpg,940,940,False,https://cdn.yemek.com/mncrop/300/200/uploads/2022/03/ev-usulu-pizza-yemekcom.jpg,300,200,True,https://cdn.yemek.com/mncrop/940/625/uploads/2022/03/ev-usulu-pizza-yemekcom.jpg,940,625,True,https://cdn.yemek.com/mncrop/620/388/uploads/2022/03/ev-usulu-pizza-yemekcom.jpg,620,388,True,https://cdn.yemek.com/mncrop/600/315/uploads/2022/03/ev-usulu-pizza-yemekcom.jpg,600,315,True,['fırın'],,,,,
151,180,Yasemin Özaltın,https://cdn.yemek.com/author/35533/20181219061403_avatar.jpg,/profil/yasemingursurer/,20 Dakikada Buzlukta: Mozaik Pasta,Mozaik Pasta,/tarif/mozaik-pasta/,20 dk,20 dk,"<p>Biz çocukken mutfaktaki hummalı çalışmanın sonucu annelerimizin lezzetli ellerinden tüm ömrümüz boyunca unutamayacağımız kadar lezzetli <a href=""https://yemek.com/tarif/tatli/"" target=""_blank"">tatlılar</a>, <a href=""https://yemek.com/tarif/pasta-tatli/"" target=""_blank"">pastalar</a> çıkardı. Bu pasta hiç şüphesiz mozaik pastanın ta kendisiydi! Bu kolay mozaik pasta, küçük büyük herkesin bayılarak yediği lezzeti her daim garantili olan oldukça kolay ve pratik bir <a href=""https://yemek.com/tarif/"" target=""_blank"">tarif</a>. Hadi gelin bisküvili mozaik pastanın sırlarını bir bir anlatalım size. Anılarımıza doğru tatlı bir yolculuğa çıkaran, <strong>petibör bisküvili</strong> mozaik pasta tarifiyle karşınızdayız!</p>
<p>Bisküvi, tereyağı, toz şeker ve kakaonun bir araya gelip yaptığı en lezzetli pasta tariflerinden biri o. Biz bu kez farklı malzemeler ekleyerek <strong>klasik mozaik pasta</strong> tarifinin tadına da tat kattık. Bu üçgen mozaik pastanın yapımı o kadar kolay, pratik ve bir o kadar lezzetli ki...</p>
<p>Hadi o zaman! Buyursunlar en güzel mozaik pasta tarifine ve yapılış adımlarını gösteren mozaik pasta videomuza. <img src=""https://cdn.yemek.com/assets/images/smiley/smile.png"" class=""wp-smiley img-responsive"" /></p>
",recipe,"['süt', 'kakao', 'pudra şekeri', 'tereyağ', 'Hindistan cevizi', 'petibör bisküvi']","['Tereyağını eritin.', 'Pudra şekerini karıştırma kabına aktarın.\xa0Pudra şekerinin üzerine erittiğiniz tereyağını ve sütü dökün.\xa0Kakaoyu da ilave edin.', 'Malzemeleri çırpın.', 'Üzerine bisküvileri kırın.', 'Bisküvileri de koyduktan sonra tüm malzemeleri spatula yardımıyla nazikçe karıştırın.', 'Servis edeceğiniz kalıbın içini streç film ile kaplayın.', 'Tüm harcı ekleyin ve üzerini kapatın.', 'Buzdolabının dondurucu bölümünde 4 saat bekletin. Hindistan cevizi serpin. Dilimleyerek soğuk olarak servis edin.', 'Afiyet olsun!']",PASTA,239b56,/tarif/pasta-tatli/,"['Tatlı', 'Pasta', 'Video']","['ara öğün', 'çay saati']",['Çay Saati'],['Tencere'],['Ekonomik'],False,1200,1200,2022-03-18T14:40:39Z,4.0,1512620,8912,False,True,True,0,,0,,,,2022/03/mozaik-pasta-tarifi-yemekcom.jpg,0,0,https://cdn.yemek.com/mnresize/940/940/uploads/2022/03/mozaik-pasta-tarifi-yemekcom.jpg,940,940,False,https://cdn.yemek.com/mncrop/300/200/uploads/2022/03/mozaik-pasta-tarifi-yemekcom.jpg,300,200,True,https://cdn.yemek.com/mncrop/940/625/uploads/2022/03/mozaik-pasta-tarifi-yemekcom.jpg,940,625,True,https://cdn.yemek.com/mncrop/620/388/uploads/2022/03/mozaik-pasta-tarifi-yemekcom.jpg,620,388,True,https://cdn.yemek.com/mncrop/600/315/uploads/2022/03/mozaik-pasta-tarifi-yemekcom.jpg,600,315,True,,,,,,
152,29467,Yasemin Özaltın,https://cdn.yemek.com/author/35533/20181219061403_avatar.jpg,/profil/yasemingursurer/,3-2-1 Ölçüsüyle: Bayatlamayan Kabartma Tozlu Poğaça,Bayatlamayan Kabartma Tozlu Poğaça,/tarif/bayatlamayan-kabartma-tozlu-pogaca/,15 dk,15 dk,"<p>Hem çok kolay, hem çok hızlı, hem de yemesi pek keyifli muhteşem bir <a href=""https://yemek.com/tarif/pogaca/"" target=""_blank"">poğaça</a>...Bayatlamayan kabartma tozlu poğaça tarifi, hazırlandıktan sonra tadına bakıp da beğenmeyenini, ikincisini istemeyenini zor bulursunuz. İçindeki malzemelerin miktarlarından dolayı “3-2-1 poğaça <a href=""https://yemek.com/tarif/"" target=""_blank"">tarif</a>i” diye de bilinen bu güzelliği hala denemeyenler varsa diye zevkle paylaşıyoruz.</p>
<p>3-2-1 poğaça tarifi, malzemeleri ile de ekonomik! İçinde 3 paket kabartma tozu, 2 bardak yoğurt ve 1 yumurta var. Kabartma tozu ne kadar da çokmuş acı olur o diyorsanız, hiç de öyle olmadığını, inanılmaz yumuşak, aşırı lezzetli olduğunu deneyince anlayacaksınız. Üstelik de bayatlamıyor, hoş gerçi bayatlamasını bekleyecek kadar uzun süre yemeden duramayacaksınız o da ayrı.  O zaman siz aşağıda yazan diğer malzemeleri de hazırlayıverin, <a href=""https://yemek.com/tarif/yumusak-pogaca/"" target=""_blank"">yumuşacık poğaça</a>mızı yapalım. Şimdiden afiyetler olsun.</p>
",recipe,"['tuz', 'toz şeker', 'un', 'kabartma tozu', 'yoğurt', 'yumurta sarısı', 'sirke', 'beyaz peynir', 'susam', 'yumurta beyazı', 'sıvı yağ']","['Bir yoğurma kabına; yağ, yoğurt ve yumurta beyazını alıp güzelce karıştırın.', 'Ardından kabartma tozları, tuz, şeker ve sirkeyi de ilave edip, tekrar karıştırın.', 'Unu azar azar ilave ederek yoğurmaya başlayın. Hafifçe ele yapışan bir hamur elde edeceksiniz.', 'Hazırladığınız hamurdan mandalinadan biraz küçük olacak parçalar kopartın. Elinizle yuvarlayın ve avucunuzla bastırıp yassılaştırın.', 'Yassılaştırdığınız hamur parçasının ortasına bir çatalla ezdiğiniz beyaz peynirden biraz koyun.', 'Kenarlarını birleştirip kapatın ve tekrar yuvarladıktan sonra yağlı kağıt serdiğiniz bir fırın tepsisine yerleştirin.', 'Tüm hamuru bu şekilde hazırlayıp tepsiye dizin.', 'Üstlerine bir fırça yardımıyla yumurta sarısı sürün ve susam serpin. Önceden ısıttığınız 200 derece fırında, üstleri kızarana dek yaklaşık 15 dakika pişirin.', 'Tepsiyi fırından aldıktan sonra ılıklaşmasını bekleyin ve ardından servis edin.']",POĞAÇA,239b56,/tarif/pogaca/,"['Hamur İşi', 'Kahvaltılık', 'Poğaça', 'Video']","['kahvaltı', 'çay saati']","['Kahvaltı', 'Çay Saati']",['Fırın'],['Vejetaryen'],False,900,900,2018-01-31T07:11:19Z,4.0,1443090,8543,False,True,False,0,,0,,,,2018/01/bayatlamayan-pofuduk-pogaca-yemekcom.jpg,0,0,https://cdn.yemek.com/mnresize/940/940/uploads/2018/01/bayatlamayan-pofuduk-pogaca-yemekcom.jpg,940,940,False,https://cdn.yemek.com/mncrop/300/200/uploads/2018/01/bayatlamayan-pofuduk-pogaca-yemekcom.jpg,300,200,True,https://cdn.yemek.com/mncrop/940/625/uploads/2018/01/bayatlamayan-pofuduk-pogaca-yemekcom.jpg,940,625,True,https://cdn.yemek.com/mncrop/620/388/uploads/2018/01/bayatlamayan-pofuduk-pogaca-yemekcom.jpg,620,388,True,https://cdn.yemek.com/mncrop/600/315/uploads/2018/01/bayatlamayan-pofuduk-pogaca-yemekcom.jpg,600,315,True,,,,,,
153,129,Yasemin Özaltın,https://cdn.yemek.com/author/35533/20181219061403_avatar.jpg,/profil/yasemingursurer/,Lokanta Usulü: Köri Soslu Tavuk,Köri Soslu Tavuk,/tarif/kori-soslu-tavuk/,20 dk,10 dk,"<p>Baharat sevenleri, her yaptığı <a href=""https://yemek.com/tarif/"" target=""_blank"">yemek tarifinin</a> içine tuz hariç mutlaka en az 2 baharat ekleyenleri, körinin kokusunu da tadını da çok sevenleri böyle alalım. Güneydoğu Asya Mutfağı'nın vazgeçilmez baharatı köri, içerisinde bulunan sumak, zencefil, kimyon, kişniş vb. baharatlarla tam bir şifa kaynağı olma özelliğini taşıyor. Beyaz etlerle harika bir uyum yakalayan köri, en çok <a href=""https://yemek.com/tarif/tavuk/"" target=""_blank"">tavuk etini</a> seviyor. Karşınızda nefis mi nefis: <strong>Köri soslu tavuk tarifi!</strong></p>
<p>Resimli anlatımıyla, en pratik ve yemelere doyum olmaz körili tavuk tarifini veriyor, köri sos nasıl yapılır tek tek anlatıyoruz. Yanına <a href=""https://yemek.com/tarif/patates-puresi/"" target=""_blank"">patates püresi</a>, <a href=""https://yemek.com/tarif/salata/"" target=""_blank"">salata</a> ya da <a href=""https://yemek.com/tarif/pilav/"" target=""_blank"">pilavla</a> servis edebilirsiniz. Lokantalarda sunulan köri soslu tavuklardan çok daha lezzetli oluyor, yiyen herkes tarifini istiyor. Bu lezzeti sık sık pişirmek isteyeceksiniz. Şimdiden ellerinize sağlık diyor, <a href=""https://yemek.com/soslu-tavuk-yemekleri/"" target=""_blank"">soslu tavuk yemekleri</a> arasında en çok sevilen bu kolay yemek tarifimize buyur ediyoruz.</p>
<p>Köri sosun tadını sevdiyseniz belki sonra <a href=""https://yemek.com/tarif/kremali-korili-tavuklu-makarna/"" target=""_blank"">köri soslu makarna tarifine</a> de şans vermek isteyebilirsiniz. Afiyet olsun!</p>
",recipe,"['tereyağı', 'sıcak su', 'tuz', 'un', 'maydanoz', 'karabiber', 'kuşbaşı tavuk göğsü', 'soğuk süt', 'köri', 'sıvı yağ']","['Sıvı yağını bir tavada kızdırın. Kuşbaşı\xa0doğranmış tavuk göğsünü aktarın.', 'Renk alıp, suyunu çekene kadar orta ateşte kavurun.', 'Köri sosu hazırlamak için; ayrı bir tavada tereyağını sos tenceresinde eritin.', 'Unu da üzerine ekleyin ve\xa0 kokusu çıkıp, renk alana kadar karıştırarak kavurun.', 'Kavrulan una soğuk sütü ekleyin ve unun topaklanmaması için bir çırpıcı yardımıyla hızlıca karıştırın.', 'Sıcak su, köri, tuz ve karabiberi katın.', 'Sosu, kısık ateşte koyu bir kıvam alana kadar sürekli karıştırarak 4- 5 dakika pişirin.', 'Hazırladığınız sosu, kavrulan tavuklara ekleyin ve harmanladıktan sonra pişirme işlemini 5 dakika kadar sürdürün.', 'İncecik kıyılmış bir avuç maydanozu, köri soslu tavuğa ilave ettikten sonra bekletmeden sıcak olarak servis edin.', 'Köri soslu tavuk tarifi hazır. Afiyet olsun!']",TAVUK,239b56,/tarif/tavuk/,"['Tavuk', 'Video']","['ekonomik', 'akşam yemeği', 'öğle yemeği']","['Öğle Yemeği', 'Akşam Yemeği']",['Tencere'],"['Ekonomik', 'Bol Proteinli']",False,1200,600,2019-05-14T13:24:40Z,4.0,1396751,11895,False,True,True,0,,0,,,,2014/06/kori-soslu-tavuk-yemekcom.jpg,0,0,https://cdn.yemek.com/mnresize/940/940/uploads/2014/06/kori-soslu-tavuk-yemekcom.jpg,940,940,False,https://cdn.yemek.com/mncrop/300/200/uploads/2014/06/kori-soslu-tavuk-yemekcom.jpg,300,200,True,https://cdn.yemek.com/mncrop/940/625/uploads/2014/06/kori-soslu-tavuk-yemekcom.jpg,940,625,True,https://cdn.yemek.com/mncrop/620/388/uploads/2014/06/kori-soslu-tavuk-yemekcom.jpg,620,388,True,https://cdn.yemek.com/mncrop/600/315/uploads/2014/06/kori-soslu-tavuk-yemekcom.jpg,600,315,True,"['tencere', 'bol proteinli']",,,,,
154,305,Gökçen Mutaf,https://cdn.yemek.com/author/23120/20181227103819_avatar.jpeg,/profil/gokcenmutaf/,Şaşmayan Tarif: Sade Kek,Sade Kek,/tarif/sade-kek/,40 dk,15 dk,"<p>Kocaman kabarmış, lezzetiyle herkesi kendine hayran bırakacak en klasik lezzetlerdendir sade kek tarifi. Süt, yumurta ve şekerin önderliğinde, misler gibi vanilya kokusunun büyüsünde hazırlanan harç fırının sıcacık kollarına teslim edilir. Kabarırken bile kendine hayran bırakan sade kek, çayın yanına hazırlanan en pratik kek olarak çıkar oradan. Karşınızda işte o enfes anların mimarı sade kek tarifi!</p>
<p>Birbirinden nefis <a href=""https://yemek.com/tarif/kek/"" target=""_blank"">kek tarifleri</a> arasında en baştan bize göz kırpan bu lezzet, kabarık ve yumuşak dokusuyla boyut atlıyor bu kez. Çaylarınızın, kahveleriniz hazırsa o yumuşacık sade kek tarifimiz geliyor. Şimdiden ellerinize sağlık.</p>
<p>Not: ""Sade kek de güzel ama kakaolu keki de çok seviyorum"" diyenler için yumuşacık kakaolu kek tarifimiz de hemen <a href=""https://yemek.com/tarif/kakaolu-kek/"" target=""_blank"">şurada</a>.</p>
",recipe,"['yumurta', 'toz şeker', 'süt', 'un', 'kabartma tozu', 'vanilin', 'sıvı yağ']","['Yumurtaları derince bir kaba kırın ve toz şekeri ekledikten sonra bir mikser ile 10 dakika boyunca çırpın.\xa0Krema kıvamına gelen karışıma sıvı yağı ve sütü ekleyip bir spatula ile karıştırın.', 'Üstüne unu, kabartma tozunu ve vanilini de ekledikten sonra tekrar karıştırın ve sıvı yağ ile yağladığınız bir kek kalıbına hazırladığınız karışımı dökün.', 'Önceden ısıtılmış 180 derecelik fırında 40 dakika kadar pişirin.\n\n&nbsp;', 'Kek kürdan testini geçince fırından alın ve tamamen soğuduktan sonra kalıbı ters çevirerek kalıptan çıkarın.', 'Dilimleyerek servis edin.\xa0 Afiyetler olsun!']",TATLI KEK,239b56,/tarif/tatli-kek/,"['Kek', 'Tatlı Kek']",['çay saati'],['Çay Saati'],['Fırın'],['Vejetaryen'],False,2400,900,2022-03-10T07:30:22Z,4.0,1356751,3356,False,False,True,0,,0,,,,2014/07/sade-kek-tarifi-yeni.jpg,0,0,https://cdn.yemek.com/mnresize/940/940/uploads/2014/07/sade-kek-tarifi-yeni.jpg,940,940,False,https://cdn.yemek.com/mncrop/300/200/uploads/2014/07/sade-kek-tarifi-yeni.jpg,300,200,True,https://cdn.yemek.com/mncrop/940/625/uploads/2014/07/sade-kek-tarifi-yeni.jpg,940,625,True,https://cdn.yemek.com/mncrop/620/388/uploads/2014/07/sade-kek-tarifi-yeni.jpg,620,388,True,https://cdn.yemek.com/mncrop/600/315/uploads/2014/07/sade-kek-tarifi-yeni.jpg,600,315,True,['fırın'],,,,,
155,183,Cemre Özgüzel,https://cdn.yemek.com/author/109/20200211010242_avatar.jpg,/profil/cemre-ozguzel/,Pastane Usulü: Un Kurabiyesi,Un Kurabiyesi,/tarif/un-kurabiyesi/,15 dk,25 dk,"<p>Kıyır kıyır dediğimiz <a href=""https://yemek.com/kurabiye-tarifleri/"" target=""_blank"">kurabiye tarifleri</a>nin şahı un kurabiyesidir. Uzun süre bozulmadan dayanabilmesi de bu lezzetli ve pratik kurabiyeyi popüler kılan noktalardan biridir. Kolay un kurabiyesi yapımında pudra şekeri elenerek servis edildiği için tarifinde çok az miktarda şeker kullanılır. Ağza gelmemesi için pudra şekeri tercih edilir. Hem kıvamı hem de dokusuyla, enfes mi enfes <strong>un kurabiyesi tarifi</strong> karşınızda!</p>
<p>""<a href=""https://yemek.com/agizda-dagilan-kurabiye-nasil-yapilir/"" target=""_blank"">Ağızda dağılan un kurabiyesi nasıl yapılır?</a>"" diyenler tarifin detaylarında açıklamalı anlatımını bulacak. Basit ve gerçek un kurabiyesinin tüm malzemeleri, yapılış adımları ve videosu ise hemen aşağıda. Hazırsanız en güzel un kurabiyesini yapmak için çalışmalara başlayalım! ''Un kurabiyesi tarifi nasıl yapılır?'' diyenlerinizi tarifimize alalım. Şimdiden ellerinize sağlık diyor, kolaylığı ve <strong>ağızda dağılan lezzetiyle un kurabiyesi</strong> <a href=""https://yemek.com/tarif/"" target=""_blank"">tarifi</a> karşınızda!</p>
",recipe,"['yumurta', 'un', 'vanilya', 'kabartma tozu', 'pudra şekeri', 'pudra şekeri', 'buğday nişastası', 'oda sıcaklığında tereyağı', 'sıvı yağ']","['Un kurabiyesi için 200 gram oda sıcaklığında bekletilmiş tereyağını derin bir yoğurma kasesine aktarın.', 'Üzerine 1 adet yumurta ve 1 çay bardağı sıvı yağını da ekledikten sonra pürüzsüz bir kıvam olana kadar çırpın.', '1 su bardağı pudra şekeri, 5 yemek kaşığı buğday nişastası, 1 paket kabartma tozu, 1 paket vanilin ve 3 su bardağı unu azar azar ekleyin.', 'Ele yapışmayacak kıvamda bir hamur elde edene kadar yoğurun.', 'Kurabiye hamurundan büyükçe bir parça alın ve tezgahın üzerinde yuvarlayarak 2 parmak kalınlığında rulo şekline getirin.', 'Kenar kısımlarını kesin. Ardından üzerinden çatal yardımıyla geçerek şekil verin.', 'Bıçak yardımıyla 3 parmak genişliğinde parçalar kesin. Fırın tepsisine aktarın.', 'Üzerleri hafif kızarıp renk alana kadar önceden ısıtılmış 170 derece fırında 15 dakika kadar pişirin.', 'Soğuttuktan sonra pudra şekeri eleyin.', 'Ardından un kurabiyelerini servis edin. Afiyetler olsun!']",TATLI KURABİYE,239b56,/tarif/tatli-kurabiyeler/,"['Kurabiye', 'Video', 'Tatlı Kurabiye']",['çay saati'],['Çay Saati'],['Fırın'],,False,900,1500,2022-04-01T07:45:01Z,4.0,1330455,3412,False,True,True,0,,0,,,,2022/04/un-kurabiyesi-onecikan-yeni.jpg,0,0,https://cdn.yemek.com/mnresize/940/940/uploads/2022/04/un-kurabiyesi-onecikan-yeni.jpg,940,940,False,https://cdn.yemek.com/mncrop/300/200/uploads/2022/04/un-kurabiyesi-onecikan-yeni.jpg,300,200,True,https://cdn.yemek.com/mncrop/940/625/uploads/2022/04/un-kurabiyesi-onecikan-yeni.jpg,940,625,True,https://cdn.yemek.com/mncrop/620/388/uploads/2022/04/un-kurabiyesi-onecikan-yeni.jpg,620,388,True,https://cdn.yemek.com/mncrop/600/315/uploads/2022/04/un-kurabiyesi-onecikan-yeni.jpg,600,315,True,['fırın'],,,,,
156,125,Yasemin Özaltın,https://cdn.yemek.com/author/35533/20181219061403_avatar.jpg,/profil/yasemingursurer/,Basit Malzemelerle: Kolay Tiramisu,Kolay Tiramisu,/tarif/kolay-tiramisu/,15 dk,15 dk,"<p>""Tiramisu hangi ülkeye ait?"" diyenlere hemen cevap vererek başlayalım. İtalyan asıllı bir <a href=""https://yemek.com/tarif/tatli/"" target=""_blank"">tatlı</a> olan <a href=""https://yemek.com/tarif/tiramisu/"" target=""_blank"">tiramisu</a>, ülkemizde son yıllarda popüler olmasıyla tanınır. Mutluluk ve enerji veren bir tatlı olduğu için de İtalyanlar bu tatlıya 'Beni yukarı çek, beni yukarı kaldır' anlamına gelen tiramisu ismini vermiştir. Bu hali de onun oldukça pratikleşmiş hali. Hazır kekle yapılan bu kolay tiramisu tarifi üstelik 30 dakikada hazır.</p>
<p>""Tiramisu nasıl yapılır?"" diyenler için tiramisu <a href=""https://yemek.com/tarif/kek/"" target=""_blank"">kek</a>inin labneli tiramisu kremasıyla nasıl buluştuğunu adım adım resimli bir şekilde anlatıyor, nefis süslemesiyle en güzel ve en pratik ev yapımı tiramisunun yapılışını tüm detaylarıyla anlatıyoruz!</p>
<p>İşte iştah açıcı görüntüsü ve lezzetiyle kolay tiramisu tarifi! En kısa zamanda onu çayınızın, kahvenizin yanına konuk edin deriz. Hem zamandan kazandıran hem de konuklarınıza nefis bir ikramda bulunmak istediğinizde de kurtarıcılarınızdan biri olacak nefis tarifimize davetlisiniz. Mevsimine göre de kolay tiramisularınızın üzerini dilediğiniz meyve ile süsleyebilirsiniz. Şimdiden ellerinize sağlık diyoruz.</p>
<p>Bu arada ""Ben kedi dili ile yapılan orijinal tiramisu <a href=""https://yemek.com/tarif/"" target=""_blank"">tarif</a>ini de merak ediyorum"" derseniz onun tarifini de hemen şöyle bırakıyoruz: <a href=""https://yemek.com/tarif/kedi-dilli-tiramisu/"" target=""_blank"">Kedidilli tiramisu tarifi, nasıl yapılır?</a></p>
",recipe,"['sıcak su', 'toz şeker', 'toz şeker', 'süt', 'un', 'yumurta sarısı', 'kakao', 'hazır kek', 'granül kahve', 'labne peyniri']","['Tiramisunun kremasını hazırlamak için; 2 su bardağı süt, 5 yemek kaşığı toz şeker, 3 yemek kaşığı un ve 1 adet\xa0 yumurta sarısını tencereye alın.', 'Sürekli karıştırarak orta ateşte muhallebi kıvamına gelene kadar pişirin. Piştikten sonra kremayı soğumaya bırakın.', 'Kek tabanını ıslatmak için; bir kasede 1 su bardağı sıcak suya, 1 yemek kaşığı granül kahve ve 1 tatlı kaşığı toz şekerini eriyene kadar karıştırın.', 'Pişirip soğumaya bıraktığınız kremaya 200 gram labne peynirini ekleyin ve bir mikser yardımıyla pürüzsüz bir kıvam alana kadar çırpın.', 'Servis tabağına ya da bir borcama pasta tabanının bir katını yerleştirin.', 'Kahveli karışımın yarısıyla keki ıslatın.', 'Üzerine hazırladığınız kremanın yarısını yayın.', 'Pastanın diğer katını da üzerine koyun ve\xa0 kahveli karışımla ıslatın. Kalan krema ile pastanın üzerini tamamen kaplayın.', 'Son olarak üzerine kakao serpiştirin.', 'Çilek dilimleriyle süsleyip buzdolabında 1- 2 saat beklettikten sonra dilimleyerek servis edin.\xa0Afiyet olsun!']",TATLI,239b56,/tarif/tatli/,"['Tatlı', 'Video', 'Dünya Mutfakları']","['ekonomik', 'ara öğün', 'çay saati']",['Çay Saati'],['Tencere'],['Vejetaryen'],False,900,900,2022-03-31T14:48:27Z,4.0,1687627,4451,False,True,True,0,,0,,,,2014/06/kolay-tiramisu-yemekcom.jpg,0,0,https://cdn.yemek.com/mnresize/940/940/uploads/2014/06/kolay-tiramisu-yemekcom.jpg,940,940,False,https://cdn.yemek.com/mncrop/300/200/uploads/2014/06/kolay-tiramisu-yemekcom.jpg,300,200,True,https://cdn.yemek.com/mncrop/940/625/uploads/2014/06/kolay-tiramisu-yemekcom.jpg,940,625,True,https://cdn.yemek.com/mncrop/620/388/uploads/2014/06/kolay-tiramisu-yemekcom.jpg,620,388,True,https://cdn.yemek.com/mncrop/600/315/uploads/2014/06/kolay-tiramisu-yemekcom.jpg,600,315,True,,,,['İtalya'],,
157,127,Gökçen Mutaf,https://cdn.yemek.com/author/23120/20181227103819_avatar.jpeg,/profil/gokcenmutaf/,Ağızda Dağılan Mükemmel Kıvamıyla: Elmalı Kurabiye,Elmalı Kurabiye,/tarif/elmali-kurabiye/,25 dk,20 dk,"<p><a href=""https://yemek.com/kurabiye-tarifleri-puf-noktalari/"" target=""_blank"">Kurabiye tariflerinin</a> en güzellerinden biri olan en güzel elmalı kurabiye karşınızda! Ağızda dağılan kıvamıyla, <a href=""https://yemek.com/pratik-kurabiye-tarifleri/"" target=""_blank"">pratik kurabiyelerden</a> oluşuyla kalplerinizi çalmaya gelecek bu kıyır kıyır <a href=""https://yemek.com/elmali-kurabiye-tarifleri/"" target=""_blank"">elmalı kurabiye tarifi</a> şekilleriyle, malzemeleriyle, hamuruyla tam ölçülü <a href=""https://yemek.com/tarif/kolay-elmali-kurabiye/"" target=""_blank"">elmalı kurabiye</a> yapmak isteyenlerin yardımına koşacak.</p>
<p><strong>Elmalı kurabiyenin gevrek olmas</strong>ı için yapılması gerekenlerden, nasıl saklanacağına kadar elmalı kurabiye yapmanın tüm püf noktalarını da bulabileceğiniz bu en güzel denenmiş elmalı kurabiye <a href=""https://yemek.com/tarif/"" target=""_blank"">tarifi</a> için çay suyunun altını koyalım hafiften. Elmalı <a href=""https://yemek.com/tarif/kurabiye/"" target=""_blank"">kurabiyeler</a> bizi bekler. Ağızda dağılan, tarçınlı <strong>elmalı kurabiye tarifi</strong>miz için mutfağa davetlisiniz. Afiyetler olsun şimdiden.</p>
",recipe,"['limon suyu', 'toz şeker', 'toz şeker', 'un', 'yoğurt', 'tarçın', 'karbonat', 'tereyağı (oda ısısında bekletilmiş)', 'dövülmüş ceviz içi', 'sıvı yağ', 'kırmızı elma']","['Elmalı kurabiye tarifini hazırlamak için\xa0 rendelenmiş elmaları tavaya alın. Üzerine toz şekeri ilave edin. Karamelize olana dek pişirin.', 'Piştikten sonra üzerine yarım su bardağı kadar dövülmüş ceviz ve tarçın ekleyin, karıştırın.', 'Hamurunu hazırlamak için derin bir kaseye oda sıcaklığında yumuşamış tereyağı, sıvı yağ, yoğurt, toz şeker, limon suyu ve karbonatı ekleyin. Güzelce yoğurun ve ardından unu da azar azar ekleyerek, ele yapışmayan fakat yumuşak olan bir hamur elde edin.', 'Hamuru tezgahın üzerinde toparlayın.', 'Tezgaha hafifçe un serperek açın. Yuvarlak şekiller çıkarıp elmalı harcı ortasına koyun ve iki yandan katlayın.', 'Pişirme kağıdı serdiğiniz fırın tepsisine kurabiyeleri dizin ve önceden ısıtılmış 180 derece fırında üzeri kızarana kadar, yaklaşık 20-25 dakika pişirin.', 'Oda sıcaklığına geldikten sonra üzerine pudra şekeri serpiştirin. Kurabiyeleriniz artık servise hazır! Afiyet olsun..', 'Afiyet olsun..']",TATLI KURABİYE,239b56,/tarif/tatli-kurabiyeler/,"['Kurabiye', 'Video', 'Tatlı Kurabiye']",['çay saati'],['Çay Saati'],['Fırın'],,False,1500,1200,2022-03-11T07:30:23Z,4.0,1597377,7917,False,True,True,0,,0,,,,2022/03/elmali-kurabiye-tarifi-yemekcom.jpg,0,0,https://cdn.yemek.com/mnresize/940/940/uploads/2022/03/elmali-kurabiye-tarifi-yemekcom.jpg,940,940,False,https://cdn.yemek.com/mncrop/300/200/uploads/2022/03/elmali-kurabiye-tarifi-yemekcom.jpg,300,200,True,https://cdn.yemek.com/mncrop/940/625/uploads/2022/03/elmali-kurabiye-tarifi-yemekcom.jpg,940,625,True,https://cdn.yemek.com/mncrop/620/388/uploads/2022/03/elmali-kurabiye-tarifi-yemekcom.jpg,620,388,True,https://cdn.yemek.com/mncrop/600/315/uploads/2022/03/elmali-kurabiye-tarifi-yemekcom.jpg,600,315,True,,,,,,
158,3424,Ege Şahin,https://cdn.yemek.com/author/464113/20220221123420_avatar.jpg,/profil/egesahin/,Kıyır Kıyır: Üç Malzemeli Un Kurabiyesi,Üç Malzemeli Un Kurabiyesi,/tarif/uc-malzemeli-un-kurabiyesi/,15 dk,10 dk,"<p>Eşe dosta <a href=""https://yemek.com/tarif/un-kurabiyesi/"" target=""_blank"">un kurabiyesi</a> tarifi soranlar, telefonda un kurabiyesi nasıl yapılır diye dert yananlar, neredeyse rüyasında un kurabiyesi görenler... Hoş geldiniz, doğru yerdesiniz.</p>
<p>Günün en tatlı saatleri akşam üzeri olmuş, belki de tatlısıyla tuzlusuyla uzun uzadıya keyfi çıkacak bir <a href=""https://yemek.com/tarif/kahvaltiliklar/"" target=""_blank"">kahvaltı</a> sofrası hazırlıyorsunuz. Ya da akşam yemeği sonrası çay keyfinizi taçlandıracak tatlı bir hamur işi aradığınız. Öyleyse sadece 10 dakikada hazırlanan üç malzemeli un kurabiyesi <a href=""https://yemek.com/tarif/"" target=""_blank"">tarif</a>ine alalım sizi. Bu kurabiyeler bir şahane.</p>
<p>Sıvı yağ, pudra şekeri ve un ilavesiyle hazırlanan bu <a href=""https://yemek.com/tarif/tatli-kurabiyeler/"" target=""_blank"">tatlı kurabiye</a>ler, kaşıkla şekil alıp önceden ısıtılmış 175 derece fırında 15 dakika gibi kısa bir sürede pişiyor. Demleyin çayı, kurulun en sevdiğiniz koltuğa. Kurabiyeleriniz olmak üzere, afiyet olsun.</p>
",recipe,"['un', 'pudra şekeri', 'pudra şekeri', 'sıvı yağ']","['Sıvı yağ ve pudra şekerini derin bir kaba alın, karıştırın.', 'Ardından unu aşamalı olarak ekleyin.\xa0Hamuru toparlamak için iyice yoğurun. Hamurdan parçalar koparıp silindir şeklini verin.', 'Verev şekilde kesin.', 'Yağlı kağıt serilmiş fırın tepsisine aralıklı olarak yerleştirin.', 'Üzerlerini çatal ile çizin. Önceden ısıtılmış 175 derece fırında 15 dakika pişirin.', 'Arzuya göre üzerine pudra şekeri serperek servis edin. Afiyet olsun!']",TATLI KURABİYE,239b56,/tarif/tatli-kurabiyeler/,"['Kurabiye', 'Tatlı Kurabiye']",['çay saati'],['Çay Saati'],['Fırın'],['Ekonomik'],False,900,600,2022-12-28T11:10:00Z,4.0,1569331,4413,False,False,True,0,,0,,,,2015/09/uc-malzemeli-un-kurabiyesi-yemekcom.jpg,0,0,https://cdn.yemek.com/mnresize/940/940/uploads/2015/09/uc-malzemeli-un-kurabiyesi-yemekcom.jpg,940,940,False,https://cdn.yemek.com/mncrop/300/200/uploads/2015/09/uc-malzemeli-un-kurabiyesi-yemekcom.jpg,300,200,True,https://cdn.yemek.com/mncrop/940/625/uploads/2015/09/uc-malzemeli-un-kurabiyesi-yemekcom.jpg,940,625,True,https://cdn.yemek.com/mncrop/620/388/uploads/2015/09/uc-malzemeli-un-kurabiyesi-yemekcom.jpg,620,388,True,https://cdn.yemek.com/mncrop/600/315/uploads/2015/09/uc-malzemeli-un-kurabiyesi-yemekcom.jpg,600,315,True,,,,,,
159,4487,Gökçen Mutaf,https://cdn.yemek.com/author/23120/20181227103819_avatar.jpeg,/profil/gokcenmutaf/,Brownie'yi Andıran: Islak Kurabiye,Islak Kurabiye,/tarif/islak-kurabiye/,25 dk,15 dk,"<p>Kakaolu kurabiyenin şerbetle buluşmasından hazırlanan ıslak kurabiye, kakaolu tatlıları sevenlere göre. <strong>Sıcak kurabiyelerin ıslatılması kakao tadını yoğunlaştırıyor </strong>ve <a href=""https://yemek.com/tarif/kurabiye/"" target=""_blank"" rel=""noopener"">kurabiyeye</a> ağızda dağılan bir kıvam veriyor. Islak kurabiye tarifini çay saatleri için keyifle hazırlayabilir, bu esmer kurabiyeleri yanında bir fincan kahve eşliğinde tatlı bir atıştırmalık olarak da tüketebilirsiniz.</p>
<p><a href=""https://yemek.com/tarif/brownie/"" target=""_blank"" rel=""noopener"">Brownie</a>'yi andıran bu lezzetli <a href=""https://yemek.com/tarif/browni-kurabiye/"" target=""_blank"" rel=""noopener"">browni tadında kurabiye</a>leri kısa sürede hazırlayabilir, yorumlarınızı bizlerle paylaşabilirsiniz.</p>",recipe,"['yumurta', 'toz şeker', 'un', 'kabartma tozu', 'su', 'rendelenmiş Hindistan cevizi', 'kakao', 'pudra şekeri', 'tereyağı (oda sıcaklığında bekletilmiş)', 'vanilin', 'sıvı yağ']","['<div>\n<div>\n<div dir=""ltr"">\n<div>\n<div>Islak kurabiye için derince bir karıştırma kabına oda ısısındaki tereyağını, sıvı yağı, yumurtayı, pudra şekerini, kakaoyu, vanilin ve kabartma tozunu alın.</div>\n</div>\n</div>\n</div>\n</div>', '<p>Tüm malzemeleri özleşene\xa0kadar\xa0karıştırın.</p>', '<div>\n<div>\n<div dir=""ltr"">\n<div>\n<div>Ardından unu yavaş yavaş ekleyerek, ele yapışmayan bir hamur elde edin.</div>\n</div>\n</div>\n</div>\n</div>', '<div>\n<div>\n<div dir=""ltr"">\n<div>\n<div>Hazırladığınız hamurdan ceviz büyüklüğünde parçalar koparın.</div>\n</div>\n</div>\n</div>\n</div>', '<p>Avucunuzda yuvarlayın ve parmağınızla ortasına hafifçe bastırdıktan sonra, yağlı kağıt serilmiş bir fırın tepsisine dizin.\xa0Önceden ısıtılmış 180 derece fırında yaklaşık 20 dakika kadar pişirin.</p>', '<div>\n<div>\n<div dir=""ltr"">\n<div>\n<div>Kurabiyeleriniz fırındayken şerbeti için gerekli olan şeker ve suyu homojen karışana kadar kaynattıktan sonra bir kaseye alın ve soğutun.</div>\n</div>\n</div>\n</div>\n</div>', '<div>\n<div>\n<div dir=""ltr"">\n<div>\n<div>Kurabiyeler fırından çıkınca 2 dakika kadar bekletin ve ardından teker teker hazırladığınız şerbete atın, arkalı önlü çevirin ve bir servis tabağına dizin.</div>\n</div>\n</div>\n</div>\n</div>', '<div>\n<div>\n<div dir=""ltr"">\n<div>\n<div>Tüm kurabiyeleri bu şekilde şerbete batırdıktan sonra kalan şerbeti de üstlerine gezdirin ve tüm şerbeti çekene dek bekletin.</div>\n</div>\n</div>\n</div>\n</div>', '<div>\n<div>\n<div dir=""ltr"">\n<div>\n<div>Kurabiyeler şerbeti çektikten sonra üstlerini Hindistan cevizi ile süsleyin ve servis edin. Afiyet olsun.</div>\n</div>\n</div>\n</div>\n</div>']",TATLI KURABİYE,239b56,/tarif/tatli-kurabiyeler/,"['Kurabiye', 'Tatlı Kurabiye']",,['Çay Saati'],['Fırın'],['Ekonomik'],False,1500,900,2022-03-16T06:08:50Z,4.0,1542043,9538,False,False,True,0,,0,,,,2016/01/islak-kurabiye-tarifi-son.jpg,0,0,https://cdn.yemek.com/mnresize/940/940/uploads/2016/01/islak-kurabiye-tarifi-son.jpg,940,940,False,https://cdn.yemek.com/mncrop/300/200/uploads/2016/01/islak-kurabiye-tarifi-son.jpg,300,200,True,https://cdn.yemek.com/mncrop/940/625/uploads/2016/01/islak-kurabiye-tarifi-son.jpg,940,625,True,https://cdn.yemek.com/mncrop/620/388/uploads/2016/01/islak-kurabiye-tarifi-son.jpg,620,388,True,https://cdn.yemek.com/mncrop/600/315/uploads/2016/01/islak-kurabiye-tarifi-son.jpg,600,315,True,,,,,,
160,134,Yasemin Özaltın,https://cdn.yemek.com/author/35533/20181219061403_avatar.jpg,/profil/yasemingursurer/,Tüm Püf Noktalarıyla: Mercimek Köftesi,Mercimek Köftesi,/tarif/mercimek-koftesi/,20 dk,30 dk,"<p>Altın günlerinin vazgeçilmez lezzeti, bekarların ve öğrenci evlerinin gözdesi mercimekli köfte pratik olmasının yanı sıra besleyici ve lezzetli bir <a href=""https://yemek.com/tarif/"" target=""_blank"" rel=""noopener"">tarif</a>. <strong>Tam ölçülü, tam kıvamında mercimek köftesi</strong> nasıl yapılır diye merak edenlerden en güzel mercimek köftesi tarifini henüz bulamamış olanlara tüm püf noktalarıyla pratik tariflerin gözdesi mercimek köftesi karşınızda!</p>
<p>Mercimek köftesi sunumunu, mercimek köftesinin yanına ne gider ya da <strong>mercimek köftesi cıvık olursa</strong> ne yapılmalı sorularının cevabını artık başka yerde aramanız gerek yok. Çünkü en güzelini annenin yaptığı mercimek köftesi için mutfağa girerek biraz da biz hünerlerimizi göstereceğiz bugün. Güzel annelerimize selamlar yollayacağız bu tarifle.</p>
<p>Mercimek köftesi videomuzu aşağıya bırakıyoruz, afiyetler olsun şimdiden! <img class=""wp-smiley img-responsive"" src=""https://cdn.yemek.com/assets/images/smiley/smile.png""></p>
<p>Mercimek köftesini sevenler bunları da sevdi: <a href=""https://yemek.com/tarif/kisir"" target=""_blank"" rel=""noopener"">Kısır Tarifi</a></p>
<p>Klasik mercimekli köfte tariflerinden sıkılanlar, çıtır çıtır dokusuyla <a href=""https://yemek.com/tarif/firinda-mercimek-kofte/"" target=""_blank"" rel=""noopener"">fırında mercimekli köfte</a> tarifiyle misafirlerinizi şaşırtıyor.</p>",recipe,"['kırmızı mercimek', 'kuru soğan', 'biber salçası', 'sıcak su', 'tuz', 'pul biber', 'maydanoz', 'zeytinyağı', 'karabiber', 'domates salçası', 'ince bulgur', 'taze soğan', 'kimyon']","['<p>Mercimek köftesi için bol suda yıkadığınız kırmızı mercimeği sıcak suda kaynatın.</p>', '<p>Suyunu çekmeye yakın ince bulguru ekleyin, mercimeği ocaktan alın.</p>', '<p>Üzerine ince bulguru ekleyin.</p>', '<p>Kapağını kapattığınız tencerede ince bulguru şişmesi için mercimekle birlikte 15 dakika kadar bekletin.</p>', '<p>Zeytinyağını bir tavada kızdırın.</p>', '<p>Kuru soğanları küçük küpler halinde doğrayın ve tavaya aktarın.</p>', '<p>Doğradığınız soğanları 5 dakika kadar kavurun.</p>', '<p>Sırasıyla; biber salçası, domates salçası, tuz, pul biber ve kimyonu ekleyin.</p>', '<p>Soğanlı karışımı 3-4 dakika kadar kavurun.</p>', '<p>Şişen bulgurlu ve mercimekli harca salçalı, soğanlı harcı ekleyin.</p>', '<p>Taze soğanları ve maydanozu ince ince kıyın.\xa0 Doğranmış yeşillikleri ilave edin.</p>', '<p>Malzemeleri yoğurmaya başlayın.</p>', '<p>Tüm malzemeyi özleşene kadar yoğurun.</p>', '<p>Hazırladığınız harçtan ceviz büyüklüğünde parçalar alın ve avuç içinizde sıkarak şekil verin.</p>', '<p>Servis tabağına aldığınız mercimek köftelerini arzu ettiğiniz yeşilliklerle servis edin. Sevdiklerinizle paylaşın.</p>']",MEZE,239b56,/tarif/mezeler/,"['Özel Beslenme', 'Vejetaryen', 'Atıştırmalık', 'Meze', 'Vegan', 'Video', 'Tuzlu Atıştırmalık', 'Bakliyat']",,"['Öğle Yemeği', 'Çay Saati']","['Tencere', 'Tava']","['Vejetaryen', 'Bol Proteinli']",False,1200,1800,2022-03-10T11:30:12Z,4.0,1537793,11735,False,True,True,0,,0,,,,2014/06/mercimek-koftesi-yeni-ytk.jpg,0,0,https://cdn.yemek.com/mnresize/940/940/uploads/2014/06/mercimek-koftesi-yeni-ytk.jpg,940,940,False,https://cdn.yemek.com/mncrop/300/200/uploads/2014/06/mercimek-koftesi-yeni-ytk.jpg,300,200,True,https://cdn.yemek.com/mncrop/940/625/uploads/2014/06/mercimek-koftesi-yeni-ytk.jpg,940,625,True,https://cdn.yemek.com/mncrop/620/388/uploads/2014/06/mercimek-koftesi-yeni-ytk.jpg,620,388,True,https://cdn.yemek.com/mncrop/600/315/uploads/2014/06/mercimek-koftesi-yeni-ytk.jpg,600,315,True,,,,,,
161,13732,ipeksare,https://cdn.yemek.com/author/262494/20200820091315_avatar.jpg,/profil/ipeksare/,Bol Malzemeli: Ev Usulü Pizza,Ev Usulü Pizza,/tarif/ev-usulu-pizza/,30 dk,30 dk,"<p>Hafif kabarmış bir hamuru ve bol bol malzemesiyle <a href=""https://yemek.com/tarif/pizza/"" target=""_blank"">pizzaların</a> en güzellerinden biridir ev usulü pizza.</p>
<p>Dışarıda bayılarak yediğimiz pizzaları aslında evinizde de çok kolay bir şekilde yapabilirsiniz. Eğer siz de ""<strong>Evde pizza nasıl yapılır?</strong>"" diyorsanız fırında pişen, bu kolay ve pratik karışık pizza tarifini çok sevecek, her fırsatta yapmak isteyeceksiniz.</p>
<p>Lezzetine doyum olmaz bu pizza tarifinin sırrı hamurunda saklı. Bu şekilde ağzınıza attığınızda yumuşacık dokusuyla sizi çok mutlu edecek, bol bol malzemesiyle de damaklarınızı şenlendirecek bir tarife dönüşüyor. ""<strong>Pizza hamuru nasıl yapılır?</strong>"" diye soranlara da adım adım resimli anlatımıyla tam kıvamında bir <a href=""https://yemek.com/tarif/pizza-hamuru/"" target=""_blank"">pizza hamuru</a> tarifi hazırladık, püf noktalarını da <a href=""https://yemek.com/pizza-hamuru-yapmanin-puf-noktalari/"" target=""_blank"">şurada</a> anlattık. Mutlaka göz atın deriz.</p>
<p>Ev yapımı pizza tarifinin adım adım resimli tarifi karşınızda!</p>
",recipe,"['tuz', 'toz şeker', 'un', 'sarımsak', 'zeytinyağı', 'zeytinyağı', 'fesleğen', 'rendelenmiş kaşar peyniri', 'kekik', 'ılık su', 'konserve mısır', 'kuru maya', 'sucuk', 'domates sos', 'biber', 'zeytin', 'rendelenmiş mozarella peyniri']","['Bir kabın içerisine kuru mayayı dökün ve üzerine ılık su ve şekeri ekleyerek güzelce karıştırın.', 'Daha sonra mayalı karışıma zeytinyağını ve tuzu ekleyip tahta kaşıkla karıştırın.', 'Unu azar azar ekleyin.', 'Hamur kıvama gelince elinizle yoğurmaya başlayın ve ele yapışmayan, yumuşak bir hamur haline gelene kadar yoğurmaya devam edin.', 'Hamur istediğiniz yumuşaklığa ulaşınca, kabın üzerini bir streç film ile kaplayıp en az 30 dakika hamurunuzu dinlendirin.', 'Dinlenen hamurunuzu un serptiğiniz tezgaha alıp, katlayarak havasını çıkarın.\xa0Hamuru toparlayıp, 2 ya da 3 parçaya ayırın. İnce hamurlu ve orta boy pizza yapmak istiyorsanız hamurunuzu 3’e bölün. Daha büyük ve kalın hamurlu 2 pizza yapmak istiyorsanız, ikiye bölebilirsiniz.', 'Kestiğiniz parçayı beze haline getirip un serptiğiniz tezgahın üzerinde merdane yardımıyla açın.', 'Dilediğiniz inceliğe ulaştığınızda pişirme kağıdı serdiğiniz tepsinin üzerine alın. Bir çatal yardımıyla pizza hamurunun üzerinde delikler açın ve önceden ısıtılmış 200 derece fırında 10 dakika pişirin.', 'Pizza sosunu, domates sosuna, fesleğen, kekik, sarımsak ve zeytinyağı ekleyerek hazırlayabilirsiniz.', '10 dakika sonra hafif pişen hamuru fırından çıkarıp, hazırladığınız domates sosundan üzerine sürün.', 'Pizza sosunun üzerine bolca rendelenmiş kaşar ya da mozarella peyniri yerleştirdikten sonra üzerine dileğiniz malzemeleri ekleyin. Malzemeleri yerleştirdikten sonra en üste tekrar rendelenmiş kaşar ekleyin.', 'Tekrar fırına koyun ve 20 dakika daha pişirin. Peynirler güzelce eriyip tüm malzemeler piştiğinde pizzanızı fırından çıkarabilirsiniz.', 'Pizza kesiciyle dilimleyip tüketebilirsiniz.', 'Afiyet olsun!']",PİZZA,239b56,/tarif/pizza/,"['Hamur İşi', 'Pizza']","['akşam yemeği', 'kahvaltı', 'öğle yemeği']","['Öğle Yemeği', 'Akşam Yemeği']",['Fırın'],,False,1800,1800,2022-03-11T10:00:52Z,4.0,1518606,6252,False,True,True,0,,0,,,,2022/03/ev-usulu-pizza-yemekcom.jpg,0,0,https://cdn.yemek.com/mnresize/940/940/uploads/2022/03/ev-usulu-pizza-yemekcom.jpg,940,940,False,https://cdn.yemek.com/mncrop/300/200/uploads/2022/03/ev-usulu-pizza-yemekcom.jpg,300,200,True,https://cdn.yemek.com/mncrop/940/625/uploads/2022/03/ev-usulu-pizza-yemekcom.jpg,940,625,True,https://cdn.yemek.com/mncrop/620/388/uploads/2022/03/ev-usulu-pizza-yemekcom.jpg,620,388,True,https://cdn.yemek.com/mncrop/600/315/uploads/2022/03/ev-usulu-pizza-yemekcom.jpg,600,315,True,['fırın'],,,,,
162,180,Yasemin Özaltın,https://cdn.yemek.com/author/35533/20181219061403_avatar.jpg,/profil/yasemingursurer/,20 Dakikada Buzlukta: Mozaik Pasta,Mozaik Pasta,/tarif/mozaik-pasta/,20 dk,20 dk,"<p>Biz çocukken mutfaktaki hummalı çalışmanın sonucu annelerimizin lezzetli ellerinden tüm ömrümüz boyunca unutamayacağımız kadar lezzetli <a href=""https://yemek.com/tarif/tatli/"" target=""_blank"">tatlılar</a>, <a href=""https://yemek.com/tarif/pasta-tatli/"" target=""_blank"">pastalar</a> çıkardı. Bu pasta hiç şüphesiz mozaik pastanın ta kendisiydi! Bu kolay mozaik pasta, küçük büyük herkesin bayılarak yediği lezzeti her daim garantili olan oldukça kolay ve pratik bir <a href=""https://yemek.com/tarif/"" target=""_blank"">tarif</a>. Hadi gelin bisküvili mozaik pastanın sırlarını bir bir anlatalım size. Anılarımıza doğru tatlı bir yolculuğa çıkaran, <strong>petibör bisküvili</strong> mozaik pasta tarifiyle karşınızdayız!</p>
<p>Bisküvi, tereyağı, toz şeker ve kakaonun bir araya gelip yaptığı en lezzetli pasta tariflerinden biri o. Biz bu kez farklı malzemeler ekleyerek <strong>klasik mozaik pasta</strong> tarifinin tadına da tat kattık. Bu üçgen mozaik pastanın yapımı o kadar kolay, pratik ve bir o kadar lezzetli ki...</p>
<p>Hadi o zaman! Buyursunlar en güzel mozaik pasta tarifine ve yapılış adımlarını gösteren mozaik pasta videomuza. <img src=""https://cdn.yemek.com/assets/images/smiley/smile.png"" class=""wp-smiley img-responsive"" /></p>
",recipe,"['süt', 'kakao', 'pudra şekeri', 'tereyağ', 'Hindistan cevizi', 'petibör bisküvi']","['Tereyağını eritin.', 'Pudra şekerini karıştırma kabına aktarın.\xa0Pudra şekerinin üzerine erittiğiniz tereyağını ve sütü dökün.\xa0Kakaoyu da ilave edin.', 'Malzemeleri çırpın.', 'Üzerine bisküvileri kırın.', 'Bisküvileri de koyduktan sonra tüm malzemeleri spatula yardımıyla nazikçe karıştırın.', 'Servis edeceğiniz kalıbın içini streç film ile kaplayın.', 'Tüm harcı ekleyin ve üzerini kapatın.', 'Buzdolabının dondurucu bölümünde 4 saat bekletin. Hindistan cevizi serpin. Dilimleyerek soğuk olarak servis edin.', 'Afiyet olsun!']",PASTA,239b56,/tarif/pasta-tatli/,"['Tatlı', 'Pasta', 'Video']","['ara öğün', 'çay saati']",['Çay Saati'],['Tencere'],['Ekonomik'],False,1200,1200,2022-03-18T14:40:39Z,4.0,1512620,8912,False,True,True,0,,0,,,,2022/03/mozaik-pasta-tarifi-yemekcom.jpg,0,0,https://cdn.yemek.com/mnresize/940/940/uploads/2022/03/mozaik-pasta-tarifi-yemekcom.jpg,940,940,False,https://cdn.yemek.com/mncrop/300/200/uploads/2022/03/mozaik-pasta-tarifi-yemekcom.jpg,300,200,True,https://cdn.yemek.com/mncrop/940/625/uploads/2022/03/mozaik-pasta-tarifi-yemekcom.jpg,940,625,True,https://cdn.yemek.com/mncrop/620/388/uploads/2022/03/mozaik-pasta-tarifi-yemekcom.jpg,620,388,True,https://cdn.yemek.com/mncrop/600/315/uploads/2022/03/mozaik-pasta-tarifi-yemekcom.jpg,600,315,True,,,,,,
163,29467,Yasemin Özaltın,https://cdn.yemek.com/author/35533/20181219061403_avatar.jpg,/profil/yasemingursurer/,3-2-1 Ölçüsüyle: Bayatlamayan Kabartma Tozlu Poğaça,Bayatlamayan Kabartma Tozlu Poğaça,/tarif/bayatlamayan-kabartma-tozlu-pogaca/,15 dk,15 dk,"<p>Hem çok kolay, hem çok hızlı, hem de yemesi pek keyifli muhteşem bir <a href=""https://yemek.com/tarif/pogaca/"" target=""_blank"">poğaça</a>...Bayatlamayan kabartma tozlu poğaça tarifi, hazırlandıktan sonra tadına bakıp da beğenmeyenini, ikincisini istemeyenini zor bulursunuz. İçindeki malzemelerin miktarlarından dolayı “3-2-1 poğaça <a href=""https://yemek.com/tarif/"" target=""_blank"">tarif</a>i” diye de bilinen bu güzelliği hala denemeyenler varsa diye zevkle paylaşıyoruz.</p>
<p>3-2-1 poğaça tarifi, malzemeleri ile de ekonomik! İçinde 3 paket kabartma tozu, 2 bardak yoğurt ve 1 yumurta var. Kabartma tozu ne kadar da çokmuş acı olur o diyorsanız, hiç de öyle olmadığını, inanılmaz yumuşak, aşırı lezzetli olduğunu deneyince anlayacaksınız. Üstelik de bayatlamıyor, hoş gerçi bayatlamasını bekleyecek kadar uzun süre yemeden duramayacaksınız o da ayrı.  O zaman siz aşağıda yazan diğer malzemeleri de hazırlayıverin, <a href=""https://yemek.com/tarif/yumusak-pogaca/"" target=""_blank"">yumuşacık poğaça</a>mızı yapalım. Şimdiden afiyetler olsun.</p>
",recipe,"['tuz', 'toz şeker', 'un', 'kabartma tozu', 'yoğurt', 'yumurta sarısı', 'sirke', 'beyaz peynir', 'susam', 'yumurta beyazı', 'sıvı yağ']","['Bir yoğurma kabına; yağ, yoğurt ve yumurta beyazını alıp güzelce karıştırın.', 'Ardından kabartma tozları, tuz, şeker ve sirkeyi de ilave edip, tekrar karıştırın.', 'Unu azar azar ilave ederek yoğurmaya başlayın. Hafifçe ele yapışan bir hamur elde edeceksiniz.', 'Hazırladığınız hamurdan mandalinadan biraz küçük olacak parçalar kopartın. Elinizle yuvarlayın ve avucunuzla bastırıp yassılaştırın.', 'Yassılaştırdığınız hamur parçasının ortasına bir çatalla ezdiğiniz beyaz peynirden biraz koyun.', 'Kenarlarını birleştirip kapatın ve tekrar yuvarladıktan sonra yağlı kağıt serdiğiniz bir fırın tepsisine yerleştirin.', 'Tüm hamuru bu şekilde hazırlayıp tepsiye dizin.', 'Üstlerine bir fırça yardımıyla yumurta sarısı sürün ve susam serpin. Önceden ısıttığınız 200 derece fırında, üstleri kızarana dek yaklaşık 15 dakika pişirin.', 'Tepsiyi fırından aldıktan sonra ılıklaşmasını bekleyin ve ardından servis edin.']",POĞAÇA,239b56,/tarif/pogaca/,"['Hamur İşi', 'Kahvaltılık', 'Poğaça', 'Video']","['kahvaltı', 'çay saati']","['Kahvaltı', 'Çay Saati']",['Fırın'],['Vejetaryen'],False,900,900,2018-01-31T07:11:19Z,4.0,1443090,8543,False,True,False,0,,0,,,,2018/01/bayatlamayan-pofuduk-pogaca-yemekcom.jpg,0,0,https://cdn.yemek.com/mnresize/940/940/uploads/2018/01/bayatlamayan-pofuduk-pogaca-yemekcom.jpg,940,940,False,https://cdn.yemek.com/mncrop/300/200/uploads/2018/01/bayatlamayan-pofuduk-pogaca-yemekcom.jpg,300,200,True,https://cdn.yemek.com/mncrop/940/625/uploads/2018/01/bayatlamayan-pofuduk-pogaca-yemekcom.jpg,940,625,True,https://cdn.yemek.com/mncrop/620/388/uploads/2018/01/bayatlamayan-pofuduk-pogaca-yemekcom.jpg,620,388,True,https://cdn.yemek.com/mncrop/600/315/uploads/2018/01/bayatlamayan-pofuduk-pogaca-yemekcom.jpg,600,315,True,,,,,,
164,129,Yasemin Özaltın,https://cdn.yemek.com/author/35533/20181219061403_avatar.jpg,/profil/yasemingursurer/,Lokanta Usulü: Köri Soslu Tavuk,Köri Soslu Tavuk,/tarif/kori-soslu-tavuk/,20 dk,10 dk,"<p>Baharat sevenleri, her yaptığı <a href=""https://yemek.com/tarif/"" target=""_blank"">yemek tarifinin</a> içine tuz hariç mutlaka en az 2 baharat ekleyenleri, körinin kokusunu da tadını da çok sevenleri böyle alalım. Güneydoğu Asya Mutfağı'nın vazgeçilmez baharatı köri, içerisinde bulunan sumak, zencefil, kimyon, kişniş vb. baharatlarla tam bir şifa kaynağı olma özelliğini taşıyor. Beyaz etlerle harika bir uyum yakalayan köri, en çok <a href=""https://yemek.com/tarif/tavuk/"" target=""_blank"">tavuk etini</a> seviyor. Karşınızda nefis mi nefis: <strong>Köri soslu tavuk tarifi!</strong></p>
<p>Resimli anlatımıyla, en pratik ve yemelere doyum olmaz körili tavuk tarifini veriyor, köri sos nasıl yapılır tek tek anlatıyoruz. Yanına <a href=""https://yemek.com/tarif/patates-puresi/"" target=""_blank"">patates püresi</a>, <a href=""https://yemek.com/tarif/salata/"" target=""_blank"">salata</a> ya da <a href=""https://yemek.com/tarif/pilav/"" target=""_blank"">pilavla</a> servis edebilirsiniz. Lokantalarda sunulan köri soslu tavuklardan çok daha lezzetli oluyor, yiyen herkes tarifini istiyor. Bu lezzeti sık sık pişirmek isteyeceksiniz. Şimdiden ellerinize sağlık diyor, <a href=""https://yemek.com/soslu-tavuk-yemekleri/"" target=""_blank"">soslu tavuk yemekleri</a> arasında en çok sevilen bu kolay yemek tarifimize buyur ediyoruz.</p>
<p>Köri sosun tadını sevdiyseniz belki sonra <a href=""https://yemek.com/tarif/kremali-korili-tavuklu-makarna/"" target=""_blank"">köri soslu makarna tarifine</a> de şans vermek isteyebilirsiniz. Afiyet olsun!</p>
",recipe,"['tereyağı', 'sıcak su', 'tuz', 'un', 'maydanoz', 'karabiber', 'kuşbaşı tavuk göğsü', 'soğuk süt', 'köri', 'sıvı yağ']","['Sıvı yağını bir tavada kızdırın. Kuşbaşı\xa0doğranmış tavuk göğsünü aktarın.', 'Renk alıp, suyunu çekene kadar orta ateşte kavurun.', 'Köri sosu hazırlamak için; ayrı bir tavada tereyağını sos tenceresinde eritin.', 'Unu da üzerine ekleyin ve\xa0 kokusu çıkıp, renk alana kadar karıştırarak kavurun.', 'Kavrulan una soğuk sütü ekleyin ve unun topaklanmaması için bir çırpıcı yardımıyla hızlıca karıştırın.', 'Sıcak su, köri, tuz ve karabiberi katın.', 'Sosu, kısık ateşte koyu bir kıvam alana kadar sürekli karıştırarak 4- 5 dakika pişirin.', 'Hazırladığınız sosu, kavrulan tavuklara ekleyin ve harmanladıktan sonra pişirme işlemini 5 dakika kadar sürdürün.', 'İncecik kıyılmış bir avuç maydanozu, köri soslu tavuğa ilave ettikten sonra bekletmeden sıcak olarak servis edin.', 'Köri soslu tavuk tarifi hazır. Afiyet olsun!']",TAVUK,239b56,/tarif/tavuk/,"['Tavuk', 'Video']","['ekonomik', 'akşam yemeği', 'öğle yemeği']","['Öğle Yemeği', 'Akşam Yemeği']",['Tencere'],"['Ekonomik', 'Bol Proteinli']",False,1200,600,2019-05-14T13:24:40Z,4.0,1396751,11895,False,True,True,0,,0,,,,2014/06/kori-soslu-tavuk-yemekcom.jpg,0,0,https://cdn.yemek.com/mnresize/940/940/uploads/2014/06/kori-soslu-tavuk-yemekcom.jpg,940,940,False,https://cdn.yemek.com/mncrop/300/200/uploads/2014/06/kori-soslu-tavuk-yemekcom.jpg,300,200,True,https://cdn.yemek.com/mncrop/940/625/uploads/2014/06/kori-soslu-tavuk-yemekcom.jpg,940,625,True,https://cdn.yemek.com/mncrop/620/388/uploads/2014/06/kori-soslu-tavuk-yemekcom.jpg,620,388,True,https://cdn.yemek.com/mncrop/600/315/uploads/2014/06/kori-soslu-tavuk-yemekcom.jpg,600,315,True,"['tencere', 'bol proteinli']",,,,,
165,305,Gökçen Mutaf,https://cdn.yemek.com/author/23120/20181227103819_avatar.jpeg,/profil/gokcenmutaf/,Şaşmayan Tarif: Sade Kek,Sade Kek,/tarif/sade-kek/,40 dk,15 dk,"<p>Kocaman kabarmış, lezzetiyle herkesi kendine hayran bırakacak en klasik lezzetlerdendir sade kek tarifi. Süt, yumurta ve şekerin önderliğinde, misler gibi vanilya kokusunun büyüsünde hazırlanan harç fırının sıcacık kollarına teslim edilir. Kabarırken bile kendine hayran bırakan sade kek, çayın yanına hazırlanan en pratik kek olarak çıkar oradan. Karşınızda işte o enfes anların mimarı sade kek tarifi!</p>
<p>Birbirinden nefis <a href=""https://yemek.com/tarif/kek/"" target=""_blank"">kek tarifleri</a> arasında en baştan bize göz kırpan bu lezzet, kabarık ve yumuşak dokusuyla boyut atlıyor bu kez. Çaylarınızın, kahveleriniz hazırsa o yumuşacık sade kek tarifimiz geliyor. Şimdiden ellerinize sağlık.</p>
<p>Not: ""Sade kek de güzel ama kakaolu keki de çok seviyorum"" diyenler için yumuşacık kakaolu kek tarifimiz de hemen <a href=""https://yemek.com/tarif/kakaolu-kek/"" target=""_blank"">şurada</a>.</p>
",recipe,"['yumurta', 'toz şeker', 'süt', 'un', 'kabartma tozu', 'vanilin', 'sıvı yağ']","['Yumurtaları derince bir kaba kırın ve toz şekeri ekledikten sonra bir mikser ile 10 dakika boyunca çırpın.\xa0Krema kıvamına gelen karışıma sıvı yağı ve sütü ekleyip bir spatula ile karıştırın.', 'Üstüne unu, kabartma tozunu ve vanilini de ekledikten sonra tekrar karıştırın ve sıvı yağ ile yağladığınız bir kek kalıbına hazırladığınız karışımı dökün.', 'Önceden ısıtılmış 180 derecelik fırında 40 dakika kadar pişirin.\n\n&nbsp;', 'Kek kürdan testini geçince fırından alın ve tamamen soğuduktan sonra kalıbı ters çevirerek kalıptan çıkarın.', 'Dilimleyerek servis edin.\xa0 Afiyetler olsun!']",TATLI KEK,239b56,/tarif/tatli-kek/,"['Kek', 'Tatlı Kek']",['çay saati'],['Çay Saati'],['Fırın'],['Vejetaryen'],False,2400,900,2022-03-10T07:30:22Z,4.0,1356751,3356,False,False,True,0,,0,,,,2014/07/sade-kek-tarifi-yeni.jpg,0,0,https://cdn.yemek.com/mnresize/940/940/uploads/2014/07/sade-kek-tarifi-yeni.jpg,940,940,False,https://cdn.yemek.com/mncrop/300/200/uploads/2014/07/sade-kek-tarifi-yeni.jpg,300,200,True,https://cdn.yemek.com/mncrop/940/625/uploads/2014/07/sade-kek-tarifi-yeni.jpg,940,625,True,https://cdn.yemek.com/mncrop/620/388/uploads/2014/07/sade-kek-tarifi-yeni.jpg,620,388,True,https://cdn.yemek.com/mncrop/600/315/uploads/2014/07/sade-kek-tarifi-yeni.jpg,600,315,True,['fırın'],,,,,
166,183,Cemre Özgüzel,https://cdn.yemek.com/author/109/20200211010242_avatar.jpg,/profil/cemre-ozguzel/,Pastane Usulü: Un Kurabiyesi,Un Kurabiyesi,/tarif/un-kurabiyesi/,15 dk,25 dk,"<p>Kıyır kıyır dediğimiz <a href=""https://yemek.com/kurabiye-tarifleri/"" target=""_blank"">kurabiye tarifleri</a>nin şahı un kurabiyesidir. Uzun süre bozulmadan dayanabilmesi de bu lezzetli ve pratik kurabiyeyi popüler kılan noktalardan biridir. Kolay un kurabiyesi yapımında pudra şekeri elenerek servis edildiği için tarifinde çok az miktarda şeker kullanılır. Ağza gelmemesi için pudra şekeri tercih edilir. Hem kıvamı hem de dokusuyla, enfes mi enfes <strong>un kurabiyesi tarifi</strong> karşınızda!</p>
<p>""<a href=""https://yemek.com/agizda-dagilan-kurabiye-nasil-yapilir/"" target=""_blank"">Ağızda dağılan un kurabiyesi nasıl yapılır?</a>"" diyenler tarifin detaylarında açıklamalı anlatımını bulacak. Basit ve gerçek un kurabiyesinin tüm malzemeleri, yapılış adımları ve videosu ise hemen aşağıda. Hazırsanız en güzel un kurabiyesini yapmak için çalışmalara başlayalım! ''Un kurabiyesi tarifi nasıl yapılır?'' diyenlerinizi tarifimize alalım. Şimdiden ellerinize sağlık diyor, kolaylığı ve <strong>ağızda dağılan lezzetiyle un kurabiyesi</strong> <a href=""https://yemek.com/tarif/"" target=""_blank"">tarifi</a> karşınızda!</p>
",recipe,"['yumurta', 'un', 'vanilya', 'kabartma tozu', 'pudra şekeri', 'pudra şekeri', 'buğday nişastası', 'oda sıcaklığında tereyağı', 'sıvı yağ']","['Un kurabiyesi için 200 gram oda sıcaklığında bekletilmiş tereyağını derin bir yoğurma kasesine aktarın.', 'Üzerine 1 adet yumurta ve 1 çay bardağı sıvı yağını da ekledikten sonra pürüzsüz bir kıvam olana kadar çırpın.', '1 su bardağı pudra şekeri, 5 yemek kaşığı buğday nişastası, 1 paket kabartma tozu, 1 paket vanilin ve 3 su bardağı unu azar azar ekleyin.', 'Ele yapışmayacak kıvamda bir hamur elde edene kadar yoğurun.', 'Kurabiye hamurundan büyükçe bir parça alın ve tezgahın üzerinde yuvarlayarak 2 parmak kalınlığında rulo şekline getirin.', 'Kenar kısımlarını kesin. Ardından üzerinden çatal yardımıyla geçerek şekil verin.', 'Bıçak yardımıyla 3 parmak genişliğinde parçalar kesin. Fırın tepsisine aktarın.', 'Üzerleri hafif kızarıp renk alana kadar önceden ısıtılmış 170 derece fırında 15 dakika kadar pişirin.', 'Soğuttuktan sonra pudra şekeri eleyin.', 'Ardından un kurabiyelerini servis edin. Afiyetler olsun!']",TATLI KURABİYE,239b56,/tarif/tatli-kurabiyeler/,"['Kurabiye', 'Video', 'Tatlı Kurabiye']",['çay saati'],['Çay Saati'],['Fırın'],,False,900,1500,2022-04-01T07:45:01Z,4.0,1330455,3412,False,True,True,0,,0,,,,2022/04/un-kurabiyesi-onecikan-yeni.jpg,0,0,https://cdn.yemek.com/mnresize/940/940/uploads/2022/04/un-kurabiyesi-onecikan-yeni.jpg,940,940,False,https://cdn.yemek.com/mncrop/300/200/uploads/2022/04/un-kurabiyesi-onecikan-yeni.jpg,300,200,True,https://cdn.yemek.com/mncrop/940/625/uploads/2022/04/un-kurabiyesi-onecikan-yeni.jpg,940,625,True,https://cdn.yemek.com/mncrop/620/388/uploads/2022/04/un-kurabiyesi-onecikan-yeni.jpg,620,388,True,https://cdn.yemek.com/mncrop/600/315/uploads/2022/04/un-kurabiyesi-onecikan-yeni.jpg,600,315,True,['fırın'],,,,,
167,121,Cemre Özgüzel,https://cdn.yemek.com/author/109/20200211010242_avatar.jpg,/profil/cemre-ozguzel/,"Kolay, Pratik, Tam Kıvamında: Kakaolu Kek",Kakaolu Kek,/tarif/kakaolu-kek/,35 dk,10 dk,"<p>Bir parça kakaolu <a href=""https://yemek.com/tarif/kek/"" target=""_blank"">kek</a>; göz doldurur, iştah açar, <a href=""https://yemek.com/tarif/iced-latte/"" target=""_blank"">kahvenin</a> yanında iyi gider, misafir kurtarır, evlat sevindirir, anne özlemini artırır. On diliminde on marifet kakaolu kek, yapması da kolay olduğundan öğrencilerin de yapabilecekleri en nefis ve pratik <a href=""https://yemek.com/tarif/kek/"" target=""_blank"">kek tariflerinden</a> biri.</p>
<p>Kek denince akla gelen ilk <a href=""https://yemek.com/tarif/tatli-kek/"" target=""_blank"">tatlı kek</a> tarif olan <a href=""https://yemek.com/kakaolu-kek-tarifleri/"" target=""_blank"">kakaolu kek tarifi</a>ni en kolay, pratik ve tam kıvamında bir şekilde yapmak mümkün! Bu pratik kakaolu kek yumuşacık ve yaptığınız en güzel kakaolu kek tarifi olacak.</p>
<p>Kakaolu kek <a href=""https://yemek.com/tarif/"" target=""_blank"">tarif</a>imizin videosu hemen aşağıda, afiyet olsun!</p>
",recipe,"['yumurta', 'toz şeker', 'süt', 'un', 'vanilya', 'kabartma tozu', 'kakao', 'maden suyu', 'sıvı yağ']","['Yumurtaları ve toz şekeri derin bir kapta, bir mikser yardımıyla şeker eriyene kadar çırpın.', 'Ardından sıvı yağ, süt ve\xa0 sodayı da üzerine ekleyip çırpmaya devam edin.', 'Kek harcına unu ve kakaoyu azar azar ilave edin. Kabartma tozu ve vanilini de ekledikten sonra spatula yardımıyla, pürüzsüz bir harç elde edene kadar karıştırmaya devam edin.', 'Hazırladığınız kakaolu kek karışımını yağladığınız kek kalıbına dökün.', 'Önceden ısıtılmış 180 derece fırında 30-35 dakika kadar pişirin. İçini çekmesi için beklettiğiniz keki, ılınınca kalıbından çıkartın.', 'Üzerine pudra şekeri serperek servis edin.']",TATLI KEK,239b56,/tarif/tatli-kek/,"['Kek', 'Video', 'Tatlı Kek']","['ekonomik', 'ara öğün']",['Çay Saati'],['Fırın'],['Ekonomik'],False,2100,600,2020-11-19T10:43:04Z,4.0,1321844,5041,False,True,True,0,,0,,,,2019/03/kakaolu-kek-one-cikan-yeni.jpg,0,0,https://cdn.yemek.com/mnresize/940/940/uploads/2019/03/kakaolu-kek-one-cikan-yeni.jpg,940,940,False,https://cdn.yemek.com/mncrop/300/200/uploads/2019/03/kakaolu-kek-one-cikan-yeni.jpg,300,200,True,https://cdn.yemek.com/mncrop/940/625/uploads/2019/03/kakaolu-kek-one-cikan-yeni.jpg,940,625,True,https://cdn.yemek.com/mncrop/620/388/uploads/2019/03/kakaolu-kek-one-cikan-yeni.jpg,620,388,True,https://cdn.yemek.com/mncrop/600/315/uploads/2019/03/kakaolu-kek-one-cikan-yeni.jpg,600,315,True,['fırın'],,,,,
168,127,Gökçen Mutaf,https://cdn.yemek.com/author/23120/20181227103819_avatar.jpeg,/profil/gokcenmutaf/,Ağızda Dağılan Mükemmel Kıvamıyla: Elmalı Kurabiye,Elmalı Kurabiye,/tarif/elmali-kurabiye/,25 dk,20 dk,"<p><a href=""https://yemek.com/kurabiye-tarifleri-puf-noktalari/"" target=""_blank"">Kurabiye tariflerinin</a> en güzellerinden biri olan en güzel elmalı kurabiye karşınızda! Ağızda dağılan kıvamıyla, <a href=""https://yemek.com/pratik-kurabiye-tarifleri/"" target=""_blank"">pratik kurabiyelerden</a> oluşuyla kalplerinizi çalmaya gelecek bu kıyır kıyır <a href=""https://yemek.com/elmali-kurabiye-tarifleri/"" target=""_blank"">elmalı kurabiye tarifi</a> şekilleriyle, malzemeleriyle, hamuruyla tam ölçülü <a href=""https://yemek.com/tarif/kolay-elmali-kurabiye/"" target=""_blank"">elmalı kurabiye</a> yapmak isteyenlerin yardımına koşacak.</p>
<p><strong>Elmalı kurabiyenin gevrek olmas</strong>ı için yapılması gerekenlerden, nasıl saklanacağına kadar elmalı kurabiye yapmanın tüm püf noktalarını da bulabileceğiniz bu en güzel denenmiş elmalı kurabiye <a href=""https://yemek.com/tarif/"" target=""_blank"">tarifi</a> için çay suyunun altını koyalım hafiften. Elmalı <a href=""https://yemek.com/tarif/kurabiye/"" target=""_blank"">kurabiyeler</a> bizi bekler. Ağızda dağılan, tarçınlı <strong>elmalı kurabiye tarifi</strong>miz için mutfağa davetlisiniz. Afiyetler olsun şimdiden.</p>
",recipe,"['limon suyu', 'toz şeker', 'toz şeker', 'un', 'yoğurt', 'tarçın', 'karbonat', 'tereyağı (oda ısısında bekletilmiş)', 'dövülmüş ceviz içi', 'sıvı yağ', 'kırmızı elma']","['Elmalı kurabiye tarifini hazırlamak için\xa0 rendelenmiş elmaları tavaya alın. Üzerine toz şekeri ilave edin. Karamelize olana dek pişirin.', 'Piştikten sonra üzerine yarım su bardağı kadar dövülmüş ceviz ve tarçın ekleyin, karıştırın.', 'Hamurunu hazırlamak için derin bir kaseye oda sıcaklığında yumuşamış tereyağı, sıvı yağ, yoğurt, toz şeker, limon suyu ve karbonatı ekleyin. Güzelce yoğurun ve ardından unu da azar azar ekleyerek, ele yapışmayan fakat yumuşak olan bir hamur elde edin.', 'Hamuru tezgahın üzerinde toparlayın.', 'Tezgaha hafifçe un serperek açın. Yuvarlak şekiller çıkarıp elmalı harcı ortasına koyun ve iki yandan katlayın.', 'Pişirme kağıdı serdiğiniz fırın tepsisine kurabiyeleri dizin ve önceden ısıtılmış 180 derece fırında üzeri kızarana kadar, yaklaşık 20-25 dakika pişirin.', 'Oda sıcaklığına geldikten sonra üzerine pudra şekeri serpiştirin. Kurabiyeleriniz artık servise hazır! Afiyet olsun..', 'Afiyet olsun..']",TATLI KURABİYE,239b56,/tarif/tatli-kurabiyeler/,"['Kurabiye', 'Video', 'Tatlı Kurabiye']",['çay saati'],['Çay Saati'],['Fırın'],,False,1500,1200,2022-03-11T07:30:23Z,4.0,1597377,7917,False,True,True,0,,0,,,,2022/03/elmali-kurabiye-tarifi-yemekcom.jpg,0,0,https://cdn.yemek.com/mnresize/940/940/uploads/2022/03/elmali-kurabiye-tarifi-yemekcom.jpg,940,940,False,https://cdn.yemek.com/mncrop/300/200/uploads/2022/03/elmali-kurabiye-tarifi-yemekcom.jpg,300,200,True,https://cdn.yemek.com/mncrop/940/625/uploads/2022/03/elmali-kurabiye-tarifi-yemekcom.jpg,940,625,True,https://cdn.yemek.com/mncrop/620/388/uploads/2022/03/elmali-kurabiye-tarifi-yemekcom.jpg,620,388,True,https://cdn.yemek.com/mncrop/600/315/uploads/2022/03/elmali-kurabiye-tarifi-yemekcom.jpg,600,315,True,,,,,,
169,3424,Ege Şahin,https://cdn.yemek.com/author/464113/20220221123420_avatar.jpg,/profil/egesahin/,Kıyır Kıyır: Üç Malzemeli Un Kurabiyesi,Üç Malzemeli Un Kurabiyesi,/tarif/uc-malzemeli-un-kurabiyesi/,15 dk,10 dk,"<p>Eşe dosta <a href=""https://yemek.com/tarif/un-kurabiyesi/"" target=""_blank"">un kurabiyesi</a> tarifi soranlar, telefonda un kurabiyesi nasıl yapılır diye dert yananlar, neredeyse rüyasında un kurabiyesi görenler... Hoş geldiniz, doğru yerdesiniz.</p>
<p>Günün en tatlı saatleri akşam üzeri olmuş, belki de tatlısıyla tuzlusuyla uzun uzadıya keyfi çıkacak bir <a href=""https://yemek.com/tarif/kahvaltiliklar/"" target=""_blank"">kahvaltı</a> sofrası hazırlıyorsunuz. Ya da akşam yemeği sonrası çay keyfinizi taçlandıracak tatlı bir hamur işi aradığınız. Öyleyse sadece 10 dakikada hazırlanan üç malzemeli un kurabiyesi <a href=""https://yemek.com/tarif/"" target=""_blank"">tarif</a>ine alalım sizi. Bu kurabiyeler bir şahane.</p>
<p>Sıvı yağ, pudra şekeri ve un ilavesiyle hazırlanan bu <a href=""https://yemek.com/tarif/tatli-kurabiyeler/"" target=""_blank"">tatlı kurabiye</a>ler, kaşıkla şekil alıp önceden ısıtılmış 175 derece fırında 15 dakika gibi kısa bir sürede pişiyor. Demleyin çayı, kurulun en sevdiğiniz koltuğa. Kurabiyeleriniz olmak üzere, afiyet olsun.</p>
",recipe,"['un', 'pudra şekeri', 'pudra şekeri', 'sıvı yağ']","['Sıvı yağ ve pudra şekerini derin bir kaba alın, karıştırın.', 'Ardından unu aşamalı olarak ekleyin.\xa0Hamuru toparlamak için iyice yoğurun. Hamurdan parçalar koparıp silindir şeklini verin.', 'Verev şekilde kesin.', 'Yağlı kağıt serilmiş fırın tepsisine aralıklı olarak yerleştirin.', 'Üzerlerini çatal ile çizin. Önceden ısıtılmış 175 derece fırında 15 dakika pişirin.', 'Arzuya göre üzerine pudra şekeri serperek servis edin. Afiyet olsun!']",TATLI KURABİYE,239b56,/tarif/tatli-kurabiyeler/,"['Kurabiye', 'Tatlı Kurabiye']",['çay saati'],['Çay Saati'],['Fırın'],['Ekonomik'],False,900,600,2022-12-28T11:10:00Z,4.0,1569331,4413,False,False,True,0,,0,,,,2015/09/uc-malzemeli-un-kurabiyesi-yemekcom.jpg,0,0,https://cdn.yemek.com/mnresize/940/940/uploads/2015/09/uc-malzemeli-un-kurabiyesi-yemekcom.jpg,940,940,False,https://cdn.yemek.com/mncrop/300/200/uploads/2015/09/uc-malzemeli-un-kurabiyesi-yemekcom.jpg,300,200,True,https://cdn.yemek.com/mncrop/940/625/uploads/2015/09/uc-malzemeli-un-kurabiyesi-yemekcom.jpg,940,625,True,https://cdn.yemek.com/mncrop/620/388/uploads/2015/09/uc-malzemeli-un-kurabiyesi-yemekcom.jpg,620,388,True,https://cdn.yemek.com/mncrop/600/315/uploads/2015/09/uc-malzemeli-un-kurabiyesi-yemekcom.jpg,600,315,True,,,,,,
170,4487,Gökçen Mutaf,https://cdn.yemek.com/author/23120/20181227103819_avatar.jpeg,/profil/gokcenmutaf/,Brownie'yi Andıran: Islak Kurabiye,Islak Kurabiye,/tarif/islak-kurabiye/,25 dk,15 dk,"<p>Kakaolu kurabiyenin şerbetle buluşmasından hazırlanan ıslak kurabiye, kakaolu tatlıları sevenlere göre. <strong>Sıcak kurabiyelerin ıslatılması kakao tadını yoğunlaştırıyor </strong>ve <a href=""https://yemek.com/tarif/kurabiye/"" target=""_blank"" rel=""noopener"">kurabiyeye</a> ağızda dağılan bir kıvam veriyor. Islak kurabiye tarifini çay saatleri için keyifle hazırlayabilir, bu esmer kurabiyeleri yanında bir fincan kahve eşliğinde tatlı bir atıştırmalık olarak da tüketebilirsiniz.</p>
<p><a href=""https://yemek.com/tarif/brownie/"" target=""_blank"" rel=""noopener"">Brownie</a>'yi andıran bu lezzetli <a href=""https://yemek.com/tarif/browni-kurabiye/"" target=""_blank"" rel=""noopener"">browni tadında kurabiye</a>leri kısa sürede hazırlayabilir, yorumlarınızı bizlerle paylaşabilirsiniz.</p>",recipe,"['yumurta', 'toz şeker', 'un', 'kabartma tozu', 'su', 'rendelenmiş Hindistan cevizi', 'kakao', 'pudra şekeri', 'tereyağı (oda sıcaklığında bekletilmiş)', 'vanilin', 'sıvı yağ']","['<div>\n<div>\n<div dir=""ltr"">\n<div>\n<div>Islak kurabiye için derince bir karıştırma kabına oda ısısındaki tereyağını, sıvı yağı, yumurtayı, pudra şekerini, kakaoyu, vanilin ve kabartma tozunu alın.</div>\n</div>\n</div>\n</div>\n</div>', '<p>Tüm malzemeleri özleşene\xa0kadar\xa0karıştırın.</p>', '<div>\n<div>\n<div dir=""ltr"">\n<div>\n<div>Ardından unu yavaş yavaş ekleyerek, ele yapışmayan bir hamur elde edin.</div>\n</div>\n</div>\n</div>\n</div>', '<div>\n<div>\n<div dir=""ltr"">\n<div>\n<div>Hazırladığınız hamurdan ceviz büyüklüğünde parçalar koparın.</div>\n</div>\n</div>\n</div>\n</div>', '<p>Avucunuzda yuvarlayın ve parmağınızla ortasına hafifçe bastırdıktan sonra, yağlı kağıt serilmiş bir fırın tepsisine dizin.\xa0Önceden ısıtılmış 180 derece fırında yaklaşık 20 dakika kadar pişirin.</p>', '<div>\n<div>\n<div dir=""ltr"">\n<div>\n<div>Kurabiyeleriniz fırındayken şerbeti için gerekli olan şeker ve suyu homojen karışana kadar kaynattıktan sonra bir kaseye alın ve soğutun.</div>\n</div>\n</div>\n</div>\n</div>', '<div>\n<div>\n<div dir=""ltr"">\n<div>\n<div>Kurabiyeler fırından çıkınca 2 dakika kadar bekletin ve ardından teker teker hazırladığınız şerbete atın, arkalı önlü çevirin ve bir servis tabağına dizin.</div>\n</div>\n</div>\n</div>\n</div>', '<div>\n<div>\n<div dir=""ltr"">\n<div>\n<div>Tüm kurabiyeleri bu şekilde şerbete batırdıktan sonra kalan şerbeti de üstlerine gezdirin ve tüm şerbeti çekene dek bekletin.</div>\n</div>\n</div>\n</div>\n</div>', '<div>\n<div>\n<div dir=""ltr"">\n<div>\n<div>Kurabiyeler şerbeti çektikten sonra üstlerini Hindistan cevizi ile süsleyin ve servis edin. Afiyet olsun.</div>\n</div>\n</div>\n</div>\n</div>']",TATLI KURABİYE,239b56,/tarif/tatli-kurabiyeler/,"['Kurabiye', 'Tatlı Kurabiye']",,['Çay Saati'],['Fırın'],['Ekonomik'],False,1500,900,2022-03-16T06:08:50Z,4.0,1542043,9538,False,False,True,0,,0,,,,2016/01/islak-kurabiye-tarifi-son.jpg,0,0,https://cdn.yemek.com/mnresize/940/940/uploads/2016/01/islak-kurabiye-tarifi-son.jpg,940,940,False,https://cdn.yemek.com/mncrop/300/200/uploads/2016/01/islak-kurabiye-tarifi-son.jpg,300,200,True,https://cdn.yemek.com/mncrop/940/625/uploads/2016/01/islak-kurabiye-tarifi-son.jpg,940,625,True,https://cdn.yemek.com/mncrop/620/388/uploads/2016/01/islak-kurabiye-tarifi-son.jpg,620,388,True,https://cdn.yemek.com/mncrop/600/315/uploads/2016/01/islak-kurabiye-tarifi-son.jpg,600,315,True,,,,,,
171,134,Yasemin Özaltın,https://cdn.yemek.com/author/35533/20181219061403_avatar.jpg,/profil/yasemingursurer/,Tüm Püf Noktalarıyla: Mercimek Köftesi,Mercimek Köftesi,/tarif/mercimek-koftesi/,20 dk,30 dk,"<p>Altın günlerinin vazgeçilmez lezzeti, bekarların ve öğrenci evlerinin gözdesi mercimekli köfte pratik olmasının yanı sıra besleyici ve lezzetli bir <a href=""https://yemek.com/tarif/"" target=""_blank"" rel=""noopener"">tarif</a>. <strong>Tam ölçülü, tam kıvamında mercimek köftesi</strong> nasıl yapılır diye merak edenlerden en güzel mercimek köftesi tarifini henüz bulamamış olanlara tüm püf noktalarıyla pratik tariflerin gözdesi mercimek köftesi karşınızda!</p>
<p>Mercimek köftesi sunumunu, mercimek köftesinin yanına ne gider ya da <strong>mercimek köftesi cıvık olursa</strong> ne yapılmalı sorularının cevabını artık başka yerde aramanız gerek yok. Çünkü en güzelini annenin yaptığı mercimek köftesi için mutfağa girerek biraz da biz hünerlerimizi göstereceğiz bugün. Güzel annelerimize selamlar yollayacağız bu tarifle.</p>
<p>Mercimek köftesi videomuzu aşağıya bırakıyoruz, afiyetler olsun şimdiden! <img class=""wp-smiley img-responsive"" src=""https://cdn.yemek.com/assets/images/smiley/smile.png""></p>
<p>Mercimek köftesini sevenler bunları da sevdi: <a href=""https://yemek.com/tarif/kisir"" target=""_blank"" rel=""noopener"">Kısır Tarifi</a></p>
<p>Klasik mercimekli köfte tariflerinden sıkılanlar, çıtır çıtır dokusuyla <a href=""https://yemek.com/tarif/firinda-mercimek-kofte/"" target=""_blank"" rel=""noopener"">fırında mercimekli köfte</a> tarifiyle misafirlerinizi şaşırtıyor.</p>",recipe,"['kırmızı mercimek', 'kuru soğan', 'biber salçası', 'sıcak su', 'tuz', 'pul biber', 'maydanoz', 'zeytinyağı', 'karabiber', 'domates salçası', 'ince bulgur', 'taze soğan', 'kimyon']","['<p>Mercimek köftesi için bol suda yıkadığınız kırmızı mercimeği sıcak suda kaynatın.</p>', '<p>Suyunu çekmeye yakın ince bulguru ekleyin, mercimeği ocaktan alın.</p>', '<p>Üzerine ince bulguru ekleyin.</p>', '<p>Kapağını kapattığınız tencerede ince bulguru şişmesi için mercimekle birlikte 15 dakika kadar bekletin.</p>', '<p>Zeytinyağını bir tavada kızdırın.</p>', '<p>Kuru soğanları küçük küpler halinde doğrayın ve tavaya aktarın.</p>', '<p>Doğradığınız soğanları 5 dakika kadar kavurun.</p>', '<p>Sırasıyla; biber salçası, domates salçası, tuz, pul biber ve kimyonu ekleyin.</p>', '<p>Soğanlı karışımı 3-4 dakika kadar kavurun.</p>', '<p>Şişen bulgurlu ve mercimekli harca salçalı, soğanlı harcı ekleyin.</p>', '<p>Taze soğanları ve maydanozu ince ince kıyın.\xa0 Doğranmış yeşillikleri ilave edin.</p>', '<p>Malzemeleri yoğurmaya başlayın.</p>', '<p>Tüm malzemeyi özleşene kadar yoğurun.</p>', '<p>Hazırladığınız harçtan ceviz büyüklüğünde parçalar alın ve avuç içinizde sıkarak şekil verin.</p>', '<p>Servis tabağına aldığınız mercimek köftelerini arzu ettiğiniz yeşilliklerle servis edin. Sevdiklerinizle paylaşın.</p>']",MEZE,239b56,/tarif/mezeler/,"['Özel Beslenme', 'Vejetaryen', 'Atıştırmalık', 'Meze', 'Vegan', 'Video', 'Tuzlu Atıştırmalık', 'Bakliyat']",,"['Öğle Yemeği', 'Çay Saati']","['Tencere', 'Tava']","['Vejetaryen', 'Bol Proteinli']",False,1200,1800,2022-03-10T11:30:12Z,4.0,1537793,11735,False,True,True,0,,0,,,,2014/06/mercimek-koftesi-yeni-ytk.jpg,0,0,https://cdn.yemek.com/mnresize/940/940/uploads/2014/06/mercimek-koftesi-yeni-ytk.jpg,940,940,False,https://cdn.yemek.com/mncrop/300/200/uploads/2014/06/mercimek-koftesi-yeni-ytk.jpg,300,200,True,https://cdn.yemek.com/mncrop/940/625/uploads/2014/06/mercimek-koftesi-yeni-ytk.jpg,940,625,True,https://cdn.yemek.com/mncrop/620/388/uploads/2014/06/mercimek-koftesi-yeni-ytk.jpg,620,388,True,https://cdn.yemek.com/mncrop/600/315/uploads/2014/06/mercimek-koftesi-yeni-ytk.jpg,600,315,True,,,,,,
172,13732,ipeksare,https://cdn.yemek.com/author/262494/20200820091315_avatar.jpg,/profil/ipeksare/,Bol Malzemeli: Ev Usulü Pizza,Ev Usulü Pizza,/tarif/ev-usulu-pizza/,30 dk,30 dk,"<p>Hafif kabarmış bir hamuru ve bol bol malzemesiyle <a href=""https://yemek.com/tarif/pizza/"" target=""_blank"">pizzaların</a> en güzellerinden biridir ev usulü pizza.</p>
<p>Dışarıda bayılarak yediğimiz pizzaları aslında evinizde de çok kolay bir şekilde yapabilirsiniz. Eğer siz de ""<strong>Evde pizza nasıl yapılır?</strong>"" diyorsanız fırında pişen, bu kolay ve pratik karışık pizza tarifini çok sevecek, her fırsatta yapmak isteyeceksiniz.</p>
<p>Lezzetine doyum olmaz bu pizza tarifinin sırrı hamurunda saklı. Bu şekilde ağzınıza attığınızda yumuşacık dokusuyla sizi çok mutlu edecek, bol bol malzemesiyle de damaklarınızı şenlendirecek bir tarife dönüşüyor. ""<strong>Pizza hamuru nasıl yapılır?</strong>"" diye soranlara da adım adım resimli anlatımıyla tam kıvamında bir <a href=""https://yemek.com/tarif/pizza-hamuru/"" target=""_blank"">pizza hamuru</a> tarifi hazırladık, püf noktalarını da <a href=""https://yemek.com/pizza-hamuru-yapmanin-puf-noktalari/"" target=""_blank"">şurada</a> anlattık. Mutlaka göz atın deriz.</p>
<p>Ev yapımı pizza tarifinin adım adım resimli tarifi karşınızda!</p>
",recipe,"['tuz', 'toz şeker', 'un', 'sarımsak', 'zeytinyağı', 'zeytinyağı', 'fesleğen', 'rendelenmiş kaşar peyniri', 'kekik', 'ılık su', 'konserve mısır', 'kuru maya', 'sucuk', 'domates sos', 'biber', 'zeytin', 'rendelenmiş mozarella peyniri']","['Bir kabın içerisine kuru mayayı dökün ve üzerine ılık su ve şekeri ekleyerek güzelce karıştırın.', 'Daha sonra mayalı karışıma zeytinyağını ve tuzu ekleyip tahta kaşıkla karıştırın.', 'Unu azar azar ekleyin.', 'Hamur kıvama gelince elinizle yoğurmaya başlayın ve ele yapışmayan, yumuşak bir hamur haline gelene kadar yoğurmaya devam edin.', 'Hamur istediğiniz yumuşaklığa ulaşınca, kabın üzerini bir streç film ile kaplayıp en az 30 dakika hamurunuzu dinlendirin.', 'Dinlenen hamurunuzu un serptiğiniz tezgaha alıp, katlayarak havasını çıkarın.\xa0Hamuru toparlayıp, 2 ya da 3 parçaya ayırın. İnce hamurlu ve orta boy pizza yapmak istiyorsanız hamurunuzu 3’e bölün. Daha büyük ve kalın hamurlu 2 pizza yapmak istiyorsanız, ikiye bölebilirsiniz.', 'Kestiğiniz parçayı beze haline getirip un serptiğiniz tezgahın üzerinde merdane yardımıyla açın.', 'Dilediğiniz inceliğe ulaştığınızda pişirme kağıdı serdiğiniz tepsinin üzerine alın. Bir çatal yardımıyla pizza hamurunun üzerinde delikler açın ve önceden ısıtılmış 200 derece fırında 10 dakika pişirin.', 'Pizza sosunu, domates sosuna, fesleğen, kekik, sarımsak ve zeytinyağı ekleyerek hazırlayabilirsiniz.', '10 dakika sonra hafif pişen hamuru fırından çıkarıp, hazırladığınız domates sosundan üzerine sürün.', 'Pizza sosunun üzerine bolca rendelenmiş kaşar ya da mozarella peyniri yerleştirdikten sonra üzerine dileğiniz malzemeleri ekleyin. Malzemeleri yerleştirdikten sonra en üste tekrar rendelenmiş kaşar ekleyin.', 'Tekrar fırına koyun ve 20 dakika daha pişirin. Peynirler güzelce eriyip tüm malzemeler piştiğinde pizzanızı fırından çıkarabilirsiniz.', 'Pizza kesiciyle dilimleyip tüketebilirsiniz.', 'Afiyet olsun!']",PİZZA,239b56,/tarif/pizza/,"['Hamur İşi', 'Pizza']","['akşam yemeği', 'kahvaltı', 'öğle yemeği']","['Öğle Yemeği', 'Akşam Yemeği']",['Fırın'],,False,1800,1800,2022-03-11T10:00:52Z,4.0,1518606,6252,False,True,True,0,,0,,,,2022/03/ev-usulu-pizza-yemekcom.jpg,0,0,https://cdn.yemek.com/mnresize/940/940/uploads/2022/03/ev-usulu-pizza-yemekcom.jpg,940,940,False,https://cdn.yemek.com/mncrop/300/200/uploads/2022/03/ev-usulu-pizza-yemekcom.jpg,300,200,True,https://cdn.yemek.com/mncrop/940/625/uploads/2022/03/ev-usulu-pizza-yemekcom.jpg,940,625,True,https://cdn.yemek.com/mncrop/620/388/uploads/2022/03/ev-usulu-pizza-yemekcom.jpg,620,388,True,https://cdn.yemek.com/mncrop/600/315/uploads/2022/03/ev-usulu-pizza-yemekcom.jpg,600,315,True,['fırın'],,,,,
173,180,Yasemin Özaltın,https://cdn.yemek.com/author/35533/20181219061403_avatar.jpg,/profil/yasemingursurer/,20 Dakikada Buzlukta: Mozaik Pasta,Mozaik Pasta,/tarif/mozaik-pasta/,20 dk,20 dk,"<p>Biz çocukken mutfaktaki hummalı çalışmanın sonucu annelerimizin lezzetli ellerinden tüm ömrümüz boyunca unutamayacağımız kadar lezzetli <a href=""https://yemek.com/tarif/tatli/"" target=""_blank"">tatlılar</a>, <a href=""https://yemek.com/tarif/pasta-tatli/"" target=""_blank"">pastalar</a> çıkardı. Bu pasta hiç şüphesiz mozaik pastanın ta kendisiydi! Bu kolay mozaik pasta, küçük büyük herkesin bayılarak yediği lezzeti her daim garantili olan oldukça kolay ve pratik bir <a href=""https://yemek.com/tarif/"" target=""_blank"">tarif</a>. Hadi gelin bisküvili mozaik pastanın sırlarını bir bir anlatalım size. Anılarımıza doğru tatlı bir yolculuğa çıkaran, <strong>petibör bisküvili</strong> mozaik pasta tarifiyle karşınızdayız!</p>
<p>Bisküvi, tereyağı, toz şeker ve kakaonun bir araya gelip yaptığı en lezzetli pasta tariflerinden biri o. Biz bu kez farklı malzemeler ekleyerek <strong>klasik mozaik pasta</strong> tarifinin tadına da tat kattık. Bu üçgen mozaik pastanın yapımı o kadar kolay, pratik ve bir o kadar lezzetli ki...</p>
<p>Hadi o zaman! Buyursunlar en güzel mozaik pasta tarifine ve yapılış adımlarını gösteren mozaik pasta videomuza. <img src=""https://cdn.yemek.com/assets/images/smiley/smile.png"" class=""wp-smiley img-responsive"" /></p>
",recipe,"['süt', 'kakao', 'pudra şekeri', 'tereyağ', 'Hindistan cevizi', 'petibör bisküvi']","['Tereyağını eritin.', 'Pudra şekerini karıştırma kabına aktarın.\xa0Pudra şekerinin üzerine erittiğiniz tereyağını ve sütü dökün.\xa0Kakaoyu da ilave edin.', 'Malzemeleri çırpın.', 'Üzerine bisküvileri kırın.', 'Bisküvileri de koyduktan sonra tüm malzemeleri spatula yardımıyla nazikçe karıştırın.', 'Servis edeceğiniz kalıbın içini streç film ile kaplayın.', 'Tüm harcı ekleyin ve üzerini kapatın.', 'Buzdolabının dondurucu bölümünde 4 saat bekletin. Hindistan cevizi serpin. Dilimleyerek soğuk olarak servis edin.', 'Afiyet olsun!']",PASTA,239b56,/tarif/pasta-tatli/,"['Tatlı', 'Pasta', 'Video']","['ara öğün', 'çay saati']",['Çay Saati'],['Tencere'],['Ekonomik'],False,1200,1200,2022-03-18T14:40:39Z,4.0,1512620,8912,False,True,True,0,,0,,,,2022/03/mozaik-pasta-tarifi-yemekcom.jpg,0,0,https://cdn.yemek.com/mnresize/940/940/uploads/2022/03/mozaik-pasta-tarifi-yemekcom.jpg,940,940,False,https://cdn.yemek.com/mncrop/300/200/uploads/2022/03/mozaik-pasta-tarifi-yemekcom.jpg,300,200,True,https://cdn.yemek.com/mncrop/940/625/uploads/2022/03/mozaik-pasta-tarifi-yemekcom.jpg,940,625,True,https://cdn.yemek.com/mncrop/620/388/uploads/2022/03/mozaik-pasta-tarifi-yemekcom.jpg,620,388,True,https://cdn.yemek.com/mncrop/600/315/uploads/2022/03/mozaik-pasta-tarifi-yemekcom.jpg,600,315,True,,,,,,
174,29467,Yasemin Özaltın,https://cdn.yemek.com/author/35533/20181219061403_avatar.jpg,/profil/yasemingursurer/,3-2-1 Ölçüsüyle: Bayatlamayan Kabartma Tozlu Poğaça,Bayatlamayan Kabartma Tozlu Poğaça,/tarif/bayatlamayan-kabartma-tozlu-pogaca/,15 dk,15 dk,"<p>Hem çok kolay, hem çok hızlı, hem de yemesi pek keyifli muhteşem bir <a href=""https://yemek.com/tarif/pogaca/"" target=""_blank"">poğaça</a>...Bayatlamayan kabartma tozlu poğaça tarifi, hazırlandıktan sonra tadına bakıp da beğenmeyenini, ikincisini istemeyenini zor bulursunuz. İçindeki malzemelerin miktarlarından dolayı “3-2-1 poğaça <a href=""https://yemek.com/tarif/"" target=""_blank"">tarif</a>i” diye de bilinen bu güzelliği hala denemeyenler varsa diye zevkle paylaşıyoruz.</p>
<p>3-2-1 poğaça tarifi, malzemeleri ile de ekonomik! İçinde 3 paket kabartma tozu, 2 bardak yoğurt ve 1 yumurta var. Kabartma tozu ne kadar da çokmuş acı olur o diyorsanız, hiç de öyle olmadığını, inanılmaz yumuşak, aşırı lezzetli olduğunu deneyince anlayacaksınız. Üstelik de bayatlamıyor, hoş gerçi bayatlamasını bekleyecek kadar uzun süre yemeden duramayacaksınız o da ayrı.  O zaman siz aşağıda yazan diğer malzemeleri de hazırlayıverin, <a href=""https://yemek.com/tarif/yumusak-pogaca/"" target=""_blank"">yumuşacık poğaça</a>mızı yapalım. Şimdiden afiyetler olsun.</p>
",recipe,"['tuz', 'toz şeker', 'un', 'kabartma tozu', 'yoğurt', 'yumurta sarısı', 'sirke', 'beyaz peynir', 'susam', 'yumurta beyazı', 'sıvı yağ']","['Bir yoğurma kabına; yağ, yoğurt ve yumurta beyazını alıp güzelce karıştırın.', 'Ardından kabartma tozları, tuz, şeker ve sirkeyi de ilave edip, tekrar karıştırın.', 'Unu azar azar ilave ederek yoğurmaya başlayın. Hafifçe ele yapışan bir hamur elde edeceksiniz.', 'Hazırladığınız hamurdan mandalinadan biraz küçük olacak parçalar kopartın. Elinizle yuvarlayın ve avucunuzla bastırıp yassılaştırın.', 'Yassılaştırdığınız hamur parçasının ortasına bir çatalla ezdiğiniz beyaz peynirden biraz koyun.', 'Kenarlarını birleştirip kapatın ve tekrar yuvarladıktan sonra yağlı kağıt serdiğiniz bir fırın tepsisine yerleştirin.', 'Tüm hamuru bu şekilde hazırlayıp tepsiye dizin.', 'Üstlerine bir fırça yardımıyla yumurta sarısı sürün ve susam serpin. Önceden ısıttığınız 200 derece fırında, üstleri kızarana dek yaklaşık 15 dakika pişirin.', 'Tepsiyi fırından aldıktan sonra ılıklaşmasını bekleyin ve ardından servis edin.']",POĞAÇA,239b56,/tarif/pogaca/,"['Hamur İşi', 'Kahvaltılık', 'Poğaça', 'Video']","['kahvaltı', 'çay saati']","['Kahvaltı', 'Çay Saati']",['Fırın'],['Vejetaryen'],False,900,900,2018-01-31T07:11:19Z,4.0,1443090,8543,False,True,False,0,,0,,,,2018/01/bayatlamayan-pofuduk-pogaca-yemekcom.jpg,0,0,https://cdn.yemek.com/mnresize/940/940/uploads/2018/01/bayatlamayan-pofuduk-pogaca-yemekcom.jpg,940,940,False,https://cdn.yemek.com/mncrop/300/200/uploads/2018/01/bayatlamayan-pofuduk-pogaca-yemekcom.jpg,300,200,True,https://cdn.yemek.com/mncrop/940/625/uploads/2018/01/bayatlamayan-pofuduk-pogaca-yemekcom.jpg,940,625,True,https://cdn.yemek.com/mncrop/620/388/uploads/2018/01/bayatlamayan-pofuduk-pogaca-yemekcom.jpg,620,388,True,https://cdn.yemek.com/mncrop/600/315/uploads/2018/01/bayatlamayan-pofuduk-pogaca-yemekcom.jpg,600,315,True,,,,,,
175,129,Yasemin Özaltın,https://cdn.yemek.com/author/35533/20181219061403_avatar.jpg,/profil/yasemingursurer/,Lokanta Usulü: Köri Soslu Tavuk,Köri Soslu Tavuk,/tarif/kori-soslu-tavuk/,20 dk,10 dk,"<p>Baharat sevenleri, her yaptığı <a href=""https://yemek.com/tarif/"" target=""_blank"">yemek tarifinin</a> içine tuz hariç mutlaka en az 2 baharat ekleyenleri, körinin kokusunu da tadını da çok sevenleri böyle alalım. Güneydoğu Asya Mutfağı'nın vazgeçilmez baharatı köri, içerisinde bulunan sumak, zencefil, kimyon, kişniş vb. baharatlarla tam bir şifa kaynağı olma özelliğini taşıyor. Beyaz etlerle harika bir uyum yakalayan köri, en çok <a href=""https://yemek.com/tarif/tavuk/"" target=""_blank"">tavuk etini</a> seviyor. Karşınızda nefis mi nefis: <strong>Köri soslu tavuk tarifi!</strong></p>
<p>Resimli anlatımıyla, en pratik ve yemelere doyum olmaz körili tavuk tarifini veriyor, köri sos nasıl yapılır tek tek anlatıyoruz. Yanına <a href=""https://yemek.com/tarif/patates-puresi/"" target=""_blank"">patates püresi</a>, <a href=""https://yemek.com/tarif/salata/"" target=""_blank"">salata</a> ya da <a href=""https://yemek.com/tarif/pilav/"" target=""_blank"">pilavla</a> servis edebilirsiniz. Lokantalarda sunulan köri soslu tavuklardan çok daha lezzetli oluyor, yiyen herkes tarifini istiyor. Bu lezzeti sık sık pişirmek isteyeceksiniz. Şimdiden ellerinize sağlık diyor, <a href=""https://yemek.com/soslu-tavuk-yemekleri/"" target=""_blank"">soslu tavuk yemekleri</a> arasında en çok sevilen bu kolay yemek tarifimize buyur ediyoruz.</p>
<p>Köri sosun tadını sevdiyseniz belki sonra <a href=""https://yemek.com/tarif/kremali-korili-tavuklu-makarna/"" target=""_blank"">köri soslu makarna tarifine</a> de şans vermek isteyebilirsiniz. Afiyet olsun!</p>
",recipe,"['tereyağı', 'sıcak su', 'tuz', 'un', 'maydanoz', 'karabiber', 'kuşbaşı tavuk göğsü', 'soğuk süt', 'köri', 'sıvı yağ']","['Sıvı yağını bir tavada kızdırın. Kuşbaşı\xa0doğranmış tavuk göğsünü aktarın.', 'Renk alıp, suyunu çekene kadar orta ateşte kavurun.', 'Köri sosu hazırlamak için; ayrı bir tavada tereyağını sos tenceresinde eritin.', 'Unu da üzerine ekleyin ve\xa0 kokusu çıkıp, renk alana kadar karıştırarak kavurun.', 'Kavrulan una soğuk sütü ekleyin ve unun topaklanmaması için bir çırpıcı yardımıyla hızlıca karıştırın.', 'Sıcak su, köri, tuz ve karabiberi katın.', 'Sosu, kısık ateşte koyu bir kıvam alana kadar sürekli karıştırarak 4- 5 dakika pişirin.', 'Hazırladığınız sosu, kavrulan tavuklara ekleyin ve harmanladıktan sonra pişirme işlemini 5 dakika kadar sürdürün.', 'İncecik kıyılmış bir avuç maydanozu, köri soslu tavuğa ilave ettikten sonra bekletmeden sıcak olarak servis edin.', 'Köri soslu tavuk tarifi hazır. Afiyet olsun!']",TAVUK,239b56,/tarif/tavuk/,"['Tavuk', 'Video']","['ekonomik', 'akşam yemeği', 'öğle yemeği']","['Öğle Yemeği', 'Akşam Yemeği']",['Tencere'],"['Ekonomik', 'Bol Proteinli']",False,1200,600,2019-05-14T13:24:40Z,4.0,1396751,11895,False,True,True,0,,0,,,,2014/06/kori-soslu-tavuk-yemekcom.jpg,0,0,https://cdn.yemek.com/mnresize/940/940/uploads/2014/06/kori-soslu-tavuk-yemekcom.jpg,940,940,False,https://cdn.yemek.com/mncrop/300/200/uploads/2014/06/kori-soslu-tavuk-yemekcom.jpg,300,200,True,https://cdn.yemek.com/mncrop/940/625/uploads/2014/06/kori-soslu-tavuk-yemekcom.jpg,940,625,True,https://cdn.yemek.com/mncrop/620/388/uploads/2014/06/kori-soslu-tavuk-yemekcom.jpg,620,388,True,https://cdn.yemek.com/mncrop/600/315/uploads/2014/06/kori-soslu-tavuk-yemekcom.jpg,600,315,True,"['tencere', 'bol proteinli']",,,,,
176,305,Gökçen Mutaf,https://cdn.yemek.com/author/23120/20181227103819_avatar.jpeg,/profil/gokcenmutaf/,Şaşmayan Tarif: Sade Kek,Sade Kek,/tarif/sade-kek/,40 dk,15 dk,"<p>Kocaman kabarmış, lezzetiyle herkesi kendine hayran bırakacak en klasik lezzetlerdendir sade kek tarifi. Süt, yumurta ve şekerin önderliğinde, misler gibi vanilya kokusunun büyüsünde hazırlanan harç fırının sıcacık kollarına teslim edilir. Kabarırken bile kendine hayran bırakan sade kek, çayın yanına hazırlanan en pratik kek olarak çıkar oradan. Karşınızda işte o enfes anların mimarı sade kek tarifi!</p>
<p>Birbirinden nefis <a href=""https://yemek.com/tarif/kek/"" target=""_blank"">kek tarifleri</a> arasında en baştan bize göz kırpan bu lezzet, kabarık ve yumuşak dokusuyla boyut atlıyor bu kez. Çaylarınızın, kahveleriniz hazırsa o yumuşacık sade kek tarifimiz geliyor. Şimdiden ellerinize sağlık.</p>
<p>Not: ""Sade kek de güzel ama kakaolu keki de çok seviyorum"" diyenler için yumuşacık kakaolu kek tarifimiz de hemen <a href=""https://yemek.com/tarif/kakaolu-kek/"" target=""_blank"">şurada</a>.</p>
",recipe,"['yumurta', 'toz şeker', 'süt', 'un', 'kabartma tozu', 'vanilin', 'sıvı yağ']","['Yumurtaları derince bir kaba kırın ve toz şekeri ekledikten sonra bir mikser ile 10 dakika boyunca çırpın.\xa0Krema kıvamına gelen karışıma sıvı yağı ve sütü ekleyip bir spatula ile karıştırın.', 'Üstüne unu, kabartma tozunu ve vanilini de ekledikten sonra tekrar karıştırın ve sıvı yağ ile yağladığınız bir kek kalıbına hazırladığınız karışımı dökün.', 'Önceden ısıtılmış 180 derecelik fırında 40 dakika kadar pişirin.\n\n&nbsp;', 'Kek kürdan testini geçince fırından alın ve tamamen soğuduktan sonra kalıbı ters çevirerek kalıptan çıkarın.', 'Dilimleyerek servis edin.\xa0 Afiyetler olsun!']",TATLI KEK,239b56,/tarif/tatli-kek/,"['Kek', 'Tatlı Kek']",['çay saati'],['Çay Saati'],['Fırın'],['Vejetaryen'],False,2400,900,2022-03-10T07:30:22Z,4.0,1356751,3356,False,False,True,0,,0,,,,2014/07/sade-kek-tarifi-yeni.jpg,0,0,https://cdn.yemek.com/mnresize/940/940/uploads/2014/07/sade-kek-tarifi-yeni.jpg,940,940,False,https://cdn.yemek.com/mncrop/300/200/uploads/2014/07/sade-kek-tarifi-yeni.jpg,300,200,True,https://cdn.yemek.com/mncrop/940/625/uploads/2014/07/sade-kek-tarifi-yeni.jpg,940,625,True,https://cdn.yemek.com/mncrop/620/388/uploads/2014/07/sade-kek-tarifi-yeni.jpg,620,388,True,https://cdn.yemek.com/mncrop/600/315/uploads/2014/07/sade-kek-tarifi-yeni.jpg,600,315,True,['fırın'],,,,,
177,183,Cemre Özgüzel,https://cdn.yemek.com/author/109/20200211010242_avatar.jpg,/profil/cemre-ozguzel/,Pastane Usulü: Un Kurabiyesi,Un Kurabiyesi,/tarif/un-kurabiyesi/,15 dk,25 dk,"<p>Kıyır kıyır dediğimiz <a href=""https://yemek.com/kurabiye-tarifleri/"" target=""_blank"">kurabiye tarifleri</a>nin şahı un kurabiyesidir. Uzun süre bozulmadan dayanabilmesi de bu lezzetli ve pratik kurabiyeyi popüler kılan noktalardan biridir. Kolay un kurabiyesi yapımında pudra şekeri elenerek servis edildiği için tarifinde çok az miktarda şeker kullanılır. Ağza gelmemesi için pudra şekeri tercih edilir. Hem kıvamı hem de dokusuyla, enfes mi enfes <strong>un kurabiyesi tarifi</strong> karşınızda!</p>
<p>""<a href=""https://yemek.com/agizda-dagilan-kurabiye-nasil-yapilir/"" target=""_blank"">Ağızda dağılan un kurabiyesi nasıl yapılır?</a>"" diyenler tarifin detaylarında açıklamalı anlatımını bulacak. Basit ve gerçek un kurabiyesinin tüm malzemeleri, yapılış adımları ve videosu ise hemen aşağıda. Hazırsanız en güzel un kurabiyesini yapmak için çalışmalara başlayalım! ''Un kurabiyesi tarifi nasıl yapılır?'' diyenlerinizi tarifimize alalım. Şimdiden ellerinize sağlık diyor, kolaylığı ve <strong>ağızda dağılan lezzetiyle un kurabiyesi</strong> <a href=""https://yemek.com/tarif/"" target=""_blank"">tarifi</a> karşınızda!</p>
",recipe,"['yumurta', 'un', 'vanilya', 'kabartma tozu', 'pudra şekeri', 'pudra şekeri', 'buğday nişastası', 'oda sıcaklığında tereyağı', 'sıvı yağ']","['Un kurabiyesi için 200 gram oda sıcaklığında bekletilmiş tereyağını derin bir yoğurma kasesine aktarın.', 'Üzerine 1 adet yumurta ve 1 çay bardağı sıvı yağını da ekledikten sonra pürüzsüz bir kıvam olana kadar çırpın.', '1 su bardağı pudra şekeri, 5 yemek kaşığı buğday nişastası, 1 paket kabartma tozu, 1 paket vanilin ve 3 su bardağı unu azar azar ekleyin.', 'Ele yapışmayacak kıvamda bir hamur elde edene kadar yoğurun.', 'Kurabiye hamurundan büyükçe bir parça alın ve tezgahın üzerinde yuvarlayarak 2 parmak kalınlığında rulo şekline getirin.', 'Kenar kısımlarını kesin. Ardından üzerinden çatal yardımıyla geçerek şekil verin.', 'Bıçak yardımıyla 3 parmak genişliğinde parçalar kesin. Fırın tepsisine aktarın.', 'Üzerleri hafif kızarıp renk alana kadar önceden ısıtılmış 170 derece fırında 15 dakika kadar pişirin.', 'Soğuttuktan sonra pudra şekeri eleyin.', 'Ardından un kurabiyelerini servis edin. Afiyetler olsun!']",TATLI KURABİYE,239b56,/tarif/tatli-kurabiyeler/,"['Kurabiye', 'Video', 'Tatlı Kurabiye']",['çay saati'],['Çay Saati'],['Fırın'],,False,900,1500,2022-04-01T07:45:01Z,4.0,1330455,3412,False,True,True,0,,0,,,,2022/04/un-kurabiyesi-onecikan-yeni.jpg,0,0,https://cdn.yemek.com/mnresize/940/940/uploads/2022/04/un-kurabiyesi-onecikan-yeni.jpg,940,940,False,https://cdn.yemek.com/mncrop/300/200/uploads/2022/04/un-kurabiyesi-onecikan-yeni.jpg,300,200,True,https://cdn.yemek.com/mncrop/940/625/uploads/2022/04/un-kurabiyesi-onecikan-yeni.jpg,940,625,True,https://cdn.yemek.com/mncrop/620/388/uploads/2022/04/un-kurabiyesi-onecikan-yeni.jpg,620,388,True,https://cdn.yemek.com/mncrop/600/315/uploads/2022/04/un-kurabiyesi-onecikan-yeni.jpg,600,315,True,['fırın'],,,,,
178,121,Cemre Özgüzel,https://cdn.yemek.com/author/109/20200211010242_avatar.jpg,/profil/cemre-ozguzel/,"Kolay, Pratik, Tam Kıvamında: Kakaolu Kek",Kakaolu Kek,/tarif/kakaolu-kek/,35 dk,10 dk,"<p>Bir parça kakaolu <a href=""https://yemek.com/tarif/kek/"" target=""_blank"">kek</a>; göz doldurur, iştah açar, <a href=""https://yemek.com/tarif/iced-latte/"" target=""_blank"">kahvenin</a> yanında iyi gider, misafir kurtarır, evlat sevindirir, anne özlemini artırır. On diliminde on marifet kakaolu kek, yapması da kolay olduğundan öğrencilerin de yapabilecekleri en nefis ve pratik <a href=""https://yemek.com/tarif/kek/"" target=""_blank"">kek tariflerinden</a> biri.</p>
<p>Kek denince akla gelen ilk <a href=""https://yemek.com/tarif/tatli-kek/"" target=""_blank"">tatlı kek</a> tarif olan <a href=""https://yemek.com/kakaolu-kek-tarifleri/"" target=""_blank"">kakaolu kek tarifi</a>ni en kolay, pratik ve tam kıvamında bir şekilde yapmak mümkün! Bu pratik kakaolu kek yumuşacık ve yaptığınız en güzel kakaolu kek tarifi olacak.</p>
<p>Kakaolu kek <a href=""https://yemek.com/tarif/"" target=""_blank"">tarif</a>imizin videosu hemen aşağıda, afiyet olsun!</p>
",recipe,"['yumurta', 'toz şeker', 'süt', 'un', 'vanilya', 'kabartma tozu', 'kakao', 'maden suyu', 'sıvı yağ']","['Yumurtaları ve toz şekeri derin bir kapta, bir mikser yardımıyla şeker eriyene kadar çırpın.', 'Ardından sıvı yağ, süt ve\xa0 sodayı da üzerine ekleyip çırpmaya devam edin.', 'Kek harcına unu ve kakaoyu azar azar ilave edin. Kabartma tozu ve vanilini de ekledikten sonra spatula yardımıyla, pürüzsüz bir harç elde edene kadar karıştırmaya devam edin.', 'Hazırladığınız kakaolu kek karışımını yağladığınız kek kalıbına dökün.', 'Önceden ısıtılmış 180 derece fırında 30-35 dakika kadar pişirin. İçini çekmesi için beklettiğiniz keki, ılınınca kalıbından çıkartın.', 'Üzerine pudra şekeri serperek servis edin.']",TATLI KEK,239b56,/tarif/tatli-kek/,"['Kek', 'Video', 'Tatlı Kek']","['ekonomik', 'ara öğün']",['Çay Saati'],['Fırın'],['Ekonomik'],False,2100,600,2020-11-19T10:43:04Z,4.0,1321844,5041,False,True,True,0,,0,,,,2019/03/kakaolu-kek-one-cikan-yeni.jpg,0,0,https://cdn.yemek.com/mnresize/940/940/uploads/2019/03/kakaolu-kek-one-cikan-yeni.jpg,940,940,False,https://cdn.yemek.com/mncrop/300/200/uploads/2019/03/kakaolu-kek-one-cikan-yeni.jpg,300,200,True,https://cdn.yemek.com/mncrop/940/625/uploads/2019/03/kakaolu-kek-one-cikan-yeni.jpg,940,625,True,https://cdn.yemek.com/mncrop/620/388/uploads/2019/03/kakaolu-kek-one-cikan-yeni.jpg,620,388,True,https://cdn.yemek.com/mncrop/600/315/uploads/2019/03/kakaolu-kek-one-cikan-yeni.jpg,600,315,True,['fırın'],,,,,
179,302,Yasemin Özaltın,https://cdn.yemek.com/author/35533/20181219061403_avatar.jpg,/profil/yasemingursurer/,"Tüm Püf Noktalarıyla, Kolay: Şekerpare",Şekerpare,/tarif/sekerpare/,25 dk,30 dk,"<p>İrmik ile tatlanıp, kıtır bir kıvam alan tatlılarımızdan o. Evet doğru bildiniz, bayram tatlılarının da başında gelen, <a href=""https://yemek.com/tarif/serbetli-tatlilar/"" target=""_blank"">şerbetli tatlı</a> tariflerinin en sevilenlerinden şekerpare tarifinden bahsediyoruz. Pastanelerde yediğinizde tadı damağınızda kalan <strong>gerçek şekerparelerin sırları</strong>nı aldık, üzeri nefis bir şekilde kızarmış, şerbetini tam kıvamında çekmiş muhteşem bir şekerpare tatlısı hazırladık. Bu keyfe ortak olmak ve 'Şekerpare nasıl yapılır?', ""<strong>Şekerpare şerbeti nasıl yapılır?</strong>"" sorularına cevap bulmak, ""En güzel şekerpare <a href=""https://yemek.com/tarif/tatli/"" target=""_blank"">tatlısı</a> tarifini aradım aradım ama bulamadım"" diyenlerin derdine tam ölçülü ve ev yapımı bir şekerpare tarifiyle çözüm olmak istedik. İşte karşınızda, tüm püf noktalarıyla: Şekerpare <a href=""https://yemek.com/tarif/"" target=""_blank"">tarif</a>i!</p>
<p><a href=""https://yemek.com/tarif/sekerpare-2/"" target=""_blank"">Şekerpare tarifini </a>hazırlamak pek kolay, sonrası tam bir keyif... Üzerine mini mini fındıklar konan tatlılar fırında hafif bir renk alana kadar kızaracak, fırından çıkan sıcak tatlılar önceden hazırlanan soğuk şerbet azar azar eklenecek. Videolu, denenmiş en güzel şekerpare tarifi karşınızda!</p>
<p><a href=""https://yemek.com/ramazan-tatlilari/"" target=""_blank"">Ramazan sofralarında</a>, iftarda olmazsa olmaz tatlılardan biri olan şekerpare tatlısını yaparken işin biraz daha kolayına kaçmak isteyenler <a href=""https://yemek.com/tarif/kolay-sekerpare"" target=""_blank"">kolay şekerpare tarifimize</a>, klasik şekerpare tatlısı tarifi için de videolu tarifimizi davetlisiniz.</p>
",recipe,"['yumurta', 'toz şeker', 'un', 'kabartma tozu', 'su', 'irmik', 'pudra şekeri', 'fındık', 'limonun suyu', 'vanilin', 'Hindistan cevizi', 'margarin veya tuzsuz tereyağı']","['Şekerpare için öncelikle şerbeti hazırlıyoruz. 3 su bardağı suya 2 su bardağı şeker ekleyip karıştırıyoruz ve kaynamaya bırakıyoruz.', 'Kaynayan şerbetin içerisine bir iki damla limon suyu sıktıktan sonra koyu bir şerbet kıvamını alana kadar kısık ateşte bırakıyoruz ve ocaktan aldıktan sonra şerbeti ılımaya bırakıyoruz.', 'Hamurunu hazırlamak için derin bir karıştırma kasesine 1 su bardağı pudra şekeri, 125 gram margarin, 2 yumurta, 2 yemek kaşığı hindistan cevizi, 1 paket vanilin, 1 paket kabartma tozu, 4 yemek kaşığı irmik ve azar azar unu koyup güzelce yoğuruyoruz.', 'Yoğurduğumuz hamuru 15 dakika buzdolabında dinlendirdikten sonra cevizden biraz daha büyük parçalar koparıp elimizle yuvarlak şekil veriyoruz ve pişirme kağıdı serili fırın tepsisin üzerine aralıklı olarak yerleştiriyoruz.', 'Fındıkları şekerparelerin tam ortasına bastırarak yerleştiriyoruz.', 'Şekerpareleri önceden ısıtılmış 180 derece fırında 25 dakika pişiriyoruz.', 'Kurabiyeler sıcak şerbeti de soğukken şerbetini döküyoruz. Şerbeti de döktükten sonra iyice çekmesi için bekliyoruz ve servis ediyoruz. Afiyetler olsun!']",ŞERBETLİ TATLI,239b56,/tarif/serbetli-tatlilar/,"['Hamur İşi', 'Tatlı', 'Şerbetli Tatlı', 'Ramazan', 'Video']",['çay saati'],['Çay Saati'],"['Fırın', 'Tencere']",,False,1500,1800,2022-03-18T13:00:52Z,4.0,1282307,4569,False,True,True,0,,0,,,,2014/07/sekerpare-ytk-site.jpg,0,0,https://cdn.yemek.com/mnresize/940/940/uploads/2014/07/sekerpare-ytk-site.jpg,940,940,False,https://cdn.yemek.com/mncrop/300/200/uploads/2014/07/sekerpare-ytk-site.jpg,300,200,True,https://cdn.yemek.com/mncrop/940/625/uploads/2014/07/sekerpare-ytk-site.jpg,940,625,True,https://cdn.yemek.com/mncrop/620/388/uploads/2014/07/sekerpare-ytk-site.jpg,620,388,True,https://cdn.yemek.com/mncrop/600/315/uploads/2014/07/sekerpare-ytk-site.jpg,600,315,True,['fırın'],,,,,
180,3424,Ege Şahin,https://cdn.yemek.com/author/464113/20220221123420_avatar.jpg,/profil/egesahin/,Kıyır Kıyır: Üç Malzemeli Un Kurabiyesi,Üç Malzemeli Un Kurabiyesi,/tarif/uc-malzemeli-un-kurabiyesi/,15 dk,10 dk,"<p>Eşe dosta <a href=""https://yemek.com/tarif/un-kurabiyesi/"" target=""_blank"">un kurabiyesi</a> tarifi soranlar, telefonda un kurabiyesi nasıl yapılır diye dert yananlar, neredeyse rüyasında un kurabiyesi görenler... Hoş geldiniz, doğru yerdesiniz.</p>
<p>Günün en tatlı saatleri akşam üzeri olmuş, belki de tatlısıyla tuzlusuyla uzun uzadıya keyfi çıkacak bir <a href=""https://yemek.com/tarif/kahvaltiliklar/"" target=""_blank"">kahvaltı</a> sofrası hazırlıyorsunuz. Ya da akşam yemeği sonrası çay keyfinizi taçlandıracak tatlı bir hamur işi aradığınız. Öyleyse sadece 10 dakikada hazırlanan üç malzemeli un kurabiyesi <a href=""https://yemek.com/tarif/"" target=""_blank"">tarif</a>ine alalım sizi. Bu kurabiyeler bir şahane.</p>
<p>Sıvı yağ, pudra şekeri ve un ilavesiyle hazırlanan bu <a href=""https://yemek.com/tarif/tatli-kurabiyeler/"" target=""_blank"">tatlı kurabiye</a>ler, kaşıkla şekil alıp önceden ısıtılmış 175 derece fırında 15 dakika gibi kısa bir sürede pişiyor. Demleyin çayı, kurulun en sevdiğiniz koltuğa. Kurabiyeleriniz olmak üzere, afiyet olsun.</p>
",recipe,"['un', 'pudra şekeri', 'pudra şekeri', 'sıvı yağ']","['Sıvı yağ ve pudra şekerini derin bir kaba alın, karıştırın.', 'Ardından unu aşamalı olarak ekleyin.\xa0Hamuru toparlamak için iyice yoğurun. Hamurdan parçalar koparıp silindir şeklini verin.', 'Verev şekilde kesin.', 'Yağlı kağıt serilmiş fırın tepsisine aralıklı olarak yerleştirin.', 'Üzerlerini çatal ile çizin. Önceden ısıtılmış 175 derece fırında 15 dakika pişirin.', 'Arzuya göre üzerine pudra şekeri serperek servis edin. Afiyet olsun!']",TATLI KURABİYE,239b56,/tarif/tatli-kurabiyeler/,"['Kurabiye', 'Tatlı Kurabiye']",['çay saati'],['Çay Saati'],['Fırın'],['Ekonomik'],False,900,600,2022-12-28T11:10:00Z,4.0,1569331,4413,False,False,True,0,,0,,,,2015/09/uc-malzemeli-un-kurabiyesi-yemekcom.jpg,0,0,https://cdn.yemek.com/mnresize/940/940/uploads/2015/09/uc-malzemeli-un-kurabiyesi-yemekcom.jpg,940,940,False,https://cdn.yemek.com/mncrop/300/200/uploads/2015/09/uc-malzemeli-un-kurabiyesi-yemekcom.jpg,300,200,True,https://cdn.yemek.com/mncrop/940/625/uploads/2015/09/uc-malzemeli-un-kurabiyesi-yemekcom.jpg,940,625,True,https://cdn.yemek.com/mncrop/620/388/uploads/2015/09/uc-malzemeli-un-kurabiyesi-yemekcom.jpg,620,388,True,https://cdn.yemek.com/mncrop/600/315/uploads/2015/09/uc-malzemeli-un-kurabiyesi-yemekcom.jpg,600,315,True,,,,,,
181,4487,Gökçen Mutaf,https://cdn.yemek.com/author/23120/20181227103819_avatar.jpeg,/profil/gokcenmutaf/,Brownie'yi Andıran: Islak Kurabiye,Islak Kurabiye,/tarif/islak-kurabiye/,25 dk,15 dk,"<p>Kakaolu kurabiyenin şerbetle buluşmasından hazırlanan ıslak kurabiye, kakaolu tatlıları sevenlere göre. <strong>Sıcak kurabiyelerin ıslatılması kakao tadını yoğunlaştırıyor </strong>ve <a href=""https://yemek.com/tarif/kurabiye/"" target=""_blank"" rel=""noopener"">kurabiyeye</a> ağızda dağılan bir kıvam veriyor. Islak kurabiye tarifini çay saatleri için keyifle hazırlayabilir, bu esmer kurabiyeleri yanında bir fincan kahve eşliğinde tatlı bir atıştırmalık olarak da tüketebilirsiniz.</p>
<p><a href=""https://yemek.com/tarif/brownie/"" target=""_blank"" rel=""noopener"">Brownie</a>'yi andıran bu lezzetli <a href=""https://yemek.com/tarif/browni-kurabiye/"" target=""_blank"" rel=""noopener"">browni tadında kurabiye</a>leri kısa sürede hazırlayabilir, yorumlarınızı bizlerle paylaşabilirsiniz.</p>",recipe,"['yumurta', 'toz şeker', 'un', 'kabartma tozu', 'su', 'rendelenmiş Hindistan cevizi', 'kakao', 'pudra şekeri', 'tereyağı (oda sıcaklığında bekletilmiş)', 'vanilin', 'sıvı yağ']","['<div>\n<div>\n<div dir=""ltr"">\n<div>\n<div>Islak kurabiye için derince bir karıştırma kabına oda ısısındaki tereyağını, sıvı yağı, yumurtayı, pudra şekerini, kakaoyu, vanilin ve kabartma tozunu alın.</div>\n</div>\n</div>\n</div>\n</div>', '<p>Tüm malzemeleri özleşene\xa0kadar\xa0karıştırın.</p>', '<div>\n<div>\n<div dir=""ltr"">\n<div>\n<div>Ardından unu yavaş yavaş ekleyerek, ele yapışmayan bir hamur elde edin.</div>\n</div>\n</div>\n</div>\n</div>', '<div>\n<div>\n<div dir=""ltr"">\n<div>\n<div>Hazırladığınız hamurdan ceviz büyüklüğünde parçalar koparın.</div>\n</div>\n</div>\n</div>\n</div>', '<p>Avucunuzda yuvarlayın ve parmağınızla ortasına hafifçe bastırdıktan sonra, yağlı kağıt serilmiş bir fırın tepsisine dizin.\xa0Önceden ısıtılmış 180 derece fırında yaklaşık 20 dakika kadar pişirin.</p>', '<div>\n<div>\n<div dir=""ltr"">\n<div>\n<div>Kurabiyeleriniz fırındayken şerbeti için gerekli olan şeker ve suyu homojen karışana kadar kaynattıktan sonra bir kaseye alın ve soğutun.</div>\n</div>\n</div>\n</div>\n</div>', '<div>\n<div>\n<div dir=""ltr"">\n<div>\n<div>Kurabiyeler fırından çıkınca 2 dakika kadar bekletin ve ardından teker teker hazırladığınız şerbete atın, arkalı önlü çevirin ve bir servis tabağına dizin.</div>\n</div>\n</div>\n</div>\n</div>', '<div>\n<div>\n<div dir=""ltr"">\n<div>\n<div>Tüm kurabiyeleri bu şekilde şerbete batırdıktan sonra kalan şerbeti de üstlerine gezdirin ve tüm şerbeti çekene dek bekletin.</div>\n</div>\n</div>\n</div>\n</div>', '<div>\n<div>\n<div dir=""ltr"">\n<div>\n<div>Kurabiyeler şerbeti çektikten sonra üstlerini Hindistan cevizi ile süsleyin ve servis edin. Afiyet olsun.</div>\n</div>\n</div>\n</div>\n</div>']",TATLI KURABİYE,239b56,/tarif/tatli-kurabiyeler/,"['Kurabiye', 'Tatlı Kurabiye']",,['Çay Saati'],['Fırın'],['Ekonomik'],False,1500,900,2022-03-16T06:08:50Z,4.0,1542043,9538,False,False,True,0,,0,,,,2016/01/islak-kurabiye-tarifi-son.jpg,0,0,https://cdn.yemek.com/mnresize/940/940/uploads/2016/01/islak-kurabiye-tarifi-son.jpg,940,940,False,https://cdn.yemek.com/mncrop/300/200/uploads/2016/01/islak-kurabiye-tarifi-son.jpg,300,200,True,https://cdn.yemek.com/mncrop/940/625/uploads/2016/01/islak-kurabiye-tarifi-son.jpg,940,625,True,https://cdn.yemek.com/mncrop/620/388/uploads/2016/01/islak-kurabiye-tarifi-son.jpg,620,388,True,https://cdn.yemek.com/mncrop/600/315/uploads/2016/01/islak-kurabiye-tarifi-son.jpg,600,315,True,,,,,,
182,134,Yasemin Özaltın,https://cdn.yemek.com/author/35533/20181219061403_avatar.jpg,/profil/yasemingursurer/,Tüm Püf Noktalarıyla: Mercimek Köftesi,Mercimek Köftesi,/tarif/mercimek-koftesi/,20 dk,30 dk,"<p>Altın günlerinin vazgeçilmez lezzeti, bekarların ve öğrenci evlerinin gözdesi mercimekli köfte pratik olmasının yanı sıra besleyici ve lezzetli bir <a href=""https://yemek.com/tarif/"" target=""_blank"" rel=""noopener"">tarif</a>. <strong>Tam ölçülü, tam kıvamında mercimek köftesi</strong> nasıl yapılır diye merak edenlerden en güzel mercimek köftesi tarifini henüz bulamamış olanlara tüm püf noktalarıyla pratik tariflerin gözdesi mercimek köftesi karşınızda!</p>
<p>Mercimek köftesi sunumunu, mercimek köftesinin yanına ne gider ya da <strong>mercimek köftesi cıvık olursa</strong> ne yapılmalı sorularının cevabını artık başka yerde aramanız gerek yok. Çünkü en güzelini annenin yaptığı mercimek köftesi için mutfağa girerek biraz da biz hünerlerimizi göstereceğiz bugün. Güzel annelerimize selamlar yollayacağız bu tarifle.</p>
<p>Mercimek köftesi videomuzu aşağıya bırakıyoruz, afiyetler olsun şimdiden! <img class=""wp-smiley img-responsive"" src=""https://cdn.yemek.com/assets/images/smiley/smile.png""></p>
<p>Mercimek köftesini sevenler bunları da sevdi: <a href=""https://yemek.com/tarif/kisir"" target=""_blank"" rel=""noopener"">Kısır Tarifi</a></p>
<p>Klasik mercimekli köfte tariflerinden sıkılanlar, çıtır çıtır dokusuyla <a href=""https://yemek.com/tarif/firinda-mercimek-kofte/"" target=""_blank"" rel=""noopener"">fırında mercimekli köfte</a> tarifiyle misafirlerinizi şaşırtıyor.</p>",recipe,"['kırmızı mercimek', 'kuru soğan', 'biber salçası', 'sıcak su', 'tuz', 'pul biber', 'maydanoz', 'zeytinyağı', 'karabiber', 'domates salçası', 'ince bulgur', 'taze soğan', 'kimyon']","['<p>Mercimek köftesi için bol suda yıkadığınız kırmızı mercimeği sıcak suda kaynatın.</p>', '<p>Suyunu çekmeye yakın ince bulguru ekleyin, mercimeği ocaktan alın.</p>', '<p>Üzerine ince bulguru ekleyin.</p>', '<p>Kapağını kapattığınız tencerede ince bulguru şişmesi için mercimekle birlikte 15 dakika kadar bekletin.</p>', '<p>Zeytinyağını bir tavada kızdırın.</p>', '<p>Kuru soğanları küçük küpler halinde doğrayın ve tavaya aktarın.</p>', '<p>Doğradığınız soğanları 5 dakika kadar kavurun.</p>', '<p>Sırasıyla; biber salçası, domates salçası, tuz, pul biber ve kimyonu ekleyin.</p>', '<p>Soğanlı karışımı 3-4 dakika kadar kavurun.</p>', '<p>Şişen bulgurlu ve mercimekli harca salçalı, soğanlı harcı ekleyin.</p>', '<p>Taze soğanları ve maydanozu ince ince kıyın.\xa0 Doğranmış yeşillikleri ilave edin.</p>', '<p>Malzemeleri yoğurmaya başlayın.</p>', '<p>Tüm malzemeyi özleşene kadar yoğurun.</p>', '<p>Hazırladığınız harçtan ceviz büyüklüğünde parçalar alın ve avuç içinizde sıkarak şekil verin.</p>', '<p>Servis tabağına aldığınız mercimek köftelerini arzu ettiğiniz yeşilliklerle servis edin. Sevdiklerinizle paylaşın.</p>']",MEZE,239b56,/tarif/mezeler/,"['Özel Beslenme', 'Vejetaryen', 'Atıştırmalık', 'Meze', 'Vegan', 'Video', 'Tuzlu Atıştırmalık', 'Bakliyat']",,"['Öğle Yemeği', 'Çay Saati']","['Tencere', 'Tava']","['Vejetaryen', 'Bol Proteinli']",False,1200,1800,2022-03-10T11:30:12Z,4.0,1537793,11735,False,True,True,0,,0,,,,2014/06/mercimek-koftesi-yeni-ytk.jpg,0,0,https://cdn.yemek.com/mnresize/940/940/uploads/2014/06/mercimek-koftesi-yeni-ytk.jpg,940,940,False,https://cdn.yemek.com/mncrop/300/200/uploads/2014/06/mercimek-koftesi-yeni-ytk.jpg,300,200,True,https://cdn.yemek.com/mncrop/940/625/uploads/2014/06/mercimek-koftesi-yeni-ytk.jpg,940,625,True,https://cdn.yemek.com/mncrop/620/388/uploads/2014/06/mercimek-koftesi-yeni-ytk.jpg,620,388,True,https://cdn.yemek.com/mncrop/600/315/uploads/2014/06/mercimek-koftesi-yeni-ytk.jpg,600,315,True,,,,,,
183,13732,ipeksare,https://cdn.yemek.com/author/262494/20200820091315_avatar.jpg,/profil/ipeksare/,Bol Malzemeli: Ev Usulü Pizza,Ev Usulü Pizza,/tarif/ev-usulu-pizza/,30 dk,30 dk,"<p>Hafif kabarmış bir hamuru ve bol bol malzemesiyle <a href=""https://yemek.com/tarif/pizza/"" target=""_blank"">pizzaların</a> en güzellerinden biridir ev usulü pizza.</p>
<p>Dışarıda bayılarak yediğimiz pizzaları aslında evinizde de çok kolay bir şekilde yapabilirsiniz. Eğer siz de ""<strong>Evde pizza nasıl yapılır?</strong>"" diyorsanız fırında pişen, bu kolay ve pratik karışık pizza tarifini çok sevecek, her fırsatta yapmak isteyeceksiniz.</p>
<p>Lezzetine doyum olmaz bu pizza tarifinin sırrı hamurunda saklı. Bu şekilde ağzınıza attığınızda yumuşacık dokusuyla sizi çok mutlu edecek, bol bol malzemesiyle de damaklarınızı şenlendirecek bir tarife dönüşüyor. ""<strong>Pizza hamuru nasıl yapılır?</strong>"" diye soranlara da adım adım resimli anlatımıyla tam kıvamında bir <a href=""https://yemek.com/tarif/pizza-hamuru/"" target=""_blank"">pizza hamuru</a> tarifi hazırladık, püf noktalarını da <a href=""https://yemek.com/pizza-hamuru-yapmanin-puf-noktalari/"" target=""_blank"">şurada</a> anlattık. Mutlaka göz atın deriz.</p>
<p>Ev yapımı pizza tarifinin adım adım resimli tarifi karşınızda!</p>
",recipe,"['tuz', 'toz şeker', 'un', 'sarımsak', 'zeytinyağı', 'zeytinyağı', 'fesleğen', 'rendelenmiş kaşar peyniri', 'kekik', 'ılık su', 'konserve mısır', 'kuru maya', 'sucuk', 'domates sos', 'biber', 'zeytin', 'rendelenmiş mozarella peyniri']","['Bir kabın içerisine kuru mayayı dökün ve üzerine ılık su ve şekeri ekleyerek güzelce karıştırın.', 'Daha sonra mayalı karışıma zeytinyağını ve tuzu ekleyip tahta kaşıkla karıştırın.', 'Unu azar azar ekleyin.', 'Hamur kıvama gelince elinizle yoğurmaya başlayın ve ele yapışmayan, yumuşak bir hamur haline gelene kadar yoğurmaya devam edin.', 'Hamur istediğiniz yumuşaklığa ulaşınca, kabın üzerini bir streç film ile kaplayıp en az 30 dakika hamurunuzu dinlendirin.', 'Dinlenen hamurunuzu un serptiğiniz tezgaha alıp, katlayarak havasını çıkarın.\xa0Hamuru toparlayıp, 2 ya da 3 parçaya ayırın. İnce hamurlu ve orta boy pizza yapmak istiyorsanız hamurunuzu 3’e bölün. Daha büyük ve kalın hamurlu 2 pizza yapmak istiyorsanız, ikiye bölebilirsiniz.', 'Kestiğiniz parçayı beze haline getirip un serptiğiniz tezgahın üzerinde merdane yardımıyla açın.', 'Dilediğiniz inceliğe ulaştığınızda pişirme kağıdı serdiğiniz tepsinin üzerine alın. Bir çatal yardımıyla pizza hamurunun üzerinde delikler açın ve önceden ısıtılmış 200 derece fırında 10 dakika pişirin.', 'Pizza sosunu, domates sosuna, fesleğen, kekik, sarımsak ve zeytinyağı ekleyerek hazırlayabilirsiniz.', '10 dakika sonra hafif pişen hamuru fırından çıkarıp, hazırladığınız domates sosundan üzerine sürün.', 'Pizza sosunun üzerine bolca rendelenmiş kaşar ya da mozarella peyniri yerleştirdikten sonra üzerine dileğiniz malzemeleri ekleyin. Malzemeleri yerleştirdikten sonra en üste tekrar rendelenmiş kaşar ekleyin.', 'Tekrar fırına koyun ve 20 dakika daha pişirin. Peynirler güzelce eriyip tüm malzemeler piştiğinde pizzanızı fırından çıkarabilirsiniz.', 'Pizza kesiciyle dilimleyip tüketebilirsiniz.', 'Afiyet olsun!']",PİZZA,239b56,/tarif/pizza/,"['Hamur İşi', 'Pizza']","['akşam yemeği', 'kahvaltı', 'öğle yemeği']","['Öğle Yemeği', 'Akşam Yemeği']",['Fırın'],,False,1800,1800,2022-03-11T10:00:52Z,4.0,1518606,6252,False,True,True,0,,0,,,,2022/03/ev-usulu-pizza-yemekcom.jpg,0,0,https://cdn.yemek.com/mnresize/940/940/uploads/2022/03/ev-usulu-pizza-yemekcom.jpg,940,940,False,https://cdn.yemek.com/mncrop/300/200/uploads/2022/03/ev-usulu-pizza-yemekcom.jpg,300,200,True,https://cdn.yemek.com/mncrop/940/625/uploads/2022/03/ev-usulu-pizza-yemekcom.jpg,940,625,True,https://cdn.yemek.com/mncrop/620/388/uploads/2022/03/ev-usulu-pizza-yemekcom.jpg,620,388,True,https://cdn.yemek.com/mncrop/600/315/uploads/2022/03/ev-usulu-pizza-yemekcom.jpg,600,315,True,['fırın'],,,,,
184,180,Yasemin Özaltın,https://cdn.yemek.com/author/35533/20181219061403_avatar.jpg,/profil/yasemingursurer/,20 Dakikada Buzlukta: Mozaik Pasta,Mozaik Pasta,/tarif/mozaik-pasta/,20 dk,20 dk,"<p>Biz çocukken mutfaktaki hummalı çalışmanın sonucu annelerimizin lezzetli ellerinden tüm ömrümüz boyunca unutamayacağımız kadar lezzetli <a href=""https://yemek.com/tarif/tatli/"" target=""_blank"">tatlılar</a>, <a href=""https://yemek.com/tarif/pasta-tatli/"" target=""_blank"">pastalar</a> çıkardı. Bu pasta hiç şüphesiz mozaik pastanın ta kendisiydi! Bu kolay mozaik pasta, küçük büyük herkesin bayılarak yediği lezzeti her daim garantili olan oldukça kolay ve pratik bir <a href=""https://yemek.com/tarif/"" target=""_blank"">tarif</a>. Hadi gelin bisküvili mozaik pastanın sırlarını bir bir anlatalım size. Anılarımıza doğru tatlı bir yolculuğa çıkaran, <strong>petibör bisküvili</strong> mozaik pasta tarifiyle karşınızdayız!</p>
<p>Bisküvi, tereyağı, toz şeker ve kakaonun bir araya gelip yaptığı en lezzetli pasta tariflerinden biri o. Biz bu kez farklı malzemeler ekleyerek <strong>klasik mozaik pasta</strong> tarifinin tadına da tat kattık. Bu üçgen mozaik pastanın yapımı o kadar kolay, pratik ve bir o kadar lezzetli ki...</p>
<p>Hadi o zaman! Buyursunlar en güzel mozaik pasta tarifine ve yapılış adımlarını gösteren mozaik pasta videomuza. <img src=""https://cdn.yemek.com/assets/images/smiley/smile.png"" class=""wp-smiley img-responsive"" /></p>
",recipe,"['süt', 'kakao', 'pudra şekeri', 'tereyağ', 'Hindistan cevizi', 'petibör bisküvi']","['Tereyağını eritin.', 'Pudra şekerini karıştırma kabına aktarın.\xa0Pudra şekerinin üzerine erittiğiniz tereyağını ve sütü dökün.\xa0Kakaoyu da ilave edin.', 'Malzemeleri çırpın.', 'Üzerine bisküvileri kırın.', 'Bisküvileri de koyduktan sonra tüm malzemeleri spatula yardımıyla nazikçe karıştırın.', 'Servis edeceğiniz kalıbın içini streç film ile kaplayın.', 'Tüm harcı ekleyin ve üzerini kapatın.', 'Buzdolabının dondurucu bölümünde 4 saat bekletin. Hindistan cevizi serpin. Dilimleyerek soğuk olarak servis edin.', 'Afiyet olsun!']",PASTA,239b56,/tarif/pasta-tatli/,"['Tatlı', 'Pasta', 'Video']","['ara öğün', 'çay saati']",['Çay Saati'],['Tencere'],['Ekonomik'],False,1200,1200,2022-03-18T14:40:39Z,4.0,1512620,8912,False,True,True,0,,0,,,,2022/03/mozaik-pasta-tarifi-yemekcom.jpg,0,0,https://cdn.yemek.com/mnresize/940/940/uploads/2022/03/mozaik-pasta-tarifi-yemekcom.jpg,940,940,False,https://cdn.yemek.com/mncrop/300/200/uploads/2022/03/mozaik-pasta-tarifi-yemekcom.jpg,300,200,True,https://cdn.yemek.com/mncrop/940/625/uploads/2022/03/mozaik-pasta-tarifi-yemekcom.jpg,940,625,True,https://cdn.yemek.com/mncrop/620/388/uploads/2022/03/mozaik-pasta-tarifi-yemekcom.jpg,620,388,True,https://cdn.yemek.com/mncrop/600/315/uploads/2022/03/mozaik-pasta-tarifi-yemekcom.jpg,600,315,True,,,,,,
185,29467,Yasemin Özaltın,https://cdn.yemek.com/author/35533/20181219061403_avatar.jpg,/profil/yasemingursurer/,3-2-1 Ölçüsüyle: Bayatlamayan Kabartma Tozlu Poğaça,Bayatlamayan Kabartma Tozlu Poğaça,/tarif/bayatlamayan-kabartma-tozlu-pogaca/,15 dk,15 dk,"<p>Hem çok kolay, hem çok hızlı, hem de yemesi pek keyifli muhteşem bir <a href=""https://yemek.com/tarif/pogaca/"" target=""_blank"">poğaça</a>...Bayatlamayan kabartma tozlu poğaça tarifi, hazırlandıktan sonra tadına bakıp da beğenmeyenini, ikincisini istemeyenini zor bulursunuz. İçindeki malzemelerin miktarlarından dolayı “3-2-1 poğaça <a href=""https://yemek.com/tarif/"" target=""_blank"">tarif</a>i” diye de bilinen bu güzelliği hala denemeyenler varsa diye zevkle paylaşıyoruz.</p>
<p>3-2-1 poğaça tarifi, malzemeleri ile de ekonomik! İçinde 3 paket kabartma tozu, 2 bardak yoğurt ve 1 yumurta var. Kabartma tozu ne kadar da çokmuş acı olur o diyorsanız, hiç de öyle olmadığını, inanılmaz yumuşak, aşırı lezzetli olduğunu deneyince anlayacaksınız. Üstelik de bayatlamıyor, hoş gerçi bayatlamasını bekleyecek kadar uzun süre yemeden duramayacaksınız o da ayrı.  O zaman siz aşağıda yazan diğer malzemeleri de hazırlayıverin, <a href=""https://yemek.com/tarif/yumusak-pogaca/"" target=""_blank"">yumuşacık poğaça</a>mızı yapalım. Şimdiden afiyetler olsun.</p>
",recipe,"['tuz', 'toz şeker', 'un', 'kabartma tozu', 'yoğurt', 'yumurta sarısı', 'sirke', 'beyaz peynir', 'susam', 'yumurta beyazı', 'sıvı yağ']","['Bir yoğurma kabına; yağ, yoğurt ve yumurta beyazını alıp güzelce karıştırın.', 'Ardından kabartma tozları, tuz, şeker ve sirkeyi de ilave edip, tekrar karıştırın.', 'Unu azar azar ilave ederek yoğurmaya başlayın. Hafifçe ele yapışan bir hamur elde edeceksiniz.', 'Hazırladığınız hamurdan mandalinadan biraz küçük olacak parçalar kopartın. Elinizle yuvarlayın ve avucunuzla bastırıp yassılaştırın.', 'Yassılaştırdığınız hamur parçasının ortasına bir çatalla ezdiğiniz beyaz peynirden biraz koyun.', 'Kenarlarını birleştirip kapatın ve tekrar yuvarladıktan sonra yağlı kağıt serdiğiniz bir fırın tepsisine yerleştirin.', 'Tüm hamuru bu şekilde hazırlayıp tepsiye dizin.', 'Üstlerine bir fırça yardımıyla yumurta sarısı sürün ve susam serpin. Önceden ısıttığınız 200 derece fırında, üstleri kızarana dek yaklaşık 15 dakika pişirin.', 'Tepsiyi fırından aldıktan sonra ılıklaşmasını bekleyin ve ardından servis edin.']",POĞAÇA,239b56,/tarif/pogaca/,"['Hamur İşi', 'Kahvaltılık', 'Poğaça', 'Video']","['kahvaltı', 'çay saati']","['Kahvaltı', 'Çay Saati']",['Fırın'],['Vejetaryen'],False,900,900,2018-01-31T07:11:19Z,4.0,1443090,8543,False,True,False,0,,0,,,,2018/01/bayatlamayan-pofuduk-pogaca-yemekcom.jpg,0,0,https://cdn.yemek.com/mnresize/940/940/uploads/2018/01/bayatlamayan-pofuduk-pogaca-yemekcom.jpg,940,940,False,https://cdn.yemek.com/mncrop/300/200/uploads/2018/01/bayatlamayan-pofuduk-pogaca-yemekcom.jpg,300,200,True,https://cdn.yemek.com/mncrop/940/625/uploads/2018/01/bayatlamayan-pofuduk-pogaca-yemekcom.jpg,940,625,True,https://cdn.yemek.com/mncrop/620/388/uploads/2018/01/bayatlamayan-pofuduk-pogaca-yemekcom.jpg,620,388,True,https://cdn.yemek.com/mncrop/600/315/uploads/2018/01/bayatlamayan-pofuduk-pogaca-yemekcom.jpg,600,315,True,,,,,,
186,129,Yasemin Özaltın,https://cdn.yemek.com/author/35533/20181219061403_avatar.jpg,/profil/yasemingursurer/,Lokanta Usulü: Köri Soslu Tavuk,Köri Soslu Tavuk,/tarif/kori-soslu-tavuk/,20 dk,10 dk,"<p>Baharat sevenleri, her yaptığı <a href=""https://yemek.com/tarif/"" target=""_blank"">yemek tarifinin</a> içine tuz hariç mutlaka en az 2 baharat ekleyenleri, körinin kokusunu da tadını da çok sevenleri böyle alalım. Güneydoğu Asya Mutfağı'nın vazgeçilmez baharatı köri, içerisinde bulunan sumak, zencefil, kimyon, kişniş vb. baharatlarla tam bir şifa kaynağı olma özelliğini taşıyor. Beyaz etlerle harika bir uyum yakalayan köri, en çok <a href=""https://yemek.com/tarif/tavuk/"" target=""_blank"">tavuk etini</a> seviyor. Karşınızda nefis mi nefis: <strong>Köri soslu tavuk tarifi!</strong></p>
<p>Resimli anlatımıyla, en pratik ve yemelere doyum olmaz körili tavuk tarifini veriyor, köri sos nasıl yapılır tek tek anlatıyoruz. Yanına <a href=""https://yemek.com/tarif/patates-puresi/"" target=""_blank"">patates püresi</a>, <a href=""https://yemek.com/tarif/salata/"" target=""_blank"">salata</a> ya da <a href=""https://yemek.com/tarif/pilav/"" target=""_blank"">pilavla</a> servis edebilirsiniz. Lokantalarda sunulan köri soslu tavuklardan çok daha lezzetli oluyor, yiyen herkes tarifini istiyor. Bu lezzeti sık sık pişirmek isteyeceksiniz. Şimdiden ellerinize sağlık diyor, <a href=""https://yemek.com/soslu-tavuk-yemekleri/"" target=""_blank"">soslu tavuk yemekleri</a> arasında en çok sevilen bu kolay yemek tarifimize buyur ediyoruz.</p>
<p>Köri sosun tadını sevdiyseniz belki sonra <a href=""https://yemek.com/tarif/kremali-korili-tavuklu-makarna/"" target=""_blank"">köri soslu makarna tarifine</a> de şans vermek isteyebilirsiniz. Afiyet olsun!</p>
",recipe,"['tereyağı', 'sıcak su', 'tuz', 'un', 'maydanoz', 'karabiber', 'kuşbaşı tavuk göğsü', 'soğuk süt', 'köri', 'sıvı yağ']","['Sıvı yağını bir tavada kızdırın. Kuşbaşı\xa0doğranmış tavuk göğsünü aktarın.', 'Renk alıp, suyunu çekene kadar orta ateşte kavurun.', 'Köri sosu hazırlamak için; ayrı bir tavada tereyağını sos tenceresinde eritin.', 'Unu da üzerine ekleyin ve\xa0 kokusu çıkıp, renk alana kadar karıştırarak kavurun.', 'Kavrulan una soğuk sütü ekleyin ve unun topaklanmaması için bir çırpıcı yardımıyla hızlıca karıştırın.', 'Sıcak su, köri, tuz ve karabiberi katın.', 'Sosu, kısık ateşte koyu bir kıvam alana kadar sürekli karıştırarak 4- 5 dakika pişirin.', 'Hazırladığınız sosu, kavrulan tavuklara ekleyin ve harmanladıktan sonra pişirme işlemini 5 dakika kadar sürdürün.', 'İncecik kıyılmış bir avuç maydanozu, köri soslu tavuğa ilave ettikten sonra bekletmeden sıcak olarak servis edin.', 'Köri soslu tavuk tarifi hazır. Afiyet olsun!']",TAVUK,239b56,/tarif/tavuk/,"['Tavuk', 'Video']","['ekonomik', 'akşam yemeği', 'öğle yemeği']","['Öğle Yemeği', 'Akşam Yemeği']",['Tencere'],"['Ekonomik', 'Bol Proteinli']",False,1200,600,2019-05-14T13:24:40Z,4.0,1396751,11895,False,True,True,0,,0,,,,2014/06/kori-soslu-tavuk-yemekcom.jpg,0,0,https://cdn.yemek.com/mnresize/940/940/uploads/2014/06/kori-soslu-tavuk-yemekcom.jpg,940,940,False,https://cdn.yemek.com/mncrop/300/200/uploads/2014/06/kori-soslu-tavuk-yemekcom.jpg,300,200,True,https://cdn.yemek.com/mncrop/940/625/uploads/2014/06/kori-soslu-tavuk-yemekcom.jpg,940,625,True,https://cdn.yemek.com/mncrop/620/388/uploads/2014/06/kori-soslu-tavuk-yemekcom.jpg,620,388,True,https://cdn.yemek.com/mncrop/600/315/uploads/2014/06/kori-soslu-tavuk-yemekcom.jpg,600,315,True,"['tencere', 'bol proteinli']",,,,,
187,305,Gökçen Mutaf,https://cdn.yemek.com/author/23120/20181227103819_avatar.jpeg,/profil/gokcenmutaf/,Şaşmayan Tarif: Sade Kek,Sade Kek,/tarif/sade-kek/,40 dk,15 dk,"<p>Kocaman kabarmış, lezzetiyle herkesi kendine hayran bırakacak en klasik lezzetlerdendir sade kek tarifi. Süt, yumurta ve şekerin önderliğinde, misler gibi vanilya kokusunun büyüsünde hazırlanan harç fırının sıcacık kollarına teslim edilir. Kabarırken bile kendine hayran bırakan sade kek, çayın yanına hazırlanan en pratik kek olarak çıkar oradan. Karşınızda işte o enfes anların mimarı sade kek tarifi!</p>
<p>Birbirinden nefis <a href=""https://yemek.com/tarif/kek/"" target=""_blank"">kek tarifleri</a> arasında en baştan bize göz kırpan bu lezzet, kabarık ve yumuşak dokusuyla boyut atlıyor bu kez. Çaylarınızın, kahveleriniz hazırsa o yumuşacık sade kek tarifimiz geliyor. Şimdiden ellerinize sağlık.</p>
<p>Not: ""Sade kek de güzel ama kakaolu keki de çok seviyorum"" diyenler için yumuşacık kakaolu kek tarifimiz de hemen <a href=""https://yemek.com/tarif/kakaolu-kek/"" target=""_blank"">şurada</a>.</p>
",recipe,"['yumurta', 'toz şeker', 'süt', 'un', 'kabartma tozu', 'vanilin', 'sıvı yağ']","['Yumurtaları derince bir kaba kırın ve toz şekeri ekledikten sonra bir mikser ile 10 dakika boyunca çırpın.\xa0Krema kıvamına gelen karışıma sıvı yağı ve sütü ekleyip bir spatula ile karıştırın.', 'Üstüne unu, kabartma tozunu ve vanilini de ekledikten sonra tekrar karıştırın ve sıvı yağ ile yağladığınız bir kek kalıbına hazırladığınız karışımı dökün.', 'Önceden ısıtılmış 180 derecelik fırında 40 dakika kadar pişirin.\n\n&nbsp;', 'Kek kürdan testini geçince fırından alın ve tamamen soğuduktan sonra kalıbı ters çevirerek kalıptan çıkarın.', 'Dilimleyerek servis edin.\xa0 Afiyetler olsun!']",TATLI KEK,239b56,/tarif/tatli-kek/,"['Kek', 'Tatlı Kek']",['çay saati'],['Çay Saati'],['Fırın'],['Vejetaryen'],False,2400,900,2022-03-10T07:30:22Z,4.0,1356751,3356,False,False,True,0,,0,,,,2014/07/sade-kek-tarifi-yeni.jpg,0,0,https://cdn.yemek.com/mnresize/940/940/uploads/2014/07/sade-kek-tarifi-yeni.jpg,940,940,False,https://cdn.yemek.com/mncrop/300/200/uploads/2014/07/sade-kek-tarifi-yeni.jpg,300,200,True,https://cdn.yemek.com/mncrop/940/625/uploads/2014/07/sade-kek-tarifi-yeni.jpg,940,625,True,https://cdn.yemek.com/mncrop/620/388/uploads/2014/07/sade-kek-tarifi-yeni.jpg,620,388,True,https://cdn.yemek.com/mncrop/600/315/uploads/2014/07/sade-kek-tarifi-yeni.jpg,600,315,True,['fırın'],,,,,
188,183,Cemre Özgüzel,https://cdn.yemek.com/author/109/20200211010242_avatar.jpg,/profil/cemre-ozguzel/,Pastane Usulü: Un Kurabiyesi,Un Kurabiyesi,/tarif/un-kurabiyesi/,15 dk,25 dk,"<p>Kıyır kıyır dediğimiz <a href=""https://yemek.com/kurabiye-tarifleri/"" target=""_blank"">kurabiye tarifleri</a>nin şahı un kurabiyesidir. Uzun süre bozulmadan dayanabilmesi de bu lezzetli ve pratik kurabiyeyi popüler kılan noktalardan biridir. Kolay un kurabiyesi yapımında pudra şekeri elenerek servis edildiği için tarifinde çok az miktarda şeker kullanılır. Ağza gelmemesi için pudra şekeri tercih edilir. Hem kıvamı hem de dokusuyla, enfes mi enfes <strong>un kurabiyesi tarifi</strong> karşınızda!</p>
<p>""<a href=""https://yemek.com/agizda-dagilan-kurabiye-nasil-yapilir/"" target=""_blank"">Ağızda dağılan un kurabiyesi nasıl yapılır?</a>"" diyenler tarifin detaylarında açıklamalı anlatımını bulacak. Basit ve gerçek un kurabiyesinin tüm malzemeleri, yapılış adımları ve videosu ise hemen aşağıda. Hazırsanız en güzel un kurabiyesini yapmak için çalışmalara başlayalım! ''Un kurabiyesi tarifi nasıl yapılır?'' diyenlerinizi tarifimize alalım. Şimdiden ellerinize sağlık diyor, kolaylığı ve <strong>ağızda dağılan lezzetiyle un kurabiyesi</strong> <a href=""https://yemek.com/tarif/"" target=""_blank"">tarifi</a> karşınızda!</p>
",recipe,"['yumurta', 'un', 'vanilya', 'kabartma tozu', 'pudra şekeri', 'pudra şekeri', 'buğday nişastası', 'oda sıcaklığında tereyağı', 'sıvı yağ']","['Un kurabiyesi için 200 gram oda sıcaklığında bekletilmiş tereyağını derin bir yoğurma kasesine aktarın.', 'Üzerine 1 adet yumurta ve 1 çay bardağı sıvı yağını da ekledikten sonra pürüzsüz bir kıvam olana kadar çırpın.', '1 su bardağı pudra şekeri, 5 yemek kaşığı buğday nişastası, 1 paket kabartma tozu, 1 paket vanilin ve 3 su bardağı unu azar azar ekleyin.', 'Ele yapışmayacak kıvamda bir hamur elde edene kadar yoğurun.', 'Kurabiye hamurundan büyükçe bir parça alın ve tezgahın üzerinde yuvarlayarak 2 parmak kalınlığında rulo şekline getirin.', 'Kenar kısımlarını kesin. Ardından üzerinden çatal yardımıyla geçerek şekil verin.', 'Bıçak yardımıyla 3 parmak genişliğinde parçalar kesin. Fırın tepsisine aktarın.', 'Üzerleri hafif kızarıp renk alana kadar önceden ısıtılmış 170 derece fırında 15 dakika kadar pişirin.', 'Soğuttuktan sonra pudra şekeri eleyin.', 'Ardından un kurabiyelerini servis edin. Afiyetler olsun!']",TATLI KURABİYE,239b56,/tarif/tatli-kurabiyeler/,"['Kurabiye', 'Video', 'Tatlı Kurabiye']",['çay saati'],['Çay Saati'],['Fırın'],,False,900,1500,2022-04-01T07:45:01Z,4.0,1330455,3412,False,True,True,0,,0,,,,2022/04/un-kurabiyesi-onecikan-yeni.jpg,0,0,https://cdn.yemek.com/mnresize/940/940/uploads/2022/04/un-kurabiyesi-onecikan-yeni.jpg,940,940,False,https://cdn.yemek.com/mncrop/300/200/uploads/2022/04/un-kurabiyesi-onecikan-yeni.jpg,300,200,True,https://cdn.yemek.com/mncrop/940/625/uploads/2022/04/un-kurabiyesi-onecikan-yeni.jpg,940,625,True,https://cdn.yemek.com/mncrop/620/388/uploads/2022/04/un-kurabiyesi-onecikan-yeni.jpg,620,388,True,https://cdn.yemek.com/mncrop/600/315/uploads/2022/04/un-kurabiyesi-onecikan-yeni.jpg,600,315,True,['fırın'],,,,,
189,121,Cemre Özgüzel,https://cdn.yemek.com/author/109/20200211010242_avatar.jpg,/profil/cemre-ozguzel/,"Kolay, Pratik, Tam Kıvamında: Kakaolu Kek",Kakaolu Kek,/tarif/kakaolu-kek/,35 dk,10 dk,"<p>Bir parça kakaolu <a href=""https://yemek.com/tarif/kek/"" target=""_blank"">kek</a>; göz doldurur, iştah açar, <a href=""https://yemek.com/tarif/iced-latte/"" target=""_blank"">kahvenin</a> yanında iyi gider, misafir kurtarır, evlat sevindirir, anne özlemini artırır. On diliminde on marifet kakaolu kek, yapması da kolay olduğundan öğrencilerin de yapabilecekleri en nefis ve pratik <a href=""https://yemek.com/tarif/kek/"" target=""_blank"">kek tariflerinden</a> biri.</p>
<p>Kek denince akla gelen ilk <a href=""https://yemek.com/tarif/tatli-kek/"" target=""_blank"">tatlı kek</a> tarif olan <a href=""https://yemek.com/kakaolu-kek-tarifleri/"" target=""_blank"">kakaolu kek tarifi</a>ni en kolay, pratik ve tam kıvamında bir şekilde yapmak mümkün! Bu pratik kakaolu kek yumuşacık ve yaptığınız en güzel kakaolu kek tarifi olacak.</p>
<p>Kakaolu kek <a href=""https://yemek.com/tarif/"" target=""_blank"">tarif</a>imizin videosu hemen aşağıda, afiyet olsun!</p>
",recipe,"['yumurta', 'toz şeker', 'süt', 'un', 'vanilya', 'kabartma tozu', 'kakao', 'maden suyu', 'sıvı yağ']","['Yumurtaları ve toz şekeri derin bir kapta, bir mikser yardımıyla şeker eriyene kadar çırpın.', 'Ardından sıvı yağ, süt ve\xa0 sodayı da üzerine ekleyip çırpmaya devam edin.', 'Kek harcına unu ve kakaoyu azar azar ilave edin. Kabartma tozu ve vanilini de ekledikten sonra spatula yardımıyla, pürüzsüz bir harç elde edene kadar karıştırmaya devam edin.', 'Hazırladığınız kakaolu kek karışımını yağladığınız kek kalıbına dökün.', 'Önceden ısıtılmış 180 derece fırında 30-35 dakika kadar pişirin. İçini çekmesi için beklettiğiniz keki, ılınınca kalıbından çıkartın.', 'Üzerine pudra şekeri serperek servis edin.']",TATLI KEK,239b56,/tarif/tatli-kek/,"['Kek', 'Video', 'Tatlı Kek']","['ekonomik', 'ara öğün']",['Çay Saati'],['Fırın'],['Ekonomik'],False,2100,600,2020-11-19T10:43:04Z,4.0,1321844,5041,False,True,True,0,,0,,,,2019/03/kakaolu-kek-one-cikan-yeni.jpg,0,0,https://cdn.yemek.com/mnresize/940/940/uploads/2019/03/kakaolu-kek-one-cikan-yeni.jpg,940,940,False,https://cdn.yemek.com/mncrop/300/200/uploads/2019/03/kakaolu-kek-one-cikan-yeni.jpg,300,200,True,https://cdn.yemek.com/mncrop/940/625/uploads/2019/03/kakaolu-kek-one-cikan-yeni.jpg,940,625,True,https://cdn.yemek.com/mncrop/620/388/uploads/2019/03/kakaolu-kek-one-cikan-yeni.jpg,620,388,True,https://cdn.yemek.com/mncrop/600/315/uploads/2019/03/kakaolu-kek-one-cikan-yeni.jpg,600,315,True,['fırın'],,,,,
190,302,Yasemin Özaltın,https://cdn.yemek.com/author/35533/20181219061403_avatar.jpg,/profil/yasemingursurer/,"Tüm Püf Noktalarıyla, Kolay: Şekerpare",Şekerpare,/tarif/sekerpare/,25 dk,30 dk,"<p>İrmik ile tatlanıp, kıtır bir kıvam alan tatlılarımızdan o. Evet doğru bildiniz, bayram tatlılarının da başında gelen, <a href=""https://yemek.com/tarif/serbetli-tatlilar/"" target=""_blank"">şerbetli tatlı</a> tariflerinin en sevilenlerinden şekerpare tarifinden bahsediyoruz. Pastanelerde yediğinizde tadı damağınızda kalan <strong>gerçek şekerparelerin sırları</strong>nı aldık, üzeri nefis bir şekilde kızarmış, şerbetini tam kıvamında çekmiş muhteşem bir şekerpare tatlısı hazırladık. Bu keyfe ortak olmak ve 'Şekerpare nasıl yapılır?', ""<strong>Şekerpare şerbeti nasıl yapılır?</strong>"" sorularına cevap bulmak, ""En güzel şekerpare <a href=""https://yemek.com/tarif/tatli/"" target=""_blank"">tatlısı</a> tarifini aradım aradım ama bulamadım"" diyenlerin derdine tam ölçülü ve ev yapımı bir şekerpare tarifiyle çözüm olmak istedik. İşte karşınızda, tüm püf noktalarıyla: Şekerpare <a href=""https://yemek.com/tarif/"" target=""_blank"">tarif</a>i!</p>
<p><a href=""https://yemek.com/tarif/sekerpare-2/"" target=""_blank"">Şekerpare tarifini </a>hazırlamak pek kolay, sonrası tam bir keyif... Üzerine mini mini fındıklar konan tatlılar fırında hafif bir renk alana kadar kızaracak, fırından çıkan sıcak tatlılar önceden hazırlanan soğuk şerbet azar azar eklenecek. Videolu, denenmiş en güzel şekerpare tarifi karşınızda!</p>
<p><a href=""https://yemek.com/ramazan-tatlilari/"" target=""_blank"">Ramazan sofralarında</a>, iftarda olmazsa olmaz tatlılardan biri olan şekerpare tatlısını yaparken işin biraz daha kolayına kaçmak isteyenler <a href=""https://yemek.com/tarif/kolay-sekerpare"" target=""_blank"">kolay şekerpare tarifimize</a>, klasik şekerpare tatlısı tarifi için de videolu tarifimizi davetlisiniz.</p>
",recipe,"['yumurta', 'toz şeker', 'un', 'kabartma tozu', 'su', 'irmik', 'pudra şekeri', 'fındık', 'limonun suyu', 'vanilin', 'Hindistan cevizi', 'margarin veya tuzsuz tereyağı']","['Şekerpare için öncelikle şerbeti hazırlıyoruz. 3 su bardağı suya 2 su bardağı şeker ekleyip karıştırıyoruz ve kaynamaya bırakıyoruz.', 'Kaynayan şerbetin içerisine bir iki damla limon suyu sıktıktan sonra koyu bir şerbet kıvamını alana kadar kısık ateşte bırakıyoruz ve ocaktan aldıktan sonra şerbeti ılımaya bırakıyoruz.', 'Hamurunu hazırlamak için derin bir karıştırma kasesine 1 su bardağı pudra şekeri, 125 gram margarin, 2 yumurta, 2 yemek kaşığı hindistan cevizi, 1 paket vanilin, 1 paket kabartma tozu, 4 yemek kaşığı irmik ve azar azar unu koyup güzelce yoğuruyoruz.', 'Yoğurduğumuz hamuru 15 dakika buzdolabında dinlendirdikten sonra cevizden biraz daha büyük parçalar koparıp elimizle yuvarlak şekil veriyoruz ve pişirme kağıdı serili fırın tepsisin üzerine aralıklı olarak yerleştiriyoruz.', 'Fındıkları şekerparelerin tam ortasına bastırarak yerleştiriyoruz.', 'Şekerpareleri önceden ısıtılmış 180 derece fırında 25 dakika pişiriyoruz.', 'Kurabiyeler sıcak şerbeti de soğukken şerbetini döküyoruz. Şerbeti de döktükten sonra iyice çekmesi için bekliyoruz ve servis ediyoruz. Afiyetler olsun!']",ŞERBETLİ TATLI,239b56,/tarif/serbetli-tatlilar/,"['Hamur İşi', 'Tatlı', 'Şerbetli Tatlı', 'Ramazan', 'Video']",['çay saati'],['Çay Saati'],"['Fırın', 'Tencere']",,False,1500,1800,2022-03-18T13:00:52Z,4.0,1282307,4569,False,True,True,0,,0,,,,2014/07/sekerpare-ytk-site.jpg,0,0,https://cdn.yemek.com/mnresize/940/940/uploads/2014/07/sekerpare-ytk-site.jpg,940,940,False,https://cdn.yemek.com/mncrop/300/200/uploads/2014/07/sekerpare-ytk-site.jpg,300,200,True,https://cdn.yemek.com/mncrop/940/625/uploads/2014/07/sekerpare-ytk-site.jpg,940,625,True,https://cdn.yemek.com/mncrop/620/388/uploads/2014/07/sekerpare-ytk-site.jpg,620,388,True,https://cdn.yemek.com/mncrop/600/315/uploads/2014/07/sekerpare-ytk-site.jpg,600,315,True,['fırın'],,,,,
191,3178,Cemre Özgüzel,https://cdn.yemek.com/author/109/20200211010242_avatar.jpg,/profil/cemre-ozguzel/,Oldu Bile: Üç Malzemeli Kurabiye,Üç Malzemeli Kurabiye,/tarif/uc-malzemeli-kurabiye/,20 dk,15 dk,"<p>Ayçiçek yağı, elenmiş un ve toz krem şanti. Sadece üç malzemeyle hazırlanan <a href=""https://yemek.com/tarif/un-kurabiyesi/"" target=""_blank"">un kurabiyesi</a> gevrekliğinde pratik ve ekonomik bir <a href=""https://yemek.com/tarif/kurabiye/"" target=""_blank"">kurabiye tarifi</a>. Siz çayı demleyene kadar onlar pişmiş hatta dinlenmiş olacak, mutfağı mis gibi kurabiye kokusu saracak. Sonrası tam anlamıyla keyif.</p>
<p>Dilerseniz hazırladığınız hamuru atın buzdolabına 30 dakika dinlendirin elinizle gelişi güzel minik yuvarlaklar yaparak pişirin isterseniz de kaşık yardımıyla tepsiye dizin. Karar sizin.</p>
<p>Kurabiye canavarları da sizi sevecek. Afiyetler olsun.</p>
",recipe,"['ayçiçek yağı', 'un', 'toz krem şanti']","['1 su bardağı ayçiçek yağını derin bir karıştırma kabına alın.', '1 paket toz krem şantiyi ve unun 1 bardaklık kısmını ilave ederek karıştırmaya başlayın.', '2 su bardağı unu da azar azar ilave edin ve yumuşak, ele yapışmayan bir hamur elde edene kadar yoğurun.', 'Kıvam alan hamurunuzdan ceviz büyüklüğünde parçalar alın ve elinizle yuvarlayarak şekil verin. Ardından yağlı kağıt serili bir fırın tepsinin üzerine kurabiyelerinizi aktarın. 175 derecede ısıtılmış fırında rengi hafif değişene kadar 15-20 dakika arası pişirin.', 'Çıkarıp oda sıcaklığında soğuttuktan sonra afiyetle tüketin.']",TATLI KURABİYE,239b56,/tarif/tatli-kurabiyeler/,"['Kurabiye', 'Video', 'Tatlı Kurabiye']",['pratik yemek tarifleri'],['Çay Saati'],['Fırın'],,False,1200,900,2015-08-10T11:18:13Z,4.0,1278903,3887,False,True,False,0,,0,,,,2015/08/uc-malzemeli-kurabiye-yemekcom.jpg,0,0,https://cdn.yemek.com/mnresize/940/940/uploads/2015/08/uc-malzemeli-kurabiye-yemekcom.jpg,940,940,False,https://cdn.yemek.com/mncrop/300/200/uploads/2015/08/uc-malzemeli-kurabiye-yemekcom.jpg,300,200,True,https://cdn.yemek.com/mncrop/940/625/uploads/2015/08/uc-malzemeli-kurabiye-yemekcom.jpg,940,625,True,https://cdn.yemek.com/mncrop/620/388/uploads/2015/08/uc-malzemeli-kurabiye-yemekcom.jpg,620,388,True,https://cdn.yemek.com/mncrop/600/315/uploads/2015/08/uc-malzemeli-kurabiye-yemekcom.jpg,600,315,True,,,,,,
192,4487,Gökçen Mutaf,https://cdn.yemek.com/author/23120/20181227103819_avatar.jpeg,/profil/gokcenmutaf/,Brownie'yi Andıran: Islak Kurabiye,Islak Kurabiye,/tarif/islak-kurabiye/,25 dk,15 dk,"<p>Kakaolu kurabiyenin şerbetle buluşmasından hazırlanan ıslak kurabiye, kakaolu tatlıları sevenlere göre. <strong>Sıcak kurabiyelerin ıslatılması kakao tadını yoğunlaştırıyor </strong>ve <a href=""https://yemek.com/tarif/kurabiye/"" target=""_blank"" rel=""noopener"">kurabiyeye</a> ağızda dağılan bir kıvam veriyor. Islak kurabiye tarifini çay saatleri için keyifle hazırlayabilir, bu esmer kurabiyeleri yanında bir fincan kahve eşliğinde tatlı bir atıştırmalık olarak da tüketebilirsiniz.</p>
<p><a href=""https://yemek.com/tarif/brownie/"" target=""_blank"" rel=""noopener"">Brownie</a>'yi andıran bu lezzetli <a href=""https://yemek.com/tarif/browni-kurabiye/"" target=""_blank"" rel=""noopener"">browni tadında kurabiye</a>leri kısa sürede hazırlayabilir, yorumlarınızı bizlerle paylaşabilirsiniz.</p>",recipe,"['yumurta', 'toz şeker', 'un', 'kabartma tozu', 'su', 'rendelenmiş Hindistan cevizi', 'kakao', 'pudra şekeri', 'tereyağı (oda sıcaklığında bekletilmiş)', 'vanilin', 'sıvı yağ']","['<div>\n<div>\n<div dir=""ltr"">\n<div>\n<div>Islak kurabiye için derince bir karıştırma kabına oda ısısındaki tereyağını, sıvı yağı, yumurtayı, pudra şekerini, kakaoyu, vanilin ve kabartma tozunu alın.</div>\n</div>\n</div>\n</div>\n</div>', '<p>Tüm malzemeleri özleşene\xa0kadar\xa0karıştırın.</p>', '<div>\n<div>\n<div dir=""ltr"">\n<div>\n<div>Ardından unu yavaş yavaş ekleyerek, ele yapışmayan bir hamur elde edin.</div>\n</div>\n</div>\n</div>\n</div>', '<div>\n<div>\n<div dir=""ltr"">\n<div>\n<div>Hazırladığınız hamurdan ceviz büyüklüğünde parçalar koparın.</div>\n</div>\n</div>\n</div>\n</div>', '<p>Avucunuzda yuvarlayın ve parmağınızla ortasına hafifçe bastırdıktan sonra, yağlı kağıt serilmiş bir fırın tepsisine dizin.\xa0Önceden ısıtılmış 180 derece fırında yaklaşık 20 dakika kadar pişirin.</p>', '<div>\n<div>\n<div dir=""ltr"">\n<div>\n<div>Kurabiyeleriniz fırındayken şerbeti için gerekli olan şeker ve suyu homojen karışana kadar kaynattıktan sonra bir kaseye alın ve soğutun.</div>\n</div>\n</div>\n</div>\n</div>', '<div>\n<div>\n<div dir=""ltr"">\n<div>\n<div>Kurabiyeler fırından çıkınca 2 dakika kadar bekletin ve ardından teker teker hazırladığınız şerbete atın, arkalı önlü çevirin ve bir servis tabağına dizin.</div>\n</div>\n</div>\n</div>\n</div>', '<div>\n<div>\n<div dir=""ltr"">\n<div>\n<div>Tüm kurabiyeleri bu şekilde şerbete batırdıktan sonra kalan şerbeti de üstlerine gezdirin ve tüm şerbeti çekene dek bekletin.</div>\n</div>\n</div>\n</div>\n</div>', '<div>\n<div>\n<div dir=""ltr"">\n<div>\n<div>Kurabiyeler şerbeti çektikten sonra üstlerini Hindistan cevizi ile süsleyin ve servis edin. Afiyet olsun.</div>\n</div>\n</div>\n</div>\n</div>']",TATLI KURABİYE,239b56,/tarif/tatli-kurabiyeler/,"['Kurabiye', 'Tatlı Kurabiye']",,['Çay Saati'],['Fırın'],['Ekonomik'],False,1500,900,2022-03-16T06:08:50Z,4.0,1542043,9538,False,False,True,0,,0,,,,2016/01/islak-kurabiye-tarifi-son.jpg,0,0,https://cdn.yemek.com/mnresize/940/940/uploads/2016/01/islak-kurabiye-tarifi-son.jpg,940,940,False,https://cdn.yemek.com/mncrop/300/200/uploads/2016/01/islak-kurabiye-tarifi-son.jpg,300,200,True,https://cdn.yemek.com/mncrop/940/625/uploads/2016/01/islak-kurabiye-tarifi-son.jpg,940,625,True,https://cdn.yemek.com/mncrop/620/388/uploads/2016/01/islak-kurabiye-tarifi-son.jpg,620,388,True,https://cdn.yemek.com/mncrop/600/315/uploads/2016/01/islak-kurabiye-tarifi-son.jpg,600,315,True,,,,,,
193,134,Yasemin Özaltın,https://cdn.yemek.com/author/35533/20181219061403_avatar.jpg,/profil/yasemingursurer/,Tüm Püf Noktalarıyla: Mercimek Köftesi,Mercimek Köftesi,/tarif/mercimek-koftesi/,20 dk,30 dk,"<p>Altın günlerinin vazgeçilmez lezzeti, bekarların ve öğrenci evlerinin gözdesi mercimekli köfte pratik olmasının yanı sıra besleyici ve lezzetli bir <a href=""https://yemek.com/tarif/"" target=""_blank"" rel=""noopener"">tarif</a>. <strong>Tam ölçülü, tam kıvamında mercimek köftesi</strong> nasıl yapılır diye merak edenlerden en güzel mercimek köftesi tarifini henüz bulamamış olanlara tüm püf noktalarıyla pratik tariflerin gözdesi mercimek köftesi karşınızda!</p>
<p>Mercimek köftesi sunumunu, mercimek köftesinin yanına ne gider ya da <strong>mercimek köftesi cıvık olursa</strong> ne yapılmalı sorularının cevabını artık başka yerde aramanız gerek yok. Çünkü en güzelini annenin yaptığı mercimek köftesi için mutfağa girerek biraz da biz hünerlerimizi göstereceğiz bugün. Güzel annelerimize selamlar yollayacağız bu tarifle.</p>
<p>Mercimek köftesi videomuzu aşağıya bırakıyoruz, afiyetler olsun şimdiden! <img class=""wp-smiley img-responsive"" src=""https://cdn.yemek.com/assets/images/smiley/smile.png""></p>
<p>Mercimek köftesini sevenler bunları da sevdi: <a href=""https://yemek.com/tarif/kisir"" target=""_blank"" rel=""noopener"">Kısır Tarifi</a></p>
<p>Klasik mercimekli köfte tariflerinden sıkılanlar, çıtır çıtır dokusuyla <a href=""https://yemek.com/tarif/firinda-mercimek-kofte/"" target=""_blank"" rel=""noopener"">fırında mercimekli köfte</a> tarifiyle misafirlerinizi şaşırtıyor.</p>",recipe,"['kırmızı mercimek', 'kuru soğan', 'biber salçası', 'sıcak su', 'tuz', 'pul biber', 'maydanoz', 'zeytinyağı', 'karabiber', 'domates salçası', 'ince bulgur', 'taze soğan', 'kimyon']","['<p>Mercimek köftesi için bol suda yıkadığınız kırmızı mercimeği sıcak suda kaynatın.</p>', '<p>Suyunu çekmeye yakın ince bulguru ekleyin, mercimeği ocaktan alın.</p>', '<p>Üzerine ince bulguru ekleyin.</p>', '<p>Kapağını kapattığınız tencerede ince bulguru şişmesi için mercimekle birlikte 15 dakika kadar bekletin.</p>', '<p>Zeytinyağını bir tavada kızdırın.</p>', '<p>Kuru soğanları küçük küpler halinde doğrayın ve tavaya aktarın.</p>', '<p>Doğradığınız soğanları 5 dakika kadar kavurun.</p>', '<p>Sırasıyla; biber salçası, domates salçası, tuz, pul biber ve kimyonu ekleyin.</p>', '<p>Soğanlı karışımı 3-4 dakika kadar kavurun.</p>', '<p>Şişen bulgurlu ve mercimekli harca salçalı, soğanlı harcı ekleyin.</p>', '<p>Taze soğanları ve maydanozu ince ince kıyın.\xa0 Doğranmış yeşillikleri ilave edin.</p>', '<p>Malzemeleri yoğurmaya başlayın.</p>', '<p>Tüm malzemeyi özleşene kadar yoğurun.</p>', '<p>Hazırladığınız harçtan ceviz büyüklüğünde parçalar alın ve avuç içinizde sıkarak şekil verin.</p>', '<p>Servis tabağına aldığınız mercimek köftelerini arzu ettiğiniz yeşilliklerle servis edin. Sevdiklerinizle paylaşın.</p>']",MEZE,239b56,/tarif/mezeler/,"['Özel Beslenme', 'Vejetaryen', 'Atıştırmalık', 'Meze', 'Vegan', 'Video', 'Tuzlu Atıştırmalık', 'Bakliyat']",,"['Öğle Yemeği', 'Çay Saati']","['Tencere', 'Tava']","['Vejetaryen', 'Bol Proteinli']",False,1200,1800,2022-03-10T11:30:12Z,4.0,1537793,11735,False,True,True,0,,0,,,,2014/06/mercimek-koftesi-yeni-ytk.jpg,0,0,https://cdn.yemek.com/mnresize/940/940/uploads/2014/06/mercimek-koftesi-yeni-ytk.jpg,940,940,False,https://cdn.yemek.com/mncrop/300/200/uploads/2014/06/mercimek-koftesi-yeni-ytk.jpg,300,200,True,https://cdn.yemek.com/mncrop/940/625/uploads/2014/06/mercimek-koftesi-yeni-ytk.jpg,940,625,True,https://cdn.yemek.com/mncrop/620/388/uploads/2014/06/mercimek-koftesi-yeni-ytk.jpg,620,388,True,https://cdn.yemek.com/mncrop/600/315/uploads/2014/06/mercimek-koftesi-yeni-ytk.jpg,600,315,True,,,,,,
194,13732,ipeksare,https://cdn.yemek.com/author/262494/20200820091315_avatar.jpg,/profil/ipeksare/,Bol Malzemeli: Ev Usulü Pizza,Ev Usulü Pizza,/tarif/ev-usulu-pizza/,30 dk,30 dk,"<p>Hafif kabarmış bir hamuru ve bol bol malzemesiyle <a href=""https://yemek.com/tarif/pizza/"" target=""_blank"">pizzaların</a> en güzellerinden biridir ev usulü pizza.</p>
<p>Dışarıda bayılarak yediğimiz pizzaları aslında evinizde de çok kolay bir şekilde yapabilirsiniz. Eğer siz de ""<strong>Evde pizza nasıl yapılır?</strong>"" diyorsanız fırında pişen, bu kolay ve pratik karışık pizza tarifini çok sevecek, her fırsatta yapmak isteyeceksiniz.</p>
<p>Lezzetine doyum olmaz bu pizza tarifinin sırrı hamurunda saklı. Bu şekilde ağzınıza attığınızda yumuşacık dokusuyla sizi çok mutlu edecek, bol bol malzemesiyle de damaklarınızı şenlendirecek bir tarife dönüşüyor. ""<strong>Pizza hamuru nasıl yapılır?</strong>"" diye soranlara da adım adım resimli anlatımıyla tam kıvamında bir <a href=""https://yemek.com/tarif/pizza-hamuru/"" target=""_blank"">pizza hamuru</a> tarifi hazırladık, püf noktalarını da <a href=""https://yemek.com/pizza-hamuru-yapmanin-puf-noktalari/"" target=""_blank"">şurada</a> anlattık. Mutlaka göz atın deriz.</p>
<p>Ev yapımı pizza tarifinin adım adım resimli tarifi karşınızda!</p>
",recipe,"['tuz', 'toz şeker', 'un', 'sarımsak', 'zeytinyağı', 'zeytinyağı', 'fesleğen', 'rendelenmiş kaşar peyniri', 'kekik', 'ılık su', 'konserve mısır', 'kuru maya', 'sucuk', 'domates sos', 'biber', 'zeytin', 'rendelenmiş mozarella peyniri']","['Bir kabın içerisine kuru mayayı dökün ve üzerine ılık su ve şekeri ekleyerek güzelce karıştırın.', 'Daha sonra mayalı karışıma zeytinyağını ve tuzu ekleyip tahta kaşıkla karıştırın.', 'Unu azar azar ekleyin.', 'Hamur kıvama gelince elinizle yoğurmaya başlayın ve ele yapışmayan, yumuşak bir hamur haline gelene kadar yoğurmaya devam edin.', 'Hamur istediğiniz yumuşaklığa ulaşınca, kabın üzerini bir streç film ile kaplayıp en az 30 dakika hamurunuzu dinlendirin.', 'Dinlenen hamurunuzu un serptiğiniz tezgaha alıp, katlayarak havasını çıkarın.\xa0Hamuru toparlayıp, 2 ya da 3 parçaya ayırın. İnce hamurlu ve orta boy pizza yapmak istiyorsanız hamurunuzu 3’e bölün. Daha büyük ve kalın hamurlu 2 pizza yapmak istiyorsanız, ikiye bölebilirsiniz.', 'Kestiğiniz parçayı beze haline getirip un serptiğiniz tezgahın üzerinde merdane yardımıyla açın.', 'Dilediğiniz inceliğe ulaştığınızda pişirme kağıdı serdiğiniz tepsinin üzerine alın. Bir çatal yardımıyla pizza hamurunun üzerinde delikler açın ve önceden ısıtılmış 200 derece fırında 10 dakika pişirin.', 'Pizza sosunu, domates sosuna, fesleğen, kekik, sarımsak ve zeytinyağı ekleyerek hazırlayabilirsiniz.', '10 dakika sonra hafif pişen hamuru fırından çıkarıp, hazırladığınız domates sosundan üzerine sürün.', 'Pizza sosunun üzerine bolca rendelenmiş kaşar ya da mozarella peyniri yerleştirdikten sonra üzerine dileğiniz malzemeleri ekleyin. Malzemeleri yerleştirdikten sonra en üste tekrar rendelenmiş kaşar ekleyin.', 'Tekrar fırına koyun ve 20 dakika daha pişirin. Peynirler güzelce eriyip tüm malzemeler piştiğinde pizzanızı fırından çıkarabilirsiniz.', 'Pizza kesiciyle dilimleyip tüketebilirsiniz.', 'Afiyet olsun!']",PİZZA,239b56,/tarif/pizza/,"['Hamur İşi', 'Pizza']","['akşam yemeği', 'kahvaltı', 'öğle yemeği']","['Öğle Yemeği', 'Akşam Yemeği']",['Fırın'],,False,1800,1800,2022-03-11T10:00:52Z,4.0,1518606,6252,False,True,True,0,,0,,,,2022/03/ev-usulu-pizza-yemekcom.jpg,0,0,https://cdn.yemek.com/mnresize/940/940/uploads/2022/03/ev-usulu-pizza-yemekcom.jpg,940,940,False,https://cdn.yemek.com/mncrop/300/200/uploads/2022/03/ev-usulu-pizza-yemekcom.jpg,300,200,True,https://cdn.yemek.com/mncrop/940/625/uploads/2022/03/ev-usulu-pizza-yemekcom.jpg,940,625,True,https://cdn.yemek.com/mncrop/620/388/uploads/2022/03/ev-usulu-pizza-yemekcom.jpg,620,388,True,https://cdn.yemek.com/mncrop/600/315/uploads/2022/03/ev-usulu-pizza-yemekcom.jpg,600,315,True,['fırın'],,,,,
195,180,Yasemin Özaltın,https://cdn.yemek.com/author/35533/20181219061403_avatar.jpg,/profil/yasemingursurer/,20 Dakikada Buzlukta: Mozaik Pasta,Mozaik Pasta,/tarif/mozaik-pasta/,20 dk,20 dk,"<p>Biz çocukken mutfaktaki hummalı çalışmanın sonucu annelerimizin lezzetli ellerinden tüm ömrümüz boyunca unutamayacağımız kadar lezzetli <a href=""https://yemek.com/tarif/tatli/"" target=""_blank"">tatlılar</a>, <a href=""https://yemek.com/tarif/pasta-tatli/"" target=""_blank"">pastalar</a> çıkardı. Bu pasta hiç şüphesiz mozaik pastanın ta kendisiydi! Bu kolay mozaik pasta, küçük büyük herkesin bayılarak yediği lezzeti her daim garantili olan oldukça kolay ve pratik bir <a href=""https://yemek.com/tarif/"" target=""_blank"">tarif</a>. Hadi gelin bisküvili mozaik pastanın sırlarını bir bir anlatalım size. Anılarımıza doğru tatlı bir yolculuğa çıkaran, <strong>petibör bisküvili</strong> mozaik pasta tarifiyle karşınızdayız!</p>
<p>Bisküvi, tereyağı, toz şeker ve kakaonun bir araya gelip yaptığı en lezzetli pasta tariflerinden biri o. Biz bu kez farklı malzemeler ekleyerek <strong>klasik mozaik pasta</strong> tarifinin tadına da tat kattık. Bu üçgen mozaik pastanın yapımı o kadar kolay, pratik ve bir o kadar lezzetli ki...</p>
<p>Hadi o zaman! Buyursunlar en güzel mozaik pasta tarifine ve yapılış adımlarını gösteren mozaik pasta videomuza. <img src=""https://cdn.yemek.com/assets/images/smiley/smile.png"" class=""wp-smiley img-responsive"" /></p>
",recipe,"['süt', 'kakao', 'pudra şekeri', 'tereyağ', 'Hindistan cevizi', 'petibör bisküvi']","['Tereyağını eritin.', 'Pudra şekerini karıştırma kabına aktarın.\xa0Pudra şekerinin üzerine erittiğiniz tereyağını ve sütü dökün.\xa0Kakaoyu da ilave edin.', 'Malzemeleri çırpın.', 'Üzerine bisküvileri kırın.', 'Bisküvileri de koyduktan sonra tüm malzemeleri spatula yardımıyla nazikçe karıştırın.', 'Servis edeceğiniz kalıbın içini streç film ile kaplayın.', 'Tüm harcı ekleyin ve üzerini kapatın.', 'Buzdolabının dondurucu bölümünde 4 saat bekletin. Hindistan cevizi serpin. Dilimleyerek soğuk olarak servis edin.', 'Afiyet olsun!']",PASTA,239b56,/tarif/pasta-tatli/,"['Tatlı', 'Pasta', 'Video']","['ara öğün', 'çay saati']",['Çay Saati'],['Tencere'],['Ekonomik'],False,1200,1200,2022-03-18T14:40:39Z,4.0,1512620,8912,False,True,True,0,,0,,,,2022/03/mozaik-pasta-tarifi-yemekcom.jpg,0,0,https://cdn.yemek.com/mnresize/940/940/uploads/2022/03/mozaik-pasta-tarifi-yemekcom.jpg,940,940,False,https://cdn.yemek.com/mncrop/300/200/uploads/2022/03/mozaik-pasta-tarifi-yemekcom.jpg,300,200,True,https://cdn.yemek.com/mncrop/940/625/uploads/2022/03/mozaik-pasta-tarifi-yemekcom.jpg,940,625,True,https://cdn.yemek.com/mncrop/620/388/uploads/2022/03/mozaik-pasta-tarifi-yemekcom.jpg,620,388,True,https://cdn.yemek.com/mncrop/600/315/uploads/2022/03/mozaik-pasta-tarifi-yemekcom.jpg,600,315,True,,,,,,
196,29467,Yasemin Özaltın,https://cdn.yemek.com/author/35533/20181219061403_avatar.jpg,/profil/yasemingursurer/,3-2-1 Ölçüsüyle: Bayatlamayan Kabartma Tozlu Poğaça,Bayatlamayan Kabartma Tozlu Poğaça,/tarif/bayatlamayan-kabartma-tozlu-pogaca/,15 dk,15 dk,"<p>Hem çok kolay, hem çok hızlı, hem de yemesi pek keyifli muhteşem bir <a href=""https://yemek.com/tarif/pogaca/"" target=""_blank"">poğaça</a>...Bayatlamayan kabartma tozlu poğaça tarifi, hazırlandıktan sonra tadına bakıp da beğenmeyenini, ikincisini istemeyenini zor bulursunuz. İçindeki malzemelerin miktarlarından dolayı “3-2-1 poğaça <a href=""https://yemek.com/tarif/"" target=""_blank"">tarif</a>i” diye de bilinen bu güzelliği hala denemeyenler varsa diye zevkle paylaşıyoruz.</p>
<p>3-2-1 poğaça tarifi, malzemeleri ile de ekonomik! İçinde 3 paket kabartma tozu, 2 bardak yoğurt ve 1 yumurta var. Kabartma tozu ne kadar da çokmuş acı olur o diyorsanız, hiç de öyle olmadığını, inanılmaz yumuşak, aşırı lezzetli olduğunu deneyince anlayacaksınız. Üstelik de bayatlamıyor, hoş gerçi bayatlamasını bekleyecek kadar uzun süre yemeden duramayacaksınız o da ayrı.  O zaman siz aşağıda yazan diğer malzemeleri de hazırlayıverin, <a href=""https://yemek.com/tarif/yumusak-pogaca/"" target=""_blank"">yumuşacık poğaça</a>mızı yapalım. Şimdiden afiyetler olsun.</p>
",recipe,"['tuz', 'toz şeker', 'un', 'kabartma tozu', 'yoğurt', 'yumurta sarısı', 'sirke', 'beyaz peynir', 'susam', 'yumurta beyazı', 'sıvı yağ']","['Bir yoğurma kabına; yağ, yoğurt ve yumurta beyazını alıp güzelce karıştırın.', 'Ardından kabartma tozları, tuz, şeker ve sirkeyi de ilave edip, tekrar karıştırın.', 'Unu azar azar ilave ederek yoğurmaya başlayın. Hafifçe ele yapışan bir hamur elde edeceksiniz.', 'Hazırladığınız hamurdan mandalinadan biraz küçük olacak parçalar kopartın. Elinizle yuvarlayın ve avucunuzla bastırıp yassılaştırın.', 'Yassılaştırdığınız hamur parçasının ortasına bir çatalla ezdiğiniz beyaz peynirden biraz koyun.', 'Kenarlarını birleştirip kapatın ve tekrar yuvarladıktan sonra yağlı kağıt serdiğiniz bir fırın tepsisine yerleştirin.', 'Tüm hamuru bu şekilde hazırlayıp tepsiye dizin.', 'Üstlerine bir fırça yardımıyla yumurta sarısı sürün ve susam serpin. Önceden ısıttığınız 200 derece fırında, üstleri kızarana dek yaklaşık 15 dakika pişirin.', 'Tepsiyi fırından aldıktan sonra ılıklaşmasını bekleyin ve ardından servis edin.']",POĞAÇA,239b56,/tarif/pogaca/,"['Hamur İşi', 'Kahvaltılık', 'Poğaça', 'Video']","['kahvaltı', 'çay saati']","['Kahvaltı', 'Çay Saati']",['Fırın'],['Vejetaryen'],False,900,900,2018-01-31T07:11:19Z,4.0,1443090,8543,False,True,False,0,,0,,,,2018/01/bayatlamayan-pofuduk-pogaca-yemekcom.jpg,0,0,https://cdn.yemek.com/mnresize/940/940/uploads/2018/01/bayatlamayan-pofuduk-pogaca-yemekcom.jpg,940,940,False,https://cdn.yemek.com/mncrop/300/200/uploads/2018/01/bayatlamayan-pofuduk-pogaca-yemekcom.jpg,300,200,True,https://cdn.yemek.com/mncrop/940/625/uploads/2018/01/bayatlamayan-pofuduk-pogaca-yemekcom.jpg,940,625,True,https://cdn.yemek.com/mncrop/620/388/uploads/2018/01/bayatlamayan-pofuduk-pogaca-yemekcom.jpg,620,388,True,https://cdn.yemek.com/mncrop/600/315/uploads/2018/01/bayatlamayan-pofuduk-pogaca-yemekcom.jpg,600,315,True,,,,,,
197,129,Yasemin Özaltın,https://cdn.yemek.com/author/35533/20181219061403_avatar.jpg,/profil/yasemingursurer/,Lokanta Usulü: Köri Soslu Tavuk,Köri Soslu Tavuk,/tarif/kori-soslu-tavuk/,20 dk,10 dk,"<p>Baharat sevenleri, her yaptığı <a href=""https://yemek.com/tarif/"" target=""_blank"">yemek tarifinin</a> içine tuz hariç mutlaka en az 2 baharat ekleyenleri, körinin kokusunu da tadını da çok sevenleri böyle alalım. Güneydoğu Asya Mutfağı'nın vazgeçilmez baharatı köri, içerisinde bulunan sumak, zencefil, kimyon, kişniş vb. baharatlarla tam bir şifa kaynağı olma özelliğini taşıyor. Beyaz etlerle harika bir uyum yakalayan köri, en çok <a href=""https://yemek.com/tarif/tavuk/"" target=""_blank"">tavuk etini</a> seviyor. Karşınızda nefis mi nefis: <strong>Köri soslu tavuk tarifi!</strong></p>
<p>Resimli anlatımıyla, en pratik ve yemelere doyum olmaz körili tavuk tarifini veriyor, köri sos nasıl yapılır tek tek anlatıyoruz. Yanına <a href=""https://yemek.com/tarif/patates-puresi/"" target=""_blank"">patates püresi</a>, <a href=""https://yemek.com/tarif/salata/"" target=""_blank"">salata</a> ya da <a href=""https://yemek.com/tarif/pilav/"" target=""_blank"">pilavla</a> servis edebilirsiniz. Lokantalarda sunulan köri soslu tavuklardan çok daha lezzetli oluyor, yiyen herkes tarifini istiyor. Bu lezzeti sık sık pişirmek isteyeceksiniz. Şimdiden ellerinize sağlık diyor, <a href=""https://yemek.com/soslu-tavuk-yemekleri/"" target=""_blank"">soslu tavuk yemekleri</a> arasında en çok sevilen bu kolay yemek tarifimize buyur ediyoruz.</p>
<p>Köri sosun tadını sevdiyseniz belki sonra <a href=""https://yemek.com/tarif/kremali-korili-tavuklu-makarna/"" target=""_blank"">köri soslu makarna tarifine</a> de şans vermek isteyebilirsiniz. Afiyet olsun!</p>
",recipe,"['tereyağı', 'sıcak su', 'tuz', 'un', 'maydanoz', 'karabiber', 'kuşbaşı tavuk göğsü', 'soğuk süt', 'köri', 'sıvı yağ']","['Sıvı yağını bir tavada kızdırın. Kuşbaşı\xa0doğranmış tavuk göğsünü aktarın.', 'Renk alıp, suyunu çekene kadar orta ateşte kavurun.', 'Köri sosu hazırlamak için; ayrı bir tavada tereyağını sos tenceresinde eritin.', 'Unu da üzerine ekleyin ve\xa0 kokusu çıkıp, renk alana kadar karıştırarak kavurun.', 'Kavrulan una soğuk sütü ekleyin ve unun topaklanmaması için bir çırpıcı yardımıyla hızlıca karıştırın.', 'Sıcak su, köri, tuz ve karabiberi katın.', 'Sosu, kısık ateşte koyu bir kıvam alana kadar sürekli karıştırarak 4- 5 dakika pişirin.', 'Hazırladığınız sosu, kavrulan tavuklara ekleyin ve harmanladıktan sonra pişirme işlemini 5 dakika kadar sürdürün.', 'İncecik kıyılmış bir avuç maydanozu, köri soslu tavuğa ilave ettikten sonra bekletmeden sıcak olarak servis edin.', 'Köri soslu tavuk tarifi hazır. Afiyet olsun!']",TAVUK,239b56,/tarif/tavuk/,"['Tavuk', 'Video']","['ekonomik', 'akşam yemeği', 'öğle yemeği']","['Öğle Yemeği', 'Akşam Yemeği']",['Tencere'],"['Ekonomik', 'Bol Proteinli']",False,1200,600,2019-05-14T13:24:40Z,4.0,1396751,11895,False,True,True,0,,0,,,,2014/06/kori-soslu-tavuk-yemekcom.jpg,0,0,https://cdn.yemek.com/mnresize/940/940/uploads/2014/06/kori-soslu-tavuk-yemekcom.jpg,940,940,False,https://cdn.yemek.com/mncrop/300/200/uploads/2014/06/kori-soslu-tavuk-yemekcom.jpg,300,200,True,https://cdn.yemek.com/mncrop/940/625/uploads/2014/06/kori-soslu-tavuk-yemekcom.jpg,940,625,True,https://cdn.yemek.com/mncrop/620/388/uploads/2014/06/kori-soslu-tavuk-yemekcom.jpg,620,388,True,https://cdn.yemek.com/mncrop/600/315/uploads/2014/06/kori-soslu-tavuk-yemekcom.jpg,600,315,True,"['tencere', 'bol proteinli']",,,,,
198,305,Gökçen Mutaf,https://cdn.yemek.com/author/23120/20181227103819_avatar.jpeg,/profil/gokcenmutaf/,Şaşmayan Tarif: Sade Kek,Sade Kek,/tarif/sade-kek/,40 dk,15 dk,"<p>Kocaman kabarmış, lezzetiyle herkesi kendine hayran bırakacak en klasik lezzetlerdendir sade kek tarifi. Süt, yumurta ve şekerin önderliğinde, misler gibi vanilya kokusunun büyüsünde hazırlanan harç fırının sıcacık kollarına teslim edilir. Kabarırken bile kendine hayran bırakan sade kek, çayın yanına hazırlanan en pratik kek olarak çıkar oradan. Karşınızda işte o enfes anların mimarı sade kek tarifi!</p>
<p>Birbirinden nefis <a href=""https://yemek.com/tarif/kek/"" target=""_blank"">kek tarifleri</a> arasında en baştan bize göz kırpan bu lezzet, kabarık ve yumuşak dokusuyla boyut atlıyor bu kez. Çaylarınızın, kahveleriniz hazırsa o yumuşacık sade kek tarifimiz geliyor. Şimdiden ellerinize sağlık.</p>
<p>Not: ""Sade kek de güzel ama kakaolu keki de çok seviyorum"" diyenler için yumuşacık kakaolu kek tarifimiz de hemen <a href=""https://yemek.com/tarif/kakaolu-kek/"" target=""_blank"">şurada</a>.</p>
",recipe,"['yumurta', 'toz şeker', 'süt', 'un', 'kabartma tozu', 'vanilin', 'sıvı yağ']","['Yumurtaları derince bir kaba kırın ve toz şekeri ekledikten sonra bir mikser ile 10 dakika boyunca çırpın.\xa0Krema kıvamına gelen karışıma sıvı yağı ve sütü ekleyip bir spatula ile karıştırın.', 'Üstüne unu, kabartma tozunu ve vanilini de ekledikten sonra tekrar karıştırın ve sıvı yağ ile yağladığınız bir kek kalıbına hazırladığınız karışımı dökün.', 'Önceden ısıtılmış 180 derecelik fırında 40 dakika kadar pişirin.\n\n&nbsp;', 'Kek kürdan testini geçince fırından alın ve tamamen soğuduktan sonra kalıbı ters çevirerek kalıptan çıkarın.', 'Dilimleyerek servis edin.\xa0 Afiyetler olsun!']",TATLI KEK,239b56,/tarif/tatli-kek/,"['Kek', 'Tatlı Kek']",['çay saati'],['Çay Saati'],['Fırın'],['Vejetaryen'],False,2400,900,2022-03-10T07:30:22Z,4.0,1356751,3356,False,False,True,0,,0,,,,2014/07/sade-kek-tarifi-yeni.jpg,0,0,https://cdn.yemek.com/mnresize/940/940/uploads/2014/07/sade-kek-tarifi-yeni.jpg,940,940,False,https://cdn.yemek.com/mncrop/300/200/uploads/2014/07/sade-kek-tarifi-yeni.jpg,300,200,True,https://cdn.yemek.com/mncrop/940/625/uploads/2014/07/sade-kek-tarifi-yeni.jpg,940,625,True,https://cdn.yemek.com/mncrop/620/388/uploads/2014/07/sade-kek-tarifi-yeni.jpg,620,388,True,https://cdn.yemek.com/mncrop/600/315/uploads/2014/07/sade-kek-tarifi-yeni.jpg,600,315,True,['fırın'],,,,,
199,183,Cemre Özgüzel,https://cdn.yemek.com/author/109/20200211010242_avatar.jpg,/profil/cemre-ozguzel/,Pastane Usulü: Un Kurabiyesi,Un Kurabiyesi,/tarif/un-kurabiyesi/,15 dk,25 dk,"<p>Kıyır kıyır dediğimiz <a href=""https://yemek.com/kurabiye-tarifleri/"" target=""_blank"">kurabiye tarifleri</a>nin şahı un kurabiyesidir. Uzun süre bozulmadan dayanabilmesi de bu lezzetli ve pratik kurabiyeyi popüler kılan noktalardan biridir. Kolay un kurabiyesi yapımında pudra şekeri elenerek servis edildiği için tarifinde çok az miktarda şeker kullanılır. Ağza gelmemesi için pudra şekeri tercih edilir. Hem kıvamı hem de dokusuyla, enfes mi enfes <strong>un kurabiyesi tarifi</strong> karşınızda!</p>
<p>""<a href=""https://yemek.com/agizda-dagilan-kurabiye-nasil-yapilir/"" target=""_blank"">Ağızda dağılan un kurabiyesi nasıl yapılır?</a>"" diyenler tarifin detaylarında açıklamalı anlatımını bulacak. Basit ve gerçek un kurabiyesinin tüm malzemeleri, yapılış adımları ve videosu ise hemen aşağıda. Hazırsanız en güzel un kurabiyesini yapmak için çalışmalara başlayalım! ''Un kurabiyesi tarifi nasıl yapılır?'' diyenlerinizi tarifimize alalım. Şimdiden ellerinize sağlık diyor, kolaylığı ve <strong>ağızda dağılan lezzetiyle un kurabiyesi</strong> <a href=""https://yemek.com/tarif/"" target=""_blank"">tarifi</a> karşınızda!</p>
",recipe,"['yumurta', 'un', 'vanilya', 'kabartma tozu', 'pudra şekeri', 'pudra şekeri', 'buğday nişastası', 'oda sıcaklığında tereyağı', 'sıvı yağ']","['Un kurabiyesi için 200 gram oda sıcaklığında bekletilmiş tereyağını derin bir yoğurma kasesine aktarın.', 'Üzerine 1 adet yumurta ve 1 çay bardağı sıvı yağını da ekledikten sonra pürüzsüz bir kıvam olana kadar çırpın.', '1 su bardağı pudra şekeri, 5 yemek kaşığı buğday nişastası, 1 paket kabartma tozu, 1 paket vanilin ve 3 su bardağı unu azar azar ekleyin.', 'Ele yapışmayacak kıvamda bir hamur elde edene kadar yoğurun.', 'Kurabiye hamurundan büyükçe bir parça alın ve tezgahın üzerinde yuvarlayarak 2 parmak kalınlığında rulo şekline getirin.', 'Kenar kısımlarını kesin. Ardından üzerinden çatal yardımıyla geçerek şekil verin.', 'Bıçak yardımıyla 3 parmak genişliğinde parçalar kesin. Fırın tepsisine aktarın.', 'Üzerleri hafif kızarıp renk alana kadar önceden ısıtılmış 170 derece fırında 15 dakika kadar pişirin.', 'Soğuttuktan sonra pudra şekeri eleyin.', 'Ardından un kurabiyelerini servis edin. Afiyetler olsun!']",TATLI KURABİYE,239b56,/tarif/tatli-kurabiyeler/,"['Kurabiye', 'Video', 'Tatlı Kurabiye']",['çay saati'],['Çay Saati'],['Fırın'],,False,900,1500,2022-04-01T07:45:01Z,4.0,1330455,3412,False,True,True,0,,0,,,,2022/04/un-kurabiyesi-onecikan-yeni.jpg,0,0,https://cdn.yemek.com/mnresize/940/940/uploads/2022/04/un-kurabiyesi-onecikan-yeni.jpg,940,940,False,https://cdn.yemek.com/mncrop/300/200/uploads/2022/04/un-kurabiyesi-onecikan-yeni.jpg,300,200,True,https://cdn.yemek.com/mncrop/940/625/uploads/2022/04/un-kurabiyesi-onecikan-yeni.jpg,940,625,True,https://cdn.yemek.com/mncrop/620/388/uploads/2022/04/un-kurabiyesi-onecikan-yeni.jpg,620,388,True,https://cdn.yemek.com/mncrop/600/315/uploads/2022/04/un-kurabiyesi-onecikan-yeni.jpg,600,315,True,['fırın'],,,,,
200,121,Cemre Özgüzel,https://cdn.yemek.com/author/109/20200211010242_avatar.jpg,/profil/cemre-ozguzel/,"Kolay, Pratik, Tam Kıvamında: Kakaolu Kek",Kakaolu Kek,/tarif/kakaolu-kek/,35 dk,10 dk,"<p>Bir parça kakaolu <a href=""https://yemek.com/tarif/kek/"" target=""_blank"">kek</a>; göz doldurur, iştah açar, <a href=""https://yemek.com/tarif/iced-latte/"" target=""_blank"">kahvenin</a> yanında iyi gider, misafir kurtarır, evlat sevindirir, anne özlemini artırır. On diliminde on marifet kakaolu kek, yapması da kolay olduğundan öğrencilerin de yapabilecekleri en nefis ve pratik <a href=""https://yemek.com/tarif/kek/"" target=""_blank"">kek tariflerinden</a> biri.</p>
<p>Kek denince akla gelen ilk <a href=""https://yemek.com/tarif/tatli-kek/"" target=""_blank"">tatlı kek</a> tarif olan <a href=""https://yemek.com/kakaolu-kek-tarifleri/"" target=""_blank"">kakaolu kek tarifi</a>ni en kolay, pratik ve tam kıvamında bir şekilde yapmak mümkün! Bu pratik kakaolu kek yumuşacık ve yaptığınız en güzel kakaolu kek tarifi olacak.</p>
<p>Kakaolu kek <a href=""https://yemek.com/tarif/"" target=""_blank"">tarif</a>imizin videosu hemen aşağıda, afiyet olsun!</p>
",recipe,"['yumurta', 'toz şeker', 'süt', 'un', 'vanilya', 'kabartma tozu', 'kakao', 'maden suyu', 'sıvı yağ']","['Yumurtaları ve toz şekeri derin bir kapta, bir mikser yardımıyla şeker eriyene kadar çırpın.', 'Ardından sıvı yağ, süt ve\xa0 sodayı da üzerine ekleyip çırpmaya devam edin.', 'Kek harcına unu ve kakaoyu azar azar ilave edin. Kabartma tozu ve vanilini de ekledikten sonra spatula yardımıyla, pürüzsüz bir harç elde edene kadar karıştırmaya devam edin.', 'Hazırladığınız kakaolu kek karışımını yağladığınız kek kalıbına dökün.', 'Önceden ısıtılmış 180 derece fırında 30-35 dakika kadar pişirin. İçini çekmesi için beklettiğiniz keki, ılınınca kalıbından çıkartın.', 'Üzerine pudra şekeri serperek servis edin.']",TATLI KEK,239b56,/tarif/tatli-kek/,"['Kek', 'Video', 'Tatlı Kek']","['ekonomik', 'ara öğün']",['Çay Saati'],['Fırın'],['Ekonomik'],False,2100,600,2020-11-19T10:43:04Z,4.0,1321844,5041,False,True,True,0,,0,,,,2019/03/kakaolu-kek-one-cikan-yeni.jpg,0,0,https://cdn.yemek.com/mnresize/940/940/uploads/2019/03/kakaolu-kek-one-cikan-yeni.jpg,940,940,False,https://cdn.yemek.com/mncrop/300/200/uploads/2019/03/kakaolu-kek-one-cikan-yeni.jpg,300,200,True,https://cdn.yemek.com/mncrop/940/625/uploads/2019/03/kakaolu-kek-one-cikan-yeni.jpg,940,625,True,https://cdn.yemek.com/mncrop/620/388/uploads/2019/03/kakaolu-kek-one-cikan-yeni.jpg,620,388,True,https://cdn.yemek.com/mncrop/600/315/uploads/2019/03/kakaolu-kek-one-cikan-yeni.jpg,600,315,True,['fırın'],,,,,
201,302,Yasemin Özaltın,https://cdn.yemek.com/author/35533/20181219061403_avatar.jpg,/profil/yasemingursurer/,"Tüm Püf Noktalarıyla, Kolay: Şekerpare",Şekerpare,/tarif/sekerpare/,25 dk,30 dk,"<p>İrmik ile tatlanıp, kıtır bir kıvam alan tatlılarımızdan o. Evet doğru bildiniz, bayram tatlılarının da başında gelen, <a href=""https://yemek.com/tarif/serbetli-tatlilar/"" target=""_blank"">şerbetli tatlı</a> tariflerinin en sevilenlerinden şekerpare tarifinden bahsediyoruz. Pastanelerde yediğinizde tadı damağınızda kalan <strong>gerçek şekerparelerin sırları</strong>nı aldık, üzeri nefis bir şekilde kızarmış, şerbetini tam kıvamında çekmiş muhteşem bir şekerpare tatlısı hazırladık. Bu keyfe ortak olmak ve 'Şekerpare nasıl yapılır?', ""<strong>Şekerpare şerbeti nasıl yapılır?</strong>"" sorularına cevap bulmak, ""En güzel şekerpare <a href=""https://yemek.com/tarif/tatli/"" target=""_blank"">tatlısı</a> tarifini aradım aradım ama bulamadım"" diyenlerin derdine tam ölçülü ve ev yapımı bir şekerpare tarifiyle çözüm olmak istedik. İşte karşınızda, tüm püf noktalarıyla: Şekerpare <a href=""https://yemek.com/tarif/"" target=""_blank"">tarif</a>i!</p>
<p><a href=""https://yemek.com/tarif/sekerpare-2/"" target=""_blank"">Şekerpare tarifini </a>hazırlamak pek kolay, sonrası tam bir keyif... Üzerine mini mini fındıklar konan tatlılar fırında hafif bir renk alana kadar kızaracak, fırından çıkan sıcak tatlılar önceden hazırlanan soğuk şerbet azar azar eklenecek. Videolu, denenmiş en güzel şekerpare tarifi karşınızda!</p>
<p><a href=""https://yemek.com/ramazan-tatlilari/"" target=""_blank"">Ramazan sofralarında</a>, iftarda olmazsa olmaz tatlılardan biri olan şekerpare tatlısını yaparken işin biraz daha kolayına kaçmak isteyenler <a href=""https://yemek.com/tarif/kolay-sekerpare"" target=""_blank"">kolay şekerpare tarifimize</a>, klasik şekerpare tatlısı tarifi için de videolu tarifimizi davetlisiniz.</p>
",recipe,"['yumurta', 'toz şeker', 'un', 'kabartma tozu', 'su', 'irmik', 'pudra şekeri', 'fındık', 'limonun suyu', 'vanilin', 'Hindistan cevizi', 'margarin veya tuzsuz tereyağı']","['Şekerpare için öncelikle şerbeti hazırlıyoruz. 3 su bardağı suya 2 su bardağı şeker ekleyip karıştırıyoruz ve kaynamaya bırakıyoruz.', 'Kaynayan şerbetin içerisine bir iki damla limon suyu sıktıktan sonra koyu bir şerbet kıvamını alana kadar kısık ateşte bırakıyoruz ve ocaktan aldıktan sonra şerbeti ılımaya bırakıyoruz.', 'Hamurunu hazırlamak için derin bir karıştırma kasesine 1 su bardağı pudra şekeri, 125 gram margarin, 2 yumurta, 2 yemek kaşığı hindistan cevizi, 1 paket vanilin, 1 paket kabartma tozu, 4 yemek kaşığı irmik ve azar azar unu koyup güzelce yoğuruyoruz.', 'Yoğurduğumuz hamuru 15 dakika buzdolabında dinlendirdikten sonra cevizden biraz daha büyük parçalar koparıp elimizle yuvarlak şekil veriyoruz ve pişirme kağıdı serili fırın tepsisin üzerine aralıklı olarak yerleştiriyoruz.', 'Fındıkları şekerparelerin tam ortasına bastırarak yerleştiriyoruz.', 'Şekerpareleri önceden ısıtılmış 180 derece fırında 25 dakika pişiriyoruz.', 'Kurabiyeler sıcak şerbeti de soğukken şerbetini döküyoruz. Şerbeti de döktükten sonra iyice çekmesi için bekliyoruz ve servis ediyoruz. Afiyetler olsun!']",ŞERBETLİ TATLI,239b56,/tarif/serbetli-tatlilar/,"['Hamur İşi', 'Tatlı', 'Şerbetli Tatlı', 'Ramazan', 'Video']",['çay saati'],['Çay Saati'],"['Fırın', 'Tencere']",,False,1500,1800,2022-03-18T13:00:52Z,4.0,1282307,4569,False,True,True,0,,0,,,,2014/07/sekerpare-ytk-site.jpg,0,0,https://cdn.yemek.com/mnresize/940/940/uploads/2014/07/sekerpare-ytk-site.jpg,940,940,False,https://cdn.yemek.com/mncrop/300/200/uploads/2014/07/sekerpare-ytk-site.jpg,300,200,True,https://cdn.yemek.com/mncrop/940/625/uploads/2014/07/sekerpare-ytk-site.jpg,940,625,True,https://cdn.yemek.com/mncrop/620/388/uploads/2014/07/sekerpare-ytk-site.jpg,620,388,True,https://cdn.yemek.com/mncrop/600/315/uploads/2014/07/sekerpare-ytk-site.jpg,600,315,True,['fırın'],,,,,
202,3178,Cemre Özgüzel,https://cdn.yemek.com/author/109/20200211010242_avatar.jpg,/profil/cemre-ozguzel/,Oldu Bile: Üç Malzemeli Kurabiye,Üç Malzemeli Kurabiye,/tarif/uc-malzemeli-kurabiye/,20 dk,15 dk,"<p>Ayçiçek yağı, elenmiş un ve toz krem şanti. Sadece üç malzemeyle hazırlanan <a href=""https://yemek.com/tarif/un-kurabiyesi/"" target=""_blank"">un kurabiyesi</a> gevrekliğinde pratik ve ekonomik bir <a href=""https://yemek.com/tarif/kurabiye/"" target=""_blank"">kurabiye tarifi</a>. Siz çayı demleyene kadar onlar pişmiş hatta dinlenmiş olacak, mutfağı mis gibi kurabiye kokusu saracak. Sonrası tam anlamıyla keyif.</p>
<p>Dilerseniz hazırladığınız hamuru atın buzdolabına 30 dakika dinlendirin elinizle gelişi güzel minik yuvarlaklar yaparak pişirin isterseniz de kaşık yardımıyla tepsiye dizin. Karar sizin.</p>
<p>Kurabiye canavarları da sizi sevecek. Afiyetler olsun.</p>
",recipe,"['ayçiçek yağı', 'un', 'toz krem şanti']","['1 su bardağı ayçiçek yağını derin bir karıştırma kabına alın.', '1 paket toz krem şantiyi ve unun 1 bardaklık kısmını ilave ederek karıştırmaya başlayın.', '2 su bardağı unu da azar azar ilave edin ve yumuşak, ele yapışmayan bir hamur elde edene kadar yoğurun.', 'Kıvam alan hamurunuzdan ceviz büyüklüğünde parçalar alın ve elinizle yuvarlayarak şekil verin. Ardından yağlı kağıt serili bir fırın tepsinin üzerine kurabiyelerinizi aktarın. 175 derecede ısıtılmış fırında rengi hafif değişene kadar 15-20 dakika arası pişirin.', 'Çıkarıp oda sıcaklığında soğuttuktan sonra afiyetle tüketin.']",TATLI KURABİYE,239b56,/tarif/tatli-kurabiyeler/,"['Kurabiye', 'Video', 'Tatlı Kurabiye']",['pratik yemek tarifleri'],['Çay Saati'],['Fırın'],,False,1200,900,2015-08-10T11:18:13Z,4.0,1278903,3887,False,True,False,0,,0,,,,2015/08/uc-malzemeli-kurabiye-yemekcom.jpg,0,0,https://cdn.yemek.com/mnresize/940/940/uploads/2015/08/uc-malzemeli-kurabiye-yemekcom.jpg,940,940,False,https://cdn.yemek.com/mncrop/300/200/uploads/2015/08/uc-malzemeli-kurabiye-yemekcom.jpg,300,200,True,https://cdn.yemek.com/mncrop/940/625/uploads/2015/08/uc-malzemeli-kurabiye-yemekcom.jpg,940,625,True,https://cdn.yemek.com/mncrop/620/388/uploads/2015/08/uc-malzemeli-kurabiye-yemekcom.jpg,620,388,True,https://cdn.yemek.com/mncrop/600/315/uploads/2015/08/uc-malzemeli-kurabiye-yemekcom.jpg,600,315,True,,,,,,
203,2526,Yasemin Özaltın,https://cdn.yemek.com/author/35533/20181219061403_avatar.jpg,/profil/yasemingursurer/,Yumuşacık Etlerin Sırlarıyla: Hünkar Beğendi,Hünkar Beğendi,/tarif/hunkar-begendi/,1 sa,1 sa,"<p>Saray mutfağının önde gelen, hünkarın da midesini fetheden <a href=""https://yemek.com/tarif/"" target=""_blank"">yemek tariflerinden</a> biri hünkar beğendi. Pratik bir yemek tarifi sayılan, aşamaları biraz fazla olsa da lezzetli ana yemeklerden biri o! Tereyağında kavrulmuş un ve soğuk süt ilavesiyle hazırlanan beğendi bir yana dursun kısık ateşte pişen bol soğanlı et karışımı onu diğerlerinden ayırıyor. Karşınıza her haliyle övgüleri toplayacak, <a href=""https://yemek.com/tarif/et/"" target=""_blank"">et yemeklerinin</a> en görkemlisi hünkar beğendi yemeği çıkıyor.</p>
<p>Hünkarımızın bir bildiği olmalı diyerek sizi adım adım resimli ve videolu anlattığımız<strong> hünkar beğendi kebabı</strong> tarifimize alalım. ""<strong>Hünkar beğendinin yanına ne yapılır?</strong>"" diye soranlar için de cevabımız hemen tarifin sonunda. Şimdiden ellerinize sağlık diyor, lezzetine doyum olmaz hünkar beğendi tarifimize buyur ediyoruz. Yaptığım tarif en kusursuz haliyle olsun derseniz de <a href=""https://yemek.com/tarif/kusursuz-hunkar-begendi/"" target=""_blank"">kusursuz hünkar beğendi</a> tarifimize bekleriz. Keyfi ve lezzeti bol bol olsun. Afiyetler olsun!</p>
",recipe,"['tereyağı', 'sıcak su', 'tuz', 'tuz', 'süt', 'un', 'sarımsak', 'zeytinyağı', 'domates salçası', 'taze çekilmiş tane karabiber', 'kaşar peyniri', 'orta boy kuru soğan', 'orta boy domates', 'orta boy patlıcan', 'kuzu but (arzuya göre dana eti)']","['Hünkar beğendi tarifi için 4 adet orta boy patlıcana bıçakla delikler açın ve fırın tepsisine alın. 200 derecede yaklaşık 20 dakika fırınlayın.', 'Fırınlanmış patlıcanları bir kaba alın ve kabuklarının kolay soyulması için üzerini streçleyip, 15 dakika kadar bekledikten sonra kabukları soyun.', 'Bir tavada 3 yemek kaşığı zeytinyağını kızdırın. 2 adet yemeklik doğranmış kuru soğanı da üzerine ilave edip pembeleşinceye kadar kavurun.', '4 diş doğranmış sarımsağı da üzerine ekledikten sonra 600 gram kuşbaşı dana veya kuzu etini ilave edin.', ""Etler suyunu salıp çekene kadar pişmeye bırakın. 1 yemek kaşığı domates salçası, 1'er çay kaşığı tuz ve karabiber, 3 adet soyulmuş, doğranmış domates ekleyin."", '2 su bardağı sıcak su ekleyip etler yumuşayana kadar pişmeye bırakın.', 'Şimdi de beğendiyi hazırlayalım. 1 yemek kaşığı tereyağını bir tavada eritin. 1,5 yemek kaşığı unu üzerine ilave edip kokusu çıkana kadar kavurun.', ""Üzerine fırınladığınız ve kabuklarını soyduğunuz patlıcanları ekleyin. 1,5 su bardağı sütü de üzerine yavaş yavaş ilave edin ve sürekli olarak karıştırın. 1'er çay kaşığı tuz ve karabiberi de ekleyin."", 'Sonra son olarak yarım su bardağı rendelenmiş kaşar peyniri ekleyin ve karıştırıp ocaktan alın.', 'Beğendinin üzerine yumuşacık pişmiş etleri serpiştirin ve servis edin. Hünkar beğendi yemeği hazır, afiyet olsun!']",ET,239b56,/tarif/et/,"['Et', 'Ramazan', 'Video', 'Mevsiminde']","['akşam yemeği', 'öğle yemeği']","['Öğle Yemeği', 'Akşam Yemeği']",['Tencere'],['Ekonomik'],False,3600,3600,2021-03-22T08:32:29Z,4.0,1273470,10647,False,True,True,0,,0,,,,2021/03/hunkar-begendi-son-yemekcom.jpg,0,0,https://cdn.yemek.com/mnresize/940/940/uploads/2021/03/hunkar-begendi-son-yemekcom.jpg,940,940,False,https://cdn.yemek.com/mncrop/300/200/uploads/2021/03/hunkar-begendi-son-yemekcom.jpg,300,200,True,https://cdn.yemek.com/mncrop/940/625/uploads/2021/03/hunkar-begendi-son-yemekcom.jpg,940,625,True,https://cdn.yemek.com/mncrop/620/388/uploads/2021/03/hunkar-begendi-son-yemekcom.jpg,620,388,True,https://cdn.yemek.com/mncrop/600/315/uploads/2021/03/hunkar-begendi-son-yemekcom.jpg,600,315,True,"['tencere', 'bol proteinli', 'bol lifli']",,"['Haziran', 'Temmuz', 'Ağustos']",,,
204,134,Yasemin Özaltın,https://cdn.yemek.com/author/35533/20181219061403_avatar.jpg,/profil/yasemingursurer/,Tüm Püf Noktalarıyla: Mercimek Köftesi,Mercimek Köftesi,/tarif/mercimek-koftesi/,20 dk,30 dk,"<p>Altın günlerinin vazgeçilmez lezzeti, bekarların ve öğrenci evlerinin gözdesi mercimekli köfte pratik olmasının yanı sıra besleyici ve lezzetli bir <a href=""https://yemek.com/tarif/"" target=""_blank"" rel=""noopener"">tarif</a>. <strong>Tam ölçülü, tam kıvamında mercimek köftesi</strong> nasıl yapılır diye merak edenlerden en güzel mercimek köftesi tarifini henüz bulamamış olanlara tüm püf noktalarıyla pratik tariflerin gözdesi mercimek köftesi karşınızda!</p>
<p>Mercimek köftesi sunumunu, mercimek köftesinin yanına ne gider ya da <strong>mercimek köftesi cıvık olursa</strong> ne yapılmalı sorularının cevabını artık başka yerde aramanız gerek yok. Çünkü en güzelini annenin yaptığı mercimek köftesi için mutfağa girerek biraz da biz hünerlerimizi göstereceğiz bugün. Güzel annelerimize selamlar yollayacağız bu tarifle.</p>
<p>Mercimek köftesi videomuzu aşağıya bırakıyoruz, afiyetler olsun şimdiden! <img class=""wp-smiley img-responsive"" src=""https://cdn.yemek.com/assets/images/smiley/smile.png""></p>
<p>Mercimek köftesini sevenler bunları da sevdi: <a href=""https://yemek.com/tarif/kisir"" target=""_blank"" rel=""noopener"">Kısır Tarifi</a></p>
<p>Klasik mercimekli köfte tariflerinden sıkılanlar, çıtır çıtır dokusuyla <a href=""https://yemek.com/tarif/firinda-mercimek-kofte/"" target=""_blank"" rel=""noopener"">fırında mercimekli köfte</a> tarifiyle misafirlerinizi şaşırtıyor.</p>",recipe,"['kırmızı mercimek', 'kuru soğan', 'biber salçası', 'sıcak su', 'tuz', 'pul biber', 'maydanoz', 'zeytinyağı', 'karabiber', 'domates salçası', 'ince bulgur', 'taze soğan', 'kimyon']","['<p>Mercimek köftesi için bol suda yıkadığınız kırmızı mercimeği sıcak suda kaynatın.</p>', '<p>Suyunu çekmeye yakın ince bulguru ekleyin, mercimeği ocaktan alın.</p>', '<p>Üzerine ince bulguru ekleyin.</p>', '<p>Kapağını kapattığınız tencerede ince bulguru şişmesi için mercimekle birlikte 15 dakika kadar bekletin.</p>', '<p>Zeytinyağını bir tavada kızdırın.</p>', '<p>Kuru soğanları küçük küpler halinde doğrayın ve tavaya aktarın.</p>', '<p>Doğradığınız soğanları 5 dakika kadar kavurun.</p>', '<p>Sırasıyla; biber salçası, domates salçası, tuz, pul biber ve kimyonu ekleyin.</p>', '<p>Soğanlı karışımı 3-4 dakika kadar kavurun.</p>', '<p>Şişen bulgurlu ve mercimekli harca salçalı, soğanlı harcı ekleyin.</p>', '<p>Taze soğanları ve maydanozu ince ince kıyın.\xa0 Doğranmış yeşillikleri ilave edin.</p>', '<p>Malzemeleri yoğurmaya başlayın.</p>', '<p>Tüm malzemeyi özleşene kadar yoğurun.</p>', '<p>Hazırladığınız harçtan ceviz büyüklüğünde parçalar alın ve avuç içinizde sıkarak şekil verin.</p>', '<p>Servis tabağına aldığınız mercimek köftelerini arzu ettiğiniz yeşilliklerle servis edin. Sevdiklerinizle paylaşın.</p>']",MEZE,239b56,/tarif/mezeler/,"['Özel Beslenme', 'Vejetaryen', 'Atıştırmalık', 'Meze', 'Vegan', 'Video', 'Tuzlu Atıştırmalık', 'Bakliyat']",,"['Öğle Yemeği', 'Çay Saati']","['Tencere', 'Tava']","['Vejetaryen', 'Bol Proteinli']",False,1200,1800,2022-03-10T11:30:12Z,4.0,1537793,11735,False,True,True,0,,0,,,,2014/06/mercimek-koftesi-yeni-ytk.jpg,0,0,https://cdn.yemek.com/mnresize/940/940/uploads/2014/06/mercimek-koftesi-yeni-ytk.jpg,940,940,False,https://cdn.yemek.com/mncrop/300/200/uploads/2014/06/mercimek-koftesi-yeni-ytk.jpg,300,200,True,https://cdn.yemek.com/mncrop/940/625/uploads/2014/06/mercimek-koftesi-yeni-ytk.jpg,940,625,True,https://cdn.yemek.com/mncrop/620/388/uploads/2014/06/mercimek-koftesi-yeni-ytk.jpg,620,388,True,https://cdn.yemek.com/mncrop/600/315/uploads/2014/06/mercimek-koftesi-yeni-ytk.jpg,600,315,True,,,,,,
205,13732,ipeksare,https://cdn.yemek.com/author/262494/20200820091315_avatar.jpg,/profil/ipeksare/,Bol Malzemeli: Ev Usulü Pizza,Ev Usulü Pizza,/tarif/ev-usulu-pizza/,30 dk,30 dk,"<p>Hafif kabarmış bir hamuru ve bol bol malzemesiyle <a href=""https://yemek.com/tarif/pizza/"" target=""_blank"">pizzaların</a> en güzellerinden biridir ev usulü pizza.</p>
<p>Dışarıda bayılarak yediğimiz pizzaları aslında evinizde de çok kolay bir şekilde yapabilirsiniz. Eğer siz de ""<strong>Evde pizza nasıl yapılır?</strong>"" diyorsanız fırında pişen, bu kolay ve pratik karışık pizza tarifini çok sevecek, her fırsatta yapmak isteyeceksiniz.</p>
<p>Lezzetine doyum olmaz bu pizza tarifinin sırrı hamurunda saklı. Bu şekilde ağzınıza attığınızda yumuşacık dokusuyla sizi çok mutlu edecek, bol bol malzemesiyle de damaklarınızı şenlendirecek bir tarife dönüşüyor. ""<strong>Pizza hamuru nasıl yapılır?</strong>"" diye soranlara da adım adım resimli anlatımıyla tam kıvamında bir <a href=""https://yemek.com/tarif/pizza-hamuru/"" target=""_blank"">pizza hamuru</a> tarifi hazırladık, püf noktalarını da <a href=""https://yemek.com/pizza-hamuru-yapmanin-puf-noktalari/"" target=""_blank"">şurada</a> anlattık. Mutlaka göz atın deriz.</p>
<p>Ev yapımı pizza tarifinin adım adım resimli tarifi karşınızda!</p>
",recipe,"['tuz', 'toz şeker', 'un', 'sarımsak', 'zeytinyağı', 'zeytinyağı', 'fesleğen', 'rendelenmiş kaşar peyniri', 'kekik', 'ılık su', 'konserve mısır', 'kuru maya', 'sucuk', 'domates sos', 'biber', 'zeytin', 'rendelenmiş mozarella peyniri']","['Bir kabın içerisine kuru mayayı dökün ve üzerine ılık su ve şekeri ekleyerek güzelce karıştırın.', 'Daha sonra mayalı karışıma zeytinyağını ve tuzu ekleyip tahta kaşıkla karıştırın.', 'Unu azar azar ekleyin.', 'Hamur kıvama gelince elinizle yoğurmaya başlayın ve ele yapışmayan, yumuşak bir hamur haline gelene kadar yoğurmaya devam edin.', 'Hamur istediğiniz yumuşaklığa ulaşınca, kabın üzerini bir streç film ile kaplayıp en az 30 dakika hamurunuzu dinlendirin.', 'Dinlenen hamurunuzu un serptiğiniz tezgaha alıp, katlayarak havasını çıkarın.\xa0Hamuru toparlayıp, 2 ya da 3 parçaya ayırın. İnce hamurlu ve orta boy pizza yapmak istiyorsanız hamurunuzu 3’e bölün. Daha büyük ve kalın hamurlu 2 pizza yapmak istiyorsanız, ikiye bölebilirsiniz.', 'Kestiğiniz parçayı beze haline getirip un serptiğiniz tezgahın üzerinde merdane yardımıyla açın.', 'Dilediğiniz inceliğe ulaştığınızda pişirme kağıdı serdiğiniz tepsinin üzerine alın. Bir çatal yardımıyla pizza hamurunun üzerinde delikler açın ve önceden ısıtılmış 200 derece fırında 10 dakika pişirin.', 'Pizza sosunu, domates sosuna, fesleğen, kekik, sarımsak ve zeytinyağı ekleyerek hazırlayabilirsiniz.', '10 dakika sonra hafif pişen hamuru fırından çıkarıp, hazırladığınız domates sosundan üzerine sürün.', 'Pizza sosunun üzerine bolca rendelenmiş kaşar ya da mozarella peyniri yerleştirdikten sonra üzerine dileğiniz malzemeleri ekleyin. Malzemeleri yerleştirdikten sonra en üste tekrar rendelenmiş kaşar ekleyin.', 'Tekrar fırına koyun ve 20 dakika daha pişirin. Peynirler güzelce eriyip tüm malzemeler piştiğinde pizzanızı fırından çıkarabilirsiniz.', 'Pizza kesiciyle dilimleyip tüketebilirsiniz.', 'Afiyet olsun!']",PİZZA,239b56,/tarif/pizza/,"['Hamur İşi', 'Pizza']","['akşam yemeği', 'kahvaltı', 'öğle yemeği']","['Öğle Yemeği', 'Akşam Yemeği']",['Fırın'],,False,1800,1800,2022-03-11T10:00:52Z,4.0,1518606,6252,False,True,True,0,,0,,,,2022/03/ev-usulu-pizza-yemekcom.jpg,0,0,https://cdn.yemek.com/mnresize/940/940/uploads/2022/03/ev-usulu-pizza-yemekcom.jpg,940,940,False,https://cdn.yemek.com/mncrop/300/200/uploads/2022/03/ev-usulu-pizza-yemekcom.jpg,300,200,True,https://cdn.yemek.com/mncrop/940/625/uploads/2022/03/ev-usulu-pizza-yemekcom.jpg,940,625,True,https://cdn.yemek.com/mncrop/620/388/uploads/2022/03/ev-usulu-pizza-yemekcom.jpg,620,388,True,https://cdn.yemek.com/mncrop/600/315/uploads/2022/03/ev-usulu-pizza-yemekcom.jpg,600,315,True,['fırın'],,,,,
206,180,Yasemin Özaltın,https://cdn.yemek.com/author/35533/20181219061403_avatar.jpg,/profil/yasemingursurer/,20 Dakikada Buzlukta: Mozaik Pasta,Mozaik Pasta,/tarif/mozaik-pasta/,20 dk,20 dk,"<p>Biz çocukken mutfaktaki hummalı çalışmanın sonucu annelerimizin lezzetli ellerinden tüm ömrümüz boyunca unutamayacağımız kadar lezzetli <a href=""https://yemek.com/tarif/tatli/"" target=""_blank"">tatlılar</a>, <a href=""https://yemek.com/tarif/pasta-tatli/"" target=""_blank"">pastalar</a> çıkardı. Bu pasta hiç şüphesiz mozaik pastanın ta kendisiydi! Bu kolay mozaik pasta, küçük büyük herkesin bayılarak yediği lezzeti her daim garantili olan oldukça kolay ve pratik bir <a href=""https://yemek.com/tarif/"" target=""_blank"">tarif</a>. Hadi gelin bisküvili mozaik pastanın sırlarını bir bir anlatalım size. Anılarımıza doğru tatlı bir yolculuğa çıkaran, <strong>petibör bisküvili</strong> mozaik pasta tarifiyle karşınızdayız!</p>
<p>Bisküvi, tereyağı, toz şeker ve kakaonun bir araya gelip yaptığı en lezzetli pasta tariflerinden biri o. Biz bu kez farklı malzemeler ekleyerek <strong>klasik mozaik pasta</strong> tarifinin tadına da tat kattık. Bu üçgen mozaik pastanın yapımı o kadar kolay, pratik ve bir o kadar lezzetli ki...</p>
<p>Hadi o zaman! Buyursunlar en güzel mozaik pasta tarifine ve yapılış adımlarını gösteren mozaik pasta videomuza. <img src=""https://cdn.yemek.com/assets/images/smiley/smile.png"" class=""wp-smiley img-responsive"" /></p>
",recipe,"['süt', 'kakao', 'pudra şekeri', 'tereyağ', 'Hindistan cevizi', 'petibör bisküvi']","['Tereyağını eritin.', 'Pudra şekerini karıştırma kabına aktarın.\xa0Pudra şekerinin üzerine erittiğiniz tereyağını ve sütü dökün.\xa0Kakaoyu da ilave edin.', 'Malzemeleri çırpın.', 'Üzerine bisküvileri kırın.', 'Bisküvileri de koyduktan sonra tüm malzemeleri spatula yardımıyla nazikçe karıştırın.', 'Servis edeceğiniz kalıbın içini streç film ile kaplayın.', 'Tüm harcı ekleyin ve üzerini kapatın.', 'Buzdolabının dondurucu bölümünde 4 saat bekletin. Hindistan cevizi serpin. Dilimleyerek soğuk olarak servis edin.', 'Afiyet olsun!']",PASTA,239b56,/tarif/pasta-tatli/,"['Tatlı', 'Pasta', 'Video']","['ara öğün', 'çay saati']",['Çay Saati'],['Tencere'],['Ekonomik'],False,1200,1200,2022-03-18T14:40:39Z,4.0,1512620,8912,False,True,True,0,,0,,,,2022/03/mozaik-pasta-tarifi-yemekcom.jpg,0,0,https://cdn.yemek.com/mnresize/940/940/uploads/2022/03/mozaik-pasta-tarifi-yemekcom.jpg,940,940,False,https://cdn.yemek.com/mncrop/300/200/uploads/2022/03/mozaik-pasta-tarifi-yemekcom.jpg,300,200,True,https://cdn.yemek.com/mncrop/940/625/uploads/2022/03/mozaik-pasta-tarifi-yemekcom.jpg,940,625,True,https://cdn.yemek.com/mncrop/620/388/uploads/2022/03/mozaik-pasta-tarifi-yemekcom.jpg,620,388,True,https://cdn.yemek.com/mncrop/600/315/uploads/2022/03/mozaik-pasta-tarifi-yemekcom.jpg,600,315,True,,,,,,
207,29467,Yasemin Özaltın,https://cdn.yemek.com/author/35533/20181219061403_avatar.jpg,/profil/yasemingursurer/,3-2-1 Ölçüsüyle: Bayatlamayan Kabartma Tozlu Poğaça,Bayatlamayan Kabartma Tozlu Poğaça,/tarif/bayatlamayan-kabartma-tozlu-pogaca/,15 dk,15 dk,"<p>Hem çok kolay, hem çok hızlı, hem de yemesi pek keyifli muhteşem bir <a href=""https://yemek.com/tarif/pogaca/"" target=""_blank"">poğaça</a>...Bayatlamayan kabartma tozlu poğaça tarifi, hazırlandıktan sonra tadına bakıp da beğenmeyenini, ikincisini istemeyenini zor bulursunuz. İçindeki malzemelerin miktarlarından dolayı “3-2-1 poğaça <a href=""https://yemek.com/tarif/"" target=""_blank"">tarif</a>i” diye de bilinen bu güzelliği hala denemeyenler varsa diye zevkle paylaşıyoruz.</p>
<p>3-2-1 poğaça tarifi, malzemeleri ile de ekonomik! İçinde 3 paket kabartma tozu, 2 bardak yoğurt ve 1 yumurta var. Kabartma tozu ne kadar da çokmuş acı olur o diyorsanız, hiç de öyle olmadığını, inanılmaz yumuşak, aşırı lezzetli olduğunu deneyince anlayacaksınız. Üstelik de bayatlamıyor, hoş gerçi bayatlamasını bekleyecek kadar uzun süre yemeden duramayacaksınız o da ayrı.  O zaman siz aşağıda yazan diğer malzemeleri de hazırlayıverin, <a href=""https://yemek.com/tarif/yumusak-pogaca/"" target=""_blank"">yumuşacık poğaça</a>mızı yapalım. Şimdiden afiyetler olsun.</p>
",recipe,"['tuz', 'toz şeker', 'un', 'kabartma tozu', 'yoğurt', 'yumurta sarısı', 'sirke', 'beyaz peynir', 'susam', 'yumurta beyazı', 'sıvı yağ']","['Bir yoğurma kabına; yağ, yoğurt ve yumurta beyazını alıp güzelce karıştırın.', 'Ardından kabartma tozları, tuz, şeker ve sirkeyi de ilave edip, tekrar karıştırın.', 'Unu azar azar ilave ederek yoğurmaya başlayın. Hafifçe ele yapışan bir hamur elde edeceksiniz.', 'Hazırladığınız hamurdan mandalinadan biraz küçük olacak parçalar kopartın. Elinizle yuvarlayın ve avucunuzla bastırıp yassılaştırın.', 'Yassılaştırdığınız hamur parçasının ortasına bir çatalla ezdiğiniz beyaz peynirden biraz koyun.', 'Kenarlarını birleştirip kapatın ve tekrar yuvarladıktan sonra yağlı kağıt serdiğiniz bir fırın tepsisine yerleştirin.', 'Tüm hamuru bu şekilde hazırlayıp tepsiye dizin.', 'Üstlerine bir fırça yardımıyla yumurta sarısı sürün ve susam serpin. Önceden ısıttığınız 200 derece fırında, üstleri kızarana dek yaklaşık 15 dakika pişirin.', 'Tepsiyi fırından aldıktan sonra ılıklaşmasını bekleyin ve ardından servis edin.']",POĞAÇA,239b56,/tarif/pogaca/,"['Hamur İşi', 'Kahvaltılık', 'Poğaça', 'Video']","['kahvaltı', 'çay saati']","['Kahvaltı', 'Çay Saati']",['Fırın'],['Vejetaryen'],False,900,900,2018-01-31T07:11:19Z,4.0,1443090,8543,False,True,False,0,,0,,,,2018/01/bayatlamayan-pofuduk-pogaca-yemekcom.jpg,0,0,https://cdn.yemek.com/mnresize/940/940/uploads/2018/01/bayatlamayan-pofuduk-pogaca-yemekcom.jpg,940,940,False,https://cdn.yemek.com/mncrop/300/200/uploads/2018/01/bayatlamayan-pofuduk-pogaca-yemekcom.jpg,300,200,True,https://cdn.yemek.com/mncrop/940/625/uploads/2018/01/bayatlamayan-pofuduk-pogaca-yemekcom.jpg,940,625,True,https://cdn.yemek.com/mncrop/620/388/uploads/2018/01/bayatlamayan-pofuduk-pogaca-yemekcom.jpg,620,388,True,https://cdn.yemek.com/mncrop/600/315/uploads/2018/01/bayatlamayan-pofuduk-pogaca-yemekcom.jpg,600,315,True,,,,,,
208,129,Yasemin Özaltın,https://cdn.yemek.com/author/35533/20181219061403_avatar.jpg,/profil/yasemingursurer/,Lokanta Usulü: Köri Soslu Tavuk,Köri Soslu Tavuk,/tarif/kori-soslu-tavuk/,20 dk,10 dk,"<p>Baharat sevenleri, her yaptığı <a href=""https://yemek.com/tarif/"" target=""_blank"">yemek tarifinin</a> içine tuz hariç mutlaka en az 2 baharat ekleyenleri, körinin kokusunu da tadını da çok sevenleri böyle alalım. Güneydoğu Asya Mutfağı'nın vazgeçilmez baharatı köri, içerisinde bulunan sumak, zencefil, kimyon, kişniş vb. baharatlarla tam bir şifa kaynağı olma özelliğini taşıyor. Beyaz etlerle harika bir uyum yakalayan köri, en çok <a href=""https://yemek.com/tarif/tavuk/"" target=""_blank"">tavuk etini</a> seviyor. Karşınızda nefis mi nefis: <strong>Köri soslu tavuk tarifi!</strong></p>
<p>Resimli anlatımıyla, en pratik ve yemelere doyum olmaz körili tavuk tarifini veriyor, köri sos nasıl yapılır tek tek anlatıyoruz. Yanına <a href=""https://yemek.com/tarif/patates-puresi/"" target=""_blank"">patates püresi</a>, <a href=""https://yemek.com/tarif/salata/"" target=""_blank"">salata</a> ya da <a href=""https://yemek.com/tarif/pilav/"" target=""_blank"">pilavla</a> servis edebilirsiniz. Lokantalarda sunulan köri soslu tavuklardan çok daha lezzetli oluyor, yiyen herkes tarifini istiyor. Bu lezzeti sık sık pişirmek isteyeceksiniz. Şimdiden ellerinize sağlık diyor, <a href=""https://yemek.com/soslu-tavuk-yemekleri/"" target=""_blank"">soslu tavuk yemekleri</a> arasında en çok sevilen bu kolay yemek tarifimize buyur ediyoruz.</p>
<p>Köri sosun tadını sevdiyseniz belki sonra <a href=""https://yemek.com/tarif/kremali-korili-tavuklu-makarna/"" target=""_blank"">köri soslu makarna tarifine</a> de şans vermek isteyebilirsiniz. Afiyet olsun!</p>
",recipe,"['tereyağı', 'sıcak su', 'tuz', 'un', 'maydanoz', 'karabiber', 'kuşbaşı tavuk göğsü', 'soğuk süt', 'köri', 'sıvı yağ']","['Sıvı yağını bir tavada kızdırın. Kuşbaşı\xa0doğranmış tavuk göğsünü aktarın.', 'Renk alıp, suyunu çekene kadar orta ateşte kavurun.', 'Köri sosu hazırlamak için; ayrı bir tavada tereyağını sos tenceresinde eritin.', 'Unu da üzerine ekleyin ve\xa0 kokusu çıkıp, renk alana kadar karıştırarak kavurun.', 'Kavrulan una soğuk sütü ekleyin ve unun topaklanmaması için bir çırpıcı yardımıyla hızlıca karıştırın.', 'Sıcak su, köri, tuz ve karabiberi katın.', 'Sosu, kısık ateşte koyu bir kıvam alana kadar sürekli karıştırarak 4- 5 dakika pişirin.', 'Hazırladığınız sosu, kavrulan tavuklara ekleyin ve harmanladıktan sonra pişirme işlemini 5 dakika kadar sürdürün.', 'İncecik kıyılmış bir avuç maydanozu, köri soslu tavuğa ilave ettikten sonra bekletmeden sıcak olarak servis edin.', 'Köri soslu tavuk tarifi hazır. Afiyet olsun!']",TAVUK,239b56,/tarif/tavuk/,"['Tavuk', 'Video']","['ekonomik', 'akşam yemeği', 'öğle yemeği']","['Öğle Yemeği', 'Akşam Yemeği']",['Tencere'],"['Ekonomik', 'Bol Proteinli']",False,1200,600,2019-05-14T13:24:40Z,4.0,1396751,11895,False,True,True,0,,0,,,,2014/06/kori-soslu-tavuk-yemekcom.jpg,0,0,https://cdn.yemek.com/mnresize/940/940/uploads/2014/06/kori-soslu-tavuk-yemekcom.jpg,940,940,False,https://cdn.yemek.com/mncrop/300/200/uploads/2014/06/kori-soslu-tavuk-yemekcom.jpg,300,200,True,https://cdn.yemek.com/mncrop/940/625/uploads/2014/06/kori-soslu-tavuk-yemekcom.jpg,940,625,True,https://cdn.yemek.com/mncrop/620/388/uploads/2014/06/kori-soslu-tavuk-yemekcom.jpg,620,388,True,https://cdn.yemek.com/mncrop/600/315/uploads/2014/06/kori-soslu-tavuk-yemekcom.jpg,600,315,True,"['tencere', 'bol proteinli']",,,,,
209,305,Gökçen Mutaf,https://cdn.yemek.com/author/23120/20181227103819_avatar.jpeg,/profil/gokcenmutaf/,Şaşmayan Tarif: Sade Kek,Sade Kek,/tarif/sade-kek/,40 dk,15 dk,"<p>Kocaman kabarmış, lezzetiyle herkesi kendine hayran bırakacak en klasik lezzetlerdendir sade kek tarifi. Süt, yumurta ve şekerin önderliğinde, misler gibi vanilya kokusunun büyüsünde hazırlanan harç fırının sıcacık kollarına teslim edilir. Kabarırken bile kendine hayran bırakan sade kek, çayın yanına hazırlanan en pratik kek olarak çıkar oradan. Karşınızda işte o enfes anların mimarı sade kek tarifi!</p>
<p>Birbirinden nefis <a href=""https://yemek.com/tarif/kek/"" target=""_blank"">kek tarifleri</a> arasında en baştan bize göz kırpan bu lezzet, kabarık ve yumuşak dokusuyla boyut atlıyor bu kez. Çaylarınızın, kahveleriniz hazırsa o yumuşacık sade kek tarifimiz geliyor. Şimdiden ellerinize sağlık.</p>
<p>Not: ""Sade kek de güzel ama kakaolu keki de çok seviyorum"" diyenler için yumuşacık kakaolu kek tarifimiz de hemen <a href=""https://yemek.com/tarif/kakaolu-kek/"" target=""_blank"">şurada</a>.</p>
",recipe,"['yumurta', 'toz şeker', 'süt', 'un', 'kabartma tozu', 'vanilin', 'sıvı yağ']","['Yumurtaları derince bir kaba kırın ve toz şekeri ekledikten sonra bir mikser ile 10 dakika boyunca çırpın.\xa0Krema kıvamına gelen karışıma sıvı yağı ve sütü ekleyip bir spatula ile karıştırın.', 'Üstüne unu, kabartma tozunu ve vanilini de ekledikten sonra tekrar karıştırın ve sıvı yağ ile yağladığınız bir kek kalıbına hazırladığınız karışımı dökün.', 'Önceden ısıtılmış 180 derecelik fırında 40 dakika kadar pişirin.\n\n&nbsp;', 'Kek kürdan testini geçince fırından alın ve tamamen soğuduktan sonra kalıbı ters çevirerek kalıptan çıkarın.', 'Dilimleyerek servis edin.\xa0 Afiyetler olsun!']",TATLI KEK,239b56,/tarif/tatli-kek/,"['Kek', 'Tatlı Kek']",['çay saati'],['Çay Saati'],['Fırın'],['Vejetaryen'],False,2400,900,2022-03-10T07:30:22Z,4.0,1356751,3356,False,False,True,0,,0,,,,2014/07/sade-kek-tarifi-yeni.jpg,0,0,https://cdn.yemek.com/mnresize/940/940/uploads/2014/07/sade-kek-tarifi-yeni.jpg,940,940,False,https://cdn.yemek.com/mncrop/300/200/uploads/2014/07/sade-kek-tarifi-yeni.jpg,300,200,True,https://cdn.yemek.com/mncrop/940/625/uploads/2014/07/sade-kek-tarifi-yeni.jpg,940,625,True,https://cdn.yemek.com/mncrop/620/388/uploads/2014/07/sade-kek-tarifi-yeni.jpg,620,388,True,https://cdn.yemek.com/mncrop/600/315/uploads/2014/07/sade-kek-tarifi-yeni.jpg,600,315,True,['fırın'],,,,,
210,183,Cemre Özgüzel,https://cdn.yemek.com/author/109/20200211010242_avatar.jpg,/profil/cemre-ozguzel/,Pastane Usulü: Un Kurabiyesi,Un Kurabiyesi,/tarif/un-kurabiyesi/,15 dk,25 dk,"<p>Kıyır kıyır dediğimiz <a href=""https://yemek.com/kurabiye-tarifleri/"" target=""_blank"">kurabiye tarifleri</a>nin şahı un kurabiyesidir. Uzun süre bozulmadan dayanabilmesi de bu lezzetli ve pratik kurabiyeyi popüler kılan noktalardan biridir. Kolay un kurabiyesi yapımında pudra şekeri elenerek servis edildiği için tarifinde çok az miktarda şeker kullanılır. Ağza gelmemesi için pudra şekeri tercih edilir. Hem kıvamı hem de dokusuyla, enfes mi enfes <strong>un kurabiyesi tarifi</strong> karşınızda!</p>
<p>""<a href=""https://yemek.com/agizda-dagilan-kurabiye-nasil-yapilir/"" target=""_blank"">Ağızda dağılan un kurabiyesi nasıl yapılır?</a>"" diyenler tarifin detaylarında açıklamalı anlatımını bulacak. Basit ve gerçek un kurabiyesinin tüm malzemeleri, yapılış adımları ve videosu ise hemen aşağıda. Hazırsanız en güzel un kurabiyesini yapmak için çalışmalara başlayalım! ''Un kurabiyesi tarifi nasıl yapılır?'' diyenlerinizi tarifimize alalım. Şimdiden ellerinize sağlık diyor, kolaylığı ve <strong>ağızda dağılan lezzetiyle un kurabiyesi</strong> <a href=""https://yemek.com/tarif/"" target=""_blank"">tarifi</a> karşınızda!</p>
",recipe,"['yumurta', 'un', 'vanilya', 'kabartma tozu', 'pudra şekeri', 'pudra şekeri', 'buğday nişastası', 'oda sıcaklığında tereyağı', 'sıvı yağ']","['Un kurabiyesi için 200 gram oda sıcaklığında bekletilmiş tereyağını derin bir yoğurma kasesine aktarın.', 'Üzerine 1 adet yumurta ve 1 çay bardağı sıvı yağını da ekledikten sonra pürüzsüz bir kıvam olana kadar çırpın.', '1 su bardağı pudra şekeri, 5 yemek kaşığı buğday nişastası, 1 paket kabartma tozu, 1 paket vanilin ve 3 su bardağı unu azar azar ekleyin.', 'Ele yapışmayacak kıvamda bir hamur elde edene kadar yoğurun.', 'Kurabiye hamurundan büyükçe bir parça alın ve tezgahın üzerinde yuvarlayarak 2 parmak kalınlığında rulo şekline getirin.', 'Kenar kısımlarını kesin. Ardından üzerinden çatal yardımıyla geçerek şekil verin.', 'Bıçak yardımıyla 3 parmak genişliğinde parçalar kesin. Fırın tepsisine aktarın.', 'Üzerleri hafif kızarıp renk alana kadar önceden ısıtılmış 170 derece fırında 15 dakika kadar pişirin.', 'Soğuttuktan sonra pudra şekeri eleyin.', 'Ardından un kurabiyelerini servis edin. Afiyetler olsun!']",TATLI KURABİYE,239b56,/tarif/tatli-kurabiyeler/,"['Kurabiye', 'Video', 'Tatlı Kurabiye']",['çay saati'],['Çay Saati'],['Fırın'],,False,900,1500,2022-04-01T07:45:01Z,4.0,1330455,3412,False,True,True,0,,0,,,,2022/04/un-kurabiyesi-onecikan-yeni.jpg,0,0,https://cdn.yemek.com/mnresize/940/940/uploads/2022/04/un-kurabiyesi-onecikan-yeni.jpg,940,940,False,https://cdn.yemek.com/mncrop/300/200/uploads/2022/04/un-kurabiyesi-onecikan-yeni.jpg,300,200,True,https://cdn.yemek.com/mncrop/940/625/uploads/2022/04/un-kurabiyesi-onecikan-yeni.jpg,940,625,True,https://cdn.yemek.com/mncrop/620/388/uploads/2022/04/un-kurabiyesi-onecikan-yeni.jpg,620,388,True,https://cdn.yemek.com/mncrop/600/315/uploads/2022/04/un-kurabiyesi-onecikan-yeni.jpg,600,315,True,['fırın'],,,,,
211,121,Cemre Özgüzel,https://cdn.yemek.com/author/109/20200211010242_avatar.jpg,/profil/cemre-ozguzel/,"Kolay, Pratik, Tam Kıvamında: Kakaolu Kek",Kakaolu Kek,/tarif/kakaolu-kek/,35 dk,10 dk,"<p>Bir parça kakaolu <a href=""https://yemek.com/tarif/kek/"" target=""_blank"">kek</a>; göz doldurur, iştah açar, <a href=""https://yemek.com/tarif/iced-latte/"" target=""_blank"">kahvenin</a> yanında iyi gider, misafir kurtarır, evlat sevindirir, anne özlemini artırır. On diliminde on marifet kakaolu kek, yapması da kolay olduğundan öğrencilerin de yapabilecekleri en nefis ve pratik <a href=""https://yemek.com/tarif/kek/"" target=""_blank"">kek tariflerinden</a> biri.</p>
<p>Kek denince akla gelen ilk <a href=""https://yemek.com/tarif/tatli-kek/"" target=""_blank"">tatlı kek</a> tarif olan <a href=""https://yemek.com/kakaolu-kek-tarifleri/"" target=""_blank"">kakaolu kek tarifi</a>ni en kolay, pratik ve tam kıvamında bir şekilde yapmak mümkün! Bu pratik kakaolu kek yumuşacık ve yaptığınız en güzel kakaolu kek tarifi olacak.</p>
<p>Kakaolu kek <a href=""https://yemek.com/tarif/"" target=""_blank"">tarif</a>imizin videosu hemen aşağıda, afiyet olsun!</p>
",recipe,"['yumurta', 'toz şeker', 'süt', 'un', 'vanilya', 'kabartma tozu', 'kakao', 'maden suyu', 'sıvı yağ']","['Yumurtaları ve toz şekeri derin bir kapta, bir mikser yardımıyla şeker eriyene kadar çırpın.', 'Ardından sıvı yağ, süt ve\xa0 sodayı da üzerine ekleyip çırpmaya devam edin.', 'Kek harcına unu ve kakaoyu azar azar ilave edin. Kabartma tozu ve vanilini de ekledikten sonra spatula yardımıyla, pürüzsüz bir harç elde edene kadar karıştırmaya devam edin.', 'Hazırladığınız kakaolu kek karışımını yağladığınız kek kalıbına dökün.', 'Önceden ısıtılmış 180 derece fırında 30-35 dakika kadar pişirin. İçini çekmesi için beklettiğiniz keki, ılınınca kalıbından çıkartın.', 'Üzerine pudra şekeri serperek servis edin.']",TATLI KEK,239b56,/tarif/tatli-kek/,"['Kek', 'Video', 'Tatlı Kek']","['ekonomik', 'ara öğün']",['Çay Saati'],['Fırın'],['Ekonomik'],False,2100,600,2020-11-19T10:43:04Z,4.0,1321844,5041,False,True,True,0,,0,,,,2019/03/kakaolu-kek-one-cikan-yeni.jpg,0,0,https://cdn.yemek.com/mnresize/940/940/uploads/2019/03/kakaolu-kek-one-cikan-yeni.jpg,940,940,False,https://cdn.yemek.com/mncrop/300/200/uploads/2019/03/kakaolu-kek-one-cikan-yeni.jpg,300,200,True,https://cdn.yemek.com/mncrop/940/625/uploads/2019/03/kakaolu-kek-one-cikan-yeni.jpg,940,625,True,https://cdn.yemek.com/mncrop/620/388/uploads/2019/03/kakaolu-kek-one-cikan-yeni.jpg,620,388,True,https://cdn.yemek.com/mncrop/600/315/uploads/2019/03/kakaolu-kek-one-cikan-yeni.jpg,600,315,True,['fırın'],,,,,
212,302,Yasemin Özaltın,https://cdn.yemek.com/author/35533/20181219061403_avatar.jpg,/profil/yasemingursurer/,"Tüm Püf Noktalarıyla, Kolay: Şekerpare",Şekerpare,/tarif/sekerpare/,25 dk,30 dk,"<p>İrmik ile tatlanıp, kıtır bir kıvam alan tatlılarımızdan o. Evet doğru bildiniz, bayram tatlılarının da başında gelen, <a href=""https://yemek.com/tarif/serbetli-tatlilar/"" target=""_blank"">şerbetli tatlı</a> tariflerinin en sevilenlerinden şekerpare tarifinden bahsediyoruz. Pastanelerde yediğinizde tadı damağınızda kalan <strong>gerçek şekerparelerin sırları</strong>nı aldık, üzeri nefis bir şekilde kızarmış, şerbetini tam kıvamında çekmiş muhteşem bir şekerpare tatlısı hazırladık. Bu keyfe ortak olmak ve 'Şekerpare nasıl yapılır?', ""<strong>Şekerpare şerbeti nasıl yapılır?</strong>"" sorularına cevap bulmak, ""En güzel şekerpare <a href=""https://yemek.com/tarif/tatli/"" target=""_blank"">tatlısı</a> tarifini aradım aradım ama bulamadım"" diyenlerin derdine tam ölçülü ve ev yapımı bir şekerpare tarifiyle çözüm olmak istedik. İşte karşınızda, tüm püf noktalarıyla: Şekerpare <a href=""https://yemek.com/tarif/"" target=""_blank"">tarif</a>i!</p>
<p><a href=""https://yemek.com/tarif/sekerpare-2/"" target=""_blank"">Şekerpare tarifini </a>hazırlamak pek kolay, sonrası tam bir keyif... Üzerine mini mini fındıklar konan tatlılar fırında hafif bir renk alana kadar kızaracak, fırından çıkan sıcak tatlılar önceden hazırlanan soğuk şerbet azar azar eklenecek. Videolu, denenmiş en güzel şekerpare tarifi karşınızda!</p>
<p><a href=""https://yemek.com/ramazan-tatlilari/"" target=""_blank"">Ramazan sofralarında</a>, iftarda olmazsa olmaz tatlılardan biri olan şekerpare tatlısını yaparken işin biraz daha kolayına kaçmak isteyenler <a href=""https://yemek.com/tarif/kolay-sekerpare"" target=""_blank"">kolay şekerpare tarifimize</a>, klasik şekerpare tatlısı tarifi için de videolu tarifimizi davetlisiniz.</p>
",recipe,"['yumurta', 'toz şeker', 'un', 'kabartma tozu', 'su', 'irmik', 'pudra şekeri', 'fındık', 'limonun suyu', 'vanilin', 'Hindistan cevizi', 'margarin veya tuzsuz tereyağı']","['Şekerpare için öncelikle şerbeti hazırlıyoruz. 3 su bardağı suya 2 su bardağı şeker ekleyip karıştırıyoruz ve kaynamaya bırakıyoruz.', 'Kaynayan şerbetin içerisine bir iki damla limon suyu sıktıktan sonra koyu bir şerbet kıvamını alana kadar kısık ateşte bırakıyoruz ve ocaktan aldıktan sonra şerbeti ılımaya bırakıyoruz.', 'Hamurunu hazırlamak için derin bir karıştırma kasesine 1 su bardağı pudra şekeri, 125 gram margarin, 2 yumurta, 2 yemek kaşığı hindistan cevizi, 1 paket vanilin, 1 paket kabartma tozu, 4 yemek kaşığı irmik ve azar azar unu koyup güzelce yoğuruyoruz.', 'Yoğurduğumuz hamuru 15 dakika buzdolabında dinlendirdikten sonra cevizden biraz daha büyük parçalar koparıp elimizle yuvarlak şekil veriyoruz ve pişirme kağıdı serili fırın tepsisin üzerine aralıklı olarak yerleştiriyoruz.', 'Fındıkları şekerparelerin tam ortasına bastırarak yerleştiriyoruz.', 'Şekerpareleri önceden ısıtılmış 180 derece fırında 25 dakika pişiriyoruz.', 'Kurabiyeler sıcak şerbeti de soğukken şerbetini döküyoruz. Şerbeti de döktükten sonra iyice çekmesi için bekliyoruz ve servis ediyoruz. Afiyetler olsun!']",ŞERBETLİ TATLI,239b56,/tarif/serbetli-tatlilar/,"['Hamur İşi', 'Tatlı', 'Şerbetli Tatlı', 'Ramazan', 'Video']",['çay saati'],['Çay Saati'],"['Fırın', 'Tencere']",,False,1500,1800,2022-03-18T13:00:52Z,4.0,1282307,4569,False,True,True,0,,0,,,,2014/07/sekerpare-ytk-site.jpg,0,0,https://cdn.yemek.com/mnresize/940/940/uploads/2014/07/sekerpare-ytk-site.jpg,940,940,False,https://cdn.yemek.com/mncrop/300/200/uploads/2014/07/sekerpare-ytk-site.jpg,300,200,True,https://cdn.yemek.com/mncrop/940/625/uploads/2014/07/sekerpare-ytk-site.jpg,940,625,True,https://cdn.yemek.com/mncrop/620/388/uploads/2014/07/sekerpare-ytk-site.jpg,620,388,True,https://cdn.yemek.com/mncrop/600/315/uploads/2014/07/sekerpare-ytk-site.jpg,600,315,True,['fırın'],,,,,
213,3178,Cemre Özgüzel,https://cdn.yemek.com/author/109/20200211010242_avatar.jpg,/profil/cemre-ozguzel/,Oldu Bile: Üç Malzemeli Kurabiye,Üç Malzemeli Kurabiye,/tarif/uc-malzemeli-kurabiye/,20 dk,15 dk,"<p>Ayçiçek yağı, elenmiş un ve toz krem şanti. Sadece üç malzemeyle hazırlanan <a href=""https://yemek.com/tarif/un-kurabiyesi/"" target=""_blank"">un kurabiyesi</a> gevrekliğinde pratik ve ekonomik bir <a href=""https://yemek.com/tarif/kurabiye/"" target=""_blank"">kurabiye tarifi</a>. Siz çayı demleyene kadar onlar pişmiş hatta dinlenmiş olacak, mutfağı mis gibi kurabiye kokusu saracak. Sonrası tam anlamıyla keyif.</p>
<p>Dilerseniz hazırladığınız hamuru atın buzdolabına 30 dakika dinlendirin elinizle gelişi güzel minik yuvarlaklar yaparak pişirin isterseniz de kaşık yardımıyla tepsiye dizin. Karar sizin.</p>
<p>Kurabiye canavarları da sizi sevecek. Afiyetler olsun.</p>
",recipe,"['ayçiçek yağı', 'un', 'toz krem şanti']","['1 su bardağı ayçiçek yağını derin bir karıştırma kabına alın.', '1 paket toz krem şantiyi ve unun 1 bardaklık kısmını ilave ederek karıştırmaya başlayın.', '2 su bardağı unu da azar azar ilave edin ve yumuşak, ele yapışmayan bir hamur elde edene kadar yoğurun.', 'Kıvam alan hamurunuzdan ceviz büyüklüğünde parçalar alın ve elinizle yuvarlayarak şekil verin. Ardından yağlı kağıt serili bir fırın tepsinin üzerine kurabiyelerinizi aktarın. 175 derecede ısıtılmış fırında rengi hafif değişene kadar 15-20 dakika arası pişirin.', 'Çıkarıp oda sıcaklığında soğuttuktan sonra afiyetle tüketin.']",TATLI KURABİYE,239b56,/tarif/tatli-kurabiyeler/,"['Kurabiye', 'Video', 'Tatlı Kurabiye']",['pratik yemek tarifleri'],['Çay Saati'],['Fırın'],,False,1200,900,2015-08-10T11:18:13Z,4.0,1278903,3887,False,True,False,0,,0,,,,2015/08/uc-malzemeli-kurabiye-yemekcom.jpg,0,0,https://cdn.yemek.com/mnresize/940/940/uploads/2015/08/uc-malzemeli-kurabiye-yemekcom.jpg,940,940,False,https://cdn.yemek.com/mncrop/300/200/uploads/2015/08/uc-malzemeli-kurabiye-yemekcom.jpg,300,200,True,https://cdn.yemek.com/mncrop/940/625/uploads/2015/08/uc-malzemeli-kurabiye-yemekcom.jpg,940,625,True,https://cdn.yemek.com/mncrop/620/388/uploads/2015/08/uc-malzemeli-kurabiye-yemekcom.jpg,620,388,True,https://cdn.yemek.com/mncrop/600/315/uploads/2015/08/uc-malzemeli-kurabiye-yemekcom.jpg,600,315,True,,,,,,
214,2526,Yasemin Özaltın,https://cdn.yemek.com/author/35533/20181219061403_avatar.jpg,/profil/yasemingursurer/,Yumuşacık Etlerin Sırlarıyla: Hünkar Beğendi,Hünkar Beğendi,/tarif/hunkar-begendi/,1 sa,1 sa,"<p>Saray mutfağının önde gelen, hünkarın da midesini fetheden <a href=""https://yemek.com/tarif/"" target=""_blank"">yemek tariflerinden</a> biri hünkar beğendi. Pratik bir yemek tarifi sayılan, aşamaları biraz fazla olsa da lezzetli ana yemeklerden biri o! Tereyağında kavrulmuş un ve soğuk süt ilavesiyle hazırlanan beğendi bir yana dursun kısık ateşte pişen bol soğanlı et karışımı onu diğerlerinden ayırıyor. Karşınıza her haliyle övgüleri toplayacak, <a href=""https://yemek.com/tarif/et/"" target=""_blank"">et yemeklerinin</a> en görkemlisi hünkar beğendi yemeği çıkıyor.</p>
<p>Hünkarımızın bir bildiği olmalı diyerek sizi adım adım resimli ve videolu anlattığımız<strong> hünkar beğendi kebabı</strong> tarifimize alalım. ""<strong>Hünkar beğendinin yanına ne yapılır?</strong>"" diye soranlar için de cevabımız hemen tarifin sonunda. Şimdiden ellerinize sağlık diyor, lezzetine doyum olmaz hünkar beğendi tarifimize buyur ediyoruz. Yaptığım tarif en kusursuz haliyle olsun derseniz de <a href=""https://yemek.com/tarif/kusursuz-hunkar-begendi/"" target=""_blank"">kusursuz hünkar beğendi</a> tarifimize bekleriz. Keyfi ve lezzeti bol bol olsun. Afiyetler olsun!</p>
",recipe,"['tereyağı', 'sıcak su', 'tuz', 'tuz', 'süt', 'un', 'sarımsak', 'zeytinyağı', 'domates salçası', 'taze çekilmiş tane karabiber', 'kaşar peyniri', 'orta boy kuru soğan', 'orta boy domates', 'orta boy patlıcan', 'kuzu but (arzuya göre dana eti)']","['Hünkar beğendi tarifi için 4 adet orta boy patlıcana bıçakla delikler açın ve fırın tepsisine alın. 200 derecede yaklaşık 20 dakika fırınlayın.', 'Fırınlanmış patlıcanları bir kaba alın ve kabuklarının kolay soyulması için üzerini streçleyip, 15 dakika kadar bekledikten sonra kabukları soyun.', 'Bir tavada 3 yemek kaşığı zeytinyağını kızdırın. 2 adet yemeklik doğranmış kuru soğanı da üzerine ilave edip pembeleşinceye kadar kavurun.', '4 diş doğranmış sarımsağı da üzerine ekledikten sonra 600 gram kuşbaşı dana veya kuzu etini ilave edin.', ""Etler suyunu salıp çekene kadar pişmeye bırakın. 1 yemek kaşığı domates salçası, 1'er çay kaşığı tuz ve karabiber, 3 adet soyulmuş, doğranmış domates ekleyin."", '2 su bardağı sıcak su ekleyip etler yumuşayana kadar pişmeye bırakın.', 'Şimdi de beğendiyi hazırlayalım. 1 yemek kaşığı tereyağını bir tavada eritin. 1,5 yemek kaşığı unu üzerine ilave edip kokusu çıkana kadar kavurun.', ""Üzerine fırınladığınız ve kabuklarını soyduğunuz patlıcanları ekleyin. 1,5 su bardağı sütü de üzerine yavaş yavaş ilave edin ve sürekli olarak karıştırın. 1'er çay kaşığı tuz ve karabiberi de ekleyin."", 'Sonra son olarak yarım su bardağı rendelenmiş kaşar peyniri ekleyin ve karıştırıp ocaktan alın.', 'Beğendinin üzerine yumuşacık pişmiş etleri serpiştirin ve servis edin. Hünkar beğendi yemeği hazır, afiyet olsun!']",ET,239b56,/tarif/et/,"['Et', 'Ramazan', 'Video', 'Mevsiminde']","['akşam yemeği', 'öğle yemeği']","['Öğle Yemeği', 'Akşam Yemeği']",['Tencere'],['Ekonomik'],False,3600,3600,2021-03-22T08:32:29Z,4.0,1273470,10647,False,True,True,0,,0,,,,2021/03/hunkar-begendi-son-yemekcom.jpg,0,0,https://cdn.yemek.com/mnresize/940/940/uploads/2021/03/hunkar-begendi-son-yemekcom.jpg,940,940,False,https://cdn.yemek.com/mncrop/300/200/uploads/2021/03/hunkar-begendi-son-yemekcom.jpg,300,200,True,https://cdn.yemek.com/mncrop/940/625/uploads/2021/03/hunkar-begendi-son-yemekcom.jpg,940,625,True,https://cdn.yemek.com/mncrop/620/388/uploads/2021/03/hunkar-begendi-son-yemekcom.jpg,620,388,True,https://cdn.yemek.com/mncrop/600/315/uploads/2021/03/hunkar-begendi-son-yemekcom.jpg,600,315,True,"['tencere', 'bol proteinli', 'bol lifli']",,"['Haziran', 'Temmuz', 'Ağustos']",,,
215,410,Yasemin Özaltın,https://cdn.yemek.com/author/35533/20181219061403_avatar.jpg,/profil/yasemingursurer/,Yağdan Hafif: Fırında Baharatlı Patates,Fırında Baharatlı Patates,/tarif/baharatli-firin-patates/,30 dk,10 dk,"<p>Var mı patates sevmeyen? <a href=""https://yemek.com/tarif/kofte/"" target=""_blank"">Köfte</a>nin yanında patates kızartması yemeyi düşlemeyen, önceden kızarttığı patatesleri yumurtayla harmanlayıp yumurtalı patates haline getirmeyen? Yok yazın da bozuşmayalım şimdi. <a href=""https://yemek.com/tarif/kizartma/"" target=""_blank"">Kızartma</a>sı güzel olsa da bu meredin sağlıktan ödün vermeden de kızarmış patates yemek mümkün. Nasıl mı? Patatesleri fırında kızartarak elbette.</p>
<p><strong>Fırında patates kızartması tarifi</strong>nde o çok sevdiğimiz baharatları ekleyip eser miktarda <a href=""https://yemek.com/sozluk/zeytinyagi/"" target=""_blank"">zeytinyağı</a> ile harmanladığımız patates dilimlerini fırına alıyoruz. Onlar çıtır çıtır kızardıkça size de bu <a href=""https://yemek.com/tarif/atistirmaliklar/"" target=""_blank"">atıştırmalığın</a> keyfini uzun uzadıya çıkarmak kalıyor.</p>
",recipe,"['tuz', 'zeytinyağı', 'karabiber', 'biberiye', 'kekik', 'rendelenmiş sarımsak', 'büyük boy patates', 'toz kırmızı biber']","['Bir kasede zeytinyağı, tuz, toz kırmızı biber, sarımsak, kekik, taze biberiye ve karabiberi alın.', 'Tüm malzemeleri güzelce çırparak karıştırın.', 'Patatesleri elma dilim şeklinde kesin.', 'Tabanını yağlı kağıt ile kapladığınız fırın tepsisine patatesleri yayın. Hazırladığınız sosu patateslerin üzerine gezdirin ve her yerine gelecek şekilde karıştırın.', 'Önceden ısıtılmış 200 derece fırında 25- 30 dakika kızarana kadar fırından yükselen mis gibi kokuyu içinize çeke çeke bekleyin. Piştikten sonra afiyetle tüketin.']",TUZLU ATIŞTIRMALIK,239b56,/tarif/tuzlu-atistirmalik/,"['Sebze', 'Atıştırmalık', 'Video', 'Tuzlu Atıştırmalık', 'Mevsiminde']","['pratik yemek tarifleri', 'ekonomik', 'başlangıç', 'diyet']","['Öğle Yemeği', 'Akşam Yemeği']",['Fırın'],,False,1800,600,2014-08-04T13:30:26Z,4.0,1246823,7207,False,True,True,0,,0,,,,2014/08/baharatli-patates-yemekcom.jpg,0,0,https://cdn.yemek.com/mnresize/940/940/uploads/2014/08/baharatli-patates-yemekcom.jpg,940,940,False,https://cdn.yemek.com/mncrop/300/200/uploads/2014/08/baharatli-patates-yemekcom.jpg,300,200,True,https://cdn.yemek.com/mncrop/940/625/uploads/2014/08/baharatli-patates-yemekcom.jpg,940,625,True,https://cdn.yemek.com/mncrop/620/388/uploads/2014/08/baharatli-patates-yemekcom.jpg,620,388,True,https://cdn.yemek.com/mncrop/600/315/uploads/2014/08/baharatli-patates-yemekcom.jpg,600,315,True,"['vejetaryen', 'fırın', 'düşük karbonhidratlı']",,"['Haziran', 'Temmuz', 'Ağustos', 'Eylül']",,,
216,13732,ipeksare,https://cdn.yemek.com/author/262494/20200820091315_avatar.jpg,/profil/ipeksare/,Bol Malzemeli: Ev Usulü Pizza,Ev Usulü Pizza,/tarif/ev-usulu-pizza/,30 dk,30 dk,"<p>Hafif kabarmış bir hamuru ve bol bol malzemesiyle <a href=""https://yemek.com/tarif/pizza/"" target=""_blank"">pizzaların</a> en güzellerinden biridir ev usulü pizza.</p>
<p>Dışarıda bayılarak yediğimiz pizzaları aslında evinizde de çok kolay bir şekilde yapabilirsiniz. Eğer siz de ""<strong>Evde pizza nasıl yapılır?</strong>"" diyorsanız fırında pişen, bu kolay ve pratik karışık pizza tarifini çok sevecek, her fırsatta yapmak isteyeceksiniz.</p>
<p>Lezzetine doyum olmaz bu pizza tarifinin sırrı hamurunda saklı. Bu şekilde ağzınıza attığınızda yumuşacık dokusuyla sizi çok mutlu edecek, bol bol malzemesiyle de damaklarınızı şenlendirecek bir tarife dönüşüyor. ""<strong>Pizza hamuru nasıl yapılır?</strong>"" diye soranlara da adım adım resimli anlatımıyla tam kıvamında bir <a href=""https://yemek.com/tarif/pizza-hamuru/"" target=""_blank"">pizza hamuru</a> tarifi hazırladık, püf noktalarını da <a href=""https://yemek.com/pizza-hamuru-yapmanin-puf-noktalari/"" target=""_blank"">şurada</a> anlattık. Mutlaka göz atın deriz.</p>
<p>Ev yapımı pizza tarifinin adım adım resimli tarifi karşınızda!</p>
",recipe,"['tuz', 'toz şeker', 'un', 'sarımsak', 'zeytinyağı', 'zeytinyağı', 'fesleğen', 'rendelenmiş kaşar peyniri', 'kekik', 'ılık su', 'konserve mısır', 'kuru maya', 'sucuk', 'domates sos', 'biber', 'zeytin', 'rendelenmiş mozarella peyniri']","['Bir kabın içerisine kuru mayayı dökün ve üzerine ılık su ve şekeri ekleyerek güzelce karıştırın.', 'Daha sonra mayalı karışıma zeytinyağını ve tuzu ekleyip tahta kaşıkla karıştırın.', 'Unu azar azar ekleyin.', 'Hamur kıvama gelince elinizle yoğurmaya başlayın ve ele yapışmayan, yumuşak bir hamur haline gelene kadar yoğurmaya devam edin.', 'Hamur istediğiniz yumuşaklığa ulaşınca, kabın üzerini bir streç film ile kaplayıp en az 30 dakika hamurunuzu dinlendirin.', 'Dinlenen hamurunuzu un serptiğiniz tezgaha alıp, katlayarak havasını çıkarın.\xa0Hamuru toparlayıp, 2 ya da 3 parçaya ayırın. İnce hamurlu ve orta boy pizza yapmak istiyorsanız hamurunuzu 3’e bölün. Daha büyük ve kalın hamurlu 2 pizza yapmak istiyorsanız, ikiye bölebilirsiniz.', 'Kestiğiniz parçayı beze haline getirip un serptiğiniz tezgahın üzerinde merdane yardımıyla açın.', 'Dilediğiniz inceliğe ulaştığınızda pişirme kağıdı serdiğiniz tepsinin üzerine alın. Bir çatal yardımıyla pizza hamurunun üzerinde delikler açın ve önceden ısıtılmış 200 derece fırında 10 dakika pişirin.', 'Pizza sosunu, domates sosuna, fesleğen, kekik, sarımsak ve zeytinyağı ekleyerek hazırlayabilirsiniz.', '10 dakika sonra hafif pişen hamuru fırından çıkarıp, hazırladığınız domates sosundan üzerine sürün.', 'Pizza sosunun üzerine bolca rendelenmiş kaşar ya da mozarella peyniri yerleştirdikten sonra üzerine dileğiniz malzemeleri ekleyin. Malzemeleri yerleştirdikten sonra en üste tekrar rendelenmiş kaşar ekleyin.', 'Tekrar fırına koyun ve 20 dakika daha pişirin. Peynirler güzelce eriyip tüm malzemeler piştiğinde pizzanızı fırından çıkarabilirsiniz.', 'Pizza kesiciyle dilimleyip tüketebilirsiniz.', 'Afiyet olsun!']",PİZZA,239b56,/tarif/pizza/,"['Hamur İşi', 'Pizza']","['akşam yemeği', 'kahvaltı', 'öğle yemeği']","['Öğle Yemeği', 'Akşam Yemeği']",['Fırın'],,False,1800,1800,2022-03-11T10:00:52Z,4.0,1518606,6252,False,True,True,0,,0,,,,2022/03/ev-usulu-pizza-yemekcom.jpg,0,0,https://cdn.yemek.com/mnresize/940/940/uploads/2022/03/ev-usulu-pizza-yemekcom.jpg,940,940,False,https://cdn.yemek.com/mncrop/300/200/uploads/2022/03/ev-usulu-pizza-yemekcom.jpg,300,200,True,https://cdn.yemek.com/mncrop/940/625/uploads/2022/03/ev-usulu-pizza-yemekcom.jpg,940,625,True,https://cdn.yemek.com/mncrop/620/388/uploads/2022/03/ev-usulu-pizza-yemekcom.jpg,620,388,True,https://cdn.yemek.com/mncrop/600/315/uploads/2022/03/ev-usulu-pizza-yemekcom.jpg,600,315,True,['fırın'],,,,,
217,180,Yasemin Özaltın,https://cdn.yemek.com/author/35533/20181219061403_avatar.jpg,/profil/yasemingursurer/,20 Dakikada Buzlukta: Mozaik Pasta,Mozaik Pasta,/tarif/mozaik-pasta/,20 dk,20 dk,"<p>Biz çocukken mutfaktaki hummalı çalışmanın sonucu annelerimizin lezzetli ellerinden tüm ömrümüz boyunca unutamayacağımız kadar lezzetli <a href=""https://yemek.com/tarif/tatli/"" target=""_blank"">tatlılar</a>, <a href=""https://yemek.com/tarif/pasta-tatli/"" target=""_blank"">pastalar</a> çıkardı. Bu pasta hiç şüphesiz mozaik pastanın ta kendisiydi! Bu kolay mozaik pasta, küçük büyük herkesin bayılarak yediği lezzeti her daim garantili olan oldukça kolay ve pratik bir <a href=""https://yemek.com/tarif/"" target=""_blank"">tarif</a>. Hadi gelin bisküvili mozaik pastanın sırlarını bir bir anlatalım size. Anılarımıza doğru tatlı bir yolculuğa çıkaran, <strong>petibör bisküvili</strong> mozaik pasta tarifiyle karşınızdayız!</p>
<p>Bisküvi, tereyağı, toz şeker ve kakaonun bir araya gelip yaptığı en lezzetli pasta tariflerinden biri o. Biz bu kez farklı malzemeler ekleyerek <strong>klasik mozaik pasta</strong> tarifinin tadına da tat kattık. Bu üçgen mozaik pastanın yapımı o kadar kolay, pratik ve bir o kadar lezzetli ki...</p>
<p>Hadi o zaman! Buyursunlar en güzel mozaik pasta tarifine ve yapılış adımlarını gösteren mozaik pasta videomuza. <img src=""https://cdn.yemek.com/assets/images/smiley/smile.png"" class=""wp-smiley img-responsive"" /></p>
",recipe,"['süt', 'kakao', 'pudra şekeri', 'tereyağ', 'Hindistan cevizi', 'petibör bisküvi']","['Tereyağını eritin.', 'Pudra şekerini karıştırma kabına aktarın.\xa0Pudra şekerinin üzerine erittiğiniz tereyağını ve sütü dökün.\xa0Kakaoyu da ilave edin.', 'Malzemeleri çırpın.', 'Üzerine bisküvileri kırın.', 'Bisküvileri de koyduktan sonra tüm malzemeleri spatula yardımıyla nazikçe karıştırın.', 'Servis edeceğiniz kalıbın içini streç film ile kaplayın.', 'Tüm harcı ekleyin ve üzerini kapatın.', 'Buzdolabının dondurucu bölümünde 4 saat bekletin. Hindistan cevizi serpin. Dilimleyerek soğuk olarak servis edin.', 'Afiyet olsun!']",PASTA,239b56,/tarif/pasta-tatli/,"['Tatlı', 'Pasta', 'Video']","['ara öğün', 'çay saati']",['Çay Saati'],['Tencere'],['Ekonomik'],False,1200,1200,2022-03-18T14:40:39Z,4.0,1512620,8912,False,True,True,0,,0,,,,2022/03/mozaik-pasta-tarifi-yemekcom.jpg,0,0,https://cdn.yemek.com/mnresize/940/940/uploads/2022/03/mozaik-pasta-tarifi-yemekcom.jpg,940,940,False,https://cdn.yemek.com/mncrop/300/200/uploads/2022/03/mozaik-pasta-tarifi-yemekcom.jpg,300,200,True,https://cdn.yemek.com/mncrop/940/625/uploads/2022/03/mozaik-pasta-tarifi-yemekcom.jpg,940,625,True,https://cdn.yemek.com/mncrop/620/388/uploads/2022/03/mozaik-pasta-tarifi-yemekcom.jpg,620,388,True,https://cdn.yemek.com/mncrop/600/315/uploads/2022/03/mozaik-pasta-tarifi-yemekcom.jpg,600,315,True,,,,,,
218,29467,Yasemin Özaltın,https://cdn.yemek.com/author/35533/20181219061403_avatar.jpg,/profil/yasemingursurer/,3-2-1 Ölçüsüyle: Bayatlamayan Kabartma Tozlu Poğaça,Bayatlamayan Kabartma Tozlu Poğaça,/tarif/bayatlamayan-kabartma-tozlu-pogaca/,15 dk,15 dk,"<p>Hem çok kolay, hem çok hızlı, hem de yemesi pek keyifli muhteşem bir <a href=""https://yemek.com/tarif/pogaca/"" target=""_blank"">poğaça</a>...Bayatlamayan kabartma tozlu poğaça tarifi, hazırlandıktan sonra tadına bakıp da beğenmeyenini, ikincisini istemeyenini zor bulursunuz. İçindeki malzemelerin miktarlarından dolayı “3-2-1 poğaça <a href=""https://yemek.com/tarif/"" target=""_blank"">tarif</a>i” diye de bilinen bu güzelliği hala denemeyenler varsa diye zevkle paylaşıyoruz.</p>
<p>3-2-1 poğaça tarifi, malzemeleri ile de ekonomik! İçinde 3 paket kabartma tozu, 2 bardak yoğurt ve 1 yumurta var. Kabartma tozu ne kadar da çokmuş acı olur o diyorsanız, hiç de öyle olmadığını, inanılmaz yumuşak, aşırı lezzetli olduğunu deneyince anlayacaksınız. Üstelik de bayatlamıyor, hoş gerçi bayatlamasını bekleyecek kadar uzun süre yemeden duramayacaksınız o da ayrı.  O zaman siz aşağıda yazan diğer malzemeleri de hazırlayıverin, <a href=""https://yemek.com/tarif/yumusak-pogaca/"" target=""_blank"">yumuşacık poğaça</a>mızı yapalım. Şimdiden afiyetler olsun.</p>
",recipe,"['tuz', 'toz şeker', 'un', 'kabartma tozu', 'yoğurt', 'yumurta sarısı', 'sirke', 'beyaz peynir', 'susam', 'yumurta beyazı', 'sıvı yağ']","['Bir yoğurma kabına; yağ, yoğurt ve yumurta beyazını alıp güzelce karıştırın.', 'Ardından kabartma tozları, tuz, şeker ve sirkeyi de ilave edip, tekrar karıştırın.', 'Unu azar azar ilave ederek yoğurmaya başlayın. Hafifçe ele yapışan bir hamur elde edeceksiniz.', 'Hazırladığınız hamurdan mandalinadan biraz küçük olacak parçalar kopartın. Elinizle yuvarlayın ve avucunuzla bastırıp yassılaştırın.', 'Yassılaştırdığınız hamur parçasının ortasına bir çatalla ezdiğiniz beyaz peynirden biraz koyun.', 'Kenarlarını birleştirip kapatın ve tekrar yuvarladıktan sonra yağlı kağıt serdiğiniz bir fırın tepsisine yerleştirin.', 'Tüm hamuru bu şekilde hazırlayıp tepsiye dizin.', 'Üstlerine bir fırça yardımıyla yumurta sarısı sürün ve susam serpin. Önceden ısıttığınız 200 derece fırında, üstleri kızarana dek yaklaşık 15 dakika pişirin.', 'Tepsiyi fırından aldıktan sonra ılıklaşmasını bekleyin ve ardından servis edin.']",POĞAÇA,239b56,/tarif/pogaca/,"['Hamur İşi', 'Kahvaltılık', 'Poğaça', 'Video']","['kahvaltı', 'çay saati']","['Kahvaltı', 'Çay Saati']",['Fırın'],['Vejetaryen'],False,900,900,2018-01-31T07:11:19Z,4.0,1443090,8543,False,True,False,0,,0,,,,2018/01/bayatlamayan-pofuduk-pogaca-yemekcom.jpg,0,0,https://cdn.yemek.com/mnresize/940/940/uploads/2018/01/bayatlamayan-pofuduk-pogaca-yemekcom.jpg,940,940,False,https://cdn.yemek.com/mncrop/300/200/uploads/2018/01/bayatlamayan-pofuduk-pogaca-yemekcom.jpg,300,200,True,https://cdn.yemek.com/mncrop/940/625/uploads/2018/01/bayatlamayan-pofuduk-pogaca-yemekcom.jpg,940,625,True,https://cdn.yemek.com/mncrop/620/388/uploads/2018/01/bayatlamayan-pofuduk-pogaca-yemekcom.jpg,620,388,True,https://cdn.yemek.com/mncrop/600/315/uploads/2018/01/bayatlamayan-pofuduk-pogaca-yemekcom.jpg,600,315,True,,,,,,
219,129,Yasemin Özaltın,https://cdn.yemek.com/author/35533/20181219061403_avatar.jpg,/profil/yasemingursurer/,Lokanta Usulü: Köri Soslu Tavuk,Köri Soslu Tavuk,/tarif/kori-soslu-tavuk/,20 dk,10 dk,"<p>Baharat sevenleri, her yaptığı <a href=""https://yemek.com/tarif/"" target=""_blank"">yemek tarifinin</a> içine tuz hariç mutlaka en az 2 baharat ekleyenleri, körinin kokusunu da tadını da çok sevenleri böyle alalım. Güneydoğu Asya Mutfağı'nın vazgeçilmez baharatı köri, içerisinde bulunan sumak, zencefil, kimyon, kişniş vb. baharatlarla tam bir şifa kaynağı olma özelliğini taşıyor. Beyaz etlerle harika bir uyum yakalayan köri, en çok <a href=""https://yemek.com/tarif/tavuk/"" target=""_blank"">tavuk etini</a> seviyor. Karşınızda nefis mi nefis: <strong>Köri soslu tavuk tarifi!</strong></p>
<p>Resimli anlatımıyla, en pratik ve yemelere doyum olmaz körili tavuk tarifini veriyor, köri sos nasıl yapılır tek tek anlatıyoruz. Yanına <a href=""https://yemek.com/tarif/patates-puresi/"" target=""_blank"">patates püresi</a>, <a href=""https://yemek.com/tarif/salata/"" target=""_blank"">salata</a> ya da <a href=""https://yemek.com/tarif/pilav/"" target=""_blank"">pilavla</a> servis edebilirsiniz. Lokantalarda sunulan köri soslu tavuklardan çok daha lezzetli oluyor, yiyen herkes tarifini istiyor. Bu lezzeti sık sık pişirmek isteyeceksiniz. Şimdiden ellerinize sağlık diyor, <a href=""https://yemek.com/soslu-tavuk-yemekleri/"" target=""_blank"">soslu tavuk yemekleri</a> arasında en çok sevilen bu kolay yemek tarifimize buyur ediyoruz.</p>
<p>Köri sosun tadını sevdiyseniz belki sonra <a href=""https://yemek.com/tarif/kremali-korili-tavuklu-makarna/"" target=""_blank"">köri soslu makarna tarifine</a> de şans vermek isteyebilirsiniz. Afiyet olsun!</p>
",recipe,"['tereyağı', 'sıcak su', 'tuz', 'un', 'maydanoz', 'karabiber', 'kuşbaşı tavuk göğsü', 'soğuk süt', 'köri', 'sıvı yağ']","['Sıvı yağını bir tavada kızdırın. Kuşbaşı\xa0doğranmış tavuk göğsünü aktarın.', 'Renk alıp, suyunu çekene kadar orta ateşte kavurun.', 'Köri sosu hazırlamak için; ayrı bir tavada tereyağını sos tenceresinde eritin.', 'Unu da üzerine ekleyin ve\xa0 kokusu çıkıp, renk alana kadar karıştırarak kavurun.', 'Kavrulan una soğuk sütü ekleyin ve unun topaklanmaması için bir çırpıcı yardımıyla hızlıca karıştırın.', 'Sıcak su, köri, tuz ve karabiberi katın.', 'Sosu, kısık ateşte koyu bir kıvam alana kadar sürekli karıştırarak 4- 5 dakika pişirin.', 'Hazırladığınız sosu, kavrulan tavuklara ekleyin ve harmanladıktan sonra pişirme işlemini 5 dakika kadar sürdürün.', 'İncecik kıyılmış bir avuç maydanozu, köri soslu tavuğa ilave ettikten sonra bekletmeden sıcak olarak servis edin.', 'Köri soslu tavuk tarifi hazır. Afiyet olsun!']",TAVUK,239b56,/tarif/tavuk/,"['Tavuk', 'Video']","['ekonomik', 'akşam yemeği', 'öğle yemeği']","['Öğle Yemeği', 'Akşam Yemeği']",['Tencere'],"['Ekonomik', 'Bol Proteinli']",False,1200,600,2019-05-14T13:24:40Z,4.0,1396751,11895,False,True,True,0,,0,,,,2014/06/kori-soslu-tavuk-yemekcom.jpg,0,0,https://cdn.yemek.com/mnresize/940/940/uploads/2014/06/kori-soslu-tavuk-yemekcom.jpg,940,940,False,https://cdn.yemek.com/mncrop/300/200/uploads/2014/06/kori-soslu-tavuk-yemekcom.jpg,300,200,True,https://cdn.yemek.com/mncrop/940/625/uploads/2014/06/kori-soslu-tavuk-yemekcom.jpg,940,625,True,https://cdn.yemek.com/mncrop/620/388/uploads/2014/06/kori-soslu-tavuk-yemekcom.jpg,620,388,True,https://cdn.yemek.com/mncrop/600/315/uploads/2014/06/kori-soslu-tavuk-yemekcom.jpg,600,315,True,"['tencere', 'bol proteinli']",,,,,
220,305,Gökçen Mutaf,https://cdn.yemek.com/author/23120/20181227103819_avatar.jpeg,/profil/gokcenmutaf/,Şaşmayan Tarif: Sade Kek,Sade Kek,/tarif/sade-kek/,40 dk,15 dk,"<p>Kocaman kabarmış, lezzetiyle herkesi kendine hayran bırakacak en klasik lezzetlerdendir sade kek tarifi. Süt, yumurta ve şekerin önderliğinde, misler gibi vanilya kokusunun büyüsünde hazırlanan harç fırının sıcacık kollarına teslim edilir. Kabarırken bile kendine hayran bırakan sade kek, çayın yanına hazırlanan en pratik kek olarak çıkar oradan. Karşınızda işte o enfes anların mimarı sade kek tarifi!</p>
<p>Birbirinden nefis <a href=""https://yemek.com/tarif/kek/"" target=""_blank"">kek tarifleri</a> arasında en baştan bize göz kırpan bu lezzet, kabarık ve yumuşak dokusuyla boyut atlıyor bu kez. Çaylarınızın, kahveleriniz hazırsa o yumuşacık sade kek tarifimiz geliyor. Şimdiden ellerinize sağlık.</p>
<p>Not: ""Sade kek de güzel ama kakaolu keki de çok seviyorum"" diyenler için yumuşacık kakaolu kek tarifimiz de hemen <a href=""https://yemek.com/tarif/kakaolu-kek/"" target=""_blank"">şurada</a>.</p>
",recipe,"['yumurta', 'toz şeker', 'süt', 'un', 'kabartma tozu', 'vanilin', 'sıvı yağ']","['Yumurtaları derince bir kaba kırın ve toz şekeri ekledikten sonra bir mikser ile 10 dakika boyunca çırpın.\xa0Krema kıvamına gelen karışıma sıvı yağı ve sütü ekleyip bir spatula ile karıştırın.', 'Üstüne unu, kabartma tozunu ve vanilini de ekledikten sonra tekrar karıştırın ve sıvı yağ ile yağladığınız bir kek kalıbına hazırladığınız karışımı dökün.', 'Önceden ısıtılmış 180 derecelik fırında 40 dakika kadar pişirin.\n\n&nbsp;', 'Kek kürdan testini geçince fırından alın ve tamamen soğuduktan sonra kalıbı ters çevirerek kalıptan çıkarın.', 'Dilimleyerek servis edin.\xa0 Afiyetler olsun!']",TATLI KEK,239b56,/tarif/tatli-kek/,"['Kek', 'Tatlı Kek']",['çay saati'],['Çay Saati'],['Fırın'],['Vejetaryen'],False,2400,900,2022-03-10T07:30:22Z,4.0,1356751,3356,False,False,True,0,,0,,,,2014/07/sade-kek-tarifi-yeni.jpg,0,0,https://cdn.yemek.com/mnresize/940/940/uploads/2014/07/sade-kek-tarifi-yeni.jpg,940,940,False,https://cdn.yemek.com/mncrop/300/200/uploads/2014/07/sade-kek-tarifi-yeni.jpg,300,200,True,https://cdn.yemek.com/mncrop/940/625/uploads/2014/07/sade-kek-tarifi-yeni.jpg,940,625,True,https://cdn.yemek.com/mncrop/620/388/uploads/2014/07/sade-kek-tarifi-yeni.jpg,620,388,True,https://cdn.yemek.com/mncrop/600/315/uploads/2014/07/sade-kek-tarifi-yeni.jpg,600,315,True,['fırın'],,,,,
221,183,Cemre Özgüzel,https://cdn.yemek.com/author/109/20200211010242_avatar.jpg,/profil/cemre-ozguzel/,Pastane Usulü: Un Kurabiyesi,Un Kurabiyesi,/tarif/un-kurabiyesi/,15 dk,25 dk,"<p>Kıyır kıyır dediğimiz <a href=""https://yemek.com/kurabiye-tarifleri/"" target=""_blank"">kurabiye tarifleri</a>nin şahı un kurabiyesidir. Uzun süre bozulmadan dayanabilmesi de bu lezzetli ve pratik kurabiyeyi popüler kılan noktalardan biridir. Kolay un kurabiyesi yapımında pudra şekeri elenerek servis edildiği için tarifinde çok az miktarda şeker kullanılır. Ağza gelmemesi için pudra şekeri tercih edilir. Hem kıvamı hem de dokusuyla, enfes mi enfes <strong>un kurabiyesi tarifi</strong> karşınızda!</p>
<p>""<a href=""https://yemek.com/agizda-dagilan-kurabiye-nasil-yapilir/"" target=""_blank"">Ağızda dağılan un kurabiyesi nasıl yapılır?</a>"" diyenler tarifin detaylarında açıklamalı anlatımını bulacak. Basit ve gerçek un kurabiyesinin tüm malzemeleri, yapılış adımları ve videosu ise hemen aşağıda. Hazırsanız en güzel un kurabiyesini yapmak için çalışmalara başlayalım! ''Un kurabiyesi tarifi nasıl yapılır?'' diyenlerinizi tarifimize alalım. Şimdiden ellerinize sağlık diyor, kolaylığı ve <strong>ağızda dağılan lezzetiyle un kurabiyesi</strong> <a href=""https://yemek.com/tarif/"" target=""_blank"">tarifi</a> karşınızda!</p>
",recipe,"['yumurta', 'un', 'vanilya', 'kabartma tozu', 'pudra şekeri', 'pudra şekeri', 'buğday nişastası', 'oda sıcaklığında tereyağı', 'sıvı yağ']","['Un kurabiyesi için 200 gram oda sıcaklığında bekletilmiş tereyağını derin bir yoğurma kasesine aktarın.', 'Üzerine 1 adet yumurta ve 1 çay bardağı sıvı yağını da ekledikten sonra pürüzsüz bir kıvam olana kadar çırpın.', '1 su bardağı pudra şekeri, 5 yemek kaşığı buğday nişastası, 1 paket kabartma tozu, 1 paket vanilin ve 3 su bardağı unu azar azar ekleyin.', 'Ele yapışmayacak kıvamda bir hamur elde edene kadar yoğurun.', 'Kurabiye hamurundan büyükçe bir parça alın ve tezgahın üzerinde yuvarlayarak 2 parmak kalınlığında rulo şekline getirin.', 'Kenar kısımlarını kesin. Ardından üzerinden çatal yardımıyla geçerek şekil verin.', 'Bıçak yardımıyla 3 parmak genişliğinde parçalar kesin. Fırın tepsisine aktarın.', 'Üzerleri hafif kızarıp renk alana kadar önceden ısıtılmış 170 derece fırında 15 dakika kadar pişirin.', 'Soğuttuktan sonra pudra şekeri eleyin.', 'Ardından un kurabiyelerini servis edin. Afiyetler olsun!']",TATLI KURABİYE,239b56,/tarif/tatli-kurabiyeler/,"['Kurabiye', 'Video', 'Tatlı Kurabiye']",['çay saati'],['Çay Saati'],['Fırın'],,False,900,1500,2022-04-01T07:45:01Z,4.0,1330455,3412,False,True,True,0,,0,,,,2022/04/un-kurabiyesi-onecikan-yeni.jpg,0,0,https://cdn.yemek.com/mnresize/940/940/uploads/2022/04/un-kurabiyesi-onecikan-yeni.jpg,940,940,False,https://cdn.yemek.com/mncrop/300/200/uploads/2022/04/un-kurabiyesi-onecikan-yeni.jpg,300,200,True,https://cdn.yemek.com/mncrop/940/625/uploads/2022/04/un-kurabiyesi-onecikan-yeni.jpg,940,625,True,https://cdn.yemek.com/mncrop/620/388/uploads/2022/04/un-kurabiyesi-onecikan-yeni.jpg,620,388,True,https://cdn.yemek.com/mncrop/600/315/uploads/2022/04/un-kurabiyesi-onecikan-yeni.jpg,600,315,True,['fırın'],,,,,
222,121,Cemre Özgüzel,https://cdn.yemek.com/author/109/20200211010242_avatar.jpg,/profil/cemre-ozguzel/,"Kolay, Pratik, Tam Kıvamında: Kakaolu Kek",Kakaolu Kek,/tarif/kakaolu-kek/,35 dk,10 dk,"<p>Bir parça kakaolu <a href=""https://yemek.com/tarif/kek/"" target=""_blank"">kek</a>; göz doldurur, iştah açar, <a href=""https://yemek.com/tarif/iced-latte/"" target=""_blank"">kahvenin</a> yanında iyi gider, misafir kurtarır, evlat sevindirir, anne özlemini artırır. On diliminde on marifet kakaolu kek, yapması da kolay olduğundan öğrencilerin de yapabilecekleri en nefis ve pratik <a href=""https://yemek.com/tarif/kek/"" target=""_blank"">kek tariflerinden</a> biri.</p>
<p>Kek denince akla gelen ilk <a href=""https://yemek.com/tarif/tatli-kek/"" target=""_blank"">tatlı kek</a> tarif olan <a href=""https://yemek.com/kakaolu-kek-tarifleri/"" target=""_blank"">kakaolu kek tarifi</a>ni en kolay, pratik ve tam kıvamında bir şekilde yapmak mümkün! Bu pratik kakaolu kek yumuşacık ve yaptığınız en güzel kakaolu kek tarifi olacak.</p>
<p>Kakaolu kek <a href=""https://yemek.com/tarif/"" target=""_blank"">tarif</a>imizin videosu hemen aşağıda, afiyet olsun!</p>
",recipe,"['yumurta', 'toz şeker', 'süt', 'un', 'vanilya', 'kabartma tozu', 'kakao', 'maden suyu', 'sıvı yağ']","['Yumurtaları ve toz şekeri derin bir kapta, bir mikser yardımıyla şeker eriyene kadar çırpın.', 'Ardından sıvı yağ, süt ve\xa0 sodayı da üzerine ekleyip çırpmaya devam edin.', 'Kek harcına unu ve kakaoyu azar azar ilave edin. Kabartma tozu ve vanilini de ekledikten sonra spatula yardımıyla, pürüzsüz bir harç elde edene kadar karıştırmaya devam edin.', 'Hazırladığınız kakaolu kek karışımını yağladığınız kek kalıbına dökün.', 'Önceden ısıtılmış 180 derece fırında 30-35 dakika kadar pişirin. İçini çekmesi için beklettiğiniz keki, ılınınca kalıbından çıkartın.', 'Üzerine pudra şekeri serperek servis edin.']",TATLI KEK,239b56,/tarif/tatli-kek/,"['Kek', 'Video', 'Tatlı Kek']","['ekonomik', 'ara öğün']",['Çay Saati'],['Fırın'],['Ekonomik'],False,2100,600,2020-11-19T10:43:04Z,4.0,1321844,5041,False,True,True,0,,0,,,,2019/03/kakaolu-kek-one-cikan-yeni.jpg,0,0,https://cdn.yemek.com/mnresize/940/940/uploads/2019/03/kakaolu-kek-one-cikan-yeni.jpg,940,940,False,https://cdn.yemek.com/mncrop/300/200/uploads/2019/03/kakaolu-kek-one-cikan-yeni.jpg,300,200,True,https://cdn.yemek.com/mncrop/940/625/uploads/2019/03/kakaolu-kek-one-cikan-yeni.jpg,940,625,True,https://cdn.yemek.com/mncrop/620/388/uploads/2019/03/kakaolu-kek-one-cikan-yeni.jpg,620,388,True,https://cdn.yemek.com/mncrop/600/315/uploads/2019/03/kakaolu-kek-one-cikan-yeni.jpg,600,315,True,['fırın'],,,,,
223,302,Yasemin Özaltın,https://cdn.yemek.com/author/35533/20181219061403_avatar.jpg,/profil/yasemingursurer/,"Tüm Püf Noktalarıyla, Kolay: Şekerpare",Şekerpare,/tarif/sekerpare/,25 dk,30 dk,"<p>İrmik ile tatlanıp, kıtır bir kıvam alan tatlılarımızdan o. Evet doğru bildiniz, bayram tatlılarının da başında gelen, <a href=""https://yemek.com/tarif/serbetli-tatlilar/"" target=""_blank"">şerbetli tatlı</a> tariflerinin en sevilenlerinden şekerpare tarifinden bahsediyoruz. Pastanelerde yediğinizde tadı damağınızda kalan <strong>gerçek şekerparelerin sırları</strong>nı aldık, üzeri nefis bir şekilde kızarmış, şerbetini tam kıvamında çekmiş muhteşem bir şekerpare tatlısı hazırladık. Bu keyfe ortak olmak ve 'Şekerpare nasıl yapılır?', ""<strong>Şekerpare şerbeti nasıl yapılır?</strong>"" sorularına cevap bulmak, ""En güzel şekerpare <a href=""https://yemek.com/tarif/tatli/"" target=""_blank"">tatlısı</a> tarifini aradım aradım ama bulamadım"" diyenlerin derdine tam ölçülü ve ev yapımı bir şekerpare tarifiyle çözüm olmak istedik. İşte karşınızda, tüm püf noktalarıyla: Şekerpare <a href=""https://yemek.com/tarif/"" target=""_blank"">tarif</a>i!</p>
<p><a href=""https://yemek.com/tarif/sekerpare-2/"" target=""_blank"">Şekerpare tarifini </a>hazırlamak pek kolay, sonrası tam bir keyif... Üzerine mini mini fındıklar konan tatlılar fırında hafif bir renk alana kadar kızaracak, fırından çıkan sıcak tatlılar önceden hazırlanan soğuk şerbet azar azar eklenecek. Videolu, denenmiş en güzel şekerpare tarifi karşınızda!</p>
<p><a href=""https://yemek.com/ramazan-tatlilari/"" target=""_blank"">Ramazan sofralarında</a>, iftarda olmazsa olmaz tatlılardan biri olan şekerpare tatlısını yaparken işin biraz daha kolayına kaçmak isteyenler <a href=""https://yemek.com/tarif/kolay-sekerpare"" target=""_blank"">kolay şekerpare tarifimize</a>, klasik şekerpare tatlısı tarifi için de videolu tarifimizi davetlisiniz.</p>
",recipe,"['yumurta', 'toz şeker', 'un', 'kabartma tozu', 'su', 'irmik', 'pudra şekeri', 'fındık', 'limonun suyu', 'vanilin', 'Hindistan cevizi', 'margarin veya tuzsuz tereyağı']","['Şekerpare için öncelikle şerbeti hazırlıyoruz. 3 su bardağı suya 2 su bardağı şeker ekleyip karıştırıyoruz ve kaynamaya bırakıyoruz.', 'Kaynayan şerbetin içerisine bir iki damla limon suyu sıktıktan sonra koyu bir şerbet kıvamını alana kadar kısık ateşte bırakıyoruz ve ocaktan aldıktan sonra şerbeti ılımaya bırakıyoruz.', 'Hamurunu hazırlamak için derin bir karıştırma kasesine 1 su bardağı pudra şekeri, 125 gram margarin, 2 yumurta, 2 yemek kaşığı hindistan cevizi, 1 paket vanilin, 1 paket kabartma tozu, 4 yemek kaşığı irmik ve azar azar unu koyup güzelce yoğuruyoruz.', 'Yoğurduğumuz hamuru 15 dakika buzdolabında dinlendirdikten sonra cevizden biraz daha büyük parçalar koparıp elimizle yuvarlak şekil veriyoruz ve pişirme kağıdı serili fırın tepsisin üzerine aralıklı olarak yerleştiriyoruz.', 'Fındıkları şekerparelerin tam ortasına bastırarak yerleştiriyoruz.', 'Şekerpareleri önceden ısıtılmış 180 derece fırında 25 dakika pişiriyoruz.', 'Kurabiyeler sıcak şerbeti de soğukken şerbetini döküyoruz. Şerbeti de döktükten sonra iyice çekmesi için bekliyoruz ve servis ediyoruz. Afiyetler olsun!']",ŞERBETLİ TATLI,239b56,/tarif/serbetli-tatlilar/,"['Hamur İşi', 'Tatlı', 'Şerbetli Tatlı', 'Ramazan', 'Video']",['çay saati'],['Çay Saati'],"['Fırın', 'Tencere']",,False,1500,1800,2022-03-18T13:00:52Z,4.0,1282307,4569,False,True,True,0,,0,,,,2014/07/sekerpare-ytk-site.jpg,0,0,https://cdn.yemek.com/mnresize/940/940/uploads/2014/07/sekerpare-ytk-site.jpg,940,940,False,https://cdn.yemek.com/mncrop/300/200/uploads/2014/07/sekerpare-ytk-site.jpg,300,200,True,https://cdn.yemek.com/mncrop/940/625/uploads/2014/07/sekerpare-ytk-site.jpg,940,625,True,https://cdn.yemek.com/mncrop/620/388/uploads/2014/07/sekerpare-ytk-site.jpg,620,388,True,https://cdn.yemek.com/mncrop/600/315/uploads/2014/07/sekerpare-ytk-site.jpg,600,315,True,['fırın'],,,,,
224,3178,Cemre Özgüzel,https://cdn.yemek.com/author/109/20200211010242_avatar.jpg,/profil/cemre-ozguzel/,Oldu Bile: Üç Malzemeli Kurabiye,Üç Malzemeli Kurabiye,/tarif/uc-malzemeli-kurabiye/,20 dk,15 dk,"<p>Ayçiçek yağı, elenmiş un ve toz krem şanti. Sadece üç malzemeyle hazırlanan <a href=""https://yemek.com/tarif/un-kurabiyesi/"" target=""_blank"">un kurabiyesi</a> gevrekliğinde pratik ve ekonomik bir <a href=""https://yemek.com/tarif/kurabiye/"" target=""_blank"">kurabiye tarifi</a>. Siz çayı demleyene kadar onlar pişmiş hatta dinlenmiş olacak, mutfağı mis gibi kurabiye kokusu saracak. Sonrası tam anlamıyla keyif.</p>
<p>Dilerseniz hazırladığınız hamuru atın buzdolabına 30 dakika dinlendirin elinizle gelişi güzel minik yuvarlaklar yaparak pişirin isterseniz de kaşık yardımıyla tepsiye dizin. Karar sizin.</p>
<p>Kurabiye canavarları da sizi sevecek. Afiyetler olsun.</p>
",recipe,"['ayçiçek yağı', 'un', 'toz krem şanti']","['1 su bardağı ayçiçek yağını derin bir karıştırma kabına alın.', '1 paket toz krem şantiyi ve unun 1 bardaklık kısmını ilave ederek karıştırmaya başlayın.', '2 su bardağı unu da azar azar ilave edin ve yumuşak, ele yapışmayan bir hamur elde edene kadar yoğurun.', 'Kıvam alan hamurunuzdan ceviz büyüklüğünde parçalar alın ve elinizle yuvarlayarak şekil verin. Ardından yağlı kağıt serili bir fırın tepsinin üzerine kurabiyelerinizi aktarın. 175 derecede ısıtılmış fırında rengi hafif değişene kadar 15-20 dakika arası pişirin.', 'Çıkarıp oda sıcaklığında soğuttuktan sonra afiyetle tüketin.']",TATLI KURABİYE,239b56,/tarif/tatli-kurabiyeler/,"['Kurabiye', 'Video', 'Tatlı Kurabiye']",['pratik yemek tarifleri'],['Çay Saati'],['Fırın'],,False,1200,900,2015-08-10T11:18:13Z,4.0,1278903,3887,False,True,False,0,,0,,,,2015/08/uc-malzemeli-kurabiye-yemekcom.jpg,0,0,https://cdn.yemek.com/mnresize/940/940/uploads/2015/08/uc-malzemeli-kurabiye-yemekcom.jpg,940,940,False,https://cdn.yemek.com/mncrop/300/200/uploads/2015/08/uc-malzemeli-kurabiye-yemekcom.jpg,300,200,True,https://cdn.yemek.com/mncrop/940/625/uploads/2015/08/uc-malzemeli-kurabiye-yemekcom.jpg,940,625,True,https://cdn.yemek.com/mncrop/620/388/uploads/2015/08/uc-malzemeli-kurabiye-yemekcom.jpg,620,388,True,https://cdn.yemek.com/mncrop/600/315/uploads/2015/08/uc-malzemeli-kurabiye-yemekcom.jpg,600,315,True,,,,,,
225,2526,Yasemin Özaltın,https://cdn.yemek.com/author/35533/20181219061403_avatar.jpg,/profil/yasemingursurer/,Yumuşacık Etlerin Sırlarıyla: Hünkar Beğendi,Hünkar Beğendi,/tarif/hunkar-begendi/,1 sa,1 sa,"<p>Saray mutfağının önde gelen, hünkarın da midesini fetheden <a href=""https://yemek.com/tarif/"" target=""_blank"">yemek tariflerinden</a> biri hünkar beğendi. Pratik bir yemek tarifi sayılan, aşamaları biraz fazla olsa da lezzetli ana yemeklerden biri o! Tereyağında kavrulmuş un ve soğuk süt ilavesiyle hazırlanan beğendi bir yana dursun kısık ateşte pişen bol soğanlı et karışımı onu diğerlerinden ayırıyor. Karşınıza her haliyle övgüleri toplayacak, <a href=""https://yemek.com/tarif/et/"" target=""_blank"">et yemeklerinin</a> en görkemlisi hünkar beğendi yemeği çıkıyor.</p>
<p>Hünkarımızın bir bildiği olmalı diyerek sizi adım adım resimli ve videolu anlattığımız<strong> hünkar beğendi kebabı</strong> tarifimize alalım. ""<strong>Hünkar beğendinin yanına ne yapılır?</strong>"" diye soranlar için de cevabımız hemen tarifin sonunda. Şimdiden ellerinize sağlık diyor, lezzetine doyum olmaz hünkar beğendi tarifimize buyur ediyoruz. Yaptığım tarif en kusursuz haliyle olsun derseniz de <a href=""https://yemek.com/tarif/kusursuz-hunkar-begendi/"" target=""_blank"">kusursuz hünkar beğendi</a> tarifimize bekleriz. Keyfi ve lezzeti bol bol olsun. Afiyetler olsun!</p>
",recipe,"['tereyağı', 'sıcak su', 'tuz', 'tuz', 'süt', 'un', 'sarımsak', 'zeytinyağı', 'domates salçası', 'taze çekilmiş tane karabiber', 'kaşar peyniri', 'orta boy kuru soğan', 'orta boy domates', 'orta boy patlıcan', 'kuzu but (arzuya göre dana eti)']","['Hünkar beğendi tarifi için 4 adet orta boy patlıcana bıçakla delikler açın ve fırın tepsisine alın. 200 derecede yaklaşık 20 dakika fırınlayın.', 'Fırınlanmış patlıcanları bir kaba alın ve kabuklarının kolay soyulması için üzerini streçleyip, 15 dakika kadar bekledikten sonra kabukları soyun.', 'Bir tavada 3 yemek kaşığı zeytinyağını kızdırın. 2 adet yemeklik doğranmış kuru soğanı da üzerine ilave edip pembeleşinceye kadar kavurun.', '4 diş doğranmış sarımsağı da üzerine ekledikten sonra 600 gram kuşbaşı dana veya kuzu etini ilave edin.', ""Etler suyunu salıp çekene kadar pişmeye bırakın. 1 yemek kaşığı domates salçası, 1'er çay kaşığı tuz ve karabiber, 3 adet soyulmuş, doğranmış domates ekleyin."", '2 su bardağı sıcak su ekleyip etler yumuşayana kadar pişmeye bırakın.', 'Şimdi de beğendiyi hazırlayalım. 1 yemek kaşığı tereyağını bir tavada eritin. 1,5 yemek kaşığı unu üzerine ilave edip kokusu çıkana kadar kavurun.', ""Üzerine fırınladığınız ve kabuklarını soyduğunuz patlıcanları ekleyin. 1,5 su bardağı sütü de üzerine yavaş yavaş ilave edin ve sürekli olarak karıştırın. 1'er çay kaşığı tuz ve karabiberi de ekleyin."", 'Sonra son olarak yarım su bardağı rendelenmiş kaşar peyniri ekleyin ve karıştırıp ocaktan alın.', 'Beğendinin üzerine yumuşacık pişmiş etleri serpiştirin ve servis edin. Hünkar beğendi yemeği hazır, afiyet olsun!']",ET,239b56,/tarif/et/,"['Et', 'Ramazan', 'Video', 'Mevsiminde']","['akşam yemeği', 'öğle yemeği']","['Öğle Yemeği', 'Akşam Yemeği']",['Tencere'],['Ekonomik'],False,3600,3600,2021-03-22T08:32:29Z,4.0,1273470,10647,False,True,True,0,,0,,,,2021/03/hunkar-begendi-son-yemekcom.jpg,0,0,https://cdn.yemek.com/mnresize/940/940/uploads/2021/03/hunkar-begendi-son-yemekcom.jpg,940,940,False,https://cdn.yemek.com/mncrop/300/200/uploads/2021/03/hunkar-begendi-son-yemekcom.jpg,300,200,True,https://cdn.yemek.com/mncrop/940/625/uploads/2021/03/hunkar-begendi-son-yemekcom.jpg,940,625,True,https://cdn.yemek.com/mncrop/620/388/uploads/2021/03/hunkar-begendi-son-yemekcom.jpg,620,388,True,https://cdn.yemek.com/mncrop/600/315/uploads/2021/03/hunkar-begendi-son-yemekcom.jpg,600,315,True,"['tencere', 'bol proteinli', 'bol lifli']",,"['Haziran', 'Temmuz', 'Ağustos']",,,
226,410,Yasemin Özaltın,https://cdn.yemek.com/author/35533/20181219061403_avatar.jpg,/profil/yasemingursurer/,Yağdan Hafif: Fırında Baharatlı Patates,Fırında Baharatlı Patates,/tarif/baharatli-firin-patates/,30 dk,10 dk,"<p>Var mı patates sevmeyen? <a href=""https://yemek.com/tarif/kofte/"" target=""_blank"">Köfte</a>nin yanında patates kızartması yemeyi düşlemeyen, önceden kızarttığı patatesleri yumurtayla harmanlayıp yumurtalı patates haline getirmeyen? Yok yazın da bozuşmayalım şimdi. <a href=""https://yemek.com/tarif/kizartma/"" target=""_blank"">Kızartma</a>sı güzel olsa da bu meredin sağlıktan ödün vermeden de kızarmış patates yemek mümkün. Nasıl mı? Patatesleri fırında kızartarak elbette.</p>
<p><strong>Fırında patates kızartması tarifi</strong>nde o çok sevdiğimiz baharatları ekleyip eser miktarda <a href=""https://yemek.com/sozluk/zeytinyagi/"" target=""_blank"">zeytinyağı</a> ile harmanladığımız patates dilimlerini fırına alıyoruz. Onlar çıtır çıtır kızardıkça size de bu <a href=""https://yemek.com/tarif/atistirmaliklar/"" target=""_blank"">atıştırmalığın</a> keyfini uzun uzadıya çıkarmak kalıyor.</p>
",recipe,"['tuz', 'zeytinyağı', 'karabiber', 'biberiye', 'kekik', 'rendelenmiş sarımsak', 'büyük boy patates', 'toz kırmızı biber']","['Bir kasede zeytinyağı, tuz, toz kırmızı biber, sarımsak, kekik, taze biberiye ve karabiberi alın.', 'Tüm malzemeleri güzelce çırparak karıştırın.', 'Patatesleri elma dilim şeklinde kesin.', 'Tabanını yağlı kağıt ile kapladığınız fırın tepsisine patatesleri yayın. Hazırladığınız sosu patateslerin üzerine gezdirin ve her yerine gelecek şekilde karıştırın.', 'Önceden ısıtılmış 200 derece fırında 25- 30 dakika kızarana kadar fırından yükselen mis gibi kokuyu içinize çeke çeke bekleyin. Piştikten sonra afiyetle tüketin.']",TUZLU ATIŞTIRMALIK,239b56,/tarif/tuzlu-atistirmalik/,"['Sebze', 'Atıştırmalık', 'Video', 'Tuzlu Atıştırmalık', 'Mevsiminde']","['pratik yemek tarifleri', 'ekonomik', 'başlangıç', 'diyet']","['Öğle Yemeği', 'Akşam Yemeği']",['Fırın'],,False,1800,600,2014-08-04T13:30:26Z,4.0,1246823,7207,False,True,True,0,,0,,,,2014/08/baharatli-patates-yemekcom.jpg,0,0,https://cdn.yemek.com/mnresize/940/940/uploads/2014/08/baharatli-patates-yemekcom.jpg,940,940,False,https://cdn.yemek.com/mncrop/300/200/uploads/2014/08/baharatli-patates-yemekcom.jpg,300,200,True,https://cdn.yemek.com/mncrop/940/625/uploads/2014/08/baharatli-patates-yemekcom.jpg,940,625,True,https://cdn.yemek.com/mncrop/620/388/uploads/2014/08/baharatli-patates-yemekcom.jpg,620,388,True,https://cdn.yemek.com/mncrop/600/315/uploads/2014/08/baharatli-patates-yemekcom.jpg,600,315,True,"['vejetaryen', 'fırın', 'düşük karbonhidratlı']",,"['Haziran', 'Temmuz', 'Ağustos', 'Eylül']",,,
227,2040,Yasemin Özaltın,https://cdn.yemek.com/author/35533/20181219061403_avatar.jpg,/profil/yasemingursurer/,Üzeri Kızarmış: Fırın Sütlaç,Fırın Sütlaç,/tarif/firin-sutlac/,45 dk,30 dk,"<p><a href=""https://yemek.com/tarif/sutlu-tatlilar/"" target=""_blank"">Sütlü tatlı</a>ların en besleyici olanı, pirincin en güzel ve <a href=""https://yemek.com/tarif/tatli/"" target=""_blank"">tatlı</a> halidir <a href=""https://yemek.com/tarif/sutlac/"" target=""_blank"">sütlaç</a>. Bu sefer bizim yaptığımız gibi tarifinde küçük bir farklılık yapıp yumurta sarısı ilavesiyle pişirdiğinizde ve porsiyonluk fırın kaplarında pişirme işlemini sürdürdüğünüzde fırın sütlaç göz kırpar size.</p>
<p>Tarçın ilavesi ile soğuk soğuk yendiğinde tadına doyum olmaz. <strong>Tam ölçülü ve kıvamı asla şaşmayan</strong> bir <a href=""https://yemek.com/tarif/"" target=""_blank"">tarif</a> üstelik. Bir yiyenin lezzetine hayran kalacağı fırın sütlaçlar karşınızda! Bir kase yesek mi?</p>
",recipe,"['pirinç', 'toz şeker', 'süt', 'su', 'su', 'yumurta sarısı', 'buğday nişastası', 'vanilin']","['Fırın sütlaç için öncelikle bol suda yıkadığınız pirinçleri; bir tencerede, 2 su bardağı suyu ekleyerek orta ateşte suyunu çekene kadar haşlayın.', 'Soğuk süt ve toz şekeri ayrı bir geniş tencereye alın.\xa0Bir çırpma teliyle toz şeker eriyene kadar karıştırdıktan sonra ocağa alın. Kısık ateşte kaynamaya bırakın.', 'Vanilini toz şeker eriğinde süte ekleyin.', 'Haşlanan pirinçleri ocaktan alın ve fazla suyu kaldıysa süzün.', '1-2 dakika kadar kaynayan şekerli süte haşlanmış pirinçleri ilave edin.', 'Yumurta sarısını, buğday nişastası ve 1 bardak su ilavesiyle ayrı bir kabın içerisine alın.', 'Pürüzsüz bir kıvam alana kadar karıştırın.', 'Yumurta sarısının kesilmemesi için; kısık ateşte kaynamakta olan süt karışımından alıp nişastalı karışımı ılıştırın.', 'Hazırladığınız yumurta sarılı karışımı sütlaç tenceresine azar azar katıp hızlıca karıştırın.', 'Kıvam alan sütlacı, ısıya dayanıklı porsiyonluk güveç kaplarına eşit ölçüde boşaltın.', 'Sütlaç kaselerini, derin bir fırın tepsisine aralıklı olarak dizin. Kapların yarısına gelecek kadar soğuk suyu, sütlaçlara değdirmeden tepsiye dökün.', 'Fırına verdiğiniz sütlaçları, önceden ısıtılmış 200 derece fırında 12-15 dakika kadar pişirin.', 'Fırından bir mutfak eldiveni yardımıyla çıkardığınız sütlaç kaselerini, oda ısısında soğuttuktan sonra buzdolabına kaldırın. Soğuttuktan sonra fırın sütlaçları sevdiklerinizle paylaşın.']",SÜTLÜ TATLI,239b56,/tarif/sutlu-tatlilar/,"['Tatlı', 'Ramazan', 'Sütlü Tatlı', 'Video']","['ekonomik', 'ara öğün', 'çay saati']","['Ara Öğün', 'Çay Saati']","['Fırın', 'Tencere']",,False,2700,1800,2019-05-02T08:14:33Z,4.0,1200815,6587,False,True,True,0,,0,,,,2015/03/ytk-firin-sutlac-site.jpg,0,0,https://cdn.yemek.com/mnresize/940/940/uploads/2015/03/ytk-firin-sutlac-site.jpg,940,940,False,https://cdn.yemek.com/mncrop/300/200/uploads/2015/03/ytk-firin-sutlac-site.jpg,300,200,True,https://cdn.yemek.com/mncrop/940/625/uploads/2015/03/ytk-firin-sutlac-site.jpg,940,625,True,https://cdn.yemek.com/mncrop/620/388/uploads/2015/03/ytk-firin-sutlac-site.jpg,620,388,True,https://cdn.yemek.com/mncrop/600/315/uploads/2015/03/ytk-firin-sutlac-site.jpg,600,315,True,['fırın'],,,,,
228,180,Yasemin Özaltın,https://cdn.yemek.com/author/35533/20181219061403_avatar.jpg,/profil/yasemingursurer/,20 Dakikada Buzlukta: Mozaik Pasta,Mozaik Pasta,/tarif/mozaik-pasta/,20 dk,20 dk,"<p>Biz çocukken mutfaktaki hummalı çalışmanın sonucu annelerimizin lezzetli ellerinden tüm ömrümüz boyunca unutamayacağımız kadar lezzetli <a href=""https://yemek.com/tarif/tatli/"" target=""_blank"">tatlılar</a>, <a href=""https://yemek.com/tarif/pasta-tatli/"" target=""_blank"">pastalar</a> çıkardı. Bu pasta hiç şüphesiz mozaik pastanın ta kendisiydi! Bu kolay mozaik pasta, küçük büyük herkesin bayılarak yediği lezzeti her daim garantili olan oldukça kolay ve pratik bir <a href=""https://yemek.com/tarif/"" target=""_blank"">tarif</a>. Hadi gelin bisküvili mozaik pastanın sırlarını bir bir anlatalım size. Anılarımıza doğru tatlı bir yolculuğa çıkaran, <strong>petibör bisküvili</strong> mozaik pasta tarifiyle karşınızdayız!</p>
<p>Bisküvi, tereyağı, toz şeker ve kakaonun bir araya gelip yaptığı en lezzetli pasta tariflerinden biri o. Biz bu kez farklı malzemeler ekleyerek <strong>klasik mozaik pasta</strong> tarifinin tadına da tat kattık. Bu üçgen mozaik pastanın yapımı o kadar kolay, pratik ve bir o kadar lezzetli ki...</p>
<p>Hadi o zaman! Buyursunlar en güzel mozaik pasta tarifine ve yapılış adımlarını gösteren mozaik pasta videomuza. <img src=""https://cdn.yemek.com/assets/images/smiley/smile.png"" class=""wp-smiley img-responsive"" /></p>
",recipe,"['süt', 'kakao', 'pudra şekeri', 'tereyağ', 'Hindistan cevizi', 'petibör bisküvi']","['Tereyağını eritin.', 'Pudra şekerini karıştırma kabına aktarın.\xa0Pudra şekerinin üzerine erittiğiniz tereyağını ve sütü dökün.\xa0Kakaoyu da ilave edin.', 'Malzemeleri çırpın.', 'Üzerine bisküvileri kırın.', 'Bisküvileri de koyduktan sonra tüm malzemeleri spatula yardımıyla nazikçe karıştırın.', 'Servis edeceğiniz kalıbın içini streç film ile kaplayın.', 'Tüm harcı ekleyin ve üzerini kapatın.', 'Buzdolabının dondurucu bölümünde 4 saat bekletin. Hindistan cevizi serpin. Dilimleyerek soğuk olarak servis edin.', 'Afiyet olsun!']",PASTA,239b56,/tarif/pasta-tatli/,"['Tatlı', 'Pasta', 'Video']","['ara öğün', 'çay saati']",['Çay Saati'],['Tencere'],['Ekonomik'],False,1200,1200,2022-03-18T14:40:39Z,4.0,1512620,8912,False,True,True,0,,0,,,,2022/03/mozaik-pasta-tarifi-yemekcom.jpg,0,0,https://cdn.yemek.com/mnresize/940/940/uploads/2022/03/mozaik-pasta-tarifi-yemekcom.jpg,940,940,False,https://cdn.yemek.com/mncrop/300/200/uploads/2022/03/mozaik-pasta-tarifi-yemekcom.jpg,300,200,True,https://cdn.yemek.com/mncrop/940/625/uploads/2022/03/mozaik-pasta-tarifi-yemekcom.jpg,940,625,True,https://cdn.yemek.com/mncrop/620/388/uploads/2022/03/mozaik-pasta-tarifi-yemekcom.jpg,620,388,True,https://cdn.yemek.com/mncrop/600/315/uploads/2022/03/mozaik-pasta-tarifi-yemekcom.jpg,600,315,True,,,,,,
229,29467,Yasemin Özaltın,https://cdn.yemek.com/author/35533/20181219061403_avatar.jpg,/profil/yasemingursurer/,3-2-1 Ölçüsüyle: Bayatlamayan Kabartma Tozlu Poğaça,Bayatlamayan Kabartma Tozlu Poğaça,/tarif/bayatlamayan-kabartma-tozlu-pogaca/,15 dk,15 dk,"<p>Hem çok kolay, hem çok hızlı, hem de yemesi pek keyifli muhteşem bir <a href=""https://yemek.com/tarif/pogaca/"" target=""_blank"">poğaça</a>...Bayatlamayan kabartma tozlu poğaça tarifi, hazırlandıktan sonra tadına bakıp da beğenmeyenini, ikincisini istemeyenini zor bulursunuz. İçindeki malzemelerin miktarlarından dolayı “3-2-1 poğaça <a href=""https://yemek.com/tarif/"" target=""_blank"">tarif</a>i” diye de bilinen bu güzelliği hala denemeyenler varsa diye zevkle paylaşıyoruz.</p>
<p>3-2-1 poğaça tarifi, malzemeleri ile de ekonomik! İçinde 3 paket kabartma tozu, 2 bardak yoğurt ve 1 yumurta var. Kabartma tozu ne kadar da çokmuş acı olur o diyorsanız, hiç de öyle olmadığını, inanılmaz yumuşak, aşırı lezzetli olduğunu deneyince anlayacaksınız. Üstelik de bayatlamıyor, hoş gerçi bayatlamasını bekleyecek kadar uzun süre yemeden duramayacaksınız o da ayrı.  O zaman siz aşağıda yazan diğer malzemeleri de hazırlayıverin, <a href=""https://yemek.com/tarif/yumusak-pogaca/"" target=""_blank"">yumuşacık poğaça</a>mızı yapalım. Şimdiden afiyetler olsun.</p>
",recipe,"['tuz', 'toz şeker', 'un', 'kabartma tozu', 'yoğurt', 'yumurta sarısı', 'sirke', 'beyaz peynir', 'susam', 'yumurta beyazı', 'sıvı yağ']","['Bir yoğurma kabına; yağ, yoğurt ve yumurta beyazını alıp güzelce karıştırın.', 'Ardından kabartma tozları, tuz, şeker ve sirkeyi de ilave edip, tekrar karıştırın.', 'Unu azar azar ilave ederek yoğurmaya başlayın. Hafifçe ele yapışan bir hamur elde edeceksiniz.', 'Hazırladığınız hamurdan mandalinadan biraz küçük olacak parçalar kopartın. Elinizle yuvarlayın ve avucunuzla bastırıp yassılaştırın.', 'Yassılaştırdığınız hamur parçasının ortasına bir çatalla ezdiğiniz beyaz peynirden biraz koyun.', 'Kenarlarını birleştirip kapatın ve tekrar yuvarladıktan sonra yağlı kağıt serdiğiniz bir fırın tepsisine yerleştirin.', 'Tüm hamuru bu şekilde hazırlayıp tepsiye dizin.', 'Üstlerine bir fırça yardımıyla yumurta sarısı sürün ve susam serpin. Önceden ısıttığınız 200 derece fırında, üstleri kızarana dek yaklaşık 15 dakika pişirin.', 'Tepsiyi fırından aldıktan sonra ılıklaşmasını bekleyin ve ardından servis edin.']",POĞAÇA,239b56,/tarif/pogaca/,"['Hamur İşi', 'Kahvaltılık', 'Poğaça', 'Video']","['kahvaltı', 'çay saati']","['Kahvaltı', 'Çay Saati']",['Fırın'],['Vejetaryen'],False,900,900,2018-01-31T07:11:19Z,4.0,1443090,8543,False,True,False,0,,0,,,,2018/01/bayatlamayan-pofuduk-pogaca-yemekcom.jpg,0,0,https://cdn.yemek.com/mnresize/940/940/uploads/2018/01/bayatlamayan-pofuduk-pogaca-yemekcom.jpg,940,940,False,https://cdn.yemek.com/mncrop/300/200/uploads/2018/01/bayatlamayan-pofuduk-pogaca-yemekcom.jpg,300,200,True,https://cdn.yemek.com/mncrop/940/625/uploads/2018/01/bayatlamayan-pofuduk-pogaca-yemekcom.jpg,940,625,True,https://cdn.yemek.com/mncrop/620/388/uploads/2018/01/bayatlamayan-pofuduk-pogaca-yemekcom.jpg,620,388,True,https://cdn.yemek.com/mncrop/600/315/uploads/2018/01/bayatlamayan-pofuduk-pogaca-yemekcom.jpg,600,315,True,,,,,,
230,129,Yasemin Özaltın,https://cdn.yemek.com/author/35533/20181219061403_avatar.jpg,/profil/yasemingursurer/,Lokanta Usulü: Köri Soslu Tavuk,Köri Soslu Tavuk,/tarif/kori-soslu-tavuk/,20 dk,10 dk,"<p>Baharat sevenleri, her yaptığı <a href=""https://yemek.com/tarif/"" target=""_blank"">yemek tarifinin</a> içine tuz hariç mutlaka en az 2 baharat ekleyenleri, körinin kokusunu da tadını da çok sevenleri böyle alalım. Güneydoğu Asya Mutfağı'nın vazgeçilmez baharatı köri, içerisinde bulunan sumak, zencefil, kimyon, kişniş vb. baharatlarla tam bir şifa kaynağı olma özelliğini taşıyor. Beyaz etlerle harika bir uyum yakalayan köri, en çok <a href=""https://yemek.com/tarif/tavuk/"" target=""_blank"">tavuk etini</a> seviyor. Karşınızda nefis mi nefis: <strong>Köri soslu tavuk tarifi!</strong></p>
<p>Resimli anlatımıyla, en pratik ve yemelere doyum olmaz körili tavuk tarifini veriyor, köri sos nasıl yapılır tek tek anlatıyoruz. Yanına <a href=""https://yemek.com/tarif/patates-puresi/"" target=""_blank"">patates püresi</a>, <a href=""https://yemek.com/tarif/salata/"" target=""_blank"">salata</a> ya da <a href=""https://yemek.com/tarif/pilav/"" target=""_blank"">pilavla</a> servis edebilirsiniz. Lokantalarda sunulan köri soslu tavuklardan çok daha lezzetli oluyor, yiyen herkes tarifini istiyor. Bu lezzeti sık sık pişirmek isteyeceksiniz. Şimdiden ellerinize sağlık diyor, <a href=""https://yemek.com/soslu-tavuk-yemekleri/"" target=""_blank"">soslu tavuk yemekleri</a> arasında en çok sevilen bu kolay yemek tarifimize buyur ediyoruz.</p>
<p>Köri sosun tadını sevdiyseniz belki sonra <a href=""https://yemek.com/tarif/kremali-korili-tavuklu-makarna/"" target=""_blank"">köri soslu makarna tarifine</a> de şans vermek isteyebilirsiniz. Afiyet olsun!</p>
",recipe,"['tereyağı', 'sıcak su', 'tuz', 'un', 'maydanoz', 'karabiber', 'kuşbaşı tavuk göğsü', 'soğuk süt', 'köri', 'sıvı yağ']","['Sıvı yağını bir tavada kızdırın. Kuşbaşı\xa0doğranmış tavuk göğsünü aktarın.', 'Renk alıp, suyunu çekene kadar orta ateşte kavurun.', 'Köri sosu hazırlamak için; ayrı bir tavada tereyağını sos tenceresinde eritin.', 'Unu da üzerine ekleyin ve\xa0 kokusu çıkıp, renk alana kadar karıştırarak kavurun.', 'Kavrulan una soğuk sütü ekleyin ve unun topaklanmaması için bir çırpıcı yardımıyla hızlıca karıştırın.', 'Sıcak su, köri, tuz ve karabiberi katın.', 'Sosu, kısık ateşte koyu bir kıvam alana kadar sürekli karıştırarak 4- 5 dakika pişirin.', 'Hazırladığınız sosu, kavrulan tavuklara ekleyin ve harmanladıktan sonra pişirme işlemini 5 dakika kadar sürdürün.', 'İncecik kıyılmış bir avuç maydanozu, köri soslu tavuğa ilave ettikten sonra bekletmeden sıcak olarak servis edin.', 'Köri soslu tavuk tarifi hazır. Afiyet olsun!']",TAVUK,239b56,/tarif/tavuk/,"['Tavuk', 'Video']","['ekonomik', 'akşam yemeği', 'öğle yemeği']","['Öğle Yemeği', 'Akşam Yemeği']",['Tencere'],"['Ekonomik', 'Bol Proteinli']",False,1200,600,2019-05-14T13:24:40Z,4.0,1396751,11895,False,True,True,0,,0,,,,2014/06/kori-soslu-tavuk-yemekcom.jpg,0,0,https://cdn.yemek.com/mnresize/940/940/uploads/2014/06/kori-soslu-tavuk-yemekcom.jpg,940,940,False,https://cdn.yemek.com/mncrop/300/200/uploads/2014/06/kori-soslu-tavuk-yemekcom.jpg,300,200,True,https://cdn.yemek.com/mncrop/940/625/uploads/2014/06/kori-soslu-tavuk-yemekcom.jpg,940,625,True,https://cdn.yemek.com/mncrop/620/388/uploads/2014/06/kori-soslu-tavuk-yemekcom.jpg,620,388,True,https://cdn.yemek.com/mncrop/600/315/uploads/2014/06/kori-soslu-tavuk-yemekcom.jpg,600,315,True,"['tencere', 'bol proteinli']",,,,,
231,305,Gökçen Mutaf,https://cdn.yemek.com/author/23120/20181227103819_avatar.jpeg,/profil/gokcenmutaf/,Şaşmayan Tarif: Sade Kek,Sade Kek,/tarif/sade-kek/,40 dk,15 dk,"<p>Kocaman kabarmış, lezzetiyle herkesi kendine hayran bırakacak en klasik lezzetlerdendir sade kek tarifi. Süt, yumurta ve şekerin önderliğinde, misler gibi vanilya kokusunun büyüsünde hazırlanan harç fırının sıcacık kollarına teslim edilir. Kabarırken bile kendine hayran bırakan sade kek, çayın yanına hazırlanan en pratik kek olarak çıkar oradan. Karşınızda işte o enfes anların mimarı sade kek tarifi!</p>
<p>Birbirinden nefis <a href=""https://yemek.com/tarif/kek/"" target=""_blank"">kek tarifleri</a> arasında en baştan bize göz kırpan bu lezzet, kabarık ve yumuşak dokusuyla boyut atlıyor bu kez. Çaylarınızın, kahveleriniz hazırsa o yumuşacık sade kek tarifimiz geliyor. Şimdiden ellerinize sağlık.</p>
<p>Not: ""Sade kek de güzel ama kakaolu keki de çok seviyorum"" diyenler için yumuşacık kakaolu kek tarifimiz de hemen <a href=""https://yemek.com/tarif/kakaolu-kek/"" target=""_blank"">şurada</a>.</p>
",recipe,"['yumurta', 'toz şeker', 'süt', 'un', 'kabartma tozu', 'vanilin', 'sıvı yağ']","['Yumurtaları derince bir kaba kırın ve toz şekeri ekledikten sonra bir mikser ile 10 dakika boyunca çırpın.\xa0Krema kıvamına gelen karışıma sıvı yağı ve sütü ekleyip bir spatula ile karıştırın.', 'Üstüne unu, kabartma tozunu ve vanilini de ekledikten sonra tekrar karıştırın ve sıvı yağ ile yağladığınız bir kek kalıbına hazırladığınız karışımı dökün.', 'Önceden ısıtılmış 180 derecelik fırında 40 dakika kadar pişirin.\n\n&nbsp;', 'Kek kürdan testini geçince fırından alın ve tamamen soğuduktan sonra kalıbı ters çevirerek kalıptan çıkarın.', 'Dilimleyerek servis edin.\xa0 Afiyetler olsun!']",TATLI KEK,239b56,/tarif/tatli-kek/,"['Kek', 'Tatlı Kek']",['çay saati'],['Çay Saati'],['Fırın'],['Vejetaryen'],False,2400,900,2022-03-10T07:30:22Z,4.0,1356751,3356,False,False,True,0,,0,,,,2014/07/sade-kek-tarifi-yeni.jpg,0,0,https://cdn.yemek.com/mnresize/940/940/uploads/2014/07/sade-kek-tarifi-yeni.jpg,940,940,False,https://cdn.yemek.com/mncrop/300/200/uploads/2014/07/sade-kek-tarifi-yeni.jpg,300,200,True,https://cdn.yemek.com/mncrop/940/625/uploads/2014/07/sade-kek-tarifi-yeni.jpg,940,625,True,https://cdn.yemek.com/mncrop/620/388/uploads/2014/07/sade-kek-tarifi-yeni.jpg,620,388,True,https://cdn.yemek.com/mncrop/600/315/uploads/2014/07/sade-kek-tarifi-yeni.jpg,600,315,True,['fırın'],,,,,
232,183,Cemre Özgüzel,https://cdn.yemek.com/author/109/20200211010242_avatar.jpg,/profil/cemre-ozguzel/,Pastane Usulü: Un Kurabiyesi,Un Kurabiyesi,/tarif/un-kurabiyesi/,15 dk,25 dk,"<p>Kıyır kıyır dediğimiz <a href=""https://yemek.com/kurabiye-tarifleri/"" target=""_blank"">kurabiye tarifleri</a>nin şahı un kurabiyesidir. Uzun süre bozulmadan dayanabilmesi de bu lezzetli ve pratik kurabiyeyi popüler kılan noktalardan biridir. Kolay un kurabiyesi yapımında pudra şekeri elenerek servis edildiği için tarifinde çok az miktarda şeker kullanılır. Ağza gelmemesi için pudra şekeri tercih edilir. Hem kıvamı hem de dokusuyla, enfes mi enfes <strong>un kurabiyesi tarifi</strong> karşınızda!</p>
<p>""<a href=""https://yemek.com/agizda-dagilan-kurabiye-nasil-yapilir/"" target=""_blank"">Ağızda dağılan un kurabiyesi nasıl yapılır?</a>"" diyenler tarifin detaylarında açıklamalı anlatımını bulacak. Basit ve gerçek un kurabiyesinin tüm malzemeleri, yapılış adımları ve videosu ise hemen aşağıda. Hazırsanız en güzel un kurabiyesini yapmak için çalışmalara başlayalım! ''Un kurabiyesi tarifi nasıl yapılır?'' diyenlerinizi tarifimize alalım. Şimdiden ellerinize sağlık diyor, kolaylığı ve <strong>ağızda dağılan lezzetiyle un kurabiyesi</strong> <a href=""https://yemek.com/tarif/"" target=""_blank"">tarifi</a> karşınızda!</p>
",recipe,"['yumurta', 'un', 'vanilya', 'kabartma tozu', 'pudra şekeri', 'pudra şekeri', 'buğday nişastası', 'oda sıcaklığında tereyağı', 'sıvı yağ']","['Un kurabiyesi için 200 gram oda sıcaklığında bekletilmiş tereyağını derin bir yoğurma kasesine aktarın.', 'Üzerine 1 adet yumurta ve 1 çay bardağı sıvı yağını da ekledikten sonra pürüzsüz bir kıvam olana kadar çırpın.', '1 su bardağı pudra şekeri, 5 yemek kaşığı buğday nişastası, 1 paket kabartma tozu, 1 paket vanilin ve 3 su bardağı unu azar azar ekleyin.', 'Ele yapışmayacak kıvamda bir hamur elde edene kadar yoğurun.', 'Kurabiye hamurundan büyükçe bir parça alın ve tezgahın üzerinde yuvarlayarak 2 parmak kalınlığında rulo şekline getirin.', 'Kenar kısımlarını kesin. Ardından üzerinden çatal yardımıyla geçerek şekil verin.', 'Bıçak yardımıyla 3 parmak genişliğinde parçalar kesin. Fırın tepsisine aktarın.', 'Üzerleri hafif kızarıp renk alana kadar önceden ısıtılmış 170 derece fırında 15 dakika kadar pişirin.', 'Soğuttuktan sonra pudra şekeri eleyin.', 'Ardından un kurabiyelerini servis edin. Afiyetler olsun!']",TATLI KURABİYE,239b56,/tarif/tatli-kurabiyeler/,"['Kurabiye', 'Video', 'Tatlı Kurabiye']",['çay saati'],['Çay Saati'],['Fırın'],,False,900,1500,2022-04-01T07:45:01Z,4.0,1330455,3412,False,True,True,0,,0,,,,2022/04/un-kurabiyesi-onecikan-yeni.jpg,0,0,https://cdn.yemek.com/mnresize/940/940/uploads/2022/04/un-kurabiyesi-onecikan-yeni.jpg,940,940,False,https://cdn.yemek.com/mncrop/300/200/uploads/2022/04/un-kurabiyesi-onecikan-yeni.jpg,300,200,True,https://cdn.yemek.com/mncrop/940/625/uploads/2022/04/un-kurabiyesi-onecikan-yeni.jpg,940,625,True,https://cdn.yemek.com/mncrop/620/388/uploads/2022/04/un-kurabiyesi-onecikan-yeni.jpg,620,388,True,https://cdn.yemek.com/mncrop/600/315/uploads/2022/04/un-kurabiyesi-onecikan-yeni.jpg,600,315,True,['fırın'],,,,,
233,121,Cemre Özgüzel,https://cdn.yemek.com/author/109/20200211010242_avatar.jpg,/profil/cemre-ozguzel/,"Kolay, Pratik, Tam Kıvamında: Kakaolu Kek",Kakaolu Kek,/tarif/kakaolu-kek/,35 dk,10 dk,"<p>Bir parça kakaolu <a href=""https://yemek.com/tarif/kek/"" target=""_blank"">kek</a>; göz doldurur, iştah açar, <a href=""https://yemek.com/tarif/iced-latte/"" target=""_blank"">kahvenin</a> yanında iyi gider, misafir kurtarır, evlat sevindirir, anne özlemini artırır. On diliminde on marifet kakaolu kek, yapması da kolay olduğundan öğrencilerin de yapabilecekleri en nefis ve pratik <a href=""https://yemek.com/tarif/kek/"" target=""_blank"">kek tariflerinden</a> biri.</p>
<p>Kek denince akla gelen ilk <a href=""https://yemek.com/tarif/tatli-kek/"" target=""_blank"">tatlı kek</a> tarif olan <a href=""https://yemek.com/kakaolu-kek-tarifleri/"" target=""_blank"">kakaolu kek tarifi</a>ni en kolay, pratik ve tam kıvamında bir şekilde yapmak mümkün! Bu pratik kakaolu kek yumuşacık ve yaptığınız en güzel kakaolu kek tarifi olacak.</p>
<p>Kakaolu kek <a href=""https://yemek.com/tarif/"" target=""_blank"">tarif</a>imizin videosu hemen aşağıda, afiyet olsun!</p>
",recipe,"['yumurta', 'toz şeker', 'süt', 'un', 'vanilya', 'kabartma tozu', 'kakao', 'maden suyu', 'sıvı yağ']","['Yumurtaları ve toz şekeri derin bir kapta, bir mikser yardımıyla şeker eriyene kadar çırpın.', 'Ardından sıvı yağ, süt ve\xa0 sodayı da üzerine ekleyip çırpmaya devam edin.', 'Kek harcına unu ve kakaoyu azar azar ilave edin. Kabartma tozu ve vanilini de ekledikten sonra spatula yardımıyla, pürüzsüz bir harç elde edene kadar karıştırmaya devam edin.', 'Hazırladığınız kakaolu kek karışımını yağladığınız kek kalıbına dökün.', 'Önceden ısıtılmış 180 derece fırında 30-35 dakika kadar pişirin. İçini çekmesi için beklettiğiniz keki, ılınınca kalıbından çıkartın.', 'Üzerine pudra şekeri serperek servis edin.']",TATLI KEK,239b56,/tarif/tatli-kek/,"['Kek', 'Video', 'Tatlı Kek']","['ekonomik', 'ara öğün']",['Çay Saati'],['Fırın'],['Ekonomik'],False,2100,600,2020-11-19T10:43:04Z,4.0,1321844,5041,False,True,True,0,,0,,,,2019/03/kakaolu-kek-one-cikan-yeni.jpg,0,0,https://cdn.yemek.com/mnresize/940/940/uploads/2019/03/kakaolu-kek-one-cikan-yeni.jpg,940,940,False,https://cdn.yemek.com/mncrop/300/200/uploads/2019/03/kakaolu-kek-one-cikan-yeni.jpg,300,200,True,https://cdn.yemek.com/mncrop/940/625/uploads/2019/03/kakaolu-kek-one-cikan-yeni.jpg,940,625,True,https://cdn.yemek.com/mncrop/620/388/uploads/2019/03/kakaolu-kek-one-cikan-yeni.jpg,620,388,True,https://cdn.yemek.com/mncrop/600/315/uploads/2019/03/kakaolu-kek-one-cikan-yeni.jpg,600,315,True,['fırın'],,,,,
234,302,Yasemin Özaltın,https://cdn.yemek.com/author/35533/20181219061403_avatar.jpg,/profil/yasemingursurer/,"Tüm Püf Noktalarıyla, Kolay: Şekerpare",Şekerpare,/tarif/sekerpare/,25 dk,30 dk,"<p>İrmik ile tatlanıp, kıtır bir kıvam alan tatlılarımızdan o. Evet doğru bildiniz, bayram tatlılarının da başında gelen, <a href=""https://yemek.com/tarif/serbetli-tatlilar/"" target=""_blank"">şerbetli tatlı</a> tariflerinin en sevilenlerinden şekerpare tarifinden bahsediyoruz. Pastanelerde yediğinizde tadı damağınızda kalan <strong>gerçek şekerparelerin sırları</strong>nı aldık, üzeri nefis bir şekilde kızarmış, şerbetini tam kıvamında çekmiş muhteşem bir şekerpare tatlısı hazırladık. Bu keyfe ortak olmak ve 'Şekerpare nasıl yapılır?', ""<strong>Şekerpare şerbeti nasıl yapılır?</strong>"" sorularına cevap bulmak, ""En güzel şekerpare <a href=""https://yemek.com/tarif/tatli/"" target=""_blank"">tatlısı</a> tarifini aradım aradım ama bulamadım"" diyenlerin derdine tam ölçülü ve ev yapımı bir şekerpare tarifiyle çözüm olmak istedik. İşte karşınızda, tüm püf noktalarıyla: Şekerpare <a href=""https://yemek.com/tarif/"" target=""_blank"">tarif</a>i!</p>
<p><a href=""https://yemek.com/tarif/sekerpare-2/"" target=""_blank"">Şekerpare tarifini </a>hazırlamak pek kolay, sonrası tam bir keyif... Üzerine mini mini fındıklar konan tatlılar fırında hafif bir renk alana kadar kızaracak, fırından çıkan sıcak tatlılar önceden hazırlanan soğuk şerbet azar azar eklenecek. Videolu, denenmiş en güzel şekerpare tarifi karşınızda!</p>
<p><a href=""https://yemek.com/ramazan-tatlilari/"" target=""_blank"">Ramazan sofralarında</a>, iftarda olmazsa olmaz tatlılardan biri olan şekerpare tatlısını yaparken işin biraz daha kolayına kaçmak isteyenler <a href=""https://yemek.com/tarif/kolay-sekerpare"" target=""_blank"">kolay şekerpare tarifimize</a>, klasik şekerpare tatlısı tarifi için de videolu tarifimizi davetlisiniz.</p>
",recipe,"['yumurta', 'toz şeker', 'un', 'kabartma tozu', 'su', 'irmik', 'pudra şekeri', 'fındık', 'limonun suyu', 'vanilin', 'Hindistan cevizi', 'margarin veya tuzsuz tereyağı']","['Şekerpare için öncelikle şerbeti hazırlıyoruz. 3 su bardağı suya 2 su bardağı şeker ekleyip karıştırıyoruz ve kaynamaya bırakıyoruz.', 'Kaynayan şerbetin içerisine bir iki damla limon suyu sıktıktan sonra koyu bir şerbet kıvamını alana kadar kısık ateşte bırakıyoruz ve ocaktan aldıktan sonra şerbeti ılımaya bırakıyoruz.', 'Hamurunu hazırlamak için derin bir karıştırma kasesine 1 su bardağı pudra şekeri, 125 gram margarin, 2 yumurta, 2 yemek kaşığı hindistan cevizi, 1 paket vanilin, 1 paket kabartma tozu, 4 yemek kaşığı irmik ve azar azar unu koyup güzelce yoğuruyoruz.', 'Yoğurduğumuz hamuru 15 dakika buzdolabında dinlendirdikten sonra cevizden biraz daha büyük parçalar koparıp elimizle yuvarlak şekil veriyoruz ve pişirme kağıdı serili fırın tepsisin üzerine aralıklı olarak yerleştiriyoruz.', 'Fındıkları şekerparelerin tam ortasına bastırarak yerleştiriyoruz.', 'Şekerpareleri önceden ısıtılmış 180 derece fırında 25 dakika pişiriyoruz.', 'Kurabiyeler sıcak şerbeti de soğukken şerbetini döküyoruz. Şerbeti de döktükten sonra iyice çekmesi için bekliyoruz ve servis ediyoruz. Afiyetler olsun!']",ŞERBETLİ TATLI,239b56,/tarif/serbetli-tatlilar/,"['Hamur İşi', 'Tatlı', 'Şerbetli Tatlı', 'Ramazan', 'Video']",['çay saati'],['Çay Saati'],"['Fırın', 'Tencere']",,False,1500,1800,2022-03-18T13:00:52Z,4.0,1282307,4569,False,True,True,0,,0,,,,2014/07/sekerpare-ytk-site.jpg,0,0,https://cdn.yemek.com/mnresize/940/940/uploads/2014/07/sekerpare-ytk-site.jpg,940,940,False,https://cdn.yemek.com/mncrop/300/200/uploads/2014/07/sekerpare-ytk-site.jpg,300,200,True,https://cdn.yemek.com/mncrop/940/625/uploads/2014/07/sekerpare-ytk-site.jpg,940,625,True,https://cdn.yemek.com/mncrop/620/388/uploads/2014/07/sekerpare-ytk-site.jpg,620,388,True,https://cdn.yemek.com/mncrop/600/315/uploads/2014/07/sekerpare-ytk-site.jpg,600,315,True,['fırın'],,,,,
235,3178,Cemre Özgüzel,https://cdn.yemek.com/author/109/20200211010242_avatar.jpg,/profil/cemre-ozguzel/,Oldu Bile: Üç Malzemeli Kurabiye,Üç Malzemeli Kurabiye,/tarif/uc-malzemeli-kurabiye/,20 dk,15 dk,"<p>Ayçiçek yağı, elenmiş un ve toz krem şanti. Sadece üç malzemeyle hazırlanan <a href=""https://yemek.com/tarif/un-kurabiyesi/"" target=""_blank"">un kurabiyesi</a> gevrekliğinde pratik ve ekonomik bir <a href=""https://yemek.com/tarif/kurabiye/"" target=""_blank"">kurabiye tarifi</a>. Siz çayı demleyene kadar onlar pişmiş hatta dinlenmiş olacak, mutfağı mis gibi kurabiye kokusu saracak. Sonrası tam anlamıyla keyif.</p>
<p>Dilerseniz hazırladığınız hamuru atın buzdolabına 30 dakika dinlendirin elinizle gelişi güzel minik yuvarlaklar yaparak pişirin isterseniz de kaşık yardımıyla tepsiye dizin. Karar sizin.</p>
<p>Kurabiye canavarları da sizi sevecek. Afiyetler olsun.</p>
",recipe,"['ayçiçek yağı', 'un', 'toz krem şanti']","['1 su bardağı ayçiçek yağını derin bir karıştırma kabına alın.', '1 paket toz krem şantiyi ve unun 1 bardaklık kısmını ilave ederek karıştırmaya başlayın.', '2 su bardağı unu da azar azar ilave edin ve yumuşak, ele yapışmayan bir hamur elde edene kadar yoğurun.', 'Kıvam alan hamurunuzdan ceviz büyüklüğünde parçalar alın ve elinizle yuvarlayarak şekil verin. Ardından yağlı kağıt serili bir fırın tepsinin üzerine kurabiyelerinizi aktarın. 175 derecede ısıtılmış fırında rengi hafif değişene kadar 15-20 dakika arası pişirin.', 'Çıkarıp oda sıcaklığında soğuttuktan sonra afiyetle tüketin.']",TATLI KURABİYE,239b56,/tarif/tatli-kurabiyeler/,"['Kurabiye', 'Video', 'Tatlı Kurabiye']",['pratik yemek tarifleri'],['Çay Saati'],['Fırın'],,False,1200,900,2015-08-10T11:18:13Z,4.0,1278903,3887,False,True,False,0,,0,,,,2015/08/uc-malzemeli-kurabiye-yemekcom.jpg,0,0,https://cdn.yemek.com/mnresize/940/940/uploads/2015/08/uc-malzemeli-kurabiye-yemekcom.jpg,940,940,False,https://cdn.yemek.com/mncrop/300/200/uploads/2015/08/uc-malzemeli-kurabiye-yemekcom.jpg,300,200,True,https://cdn.yemek.com/mncrop/940/625/uploads/2015/08/uc-malzemeli-kurabiye-yemekcom.jpg,940,625,True,https://cdn.yemek.com/mncrop/620/388/uploads/2015/08/uc-malzemeli-kurabiye-yemekcom.jpg,620,388,True,https://cdn.yemek.com/mncrop/600/315/uploads/2015/08/uc-malzemeli-kurabiye-yemekcom.jpg,600,315,True,,,,,,
236,2526,Yasemin Özaltın,https://cdn.yemek.com/author/35533/20181219061403_avatar.jpg,/profil/yasemingursurer/,Yumuşacık Etlerin Sırlarıyla: Hünkar Beğendi,Hünkar Beğendi,/tarif/hunkar-begendi/,1 sa,1 sa,"<p>Saray mutfağının önde gelen, hünkarın da midesini fetheden <a href=""https://yemek.com/tarif/"" target=""_blank"">yemek tariflerinden</a> biri hünkar beğendi. Pratik bir yemek tarifi sayılan, aşamaları biraz fazla olsa da lezzetli ana yemeklerden biri o! Tereyağında kavrulmuş un ve soğuk süt ilavesiyle hazırlanan beğendi bir yana dursun kısık ateşte pişen bol soğanlı et karışımı onu diğerlerinden ayırıyor. Karşınıza her haliyle övgüleri toplayacak, <a href=""https://yemek.com/tarif/et/"" target=""_blank"">et yemeklerinin</a> en görkemlisi hünkar beğendi yemeği çıkıyor.</p>
<p>Hünkarımızın bir bildiği olmalı diyerek sizi adım adım resimli ve videolu anlattığımız<strong> hünkar beğendi kebabı</strong> tarifimize alalım. ""<strong>Hünkar beğendinin yanına ne yapılır?</strong>"" diye soranlar için de cevabımız hemen tarifin sonunda. Şimdiden ellerinize sağlık diyor, lezzetine doyum olmaz hünkar beğendi tarifimize buyur ediyoruz. Yaptığım tarif en kusursuz haliyle olsun derseniz de <a href=""https://yemek.com/tarif/kusursuz-hunkar-begendi/"" target=""_blank"">kusursuz hünkar beğendi</a> tarifimize bekleriz. Keyfi ve lezzeti bol bol olsun. Afiyetler olsun!</p>
",recipe,"['tereyağı', 'sıcak su', 'tuz', 'tuz', 'süt', 'un', 'sarımsak', 'zeytinyağı', 'domates salçası', 'taze çekilmiş tane karabiber', 'kaşar peyniri', 'orta boy kuru soğan', 'orta boy domates', 'orta boy patlıcan', 'kuzu but (arzuya göre dana eti)']","['Hünkar beğendi tarifi için 4 adet orta boy patlıcana bıçakla delikler açın ve fırın tepsisine alın. 200 derecede yaklaşık 20 dakika fırınlayın.', 'Fırınlanmış patlıcanları bir kaba alın ve kabuklarının kolay soyulması için üzerini streçleyip, 15 dakika kadar bekledikten sonra kabukları soyun.', 'Bir tavada 3 yemek kaşığı zeytinyağını kızdırın. 2 adet yemeklik doğranmış kuru soğanı da üzerine ilave edip pembeleşinceye kadar kavurun.', '4 diş doğranmış sarımsağı da üzerine ekledikten sonra 600 gram kuşbaşı dana veya kuzu etini ilave edin.', ""Etler suyunu salıp çekene kadar pişmeye bırakın. 1 yemek kaşığı domates salçası, 1'er çay kaşığı tuz ve karabiber, 3 adet soyulmuş, doğranmış domates ekleyin."", '2 su bardağı sıcak su ekleyip etler yumuşayana kadar pişmeye bırakın.', 'Şimdi de beğendiyi hazırlayalım. 1 yemek kaşığı tereyağını bir tavada eritin. 1,5 yemek kaşığı unu üzerine ilave edip kokusu çıkana kadar kavurun.', ""Üzerine fırınladığınız ve kabuklarını soyduğunuz patlıcanları ekleyin. 1,5 su bardağı sütü de üzerine yavaş yavaş ilave edin ve sürekli olarak karıştırın. 1'er çay kaşığı tuz ve karabiberi de ekleyin."", 'Sonra son olarak yarım su bardağı rendelenmiş kaşar peyniri ekleyin ve karıştırıp ocaktan alın.', 'Beğendinin üzerine yumuşacık pişmiş etleri serpiştirin ve servis edin. Hünkar beğendi yemeği hazır, afiyet olsun!']",ET,239b56,/tarif/et/,"['Et', 'Ramazan', 'Video', 'Mevsiminde']","['akşam yemeği', 'öğle yemeği']","['Öğle Yemeği', 'Akşam Yemeği']",['Tencere'],['Ekonomik'],False,3600,3600,2021-03-22T08:32:29Z,4.0,1273470,10647,False,True,True,0,,0,,,,2021/03/hunkar-begendi-son-yemekcom.jpg,0,0,https://cdn.yemek.com/mnresize/940/940/uploads/2021/03/hunkar-begendi-son-yemekcom.jpg,940,940,False,https://cdn.yemek.com/mncrop/300/200/uploads/2021/03/hunkar-begendi-son-yemekcom.jpg,300,200,True,https://cdn.yemek.com/mncrop/940/625/uploads/2021/03/hunkar-begendi-son-yemekcom.jpg,940,625,True,https://cdn.yemek.com/mncrop/620/388/uploads/2021/03/hunkar-begendi-son-yemekcom.jpg,620,388,True,https://cdn.yemek.com/mncrop/600/315/uploads/2021/03/hunkar-begendi-son-yemekcom.jpg,600,315,True,"['tencere', 'bol proteinli', 'bol lifli']",,"['Haziran', 'Temmuz', 'Ağustos']",,,
237,410,Yasemin Özaltın,https://cdn.yemek.com/author/35533/20181219061403_avatar.jpg,/profil/yasemingursurer/,Yağdan Hafif: Fırında Baharatlı Patates,Fırında Baharatlı Patates,/tarif/baharatli-firin-patates/,30 dk,10 dk,"<p>Var mı patates sevmeyen? <a href=""https://yemek.com/tarif/kofte/"" target=""_blank"">Köfte</a>nin yanında patates kızartması yemeyi düşlemeyen, önceden kızarttığı patatesleri yumurtayla harmanlayıp yumurtalı patates haline getirmeyen? Yok yazın da bozuşmayalım şimdi. <a href=""https://yemek.com/tarif/kizartma/"" target=""_blank"">Kızartma</a>sı güzel olsa da bu meredin sağlıktan ödün vermeden de kızarmış patates yemek mümkün. Nasıl mı? Patatesleri fırında kızartarak elbette.</p>
<p><strong>Fırında patates kızartması tarifi</strong>nde o çok sevdiğimiz baharatları ekleyip eser miktarda <a href=""https://yemek.com/sozluk/zeytinyagi/"" target=""_blank"">zeytinyağı</a> ile harmanladığımız patates dilimlerini fırına alıyoruz. Onlar çıtır çıtır kızardıkça size de bu <a href=""https://yemek.com/tarif/atistirmaliklar/"" target=""_blank"">atıştırmalığın</a> keyfini uzun uzadıya çıkarmak kalıyor.</p>
",recipe,"['tuz', 'zeytinyağı', 'karabiber', 'biberiye', 'kekik', 'rendelenmiş sarımsak', 'büyük boy patates', 'toz kırmızı biber']","['Bir kasede zeytinyağı, tuz, toz kırmızı biber, sarımsak, kekik, taze biberiye ve karabiberi alın.', 'Tüm malzemeleri güzelce çırparak karıştırın.', 'Patatesleri elma dilim şeklinde kesin.', 'Tabanını yağlı kağıt ile kapladığınız fırın tepsisine patatesleri yayın. Hazırladığınız sosu patateslerin üzerine gezdirin ve her yerine gelecek şekilde karıştırın.', 'Önceden ısıtılmış 200 derece fırında 25- 30 dakika kızarana kadar fırından yükselen mis gibi kokuyu içinize çeke çeke bekleyin. Piştikten sonra afiyetle tüketin.']",TUZLU ATIŞTIRMALIK,239b56,/tarif/tuzlu-atistirmalik/,"['Sebze', 'Atıştırmalık', 'Video', 'Tuzlu Atıştırmalık', 'Mevsiminde']","['pratik yemek tarifleri', 'ekonomik', 'başlangıç', 'diyet']","['Öğle Yemeği', 'Akşam Yemeği']",['Fırın'],,False,1800,600,2014-08-04T13:30:26Z,4.0,1246823,7207,False,True,True,0,,0,,,,2014/08/baharatli-patates-yemekcom.jpg,0,0,https://cdn.yemek.com/mnresize/940/940/uploads/2014/08/baharatli-patates-yemekcom.jpg,940,940,False,https://cdn.yemek.com/mncrop/300/200/uploads/2014/08/baharatli-patates-yemekcom.jpg,300,200,True,https://cdn.yemek.com/mncrop/940/625/uploads/2014/08/baharatli-patates-yemekcom.jpg,940,625,True,https://cdn.yemek.com/mncrop/620/388/uploads/2014/08/baharatli-patates-yemekcom.jpg,620,388,True,https://cdn.yemek.com/mncrop/600/315/uploads/2014/08/baharatli-patates-yemekcom.jpg,600,315,True,"['vejetaryen', 'fırın', 'düşük karbonhidratlı']",,"['Haziran', 'Temmuz', 'Ağustos', 'Eylül']",,,
238,2040,Yasemin Özaltın,https://cdn.yemek.com/author/35533/20181219061403_avatar.jpg,/profil/yasemingursurer/,Üzeri Kızarmış: Fırın Sütlaç,Fırın Sütlaç,/tarif/firin-sutlac/,45 dk,30 dk,"<p><a href=""https://yemek.com/tarif/sutlu-tatlilar/"" target=""_blank"">Sütlü tatlı</a>ların en besleyici olanı, pirincin en güzel ve <a href=""https://yemek.com/tarif/tatli/"" target=""_blank"">tatlı</a> halidir <a href=""https://yemek.com/tarif/sutlac/"" target=""_blank"">sütlaç</a>. Bu sefer bizim yaptığımız gibi tarifinde küçük bir farklılık yapıp yumurta sarısı ilavesiyle pişirdiğinizde ve porsiyonluk fırın kaplarında pişirme işlemini sürdürdüğünüzde fırın sütlaç göz kırpar size.</p>
<p>Tarçın ilavesi ile soğuk soğuk yendiğinde tadına doyum olmaz. <strong>Tam ölçülü ve kıvamı asla şaşmayan</strong> bir <a href=""https://yemek.com/tarif/"" target=""_blank"">tarif</a> üstelik. Bir yiyenin lezzetine hayran kalacağı fırın sütlaçlar karşınızda! Bir kase yesek mi?</p>
",recipe,"['pirinç', 'toz şeker', 'süt', 'su', 'su', 'yumurta sarısı', 'buğday nişastası', 'vanilin']","['Fırın sütlaç için öncelikle bol suda yıkadığınız pirinçleri; bir tencerede, 2 su bardağı suyu ekleyerek orta ateşte suyunu çekene kadar haşlayın.', 'Soğuk süt ve toz şekeri ayrı bir geniş tencereye alın.\xa0Bir çırpma teliyle toz şeker eriyene kadar karıştırdıktan sonra ocağa alın. Kısık ateşte kaynamaya bırakın.', 'Vanilini toz şeker eriğinde süte ekleyin.', 'Haşlanan pirinçleri ocaktan alın ve fazla suyu kaldıysa süzün.', '1-2 dakika kadar kaynayan şekerli süte haşlanmış pirinçleri ilave edin.', 'Yumurta sarısını, buğday nişastası ve 1 bardak su ilavesiyle ayrı bir kabın içerisine alın.', 'Pürüzsüz bir kıvam alana kadar karıştırın.', 'Yumurta sarısının kesilmemesi için; kısık ateşte kaynamakta olan süt karışımından alıp nişastalı karışımı ılıştırın.', 'Hazırladığınız yumurta sarılı karışımı sütlaç tenceresine azar azar katıp hızlıca karıştırın.', 'Kıvam alan sütlacı, ısıya dayanıklı porsiyonluk güveç kaplarına eşit ölçüde boşaltın.', 'Sütlaç kaselerini, derin bir fırın tepsisine aralıklı olarak dizin. Kapların yarısına gelecek kadar soğuk suyu, sütlaçlara değdirmeden tepsiye dökün.', 'Fırına verdiğiniz sütlaçları, önceden ısıtılmış 200 derece fırında 12-15 dakika kadar pişirin.', 'Fırından bir mutfak eldiveni yardımıyla çıkardığınız sütlaç kaselerini, oda ısısında soğuttuktan sonra buzdolabına kaldırın. Soğuttuktan sonra fırın sütlaçları sevdiklerinizle paylaşın.']",SÜTLÜ TATLI,239b56,/tarif/sutlu-tatlilar/,"['Tatlı', 'Ramazan', 'Sütlü Tatlı', 'Video']","['ekonomik', 'ara öğün', 'çay saati']","['Ara Öğün', 'Çay Saati']","['Fırın', 'Tencere']",,False,2700,1800,2019-05-02T08:14:33Z,4.0,1200815,6587,False,True,True,0,,0,,,,2015/03/ytk-firin-sutlac-site.jpg,0,0,https://cdn.yemek.com/mnresize/940/940/uploads/2015/03/ytk-firin-sutlac-site.jpg,940,940,False,https://cdn.yemek.com/mncrop/300/200/uploads/2015/03/ytk-firin-sutlac-site.jpg,300,200,True,https://cdn.yemek.com/mncrop/940/625/uploads/2015/03/ytk-firin-sutlac-site.jpg,940,625,True,https://cdn.yemek.com/mncrop/620/388/uploads/2015/03/ytk-firin-sutlac-site.jpg,620,388,True,https://cdn.yemek.com/mncrop/600/315/uploads/2015/03/ytk-firin-sutlac-site.jpg,600,315,True,['fırın'],,,,,
239,85,Yasemin Özaltın,https://cdn.yemek.com/author/35533/20181219061403_avatar.jpg,/profil/yasemingursurer/,Terbiyesinin Kesilme Derdi Yok: Yayla Çorbası,Yayla Çorbası,/tarif/yayla-corbasi/,35 dk,15 dk,"<p>Yayla çorbasının tadına varmak için yaz ya da kış fark etmez! Anadolu’nun geleneksel çorbalarından ve <a href=""https://yemek.com/tarif/"" target=""_blank"">yemek tariflerinden</a> biri olan bu lezzet size de nane <strong>ferahlığını</strong> çağrıştırmıyor mu?</p>
<p><a href=""https://yemek.com/tarif/kahvaltiliklar/"" target=""_blank"">Kahvaltı</a>dan akşam yemeğine günün her saati tüketebileceğiniz bu <strong>pratik</strong> ve besleyici <a href=""https://yemek.com/tarif/corba/"" target=""_blank"">çorba tarifi</a>ni püf noktalarına dikkat ederek birlikte hazırlayalım.</p>
<p>En güzel çorba <strong>tariflerinden</strong> biri olan yayla çorbası tarifinde bulunan yoğurt sayesinde bir vitamin kaynağıdır. Hatta bu yüzden yoğurt çorbası olarak bile anılır.</p>
<p>Pirinçli, yoğurtlu bu yayla çorbasının tarifi hem videolu hem de adım adım resimli olarak tüm <strong>püf noktalarıyla</strong> karşınızda. Farklı yayla çorbası tarifi arayanlar için <a href=""https://yemek.com/tarif/yumurtasiz-yayla-corbasi/"" target=""_blank"">yumurtasız yayla çorbası</a> ve <a href=""https://yemek.com/tarif/kolay-yayla-corbasi/"" target=""_blank"">kolay yayla çorbası</a> tarifimizi de öneririz.</p>
",recipe,"['pirinç', 'tereyağı', 'tuz', 'pul biber', 'un', 'su', 'yoğurt', 'yumurta sarısı', 'zeytinyağı', 'kuru nane', 'limonun suyu']","['Çorbayı pişireceğiniz tencereye 2 su bardağı yoğurt, 1,5 yemek kaşığı un, 2 yemek kaşığı limon suyu ekleyip pürüzsüz bir kıvama gelene kadar karıştırın.', '1 yumurta sarısını da karışımın üzerine ekledikten sonra tekrar karıştırın.', '6 su bardağı soğuk suyu da ilave edip orta ateşte kaynamaya bırakın.', 'Çorba kaynamaya başlayınca yıkayıp süzdüğünüz 1 çay bardağı pirinci ekleyin ve tekrar kaynamaya bırakın.', ""Bu sırada ayrı bir tavada 2'şer yemek kaşığı zeytinyağı ve tereyağını kızdırın. 1 yemek kaşığı kuru naneyi de üzerine ekleyip karıştırın ve ocaktan alın."", 'Hazırladığınız yağı kaynamakta olan çorbanın üzerine dökün. Pul biberi ve tuzu da ekleyin.', 'Güzelce karıştırıp ocağın altını kapatın.', 'Yayla çorbanız hazır, afiyet olsun!']",ÇORBA,,/tarif/corba/,"['Çorba', 'Ramazan', 'Video']","['pratik yemek tarifleri', 'ekonomik', 'başlangıç', 'akşam yemeği', 'öğle yemeği']","['Başlangıç', 'Öğle Yemeği', 'Ara Öğün', 'Akşam Yemeği']",['Tencere'],"['Ekonomik', 'Vejetaryen', 'Düşük Karbonhidratlı']",False,2100,900,2019-05-17T08:15:01Z,4.0,1190925,10054,False,True,True,0,,0,,,,2014/06/yayla-corbasi-yemekcom.jpg,0,0,https://cdn.yemek.com/mnresize/940/940/uploads/2014/06/yayla-corbasi-yemekcom.jpg,940,940,False,https://cdn.yemek.com/mncrop/300/200/uploads/2014/06/yayla-corbasi-yemekcom.jpg,300,200,True,https://cdn.yemek.com/mncrop/940/625/uploads/2014/06/yayla-corbasi-yemekcom.jpg,940,625,True,https://cdn.yemek.com/mncrop/620/388/uploads/2014/06/yayla-corbasi-yemekcom.jpg,620,388,True,https://cdn.yemek.com/mncrop/600/315/uploads/2014/06/yayla-corbasi-yemekcom.jpg,600,315,True,"['tencere', 'düşük karbonhidratlı']",greenLight,,,,
240,29467,Yasemin Özaltın,https://cdn.yemek.com/author/35533/20181219061403_avatar.jpg,/profil/yasemingursurer/,3-2-1 Ölçüsüyle: Bayatlamayan Kabartma Tozlu Poğaça,Bayatlamayan Kabartma Tozlu Poğaça,/tarif/bayatlamayan-kabartma-tozlu-pogaca/,15 dk,15 dk,"<p>Hem çok kolay, hem çok hızlı, hem de yemesi pek keyifli muhteşem bir <a href=""https://yemek.com/tarif/pogaca/"" target=""_blank"">poğaça</a>...Bayatlamayan kabartma tozlu poğaça tarifi, hazırlandıktan sonra tadına bakıp da beğenmeyenini, ikincisini istemeyenini zor bulursunuz. İçindeki malzemelerin miktarlarından dolayı “3-2-1 poğaça <a href=""https://yemek.com/tarif/"" target=""_blank"">tarif</a>i” diye de bilinen bu güzelliği hala denemeyenler varsa diye zevkle paylaşıyoruz.</p>
<p>3-2-1 poğaça tarifi, malzemeleri ile de ekonomik! İçinde 3 paket kabartma tozu, 2 bardak yoğurt ve 1 yumurta var. Kabartma tozu ne kadar da çokmuş acı olur o diyorsanız, hiç de öyle olmadığını, inanılmaz yumuşak, aşırı lezzetli olduğunu deneyince anlayacaksınız. Üstelik de bayatlamıyor, hoş gerçi bayatlamasını bekleyecek kadar uzun süre yemeden duramayacaksınız o da ayrı.  O zaman siz aşağıda yazan diğer malzemeleri de hazırlayıverin, <a href=""https://yemek.com/tarif/yumusak-pogaca/"" target=""_blank"">yumuşacık poğaça</a>mızı yapalım. Şimdiden afiyetler olsun.</p>
",recipe,"['tuz', 'toz şeker', 'un', 'kabartma tozu', 'yoğurt', 'yumurta sarısı', 'sirke', 'beyaz peynir', 'susam', 'yumurta beyazı', 'sıvı yağ']","['Bir yoğurma kabına; yağ, yoğurt ve yumurta beyazını alıp güzelce karıştırın.', 'Ardından kabartma tozları, tuz, şeker ve sirkeyi de ilave edip, tekrar karıştırın.', 'Unu azar azar ilave ederek yoğurmaya başlayın. Hafifçe ele yapışan bir hamur elde edeceksiniz.', 'Hazırladığınız hamurdan mandalinadan biraz küçük olacak parçalar kopartın. Elinizle yuvarlayın ve avucunuzla bastırıp yassılaştırın.', 'Yassılaştırdığınız hamur parçasının ortasına bir çatalla ezdiğiniz beyaz peynirden biraz koyun.', 'Kenarlarını birleştirip kapatın ve tekrar yuvarladıktan sonra yağlı kağıt serdiğiniz bir fırın tepsisine yerleştirin.', 'Tüm hamuru bu şekilde hazırlayıp tepsiye dizin.', 'Üstlerine bir fırça yardımıyla yumurta sarısı sürün ve susam serpin. Önceden ısıttığınız 200 derece fırında, üstleri kızarana dek yaklaşık 15 dakika pişirin.', 'Tepsiyi fırından aldıktan sonra ılıklaşmasını bekleyin ve ardından servis edin.']",POĞAÇA,239b56,/tarif/pogaca/,"['Hamur İşi', 'Kahvaltılık', 'Poğaça', 'Video']","['kahvaltı', 'çay saati']","['Kahvaltı', 'Çay Saati']",['Fırın'],['Vejetaryen'],False,900,900,2018-01-31T07:11:19Z,4.0,1443090,8543,False,True,False,0,,0,,,,2018/01/bayatlamayan-pofuduk-pogaca-yemekcom.jpg,0,0,https://cdn.yemek.com/mnresize/940/940/uploads/2018/01/bayatlamayan-pofuduk-pogaca-yemekcom.jpg,940,940,False,https://cdn.yemek.com/mncrop/300/200/uploads/2018/01/bayatlamayan-pofuduk-pogaca-yemekcom.jpg,300,200,True,https://cdn.yemek.com/mncrop/940/625/uploads/2018/01/bayatlamayan-pofuduk-pogaca-yemekcom.jpg,940,625,True,https://cdn.yemek.com/mncrop/620/388/uploads/2018/01/bayatlamayan-pofuduk-pogaca-yemekcom.jpg,620,388,True,https://cdn.yemek.com/mncrop/600/315/uploads/2018/01/bayatlamayan-pofuduk-pogaca-yemekcom.jpg,600,315,True,,,,,,
241,129,Yasemin Özaltın,https://cdn.yemek.com/author/35533/20181219061403_avatar.jpg,/profil/yasemingursurer/,Lokanta Usulü: Köri Soslu Tavuk,Köri Soslu Tavuk,/tarif/kori-soslu-tavuk/,20 dk,10 dk,"<p>Baharat sevenleri, her yaptığı <a href=""https://yemek.com/tarif/"" target=""_blank"">yemek tarifinin</a> içine tuz hariç mutlaka en az 2 baharat ekleyenleri, körinin kokusunu da tadını da çok sevenleri böyle alalım. Güneydoğu Asya Mutfağı'nın vazgeçilmez baharatı köri, içerisinde bulunan sumak, zencefil, kimyon, kişniş vb. baharatlarla tam bir şifa kaynağı olma özelliğini taşıyor. Beyaz etlerle harika bir uyum yakalayan köri, en çok <a href=""https://yemek.com/tarif/tavuk/"" target=""_blank"">tavuk etini</a> seviyor. Karşınızda nefis mi nefis: <strong>Köri soslu tavuk tarifi!</strong></p>
<p>Resimli anlatımıyla, en pratik ve yemelere doyum olmaz körili tavuk tarifini veriyor, köri sos nasıl yapılır tek tek anlatıyoruz. Yanına <a href=""https://yemek.com/tarif/patates-puresi/"" target=""_blank"">patates püresi</a>, <a href=""https://yemek.com/tarif/salata/"" target=""_blank"">salata</a> ya da <a href=""https://yemek.com/tarif/pilav/"" target=""_blank"">pilavla</a> servis edebilirsiniz. Lokantalarda sunulan köri soslu tavuklardan çok daha lezzetli oluyor, yiyen herkes tarifini istiyor. Bu lezzeti sık sık pişirmek isteyeceksiniz. Şimdiden ellerinize sağlık diyor, <a href=""https://yemek.com/soslu-tavuk-yemekleri/"" target=""_blank"">soslu tavuk yemekleri</a> arasında en çok sevilen bu kolay yemek tarifimize buyur ediyoruz.</p>
<p>Köri sosun tadını sevdiyseniz belki sonra <a href=""https://yemek.com/tarif/kremali-korili-tavuklu-makarna/"" target=""_blank"">köri soslu makarna tarifine</a> de şans vermek isteyebilirsiniz. Afiyet olsun!</p>
",recipe,"['tereyağı', 'sıcak su', 'tuz', 'un', 'maydanoz', 'karabiber', 'kuşbaşı tavuk göğsü', 'soğuk süt', 'köri', 'sıvı yağ']","['Sıvı yağını bir tavada kızdırın. Kuşbaşı\xa0doğranmış tavuk göğsünü aktarın.', 'Renk alıp, suyunu çekene kadar orta ateşte kavurun.', 'Köri sosu hazırlamak için; ayrı bir tavada tereyağını sos tenceresinde eritin.', 'Unu da üzerine ekleyin ve\xa0 kokusu çıkıp, renk alana kadar karıştırarak kavurun.', 'Kavrulan una soğuk sütü ekleyin ve unun topaklanmaması için bir çırpıcı yardımıyla hızlıca karıştırın.', 'Sıcak su, köri, tuz ve karabiberi katın.', 'Sosu, kısık ateşte koyu bir kıvam alana kadar sürekli karıştırarak 4- 5 dakika pişirin.', 'Hazırladığınız sosu, kavrulan tavuklara ekleyin ve harmanladıktan sonra pişirme işlemini 5 dakika kadar sürdürün.', 'İncecik kıyılmış bir avuç maydanozu, köri soslu tavuğa ilave ettikten sonra bekletmeden sıcak olarak servis edin.', 'Köri soslu tavuk tarifi hazır. Afiyet olsun!']",TAVUK,239b56,/tarif/tavuk/,"['Tavuk', 'Video']","['ekonomik', 'akşam yemeği', 'öğle yemeği']","['Öğle Yemeği', 'Akşam Yemeği']",['Tencere'],"['Ekonomik', 'Bol Proteinli']",False,1200,600,2019-05-14T13:24:40Z,4.0,1396751,11895,False,True,True,0,,0,,,,2014/06/kori-soslu-tavuk-yemekcom.jpg,0,0,https://cdn.yemek.com/mnresize/940/940/uploads/2014/06/kori-soslu-tavuk-yemekcom.jpg,940,940,False,https://cdn.yemek.com/mncrop/300/200/uploads/2014/06/kori-soslu-tavuk-yemekcom.jpg,300,200,True,https://cdn.yemek.com/mncrop/940/625/uploads/2014/06/kori-soslu-tavuk-yemekcom.jpg,940,625,True,https://cdn.yemek.com/mncrop/620/388/uploads/2014/06/kori-soslu-tavuk-yemekcom.jpg,620,388,True,https://cdn.yemek.com/mncrop/600/315/uploads/2014/06/kori-soslu-tavuk-yemekcom.jpg,600,315,True,"['tencere', 'bol proteinli']",,,,,
242,305,Gökçen Mutaf,https://cdn.yemek.com/author/23120/20181227103819_avatar.jpeg,/profil/gokcenmutaf/,Şaşmayan Tarif: Sade Kek,Sade Kek,/tarif/sade-kek/,40 dk,15 dk,"<p>Kocaman kabarmış, lezzetiyle herkesi kendine hayran bırakacak en klasik lezzetlerdendir sade kek tarifi. Süt, yumurta ve şekerin önderliğinde, misler gibi vanilya kokusunun büyüsünde hazırlanan harç fırının sıcacık kollarına teslim edilir. Kabarırken bile kendine hayran bırakan sade kek, çayın yanına hazırlanan en pratik kek olarak çıkar oradan. Karşınızda işte o enfes anların mimarı sade kek tarifi!</p>
<p>Birbirinden nefis <a href=""https://yemek.com/tarif/kek/"" target=""_blank"">kek tarifleri</a> arasında en baştan bize göz kırpan bu lezzet, kabarık ve yumuşak dokusuyla boyut atlıyor bu kez. Çaylarınızın, kahveleriniz hazırsa o yumuşacık sade kek tarifimiz geliyor. Şimdiden ellerinize sağlık.</p>
<p>Not: ""Sade kek de güzel ama kakaolu keki de çok seviyorum"" diyenler için yumuşacık kakaolu kek tarifimiz de hemen <a href=""https://yemek.com/tarif/kakaolu-kek/"" target=""_blank"">şurada</a>.</p>
",recipe,"['yumurta', 'toz şeker', 'süt', 'un', 'kabartma tozu', 'vanilin', 'sıvı yağ']","['Yumurtaları derince bir kaba kırın ve toz şekeri ekledikten sonra bir mikser ile 10 dakika boyunca çırpın.\xa0Krema kıvamına gelen karışıma sıvı yağı ve sütü ekleyip bir spatula ile karıştırın.', 'Üstüne unu, kabartma tozunu ve vanilini de ekledikten sonra tekrar karıştırın ve sıvı yağ ile yağladığınız bir kek kalıbına hazırladığınız karışımı dökün.', 'Önceden ısıtılmış 180 derecelik fırında 40 dakika kadar pişirin.\n\n&nbsp;', 'Kek kürdan testini geçince fırından alın ve tamamen soğuduktan sonra kalıbı ters çevirerek kalıptan çıkarın.', 'Dilimleyerek servis edin.\xa0 Afiyetler olsun!']",TATLI KEK,239b56,/tarif/tatli-kek/,"['Kek', 'Tatlı Kek']",['çay saati'],['Çay Saati'],['Fırın'],['Vejetaryen'],False,2400,900,2022-03-10T07:30:22Z,4.0,1356751,3356,False,False,True,0,,0,,,,2014/07/sade-kek-tarifi-yeni.jpg,0,0,https://cdn.yemek.com/mnresize/940/940/uploads/2014/07/sade-kek-tarifi-yeni.jpg,940,940,False,https://cdn.yemek.com/mncrop/300/200/uploads/2014/07/sade-kek-tarifi-yeni.jpg,300,200,True,https://cdn.yemek.com/mncrop/940/625/uploads/2014/07/sade-kek-tarifi-yeni.jpg,940,625,True,https://cdn.yemek.com/mncrop/620/388/uploads/2014/07/sade-kek-tarifi-yeni.jpg,620,388,True,https://cdn.yemek.com/mncrop/600/315/uploads/2014/07/sade-kek-tarifi-yeni.jpg,600,315,True,['fırın'],,,,,
243,183,Cemre Özgüzel,https://cdn.yemek.com/author/109/20200211010242_avatar.jpg,/profil/cemre-ozguzel/,Pastane Usulü: Un Kurabiyesi,Un Kurabiyesi,/tarif/un-kurabiyesi/,15 dk,25 dk,"<p>Kıyır kıyır dediğimiz <a href=""https://yemek.com/kurabiye-tarifleri/"" target=""_blank"">kurabiye tarifleri</a>nin şahı un kurabiyesidir. Uzun süre bozulmadan dayanabilmesi de bu lezzetli ve pratik kurabiyeyi popüler kılan noktalardan biridir. Kolay un kurabiyesi yapımında pudra şekeri elenerek servis edildiği için tarifinde çok az miktarda şeker kullanılır. Ağza gelmemesi için pudra şekeri tercih edilir. Hem kıvamı hem de dokusuyla, enfes mi enfes <strong>un kurabiyesi tarifi</strong> karşınızda!</p>
<p>""<a href=""https://yemek.com/agizda-dagilan-kurabiye-nasil-yapilir/"" target=""_blank"">Ağızda dağılan un kurabiyesi nasıl yapılır?</a>"" diyenler tarifin detaylarında açıklamalı anlatımını bulacak. Basit ve gerçek un kurabiyesinin tüm malzemeleri, yapılış adımları ve videosu ise hemen aşağıda. Hazırsanız en güzel un kurabiyesini yapmak için çalışmalara başlayalım! ''Un kurabiyesi tarifi nasıl yapılır?'' diyenlerinizi tarifimize alalım. Şimdiden ellerinize sağlık diyor, kolaylığı ve <strong>ağızda dağılan lezzetiyle un kurabiyesi</strong> <a href=""https://yemek.com/tarif/"" target=""_blank"">tarifi</a> karşınızda!</p>
",recipe,"['yumurta', 'un', 'vanilya', 'kabartma tozu', 'pudra şekeri', 'pudra şekeri', 'buğday nişastası', 'oda sıcaklığında tereyağı', 'sıvı yağ']","['Un kurabiyesi için 200 gram oda sıcaklığında bekletilmiş tereyağını derin bir yoğurma kasesine aktarın.', 'Üzerine 1 adet yumurta ve 1 çay bardağı sıvı yağını da ekledikten sonra pürüzsüz bir kıvam olana kadar çırpın.', '1 su bardağı pudra şekeri, 5 yemek kaşığı buğday nişastası, 1 paket kabartma tozu, 1 paket vanilin ve 3 su bardağı unu azar azar ekleyin.', 'Ele yapışmayacak kıvamda bir hamur elde edene kadar yoğurun.', 'Kurabiye hamurundan büyükçe bir parça alın ve tezgahın üzerinde yuvarlayarak 2 parmak kalınlığında rulo şekline getirin.', 'Kenar kısımlarını kesin. Ardından üzerinden çatal yardımıyla geçerek şekil verin.', 'Bıçak yardımıyla 3 parmak genişliğinde parçalar kesin. Fırın tepsisine aktarın.', 'Üzerleri hafif kızarıp renk alana kadar önceden ısıtılmış 170 derece fırında 15 dakika kadar pişirin.', 'Soğuttuktan sonra pudra şekeri eleyin.', 'Ardından un kurabiyelerini servis edin. Afiyetler olsun!']",TATLI KURABİYE,239b56,/tarif/tatli-kurabiyeler/,"['Kurabiye', 'Video', 'Tatlı Kurabiye']",['çay saati'],['Çay Saati'],['Fırın'],,False,900,1500,2022-04-01T07:45:01Z,4.0,1330455,3412,False,True,True,0,,0,,,,2022/04/un-kurabiyesi-onecikan-yeni.jpg,0,0,https://cdn.yemek.com/mnresize/940/940/uploads/2022/04/un-kurabiyesi-onecikan-yeni.jpg,940,940,False,https://cdn.yemek.com/mncrop/300/200/uploads/2022/04/un-kurabiyesi-onecikan-yeni.jpg,300,200,True,https://cdn.yemek.com/mncrop/940/625/uploads/2022/04/un-kurabiyesi-onecikan-yeni.jpg,940,625,True,https://cdn.yemek.com/mncrop/620/388/uploads/2022/04/un-kurabiyesi-onecikan-yeni.jpg,620,388,True,https://cdn.yemek.com/mncrop/600/315/uploads/2022/04/un-kurabiyesi-onecikan-yeni.jpg,600,315,True,['fırın'],,,,,
244,121,Cemre Özgüzel,https://cdn.yemek.com/author/109/20200211010242_avatar.jpg,/profil/cemre-ozguzel/,"Kolay, Pratik, Tam Kıvamında: Kakaolu Kek",Kakaolu Kek,/tarif/kakaolu-kek/,35 dk,10 dk,"<p>Bir parça kakaolu <a href=""https://yemek.com/tarif/kek/"" target=""_blank"">kek</a>; göz doldurur, iştah açar, <a href=""https://yemek.com/tarif/iced-latte/"" target=""_blank"">kahvenin</a> yanında iyi gider, misafir kurtarır, evlat sevindirir, anne özlemini artırır. On diliminde on marifet kakaolu kek, yapması da kolay olduğundan öğrencilerin de yapabilecekleri en nefis ve pratik <a href=""https://yemek.com/tarif/kek/"" target=""_blank"">kek tariflerinden</a> biri.</p>
<p>Kek denince akla gelen ilk <a href=""https://yemek.com/tarif/tatli-kek/"" target=""_blank"">tatlı kek</a> tarif olan <a href=""https://yemek.com/kakaolu-kek-tarifleri/"" target=""_blank"">kakaolu kek tarifi</a>ni en kolay, pratik ve tam kıvamında bir şekilde yapmak mümkün! Bu pratik kakaolu kek yumuşacık ve yaptığınız en güzel kakaolu kek tarifi olacak.</p>
<p>Kakaolu kek <a href=""https://yemek.com/tarif/"" target=""_blank"">tarif</a>imizin videosu hemen aşağıda, afiyet olsun!</p>
",recipe,"['yumurta', 'toz şeker', 'süt', 'un', 'vanilya', 'kabartma tozu', 'kakao', 'maden suyu', 'sıvı yağ']","['Yumurtaları ve toz şekeri derin bir kapta, bir mikser yardımıyla şeker eriyene kadar çırpın.', 'Ardından sıvı yağ, süt ve\xa0 sodayı da üzerine ekleyip çırpmaya devam edin.', 'Kek harcına unu ve kakaoyu azar azar ilave edin. Kabartma tozu ve vanilini de ekledikten sonra spatula yardımıyla, pürüzsüz bir harç elde edene kadar karıştırmaya devam edin.', 'Hazırladığınız kakaolu kek karışımını yağladığınız kek kalıbına dökün.', 'Önceden ısıtılmış 180 derece fırında 30-35 dakika kadar pişirin. İçini çekmesi için beklettiğiniz keki, ılınınca kalıbından çıkartın.', 'Üzerine pudra şekeri serperek servis edin.']",TATLI KEK,239b56,/tarif/tatli-kek/,"['Kek', 'Video', 'Tatlı Kek']","['ekonomik', 'ara öğün']",['Çay Saati'],['Fırın'],['Ekonomik'],False,2100,600,2020-11-19T10:43:04Z,4.0,1321844,5041,False,True,True,0,,0,,,,2019/03/kakaolu-kek-one-cikan-yeni.jpg,0,0,https://cdn.yemek.com/mnresize/940/940/uploads/2019/03/kakaolu-kek-one-cikan-yeni.jpg,940,940,False,https://cdn.yemek.com/mncrop/300/200/uploads/2019/03/kakaolu-kek-one-cikan-yeni.jpg,300,200,True,https://cdn.yemek.com/mncrop/940/625/uploads/2019/03/kakaolu-kek-one-cikan-yeni.jpg,940,625,True,https://cdn.yemek.com/mncrop/620/388/uploads/2019/03/kakaolu-kek-one-cikan-yeni.jpg,620,388,True,https://cdn.yemek.com/mncrop/600/315/uploads/2019/03/kakaolu-kek-one-cikan-yeni.jpg,600,315,True,['fırın'],,,,,
245,302,Yasemin Özaltın,https://cdn.yemek.com/author/35533/20181219061403_avatar.jpg,/profil/yasemingursurer/,"Tüm Püf Noktalarıyla, Kolay: Şekerpare",Şekerpare,/tarif/sekerpare/,25 dk,30 dk,"<p>İrmik ile tatlanıp, kıtır bir kıvam alan tatlılarımızdan o. Evet doğru bildiniz, bayram tatlılarının da başında gelen, <a href=""https://yemek.com/tarif/serbetli-tatlilar/"" target=""_blank"">şerbetli tatlı</a> tariflerinin en sevilenlerinden şekerpare tarifinden bahsediyoruz. Pastanelerde yediğinizde tadı damağınızda kalan <strong>gerçek şekerparelerin sırları</strong>nı aldık, üzeri nefis bir şekilde kızarmış, şerbetini tam kıvamında çekmiş muhteşem bir şekerpare tatlısı hazırladık. Bu keyfe ortak olmak ve 'Şekerpare nasıl yapılır?', ""<strong>Şekerpare şerbeti nasıl yapılır?</strong>"" sorularına cevap bulmak, ""En güzel şekerpare <a href=""https://yemek.com/tarif/tatli/"" target=""_blank"">tatlısı</a> tarifini aradım aradım ama bulamadım"" diyenlerin derdine tam ölçülü ve ev yapımı bir şekerpare tarifiyle çözüm olmak istedik. İşte karşınızda, tüm püf noktalarıyla: Şekerpare <a href=""https://yemek.com/tarif/"" target=""_blank"">tarif</a>i!</p>
<p><a href=""https://yemek.com/tarif/sekerpare-2/"" target=""_blank"">Şekerpare tarifini </a>hazırlamak pek kolay, sonrası tam bir keyif... Üzerine mini mini fındıklar konan tatlılar fırında hafif bir renk alana kadar kızaracak, fırından çıkan sıcak tatlılar önceden hazırlanan soğuk şerbet azar azar eklenecek. Videolu, denenmiş en güzel şekerpare tarifi karşınızda!</p>
<p><a href=""https://yemek.com/ramazan-tatlilari/"" target=""_blank"">Ramazan sofralarında</a>, iftarda olmazsa olmaz tatlılardan biri olan şekerpare tatlısını yaparken işin biraz daha kolayına kaçmak isteyenler <a href=""https://yemek.com/tarif/kolay-sekerpare"" target=""_blank"">kolay şekerpare tarifimize</a>, klasik şekerpare tatlısı tarifi için de videolu tarifimizi davetlisiniz.</p>
",recipe,"['yumurta', 'toz şeker', 'un', 'kabartma tozu', 'su', 'irmik', 'pudra şekeri', 'fındık', 'limonun suyu', 'vanilin', 'Hindistan cevizi', 'margarin veya tuzsuz tereyağı']","['Şekerpare için öncelikle şerbeti hazırlıyoruz. 3 su bardağı suya 2 su bardağı şeker ekleyip karıştırıyoruz ve kaynamaya bırakıyoruz.', 'Kaynayan şerbetin içerisine bir iki damla limon suyu sıktıktan sonra koyu bir şerbet kıvamını alana kadar kısık ateşte bırakıyoruz ve ocaktan aldıktan sonra şerbeti ılımaya bırakıyoruz.', 'Hamurunu hazırlamak için derin bir karıştırma kasesine 1 su bardağı pudra şekeri, 125 gram margarin, 2 yumurta, 2 yemek kaşığı hindistan cevizi, 1 paket vanilin, 1 paket kabartma tozu, 4 yemek kaşığı irmik ve azar azar unu koyup güzelce yoğuruyoruz.', 'Yoğurduğumuz hamuru 15 dakika buzdolabında dinlendirdikten sonra cevizden biraz daha büyük parçalar koparıp elimizle yuvarlak şekil veriyoruz ve pişirme kağıdı serili fırın tepsisin üzerine aralıklı olarak yerleştiriyoruz.', 'Fındıkları şekerparelerin tam ortasına bastırarak yerleştiriyoruz.', 'Şekerpareleri önceden ısıtılmış 180 derece fırında 25 dakika pişiriyoruz.', 'Kurabiyeler sıcak şerbeti de soğukken şerbetini döküyoruz. Şerbeti de döktükten sonra iyice çekmesi için bekliyoruz ve servis ediyoruz. Afiyetler olsun!']",ŞERBETLİ TATLI,239b56,/tarif/serbetli-tatlilar/,"['Hamur İşi', 'Tatlı', 'Şerbetli Tatlı', 'Ramazan', 'Video']",['çay saati'],['Çay Saati'],"['Fırın', 'Tencere']",,False,1500,1800,2022-03-18T13:00:52Z,4.0,1282307,4569,False,True,True,0,,0,,,,2014/07/sekerpare-ytk-site.jpg,0,0,https://cdn.yemek.com/mnresize/940/940/uploads/2014/07/sekerpare-ytk-site.jpg,940,940,False,https://cdn.yemek.com/mncrop/300/200/uploads/2014/07/sekerpare-ytk-site.jpg,300,200,True,https://cdn.yemek.com/mncrop/940/625/uploads/2014/07/sekerpare-ytk-site.jpg,940,625,True,https://cdn.yemek.com/mncrop/620/388/uploads/2014/07/sekerpare-ytk-site.jpg,620,388,True,https://cdn.yemek.com/mncrop/600/315/uploads/2014/07/sekerpare-ytk-site.jpg,600,315,True,['fırın'],,,,,
246,3178,Cemre Özgüzel,https://cdn.yemek.com/author/109/20200211010242_avatar.jpg,/profil/cemre-ozguzel/,Oldu Bile: Üç Malzemeli Kurabiye,Üç Malzemeli Kurabiye,/tarif/uc-malzemeli-kurabiye/,20 dk,15 dk,"<p>Ayçiçek yağı, elenmiş un ve toz krem şanti. Sadece üç malzemeyle hazırlanan <a href=""https://yemek.com/tarif/un-kurabiyesi/"" target=""_blank"">un kurabiyesi</a> gevrekliğinde pratik ve ekonomik bir <a href=""https://yemek.com/tarif/kurabiye/"" target=""_blank"">kurabiye tarifi</a>. Siz çayı demleyene kadar onlar pişmiş hatta dinlenmiş olacak, mutfağı mis gibi kurabiye kokusu saracak. Sonrası tam anlamıyla keyif.</p>
<p>Dilerseniz hazırladığınız hamuru atın buzdolabına 30 dakika dinlendirin elinizle gelişi güzel minik yuvarlaklar yaparak pişirin isterseniz de kaşık yardımıyla tepsiye dizin. Karar sizin.</p>
<p>Kurabiye canavarları da sizi sevecek. Afiyetler olsun.</p>
",recipe,"['ayçiçek yağı', 'un', 'toz krem şanti']","['1 su bardağı ayçiçek yağını derin bir karıştırma kabına alın.', '1 paket toz krem şantiyi ve unun 1 bardaklık kısmını ilave ederek karıştırmaya başlayın.', '2 su bardağı unu da azar azar ilave edin ve yumuşak, ele yapışmayan bir hamur elde edene kadar yoğurun.', 'Kıvam alan hamurunuzdan ceviz büyüklüğünde parçalar alın ve elinizle yuvarlayarak şekil verin. Ardından yağlı kağıt serili bir fırın tepsinin üzerine kurabiyelerinizi aktarın. 175 derecede ısıtılmış fırında rengi hafif değişene kadar 15-20 dakika arası pişirin.', 'Çıkarıp oda sıcaklığında soğuttuktan sonra afiyetle tüketin.']",TATLI KURABİYE,239b56,/tarif/tatli-kurabiyeler/,"['Kurabiye', 'Video', 'Tatlı Kurabiye']",['pratik yemek tarifleri'],['Çay Saati'],['Fırın'],,False,1200,900,2015-08-10T11:18:13Z,4.0,1278903,3887,False,True,False,0,,0,,,,2015/08/uc-malzemeli-kurabiye-yemekcom.jpg,0,0,https://cdn.yemek.com/mnresize/940/940/uploads/2015/08/uc-malzemeli-kurabiye-yemekcom.jpg,940,940,False,https://cdn.yemek.com/mncrop/300/200/uploads/2015/08/uc-malzemeli-kurabiye-yemekcom.jpg,300,200,True,https://cdn.yemek.com/mncrop/940/625/uploads/2015/08/uc-malzemeli-kurabiye-yemekcom.jpg,940,625,True,https://cdn.yemek.com/mncrop/620/388/uploads/2015/08/uc-malzemeli-kurabiye-yemekcom.jpg,620,388,True,https://cdn.yemek.com/mncrop/600/315/uploads/2015/08/uc-malzemeli-kurabiye-yemekcom.jpg,600,315,True,,,,,,
247,2526,Yasemin Özaltın,https://cdn.yemek.com/author/35533/20181219061403_avatar.jpg,/profil/yasemingursurer/,Yumuşacık Etlerin Sırlarıyla: Hünkar Beğendi,Hünkar Beğendi,/tarif/hunkar-begendi/,1 sa,1 sa,"<p>Saray mutfağının önde gelen, hünkarın da midesini fetheden <a href=""https://yemek.com/tarif/"" target=""_blank"">yemek tariflerinden</a> biri hünkar beğendi. Pratik bir yemek tarifi sayılan, aşamaları biraz fazla olsa da lezzetli ana yemeklerden biri o! Tereyağında kavrulmuş un ve soğuk süt ilavesiyle hazırlanan beğendi bir yana dursun kısık ateşte pişen bol soğanlı et karışımı onu diğerlerinden ayırıyor. Karşınıza her haliyle övgüleri toplayacak, <a href=""https://yemek.com/tarif/et/"" target=""_blank"">et yemeklerinin</a> en görkemlisi hünkar beğendi yemeği çıkıyor.</p>
<p>Hünkarımızın bir bildiği olmalı diyerek sizi adım adım resimli ve videolu anlattığımız<strong> hünkar beğendi kebabı</strong> tarifimize alalım. ""<strong>Hünkar beğendinin yanına ne yapılır?</strong>"" diye soranlar için de cevabımız hemen tarifin sonunda. Şimdiden ellerinize sağlık diyor, lezzetine doyum olmaz hünkar beğendi tarifimize buyur ediyoruz. Yaptığım tarif en kusursuz haliyle olsun derseniz de <a href=""https://yemek.com/tarif/kusursuz-hunkar-begendi/"" target=""_blank"">kusursuz hünkar beğendi</a> tarifimize bekleriz. Keyfi ve lezzeti bol bol olsun. Afiyetler olsun!</p>
",recipe,"['tereyağı', 'sıcak su', 'tuz', 'tuz', 'süt', 'un', 'sarımsak', 'zeytinyağı', 'domates salçası', 'taze çekilmiş tane karabiber', 'kaşar peyniri', 'orta boy kuru soğan', 'orta boy domates', 'orta boy patlıcan', 'kuzu but (arzuya göre dana eti)']","['Hünkar beğendi tarifi için 4 adet orta boy patlıcana bıçakla delikler açın ve fırın tepsisine alın. 200 derecede yaklaşık 20 dakika fırınlayın.', 'Fırınlanmış patlıcanları bir kaba alın ve kabuklarının kolay soyulması için üzerini streçleyip, 15 dakika kadar bekledikten sonra kabukları soyun.', 'Bir tavada 3 yemek kaşığı zeytinyağını kızdırın. 2 adet yemeklik doğranmış kuru soğanı da üzerine ilave edip pembeleşinceye kadar kavurun.', '4 diş doğranmış sarımsağı da üzerine ekledikten sonra 600 gram kuşbaşı dana veya kuzu etini ilave edin.', ""Etler suyunu salıp çekene kadar pişmeye bırakın. 1 yemek kaşığı domates salçası, 1'er çay kaşığı tuz ve karabiber, 3 adet soyulmuş, doğranmış domates ekleyin."", '2 su bardağı sıcak su ekleyip etler yumuşayana kadar pişmeye bırakın.', 'Şimdi de beğendiyi hazırlayalım. 1 yemek kaşığı tereyağını bir tavada eritin. 1,5 yemek kaşığı unu üzerine ilave edip kokusu çıkana kadar kavurun.', ""Üzerine fırınladığınız ve kabuklarını soyduğunuz patlıcanları ekleyin. 1,5 su bardağı sütü de üzerine yavaş yavaş ilave edin ve sürekli olarak karıştırın. 1'er çay kaşığı tuz ve karabiberi de ekleyin."", 'Sonra son olarak yarım su bardağı rendelenmiş kaşar peyniri ekleyin ve karıştırıp ocaktan alın.', 'Beğendinin üzerine yumuşacık pişmiş etleri serpiştirin ve servis edin. Hünkar beğendi yemeği hazır, afiyet olsun!']",ET,239b56,/tarif/et/,"['Et', 'Ramazan', 'Video', 'Mevsiminde']","['akşam yemeği', 'öğle yemeği']","['Öğle Yemeği', 'Akşam Yemeği']",['Tencere'],['Ekonomik'],False,3600,3600,2021-03-22T08:32:29Z,4.0,1273470,10647,False,True,True,0,,0,,,,2021/03/hunkar-begendi-son-yemekcom.jpg,0,0,https://cdn.yemek.com/mnresize/940/940/uploads/2021/03/hunkar-begendi-son-yemekcom.jpg,940,940,False,https://cdn.yemek.com/mncrop/300/200/uploads/2021/03/hunkar-begendi-son-yemekcom.jpg,300,200,True,https://cdn.yemek.com/mncrop/940/625/uploads/2021/03/hunkar-begendi-son-yemekcom.jpg,940,625,True,https://cdn.yemek.com/mncrop/620/388/uploads/2021/03/hunkar-begendi-son-yemekcom.jpg,620,388,True,https://cdn.yemek.com/mncrop/600/315/uploads/2021/03/hunkar-begendi-son-yemekcom.jpg,600,315,True,"['tencere', 'bol proteinli', 'bol lifli']",,"['Haziran', 'Temmuz', 'Ağustos']",,,
248,410,Yasemin Özaltın,https://cdn.yemek.com/author/35533/20181219061403_avatar.jpg,/profil/yasemingursurer/,Yağdan Hafif: Fırında Baharatlı Patates,Fırında Baharatlı Patates,/tarif/baharatli-firin-patates/,30 dk,10 dk,"<p>Var mı patates sevmeyen? <a href=""https://yemek.com/tarif/kofte/"" target=""_blank"">Köfte</a>nin yanında patates kızartması yemeyi düşlemeyen, önceden kızarttığı patatesleri yumurtayla harmanlayıp yumurtalı patates haline getirmeyen? Yok yazın da bozuşmayalım şimdi. <a href=""https://yemek.com/tarif/kizartma/"" target=""_blank"">Kızartma</a>sı güzel olsa da bu meredin sağlıktan ödün vermeden de kızarmış patates yemek mümkün. Nasıl mı? Patatesleri fırında kızartarak elbette.</p>
<p><strong>Fırında patates kızartması tarifi</strong>nde o çok sevdiğimiz baharatları ekleyip eser miktarda <a href=""https://yemek.com/sozluk/zeytinyagi/"" target=""_blank"">zeytinyağı</a> ile harmanladığımız patates dilimlerini fırına alıyoruz. Onlar çıtır çıtır kızardıkça size de bu <a href=""https://yemek.com/tarif/atistirmaliklar/"" target=""_blank"">atıştırmalığın</a> keyfini uzun uzadıya çıkarmak kalıyor.</p>
",recipe,"['tuz', 'zeytinyağı', 'karabiber', 'biberiye', 'kekik', 'rendelenmiş sarımsak', 'büyük boy patates', 'toz kırmızı biber']","['Bir kasede zeytinyağı, tuz, toz kırmızı biber, sarımsak, kekik, taze biberiye ve karabiberi alın.', 'Tüm malzemeleri güzelce çırparak karıştırın.', 'Patatesleri elma dilim şeklinde kesin.', 'Tabanını yağlı kağıt ile kapladığınız fırın tepsisine patatesleri yayın. Hazırladığınız sosu patateslerin üzerine gezdirin ve her yerine gelecek şekilde karıştırın.', 'Önceden ısıtılmış 200 derece fırında 25- 30 dakika kızarana kadar fırından yükselen mis gibi kokuyu içinize çeke çeke bekleyin. Piştikten sonra afiyetle tüketin.']",TUZLU ATIŞTIRMALIK,239b56,/tarif/tuzlu-atistirmalik/,"['Sebze', 'Atıştırmalık', 'Video', 'Tuzlu Atıştırmalık', 'Mevsiminde']","['pratik yemek tarifleri', 'ekonomik', 'başlangıç', 'diyet']","['Öğle Yemeği', 'Akşam Yemeği']",['Fırın'],,False,1800,600,2014-08-04T13:30:26Z,4.0,1246823,7207,False,True,True,0,,0,,,,2014/08/baharatli-patates-yemekcom.jpg,0,0,https://cdn.yemek.com/mnresize/940/940/uploads/2014/08/baharatli-patates-yemekcom.jpg,940,940,False,https://cdn.yemek.com/mncrop/300/200/uploads/2014/08/baharatli-patates-yemekcom.jpg,300,200,True,https://cdn.yemek.com/mncrop/940/625/uploads/2014/08/baharatli-patates-yemekcom.jpg,940,625,True,https://cdn.yemek.com/mncrop/620/388/uploads/2014/08/baharatli-patates-yemekcom.jpg,620,388,True,https://cdn.yemek.com/mncrop/600/315/uploads/2014/08/baharatli-patates-yemekcom.jpg,600,315,True,"['vejetaryen', 'fırın', 'düşük karbonhidratlı']",,"['Haziran', 'Temmuz', 'Ağustos', 'Eylül']",,,
249,2040,Yasemin Özaltın,https://cdn.yemek.com/author/35533/20181219061403_avatar.jpg,/profil/yasemingursurer/,Üzeri Kızarmış: Fırın Sütlaç,Fırın Sütlaç,/tarif/firin-sutlac/,45 dk,30 dk,"<p><a href=""https://yemek.com/tarif/sutlu-tatlilar/"" target=""_blank"">Sütlü tatlı</a>ların en besleyici olanı, pirincin en güzel ve <a href=""https://yemek.com/tarif/tatli/"" target=""_blank"">tatlı</a> halidir <a href=""https://yemek.com/tarif/sutlac/"" target=""_blank"">sütlaç</a>. Bu sefer bizim yaptığımız gibi tarifinde küçük bir farklılık yapıp yumurta sarısı ilavesiyle pişirdiğinizde ve porsiyonluk fırın kaplarında pişirme işlemini sürdürdüğünüzde fırın sütlaç göz kırpar size.</p>
<p>Tarçın ilavesi ile soğuk soğuk yendiğinde tadına doyum olmaz. <strong>Tam ölçülü ve kıvamı asla şaşmayan</strong> bir <a href=""https://yemek.com/tarif/"" target=""_blank"">tarif</a> üstelik. Bir yiyenin lezzetine hayran kalacağı fırın sütlaçlar karşınızda! Bir kase yesek mi?</p>
",recipe,"['pirinç', 'toz şeker', 'süt', 'su', 'su', 'yumurta sarısı', 'buğday nişastası', 'vanilin']","['Fırın sütlaç için öncelikle bol suda yıkadığınız pirinçleri; bir tencerede, 2 su bardağı suyu ekleyerek orta ateşte suyunu çekene kadar haşlayın.', 'Soğuk süt ve toz şekeri ayrı bir geniş tencereye alın.\xa0Bir çırpma teliyle toz şeker eriyene kadar karıştırdıktan sonra ocağa alın. Kısık ateşte kaynamaya bırakın.', 'Vanilini toz şeker eriğinde süte ekleyin.', 'Haşlanan pirinçleri ocaktan alın ve fazla suyu kaldıysa süzün.', '1-2 dakika kadar kaynayan şekerli süte haşlanmış pirinçleri ilave edin.', 'Yumurta sarısını, buğday nişastası ve 1 bardak su ilavesiyle ayrı bir kabın içerisine alın.', 'Pürüzsüz bir kıvam alana kadar karıştırın.', 'Yumurta sarısının kesilmemesi için; kısık ateşte kaynamakta olan süt karışımından alıp nişastalı karışımı ılıştırın.', 'Hazırladığınız yumurta sarılı karışımı sütlaç tenceresine azar azar katıp hızlıca karıştırın.', 'Kıvam alan sütlacı, ısıya dayanıklı porsiyonluk güveç kaplarına eşit ölçüde boşaltın.', 'Sütlaç kaselerini, derin bir fırın tepsisine aralıklı olarak dizin. Kapların yarısına gelecek kadar soğuk suyu, sütlaçlara değdirmeden tepsiye dökün.', 'Fırına verdiğiniz sütlaçları, önceden ısıtılmış 200 derece fırında 12-15 dakika kadar pişirin.', 'Fırından bir mutfak eldiveni yardımıyla çıkardığınız sütlaç kaselerini, oda ısısında soğuttuktan sonra buzdolabına kaldırın. Soğuttuktan sonra fırın sütlaçları sevdiklerinizle paylaşın.']",SÜTLÜ TATLI,239b56,/tarif/sutlu-tatlilar/,"['Tatlı', 'Ramazan', 'Sütlü Tatlı', 'Video']","['ekonomik', 'ara öğün', 'çay saati']","['Ara Öğün', 'Çay Saati']","['Fırın', 'Tencere']",,False,2700,1800,2019-05-02T08:14:33Z,4.0,1200815,6587,False,True,True,0,,0,,,,2015/03/ytk-firin-sutlac-site.jpg,0,0,https://cdn.yemek.com/mnresize/940/940/uploads/2015/03/ytk-firin-sutlac-site.jpg,940,940,False,https://cdn.yemek.com/mncrop/300/200/uploads/2015/03/ytk-firin-sutlac-site.jpg,300,200,True,https://cdn.yemek.com/mncrop/940/625/uploads/2015/03/ytk-firin-sutlac-site.jpg,940,625,True,https://cdn.yemek.com/mncrop/620/388/uploads/2015/03/ytk-firin-sutlac-site.jpg,620,388,True,https://cdn.yemek.com/mncrop/600/315/uploads/2015/03/ytk-firin-sutlac-site.jpg,600,315,True,['fırın'],,,,,
250,85,Yasemin Özaltın,https://cdn.yemek.com/author/35533/20181219061403_avatar.jpg,/profil/yasemingursurer/,Terbiyesinin Kesilme Derdi Yok: Yayla Çorbası,Yayla Çorbası,/tarif/yayla-corbasi/,35 dk,15 dk,"<p>Yayla çorbasının tadına varmak için yaz ya da kış fark etmez! Anadolu’nun geleneksel çorbalarından ve <a href=""https://yemek.com/tarif/"" target=""_blank"">yemek tariflerinden</a> biri olan bu lezzet size de nane <strong>ferahlığını</strong> çağrıştırmıyor mu?</p>
<p><a href=""https://yemek.com/tarif/kahvaltiliklar/"" target=""_blank"">Kahvaltı</a>dan akşam yemeğine günün her saati tüketebileceğiniz bu <strong>pratik</strong> ve besleyici <a href=""https://yemek.com/tarif/corba/"" target=""_blank"">çorba tarifi</a>ni püf noktalarına dikkat ederek birlikte hazırlayalım.</p>
<p>En güzel çorba <strong>tariflerinden</strong> biri olan yayla çorbası tarifinde bulunan yoğurt sayesinde bir vitamin kaynağıdır. Hatta bu yüzden yoğurt çorbası olarak bile anılır.</p>
<p>Pirinçli, yoğurtlu bu yayla çorbasının tarifi hem videolu hem de adım adım resimli olarak tüm <strong>püf noktalarıyla</strong> karşınızda. Farklı yayla çorbası tarifi arayanlar için <a href=""https://yemek.com/tarif/yumurtasiz-yayla-corbasi/"" target=""_blank"">yumurtasız yayla çorbası</a> ve <a href=""https://yemek.com/tarif/kolay-yayla-corbasi/"" target=""_blank"">kolay yayla çorbası</a> tarifimizi de öneririz.</p>
",recipe,"['pirinç', 'tereyağı', 'tuz', 'pul biber', 'un', 'su', 'yoğurt', 'yumurta sarısı', 'zeytinyağı', 'kuru nane', 'limonun suyu']","['Çorbayı pişireceğiniz tencereye 2 su bardağı yoğurt, 1,5 yemek kaşığı un, 2 yemek kaşığı limon suyu ekleyip pürüzsüz bir kıvama gelene kadar karıştırın.', '1 yumurta sarısını da karışımın üzerine ekledikten sonra tekrar karıştırın.', '6 su bardağı soğuk suyu da ilave edip orta ateşte kaynamaya bırakın.', 'Çorba kaynamaya başlayınca yıkayıp süzdüğünüz 1 çay bardağı pirinci ekleyin ve tekrar kaynamaya bırakın.', ""Bu sırada ayrı bir tavada 2'şer yemek kaşığı zeytinyağı ve tereyağını kızdırın. 1 yemek kaşığı kuru naneyi de üzerine ekleyip karıştırın ve ocaktan alın."", 'Hazırladığınız yağı kaynamakta olan çorbanın üzerine dökün. Pul biberi ve tuzu da ekleyin.', 'Güzelce karıştırıp ocağın altını kapatın.', 'Yayla çorbanız hazır, afiyet olsun!']",ÇORBA,,/tarif/corba/,"['Çorba', 'Ramazan', 'Video']","['pratik yemek tarifleri', 'ekonomik', 'başlangıç', 'akşam yemeği', 'öğle yemeği']","['Başlangıç', 'Öğle Yemeği', 'Ara Öğün', 'Akşam Yemeği']",['Tencere'],"['Ekonomik', 'Vejetaryen', 'Düşük Karbonhidratlı']",False,2100,900,2019-05-17T08:15:01Z,4.0,1190925,10054,False,True,True,0,,0,,,,2014/06/yayla-corbasi-yemekcom.jpg,0,0,https://cdn.yemek.com/mnresize/940/940/uploads/2014/06/yayla-corbasi-yemekcom.jpg,940,940,False,https://cdn.yemek.com/mncrop/300/200/uploads/2014/06/yayla-corbasi-yemekcom.jpg,300,200,True,https://cdn.yemek.com/mncrop/940/625/uploads/2014/06/yayla-corbasi-yemekcom.jpg,940,625,True,https://cdn.yemek.com/mncrop/620/388/uploads/2014/06/yayla-corbasi-yemekcom.jpg,620,388,True,https://cdn.yemek.com/mncrop/600/315/uploads/2014/06/yayla-corbasi-yemekcom.jpg,600,315,True,"['tencere', 'düşük karbonhidratlı']",greenLight,,,,
251,761,Yasemin Özaltın,https://cdn.yemek.com/author/35533/20181219061403_avatar.jpg,/profil/yasemingursurer/,Anne Usulü: Karnıyarık,Karnıyarık,/tarif/karniyarik/,50 dk,30 dk,"<p>Sofraların olmazsa olmazı, <a href=""https://yemek.com/tarif/pirinc-pilavi/"" target=""_blank"" rel=""noopener"">pilavın</a> sevdalısı, <a href=""https://yemek.com/tarif/cacik/"" target=""_blank"" rel=""noopener"">cacığın</a> en iyi dostu, <a href=""https://yemek.com/tarif/"" target=""_blank"" rel=""noopener"">yemek tariflerinin</a> gözdesi, anneye bolca sipariş verilen karnıyarık hazırlıyoruz. Duymayan kalmasın. Arzu eden bize katılsın. Patlıcanları kızartmak istemeyen fırınını önceden ısıtsın.</p>
<p>Karnıyarık tarifinde başrol malzememiz her zaman olduğu gibi sebzelerin en çok kıskanılanı patlıcan. Kendisi malumunuz üzerine binlerce yazıda en çok sevilen sebze olarak yer almıştır. Yine karnıyarık tarifinde öne çıkan bir diğer malzeme ise, karnıyarığı imam bayıldıdan ayıran kıyma. Kendisi karnıyarık tarifini de lezzet getiriyor.</p>
<p>Biz de bu <strong>fırında karnıyarık</strong> tarifinde karnıyarık içinin tencerede nasıl hazırlanacağından karnıyarık yemeğinin adım adım resimli aşamalarıyla nasıl yapıldığına hepsini tek tek anlatmak istedik.</p>
<p>Vejetaryen karnıyarık olan <a href=""https://yemek.com/imam-bayildinin-hikayesi/"" target=""_blank"" rel=""noopener"">imam bayıldı</a> gibi hikayelere konuk olmasa da kendisi başlı başına bir hikaye karnıyarığın. İnanmayan pilava, cacığa, yanında kırılan soğana sorsun. Tüm lokanta yemekleri tarifleri karnıyarığa olan aşkını anlatacaktır.</p>
<p>O yüzden hazır edin patlıcanı, <a href=""https://yemek.com/tarif/kiyma-kavurma/"" target=""_blank"" rel=""noopener"">kıyma</a>yı, soğanı, zeytinyağını bu akşam misler gibi karnıyarık yapmak için mutfağa giresimiz var.</p>
<p>Yapanların ellerine sağlık.</p>",recipe,"['biber salçası', 'tuz', 'ayçiçek yağı', 'sarımsak', 'maydanoz', 'zeytinyağı', 'karabiber', 'domates salçası', 'domates', 'yeşil biber', 'kıyma', 'büyük boy kuru soğan', 'orta boy patlıcan', 'orta boy yeşil sivri biber']","['<p>Bol suda yıkadığınız patlıcanları, pijamalı şekilde soyun ve tuzlu suda bekletin. 3 yemek kaşığı zeytinyağını bir tavada kızdırın. Yemeklik doğradığınız 1 adet soğanı da üzerine ekleyip pembeleşene kadar kavurun. 2 adet doğranmış yeşil biberi ilave edip kavurmaya devam edin.</p>', '<p>350 gram orta yağlı kıymayı da ekleyin ve kavrulmakta olan soğanlarla birlikte renk alıp, suyunu çekene kadar pişirin.</p>', ""<p>Aralarda karıştırıp pişirme işlemine devam ederek sırasıyla; 2 diş sarımsak, yarım tatlı kaşığı domates salçası, yarım tatlı kaşığı biber salçası, 1'er çay kaşığı tuz ve karabiber ekleyin.\xa0</p>"", '<p>2 adet küp doğranmış domatesi ekleyin, 5 dakika kadar pişirdikten sonra ocağın altını kısın ve bir avuç doğranmış maydanozu ekleyip son kez karıştırarak ocaktan alın.</p>', '<p>Acısını alıp, pijamalı soyduğunuz 6 adet patlıcanı kızartın.</p>', '<p>Fırına dayanıklı bir kaba yerleştirin.</p>', '<p>Orta kısımlarından patlıcanları yarın.</p>', '<p>Hazırladığınız iç harçtan bol bol ekleyin.</p>', '<p>Patlıcanların üzerine birer cherry domates ve biber dilimleri ekleyin.</p>', '<p>Karnıyarıkları önceden ısıtılmış 170 derece fırında 20-25 dakika kadar pişirdikten sonra, sıcak olarak, dilerseniz tereyağlı pirinç pilavı eşliğinde servis edin, afiyet olsun!</p>']",SEBZE,239b56,/tarif/sebze/,"['Sebze', 'Ramazan', 'Video', 'Sulu Yemek', 'Mevsiminde']",,"['Öğle Yemeği', 'Akşam Yemeği']","['Fırın', 'Kızartma', 'Tencere']",,False,3000,1800,2019-05-14T11:19:27Z,4.0,1185751,6345,False,True,True,0,,0,,,,2014/10/karniyarik-yemekcom.jpg,0,0,https://cdn.yemek.com/mnresize/940/940/uploads/2014/10/karniyarik-yemekcom.jpg,940,940,False,https://cdn.yemek.com/mncrop/300/200/uploads/2014/10/karniyarik-yemekcom.jpg,300,200,True,https://cdn.yemek.com/mncrop/940/625/uploads/2014/10/karniyarik-yemekcom.jpg,940,625,True,https://cdn.yemek.com/mncrop/620/388/uploads/2014/10/karniyarik-yemekcom.jpg,620,388,True,https://cdn.yemek.com/mncrop/600/315/uploads/2014/10/karniyarik-yemekcom.jpg,600,315,True,,,"['Haziran', 'Temmuz', 'Ağustos']",,,
252,129,Yasemin Özaltın,https://cdn.yemek.com/author/35533/20181219061403_avatar.jpg,/profil/yasemingursurer/,Lokanta Usulü: Köri Soslu Tavuk,Köri Soslu Tavuk,/tarif/kori-soslu-tavuk/,20 dk,10 dk,"<p>Baharat sevenleri, her yaptığı <a href=""https://yemek.com/tarif/"" target=""_blank"">yemek tarifinin</a> içine tuz hariç mutlaka en az 2 baharat ekleyenleri, körinin kokusunu da tadını da çok sevenleri böyle alalım. Güneydoğu Asya Mutfağı'nın vazgeçilmez baharatı köri, içerisinde bulunan sumak, zencefil, kimyon, kişniş vb. baharatlarla tam bir şifa kaynağı olma özelliğini taşıyor. Beyaz etlerle harika bir uyum yakalayan köri, en çok <a href=""https://yemek.com/tarif/tavuk/"" target=""_blank"">tavuk etini</a> seviyor. Karşınızda nefis mi nefis: <strong>Köri soslu tavuk tarifi!</strong></p>
<p>Resimli anlatımıyla, en pratik ve yemelere doyum olmaz körili tavuk tarifini veriyor, köri sos nasıl yapılır tek tek anlatıyoruz. Yanına <a href=""https://yemek.com/tarif/patates-puresi/"" target=""_blank"">patates püresi</a>, <a href=""https://yemek.com/tarif/salata/"" target=""_blank"">salata</a> ya da <a href=""https://yemek.com/tarif/pilav/"" target=""_blank"">pilavla</a> servis edebilirsiniz. Lokantalarda sunulan köri soslu tavuklardan çok daha lezzetli oluyor, yiyen herkes tarifini istiyor. Bu lezzeti sık sık pişirmek isteyeceksiniz. Şimdiden ellerinize sağlık diyor, <a href=""https://yemek.com/soslu-tavuk-yemekleri/"" target=""_blank"">soslu tavuk yemekleri</a> arasında en çok sevilen bu kolay yemek tarifimize buyur ediyoruz.</p>
<p>Köri sosun tadını sevdiyseniz belki sonra <a href=""https://yemek.com/tarif/kremali-korili-tavuklu-makarna/"" target=""_blank"">köri soslu makarna tarifine</a> de şans vermek isteyebilirsiniz. Afiyet olsun!</p>
",recipe,"['tereyağı', 'sıcak su', 'tuz', 'un', 'maydanoz', 'karabiber', 'kuşbaşı tavuk göğsü', 'soğuk süt', 'köri', 'sıvı yağ']","['Sıvı yağını bir tavada kızdırın. Kuşbaşı\xa0doğranmış tavuk göğsünü aktarın.', 'Renk alıp, suyunu çekene kadar orta ateşte kavurun.', 'Köri sosu hazırlamak için; ayrı bir tavada tereyağını sos tenceresinde eritin.', 'Unu da üzerine ekleyin ve\xa0 kokusu çıkıp, renk alana kadar karıştırarak kavurun.', 'Kavrulan una soğuk sütü ekleyin ve unun topaklanmaması için bir çırpıcı yardımıyla hızlıca karıştırın.', 'Sıcak su, köri, tuz ve karabiberi katın.', 'Sosu, kısık ateşte koyu bir kıvam alana kadar sürekli karıştırarak 4- 5 dakika pişirin.', 'Hazırladığınız sosu, kavrulan tavuklara ekleyin ve harmanladıktan sonra pişirme işlemini 5 dakika kadar sürdürün.', 'İncecik kıyılmış bir avuç maydanozu, köri soslu tavuğa ilave ettikten sonra bekletmeden sıcak olarak servis edin.', 'Köri soslu tavuk tarifi hazır. Afiyet olsun!']",TAVUK,239b56,/tarif/tavuk/,"['Tavuk', 'Video']","['ekonomik', 'akşam yemeği', 'öğle yemeği']","['Öğle Yemeği', 'Akşam Yemeği']",['Tencere'],"['Ekonomik', 'Bol Proteinli']",False,1200,600,2019-05-14T13:24:40Z,4.0,1396751,11895,False,True,True,0,,0,,,,2014/06/kori-soslu-tavuk-yemekcom.jpg,0,0,https://cdn.yemek.com/mnresize/940/940/uploads/2014/06/kori-soslu-tavuk-yemekcom.jpg,940,940,False,https://cdn.yemek.com/mncrop/300/200/uploads/2014/06/kori-soslu-tavuk-yemekcom.jpg,300,200,True,https://cdn.yemek.com/mncrop/940/625/uploads/2014/06/kori-soslu-tavuk-yemekcom.jpg,940,625,True,https://cdn.yemek.com/mncrop/620/388/uploads/2014/06/kori-soslu-tavuk-yemekcom.jpg,620,388,True,https://cdn.yemek.com/mncrop/600/315/uploads/2014/06/kori-soslu-tavuk-yemekcom.jpg,600,315,True,"['tencere', 'bol proteinli']",,,,,
253,305,Gökçen Mutaf,https://cdn.yemek.com/author/23120/20181227103819_avatar.jpeg,/profil/gokcenmutaf/,Şaşmayan Tarif: Sade Kek,Sade Kek,/tarif/sade-kek/,40 dk,15 dk,"<p>Kocaman kabarmış, lezzetiyle herkesi kendine hayran bırakacak en klasik lezzetlerdendir sade kek tarifi. Süt, yumurta ve şekerin önderliğinde, misler gibi vanilya kokusunun büyüsünde hazırlanan harç fırının sıcacık kollarına teslim edilir. Kabarırken bile kendine hayran bırakan sade kek, çayın yanına hazırlanan en pratik kek olarak çıkar oradan. Karşınızda işte o enfes anların mimarı sade kek tarifi!</p>
<p>Birbirinden nefis <a href=""https://yemek.com/tarif/kek/"" target=""_blank"">kek tarifleri</a> arasında en baştan bize göz kırpan bu lezzet, kabarık ve yumuşak dokusuyla boyut atlıyor bu kez. Çaylarınızın, kahveleriniz hazırsa o yumuşacık sade kek tarifimiz geliyor. Şimdiden ellerinize sağlık.</p>
<p>Not: ""Sade kek de güzel ama kakaolu keki de çok seviyorum"" diyenler için yumuşacık kakaolu kek tarifimiz de hemen <a href=""https://yemek.com/tarif/kakaolu-kek/"" target=""_blank"">şurada</a>.</p>
",recipe,"['yumurta', 'toz şeker', 'süt', 'un', 'kabartma tozu', 'vanilin', 'sıvı yağ']","['Yumurtaları derince bir kaba kırın ve toz şekeri ekledikten sonra bir mikser ile 10 dakika boyunca çırpın.\xa0Krema kıvamına gelen karışıma sıvı yağı ve sütü ekleyip bir spatula ile karıştırın.', 'Üstüne unu, kabartma tozunu ve vanilini de ekledikten sonra tekrar karıştırın ve sıvı yağ ile yağladığınız bir kek kalıbına hazırladığınız karışımı dökün.', 'Önceden ısıtılmış 180 derecelik fırında 40 dakika kadar pişirin.\n\n&nbsp;', 'Kek kürdan testini geçince fırından alın ve tamamen soğuduktan sonra kalıbı ters çevirerek kalıptan çıkarın.', 'Dilimleyerek servis edin.\xa0 Afiyetler olsun!']",TATLI KEK,239b56,/tarif/tatli-kek/,"['Kek', 'Tatlı Kek']",['çay saati'],['Çay Saati'],['Fırın'],['Vejetaryen'],False,2400,900,2022-03-10T07:30:22Z,4.0,1356751,3356,False,False,True,0,,0,,,,2014/07/sade-kek-tarifi-yeni.jpg,0,0,https://cdn.yemek.com/mnresize/940/940/uploads/2014/07/sade-kek-tarifi-yeni.jpg,940,940,False,https://cdn.yemek.com/mncrop/300/200/uploads/2014/07/sade-kek-tarifi-yeni.jpg,300,200,True,https://cdn.yemek.com/mncrop/940/625/uploads/2014/07/sade-kek-tarifi-yeni.jpg,940,625,True,https://cdn.yemek.com/mncrop/620/388/uploads/2014/07/sade-kek-tarifi-yeni.jpg,620,388,True,https://cdn.yemek.com/mncrop/600/315/uploads/2014/07/sade-kek-tarifi-yeni.jpg,600,315,True,['fırın'],,,,,
254,183,Cemre Özgüzel,https://cdn.yemek.com/author/109/20200211010242_avatar.jpg,/profil/cemre-ozguzel/,Pastane Usulü: Un Kurabiyesi,Un Kurabiyesi,/tarif/un-kurabiyesi/,15 dk,25 dk,"<p>Kıyır kıyır dediğimiz <a href=""https://yemek.com/kurabiye-tarifleri/"" target=""_blank"">kurabiye tarifleri</a>nin şahı un kurabiyesidir. Uzun süre bozulmadan dayanabilmesi de bu lezzetli ve pratik kurabiyeyi popüler kılan noktalardan biridir. Kolay un kurabiyesi yapımında pudra şekeri elenerek servis edildiği için tarifinde çok az miktarda şeker kullanılır. Ağza gelmemesi için pudra şekeri tercih edilir. Hem kıvamı hem de dokusuyla, enfes mi enfes <strong>un kurabiyesi tarifi</strong> karşınızda!</p>
<p>""<a href=""https://yemek.com/agizda-dagilan-kurabiye-nasil-yapilir/"" target=""_blank"">Ağızda dağılan un kurabiyesi nasıl yapılır?</a>"" diyenler tarifin detaylarında açıklamalı anlatımını bulacak. Basit ve gerçek un kurabiyesinin tüm malzemeleri, yapılış adımları ve videosu ise hemen aşağıda. Hazırsanız en güzel un kurabiyesini yapmak için çalışmalara başlayalım! ''Un kurabiyesi tarifi nasıl yapılır?'' diyenlerinizi tarifimize alalım. Şimdiden ellerinize sağlık diyor, kolaylığı ve <strong>ağızda dağılan lezzetiyle un kurabiyesi</strong> <a href=""https://yemek.com/tarif/"" target=""_blank"">tarifi</a> karşınızda!</p>
",recipe,"['yumurta', 'un', 'vanilya', 'kabartma tozu', 'pudra şekeri', 'pudra şekeri', 'buğday nişastası', 'oda sıcaklığında tereyağı', 'sıvı yağ']","['Un kurabiyesi için 200 gram oda sıcaklığında bekletilmiş tereyağını derin bir yoğurma kasesine aktarın.', 'Üzerine 1 adet yumurta ve 1 çay bardağı sıvı yağını da ekledikten sonra pürüzsüz bir kıvam olana kadar çırpın.', '1 su bardağı pudra şekeri, 5 yemek kaşığı buğday nişastası, 1 paket kabartma tozu, 1 paket vanilin ve 3 su bardağı unu azar azar ekleyin.', 'Ele yapışmayacak kıvamda bir hamur elde edene kadar yoğurun.', 'Kurabiye hamurundan büyükçe bir parça alın ve tezgahın üzerinde yuvarlayarak 2 parmak kalınlığında rulo şekline getirin.', 'Kenar kısımlarını kesin. Ardından üzerinden çatal yardımıyla geçerek şekil verin.', 'Bıçak yardımıyla 3 parmak genişliğinde parçalar kesin. Fırın tepsisine aktarın.', 'Üzerleri hafif kızarıp renk alana kadar önceden ısıtılmış 170 derece fırında 15 dakika kadar pişirin.', 'Soğuttuktan sonra pudra şekeri eleyin.', 'Ardından un kurabiyelerini servis edin. Afiyetler olsun!']",TATLI KURABİYE,239b56,/tarif/tatli-kurabiyeler/,"['Kurabiye', 'Video', 'Tatlı Kurabiye']",['çay saati'],['Çay Saati'],['Fırın'],,False,900,1500,2022-04-01T07:45:01Z,4.0,1330455,3412,False,True,True,0,,0,,,,2022/04/un-kurabiyesi-onecikan-yeni.jpg,0,0,https://cdn.yemek.com/mnresize/940/940/uploads/2022/04/un-kurabiyesi-onecikan-yeni.jpg,940,940,False,https://cdn.yemek.com/mncrop/300/200/uploads/2022/04/un-kurabiyesi-onecikan-yeni.jpg,300,200,True,https://cdn.yemek.com/mncrop/940/625/uploads/2022/04/un-kurabiyesi-onecikan-yeni.jpg,940,625,True,https://cdn.yemek.com/mncrop/620/388/uploads/2022/04/un-kurabiyesi-onecikan-yeni.jpg,620,388,True,https://cdn.yemek.com/mncrop/600/315/uploads/2022/04/un-kurabiyesi-onecikan-yeni.jpg,600,315,True,['fırın'],,,,,
255,121,Cemre Özgüzel,https://cdn.yemek.com/author/109/20200211010242_avatar.jpg,/profil/cemre-ozguzel/,"Kolay, Pratik, Tam Kıvamında: Kakaolu Kek",Kakaolu Kek,/tarif/kakaolu-kek/,35 dk,10 dk,"<p>Bir parça kakaolu <a href=""https://yemek.com/tarif/kek/"" target=""_blank"">kek</a>; göz doldurur, iştah açar, <a href=""https://yemek.com/tarif/iced-latte/"" target=""_blank"">kahvenin</a> yanında iyi gider, misafir kurtarır, evlat sevindirir, anne özlemini artırır. On diliminde on marifet kakaolu kek, yapması da kolay olduğundan öğrencilerin de yapabilecekleri en nefis ve pratik <a href=""https://yemek.com/tarif/kek/"" target=""_blank"">kek tariflerinden</a> biri.</p>
<p>Kek denince akla gelen ilk <a href=""https://yemek.com/tarif/tatli-kek/"" target=""_blank"">tatlı kek</a> tarif olan <a href=""https://yemek.com/kakaolu-kek-tarifleri/"" target=""_blank"">kakaolu kek tarifi</a>ni en kolay, pratik ve tam kıvamında bir şekilde yapmak mümkün! Bu pratik kakaolu kek yumuşacık ve yaptığınız en güzel kakaolu kek tarifi olacak.</p>
<p>Kakaolu kek <a href=""https://yemek.com/tarif/"" target=""_blank"">tarif</a>imizin videosu hemen aşağıda, afiyet olsun!</p>
",recipe,"['yumurta', 'toz şeker', 'süt', 'un', 'vanilya', 'kabartma tozu', 'kakao', 'maden suyu', 'sıvı yağ']","['Yumurtaları ve toz şekeri derin bir kapta, bir mikser yardımıyla şeker eriyene kadar çırpın.', 'Ardından sıvı yağ, süt ve\xa0 sodayı da üzerine ekleyip çırpmaya devam edin.', 'Kek harcına unu ve kakaoyu azar azar ilave edin. Kabartma tozu ve vanilini de ekledikten sonra spatula yardımıyla, pürüzsüz bir harç elde edene kadar karıştırmaya devam edin.', 'Hazırladığınız kakaolu kek karışımını yağladığınız kek kalıbına dökün.', 'Önceden ısıtılmış 180 derece fırında 30-35 dakika kadar pişirin. İçini çekmesi için beklettiğiniz keki, ılınınca kalıbından çıkartın.', 'Üzerine pudra şekeri serperek servis edin.']",TATLI KEK,239b56,/tarif/tatli-kek/,"['Kek', 'Video', 'Tatlı Kek']","['ekonomik', 'ara öğün']",['Çay Saati'],['Fırın'],['Ekonomik'],False,2100,600,2020-11-19T10:43:04Z,4.0,1321844,5041,False,True,True,0,,0,,,,2019/03/kakaolu-kek-one-cikan-yeni.jpg,0,0,https://cdn.yemek.com/mnresize/940/940/uploads/2019/03/kakaolu-kek-one-cikan-yeni.jpg,940,940,False,https://cdn.yemek.com/mncrop/300/200/uploads/2019/03/kakaolu-kek-one-cikan-yeni.jpg,300,200,True,https://cdn.yemek.com/mncrop/940/625/uploads/2019/03/kakaolu-kek-one-cikan-yeni.jpg,940,625,True,https://cdn.yemek.com/mncrop/620/388/uploads/2019/03/kakaolu-kek-one-cikan-yeni.jpg,620,388,True,https://cdn.yemek.com/mncrop/600/315/uploads/2019/03/kakaolu-kek-one-cikan-yeni.jpg,600,315,True,['fırın'],,,,,
256,302,Yasemin Özaltın,https://cdn.yemek.com/author/35533/20181219061403_avatar.jpg,/profil/yasemingursurer/,"Tüm Püf Noktalarıyla, Kolay: Şekerpare",Şekerpare,/tarif/sekerpare/,25 dk,30 dk,"<p>İrmik ile tatlanıp, kıtır bir kıvam alan tatlılarımızdan o. Evet doğru bildiniz, bayram tatlılarının da başında gelen, <a href=""https://yemek.com/tarif/serbetli-tatlilar/"" target=""_blank"">şerbetli tatlı</a> tariflerinin en sevilenlerinden şekerpare tarifinden bahsediyoruz. Pastanelerde yediğinizde tadı damağınızda kalan <strong>gerçek şekerparelerin sırları</strong>nı aldık, üzeri nefis bir şekilde kızarmış, şerbetini tam kıvamında çekmiş muhteşem bir şekerpare tatlısı hazırladık. Bu keyfe ortak olmak ve 'Şekerpare nasıl yapılır?', ""<strong>Şekerpare şerbeti nasıl yapılır?</strong>"" sorularına cevap bulmak, ""En güzel şekerpare <a href=""https://yemek.com/tarif/tatli/"" target=""_blank"">tatlısı</a> tarifini aradım aradım ama bulamadım"" diyenlerin derdine tam ölçülü ve ev yapımı bir şekerpare tarifiyle çözüm olmak istedik. İşte karşınızda, tüm püf noktalarıyla: Şekerpare <a href=""https://yemek.com/tarif/"" target=""_blank"">tarif</a>i!</p>
<p><a href=""https://yemek.com/tarif/sekerpare-2/"" target=""_blank"">Şekerpare tarifini </a>hazırlamak pek kolay, sonrası tam bir keyif... Üzerine mini mini fındıklar konan tatlılar fırında hafif bir renk alana kadar kızaracak, fırından çıkan sıcak tatlılar önceden hazırlanan soğuk şerbet azar azar eklenecek. Videolu, denenmiş en güzel şekerpare tarifi karşınızda!</p>
<p><a href=""https://yemek.com/ramazan-tatlilari/"" target=""_blank"">Ramazan sofralarında</a>, iftarda olmazsa olmaz tatlılardan biri olan şekerpare tatlısını yaparken işin biraz daha kolayına kaçmak isteyenler <a href=""https://yemek.com/tarif/kolay-sekerpare"" target=""_blank"">kolay şekerpare tarifimize</a>, klasik şekerpare tatlısı tarifi için de videolu tarifimizi davetlisiniz.</p>
",recipe,"['yumurta', 'toz şeker', 'un', 'kabartma tozu', 'su', 'irmik', 'pudra şekeri', 'fındık', 'limonun suyu', 'vanilin', 'Hindistan cevizi', 'margarin veya tuzsuz tereyağı']","['Şekerpare için öncelikle şerbeti hazırlıyoruz. 3 su bardağı suya 2 su bardağı şeker ekleyip karıştırıyoruz ve kaynamaya bırakıyoruz.', 'Kaynayan şerbetin içerisine bir iki damla limon suyu sıktıktan sonra koyu bir şerbet kıvamını alana kadar kısık ateşte bırakıyoruz ve ocaktan aldıktan sonra şerbeti ılımaya bırakıyoruz.', 'Hamurunu hazırlamak için derin bir karıştırma kasesine 1 su bardağı pudra şekeri, 125 gram margarin, 2 yumurta, 2 yemek kaşığı hindistan cevizi, 1 paket vanilin, 1 paket kabartma tozu, 4 yemek kaşığı irmik ve azar azar unu koyup güzelce yoğuruyoruz.', 'Yoğurduğumuz hamuru 15 dakika buzdolabında dinlendirdikten sonra cevizden biraz daha büyük parçalar koparıp elimizle yuvarlak şekil veriyoruz ve pişirme kağıdı serili fırın tepsisin üzerine aralıklı olarak yerleştiriyoruz.', 'Fındıkları şekerparelerin tam ortasına bastırarak yerleştiriyoruz.', 'Şekerpareleri önceden ısıtılmış 180 derece fırında 25 dakika pişiriyoruz.', 'Kurabiyeler sıcak şerbeti de soğukken şerbetini döküyoruz. Şerbeti de döktükten sonra iyice çekmesi için bekliyoruz ve servis ediyoruz. Afiyetler olsun!']",ŞERBETLİ TATLI,239b56,/tarif/serbetli-tatlilar/,"['Hamur İşi', 'Tatlı', 'Şerbetli Tatlı', 'Ramazan', 'Video']",['çay saati'],['Çay Saati'],"['Fırın', 'Tencere']",,False,1500,1800,2022-03-18T13:00:52Z,4.0,1282307,4569,False,True,True,0,,0,,,,2014/07/sekerpare-ytk-site.jpg,0,0,https://cdn.yemek.com/mnresize/940/940/uploads/2014/07/sekerpare-ytk-site.jpg,940,940,False,https://cdn.yemek.com/mncrop/300/200/uploads/2014/07/sekerpare-ytk-site.jpg,300,200,True,https://cdn.yemek.com/mncrop/940/625/uploads/2014/07/sekerpare-ytk-site.jpg,940,625,True,https://cdn.yemek.com/mncrop/620/388/uploads/2014/07/sekerpare-ytk-site.jpg,620,388,True,https://cdn.yemek.com/mncrop/600/315/uploads/2014/07/sekerpare-ytk-site.jpg,600,315,True,['fırın'],,,,,
257,3178,Cemre Özgüzel,https://cdn.yemek.com/author/109/20200211010242_avatar.jpg,/profil/cemre-ozguzel/,Oldu Bile: Üç Malzemeli Kurabiye,Üç Malzemeli Kurabiye,/tarif/uc-malzemeli-kurabiye/,20 dk,15 dk,"<p>Ayçiçek yağı, elenmiş un ve toz krem şanti. Sadece üç malzemeyle hazırlanan <a href=""https://yemek.com/tarif/un-kurabiyesi/"" target=""_blank"">un kurabiyesi</a> gevrekliğinde pratik ve ekonomik bir <a href=""https://yemek.com/tarif/kurabiye/"" target=""_blank"">kurabiye tarifi</a>. Siz çayı demleyene kadar onlar pişmiş hatta dinlenmiş olacak, mutfağı mis gibi kurabiye kokusu saracak. Sonrası tam anlamıyla keyif.</p>
<p>Dilerseniz hazırladığınız hamuru atın buzdolabına 30 dakika dinlendirin elinizle gelişi güzel minik yuvarlaklar yaparak pişirin isterseniz de kaşık yardımıyla tepsiye dizin. Karar sizin.</p>
<p>Kurabiye canavarları da sizi sevecek. Afiyetler olsun.</p>
",recipe,"['ayçiçek yağı', 'un', 'toz krem şanti']","['1 su bardağı ayçiçek yağını derin bir karıştırma kabına alın.', '1 paket toz krem şantiyi ve unun 1 bardaklık kısmını ilave ederek karıştırmaya başlayın.', '2 su bardağı unu da azar azar ilave edin ve yumuşak, ele yapışmayan bir hamur elde edene kadar yoğurun.', 'Kıvam alan hamurunuzdan ceviz büyüklüğünde parçalar alın ve elinizle yuvarlayarak şekil verin. Ardından yağlı kağıt serili bir fırın tepsinin üzerine kurabiyelerinizi aktarın. 175 derecede ısıtılmış fırında rengi hafif değişene kadar 15-20 dakika arası pişirin.', 'Çıkarıp oda sıcaklığında soğuttuktan sonra afiyetle tüketin.']",TATLI KURABİYE,239b56,/tarif/tatli-kurabiyeler/,"['Kurabiye', 'Video', 'Tatlı Kurabiye']",['pratik yemek tarifleri'],['Çay Saati'],['Fırın'],,False,1200,900,2015-08-10T11:18:13Z,4.0,1278903,3887,False,True,False,0,,0,,,,2015/08/uc-malzemeli-kurabiye-yemekcom.jpg,0,0,https://cdn.yemek.com/mnresize/940/940/uploads/2015/08/uc-malzemeli-kurabiye-yemekcom.jpg,940,940,False,https://cdn.yemek.com/mncrop/300/200/uploads/2015/08/uc-malzemeli-kurabiye-yemekcom.jpg,300,200,True,https://cdn.yemek.com/mncrop/940/625/uploads/2015/08/uc-malzemeli-kurabiye-yemekcom.jpg,940,625,True,https://cdn.yemek.com/mncrop/620/388/uploads/2015/08/uc-malzemeli-kurabiye-yemekcom.jpg,620,388,True,https://cdn.yemek.com/mncrop/600/315/uploads/2015/08/uc-malzemeli-kurabiye-yemekcom.jpg,600,315,True,,,,,,
258,2526,Yasemin Özaltın,https://cdn.yemek.com/author/35533/20181219061403_avatar.jpg,/profil/yasemingursurer/,Yumuşacık Etlerin Sırlarıyla: Hünkar Beğendi,Hünkar Beğendi,/tarif/hunkar-begendi/,1 sa,1 sa,"<p>Saray mutfağının önde gelen, hünkarın da midesini fetheden <a href=""https://yemek.com/tarif/"" target=""_blank"">yemek tariflerinden</a> biri hünkar beğendi. Pratik bir yemek tarifi sayılan, aşamaları biraz fazla olsa da lezzetli ana yemeklerden biri o! Tereyağında kavrulmuş un ve soğuk süt ilavesiyle hazırlanan beğendi bir yana dursun kısık ateşte pişen bol soğanlı et karışımı onu diğerlerinden ayırıyor. Karşınıza her haliyle övgüleri toplayacak, <a href=""https://yemek.com/tarif/et/"" target=""_blank"">et yemeklerinin</a> en görkemlisi hünkar beğendi yemeği çıkıyor.</p>
<p>Hünkarımızın bir bildiği olmalı diyerek sizi adım adım resimli ve videolu anlattığımız<strong> hünkar beğendi kebabı</strong> tarifimize alalım. ""<strong>Hünkar beğendinin yanına ne yapılır?</strong>"" diye soranlar için de cevabımız hemen tarifin sonunda. Şimdiden ellerinize sağlık diyor, lezzetine doyum olmaz hünkar beğendi tarifimize buyur ediyoruz. Yaptığım tarif en kusursuz haliyle olsun derseniz de <a href=""https://yemek.com/tarif/kusursuz-hunkar-begendi/"" target=""_blank"">kusursuz hünkar beğendi</a> tarifimize bekleriz. Keyfi ve lezzeti bol bol olsun. Afiyetler olsun!</p>
",recipe,"['tereyağı', 'sıcak su', 'tuz', 'tuz', 'süt', 'un', 'sarımsak', 'zeytinyağı', 'domates salçası', 'taze çekilmiş tane karabiber', 'kaşar peyniri', 'orta boy kuru soğan', 'orta boy domates', 'orta boy patlıcan', 'kuzu but (arzuya göre dana eti)']","['Hünkar beğendi tarifi için 4 adet orta boy patlıcana bıçakla delikler açın ve fırın tepsisine alın. 200 derecede yaklaşık 20 dakika fırınlayın.', 'Fırınlanmış patlıcanları bir kaba alın ve kabuklarının kolay soyulması için üzerini streçleyip, 15 dakika kadar bekledikten sonra kabukları soyun.', 'Bir tavada 3 yemek kaşığı zeytinyağını kızdırın. 2 adet yemeklik doğranmış kuru soğanı da üzerine ilave edip pembeleşinceye kadar kavurun.', '4 diş doğranmış sarımsağı da üzerine ekledikten sonra 600 gram kuşbaşı dana veya kuzu etini ilave edin.', ""Etler suyunu salıp çekene kadar pişmeye bırakın. 1 yemek kaşığı domates salçası, 1'er çay kaşığı tuz ve karabiber, 3 adet soyulmuş, doğranmış domates ekleyin."", '2 su bardağı sıcak su ekleyip etler yumuşayana kadar pişmeye bırakın.', 'Şimdi de beğendiyi hazırlayalım. 1 yemek kaşığı tereyağını bir tavada eritin. 1,5 yemek kaşığı unu üzerine ilave edip kokusu çıkana kadar kavurun.', ""Üzerine fırınladığınız ve kabuklarını soyduğunuz patlıcanları ekleyin. 1,5 su bardağı sütü de üzerine yavaş yavaş ilave edin ve sürekli olarak karıştırın. 1'er çay kaşığı tuz ve karabiberi de ekleyin."", 'Sonra son olarak yarım su bardağı rendelenmiş kaşar peyniri ekleyin ve karıştırıp ocaktan alın.', 'Beğendinin üzerine yumuşacık pişmiş etleri serpiştirin ve servis edin. Hünkar beğendi yemeği hazır, afiyet olsun!']",ET,239b56,/tarif/et/,"['Et', 'Ramazan', 'Video', 'Mevsiminde']","['akşam yemeği', 'öğle yemeği']","['Öğle Yemeği', 'Akşam Yemeği']",['Tencere'],['Ekonomik'],False,3600,3600,2021-03-22T08:32:29Z,4.0,1273470,10647,False,True,True,0,,0,,,,2021/03/hunkar-begendi-son-yemekcom.jpg,0,0,https://cdn.yemek.com/mnresize/940/940/uploads/2021/03/hunkar-begendi-son-yemekcom.jpg,940,940,False,https://cdn.yemek.com/mncrop/300/200/uploads/2021/03/hunkar-begendi-son-yemekcom.jpg,300,200,True,https://cdn.yemek.com/mncrop/940/625/uploads/2021/03/hunkar-begendi-son-yemekcom.jpg,940,625,True,https://cdn.yemek.com/mncrop/620/388/uploads/2021/03/hunkar-begendi-son-yemekcom.jpg,620,388,True,https://cdn.yemek.com/mncrop/600/315/uploads/2021/03/hunkar-begendi-son-yemekcom.jpg,600,315,True,"['tencere', 'bol proteinli', 'bol lifli']",,"['Haziran', 'Temmuz', 'Ağustos']",,,
259,410,Yasemin Özaltın,https://cdn.yemek.com/author/35533/20181219061403_avatar.jpg,/profil/yasemingursurer/,Yağdan Hafif: Fırında Baharatlı Patates,Fırında Baharatlı Patates,/tarif/baharatli-firin-patates/,30 dk,10 dk,"<p>Var mı patates sevmeyen? <a href=""https://yemek.com/tarif/kofte/"" target=""_blank"">Köfte</a>nin yanında patates kızartması yemeyi düşlemeyen, önceden kızarttığı patatesleri yumurtayla harmanlayıp yumurtalı patates haline getirmeyen? Yok yazın da bozuşmayalım şimdi. <a href=""https://yemek.com/tarif/kizartma/"" target=""_blank"">Kızartma</a>sı güzel olsa da bu meredin sağlıktan ödün vermeden de kızarmış patates yemek mümkün. Nasıl mı? Patatesleri fırında kızartarak elbette.</p>
<p><strong>Fırında patates kızartması tarifi</strong>nde o çok sevdiğimiz baharatları ekleyip eser miktarda <a href=""https://yemek.com/sozluk/zeytinyagi/"" target=""_blank"">zeytinyağı</a> ile harmanladığımız patates dilimlerini fırına alıyoruz. Onlar çıtır çıtır kızardıkça size de bu <a href=""https://yemek.com/tarif/atistirmaliklar/"" target=""_blank"">atıştırmalığın</a> keyfini uzun uzadıya çıkarmak kalıyor.</p>
",recipe,"['tuz', 'zeytinyağı', 'karabiber', 'biberiye', 'kekik', 'rendelenmiş sarımsak', 'büyük boy patates', 'toz kırmızı biber']","['Bir kasede zeytinyağı, tuz, toz kırmızı biber, sarımsak, kekik, taze biberiye ve karabiberi alın.', 'Tüm malzemeleri güzelce çırparak karıştırın.', 'Patatesleri elma dilim şeklinde kesin.', 'Tabanını yağlı kağıt ile kapladığınız fırın tepsisine patatesleri yayın. Hazırladığınız sosu patateslerin üzerine gezdirin ve her yerine gelecek şekilde karıştırın.', 'Önceden ısıtılmış 200 derece fırında 25- 30 dakika kızarana kadar fırından yükselen mis gibi kokuyu içinize çeke çeke bekleyin. Piştikten sonra afiyetle tüketin.']",TUZLU ATIŞTIRMALIK,239b56,/tarif/tuzlu-atistirmalik/,"['Sebze', 'Atıştırmalık', 'Video', 'Tuzlu Atıştırmalık', 'Mevsiminde']","['pratik yemek tarifleri', 'ekonomik', 'başlangıç', 'diyet']","['Öğle Yemeği', 'Akşam Yemeği']",['Fırın'],,False,1800,600,2014-08-04T13:30:26Z,4.0,1246823,7207,False,True,True,0,,0,,,,2014/08/baharatli-patates-yemekcom.jpg,0,0,https://cdn.yemek.com/mnresize/940/940/uploads/2014/08/baharatli-patates-yemekcom.jpg,940,940,False,https://cdn.yemek.com/mncrop/300/200/uploads/2014/08/baharatli-patates-yemekcom.jpg,300,200,True,https://cdn.yemek.com/mncrop/940/625/uploads/2014/08/baharatli-patates-yemekcom.jpg,940,625,True,https://cdn.yemek.com/mncrop/620/388/uploads/2014/08/baharatli-patates-yemekcom.jpg,620,388,True,https://cdn.yemek.com/mncrop/600/315/uploads/2014/08/baharatli-patates-yemekcom.jpg,600,315,True,"['vejetaryen', 'fırın', 'düşük karbonhidratlı']",,"['Haziran', 'Temmuz', 'Ağustos', 'Eylül']",,,
260,2040,Yasemin Özaltın,https://cdn.yemek.com/author/35533/20181219061403_avatar.jpg,/profil/yasemingursurer/,Üzeri Kızarmış: Fırın Sütlaç,Fırın Sütlaç,/tarif/firin-sutlac/,45 dk,30 dk,"<p><a href=""https://yemek.com/tarif/sutlu-tatlilar/"" target=""_blank"">Sütlü tatlı</a>ların en besleyici olanı, pirincin en güzel ve <a href=""https://yemek.com/tarif/tatli/"" target=""_blank"">tatlı</a> halidir <a href=""https://yemek.com/tarif/sutlac/"" target=""_blank"">sütlaç</a>. Bu sefer bizim yaptığımız gibi tarifinde küçük bir farklılık yapıp yumurta sarısı ilavesiyle pişirdiğinizde ve porsiyonluk fırın kaplarında pişirme işlemini sürdürdüğünüzde fırın sütlaç göz kırpar size.</p>
<p>Tarçın ilavesi ile soğuk soğuk yendiğinde tadına doyum olmaz. <strong>Tam ölçülü ve kıvamı asla şaşmayan</strong> bir <a href=""https://yemek.com/tarif/"" target=""_blank"">tarif</a> üstelik. Bir yiyenin lezzetine hayran kalacağı fırın sütlaçlar karşınızda! Bir kase yesek mi?</p>
",recipe,"['pirinç', 'toz şeker', 'süt', 'su', 'su', 'yumurta sarısı', 'buğday nişastası', 'vanilin']","['Fırın sütlaç için öncelikle bol suda yıkadığınız pirinçleri; bir tencerede, 2 su bardağı suyu ekleyerek orta ateşte suyunu çekene kadar haşlayın.', 'Soğuk süt ve toz şekeri ayrı bir geniş tencereye alın.\xa0Bir çırpma teliyle toz şeker eriyene kadar karıştırdıktan sonra ocağa alın. Kısık ateşte kaynamaya bırakın.', 'Vanilini toz şeker eriğinde süte ekleyin.', 'Haşlanan pirinçleri ocaktan alın ve fazla suyu kaldıysa süzün.', '1-2 dakika kadar kaynayan şekerli süte haşlanmış pirinçleri ilave edin.', 'Yumurta sarısını, buğday nişastası ve 1 bardak su ilavesiyle ayrı bir kabın içerisine alın.', 'Pürüzsüz bir kıvam alana kadar karıştırın.', 'Yumurta sarısının kesilmemesi için; kısık ateşte kaynamakta olan süt karışımından alıp nişastalı karışımı ılıştırın.', 'Hazırladığınız yumurta sarılı karışımı sütlaç tenceresine azar azar katıp hızlıca karıştırın.', 'Kıvam alan sütlacı, ısıya dayanıklı porsiyonluk güveç kaplarına eşit ölçüde boşaltın.', 'Sütlaç kaselerini, derin bir fırın tepsisine aralıklı olarak dizin. Kapların yarısına gelecek kadar soğuk suyu, sütlaçlara değdirmeden tepsiye dökün.', 'Fırına verdiğiniz sütlaçları, önceden ısıtılmış 200 derece fırında 12-15 dakika kadar pişirin.', 'Fırından bir mutfak eldiveni yardımıyla çıkardığınız sütlaç kaselerini, oda ısısında soğuttuktan sonra buzdolabına kaldırın. Soğuttuktan sonra fırın sütlaçları sevdiklerinizle paylaşın.']",SÜTLÜ TATLI,239b56,/tarif/sutlu-tatlilar/,"['Tatlı', 'Ramazan', 'Sütlü Tatlı', 'Video']","['ekonomik', 'ara öğün', 'çay saati']","['Ara Öğün', 'Çay Saati']","['Fırın', 'Tencere']",,False,2700,1800,2019-05-02T08:14:33Z,4.0,1200815,6587,False,True,True,0,,0,,,,2015/03/ytk-firin-sutlac-site.jpg,0,0,https://cdn.yemek.com/mnresize/940/940/uploads/2015/03/ytk-firin-sutlac-site.jpg,940,940,False,https://cdn.yemek.com/mncrop/300/200/uploads/2015/03/ytk-firin-sutlac-site.jpg,300,200,True,https://cdn.yemek.com/mncrop/940/625/uploads/2015/03/ytk-firin-sutlac-site.jpg,940,625,True,https://cdn.yemek.com/mncrop/620/388/uploads/2015/03/ytk-firin-sutlac-site.jpg,620,388,True,https://cdn.yemek.com/mncrop/600/315/uploads/2015/03/ytk-firin-sutlac-site.jpg,600,315,True,['fırın'],,,,,
261,85,Yasemin Özaltın,https://cdn.yemek.com/author/35533/20181219061403_avatar.jpg,/profil/yasemingursurer/,Terbiyesinin Kesilme Derdi Yok: Yayla Çorbası,Yayla Çorbası,/tarif/yayla-corbasi/,35 dk,15 dk,"<p>Yayla çorbasının tadına varmak için yaz ya da kış fark etmez! Anadolu’nun geleneksel çorbalarından ve <a href=""https://yemek.com/tarif/"" target=""_blank"">yemek tariflerinden</a> biri olan bu lezzet size de nane <strong>ferahlığını</strong> çağrıştırmıyor mu?</p>
<p><a href=""https://yemek.com/tarif/kahvaltiliklar/"" target=""_blank"">Kahvaltı</a>dan akşam yemeğine günün her saati tüketebileceğiniz bu <strong>pratik</strong> ve besleyici <a href=""https://yemek.com/tarif/corba/"" target=""_blank"">çorba tarifi</a>ni püf noktalarına dikkat ederek birlikte hazırlayalım.</p>
<p>En güzel çorba <strong>tariflerinden</strong> biri olan yayla çorbası tarifinde bulunan yoğurt sayesinde bir vitamin kaynağıdır. Hatta bu yüzden yoğurt çorbası olarak bile anılır.</p>
<p>Pirinçli, yoğurtlu bu yayla çorbasının tarifi hem videolu hem de adım adım resimli olarak tüm <strong>püf noktalarıyla</strong> karşınızda. Farklı yayla çorbası tarifi arayanlar için <a href=""https://yemek.com/tarif/yumurtasiz-yayla-corbasi/"" target=""_blank"">yumurtasız yayla çorbası</a> ve <a href=""https://yemek.com/tarif/kolay-yayla-corbasi/"" target=""_blank"">kolay yayla çorbası</a> tarifimizi de öneririz.</p>
",recipe,"['pirinç', 'tereyağı', 'tuz', 'pul biber', 'un', 'su', 'yoğurt', 'yumurta sarısı', 'zeytinyağı', 'kuru nane', 'limonun suyu']","['Çorbayı pişireceğiniz tencereye 2 su bardağı yoğurt, 1,5 yemek kaşığı un, 2 yemek kaşığı limon suyu ekleyip pürüzsüz bir kıvama gelene kadar karıştırın.', '1 yumurta sarısını da karışımın üzerine ekledikten sonra tekrar karıştırın.', '6 su bardağı soğuk suyu da ilave edip orta ateşte kaynamaya bırakın.', 'Çorba kaynamaya başlayınca yıkayıp süzdüğünüz 1 çay bardağı pirinci ekleyin ve tekrar kaynamaya bırakın.', ""Bu sırada ayrı bir tavada 2'şer yemek kaşığı zeytinyağı ve tereyağını kızdırın. 1 yemek kaşığı kuru naneyi de üzerine ekleyip karıştırın ve ocaktan alın."", 'Hazırladığınız yağı kaynamakta olan çorbanın üzerine dökün. Pul biberi ve tuzu da ekleyin.', 'Güzelce karıştırıp ocağın altını kapatın.', 'Yayla çorbanız hazır, afiyet olsun!']",ÇORBA,,/tarif/corba/,"['Çorba', 'Ramazan', 'Video']","['pratik yemek tarifleri', 'ekonomik', 'başlangıç', 'akşam yemeği', 'öğle yemeği']","['Başlangıç', 'Öğle Yemeği', 'Ara Öğün', 'Akşam Yemeği']",['Tencere'],"['Ekonomik', 'Vejetaryen', 'Düşük Karbonhidratlı']",False,2100,900,2019-05-17T08:15:01Z,4.0,1190925,10054,False,True,True,0,,0,,,,2014/06/yayla-corbasi-yemekcom.jpg,0,0,https://cdn.yemek.com/mnresize/940/940/uploads/2014/06/yayla-corbasi-yemekcom.jpg,940,940,False,https://cdn.yemek.com/mncrop/300/200/uploads/2014/06/yayla-corbasi-yemekcom.jpg,300,200,True,https://cdn.yemek.com/mncrop/940/625/uploads/2014/06/yayla-corbasi-yemekcom.jpg,940,625,True,https://cdn.yemek.com/mncrop/620/388/uploads/2014/06/yayla-corbasi-yemekcom.jpg,620,388,True,https://cdn.yemek.com/mncrop/600/315/uploads/2014/06/yayla-corbasi-yemekcom.jpg,600,315,True,"['tencere', 'düşük karbonhidratlı']",greenLight,,,,
262,761,Yasemin Özaltın,https://cdn.yemek.com/author/35533/20181219061403_avatar.jpg,/profil/yasemingursurer/,Anne Usulü: Karnıyarık,Karnıyarık,/tarif/karniyarik/,50 dk,30 dk,"<p>Sofraların olmazsa olmazı, <a href=""https://yemek.com/tarif/pirinc-pilavi/"" target=""_blank"" rel=""noopener"">pilavın</a> sevdalısı, <a href=""https://yemek.com/tarif/cacik/"" target=""_blank"" rel=""noopener"">cacığın</a> en iyi dostu, <a href=""https://yemek.com/tarif/"" target=""_blank"" rel=""noopener"">yemek tariflerinin</a> gözdesi, anneye bolca sipariş verilen karnıyarık hazırlıyoruz. Duymayan kalmasın. Arzu eden bize katılsın. Patlıcanları kızartmak istemeyen fırınını önceden ısıtsın.</p>
<p>Karnıyarık tarifinde başrol malzememiz her zaman olduğu gibi sebzelerin en çok kıskanılanı patlıcan. Kendisi malumunuz üzerine binlerce yazıda en çok sevilen sebze olarak yer almıştır. Yine karnıyarık tarifinde öne çıkan bir diğer malzeme ise, karnıyarığı imam bayıldıdan ayıran kıyma. Kendisi karnıyarık tarifini de lezzet getiriyor.</p>
<p>Biz de bu <strong>fırında karnıyarık</strong> tarifinde karnıyarık içinin tencerede nasıl hazırlanacağından karnıyarık yemeğinin adım adım resimli aşamalarıyla nasıl yapıldığına hepsini tek tek anlatmak istedik.</p>
<p>Vejetaryen karnıyarık olan <a href=""https://yemek.com/imam-bayildinin-hikayesi/"" target=""_blank"" rel=""noopener"">imam bayıldı</a> gibi hikayelere konuk olmasa da kendisi başlı başına bir hikaye karnıyarığın. İnanmayan pilava, cacığa, yanında kırılan soğana sorsun. Tüm lokanta yemekleri tarifleri karnıyarığa olan aşkını anlatacaktır.</p>
<p>O yüzden hazır edin patlıcanı, <a href=""https://yemek.com/tarif/kiyma-kavurma/"" target=""_blank"" rel=""noopener"">kıyma</a>yı, soğanı, zeytinyağını bu akşam misler gibi karnıyarık yapmak için mutfağa giresimiz var.</p>
<p>Yapanların ellerine sağlık.</p>",recipe,"['biber salçası', 'tuz', 'ayçiçek yağı', 'sarımsak', 'maydanoz', 'zeytinyağı', 'karabiber', 'domates salçası', 'domates', 'yeşil biber', 'kıyma', 'büyük boy kuru soğan', 'orta boy patlıcan', 'orta boy yeşil sivri biber']","['<p>Bol suda yıkadığınız patlıcanları, pijamalı şekilde soyun ve tuzlu suda bekletin. 3 yemek kaşığı zeytinyağını bir tavada kızdırın. Yemeklik doğradığınız 1 adet soğanı da üzerine ekleyip pembeleşene kadar kavurun. 2 adet doğranmış yeşil biberi ilave edip kavurmaya devam edin.</p>', '<p>350 gram orta yağlı kıymayı da ekleyin ve kavrulmakta olan soğanlarla birlikte renk alıp, suyunu çekene kadar pişirin.</p>', ""<p>Aralarda karıştırıp pişirme işlemine devam ederek sırasıyla; 2 diş sarımsak, yarım tatlı kaşığı domates salçası, yarım tatlı kaşığı biber salçası, 1'er çay kaşığı tuz ve karabiber ekleyin.\xa0</p>"", '<p>2 adet küp doğranmış domatesi ekleyin, 5 dakika kadar pişirdikten sonra ocağın altını kısın ve bir avuç doğranmış maydanozu ekleyip son kez karıştırarak ocaktan alın.</p>', '<p>Acısını alıp, pijamalı soyduğunuz 6 adet patlıcanı kızartın.</p>', '<p>Fırına dayanıklı bir kaba yerleştirin.</p>', '<p>Orta kısımlarından patlıcanları yarın.</p>', '<p>Hazırladığınız iç harçtan bol bol ekleyin.</p>', '<p>Patlıcanların üzerine birer cherry domates ve biber dilimleri ekleyin.</p>', '<p>Karnıyarıkları önceden ısıtılmış 170 derece fırında 20-25 dakika kadar pişirdikten sonra, sıcak olarak, dilerseniz tereyağlı pirinç pilavı eşliğinde servis edin, afiyet olsun!</p>']",SEBZE,239b56,/tarif/sebze/,"['Sebze', 'Ramazan', 'Video', 'Sulu Yemek', 'Mevsiminde']",,"['Öğle Yemeği', 'Akşam Yemeği']","['Fırın', 'Kızartma', 'Tencere']",,False,3000,1800,2019-05-14T11:19:27Z,4.0,1185751,6345,False,True,True,0,,0,,,,2014/10/karniyarik-yemekcom.jpg,0,0,https://cdn.yemek.com/mnresize/940/940/uploads/2014/10/karniyarik-yemekcom.jpg,940,940,False,https://cdn.yemek.com/mncrop/300/200/uploads/2014/10/karniyarik-yemekcom.jpg,300,200,True,https://cdn.yemek.com/mncrop/940/625/uploads/2014/10/karniyarik-yemekcom.jpg,940,625,True,https://cdn.yemek.com/mncrop/620/388/uploads/2014/10/karniyarik-yemekcom.jpg,620,388,True,https://cdn.yemek.com/mncrop/600/315/uploads/2014/10/karniyarik-yemekcom.jpg,600,315,True,,,"['Haziran', 'Temmuz', 'Ağustos']",,,
263,24660,Yasemin Özaltın,https://cdn.yemek.com/author/35533/20181219061403_avatar.jpg,/profil/yasemingursurer/,Evdeki Malzemelerle: Fincan Tatlısı,Fincan Tatlısı,/tarif/fincan-tatlisi/,15 dk,5 dk,"<p>Pratik lezzetlerden vazgeçemeyenlere, yemeklerin sunumuna önem verenlere müjdemiz var! Evdeki malzemelerle hızlıca yapabileceğiniz fincan tatlısı, Hindistan cevizi ve meyveler ile süslenerek adeta evde bir dekor olarak kullanabileceğiniz güzellikte oluyor. Yemeyip yanında yatasınız geliyor <img src=""https://cdn.yemek.com/assets/images/smiley/smile.png"" class=""wp-smiley img-responsive"" /></p>
<p>Bu pratik <a href=""https://yemek.com/tarif/"" target=""_blank"">tarifte</a> zevkinize göre değişiklikler yapabilirsiniz. Çoğunlukla vanilya aromalı hazırlanan muhallebiyi dilerseniz kakaolu, çilekli veya muzlu yaparak, farklı ve şık bir sunum elde edebilirsiniz. Hatta iki renkli hazırlamak bile müthiş bir hava katacaktır. Videoyu aşağıya iliştirdik. Çay saatleriniz ve özel davetleriniz için oldukça kolay hazırlanacak bu <a href=""https://yemek.com/tarif/sutlu-tatlilar/"" target=""_blank"">sütlü</a> <a href=""https://yemek.com/tarif/tatli/"" target=""_blank"">tatlıyı</a> mutlaka denemenizi öneriyoruz. Afiyet olsun!</p>
",recipe,"['toz şeker', 'süt', 'un', 'margarin', 'çilek (arzuya göre muz)', 'vanilin', 'Hindistan cevizi rendesi']","['Derin bir tencereye süt, un ve şekeri ekleyip çırpma teli yardımıyla karıştırarak muhallebi kıvamına gelene kadar pişirin.', 'Muhallebi koyu kıvam alıp göz göz\xa0 fokurdamaya başlayınca margarin ve vanilini ekleyin ve tekrar karıştırın.Pişen muhallebiyi ocaktan alın.', 'Orta boy kahve fincanına 2 parmak boşluk bırakacak şekilde, kepçe yardımıyla muhallebiyi dökün.', 'Fincandaki muhallebileri önce oda sıcaklığına getirdikten sonra buzdolabında en az 4 saat soğumaya bırakın.', 'Soğuyan muhallebileri fincandan yavaşça çıkarın ve Hindistan cevizine bulayın.', 'Hindistan cevizine bulanan muhallebileri servis tabağına alın ve üzerini dilediğiniz meyve ile süsleyip servis edin.']",SÜTLÜ TATLI,239b56,/tarif/sutlu-tatlilar/,"['Tatlı', 'Sütlü Tatlı', 'Video']","['ekonomik', 'çay saati']",['Çay Saati'],['Tencere'],"['Ekonomik', 'Vejetaryen', 'Bol Proteinli']",False,900,300,2020-11-09T07:31:32Z,4.0,1167935,7485,False,True,True,0,,0,,,,2017/10/fincan-tatlisi-tarifi.jpg,0,0,https://cdn.yemek.com/mnresize/940/940/uploads/2017/10/fincan-tatlisi-tarifi.jpg,940,940,False,https://cdn.yemek.com/mncrop/300/200/uploads/2017/10/fincan-tatlisi-tarifi.jpg,300,200,True,https://cdn.yemek.com/mncrop/940/625/uploads/2017/10/fincan-tatlisi-tarifi.jpg,940,625,True,https://cdn.yemek.com/mncrop/620/388/uploads/2017/10/fincan-tatlisi-tarifi.jpg,620,388,True,https://cdn.yemek.com/mncrop/600/315/uploads/2017/10/fincan-tatlisi-tarifi.jpg,600,315,True,['tencere'],,,,,
264,305,Gökçen Mutaf,https://cdn.yemek.com/author/23120/20181227103819_avatar.jpeg,/profil/gokcenmutaf/,Şaşmayan Tarif: Sade Kek,Sade Kek,/tarif/sade-kek/,40 dk,15 dk,"<p>Kocaman kabarmış, lezzetiyle herkesi kendine hayran bırakacak en klasik lezzetlerdendir sade kek tarifi. Süt, yumurta ve şekerin önderliğinde, misler gibi vanilya kokusunun büyüsünde hazırlanan harç fırının sıcacık kollarına teslim edilir. Kabarırken bile kendine hayran bırakan sade kek, çayın yanına hazırlanan en pratik kek olarak çıkar oradan. Karşınızda işte o enfes anların mimarı sade kek tarifi!</p>
<p>Birbirinden nefis <a href=""https://yemek.com/tarif/kek/"" target=""_blank"">kek tarifleri</a> arasında en baştan bize göz kırpan bu lezzet, kabarık ve yumuşak dokusuyla boyut atlıyor bu kez. Çaylarınızın, kahveleriniz hazırsa o yumuşacık sade kek tarifimiz geliyor. Şimdiden ellerinize sağlık.</p>
<p>Not: ""Sade kek de güzel ama kakaolu keki de çok seviyorum"" diyenler için yumuşacık kakaolu kek tarifimiz de hemen <a href=""https://yemek.com/tarif/kakaolu-kek/"" target=""_blank"">şurada</a>.</p>
",recipe,"['yumurta', 'toz şeker', 'süt', 'un', 'kabartma tozu', 'vanilin', 'sıvı yağ']","['Yumurtaları derince bir kaba kırın ve toz şekeri ekledikten sonra bir mikser ile 10 dakika boyunca çırpın.\xa0Krema kıvamına gelen karışıma sıvı yağı ve sütü ekleyip bir spatula ile karıştırın.', 'Üstüne unu, kabartma tozunu ve vanilini de ekledikten sonra tekrar karıştırın ve sıvı yağ ile yağladığınız bir kek kalıbına hazırladığınız karışımı dökün.', 'Önceden ısıtılmış 180 derecelik fırında 40 dakika kadar pişirin.\n\n&nbsp;', 'Kek kürdan testini geçince fırından alın ve tamamen soğuduktan sonra kalıbı ters çevirerek kalıptan çıkarın.', 'Dilimleyerek servis edin.\xa0 Afiyetler olsun!']",TATLI KEK,239b56,/tarif/tatli-kek/,"['Kek', 'Tatlı Kek']",['çay saati'],['Çay Saati'],['Fırın'],['Vejetaryen'],False,2400,900,2022-03-10T07:30:22Z,4.0,1356751,3356,False,False,True,0,,0,,,,2014/07/sade-kek-tarifi-yeni.jpg,0,0,https://cdn.yemek.com/mnresize/940/940/uploads/2014/07/sade-kek-tarifi-yeni.jpg,940,940,False,https://cdn.yemek.com/mncrop/300/200/uploads/2014/07/sade-kek-tarifi-yeni.jpg,300,200,True,https://cdn.yemek.com/mncrop/940/625/uploads/2014/07/sade-kek-tarifi-yeni.jpg,940,625,True,https://cdn.yemek.com/mncrop/620/388/uploads/2014/07/sade-kek-tarifi-yeni.jpg,620,388,True,https://cdn.yemek.com/mncrop/600/315/uploads/2014/07/sade-kek-tarifi-yeni.jpg,600,315,True,['fırın'],,,,,
265,183,Cemre Özgüzel,https://cdn.yemek.com/author/109/20200211010242_avatar.jpg,/profil/cemre-ozguzel/,Pastane Usulü: Un Kurabiyesi,Un Kurabiyesi,/tarif/un-kurabiyesi/,15 dk,25 dk,"<p>Kıyır kıyır dediğimiz <a href=""https://yemek.com/kurabiye-tarifleri/"" target=""_blank"">kurabiye tarifleri</a>nin şahı un kurabiyesidir. Uzun süre bozulmadan dayanabilmesi de bu lezzetli ve pratik kurabiyeyi popüler kılan noktalardan biridir. Kolay un kurabiyesi yapımında pudra şekeri elenerek servis edildiği için tarifinde çok az miktarda şeker kullanılır. Ağza gelmemesi için pudra şekeri tercih edilir. Hem kıvamı hem de dokusuyla, enfes mi enfes <strong>un kurabiyesi tarifi</strong> karşınızda!</p>
<p>""<a href=""https://yemek.com/agizda-dagilan-kurabiye-nasil-yapilir/"" target=""_blank"">Ağızda dağılan un kurabiyesi nasıl yapılır?</a>"" diyenler tarifin detaylarında açıklamalı anlatımını bulacak. Basit ve gerçek un kurabiyesinin tüm malzemeleri, yapılış adımları ve videosu ise hemen aşağıda. Hazırsanız en güzel un kurabiyesini yapmak için çalışmalara başlayalım! ''Un kurabiyesi tarifi nasıl yapılır?'' diyenlerinizi tarifimize alalım. Şimdiden ellerinize sağlık diyor, kolaylığı ve <strong>ağızda dağılan lezzetiyle un kurabiyesi</strong> <a href=""https://yemek.com/tarif/"" target=""_blank"">tarifi</a> karşınızda!</p>
",recipe,"['yumurta', 'un', 'vanilya', 'kabartma tozu', 'pudra şekeri', 'pudra şekeri', 'buğday nişastası', 'oda sıcaklığında tereyağı', 'sıvı yağ']","['Un kurabiyesi için 200 gram oda sıcaklığında bekletilmiş tereyağını derin bir yoğurma kasesine aktarın.', 'Üzerine 1 adet yumurta ve 1 çay bardağı sıvı yağını da ekledikten sonra pürüzsüz bir kıvam olana kadar çırpın.', '1 su bardağı pudra şekeri, 5 yemek kaşığı buğday nişastası, 1 paket kabartma tozu, 1 paket vanilin ve 3 su bardağı unu azar azar ekleyin.', 'Ele yapışmayacak kıvamda bir hamur elde edene kadar yoğurun.', 'Kurabiye hamurundan büyükçe bir parça alın ve tezgahın üzerinde yuvarlayarak 2 parmak kalınlığında rulo şekline getirin.', 'Kenar kısımlarını kesin. Ardından üzerinden çatal yardımıyla geçerek şekil verin.', 'Bıçak yardımıyla 3 parmak genişliğinde parçalar kesin. Fırın tepsisine aktarın.', 'Üzerleri hafif kızarıp renk alana kadar önceden ısıtılmış 170 derece fırında 15 dakika kadar pişirin.', 'Soğuttuktan sonra pudra şekeri eleyin.', 'Ardından un kurabiyelerini servis edin. Afiyetler olsun!']",TATLI KURABİYE,239b56,/tarif/tatli-kurabiyeler/,"['Kurabiye', 'Video', 'Tatlı Kurabiye']",['çay saati'],['Çay Saati'],['Fırın'],,False,900,1500,2022-04-01T07:45:01Z,4.0,1330455,3412,False,True,True,0,,0,,,,2022/04/un-kurabiyesi-onecikan-yeni.jpg,0,0,https://cdn.yemek.com/mnresize/940/940/uploads/2022/04/un-kurabiyesi-onecikan-yeni.jpg,940,940,False,https://cdn.yemek.com/mncrop/300/200/uploads/2022/04/un-kurabiyesi-onecikan-yeni.jpg,300,200,True,https://cdn.yemek.com/mncrop/940/625/uploads/2022/04/un-kurabiyesi-onecikan-yeni.jpg,940,625,True,https://cdn.yemek.com/mncrop/620/388/uploads/2022/04/un-kurabiyesi-onecikan-yeni.jpg,620,388,True,https://cdn.yemek.com/mncrop/600/315/uploads/2022/04/un-kurabiyesi-onecikan-yeni.jpg,600,315,True,['fırın'],,,,,
266,121,Cemre Özgüzel,https://cdn.yemek.com/author/109/20200211010242_avatar.jpg,/profil/cemre-ozguzel/,"Kolay, Pratik, Tam Kıvamında: Kakaolu Kek",Kakaolu Kek,/tarif/kakaolu-kek/,35 dk,10 dk,"<p>Bir parça kakaolu <a href=""https://yemek.com/tarif/kek/"" target=""_blank"">kek</a>; göz doldurur, iştah açar, <a href=""https://yemek.com/tarif/iced-latte/"" target=""_blank"">kahvenin</a> yanında iyi gider, misafir kurtarır, evlat sevindirir, anne özlemini artırır. On diliminde on marifet kakaolu kek, yapması da kolay olduğundan öğrencilerin de yapabilecekleri en nefis ve pratik <a href=""https://yemek.com/tarif/kek/"" target=""_blank"">kek tariflerinden</a> biri.</p>
<p>Kek denince akla gelen ilk <a href=""https://yemek.com/tarif/tatli-kek/"" target=""_blank"">tatlı kek</a> tarif olan <a href=""https://yemek.com/kakaolu-kek-tarifleri/"" target=""_blank"">kakaolu kek tarifi</a>ni en kolay, pratik ve tam kıvamında bir şekilde yapmak mümkün! Bu pratik kakaolu kek yumuşacık ve yaptığınız en güzel kakaolu kek tarifi olacak.</p>
<p>Kakaolu kek <a href=""https://yemek.com/tarif/"" target=""_blank"">tarif</a>imizin videosu hemen aşağıda, afiyet olsun!</p>
",recipe,"['yumurta', 'toz şeker', 'süt', 'un', 'vanilya', 'kabartma tozu', 'kakao', 'maden suyu', 'sıvı yağ']","['Yumurtaları ve toz şekeri derin bir kapta, bir mikser yardımıyla şeker eriyene kadar çırpın.', 'Ardından sıvı yağ, süt ve\xa0 sodayı da üzerine ekleyip çırpmaya devam edin.', 'Kek harcına unu ve kakaoyu azar azar ilave edin. Kabartma tozu ve vanilini de ekledikten sonra spatula yardımıyla, pürüzsüz bir harç elde edene kadar karıştırmaya devam edin.', 'Hazırladığınız kakaolu kek karışımını yağladığınız kek kalıbına dökün.', 'Önceden ısıtılmış 180 derece fırında 30-35 dakika kadar pişirin. İçini çekmesi için beklettiğiniz keki, ılınınca kalıbından çıkartın.', 'Üzerine pudra şekeri serperek servis edin.']",TATLI KEK,239b56,/tarif/tatli-kek/,"['Kek', 'Video', 'Tatlı Kek']","['ekonomik', 'ara öğün']",['Çay Saati'],['Fırın'],['Ekonomik'],False,2100,600,2020-11-19T10:43:04Z,4.0,1321844,5041,False,True,True,0,,0,,,,2019/03/kakaolu-kek-one-cikan-yeni.jpg,0,0,https://cdn.yemek.com/mnresize/940/940/uploads/2019/03/kakaolu-kek-one-cikan-yeni.jpg,940,940,False,https://cdn.yemek.com/mncrop/300/200/uploads/2019/03/kakaolu-kek-one-cikan-yeni.jpg,300,200,True,https://cdn.yemek.com/mncrop/940/625/uploads/2019/03/kakaolu-kek-one-cikan-yeni.jpg,940,625,True,https://cdn.yemek.com/mncrop/620/388/uploads/2019/03/kakaolu-kek-one-cikan-yeni.jpg,620,388,True,https://cdn.yemek.com/mncrop/600/315/uploads/2019/03/kakaolu-kek-one-cikan-yeni.jpg,600,315,True,['fırın'],,,,,
267,302,Yasemin Özaltın,https://cdn.yemek.com/author/35533/20181219061403_avatar.jpg,/profil/yasemingursurer/,"Tüm Püf Noktalarıyla, Kolay: Şekerpare",Şekerpare,/tarif/sekerpare/,25 dk,30 dk,"<p>İrmik ile tatlanıp, kıtır bir kıvam alan tatlılarımızdan o. Evet doğru bildiniz, bayram tatlılarının da başında gelen, <a href=""https://yemek.com/tarif/serbetli-tatlilar/"" target=""_blank"">şerbetli tatlı</a> tariflerinin en sevilenlerinden şekerpare tarifinden bahsediyoruz. Pastanelerde yediğinizde tadı damağınızda kalan <strong>gerçek şekerparelerin sırları</strong>nı aldık, üzeri nefis bir şekilde kızarmış, şerbetini tam kıvamında çekmiş muhteşem bir şekerpare tatlısı hazırladık. Bu keyfe ortak olmak ve 'Şekerpare nasıl yapılır?', ""<strong>Şekerpare şerbeti nasıl yapılır?</strong>"" sorularına cevap bulmak, ""En güzel şekerpare <a href=""https://yemek.com/tarif/tatli/"" target=""_blank"">tatlısı</a> tarifini aradım aradım ama bulamadım"" diyenlerin derdine tam ölçülü ve ev yapımı bir şekerpare tarifiyle çözüm olmak istedik. İşte karşınızda, tüm püf noktalarıyla: Şekerpare <a href=""https://yemek.com/tarif/"" target=""_blank"">tarif</a>i!</p>
<p><a href=""https://yemek.com/tarif/sekerpare-2/"" target=""_blank"">Şekerpare tarifini </a>hazırlamak pek kolay, sonrası tam bir keyif... Üzerine mini mini fındıklar konan tatlılar fırında hafif bir renk alana kadar kızaracak, fırından çıkan sıcak tatlılar önceden hazırlanan soğuk şerbet azar azar eklenecek. Videolu, denenmiş en güzel şekerpare tarifi karşınızda!</p>
<p><a href=""https://yemek.com/ramazan-tatlilari/"" target=""_blank"">Ramazan sofralarında</a>, iftarda olmazsa olmaz tatlılardan biri olan şekerpare tatlısını yaparken işin biraz daha kolayına kaçmak isteyenler <a href=""https://yemek.com/tarif/kolay-sekerpare"" target=""_blank"">kolay şekerpare tarifimize</a>, klasik şekerpare tatlısı tarifi için de videolu tarifimizi davetlisiniz.</p>
",recipe,"['yumurta', 'toz şeker', 'un', 'kabartma tozu', 'su', 'irmik', 'pudra şekeri', 'fındık', 'limonun suyu', 'vanilin', 'Hindistan cevizi', 'margarin veya tuzsuz tereyağı']","['Şekerpare için öncelikle şerbeti hazırlıyoruz. 3 su bardağı suya 2 su bardağı şeker ekleyip karıştırıyoruz ve kaynamaya bırakıyoruz.', 'Kaynayan şerbetin içerisine bir iki damla limon suyu sıktıktan sonra koyu bir şerbet kıvamını alana kadar kısık ateşte bırakıyoruz ve ocaktan aldıktan sonra şerbeti ılımaya bırakıyoruz.', 'Hamurunu hazırlamak için derin bir karıştırma kasesine 1 su bardağı pudra şekeri, 125 gram margarin, 2 yumurta, 2 yemek kaşığı hindistan cevizi, 1 paket vanilin, 1 paket kabartma tozu, 4 yemek kaşığı irmik ve azar azar unu koyup güzelce yoğuruyoruz.', 'Yoğurduğumuz hamuru 15 dakika buzdolabında dinlendirdikten sonra cevizden biraz daha büyük parçalar koparıp elimizle yuvarlak şekil veriyoruz ve pişirme kağıdı serili fırın tepsisin üzerine aralıklı olarak yerleştiriyoruz.', 'Fındıkları şekerparelerin tam ortasına bastırarak yerleştiriyoruz.', 'Şekerpareleri önceden ısıtılmış 180 derece fırında 25 dakika pişiriyoruz.', 'Kurabiyeler sıcak şerbeti de soğukken şerbetini döküyoruz. Şerbeti de döktükten sonra iyice çekmesi için bekliyoruz ve servis ediyoruz. Afiyetler olsun!']",ŞERBETLİ TATLI,239b56,/tarif/serbetli-tatlilar/,"['Hamur İşi', 'Tatlı', 'Şerbetli Tatlı', 'Ramazan', 'Video']",['çay saati'],['Çay Saati'],"['Fırın', 'Tencere']",,False,1500,1800,2022-03-18T13:00:52Z,4.0,1282307,4569,False,True,True,0,,0,,,,2014/07/sekerpare-ytk-site.jpg,0,0,https://cdn.yemek.com/mnresize/940/940/uploads/2014/07/sekerpare-ytk-site.jpg,940,940,False,https://cdn.yemek.com/mncrop/300/200/uploads/2014/07/sekerpare-ytk-site.jpg,300,200,True,https://cdn.yemek.com/mncrop/940/625/uploads/2014/07/sekerpare-ytk-site.jpg,940,625,True,https://cdn.yemek.com/mncrop/620/388/uploads/2014/07/sekerpare-ytk-site.jpg,620,388,True,https://cdn.yemek.com/mncrop/600/315/uploads/2014/07/sekerpare-ytk-site.jpg,600,315,True,['fırın'],,,,,
268,3178,Cemre Özgüzel,https://cdn.yemek.com/author/109/20200211010242_avatar.jpg,/profil/cemre-ozguzel/,Oldu Bile: Üç Malzemeli Kurabiye,Üç Malzemeli Kurabiye,/tarif/uc-malzemeli-kurabiye/,20 dk,15 dk,"<p>Ayçiçek yağı, elenmiş un ve toz krem şanti. Sadece üç malzemeyle hazırlanan <a href=""https://yemek.com/tarif/un-kurabiyesi/"" target=""_blank"">un kurabiyesi</a> gevrekliğinde pratik ve ekonomik bir <a href=""https://yemek.com/tarif/kurabiye/"" target=""_blank"">kurabiye tarifi</a>. Siz çayı demleyene kadar onlar pişmiş hatta dinlenmiş olacak, mutfağı mis gibi kurabiye kokusu saracak. Sonrası tam anlamıyla keyif.</p>
<p>Dilerseniz hazırladığınız hamuru atın buzdolabına 30 dakika dinlendirin elinizle gelişi güzel minik yuvarlaklar yaparak pişirin isterseniz de kaşık yardımıyla tepsiye dizin. Karar sizin.</p>
<p>Kurabiye canavarları da sizi sevecek. Afiyetler olsun.</p>
",recipe,"['ayçiçek yağı', 'un', 'toz krem şanti']","['1 su bardağı ayçiçek yağını derin bir karıştırma kabına alın.', '1 paket toz krem şantiyi ve unun 1 bardaklık kısmını ilave ederek karıştırmaya başlayın.', '2 su bardağı unu da azar azar ilave edin ve yumuşak, ele yapışmayan bir hamur elde edene kadar yoğurun.', 'Kıvam alan hamurunuzdan ceviz büyüklüğünde parçalar alın ve elinizle yuvarlayarak şekil verin. Ardından yağlı kağıt serili bir fırın tepsinin üzerine kurabiyelerinizi aktarın. 175 derecede ısıtılmış fırında rengi hafif değişene kadar 15-20 dakika arası pişirin.', 'Çıkarıp oda sıcaklığında soğuttuktan sonra afiyetle tüketin.']",TATLI KURABİYE,239b56,/tarif/tatli-kurabiyeler/,"['Kurabiye', 'Video', 'Tatlı Kurabiye']",['pratik yemek tarifleri'],['Çay Saati'],['Fırın'],,False,1200,900,2015-08-10T11:18:13Z,4.0,1278903,3887,False,True,False,0,,0,,,,2015/08/uc-malzemeli-kurabiye-yemekcom.jpg,0,0,https://cdn.yemek.com/mnresize/940/940/uploads/2015/08/uc-malzemeli-kurabiye-yemekcom.jpg,940,940,False,https://cdn.yemek.com/mncrop/300/200/uploads/2015/08/uc-malzemeli-kurabiye-yemekcom.jpg,300,200,True,https://cdn.yemek.com/mncrop/940/625/uploads/2015/08/uc-malzemeli-kurabiye-yemekcom.jpg,940,625,True,https://cdn.yemek.com/mncrop/620/388/uploads/2015/08/uc-malzemeli-kurabiye-yemekcom.jpg,620,388,True,https://cdn.yemek.com/mncrop/600/315/uploads/2015/08/uc-malzemeli-kurabiye-yemekcom.jpg,600,315,True,,,,,,
269,2526,Yasemin Özaltın,https://cdn.yemek.com/author/35533/20181219061403_avatar.jpg,/profil/yasemingursurer/,Yumuşacık Etlerin Sırlarıyla: Hünkar Beğendi,Hünkar Beğendi,/tarif/hunkar-begendi/,1 sa,1 sa,"<p>Saray mutfağının önde gelen, hünkarın da midesini fetheden <a href=""https://yemek.com/tarif/"" target=""_blank"">yemek tariflerinden</a> biri hünkar beğendi. Pratik bir yemek tarifi sayılan, aşamaları biraz fazla olsa da lezzetli ana yemeklerden biri o! Tereyağında kavrulmuş un ve soğuk süt ilavesiyle hazırlanan beğendi bir yana dursun kısık ateşte pişen bol soğanlı et karışımı onu diğerlerinden ayırıyor. Karşınıza her haliyle övgüleri toplayacak, <a href=""https://yemek.com/tarif/et/"" target=""_blank"">et yemeklerinin</a> en görkemlisi hünkar beğendi yemeği çıkıyor.</p>
<p>Hünkarımızın bir bildiği olmalı diyerek sizi adım adım resimli ve videolu anlattığımız<strong> hünkar beğendi kebabı</strong> tarifimize alalım. ""<strong>Hünkar beğendinin yanına ne yapılır?</strong>"" diye soranlar için de cevabımız hemen tarifin sonunda. Şimdiden ellerinize sağlık diyor, lezzetine doyum olmaz hünkar beğendi tarifimize buyur ediyoruz. Yaptığım tarif en kusursuz haliyle olsun derseniz de <a href=""https://yemek.com/tarif/kusursuz-hunkar-begendi/"" target=""_blank"">kusursuz hünkar beğendi</a> tarifimize bekleriz. Keyfi ve lezzeti bol bol olsun. Afiyetler olsun!</p>
",recipe,"['tereyağı', 'sıcak su', 'tuz', 'tuz', 'süt', 'un', 'sarımsak', 'zeytinyağı', 'domates salçası', 'taze çekilmiş tane karabiber', 'kaşar peyniri', 'orta boy kuru soğan', 'orta boy domates', 'orta boy patlıcan', 'kuzu but (arzuya göre dana eti)']","['Hünkar beğendi tarifi için 4 adet orta boy patlıcana bıçakla delikler açın ve fırın tepsisine alın. 200 derecede yaklaşık 20 dakika fırınlayın.', 'Fırınlanmış patlıcanları bir kaba alın ve kabuklarının kolay soyulması için üzerini streçleyip, 15 dakika kadar bekledikten sonra kabukları soyun.', 'Bir tavada 3 yemek kaşığı zeytinyağını kızdırın. 2 adet yemeklik doğranmış kuru soğanı da üzerine ilave edip pembeleşinceye kadar kavurun.', '4 diş doğranmış sarımsağı da üzerine ekledikten sonra 600 gram kuşbaşı dana veya kuzu etini ilave edin.', ""Etler suyunu salıp çekene kadar pişmeye bırakın. 1 yemek kaşığı domates salçası, 1'er çay kaşığı tuz ve karabiber, 3 adet soyulmuş, doğranmış domates ekleyin."", '2 su bardağı sıcak su ekleyip etler yumuşayana kadar pişmeye bırakın.', 'Şimdi de beğendiyi hazırlayalım. 1 yemek kaşığı tereyağını bir tavada eritin. 1,5 yemek kaşığı unu üzerine ilave edip kokusu çıkana kadar kavurun.', ""Üzerine fırınladığınız ve kabuklarını soyduğunuz patlıcanları ekleyin. 1,5 su bardağı sütü de üzerine yavaş yavaş ilave edin ve sürekli olarak karıştırın. 1'er çay kaşığı tuz ve karabiberi de ekleyin."", 'Sonra son olarak yarım su bardağı rendelenmiş kaşar peyniri ekleyin ve karıştırıp ocaktan alın.', 'Beğendinin üzerine yumuşacık pişmiş etleri serpiştirin ve servis edin. Hünkar beğendi yemeği hazır, afiyet olsun!']",ET,239b56,/tarif/et/,"['Et', 'Ramazan', 'Video', 'Mevsiminde']","['akşam yemeği', 'öğle yemeği']","['Öğle Yemeği', 'Akşam Yemeği']",['Tencere'],['Ekonomik'],False,3600,3600,2021-03-22T08:32:29Z,4.0,1273470,10647,False,True,True,0,,0,,,,2021/03/hunkar-begendi-son-yemekcom.jpg,0,0,https://cdn.yemek.com/mnresize/940/940/uploads/2021/03/hunkar-begendi-son-yemekcom.jpg,940,940,False,https://cdn.yemek.com/mncrop/300/200/uploads/2021/03/hunkar-begendi-son-yemekcom.jpg,300,200,True,https://cdn.yemek.com/mncrop/940/625/uploads/2021/03/hunkar-begendi-son-yemekcom.jpg,940,625,True,https://cdn.yemek.com/mncrop/620/388/uploads/2021/03/hunkar-begendi-son-yemekcom.jpg,620,388,True,https://cdn.yemek.com/mncrop/600/315/uploads/2021/03/hunkar-begendi-son-yemekcom.jpg,600,315,True,"['tencere', 'bol proteinli', 'bol lifli']",,"['Haziran', 'Temmuz', 'Ağustos']",,,
270,410,Yasemin Özaltın,https://cdn.yemek.com/author/35533/20181219061403_avatar.jpg,/profil/yasemingursurer/,Yağdan Hafif: Fırında Baharatlı Patates,Fırında Baharatlı Patates,/tarif/baharatli-firin-patates/,30 dk,10 dk,"<p>Var mı patates sevmeyen? <a href=""https://yemek.com/tarif/kofte/"" target=""_blank"">Köfte</a>nin yanında patates kızartması yemeyi düşlemeyen, önceden kızarttığı patatesleri yumurtayla harmanlayıp yumurtalı patates haline getirmeyen? Yok yazın da bozuşmayalım şimdi. <a href=""https://yemek.com/tarif/kizartma/"" target=""_blank"">Kızartma</a>sı güzel olsa da bu meredin sağlıktan ödün vermeden de kızarmış patates yemek mümkün. Nasıl mı? Patatesleri fırında kızartarak elbette.</p>
<p><strong>Fırında patates kızartması tarifi</strong>nde o çok sevdiğimiz baharatları ekleyip eser miktarda <a href=""https://yemek.com/sozluk/zeytinyagi/"" target=""_blank"">zeytinyağı</a> ile harmanladığımız patates dilimlerini fırına alıyoruz. Onlar çıtır çıtır kızardıkça size de bu <a href=""https://yemek.com/tarif/atistirmaliklar/"" target=""_blank"">atıştırmalığın</a> keyfini uzun uzadıya çıkarmak kalıyor.</p>
",recipe,"['tuz', 'zeytinyağı', 'karabiber', 'biberiye', 'kekik', 'rendelenmiş sarımsak', 'büyük boy patates', 'toz kırmızı biber']","['Bir kasede zeytinyağı, tuz, toz kırmızı biber, sarımsak, kekik, taze biberiye ve karabiberi alın.', 'Tüm malzemeleri güzelce çırparak karıştırın.', 'Patatesleri elma dilim şeklinde kesin.', 'Tabanını yağlı kağıt ile kapladığınız fırın tepsisine patatesleri yayın. Hazırladığınız sosu patateslerin üzerine gezdirin ve her yerine gelecek şekilde karıştırın.', 'Önceden ısıtılmış 200 derece fırında 25- 30 dakika kızarana kadar fırından yükselen mis gibi kokuyu içinize çeke çeke bekleyin. Piştikten sonra afiyetle tüketin.']",TUZLU ATIŞTIRMALIK,239b56,/tarif/tuzlu-atistirmalik/,"['Sebze', 'Atıştırmalık', 'Video', 'Tuzlu Atıştırmalık', 'Mevsiminde']","['pratik yemek tarifleri', 'ekonomik', 'başlangıç', 'diyet']","['Öğle Yemeği', 'Akşam Yemeği']",['Fırın'],,False,1800,600,2014-08-04T13:30:26Z,4.0,1246823,7207,False,True,True,0,,0,,,,2014/08/baharatli-patates-yemekcom.jpg,0,0,https://cdn.yemek.com/mnresize/940/940/uploads/2014/08/baharatli-patates-yemekcom.jpg,940,940,False,https://cdn.yemek.com/mncrop/300/200/uploads/2014/08/baharatli-patates-yemekcom.jpg,300,200,True,https://cdn.yemek.com/mncrop/940/625/uploads/2014/08/baharatli-patates-yemekcom.jpg,940,625,True,https://cdn.yemek.com/mncrop/620/388/uploads/2014/08/baharatli-patates-yemekcom.jpg,620,388,True,https://cdn.yemek.com/mncrop/600/315/uploads/2014/08/baharatli-patates-yemekcom.jpg,600,315,True,"['vejetaryen', 'fırın', 'düşük karbonhidratlı']",,"['Haziran', 'Temmuz', 'Ağustos', 'Eylül']",,,
271,2040,Yasemin Özaltın,https://cdn.yemek.com/author/35533/20181219061403_avatar.jpg,/profil/yasemingursurer/,Üzeri Kızarmış: Fırın Sütlaç,Fırın Sütlaç,/tarif/firin-sutlac/,45 dk,30 dk,"<p><a href=""https://yemek.com/tarif/sutlu-tatlilar/"" target=""_blank"">Sütlü tatlı</a>ların en besleyici olanı, pirincin en güzel ve <a href=""https://yemek.com/tarif/tatli/"" target=""_blank"">tatlı</a> halidir <a href=""https://yemek.com/tarif/sutlac/"" target=""_blank"">sütlaç</a>. Bu sefer bizim yaptığımız gibi tarifinde küçük bir farklılık yapıp yumurta sarısı ilavesiyle pişirdiğinizde ve porsiyonluk fırın kaplarında pişirme işlemini sürdürdüğünüzde fırın sütlaç göz kırpar size.</p>
<p>Tarçın ilavesi ile soğuk soğuk yendiğinde tadına doyum olmaz. <strong>Tam ölçülü ve kıvamı asla şaşmayan</strong> bir <a href=""https://yemek.com/tarif/"" target=""_blank"">tarif</a> üstelik. Bir yiyenin lezzetine hayran kalacağı fırın sütlaçlar karşınızda! Bir kase yesek mi?</p>
",recipe,"['pirinç', 'toz şeker', 'süt', 'su', 'su', 'yumurta sarısı', 'buğday nişastası', 'vanilin']","['Fırın sütlaç için öncelikle bol suda yıkadığınız pirinçleri; bir tencerede, 2 su bardağı suyu ekleyerek orta ateşte suyunu çekene kadar haşlayın.', 'Soğuk süt ve toz şekeri ayrı bir geniş tencereye alın.\xa0Bir çırpma teliyle toz şeker eriyene kadar karıştırdıktan sonra ocağa alın. Kısık ateşte kaynamaya bırakın.', 'Vanilini toz şeker eriğinde süte ekleyin.', 'Haşlanan pirinçleri ocaktan alın ve fazla suyu kaldıysa süzün.', '1-2 dakika kadar kaynayan şekerli süte haşlanmış pirinçleri ilave edin.', 'Yumurta sarısını, buğday nişastası ve 1 bardak su ilavesiyle ayrı bir kabın içerisine alın.', 'Pürüzsüz bir kıvam alana kadar karıştırın.', 'Yumurta sarısının kesilmemesi için; kısık ateşte kaynamakta olan süt karışımından alıp nişastalı karışımı ılıştırın.', 'Hazırladığınız yumurta sarılı karışımı sütlaç tenceresine azar azar katıp hızlıca karıştırın.', 'Kıvam alan sütlacı, ısıya dayanıklı porsiyonluk güveç kaplarına eşit ölçüde boşaltın.', 'Sütlaç kaselerini, derin bir fırın tepsisine aralıklı olarak dizin. Kapların yarısına gelecek kadar soğuk suyu, sütlaçlara değdirmeden tepsiye dökün.', 'Fırına verdiğiniz sütlaçları, önceden ısıtılmış 200 derece fırında 12-15 dakika kadar pişirin.', 'Fırından bir mutfak eldiveni yardımıyla çıkardığınız sütlaç kaselerini, oda ısısında soğuttuktan sonra buzdolabına kaldırın. Soğuttuktan sonra fırın sütlaçları sevdiklerinizle paylaşın.']",SÜTLÜ TATLI,239b56,/tarif/sutlu-tatlilar/,"['Tatlı', 'Ramazan', 'Sütlü Tatlı', 'Video']","['ekonomik', 'ara öğün', 'çay saati']","['Ara Öğün', 'Çay Saati']","['Fırın', 'Tencere']",,False,2700,1800,2019-05-02T08:14:33Z,4.0,1200815,6587,False,True,True,0,,0,,,,2015/03/ytk-firin-sutlac-site.jpg,0,0,https://cdn.yemek.com/mnresize/940/940/uploads/2015/03/ytk-firin-sutlac-site.jpg,940,940,False,https://cdn.yemek.com/mncrop/300/200/uploads/2015/03/ytk-firin-sutlac-site.jpg,300,200,True,https://cdn.yemek.com/mncrop/940/625/uploads/2015/03/ytk-firin-sutlac-site.jpg,940,625,True,https://cdn.yemek.com/mncrop/620/388/uploads/2015/03/ytk-firin-sutlac-site.jpg,620,388,True,https://cdn.yemek.com/mncrop/600/315/uploads/2015/03/ytk-firin-sutlac-site.jpg,600,315,True,['fırın'],,,,,
272,85,Yasemin Özaltın,https://cdn.yemek.com/author/35533/20181219061403_avatar.jpg,/profil/yasemingursurer/,Terbiyesinin Kesilme Derdi Yok: Yayla Çorbası,Yayla Çorbası,/tarif/yayla-corbasi/,35 dk,15 dk,"<p>Yayla çorbasının tadına varmak için yaz ya da kış fark etmez! Anadolu’nun geleneksel çorbalarından ve <a href=""https://yemek.com/tarif/"" target=""_blank"">yemek tariflerinden</a> biri olan bu lezzet size de nane <strong>ferahlığını</strong> çağrıştırmıyor mu?</p>
<p><a href=""https://yemek.com/tarif/kahvaltiliklar/"" target=""_blank"">Kahvaltı</a>dan akşam yemeğine günün her saati tüketebileceğiniz bu <strong>pratik</strong> ve besleyici <a href=""https://yemek.com/tarif/corba/"" target=""_blank"">çorba tarifi</a>ni püf noktalarına dikkat ederek birlikte hazırlayalım.</p>
<p>En güzel çorba <strong>tariflerinden</strong> biri olan yayla çorbası tarifinde bulunan yoğurt sayesinde bir vitamin kaynağıdır. Hatta bu yüzden yoğurt çorbası olarak bile anılır.</p>
<p>Pirinçli, yoğurtlu bu yayla çorbasının tarifi hem videolu hem de adım adım resimli olarak tüm <strong>püf noktalarıyla</strong> karşınızda. Farklı yayla çorbası tarifi arayanlar için <a href=""https://yemek.com/tarif/yumurtasiz-yayla-corbasi/"" target=""_blank"">yumurtasız yayla çorbası</a> ve <a href=""https://yemek.com/tarif/kolay-yayla-corbasi/"" target=""_blank"">kolay yayla çorbası</a> tarifimizi de öneririz.</p>
",recipe,"['pirinç', 'tereyağı', 'tuz', 'pul biber', 'un', 'su', 'yoğurt', 'yumurta sarısı', 'zeytinyağı', 'kuru nane', 'limonun suyu']","['Çorbayı pişireceğiniz tencereye 2 su bardağı yoğurt, 1,5 yemek kaşığı un, 2 yemek kaşığı limon suyu ekleyip pürüzsüz bir kıvama gelene kadar karıştırın.', '1 yumurta sarısını da karışımın üzerine ekledikten sonra tekrar karıştırın.', '6 su bardağı soğuk suyu da ilave edip orta ateşte kaynamaya bırakın.', 'Çorba kaynamaya başlayınca yıkayıp süzdüğünüz 1 çay bardağı pirinci ekleyin ve tekrar kaynamaya bırakın.', ""Bu sırada ayrı bir tavada 2'şer yemek kaşığı zeytinyağı ve tereyağını kızdırın. 1 yemek kaşığı kuru naneyi de üzerine ekleyip karıştırın ve ocaktan alın."", 'Hazırladığınız yağı kaynamakta olan çorbanın üzerine dökün. Pul biberi ve tuzu da ekleyin.', 'Güzelce karıştırıp ocağın altını kapatın.', 'Yayla çorbanız hazır, afiyet olsun!']",ÇORBA,,/tarif/corba/,"['Çorba', 'Ramazan', 'Video']","['pratik yemek tarifleri', 'ekonomik', 'başlangıç', 'akşam yemeği', 'öğle yemeği']","['Başlangıç', 'Öğle Yemeği', 'Ara Öğün', 'Akşam Yemeği']",['Tencere'],"['Ekonomik', 'Vejetaryen', 'Düşük Karbonhidratlı']",False,2100,900,2019-05-17T08:15:01Z,4.0,1190925,10054,False,True,True,0,,0,,,,2014/06/yayla-corbasi-yemekcom.jpg,0,0,https://cdn.yemek.com/mnresize/940/940/uploads/2014/06/yayla-corbasi-yemekcom.jpg,940,940,False,https://cdn.yemek.com/mncrop/300/200/uploads/2014/06/yayla-corbasi-yemekcom.jpg,300,200,True,https://cdn.yemek.com/mncrop/940/625/uploads/2014/06/yayla-corbasi-yemekcom.jpg,940,625,True,https://cdn.yemek.com/mncrop/620/388/uploads/2014/06/yayla-corbasi-yemekcom.jpg,620,388,True,https://cdn.yemek.com/mncrop/600/315/uploads/2014/06/yayla-corbasi-yemekcom.jpg,600,315,True,"['tencere', 'düşük karbonhidratlı']",greenLight,,,,
273,761,Yasemin Özaltın,https://cdn.yemek.com/author/35533/20181219061403_avatar.jpg,/profil/yasemingursurer/,Anne Usulü: Karnıyarık,Karnıyarık,/tarif/karniyarik/,50 dk,30 dk,"<p>Sofraların olmazsa olmazı, <a href=""https://yemek.com/tarif/pirinc-pilavi/"" target=""_blank"" rel=""noopener"">pilavın</a> sevdalısı, <a href=""https://yemek.com/tarif/cacik/"" target=""_blank"" rel=""noopener"">cacığın</a> en iyi dostu, <a href=""https://yemek.com/tarif/"" target=""_blank"" rel=""noopener"">yemek tariflerinin</a> gözdesi, anneye bolca sipariş verilen karnıyarık hazırlıyoruz. Duymayan kalmasın. Arzu eden bize katılsın. Patlıcanları kızartmak istemeyen fırınını önceden ısıtsın.</p>
<p>Karnıyarık tarifinde başrol malzememiz her zaman olduğu gibi sebzelerin en çok kıskanılanı patlıcan. Kendisi malumunuz üzerine binlerce yazıda en çok sevilen sebze olarak yer almıştır. Yine karnıyarık tarifinde öne çıkan bir diğer malzeme ise, karnıyarığı imam bayıldıdan ayıran kıyma. Kendisi karnıyarık tarifini de lezzet getiriyor.</p>
<p>Biz de bu <strong>fırında karnıyarık</strong> tarifinde karnıyarık içinin tencerede nasıl hazırlanacağından karnıyarık yemeğinin adım adım resimli aşamalarıyla nasıl yapıldığına hepsini tek tek anlatmak istedik.</p>
<p>Vejetaryen karnıyarık olan <a href=""https://yemek.com/imam-bayildinin-hikayesi/"" target=""_blank"" rel=""noopener"">imam bayıldı</a> gibi hikayelere konuk olmasa da kendisi başlı başına bir hikaye karnıyarığın. İnanmayan pilava, cacığa, yanında kırılan soğana sorsun. Tüm lokanta yemekleri tarifleri karnıyarığa olan aşkını anlatacaktır.</p>
<p>O yüzden hazır edin patlıcanı, <a href=""https://yemek.com/tarif/kiyma-kavurma/"" target=""_blank"" rel=""noopener"">kıyma</a>yı, soğanı, zeytinyağını bu akşam misler gibi karnıyarık yapmak için mutfağa giresimiz var.</p>
<p>Yapanların ellerine sağlık.</p>",recipe,"['biber salçası', 'tuz', 'ayçiçek yağı', 'sarımsak', 'maydanoz', 'zeytinyağı', 'karabiber', 'domates salçası', 'domates', 'yeşil biber', 'kıyma', 'büyük boy kuru soğan', 'orta boy patlıcan', 'orta boy yeşil sivri biber']","['<p>Bol suda yıkadığınız patlıcanları, pijamalı şekilde soyun ve tuzlu suda bekletin. 3 yemek kaşığı zeytinyağını bir tavada kızdırın. Yemeklik doğradığınız 1 adet soğanı da üzerine ekleyip pembeleşene kadar kavurun. 2 adet doğranmış yeşil biberi ilave edip kavurmaya devam edin.</p>', '<p>350 gram orta yağlı kıymayı da ekleyin ve kavrulmakta olan soğanlarla birlikte renk alıp, suyunu çekene kadar pişirin.</p>', ""<p>Aralarda karıştırıp pişirme işlemine devam ederek sırasıyla; 2 diş sarımsak, yarım tatlı kaşığı domates salçası, yarım tatlı kaşığı biber salçası, 1'er çay kaşığı tuz ve karabiber ekleyin.\xa0</p>"", '<p>2 adet küp doğranmış domatesi ekleyin, 5 dakika kadar pişirdikten sonra ocağın altını kısın ve bir avuç doğranmış maydanozu ekleyip son kez karıştırarak ocaktan alın.</p>', '<p>Acısını alıp, pijamalı soyduğunuz 6 adet patlıcanı kızartın.</p>', '<p>Fırına dayanıklı bir kaba yerleştirin.</p>', '<p>Orta kısımlarından patlıcanları yarın.</p>', '<p>Hazırladığınız iç harçtan bol bol ekleyin.</p>', '<p>Patlıcanların üzerine birer cherry domates ve biber dilimleri ekleyin.</p>', '<p>Karnıyarıkları önceden ısıtılmış 170 derece fırında 20-25 dakika kadar pişirdikten sonra, sıcak olarak, dilerseniz tereyağlı pirinç pilavı eşliğinde servis edin, afiyet olsun!</p>']",SEBZE,239b56,/tarif/sebze/,"['Sebze', 'Ramazan', 'Video', 'Sulu Yemek', 'Mevsiminde']",,"['Öğle Yemeği', 'Akşam Yemeği']","['Fırın', 'Kızartma', 'Tencere']",,False,3000,1800,2019-05-14T11:19:27Z,4.0,1185751,6345,False,True,True,0,,0,,,,2014/10/karniyarik-yemekcom.jpg,0,0,https://cdn.yemek.com/mnresize/940/940/uploads/2014/10/karniyarik-yemekcom.jpg,940,940,False,https://cdn.yemek.com/mncrop/300/200/uploads/2014/10/karniyarik-yemekcom.jpg,300,200,True,https://cdn.yemek.com/mncrop/940/625/uploads/2014/10/karniyarik-yemekcom.jpg,940,625,True,https://cdn.yemek.com/mncrop/620/388/uploads/2014/10/karniyarik-yemekcom.jpg,620,388,True,https://cdn.yemek.com/mncrop/600/315/uploads/2014/10/karniyarik-yemekcom.jpg,600,315,True,,,"['Haziran', 'Temmuz', 'Ağustos']",,,
274,24660,Yasemin Özaltın,https://cdn.yemek.com/author/35533/20181219061403_avatar.jpg,/profil/yasemingursurer/,Evdeki Malzemelerle: Fincan Tatlısı,Fincan Tatlısı,/tarif/fincan-tatlisi/,15 dk,5 dk,"<p>Pratik lezzetlerden vazgeçemeyenlere, yemeklerin sunumuna önem verenlere müjdemiz var! Evdeki malzemelerle hızlıca yapabileceğiniz fincan tatlısı, Hindistan cevizi ve meyveler ile süslenerek adeta evde bir dekor olarak kullanabileceğiniz güzellikte oluyor. Yemeyip yanında yatasınız geliyor <img src=""https://cdn.yemek.com/assets/images/smiley/smile.png"" class=""wp-smiley img-responsive"" /></p>
<p>Bu pratik <a href=""https://yemek.com/tarif/"" target=""_blank"">tarifte</a> zevkinize göre değişiklikler yapabilirsiniz. Çoğunlukla vanilya aromalı hazırlanan muhallebiyi dilerseniz kakaolu, çilekli veya muzlu yaparak, farklı ve şık bir sunum elde edebilirsiniz. Hatta iki renkli hazırlamak bile müthiş bir hava katacaktır. Videoyu aşağıya iliştirdik. Çay saatleriniz ve özel davetleriniz için oldukça kolay hazırlanacak bu <a href=""https://yemek.com/tarif/sutlu-tatlilar/"" target=""_blank"">sütlü</a> <a href=""https://yemek.com/tarif/tatli/"" target=""_blank"">tatlıyı</a> mutlaka denemenizi öneriyoruz. Afiyet olsun!</p>
",recipe,"['toz şeker', 'süt', 'un', 'margarin', 'çilek (arzuya göre muz)', 'vanilin', 'Hindistan cevizi rendesi']","['Derin bir tencereye süt, un ve şekeri ekleyip çırpma teli yardımıyla karıştırarak muhallebi kıvamına gelene kadar pişirin.', 'Muhallebi koyu kıvam alıp göz göz\xa0 fokurdamaya başlayınca margarin ve vanilini ekleyin ve tekrar karıştırın.Pişen muhallebiyi ocaktan alın.', 'Orta boy kahve fincanına 2 parmak boşluk bırakacak şekilde, kepçe yardımıyla muhallebiyi dökün.', 'Fincandaki muhallebileri önce oda sıcaklığına getirdikten sonra buzdolabında en az 4 saat soğumaya bırakın.', 'Soğuyan muhallebileri fincandan yavaşça çıkarın ve Hindistan cevizine bulayın.', 'Hindistan cevizine bulanan muhallebileri servis tabağına alın ve üzerini dilediğiniz meyve ile süsleyip servis edin.']",SÜTLÜ TATLI,239b56,/tarif/sutlu-tatlilar/,"['Tatlı', 'Sütlü Tatlı', 'Video']","['ekonomik', 'çay saati']",['Çay Saati'],['Tencere'],"['Ekonomik', 'Vejetaryen', 'Bol Proteinli']",False,900,300,2020-11-09T07:31:32Z,4.0,1167935,7485,False,True,True,0,,0,,,,2017/10/fincan-tatlisi-tarifi.jpg,0,0,https://cdn.yemek.com/mnresize/940/940/uploads/2017/10/fincan-tatlisi-tarifi.jpg,940,940,False,https://cdn.yemek.com/mncrop/300/200/uploads/2017/10/fincan-tatlisi-tarifi.jpg,300,200,True,https://cdn.yemek.com/mncrop/940/625/uploads/2017/10/fincan-tatlisi-tarifi.jpg,940,625,True,https://cdn.yemek.com/mncrop/620/388/uploads/2017/10/fincan-tatlisi-tarifi.jpg,620,388,True,https://cdn.yemek.com/mncrop/600/315/uploads/2017/10/fincan-tatlisi-tarifi.jpg,600,315,True,['tencere'],,,,,
275,119,Yasemin Özaltın,https://cdn.yemek.com/author/35533/20181219061403_avatar.jpg,/profil/yasemingursurer/,Tam Ölçülü Mükemmel Lezzet: Şerbetli İrmik Tatlısı,Şerbetli İrmik Tatlısı,/tarif/serbetli-irmik-tatlisi/,1 sa,20 dk,"<p>İrmik tatlısının ne kadar efsane bir lezzet olduğuna değinmiş ve <a href=""https://yemek.com/tarif/irmik-tatlisi/"" target=""_blank"">irmik tatlısı tarifi</a>ni sizlerle paylaşmıştık. İrmik tatlısının lezzetini bir kat daha arttırmak ve damaklarda kalıcı bir tat bırakmak üzere bu sefer tarifine şerbet ekliyor ve fırında pişiriyoruz. <a href=""https://yemek.com/tarif/tatli/"" target=""_blank"">Tatlı tarifleri</a> arasında ona ayrı bir yer ayıracaksınız. <a href=""https://yemek.com/az-malzemeli-serbetli-tatlilar/"" target=""_blank"">Az malzemeli şerbetli tatlılar</a> arasında en çok sevilen tatlılardan biri olmaya da aday kendileri. Karşınızda çay saatlerinizin vazgeçilmezlerinden biri olacak şerbetli irmik tatlısı tarifi!</p>
<p>Mutfağa yeni yeni girmeye başlayanların bile kolaylıkla yapabileceği bir tarif üstelik. Sünger gibi kıvamı sayesinde tüm şerbetini içine çekiyor. Yumuşacık dokulu mükemmel bir lezzete dönüşüyor. Dilerseniz üzerine fıstık, file badem gibi malzemeler ilave ederek süsleyebilirsiniz. Çayınızın yanına hemen hazır! Şimdiden ellerinize sağlık.</p>
<p>Adım adım resimli ve videolu anlatımıyla irmik tatlısı <a href=""https://yemek.com/tarif/"" target=""_blank"">tarifi</a> karşınızda!</p>
<p>İrmikli tatlı tarifleri arasında özel bir yere koyacağınız <a href=""https://yemek.com/tarif/serbetli-tatlilar/"" target=""_blank"">şerbetli</a> irmik tatlısından sonra daha hafif bir alternatif isterseniz <a href=""https://yemek.com/tarif/sutlu-irmik-tatlisi/"" target=""_blank"">sütlü irmik tatlısına</a> da şans verebilirsiniz.</p>
",recipe,"['tereyağı', 'limon suyu', 'yumurta', 'toz şeker', 'toz şeker', 'süt', 'un', 'kabartma tozu', 'su', 'yoğurt', 'irmik', 'vanilin']","['3 adet yumurta, 9 yemek kaşığı toz şeker ve 1 çay bardağı yoğurdu derin bir kapta mikser yardımıyla toz şeker eriyene kadar çırpın.', '1 su bardağı süt, 1 paket vanilini ekleyin.', '1,5 su bardağı elenmiş un, 9 yemek kaşığı irmik ve 1 paket kabartma tozunu sırasıyla ekleyin.\xa0 Ardından güzelce karıştırın.', 'Fırın kabını tereyağı ile yağlayın ve tatlı harcını kalıba aldıktan sonra üzerini bir spatula yardımıyla düzeltin.', 'Tatlıyı önceden ısıtılmış 175 derece fırında 35 dakika kadar pişirin.', 'Tatlının şerbeti için; 2 su bardağı toz şeker ve 2 su bardağı suyu 10 dakika kadar kaynatın. 3-4 damla limon suyunu katın ve kaynayan şerbeti 5 dakika sonra ocaktan alın, ılınması için bekletin.', 'Fırından aldığınız sıcak tatlının üzerine ılık şerbeti dökün, şerbetini içine çekmesi için 10 dakika kadar bekledikten.', 'Sonra dilimleyin.', 'Ardından servis edin.\xa0Afiyet olsun!']",ŞERBETLİ TATLI,239b56,/tarif/serbetli-tatlilar/,"['Tatlı', 'Şerbetli Tatlı', 'Ramazan', 'Video']","['ekonomik', 'çay saati']",['Çay Saati'],"['Fırın', 'Tencere']","['Ekonomik', 'Vejetaryen']",False,3600,1200,2019-05-06T08:58:21Z,4.0,1133250,2164,False,True,True,0,,0,,,,2014/06/serbetli-irmik-tatlisi-yemekcom.jpg,0,0,https://cdn.yemek.com/mnresize/940/940/uploads/2014/06/serbetli-irmik-tatlisi-yemekcom.jpg,940,940,False,https://cdn.yemek.com/mncrop/300/200/uploads/2014/06/serbetli-irmik-tatlisi-yemekcom.jpg,300,200,True,https://cdn.yemek.com/mncrop/940/625/uploads/2014/06/serbetli-irmik-tatlisi-yemekcom.jpg,940,625,True,https://cdn.yemek.com/mncrop/620/388/uploads/2014/06/serbetli-irmik-tatlisi-yemekcom.jpg,620,388,True,https://cdn.yemek.com/mncrop/600/315/uploads/2014/06/serbetli-irmik-tatlisi-yemekcom.jpg,600,315,True,['fırın'],,,,,
276,226,Yasemin Özaltın,https://cdn.yemek.com/author/35533/20181219061403_avatar.jpg,/profil/yasemingursurer/,Tutturma Garantili: Kakaolu Islak Kek,Kakaolu Islak Kek,/tarif/kakaolu-islak-kek/,30 dk,20 dk,"<p><a href=""https://yemek.com/kek-tarifleri/"" target=""_blank"">Kek tarifleri</a> arasından ıslak keki çok seviyor, ama şimdiye kadar <a href=""https://yemek.com/tarif/islak-kek/"" target=""_blank"">ıslak kek</a> tarifinin yapılışını bilmiyorsanız veya denemediyseniz size harika bir ıslak kek tarifimiz var!</p>
<p>Unun olabildiği, yumurtanın desteğe gelebildiği, kakaonun sevebildiği en güzel <a href=""https://yemek.com/tarif/tatli/"" target=""_blank"">tatlı</a> tariflerinden biri kakaolu ıslak kek. İlk gördüğün andan itibaren çatalın koca bir parçasına batırmak istersin. Misafir gelse ilk onu çıkarmak, evde tek başına kalsan sürekli yemek istersin.</p>
<p>Çocukluğumuzdan beri severek tükettiğimiz kakaolu ıslak kek, yapımında ayrılan sıvı <a href=""https://yemek.com/tarif/kek/"" target=""_blank"">kek</a> harcının yarattığı akışkan kıvamdan dolayı farklı ve leziz bir deneyim yaşatırken aşk acısı başta olmak üzere her türlü acıya iyi geliyor. <strong>Kakaolu ıslak tarifi</strong>nde hemen hemen her evde ve el altında bulunan malzemeler yer alıyor.</p>
<p>Bol soslu bu çikolatalı <strong>kolay ıslak kek</strong> <a href=""https://yemek.com/tarif/"" target=""_blank"">tarifi</a> çikolatalı pasta tariflerine kafa tutuyor, <a href=""https://yemek.com/tarif/brownie/"" target=""_blank"">brownie kek</a> tarifleriyle yarışıyor. Akışkan mı akışkan <a href=""https://yemek.com/islak-kek-sosu-nasil-yapilir/"" target=""_blank"">ıslak kek soslarının</a> nasıl yapıldığından ıslak kekin yapılış adımlarına her şeyi adım adım görsellerle anlatıyor, bununla da yetinmiyor, en güzel kakaolu ıslak kek <a href=""https://yemek.com/tarif/"" target=""_blank"">tarifi</a> video olarak da sizinle paylaşıyoruz.</p>
<p>Demleyin çayları, misafirliğe geleceğiz elimizde keklerle.</p>
",recipe,"['tuz', 'yumurta', 'toz şeker', 'toz şeker', 'ayçiçek yağı', 'süt', 'süt', 'un', 'vanilya', 'kabartma tozu', 'kakao', 'kakao', 'sıvı yağ', 'sıvı yağ']","['Kakaolu ıslak kek tarifi için derin bir kasede yumurta ve şekeri aktarın.', 'Şeker eriyip, karışım krema kıvamına gelene kadar çırpın.', 'Ardından içerisine sütü, sıvı yağı ilave edin.', 'Vanilini de ekleyin.\xa0Koyup tekrar karıştırın.', 'Topak kalmaması için kakao, kabartma tozu ve unu süzgeçten geçirin.', 'Karışıma ekleyin.', 'Son bir kez daha güzelce çırpın.', 'Yağlanmış, ısıya dayanıklı bir kabın içerisine karışımı döktükten sonra önceden ısıtılmış 180 derece fırında yaklaşık 30 dakika pişirin.', 'Keki ıslatmak için bir sos tenceresinde süt,\xa0toz şekeri aktarın.', 'Sıvı yağı da ilave edin.', 'Kakao ve bir tutam tuzu karıştırıp bir taşım kaynatın.', 'Kaynayınca ocaktan alın.', 'Fırından çıkan sıcak kekin üzerine, hazırladığımız sıcak sosu dökün ve çekmesini bekleyin.', 'Sosunu sünger gibi çeken iç kısmı yumuşacık ıslak keki dilimledikten sonra üzerine file badem serpiştirerek servis edin, sevdiklerinizle afiyetle tüketin.']",TATLI KEK,239b56,/tarif/tatli-kek/,"['Kek', 'Tatlı', 'Video', 'Tatlı Kek', 'Çikolatalı Tatlı']",['çay saati'],['Çay Saati'],['Fırın'],,False,1800,1200,2022-03-10T13:28:04Z,4.0,4284812,16935,False,True,True,0,,0,,,,2015/07/islak-kek-ytk-site.jpg,0,0,https://cdn.yemek.com/mnresize/940/940/uploads/2015/07/islak-kek-ytk-site.jpg,940,940,False,https://cdn.yemek.com/mncrop/300/200/uploads/2015/07/islak-kek-ytk-site.jpg,300,200,True,https://cdn.yemek.com/mncrop/940/625/uploads/2015/07/islak-kek-ytk-site.jpg,940,625,True,https://cdn.yemek.com/mncrop/620/388/uploads/2015/07/islak-kek-ytk-site.jpg,620,388,True,https://cdn.yemek.com/mncrop/600/315/uploads/2015/07/islak-kek-ytk-site.jpg,600,315,True,,,,,,
277,894,Yasemin Özaltın,https://cdn.yemek.com/author/35533/20181219061403_avatar.jpg,/profil/yasemingursurer/,Birebir Ölçüsüyle: İrmik Helvası,İrmik Helvası,/tarif/irmik-helvasi/,25 dk,20 dk,"<p>Balık sofralarının baş tatlısı, tatlı krizlerinin bir numaralı çözümü, komşu ikramlarının en sevileni, anında kavrulan sıcak sıcak <strong>ev yapımı irmik helvası</strong> <a href=""https://yemek.com/tarif/tatli/"" target=""_blank"">tatlı tarifleri</a> arasında kalori açısından da görece daha kabul edilebilir. <strong>Tel tel dökülen, tam kıvamında</strong> irmik helvasının ölçüsü, malzemeleri, yapılışı ve <a href=""https://yemek.com/irmik-helvasi-puf-noktalari/"" target=""_blank"">irmik helvası yapmanın püf noktası</a> tarifimizin detaylarında saklı.</p>
<p>Bu pratik irmik helvası en klasik ve en sade haliyle evlerden mis gibi kokular yükselmesine sebep olacak, ikram edilen konu komşunun tarifini ısrarla sormasına yol açacak. Sunumuyla, nefis lezzetiyle en güzel irmik helvası tarifini arayanlara duyurulur.</p>
<p>Sizin için hazırladığımız <strong>tam ölçülü irmik helvası</strong> tarifinin yapılış adımlarını takip ederek, kısık ateşte ağır ağır kavrulan irmik ile hazırladığınız irmik helvasını dondurmayla ya da kaymak ilavesiyle ikram etmeyi unutmayın.</p>
<p>Misafirlerinizi yaratıcı ve <a href=""https://yemek.com/irmik-helvasi-tarifleri/"" target=""_blank"">farklı irmik helvası tarifleri</a> ile şaşırtmak için içeriğimizdeki <a href=""https://yemek.com/tarif/"" target=""_blank"">tarif</a>leri defterinize not etmenizi öneririz.</p>
",recipe,"['tereyağı', 'toz şeker', 'süt', 'su', 'irmik', 'çam fıstığı', 'tarçın (arzuya göre)']","['İrmik helvası için 3 yemek kaşığı tereyağını tavada eritin.', 'Yarım su bardağı çam fıstığını içine atarak kavurmaya başlayın.', 'Fıstıklar kavrulduktan sonra 1,5 su bardağı irmiği tencereye aktarın.', 'Sürekli karıştırıp, kısık ateşte 20 dakika kadar kavurun.', 'Tatlının şerbeti için; 1,5 su bardağı su, 1,5 su bardağı şeker ve 1,5 su bardağı sütü küçük bir sos tenceresine alın. Karıştırdıktan sonra kısık ateşte kaynamaya bırakın.', 'İrmik iyice kavrulduktan sonra sıcak şerbet karışımını, tavaya azar azar aktarın.', 'Sıcak şerbetin etkisiyle fokur fokur kaynamaya başlayan irmik sürekli olarak karıştırmaya devam edin.', 'Helvayı kısık ateşte 8-10 dakika kadar pişirmeye devam edin.\xa0Dinlenmesi için üzerine bir kapak kapatın.', 'Demlenen irmik helvasını servis kaselerine alıp, ters çevirip çıkardıktan sonra arzuya göre tarçın\xa0ilavesiyle birlikte dondurma\xa0ile\xa0servis edin. Afiyet olsun!']",TATLI,239b56,/tarif/tatli/,"['Tatlı', 'Ramazan', 'Video']",['çay saati'],['Çay Saati'],['Tava'],['Ekonomik'],False,1500,1200,2022-03-11T10:15:29Z,4.0,3700023,7781,False,True,True,0,,0,,,,2014/11/irmik-helvasi-yemekcom.jpg,0,0,https://cdn.yemek.com/mnresize/940/940/uploads/2014/11/irmik-helvasi-yemekcom.jpg,940,940,False,https://cdn.yemek.com/mncrop/300/200/uploads/2014/11/irmik-helvasi-yemekcom.jpg,300,200,True,https://cdn.yemek.com/mncrop/940/625/uploads/2014/11/irmik-helvasi-yemekcom.jpg,940,625,True,https://cdn.yemek.com/mncrop/620/388/uploads/2014/11/irmik-helvasi-yemekcom.jpg,620,388,True,https://cdn.yemek.com/mncrop/600/315/uploads/2014/11/irmik-helvasi-yemekcom.jpg,600,315,True,,,,,,
278,274,Yasemin Özaltın,https://cdn.yemek.com/author/35533/20181219061403_avatar.jpg,/profil/yasemingursurer/,10 Dakikada Hazır: Kısır,Kısır,/tarif/kisir/,10 dk,10 dk,"<p>El altında bulunan belli başlı malzemeler ile kısa sürede hazırlanan, besleyici, renkli mi renkli, gün lezzetlerinin olmazsa olmazı kısır tarifi ile karşınızdayız bugün. <strong><a href=""https://yemek.com/tarif/"" target=""_blank"">Yemek tariflerinin</a></strong> altın gününe en çok yakışanı olur aynı zamanda kendisi. 'En güzel <strong>kısır tarifi</strong> benimki!' demek için bu tarifi defterinize mutlaka kaydedin deriz.</p>
<p>Biliyoruz aklınızda ""Evde kısır nasıl yapılır?"", ""<strong>Kısır hangi bulgurla yapılır?</strong>"", ""En güzel kısır nasıl yapılır?"" gibi sorular var. <strong>Tam ölçülü ve sadece 10 dakikada hazır olan</strong>, yedikçe yediren kısır tarifimizde kısır yapmanın tüm püf noktalarını bulacak, adım adım resimli anlatımı sayesinde mutfakta hiç de zorlanmayacaksınız.</p>
<p>Kısırın yanına <a href=""https://yemek.com/tarif/kek/"" target=""_blank"">kekler</a> ve <a href=""https://yemek.com/tarif/borek/"" target=""_blank"">börekler</a> de hazırsa, <strong>çay</strong> demlenmeden hazır olan bu çok <strong>pratik kısır tarifine</strong> öyleyse buyurunuz.</p>
",recipe,"['sıcak su', 'tuz', 'limon suyu', 'pul biber', 'maydanoz', 'zeytinyağı', 'domates salçası', 'ince bulgur', 'taze soğan', 'nar ekşisi', 'taze nane']","['Kısır tarifi için 2 su bardağı ince bulguru geniş bir kaseye alın. Üzerine 1,5 su bardağı sıcak suyu ekleyin.', 'Streç film ile üzerini kapatıp bulgurların şişmesini bekleyin. Yaklaşık 10-15 dakika bulgurlar şiştikten sonra tane tane olması için güzelce karıştırın.', 'Üzerine 2 yemek kaşığı domates salçası ve 1 çay bardağı zeytinyağını ekleyin.', '1 tatlı kaşığı tuz, 1 tatlı kaşığı pul biber, 2 limonun suyu ve yarım çay bardağı nar ekşisini de ekleyin.', 'Son olarak doğradığınız 6 dal taze soğanı, yarım demet taze nane ve maydanozu da ekleyip karıştırdıktan sonra kısır servise hazır.', 'Yanında marullarla ya da dilediğiniz malzemelerle servis edebilirsiniz. Afiyet olsun!']",SALATA,239b56,/tarif/salata/,"['Özel Beslenme', 'Vejetaryen', 'Atıştırmalık', 'Salata', 'Vegan', 'Video', 'Tuzlu Atıştırmalık']","['ara öğün', 'öğle yemeği', 'çay saati']","['Öğle Yemeği', 'Ara Öğün', 'Çay Saati']",,"['Ekonomik', 'Vejetaryen', 'Bol Lifli', 'Düşük Kalorili']",False,600,600,2022-03-18T13:30:13Z,4.0,3168559,10581,False,True,True,0,,0,,,,2014/07/kisir-yemekcom.jpg,0,0,https://cdn.yemek.com/mnresize/940/940/uploads/2014/07/kisir-yemekcom.jpg,940,940,False,https://cdn.yemek.com/mncrop/300/200/uploads/2014/07/kisir-yemekcom.jpg,300,200,True,https://cdn.yemek.com/mncrop/940/625/uploads/2014/07/kisir-yemekcom.jpg,940,625,True,https://cdn.yemek.com/mncrop/620/388/uploads/2014/07/kisir-yemekcom.jpg,620,388,True,https://cdn.yemek.com/mncrop/600/315/uploads/2014/07/kisir-yemekcom.jpg,600,315,True,"['vejetaryen', 'bol lifli', 'glutensiz']",,,,,
279,2586,Yasemin Özaltın,https://cdn.yemek.com/author/35533/20181219061403_avatar.jpg,/profil/yasemingursurer/,Puf Puf: Mayalı Poğaça,Mayalı Poğaça,/tarif/mayali-pogaca/,25 dk,20 dk,"<p>Fırından çıkmış sıcacık <strong>mayalı poğaça</strong> puf puf kabardıysa eğer insan önemsemez ki neli olduğunu... Mis gibi bir kahvaltılık olur, peynir ve diğer tüm <a href=""https://yemek.com/tarif/kahvaltiliklar/"" target=""_blank"" rel=""noopener"">kahvaltılıklar</a> yanına sonradan eklense de olur. <a href=""https://yemek.com/tarif/pogaca/"" target=""_blank"" rel=""noopener"">Poğaça tariflerinin</a> en nefislerinden mayalı poğaça tarifinde ne mi var? Yaş maya var bu poğaça tarifinde. Kendisi ılık su, ılık süt ve toz şekerle bir araya gelip bir güzel kabarıyor ve tüm poğaça hamuru istila ediyor sonrasında. Kabına sığmayan <a href=""https://yemek.com/tarif/yumusak-pogaca/"" target=""_blank"" rel=""noopener"">yumuşak poğaça</a>lar kabardıkça kabarıyor, size de onları afiyetle yemek düşüyor.</p>
<p>Ağzı kapalı bir kapta muhafaza edilirse kolay kolay da bayatlamaz mayalı poğaçalar.</p>
<p>Bu arada daha fazla yemek tarifi için: <a href=""https://yemek.com/tarif/"" target=""_blank"" rel=""noopener"">Yemek tarifleri</a></p>",recipe,"['tuz', 'yumurta', 'toz şeker', 'un', 'yumurta sarısı', 'ılık su', 'susam', 'ılık süt', 'yaş maya', 'sıvı yağ']","['<p>Mayalı poğaça için 1 su bardağı ılık su ve 1 su bardağı ılık sütü geniş bir karıştırma kabına alın. 1 paket yaş maya ve 4 yemek kaşığı toz şekeri ekleyip karıştırdıktan sonra mayanın aktive olması için 5 dakika kadar bekletin.</p>', '<p>Maya tamamen eridikten sonra 1 su bardağı sıvı yağ , 1 adet yumurta ve 2 çay kaşığı tuzu ekleyin.</p>', '<p>Unu azar azar ekleyip hamuru toparlanana kadar yoğurmaya başlayın.</p>', '<p>Yumuşak ve yapışmayacak bir kıvamda bir hamur elde ettiğiniz zaman üzerini streç film ve nemli bir bezle kapatıp 40-45 dakika kadar oda ısısında mayalanmaya bırakın.</p>', '<p>Mayalanan hamurdan yumurta büyüklüğünde parçalar kopartıp avuç içinizde yuvarlayarak şekil verin.</p>', '<p>Tepsiye aralıklı olarak dizdiğiniz mayalı hamurların üzerine yumurta sarısı sürün.</p>', '<p>Son mayalandırma işlemi için 10-15 dakika kadar poğaçaları tepside bekletin ve önceden ısıtılmış 190 derece fırında 20 dakika kadar pişirin. Puf puf kabarmış mayalı poğaçalar hazır, afiyet olsun!</p>']",POĞAÇA,239b56,/tarif/pogaca/,"['Hamur İşi', 'Kahvaltılık', 'Poğaça', 'Video']",,"['Kahvaltı', 'Çay Saati']",['Fırın'],['Ekonomik'],False,1500,1200,2015-05-26T07:17:00Z,4.0,2702715,10778,False,True,True,0,,0,,,,2015/05/mayali-pogaca-yemekcom.jpg,0,0,https://cdn.yemek.com/mnresize/940/940/uploads/2015/05/mayali-pogaca-yemekcom.jpg,940,940,False,https://cdn.yemek.com/mncrop/300/200/uploads/2015/05/mayali-pogaca-yemekcom.jpg,300,200,True,https://cdn.yemek.com/mncrop/940/625/uploads/2015/05/mayali-pogaca-yemekcom.jpg,940,625,True,https://cdn.yemek.com/mncrop/620/388/uploads/2015/05/mayali-pogaca-yemekcom.jpg,620,388,True,https://cdn.yemek.com/mncrop/600/315/uploads/2015/05/mayali-pogaca-yemekcom.jpg,600,315,True,,,,,,
280,3548,Yasemin Özaltın,https://cdn.yemek.com/author/35533/20181219061403_avatar.jpg,/profil/yasemingursurer/,Tül Gibi İncecik: Krep,Krep,/tarif/krep/,20 dk,5 dk,"<p>Krep, <a href=""https://yemek.com/tarif/"" target=""_blank"">yemek tarifleri</a> ve <a href=""https://yemek.com/tarif/kahvaltiliklar/"" target=""_blank"">kahvaltılık tarifler</a> içinde en çok sevilenlerden biri. Bu yüzden mutfağa yeni giren de kahvaltıya pratik lezzetler hazırlamak isteyen de krep tarifini, <a href=""https://yemek.com/krep-yapmanin-puf-noktalari/"" target=""_blank"">krep yapmanın püf noktaları</a>nı merak ediyor; krep hamuru ve krep malzemelerini hazırlayıp kahvaltılık kreple sevdiklerini mutlu etmek istiyor.</p>
<p>Eğer siz de ""Tavada sade krep nasıl yapılır?"" konusunda meraklıysanız, <strong>evde krep yapımının püf noktalar</strong>ını öğrenmek istiyorsanız en güzel krep tarifi için aşağıya bekleniyorsunuz. Krep tarifi videomuzu da izlemeyi unutmayın der, büyüklerimizden <a href=""https://yemek.com/tarif/akitma/"" target=""_blank"">akıtma</a> olarak öğrendiğimiz şimdilerde krep diye duymaya alışık olduğumuz tül inceliğinde bu hamur işini kahvaltılarınızdan, çay saatlerinden mahrum etmeyin deriz. Eğer <a href=""https://yemek.com/tarif/2-kisilik-krep/"" target=""_blank"">2 kişilik krep</a> nasıl yapılır diyorsanız da bu tarifi yarım ölçü olarak gönül rahatlıyla hazırlayabilirsiniz.</p>
<p><strong>Kolay krep tarifi</strong> ile gelsin muhteşem kahvaltılar, lezzetli tatlılar. Paylaştığımız <a href=""https://yemek.com/krep-tarifleri/"" target=""_blank"">krep tarifleri</a> ile artık mutfakta kimse sizi tutamaz!</p>
",recipe,"['tuz', 'yumurta', 'süt', 'un', 'su', 'sıvı yağ']","['Krep tarifi için öncelikle 1 su bardağı sütü bir kaba alın.', 'Üzerine 1 su bardağı suyu derin bir karıştırma kasesine alın.', '1 yemek kaşığı sıvı yağ,\xa0 2 adet yumurta ve 1 çay kaşığı tuzu da ekleyin.', 'Üzerine 6 yemek kaşığı unu ilave edip bir çırpıcı yardımıyla iyice karıştırın.Sonra pürüzsüz bir kıvam alana kadar çırpın ve 5 dakika dinlenmeye bırakın.', 'Hazırladığınız krep harcından küçük bir kepçe kadar doldurun. Hamuru yağladığınız kızgın tavaya dökün.', 'Hafifçe sallayarak hamurun ince bir şekilde tabanına yayılmasını sağlayın.Krepleri, orta ateşte göz göz olup, renk alana kadar arkalı önlü kızartın.', 'Aralarda teflon tavayı yağlayarak, krep hamuru bitene kadar aynı işlemi tekrarlayın.', 'Pişen krepleri servis tabağına alın. Soğutmadan krepleri sevdiklerinizle paylaşın.']",KAHVALTILIK,239b56,/tarif/kahvaltiliklar/,"['Kahvaltılık', 'Video']",['kahvaltı'],"['Kahvaltı', 'Çay Saati']",['Tava'],,False,1200,300,2022-03-10T14:32:12Z,4.0,2616215,9862,False,True,True,0,,0,,,,2015/10/krep-yemekcom.jpg,0,0,https://cdn.yemek.com/mnresize/940/940/uploads/2015/10/krep-yemekcom.jpg,940,940,False,https://cdn.yemek.com/mncrop/300/200/uploads/2015/10/krep-yemekcom.jpg,300,200,True,https://cdn.yemek.com/mncrop/940/625/uploads/2015/10/krep-yemekcom.jpg,940,625,True,https://cdn.yemek.com/mncrop/620/388/uploads/2015/10/krep-yemekcom.jpg,620,388,True,https://cdn.yemek.com/mncrop/600/315/uploads/2015/10/krep-yemekcom.jpg,600,315,True,,,,,,
281,123,Yasemin Özaltın,https://cdn.yemek.com/author/35533/20181219061403_avatar.jpg,/profil/yasemingursurer/,En İyi Kıvam Onda: Mercimek Çorbası,Mercimek Çorbası,/tarif/mercimek-corbasi/,50 dk,10 dk,"<p>Yaz kış demeden her mevsim, her zaman, her durumda elimizin gittiği tariftir <strong>mercimek çorbası tarifi.</strong> En çok sevilen çorbalardan biridir o! Bu yüzden zamansız çorbadır. Belki de bütün <a href=""https://yemek.com/tarif/"" target=""_blank"">yemek tarifleri</a> için böyledir.</p>
<p>Hatta <a href=""https://yemek.com/tarif/ezogelin-corbasi/"" target=""_blank"">ezogelin çorbasıyla</a> olan mücadelesini bir kenara koyarsanız, zamansız çorbaların en güzeli, en birincisi. Bunları söylüyoruz çünkü şimdiye kadar ""<strong>en güzel mercimek çorbası</strong>"" tarifini arayıp bulamadıysanız lezzetli ve pratik bu tencerede mercimek çorbası yapımı tam size göre!</p>
<p>Lafı uzatmadan ""Mercimek çorbası nasıl yapılır?"", ""<strong>Mercimek çorbası nasıl pişirilir?</strong>"" diye merak edenleri ev usulü mercimek çorbası tarifimize alalım. Adım adım resimli anlatımı ve videosuyla her eve mis gibi kokan, şifalı mercimek çorbasını davet edelim.</p>
<p>Afiyetler olsun diyelim, eğer sizin de kendinize özel <strong>mercimek çorbası pişirme yöntemleri</strong>niz varsa yorumlarda tüm okuyucularımızla paylaşmanızı isteyelim.</p>
<p>Not: ""Mercimek çorbası tamam da ben daha fazla çorba çeşidi de görmek istiyorum"" diyenleri şöyle alalım: <a href=""https://yemek.com/tarif/corba/"" target=""_blank"">Çorba Tarifleri</a>!</p>
",recipe,"['kuru soğan', 'tereyağı', 'sıcak su', 'tuz', 'ayçiçek yağı', 'un', 'patates', 'karabiber', 'kırmızı ya da sarı mercimek', 'havuç', 'kırmızı toz biber', 'sıvı yağ']","['Derin bir tencereye 3 yemek kaşığı sıvı yağ ekleyin. İri doğranmış 1 adet büyük soğanı sıvı yağ ile birlikte kavurun.', 'Kavrulan soğanlara 1 yemek kaşığı unu ekleyin ve kokusu çıkıp, renk alana kadar kavurma işlemini sürdürün.\xa0İri parçalar halinde doğradığınız birer adet havuç ve patatesi tencereye aktarıp karıştırmaya devam edin.', 'Tuz, karabiber ve bol suda yıkadıktan sonra suyunu süzdürdüğünüz\xa01,5 su bardağı mercimeği\xa0 de ilave edin ve son kez güzelce karıştırın.', '6 su bardağı sıcak suyu da tencereye ilave edin.', 'Ardından kapağını kapatın, patates ve havuçlar yumuşayana kadar ara ara karıştırarak 40 dakika kadar pişirin.', 'Çorba piştikten sonra pürüzsüz bir kıvam alması için; el blenderından geçirin. 5 dakika daha pişirdikten sonra ocaktan alın.', '3 yemek kaşığı sıvı yağ ve 2 yemek kaşığı tereyağını bir tavada kızdırın. Üzerine 1 tatlı kaşığı toz kırmızı biberi ekleyin ve 2 dakika yağı kızdırdıktan sonra ocaktan alın.', 'Çorbayı bir kaseye alın ve üzerine kızdırdığınız yağdan gezdirip servis edin.']",ÇORBA,,/tarif/corba/,"['Çorba', 'Ramazan', 'Video', 'Bakliyat']","['akşam yemeği', 'öğle yemeği']","['Başlangıç', 'Öğle Yemeği', 'Ara Öğün', 'Akşam Yemeği']",['Tencere'],"['Ekonomik', 'Vejetaryen', 'Bol Proteinli']",False,3000,600,2022-03-31T14:25:26Z,4.0,2607774,11074,False,True,True,0,,0,,,,2014/06/mercimek-corbasi-yemekcom.jpg,0,0,https://cdn.yemek.com/mnresize/940/940/uploads/2014/06/mercimek-corbasi-yemekcom.jpg,940,940,False,https://cdn.yemek.com/mncrop/300/200/uploads/2014/06/mercimek-corbasi-yemekcom.jpg,300,200,True,https://cdn.yemek.com/mncrop/940/625/uploads/2014/06/mercimek-corbasi-yemekcom.jpg,940,625,True,https://cdn.yemek.com/mncrop/620/388/uploads/2014/06/mercimek-corbasi-yemekcom.jpg,620,388,True,https://cdn.yemek.com/mncrop/600/315/uploads/2014/06/mercimek-corbasi-yemekcom.jpg,600,315,True,"['tencere', 'vejetaryen', 'bol lifli']",greenLight,,,,
282,118,Yasemin Özaltın,https://cdn.yemek.com/author/35533/20181219061403_avatar.jpg,/profil/yasemingursurer/,Orijinal Tarifi Burada: Domates Çorbası,Domates Çorbası,/tarif/domates-corbasi/,30 dk,30 dk,"<p>Havalar soğumaya başladı, yaz mevsimini hep birlikte uğurladık. Hafif hüzünlüyüz, ancak dumanı üzerinde tüten çorbalar içeceğimiz için de mutluyuz. En sevdiğiniz <a href=""https://yemek.com/tarif/corba/"" target=""_blank"">çorba</a> tarifi nedir? Bizim için <a href=""https://yemek.com/tarif/domates-corbasi/"" target=""_blank"">domates çorbasının</a> ayrı bir yeri var diyebiliriz. Bütün <a href=""https://yemek.com/tarif/"" target=""_blank"">yemek tarifleri</a>nin arasında yeri ayrı.</p>
<p>Hele ki dumanı üstünde ev yapımı domates çorbası yok mu..Gelin onu güzelleyelim bir parça. Domates çorbası tarifi kaşar peynirsiz olmaz. Bazen yerini krema alabilir ama domates çorbasını özel kılan ilk kaşıkla birlikte uzayıp giden kaşar peyniridir. Onu toparlaması ve sağa sola bulaştırmadan yenilmesi ayrı bir maceradır. <a href=""https://yemek.com/tarif/baharatli-kruton/"" target=""_blank"">Kızarmış ekmek dilimleri</a> hatta mümkünse <a href=""https://yemek.com/tarif/sarimsakli-ekmek/"" target=""_blank"">sarımsaklı ekmekler</a> çorbaya ayrı bir tat katar. Soğuk kış günlerinin keyfi böyle böyle çıkar.</p>
<p>Siz de bu <a href=""https://yemek.com/tarif/kolay-domates-corbasi/"" target=""_blank"">kolay domates çorbası</a> tarifiyle sevdiklerinizin içini ısıtabilir; onu sandığınızdan çok daha kolay ve pratik bir şekilde yapabilirsiniz. Şimdiden afiyet olsun!</p>
<p>&nbsp;</p>
",recipe,"['tereyağı', 'tuz', 'un', 'sıcak et suyu', 'sıcak süt', 'rendelenmiş kaşar peyniri', 'domates']","['Tereyağını tavada eritin.', 'Unu ekleyip kokusu çıkana kadar kısık ateşte kavurun.', 'Rendelenmiş domatesleri kavrulmuş un karışımına ekledikten sonra 5 dakika kadar pişirin.', 'Üzerine sıcak et suyunu ve tuzu ilave edin. Kesilmemesi için küçük bir cezvede ısıttığınız sütü azar azar ekleyip hızlıca karıştırın.', 'Çorbayı kaynayana kadar orta ateşte ardından da kısık ateşte 15 dakika kadar pişirin. Daha pürüzsüz bir kıvam alması için blenderdan geçirin. Servis kaselerine aldığınız çorbayı, rendelenmiş kaşar peynir ilavesiyle sıcak olarak servis edin.\xa0Afiyet olsun!']",ÇORBA,,/tarif/corba/,"['Çorba', 'Video', 'Mevsiminde']","['akşam yemeği', 'öğle yemeği']","['Öğle Yemeği', 'Akşam Yemeği']",['Tencere'],"['Ekonomik', 'Vejetaryen']",False,1800,1800,2022-03-18T15:00:23Z,4.0,2396278,8509,False,True,True,0,,0,,,,2022/03/domates-corbasi-sevgililer-gunu-gorsel.jpg,0,0,https://cdn.yemek.com/mnresize/940/940/uploads/2022/03/domates-corbasi-sevgililer-gunu-gorsel.jpg,940,940,False,https://cdn.yemek.com/mncrop/300/200/uploads/2022/03/domates-corbasi-sevgililer-gunu-gorsel.jpg,300,200,True,https://cdn.yemek.com/mncrop/940/625/uploads/2022/03/domates-corbasi-sevgililer-gunu-gorsel.jpg,940,625,True,https://cdn.yemek.com/mncrop/620/388/uploads/2022/03/domates-corbasi-sevgililer-gunu-gorsel.jpg,620,388,True,https://cdn.yemek.com/mncrop/600/315/uploads/2022/03/domates-corbasi-sevgililer-gunu-gorsel.jpg,600,315,True,['tencere'],greenLight,"['Haziran', 'Temmuz', 'Ağustos', 'Eylül']",,,
283,72,Yasemin Özaltın,https://cdn.yemek.com/author/35533/20181219061403_avatar.jpg,/profil/yasemingursurer/,En Gerçek Tarifiyle: Ezogelin Çorbası,Ezogelin Çorbası,/tarif/ezogelin-corbasi/,45 dk,15 dk,"<p>Türk mutfağına özgü, buram buram Anadolu kokan, binlerce yıllık bir <a href=""https://yemek.com/tarif/corba/"" target=""_blank"">çorba tarifiyle</a> karşınızdayız. <a href=""https://yemek.com/tarif/"" target=""_blank"">Yemek tarifleri</a> arasından seçtiğiniz ana yemek ne olursa olsun, ona mutlaka yakışacak olan ezogelin çorbasından bahsediyoruz. Siz de bu kolay ev yapımı ezogelin çorbasıyla sofralarınızı sıcacık yapabilirsiniz.</p>
<p>Ezogelin çorbası tarifi; yüksek oranda bereket içerir. Besleyicidir, lezzetlidir, pratiktir. Tüm bunların yanı sıra <a href=""https://yemek.com/tarif/mercimek-corbasi/"" target=""_blank"">mercimek çorbası</a> ile olan amansız rekabetiyle, bütün kebapçıların olmazsa olmaz çorbası olma özelliğini taşır. Hastalıklara karşı amansızca savaşır, siz iyi olun diye varını yolunu ortaya koyar. Tırnak pide ya da <a href=""https://yemek.com/tarif/bazlama/"" target=""_blank"">bazlama</a>yı çok sever.</p>
<p>Ezogelin çorbasını Türk mutfak tarihine kazandıran ve çorbaya adını veren Gaziantep’in Uruş (Dokuzyol) köyünde yaşamış olan Ezo Gelin’e şükranlarımızı sunarız. Merak edenler varsa ezogelin çorbasının hikayesi hemen şurada: <a href=""https://yemek.com/ezogelin-corbasinin-hikayesi/"" target=""_blank"">Hikayesi de Lezzeti Kadar Anadolu: Ezogelin Çorbasının Hikayesi</a></p>
<p>O zaman adım adım resimli ve videolu ezogelin çorbası yapılışı ve tarifi sizi bekler. <img src=""https://cdn.yemek.com/assets/images/smiley/wink.png"" class=""wp-smiley img-responsive"" /></p>
",recipe,"['kırmızı mercimek', 'pirinç', 'bulgur', 'kuru soğan', 'tereyağı', 'sıcak su', 'nane', 'tuz', 'limon suyu', 'pul biber', 'domates salçası']","['Sıcak suyu geniş bir tencerede kaynatın. Yıkayıp suyunu süzdürdüğünüz 2 çay bardağı kırmızı mercimeği tencereye aktarın.', '3 yemek kaşığı pirinci, 2 yemek kaşığı bulguru ve 1 tatlı kaşığı tuzu tencereye aktarın.', 'Yaklaşık 35 dakika, kırmızı mercimekler yumuşayana kadar pişirin.', 'Ayrı bir tavada 1 yemek kaşığı tereyağını eritin.', 'Üzerine 1 adet küp doğranmış kuru soğanı ekleyin ve kavurmaya başlayın.', 'Kavrulan soğanlara 1 tatlı kaşığı domates salçasını ekleyin.', '1 tatlı kaşığı naneyi ekleyip, 2 dakika daha kavurun.', 'Kavrulan sosunuzu ocaktan alın.', 'Bakliyatları kaynattığınız tencereye kavrulan salçalı soğan karışımı ekleyin.', 'Sonra hızlıca karıştırdığınız çorbayı 10 dakika daha pişirin.', 'Limon suyu ve pul biber ilavesiyle sıcak olarak servis edin.\xa0Afiyet olsun!']",ÇORBA,,/tarif/corba/,"['Çorba', 'Ramazan', 'Video']","['ekonomik', 'öğle yemeği']","['Öğle Yemeği', 'Ara Öğün', 'Akşam Yemeği']",['Tencere'],"['Ekonomik', 'Vejetaryen']",False,2700,900,2019-04-10T08:00:07Z,4.0,2061511,10279,False,True,True,0,,0,,,,2014/06/ezogelin-corbasi-yemekcom.jpg,0,0,https://cdn.yemek.com/mnresize/940/940/uploads/2014/06/ezogelin-corbasi-yemekcom.jpg,940,940,False,https://cdn.yemek.com/mncrop/300/200/uploads/2014/06/ezogelin-corbasi-yemekcom.jpg,300,200,True,https://cdn.yemek.com/mncrop/940/625/uploads/2014/06/ezogelin-corbasi-yemekcom.jpg,940,625,True,https://cdn.yemek.com/mncrop/620/388/uploads/2014/06/ezogelin-corbasi-yemekcom.jpg,620,388,True,https://cdn.yemek.com/mncrop/600/315/uploads/2014/06/ezogelin-corbasi-yemekcom.jpg,600,315,True,['tencere'],greenLight,,,,
284,247,Yasemin Özaltın,https://cdn.yemek.com/author/35533/20181219061403_avatar.jpg,/profil/yasemingursurer/,Tam Ölçülü: Pancake (Pankek),Pancake (Pankek),/tarif/pancake/,20 dk,20 dk,"<p>Bizim kültürümüzde <a href=""https://yemek.com/tarif/akitma/"" target=""_blank"">akıtma</a> ya da <a href=""https://yemek.com/tarif/krep"" target=""_blank"">krep</a> olarak bilinen hamur işinin biraz daha kalını ve kahvaltıların yıldızıdır pankek. Peynirli, zeytin ezmeli tuzlu çeşitleri yapılabileceği gibi çikolata kremalı ve meyveli çeşitlerini de aynı tarifle kolaylıkla hazırlayabilirsiniz. <a href=""https://yemek.com/tarif/kahvaltiliklar/"" target=""_blank"">Kahvaltılık tarif</a> aradığınızda eliniz bu tarife hemen gidecek.</p>
<p>Bu kahvaltılık <a href=""https://yemek.com/tarif/kolay-pankek/"" target=""_blank"">kolay pankek tarifi</a>nde pankek hamurunun nasıl yapılacağından <strong>tavada pankek yapmanın püf noktalarına</strong> kadar her şeyi bulabilecek, evde pankek yapımının tüm inceliklerini öğreneceksiniz.</p>
<p>Pancake tarifi gerçekten oldukça basit. Yumurta, un, kabartma tozu, toz şeker, süt, ayçiçek yağı gibi temel malzemeler içeriyor bu <strong>pratik hamur işi</strong>. Servis esnasında meyve dilimleri, eritilmiş çikolata çeşitleri, sosları oldukça yakışıyor. Akçaağaç şurubuyla da çok iyi gittiğini söylemeden geçmeyelim.</p>
<p>4 kişilik pankek nasıl yapılır diyenler için adım adım resimli ve videolu pancake tarifiyle en güzel pankekler hep sizin mutfaktan çıkacak! <img src=""https://cdn.yemek.com/assets/images/smiley/smile.png"" class=""wp-smiley img-responsive"" /></p>
",recipe,"['tuz', 'yumurta', 'toz şeker', 'ayçiçek yağı', 'ayçiçek yağı', 'süt', 'un', 'kabartma tozu', 'bal', 'vanilin']","['Pankek tarifi için derin bir karıştırma kabında 2 yumurta ve yarım su bardağı şekeri alın.', 'Şeker eriyene ve karışım krema kıvamını alana kadar\xa0çırpın.', 'Yumurtalı karışımın üzerine, 2 yemek kaşığı sıvı yağ ve 1,5 su bardağı sütü de koyup tekrar çırpın.', '2 su bardağı un, 1 paket kabartma tozu, 1 paket vanilin ve bir tutam tuzu da eleyerek karışımın içerisine ekleyin.', 'Pürüzsüz bir kıvam alana kadar çırpın.', 'İlk pankeki pişirmek için; krep tavasını ayçiçek yağı ile yağlayın. Kızdırdığınız tavaya küçük bir kepçe ya da bir kahve fincanı kadar pankek harcını aktarın.', 'Ocağın altını kısın. Pankeki, üzeri göz göz olana kadar pişirin. Bir spatula yardımıyla çevirdiğiniz pankekin diğer tarafını da aynı şekilde pişirin.', 'Krep tavasını arada yağlayarak pankek harcı bitene kadar aynı işlemi tekrarlayın.', 'Servis tabağına aldığınız pankeklerin üzerine tereyağı koyup bal gezdirebilirsiniz, afiyet olsun.']",KAHVALTILIK,239b56,/tarif/kahvaltiliklar/,"['Kahvaltılık', 'Video']","['kahvaltı', 'çay saati']","['Kahvaltı', 'Çay Saati']",['Tava'],"['Ekonomik', 'Vejetaryen']",False,1200,1200,2022-03-10T07:30:22Z,4.0,2051860,12838,False,True,True,0,,0,,,,2014/07/pancake-yemekcom.jpg,0,0,https://cdn.yemek.com/mnresize/940/940/uploads/2014/07/pancake-yemekcom.jpg,940,940,False,https://cdn.yemek.com/mncrop/300/200/uploads/2014/07/pancake-yemekcom.jpg,300,200,True,https://cdn.yemek.com/mncrop/940/625/uploads/2014/07/pancake-yemekcom.jpg,940,625,True,https://cdn.yemek.com/mncrop/620/388/uploads/2014/07/pancake-yemekcom.jpg,620,388,True,https://cdn.yemek.com/mncrop/600/315/uploads/2014/07/pancake-yemekcom.jpg,600,315,True,,,,['Amerika Birleşik Devletleri'],,
285,188,Yasemin Özaltın,https://cdn.yemek.com/author/35533/20181219061403_avatar.jpg,/profil/yasemingursurer/,"Kabardıkça Kabarır, Şerbetini Tam Çeker: Revani",Revani,/tarif/revani/,30 dk,35 dk,"<p>Bugün akşam yemeğine en lezzetli <a href=""https://yemek.com/ramazan-tatlilari/"" target=""_blank"">ramazan tatlılarından</a> biri olan revaniyi koyacağız. Revani tarifini uygularken bir yandan saray mutfağının bize Osmanlı'dan kalan en yadigar şeylerden biri olduğunu hatırlayacağız. Yaptığımız <a href=""https://yemek.com/tarif/"" target=""_blank"">yemek tariflerine</a> tatlı olarak onu çok yakıştıracağız. <a href=""https://yemek.com/tarif/tatli/"" target=""_blank"">Tatlı tariflerinin</a> arasında en çok sevdiklerimiz arasına ekleyeceğiz.</p>
<p>Klasik revaniyi evde pratik bir şekilde yapabilmek mümkün aslında. <strong>""Revani tatlısı nasıl yapılır""</strong> sorusunun hemen aşağıda adım adım resimli cevabını bulabileceğiniz nefis irmikli ve tam ölçülü evde kolay <a href=""https://yemek.com/tarif/muhallebili-revani/"" target=""_blank"">revani</a> yapımı tarifimizin bir püf noktası var bilinmesi gereken: Tahmin edeceğiniz gibi <a href=""https://yemek.com/tarif/serbetli-tatlilar/"" target=""_blank"">şerbetli tatlılardan</a> revaninin kıvamı önemli, onu da bir kaşık yardımıyla alacağınız şerbeti parmağınıza damlatıp, damlanın yayılıp yayılmadığını görerek anlayabilirsiniz. Eğer şerbet damlası yayılmıyorsa kıvamı tutmuş, revani yapımı için hazır hale gelmiş demektir. Böylelikle <strong>""Revani şerbeti nasıl dökülür, revani şerbeti nasıl olmalı?""</strong> sorusunun cevabını merak edenleri de rahatlatmış olduk.</p>
<p>Şerbetin yoğunluğu ile kekinin kabarıklığı için düşündüğümüz revani yapımı püf noktalarını tarif kısmında bulabilirsiniz. <a href=""https://yemek.com/revani-tarifleri/"" target=""_blank"">Farklı revani tarifleri</a> ve çok sevilen <a href=""https://yemek.com/tarif/hashasli-revani/"" target=""_blank"">haşhaşlı revani</a> tarifimizi de şöyle bırakalım.</p>
<p>O halde lafı daha fazla uzatmayalım, sizi en güzel revani tarifiyle baş başa bırakalım.</p>
",recipe,"['limon suyu', 'yumurta', 'toz şeker', 'toz şeker', 'ayçiçek yağı', 'un', 'kabartma tozu', 'su', 'yoğurt', 'irmik', 'rendelenmiş Hindistan cevizi', 'vanilin']","['Tatlının şerbetini hazırlamak için;\xa03 su bardağı su ve 2,5 su bardağı toz şekeri\xa0bir tencereye aktarın.', 'Kısık ateşte yaklaşık 30 dakika kadar kaynattıktan sonra limon suyunu ekleyin ve ılınması için ocaktan alın.', '3 yumurta bir kabın içerisine aktarın.', 'Üzerine 1 çay bardağı toz şekeri bir mikser yardımıyla toz şeker tamamen eriyene kadar karıştırın.', '1 çay bardağı ayçiçek yağı, 1 su bardağı yoğurt ve 1 su bardağı irmiği de ekledikten sonra tekrar karıştırın.', 'Son olarak 1,5 su bardağı\xa0un, 1 paket kabartma tozu ve 1 paket vanilini de karışıma ekledikten sonra çırpma işlemini sürdürün.', 'Yağlanmış fırına dayanıklı kalıbın içerisine hazırladığınız revani karışımını dökün.', 'Önceden ısıtılmış 180 derece fırında\xa025-30 dakika kadar pişirin.\xa0Fırından çıkardığınız revaninin ilk sıcaklığı geçtikten sonra oda sıcaklığında soğumuş şerbeti üzerine dökün ve şerbeti çekene kadar yaklaşık 1-2 saat bekleyin.', 'Ardından bıçak yardımıyla revaniyi dilimleyin.', 'Dilimlediğiniz ılık tatlıya rendelenmiş Hindistan cevizi serpiştirip servis edin. Afiyet olsun!']",ŞERBETLİ TATLI,239b56,/tarif/serbetli-tatlilar/,"['Tatlı', 'Şerbetli Tatlı', 'Ramazan', 'Video']","['ekonomik', 'çay saati']",['Çay Saati'],"['Fırın', 'Tencere']",,False,1800,2100,2022-04-20T11:00:29Z,4.0,2029239,5485,False,True,True,0,,0,,,,2014/06/revani-yemekcom.jpg,0,0,https://cdn.yemek.com/mnresize/940/940/uploads/2014/06/revani-yemekcom.jpg,940,940,False,https://cdn.yemek.com/mncrop/300/200/uploads/2014/06/revani-yemekcom.jpg,300,200,True,https://cdn.yemek.com/mncrop/940/625/uploads/2014/06/revani-yemekcom.jpg,940,625,True,https://cdn.yemek.com/mncrop/620/388/uploads/2014/06/revani-yemekcom.jpg,620,388,True,https://cdn.yemek.com/mncrop/600/315/uploads/2014/06/revani-yemekcom.jpg,600,315,True,,,,,,
286,2744,Cemre Özgüzel,https://cdn.yemek.com/author/109/20200211010242_avatar.jpg,/profil/cemre-ozguzel/,Az Malzemeyle Mükemmel Kıvam: Muhallebi,Muhallebi,/tarif/muhallebi/,15 dk,5 dk,"<p>Çocukluğumuzdan beri damağımızın alışık olduğu bir <a href=""https://yemek.com/tarif/tatli/"" target=""_blank"">tatlı tarifi</a> muhallebi. <strong>Pirinç unuyla hazırlanan muhallebi tarifler</strong>i olsa da kıvamı nişastayla bağlandığında bir o kadar güzel olur tadı. Öylesine yalın ve naif bir tattır ki kuru yemişler, çikolata ve çeşitli meyve sosları eşliğinde farklı tariflere bürünür.</p>
<p>Yaz sıcağına yakışır muhallebi tatlısı, keyfi kaşıklanır. Üzerine toz tarçınla yapabileceğiniz süslemelerle de saygı uyandırır. Başarıyla uygulanmış bir sütlü muhallebi tarifini tamamlayıcı nitelikte olan bu süslemeler ise tamamen sizin yaratıcılığınıza kalmış. <a href=""https://yemek.com/tarif/sutlu-tatlilar/"" target=""_blank"">Sütlü tatlıların </a>en kolay ve ekonomiği olan <strong>muhallebi tarifi</strong>mizle keyif dolu dakikalar yaşayabilirsiniz.</p>
<p>Biz sade muhallebi hazırladık ama diğer muhallebi çeşitleri için sizi şu tariflerimize de bekleriz: <a href=""https://yemek.com/muhallebi-tarifleri/"" target=""_blank"">Sıcak Yaz Günlerinde Midenizi Yormayarak Sizi Mutlu Edecek 17 Muhallebi Tarifi</a></p>
<p>En güzel muhallebinin sizin elinizden çıkmasını sağlayacak olan bu tarifi ister bardakta, ister kupta, ister fincanda servis edebilirsiniz. Hazırsanız pratik ve <a href=""https://yemek.com/tarif/kolay-muhallebi/"" target=""_blank"">kolay muhallebi</a> tarifimizle başbaşa bırakalım sizi.</p>
",recipe,"['tereyağı', 'toz şeker', 'süt', 'un', 'toz Antep fıstığı', 'buğday nişastası', 'muz', 'vanilin']","['5\xa0su bardağı soğuk sütü geniş bir tencereye aktarın.\xa0Yarım çay bardağı un, 3 yemek kaşığı buğday nişastası ve 1 su bardağı toz şekeri ilave ettikten sonra ocağın altını açın.', 'Ara ara karıştırarak koyu bir kıvam alana kadar pişirin.', 'Kıvam alan muhallebinin altını kapatın.', 'Henüz sıcakken içerisine\xa01 tatlı kaşığı tereyağı ve 1 paket vanilin ilave ederek çırpın.', 'Ardından servis kaselerine paylaştırın ve soğutun.', 'Antep fıstığıyla süsleyip tatlandırdığınız muhallebileri soğuk olarak sevdiklerinizle paylaşın.']",SÜTLÜ TATLI,239b56,/tarif/sutlu-tatlilar/,"['Tatlı', 'Ramazan', 'Sütlü Tatlı', 'Video']","['pratik yemek tarifleri', 'çay saati']",['Çay Saati'],['Tencere'],['Ekonomik'],False,900,300,2019-04-04T08:57:18Z,4.0,1868226,4584,False,True,True,0,,0,,,,2015/06/muhallebi-yemekcom.jpg,0,0,https://cdn.yemek.com/mnresize/940/940/uploads/2015/06/muhallebi-yemekcom.jpg,940,940,False,https://cdn.yemek.com/mncrop/300/200/uploads/2015/06/muhallebi-yemekcom.jpg,300,200,True,https://cdn.yemek.com/mncrop/940/625/uploads/2015/06/muhallebi-yemekcom.jpg,940,625,True,https://cdn.yemek.com/mncrop/620/388/uploads/2015/06/muhallebi-yemekcom.jpg,620,388,True,https://cdn.yemek.com/mncrop/600/315/uploads/2015/06/muhallebi-yemekcom.jpg,600,315,True,,,,,,
287,4172,ipeksare,https://cdn.yemek.com/author/262494/20200820091315_avatar.jpg,/profil/ipeksare/,Tane Tane Dökülür: Pirinç Pilavı,Pirinç Pilavı,/tarif/pirinc-pilavi/,20 dk,15 dk,"<p>Türlü türlü <a href=""https://yemek.com/tarif/"" target=""_blank"">yemek tariflerini</a> tamamlayan, <a href=""https://yemek.com/tarif/kuru-fasulye/"" target=""_blank"">kuru fasulye</a>-turşu ikilisine komşu olan, bir dönem yoğurtla takılan, <a href=""https://yemek.com/tarif/anne-koftesi/"" target=""_blank"">köfte patates</a> sevdalısı pilav... Kaşıktan tel tel dökülen pilav... Aromatik sebze ve kuru baharatlarla ev yapımı tavuk suyunuzu kendiniz hazırlayın bir güzel, ortalama pirinç çeşitlerine göre bir ölçü pirince bir buçuk ölçü su kullanacağınızı düşünün.</p>
<p>Yanma derecesini yükseltmek için tereyağını az miktarda ayçiçek yağıyla kavurun. Az miktarda arpa ya da tel şehriyeyi kavurup berrak su çıkana kadar duruladığınız pirinçleri pilav tenceresine alın. Şeffaf bir renk alana kavurup sıcak tavuk suyunu ekleyin. Tuzla tatlandırın, taze sıkılmış limon suyu, kesme şeker gibi unsurları küçük püf noktaları olarak değerlendirin pilav tarifinde. ""Pilavın tane tane olması için ne yapılır?"" diye soruyorsanız da size nefis önerilerimiz var: <a href=""https://yemek.com/pilav-nasil-yapilir/"" target=""_blank"">Tane Tane Dökülen Ev Yapımı Pilavlar İçin Demini Almış 5 Öneri</a></p>
<p>Pilavı yiyip de hemen kaçmayın, yorum bırakmayı unutmayın, yaptığınız bir değişiklik varsa bizlerle de paylaşın. Şimdiden ellerinize sağlık diyor tane tane dökülen pirinç pilavı tarifimize buyurun.</p>
<p>Farklı pilav tarifleri içinse sizi <a href=""https://yemek.com/tarif/pilav/"" target=""_blank"">şöyle</a> alalım. <img src=""https://cdn.yemek.com/assets/images/smiley/smile.png"" class=""wp-smiley img-responsive"" /></p>
",recipe,"['pirinç', 'tereyağı', 'sıcak su', 'tuz', 'karabiber']","['Uygun bir pilav tenceresinin içerisine tereyağı ekleyin.', 'Tereyağı eridikten sonra pirinçleri ekleyip kavurmaya başlayın. Pirinçler tane tane dökülmeye başlayana kadar yaklaşık 5 dakika kavurun.', 'Sıcak suyu ekleyin, tuzu ve karabiberi de ilave edin.', 'Bir kez karıştırın, kapağını kapatın ve kısık ateşte pişirin.', 'Suyunu çeken pilavın üzerine bir bez koyun ve demlenmesi için dinlendirin.', 'Biraz et ya da tavuk ile servis edebilirsiniz. Afiyet olsun!']",PİLAV,239b56,/tarif/pilav/,"['Pilav', 'Video']","['ekonomik', 'akşam yemeği', 'öğle yemeği']","['Öğle Yemeği', 'Akşam Yemeği']",['Tencere'],['Ekonomik'],False,1200,900,2020-09-02T06:35:37Z,4.0,1783014,2538,False,True,True,0,,0,,,,2020/09/pirinc-pilavi-yemekcom.jpg,0,0,https://cdn.yemek.com/mnresize/940/940/uploads/2020/09/pirinc-pilavi-yemekcom.jpg,940,940,False,https://cdn.yemek.com/mncrop/300/200/uploads/2020/09/pirinc-pilavi-yemekcom.jpg,300,200,True,https://cdn.yemek.com/mncrop/940/625/uploads/2020/09/pirinc-pilavi-yemekcom.jpg,940,625,True,https://cdn.yemek.com/mncrop/620/388/uploads/2020/09/pirinc-pilavi-yemekcom.jpg,620,388,True,https://cdn.yemek.com/mncrop/600/315/uploads/2020/09/pirinc-pilavi-yemekcom.jpg,600,315,True,['tencere'],,,,,
288,894,Yasemin Özaltın,https://cdn.yemek.com/author/35533/20181219061403_avatar.jpg,/profil/yasemingursurer/,Birebir Ölçüsüyle: İrmik Helvası,İrmik Helvası,/tarif/irmik-helvasi/,25 dk,20 dk,"<p>Balık sofralarının baş tatlısı, tatlı krizlerinin bir numaralı çözümü, komşu ikramlarının en sevileni, anında kavrulan sıcak sıcak <strong>ev yapımı irmik helvası</strong> <a href=""https://yemek.com/tarif/tatli/"" target=""_blank"">tatlı tarifleri</a> arasında kalori açısından da görece daha kabul edilebilir. <strong>Tel tel dökülen, tam kıvamında</strong> irmik helvasının ölçüsü, malzemeleri, yapılışı ve <a href=""https://yemek.com/irmik-helvasi-puf-noktalari/"" target=""_blank"">irmik helvası yapmanın püf noktası</a> tarifimizin detaylarında saklı.</p>
<p>Bu pratik irmik helvası en klasik ve en sade haliyle evlerden mis gibi kokular yükselmesine sebep olacak, ikram edilen konu komşunun tarifini ısrarla sormasına yol açacak. Sunumuyla, nefis lezzetiyle en güzel irmik helvası tarifini arayanlara duyurulur.</p>
<p>Sizin için hazırladığımız <strong>tam ölçülü irmik helvası</strong> tarifinin yapılış adımlarını takip ederek, kısık ateşte ağır ağır kavrulan irmik ile hazırladığınız irmik helvasını dondurmayla ya da kaymak ilavesiyle ikram etmeyi unutmayın.</p>
<p>Misafirlerinizi yaratıcı ve <a href=""https://yemek.com/irmik-helvasi-tarifleri/"" target=""_blank"">farklı irmik helvası tarifleri</a> ile şaşırtmak için içeriğimizdeki <a href=""https://yemek.com/tarif/"" target=""_blank"">tarif</a>leri defterinize not etmenizi öneririz.</p>
",recipe,"['tereyağı', 'toz şeker', 'süt', 'su', 'irmik', 'çam fıstığı', 'tarçın (arzuya göre)']","['İrmik helvası için 3 yemek kaşığı tereyağını tavada eritin.', 'Yarım su bardağı çam fıstığını içine atarak kavurmaya başlayın.', 'Fıstıklar kavrulduktan sonra 1,5 su bardağı irmiği tencereye aktarın.', 'Sürekli karıştırıp, kısık ateşte 20 dakika kadar kavurun.', 'Tatlının şerbeti için; 1,5 su bardağı su, 1,5 su bardağı şeker ve 1,5 su bardağı sütü küçük bir sos tenceresine alın. Karıştırdıktan sonra kısık ateşte kaynamaya bırakın.', 'İrmik iyice kavrulduktan sonra sıcak şerbet karışımını, tavaya azar azar aktarın.', 'Sıcak şerbetin etkisiyle fokur fokur kaynamaya başlayan irmik sürekli olarak karıştırmaya devam edin.', 'Helvayı kısık ateşte 8-10 dakika kadar pişirmeye devam edin.\xa0Dinlenmesi için üzerine bir kapak kapatın.', 'Demlenen irmik helvasını servis kaselerine alıp, ters çevirip çıkardıktan sonra arzuya göre tarçın\xa0ilavesiyle birlikte dondurma\xa0ile\xa0servis edin. Afiyet olsun!']",TATLI,239b56,/tarif/tatli/,"['Tatlı', 'Ramazan', 'Video']",['çay saati'],['Çay Saati'],['Tava'],['Ekonomik'],False,1500,1200,2022-03-11T10:15:29Z,4.0,3700023,7781,False,True,True,0,,0,,,,2014/11/irmik-helvasi-yemekcom.jpg,0,0,https://cdn.yemek.com/mnresize/940/940/uploads/2014/11/irmik-helvasi-yemekcom.jpg,940,940,False,https://cdn.yemek.com/mncrop/300/200/uploads/2014/11/irmik-helvasi-yemekcom.jpg,300,200,True,https://cdn.yemek.com/mncrop/940/625/uploads/2014/11/irmik-helvasi-yemekcom.jpg,940,625,True,https://cdn.yemek.com/mncrop/620/388/uploads/2014/11/irmik-helvasi-yemekcom.jpg,620,388,True,https://cdn.yemek.com/mncrop/600/315/uploads/2014/11/irmik-helvasi-yemekcom.jpg,600,315,True,,,,,,
289,274,Yasemin Özaltın,https://cdn.yemek.com/author/35533/20181219061403_avatar.jpg,/profil/yasemingursurer/,10 Dakikada Hazır: Kısır,Kısır,/tarif/kisir/,10 dk,10 dk,"<p>El altında bulunan belli başlı malzemeler ile kısa sürede hazırlanan, besleyici, renkli mi renkli, gün lezzetlerinin olmazsa olmazı kısır tarifi ile karşınızdayız bugün. <strong><a href=""https://yemek.com/tarif/"" target=""_blank"">Yemek tariflerinin</a></strong> altın gününe en çok yakışanı olur aynı zamanda kendisi. 'En güzel <strong>kısır tarifi</strong> benimki!' demek için bu tarifi defterinize mutlaka kaydedin deriz.</p>
<p>Biliyoruz aklınızda ""Evde kısır nasıl yapılır?"", ""<strong>Kısır hangi bulgurla yapılır?</strong>"", ""En güzel kısır nasıl yapılır?"" gibi sorular var. <strong>Tam ölçülü ve sadece 10 dakikada hazır olan</strong>, yedikçe yediren kısır tarifimizde kısır yapmanın tüm püf noktalarını bulacak, adım adım resimli anlatımı sayesinde mutfakta hiç de zorlanmayacaksınız.</p>
<p>Kısırın yanına <a href=""https://yemek.com/tarif/kek/"" target=""_blank"">kekler</a> ve <a href=""https://yemek.com/tarif/borek/"" target=""_blank"">börekler</a> de hazırsa, <strong>çay</strong> demlenmeden hazır olan bu çok <strong>pratik kısır tarifine</strong> öyleyse buyurunuz.</p>
",recipe,"['sıcak su', 'tuz', 'limon suyu', 'pul biber', 'maydanoz', 'zeytinyağı', 'domates salçası', 'ince bulgur', 'taze soğan', 'nar ekşisi', 'taze nane']","['Kısır tarifi için 2 su bardağı ince bulguru geniş bir kaseye alın. Üzerine 1,5 su bardağı sıcak suyu ekleyin.', 'Streç film ile üzerini kapatıp bulgurların şişmesini bekleyin. Yaklaşık 10-15 dakika bulgurlar şiştikten sonra tane tane olması için güzelce karıştırın.', 'Üzerine 2 yemek kaşığı domates salçası ve 1 çay bardağı zeytinyağını ekleyin.', '1 tatlı kaşığı tuz, 1 tatlı kaşığı pul biber, 2 limonun suyu ve yarım çay bardağı nar ekşisini de ekleyin.', 'Son olarak doğradığınız 6 dal taze soğanı, yarım demet taze nane ve maydanozu da ekleyip karıştırdıktan sonra kısır servise hazır.', 'Yanında marullarla ya da dilediğiniz malzemelerle servis edebilirsiniz. Afiyet olsun!']",SALATA,239b56,/tarif/salata/,"['Özel Beslenme', 'Vejetaryen', 'Atıştırmalık', 'Salata', 'Vegan', 'Video', 'Tuzlu Atıştırmalık']","['ara öğün', 'öğle yemeği', 'çay saati']","['Öğle Yemeği', 'Ara Öğün', 'Çay Saati']",,"['Ekonomik', 'Vejetaryen', 'Bol Lifli', 'Düşük Kalorili']",False,600,600,2022-03-18T13:30:13Z,4.0,3168559,10581,False,True,True,0,,0,,,,2014/07/kisir-yemekcom.jpg,0,0,https://cdn.yemek.com/mnresize/940/940/uploads/2014/07/kisir-yemekcom.jpg,940,940,False,https://cdn.yemek.com/mncrop/300/200/uploads/2014/07/kisir-yemekcom.jpg,300,200,True,https://cdn.yemek.com/mncrop/940/625/uploads/2014/07/kisir-yemekcom.jpg,940,625,True,https://cdn.yemek.com/mncrop/620/388/uploads/2014/07/kisir-yemekcom.jpg,620,388,True,https://cdn.yemek.com/mncrop/600/315/uploads/2014/07/kisir-yemekcom.jpg,600,315,True,"['vejetaryen', 'bol lifli', 'glutensiz']",,,,,
290,2586,Yasemin Özaltın,https://cdn.yemek.com/author/35533/20181219061403_avatar.jpg,/profil/yasemingursurer/,Puf Puf: Mayalı Poğaça,Mayalı Poğaça,/tarif/mayali-pogaca/,25 dk,20 dk,"<p>Fırından çıkmış sıcacık <strong>mayalı poğaça</strong> puf puf kabardıysa eğer insan önemsemez ki neli olduğunu... Mis gibi bir kahvaltılık olur, peynir ve diğer tüm <a href=""https://yemek.com/tarif/kahvaltiliklar/"" target=""_blank"" rel=""noopener"">kahvaltılıklar</a> yanına sonradan eklense de olur. <a href=""https://yemek.com/tarif/pogaca/"" target=""_blank"" rel=""noopener"">Poğaça tariflerinin</a> en nefislerinden mayalı poğaça tarifinde ne mi var? Yaş maya var bu poğaça tarifinde. Kendisi ılık su, ılık süt ve toz şekerle bir araya gelip bir güzel kabarıyor ve tüm poğaça hamuru istila ediyor sonrasında. Kabına sığmayan <a href=""https://yemek.com/tarif/yumusak-pogaca/"" target=""_blank"" rel=""noopener"">yumuşak poğaça</a>lar kabardıkça kabarıyor, size de onları afiyetle yemek düşüyor.</p>
<p>Ağzı kapalı bir kapta muhafaza edilirse kolay kolay da bayatlamaz mayalı poğaçalar.</p>
<p>Bu arada daha fazla yemek tarifi için: <a href=""https://yemek.com/tarif/"" target=""_blank"" rel=""noopener"">Yemek tarifleri</a></p>",recipe,"['tuz', 'yumurta', 'toz şeker', 'un', 'yumurta sarısı', 'ılık su', 'susam', 'ılık süt', 'yaş maya', 'sıvı yağ']","['<p>Mayalı poğaça için 1 su bardağı ılık su ve 1 su bardağı ılık sütü geniş bir karıştırma kabına alın. 1 paket yaş maya ve 4 yemek kaşığı toz şekeri ekleyip karıştırdıktan sonra mayanın aktive olması için 5 dakika kadar bekletin.</p>', '<p>Maya tamamen eridikten sonra 1 su bardağı sıvı yağ , 1 adet yumurta ve 2 çay kaşığı tuzu ekleyin.</p>', '<p>Unu azar azar ekleyip hamuru toparlanana kadar yoğurmaya başlayın.</p>', '<p>Yumuşak ve yapışmayacak bir kıvamda bir hamur elde ettiğiniz zaman üzerini streç film ve nemli bir bezle kapatıp 40-45 dakika kadar oda ısısında mayalanmaya bırakın.</p>', '<p>Mayalanan hamurdan yumurta büyüklüğünde parçalar kopartıp avuç içinizde yuvarlayarak şekil verin.</p>', '<p>Tepsiye aralıklı olarak dizdiğiniz mayalı hamurların üzerine yumurta sarısı sürün.</p>', '<p>Son mayalandırma işlemi için 10-15 dakika kadar poğaçaları tepside bekletin ve önceden ısıtılmış 190 derece fırında 20 dakika kadar pişirin. Puf puf kabarmış mayalı poğaçalar hazır, afiyet olsun!</p>']",POĞAÇA,239b56,/tarif/pogaca/,"['Hamur İşi', 'Kahvaltılık', 'Poğaça', 'Video']",,"['Kahvaltı', 'Çay Saati']",['Fırın'],['Ekonomik'],False,1500,1200,2015-05-26T07:17:00Z,4.0,2702715,10778,False,True,True,0,,0,,,,2015/05/mayali-pogaca-yemekcom.jpg,0,0,https://cdn.yemek.com/mnresize/940/940/uploads/2015/05/mayali-pogaca-yemekcom.jpg,940,940,False,https://cdn.yemek.com/mncrop/300/200/uploads/2015/05/mayali-pogaca-yemekcom.jpg,300,200,True,https://cdn.yemek.com/mncrop/940/625/uploads/2015/05/mayali-pogaca-yemekcom.jpg,940,625,True,https://cdn.yemek.com/mncrop/620/388/uploads/2015/05/mayali-pogaca-yemekcom.jpg,620,388,True,https://cdn.yemek.com/mncrop/600/315/uploads/2015/05/mayali-pogaca-yemekcom.jpg,600,315,True,,,,,,
291,3548,Yasemin Özaltın,https://cdn.yemek.com/author/35533/20181219061403_avatar.jpg,/profil/yasemingursurer/,Tül Gibi İncecik: Krep,Krep,/tarif/krep/,20 dk,5 dk,"<p>Krep, <a href=""https://yemek.com/tarif/"" target=""_blank"">yemek tarifleri</a> ve <a href=""https://yemek.com/tarif/kahvaltiliklar/"" target=""_blank"">kahvaltılık tarifler</a> içinde en çok sevilenlerden biri. Bu yüzden mutfağa yeni giren de kahvaltıya pratik lezzetler hazırlamak isteyen de krep tarifini, <a href=""https://yemek.com/krep-yapmanin-puf-noktalari/"" target=""_blank"">krep yapmanın püf noktaları</a>nı merak ediyor; krep hamuru ve krep malzemelerini hazırlayıp kahvaltılık kreple sevdiklerini mutlu etmek istiyor.</p>
<p>Eğer siz de ""Tavada sade krep nasıl yapılır?"" konusunda meraklıysanız, <strong>evde krep yapımının püf noktalar</strong>ını öğrenmek istiyorsanız en güzel krep tarifi için aşağıya bekleniyorsunuz. Krep tarifi videomuzu da izlemeyi unutmayın der, büyüklerimizden <a href=""https://yemek.com/tarif/akitma/"" target=""_blank"">akıtma</a> olarak öğrendiğimiz şimdilerde krep diye duymaya alışık olduğumuz tül inceliğinde bu hamur işini kahvaltılarınızdan, çay saatlerinden mahrum etmeyin deriz. Eğer <a href=""https://yemek.com/tarif/2-kisilik-krep/"" target=""_blank"">2 kişilik krep</a> nasıl yapılır diyorsanız da bu tarifi yarım ölçü olarak gönül rahatlıyla hazırlayabilirsiniz.</p>
<p><strong>Kolay krep tarifi</strong> ile gelsin muhteşem kahvaltılar, lezzetli tatlılar. Paylaştığımız <a href=""https://yemek.com/krep-tarifleri/"" target=""_blank"">krep tarifleri</a> ile artık mutfakta kimse sizi tutamaz!</p>
",recipe,"['tuz', 'yumurta', 'süt', 'un', 'su', 'sıvı yağ']","['Krep tarifi için öncelikle 1 su bardağı sütü bir kaba alın.', 'Üzerine 1 su bardağı suyu derin bir karıştırma kasesine alın.', '1 yemek kaşığı sıvı yağ,\xa0 2 adet yumurta ve 1 çay kaşığı tuzu da ekleyin.', 'Üzerine 6 yemek kaşığı unu ilave edip bir çırpıcı yardımıyla iyice karıştırın.Sonra pürüzsüz bir kıvam alana kadar çırpın ve 5 dakika dinlenmeye bırakın.', 'Hazırladığınız krep harcından küçük bir kepçe kadar doldurun. Hamuru yağladığınız kızgın tavaya dökün.', 'Hafifçe sallayarak hamurun ince bir şekilde tabanına yayılmasını sağlayın.Krepleri, orta ateşte göz göz olup, renk alana kadar arkalı önlü kızartın.', 'Aralarda teflon tavayı yağlayarak, krep hamuru bitene kadar aynı işlemi tekrarlayın.', 'Pişen krepleri servis tabağına alın. Soğutmadan krepleri sevdiklerinizle paylaşın.']",KAHVALTILIK,239b56,/tarif/kahvaltiliklar/,"['Kahvaltılık', 'Video']",['kahvaltı'],"['Kahvaltı', 'Çay Saati']",['Tava'],,False,1200,300,2022-03-10T14:32:12Z,4.0,2616215,9862,False,True,True,0,,0,,,,2015/10/krep-yemekcom.jpg,0,0,https://cdn.yemek.com/mnresize/940/940/uploads/2015/10/krep-yemekcom.jpg,940,940,False,https://cdn.yemek.com/mncrop/300/200/uploads/2015/10/krep-yemekcom.jpg,300,200,True,https://cdn.yemek.com/mncrop/940/625/uploads/2015/10/krep-yemekcom.jpg,940,625,True,https://cdn.yemek.com/mncrop/620/388/uploads/2015/10/krep-yemekcom.jpg,620,388,True,https://cdn.yemek.com/mncrop/600/315/uploads/2015/10/krep-yemekcom.jpg,600,315,True,,,,,,
292,123,Yasemin Özaltın,https://cdn.yemek.com/author/35533/20181219061403_avatar.jpg,/profil/yasemingursurer/,En İyi Kıvam Onda: Mercimek Çorbası,Mercimek Çorbası,/tarif/mercimek-corbasi/,50 dk,10 dk,"<p>Yaz kış demeden her mevsim, her zaman, her durumda elimizin gittiği tariftir <strong>mercimek çorbası tarifi.</strong> En çok sevilen çorbalardan biridir o! Bu yüzden zamansız çorbadır. Belki de bütün <a href=""https://yemek.com/tarif/"" target=""_blank"">yemek tarifleri</a> için böyledir.</p>
<p>Hatta <a href=""https://yemek.com/tarif/ezogelin-corbasi/"" target=""_blank"">ezogelin çorbasıyla</a> olan mücadelesini bir kenara koyarsanız, zamansız çorbaların en güzeli, en birincisi. Bunları söylüyoruz çünkü şimdiye kadar ""<strong>en güzel mercimek çorbası</strong>"" tarifini arayıp bulamadıysanız lezzetli ve pratik bu tencerede mercimek çorbası yapımı tam size göre!</p>
<p>Lafı uzatmadan ""Mercimek çorbası nasıl yapılır?"", ""<strong>Mercimek çorbası nasıl pişirilir?</strong>"" diye merak edenleri ev usulü mercimek çorbası tarifimize alalım. Adım adım resimli anlatımı ve videosuyla her eve mis gibi kokan, şifalı mercimek çorbasını davet edelim.</p>
<p>Afiyetler olsun diyelim, eğer sizin de kendinize özel <strong>mercimek çorbası pişirme yöntemleri</strong>niz varsa yorumlarda tüm okuyucularımızla paylaşmanızı isteyelim.</p>
<p>Not: ""Mercimek çorbası tamam da ben daha fazla çorba çeşidi de görmek istiyorum"" diyenleri şöyle alalım: <a href=""https://yemek.com/tarif/corba/"" target=""_blank"">Çorba Tarifleri</a>!</p>
",recipe,"['kuru soğan', 'tereyağı', 'sıcak su', 'tuz', 'ayçiçek yağı', 'un', 'patates', 'karabiber', 'kırmızı ya da sarı mercimek', 'havuç', 'kırmızı toz biber', 'sıvı yağ']","['Derin bir tencereye 3 yemek kaşığı sıvı yağ ekleyin. İri doğranmış 1 adet büyük soğanı sıvı yağ ile birlikte kavurun.', 'Kavrulan soğanlara 1 yemek kaşığı unu ekleyin ve kokusu çıkıp, renk alana kadar kavurma işlemini sürdürün.\xa0İri parçalar halinde doğradığınız birer adet havuç ve patatesi tencereye aktarıp karıştırmaya devam edin.', 'Tuz, karabiber ve bol suda yıkadıktan sonra suyunu süzdürdüğünüz\xa01,5 su bardağı mercimeği\xa0 de ilave edin ve son kez güzelce karıştırın.', '6 su bardağı sıcak suyu da tencereye ilave edin.', 'Ardından kapağını kapatın, patates ve havuçlar yumuşayana kadar ara ara karıştırarak 40 dakika kadar pişirin.', 'Çorba piştikten sonra pürüzsüz bir kıvam alması için; el blenderından geçirin. 5 dakika daha pişirdikten sonra ocaktan alın.', '3 yemek kaşığı sıvı yağ ve 2 yemek kaşığı tereyağını bir tavada kızdırın. Üzerine 1 tatlı kaşığı toz kırmızı biberi ekleyin ve 2 dakika yağı kızdırdıktan sonra ocaktan alın.', 'Çorbayı bir kaseye alın ve üzerine kızdırdığınız yağdan gezdirip servis edin.']",ÇORBA,,/tarif/corba/,"['Çorba', 'Ramazan', 'Video', 'Bakliyat']","['akşam yemeği', 'öğle yemeği']","['Başlangıç', 'Öğle Yemeği', 'Ara Öğün', 'Akşam Yemeği']",['Tencere'],"['Ekonomik', 'Vejetaryen', 'Bol Proteinli']",False,3000,600,2022-03-31T14:25:26Z,4.0,2607774,11074,False,True,True,0,,0,,,,2014/06/mercimek-corbasi-yemekcom.jpg,0,0,https://cdn.yemek.com/mnresize/940/940/uploads/2014/06/mercimek-corbasi-yemekcom.jpg,940,940,False,https://cdn.yemek.com/mncrop/300/200/uploads/2014/06/mercimek-corbasi-yemekcom.jpg,300,200,True,https://cdn.yemek.com/mncrop/940/625/uploads/2014/06/mercimek-corbasi-yemekcom.jpg,940,625,True,https://cdn.yemek.com/mncrop/620/388/uploads/2014/06/mercimek-corbasi-yemekcom.jpg,620,388,True,https://cdn.yemek.com/mncrop/600/315/uploads/2014/06/mercimek-corbasi-yemekcom.jpg,600,315,True,"['tencere', 'vejetaryen', 'bol lifli']",greenLight,,,,
293,118,Yasemin Özaltın,https://cdn.yemek.com/author/35533/20181219061403_avatar.jpg,/profil/yasemingursurer/,Orijinal Tarifi Burada: Domates Çorbası,Domates Çorbası,/tarif/domates-corbasi/,30 dk,30 dk,"<p>Havalar soğumaya başladı, yaz mevsimini hep birlikte uğurladık. Hafif hüzünlüyüz, ancak dumanı üzerinde tüten çorbalar içeceğimiz için de mutluyuz. En sevdiğiniz <a href=""https://yemek.com/tarif/corba/"" target=""_blank"">çorba</a> tarifi nedir? Bizim için <a href=""https://yemek.com/tarif/domates-corbasi/"" target=""_blank"">domates çorbasının</a> ayrı bir yeri var diyebiliriz. Bütün <a href=""https://yemek.com/tarif/"" target=""_blank"">yemek tarifleri</a>nin arasında yeri ayrı.</p>
<p>Hele ki dumanı üstünde ev yapımı domates çorbası yok mu..Gelin onu güzelleyelim bir parça. Domates çorbası tarifi kaşar peynirsiz olmaz. Bazen yerini krema alabilir ama domates çorbasını özel kılan ilk kaşıkla birlikte uzayıp giden kaşar peyniridir. Onu toparlaması ve sağa sola bulaştırmadan yenilmesi ayrı bir maceradır. <a href=""https://yemek.com/tarif/baharatli-kruton/"" target=""_blank"">Kızarmış ekmek dilimleri</a> hatta mümkünse <a href=""https://yemek.com/tarif/sarimsakli-ekmek/"" target=""_blank"">sarımsaklı ekmekler</a> çorbaya ayrı bir tat katar. Soğuk kış günlerinin keyfi böyle böyle çıkar.</p>
<p>Siz de bu <a href=""https://yemek.com/tarif/kolay-domates-corbasi/"" target=""_blank"">kolay domates çorbası</a> tarifiyle sevdiklerinizin içini ısıtabilir; onu sandığınızdan çok daha kolay ve pratik bir şekilde yapabilirsiniz. Şimdiden afiyet olsun!</p>
<p>&nbsp;</p>
",recipe,"['tereyağı', 'tuz', 'un', 'sıcak et suyu', 'sıcak süt', 'rendelenmiş kaşar peyniri', 'domates']","['Tereyağını tavada eritin.', 'Unu ekleyip kokusu çıkana kadar kısık ateşte kavurun.', 'Rendelenmiş domatesleri kavrulmuş un karışımına ekledikten sonra 5 dakika kadar pişirin.', 'Üzerine sıcak et suyunu ve tuzu ilave edin. Kesilmemesi için küçük bir cezvede ısıttığınız sütü azar azar ekleyip hızlıca karıştırın.', 'Çorbayı kaynayana kadar orta ateşte ardından da kısık ateşte 15 dakika kadar pişirin. Daha pürüzsüz bir kıvam alması için blenderdan geçirin. Servis kaselerine aldığınız çorbayı, rendelenmiş kaşar peynir ilavesiyle sıcak olarak servis edin.\xa0Afiyet olsun!']",ÇORBA,,/tarif/corba/,"['Çorba', 'Video', 'Mevsiminde']","['akşam yemeği', 'öğle yemeği']","['Öğle Yemeği', 'Akşam Yemeği']",['Tencere'],"['Ekonomik', 'Vejetaryen']",False,1800,1800,2022-03-18T15:00:23Z,4.0,2396278,8509,False,True,True,0,,0,,,,2022/03/domates-corbasi-sevgililer-gunu-gorsel.jpg,0,0,https://cdn.yemek.com/mnresize/940/940/uploads/2022/03/domates-corbasi-sevgililer-gunu-gorsel.jpg,940,940,False,https://cdn.yemek.com/mncrop/300/200/uploads/2022/03/domates-corbasi-sevgililer-gunu-gorsel.jpg,300,200,True,https://cdn.yemek.com/mncrop/940/625/uploads/2022/03/domates-corbasi-sevgililer-gunu-gorsel.jpg,940,625,True,https://cdn.yemek.com/mncrop/620/388/uploads/2022/03/domates-corbasi-sevgililer-gunu-gorsel.jpg,620,388,True,https://cdn.yemek.com/mncrop/600/315/uploads/2022/03/domates-corbasi-sevgililer-gunu-gorsel.jpg,600,315,True,['tencere'],greenLight,"['Haziran', 'Temmuz', 'Ağustos', 'Eylül']",,,
294,72,Yasemin Özaltın,https://cdn.yemek.com/author/35533/20181219061403_avatar.jpg,/profil/yasemingursurer/,En Gerçek Tarifiyle: Ezogelin Çorbası,Ezogelin Çorbası,/tarif/ezogelin-corbasi/,45 dk,15 dk,"<p>Türk mutfağına özgü, buram buram Anadolu kokan, binlerce yıllık bir <a href=""https://yemek.com/tarif/corba/"" target=""_blank"">çorba tarifiyle</a> karşınızdayız. <a href=""https://yemek.com/tarif/"" target=""_blank"">Yemek tarifleri</a> arasından seçtiğiniz ana yemek ne olursa olsun, ona mutlaka yakışacak olan ezogelin çorbasından bahsediyoruz. Siz de bu kolay ev yapımı ezogelin çorbasıyla sofralarınızı sıcacık yapabilirsiniz.</p>
<p>Ezogelin çorbası tarifi; yüksek oranda bereket içerir. Besleyicidir, lezzetlidir, pratiktir. Tüm bunların yanı sıra <a href=""https://yemek.com/tarif/mercimek-corbasi/"" target=""_blank"">mercimek çorbası</a> ile olan amansız rekabetiyle, bütün kebapçıların olmazsa olmaz çorbası olma özelliğini taşır. Hastalıklara karşı amansızca savaşır, siz iyi olun diye varını yolunu ortaya koyar. Tırnak pide ya da <a href=""https://yemek.com/tarif/bazlama/"" target=""_blank"">bazlama</a>yı çok sever.</p>
<p>Ezogelin çorbasını Türk mutfak tarihine kazandıran ve çorbaya adını veren Gaziantep’in Uruş (Dokuzyol) köyünde yaşamış olan Ezo Gelin’e şükranlarımızı sunarız. Merak edenler varsa ezogelin çorbasının hikayesi hemen şurada: <a href=""https://yemek.com/ezogelin-corbasinin-hikayesi/"" target=""_blank"">Hikayesi de Lezzeti Kadar Anadolu: Ezogelin Çorbasının Hikayesi</a></p>
<p>O zaman adım adım resimli ve videolu ezogelin çorbası yapılışı ve tarifi sizi bekler. <img src=""https://cdn.yemek.com/assets/images/smiley/wink.png"" class=""wp-smiley img-responsive"" /></p>
",recipe,"['kırmızı mercimek', 'pirinç', 'bulgur', 'kuru soğan', 'tereyağı', 'sıcak su', 'nane', 'tuz', 'limon suyu', 'pul biber', 'domates salçası']","['Sıcak suyu geniş bir tencerede kaynatın. Yıkayıp suyunu süzdürdüğünüz 2 çay bardağı kırmızı mercimeği tencereye aktarın.', '3 yemek kaşığı pirinci, 2 yemek kaşığı bulguru ve 1 tatlı kaşığı tuzu tencereye aktarın.', 'Yaklaşık 35 dakika, kırmızı mercimekler yumuşayana kadar pişirin.', 'Ayrı bir tavada 1 yemek kaşığı tereyağını eritin.', 'Üzerine 1 adet küp doğranmış kuru soğanı ekleyin ve kavurmaya başlayın.', 'Kavrulan soğanlara 1 tatlı kaşığı domates salçasını ekleyin.', '1 tatlı kaşığı naneyi ekleyip, 2 dakika daha kavurun.', 'Kavrulan sosunuzu ocaktan alın.', 'Bakliyatları kaynattığınız tencereye kavrulan salçalı soğan karışımı ekleyin.', 'Sonra hızlıca karıştırdığınız çorbayı 10 dakika daha pişirin.', 'Limon suyu ve pul biber ilavesiyle sıcak olarak servis edin.\xa0Afiyet olsun!']",ÇORBA,,/tarif/corba/,"['Çorba', 'Ramazan', 'Video']","['ekonomik', 'öğle yemeği']","['Öğle Yemeği', 'Ara Öğün', 'Akşam Yemeği']",['Tencere'],"['Ekonomik', 'Vejetaryen']",False,2700,900,2019-04-10T08:00:07Z,4.0,2061511,10279,False,True,True,0,,0,,,,2014/06/ezogelin-corbasi-yemekcom.jpg,0,0,https://cdn.yemek.com/mnresize/940/940/uploads/2014/06/ezogelin-corbasi-yemekcom.jpg,940,940,False,https://cdn.yemek.com/mncrop/300/200/uploads/2014/06/ezogelin-corbasi-yemekcom.jpg,300,200,True,https://cdn.yemek.com/mncrop/940/625/uploads/2014/06/ezogelin-corbasi-yemekcom.jpg,940,625,True,https://cdn.yemek.com/mncrop/620/388/uploads/2014/06/ezogelin-corbasi-yemekcom.jpg,620,388,True,https://cdn.yemek.com/mncrop/600/315/uploads/2014/06/ezogelin-corbasi-yemekcom.jpg,600,315,True,['tencere'],greenLight,,,,
295,247,Yasemin Özaltın,https://cdn.yemek.com/author/35533/20181219061403_avatar.jpg,/profil/yasemingursurer/,Tam Ölçülü: Pancake (Pankek),Pancake (Pankek),/tarif/pancake/,20 dk,20 dk,"<p>Bizim kültürümüzde <a href=""https://yemek.com/tarif/akitma/"" target=""_blank"">akıtma</a> ya da <a href=""https://yemek.com/tarif/krep"" target=""_blank"">krep</a> olarak bilinen hamur işinin biraz daha kalını ve kahvaltıların yıldızıdır pankek. Peynirli, zeytin ezmeli tuzlu çeşitleri yapılabileceği gibi çikolata kremalı ve meyveli çeşitlerini de aynı tarifle kolaylıkla hazırlayabilirsiniz. <a href=""https://yemek.com/tarif/kahvaltiliklar/"" target=""_blank"">Kahvaltılık tarif</a> aradığınızda eliniz bu tarife hemen gidecek.</p>
<p>Bu kahvaltılık <a href=""https://yemek.com/tarif/kolay-pankek/"" target=""_blank"">kolay pankek tarifi</a>nde pankek hamurunun nasıl yapılacağından <strong>tavada pankek yapmanın püf noktalarına</strong> kadar her şeyi bulabilecek, evde pankek yapımının tüm inceliklerini öğreneceksiniz.</p>
<p>Pancake tarifi gerçekten oldukça basit. Yumurta, un, kabartma tozu, toz şeker, süt, ayçiçek yağı gibi temel malzemeler içeriyor bu <strong>pratik hamur işi</strong>. Servis esnasında meyve dilimleri, eritilmiş çikolata çeşitleri, sosları oldukça yakışıyor. Akçaağaç şurubuyla da çok iyi gittiğini söylemeden geçmeyelim.</p>
<p>4 kişilik pankek nasıl yapılır diyenler için adım adım resimli ve videolu pancake tarifiyle en güzel pankekler hep sizin mutfaktan çıkacak! <img src=""https://cdn.yemek.com/assets/images/smiley/smile.png"" class=""wp-smiley img-responsive"" /></p>
",recipe,"['tuz', 'yumurta', 'toz şeker', 'ayçiçek yağı', 'ayçiçek yağı', 'süt', 'un', 'kabartma tozu', 'bal', 'vanilin']","['Pankek tarifi için derin bir karıştırma kabında 2 yumurta ve yarım su bardağı şekeri alın.', 'Şeker eriyene ve karışım krema kıvamını alana kadar\xa0çırpın.', 'Yumurtalı karışımın üzerine, 2 yemek kaşığı sıvı yağ ve 1,5 su bardağı sütü de koyup tekrar çırpın.', '2 su bardağı un, 1 paket kabartma tozu, 1 paket vanilin ve bir tutam tuzu da eleyerek karışımın içerisine ekleyin.', 'Pürüzsüz bir kıvam alana kadar çırpın.', 'İlk pankeki pişirmek için; krep tavasını ayçiçek yağı ile yağlayın. Kızdırdığınız tavaya küçük bir kepçe ya da bir kahve fincanı kadar pankek harcını aktarın.', 'Ocağın altını kısın. Pankeki, üzeri göz göz olana kadar pişirin. Bir spatula yardımıyla çevirdiğiniz pankekin diğer tarafını da aynı şekilde pişirin.', 'Krep tavasını arada yağlayarak pankek harcı bitene kadar aynı işlemi tekrarlayın.', 'Servis tabağına aldığınız pankeklerin üzerine tereyağı koyup bal gezdirebilirsiniz, afiyet olsun.']",KAHVALTILIK,239b56,/tarif/kahvaltiliklar/,"['Kahvaltılık', 'Video']","['kahvaltı', 'çay saati']","['Kahvaltı', 'Çay Saati']",['Tava'],"['Ekonomik', 'Vejetaryen']",False,1200,1200,2022-03-10T07:30:22Z,4.0,2051860,12838,False,True,True,0,,0,,,,2014/07/pancake-yemekcom.jpg,0,0,https://cdn.yemek.com/mnresize/940/940/uploads/2014/07/pancake-yemekcom.jpg,940,940,False,https://cdn.yemek.com/mncrop/300/200/uploads/2014/07/pancake-yemekcom.jpg,300,200,True,https://cdn.yemek.com/mncrop/940/625/uploads/2014/07/pancake-yemekcom.jpg,940,625,True,https://cdn.yemek.com/mncrop/620/388/uploads/2014/07/pancake-yemekcom.jpg,620,388,True,https://cdn.yemek.com/mncrop/600/315/uploads/2014/07/pancake-yemekcom.jpg,600,315,True,,,,['Amerika Birleşik Devletleri'],,
296,188,Yasemin Özaltın,https://cdn.yemek.com/author/35533/20181219061403_avatar.jpg,/profil/yasemingursurer/,"Kabardıkça Kabarır, Şerbetini Tam Çeker: Revani",Revani,/tarif/revani/,30 dk,35 dk,"<p>Bugün akşam yemeğine en lezzetli <a href=""https://yemek.com/ramazan-tatlilari/"" target=""_blank"">ramazan tatlılarından</a> biri olan revaniyi koyacağız. Revani tarifini uygularken bir yandan saray mutfağının bize Osmanlı'dan kalan en yadigar şeylerden biri olduğunu hatırlayacağız. Yaptığımız <a href=""https://yemek.com/tarif/"" target=""_blank"">yemek tariflerine</a> tatlı olarak onu çok yakıştıracağız. <a href=""https://yemek.com/tarif/tatli/"" target=""_blank"">Tatlı tariflerinin</a> arasında en çok sevdiklerimiz arasına ekleyeceğiz.</p>
<p>Klasik revaniyi evde pratik bir şekilde yapabilmek mümkün aslında. <strong>""Revani tatlısı nasıl yapılır""</strong> sorusunun hemen aşağıda adım adım resimli cevabını bulabileceğiniz nefis irmikli ve tam ölçülü evde kolay <a href=""https://yemek.com/tarif/muhallebili-revani/"" target=""_blank"">revani</a> yapımı tarifimizin bir püf noktası var bilinmesi gereken: Tahmin edeceğiniz gibi <a href=""https://yemek.com/tarif/serbetli-tatlilar/"" target=""_blank"">şerbetli tatlılardan</a> revaninin kıvamı önemli, onu da bir kaşık yardımıyla alacağınız şerbeti parmağınıza damlatıp, damlanın yayılıp yayılmadığını görerek anlayabilirsiniz. Eğer şerbet damlası yayılmıyorsa kıvamı tutmuş, revani yapımı için hazır hale gelmiş demektir. Böylelikle <strong>""Revani şerbeti nasıl dökülür, revani şerbeti nasıl olmalı?""</strong> sorusunun cevabını merak edenleri de rahatlatmış olduk.</p>
<p>Şerbetin yoğunluğu ile kekinin kabarıklığı için düşündüğümüz revani yapımı püf noktalarını tarif kısmında bulabilirsiniz. <a href=""https://yemek.com/revani-tarifleri/"" target=""_blank"">Farklı revani tarifleri</a> ve çok sevilen <a href=""https://yemek.com/tarif/hashasli-revani/"" target=""_blank"">haşhaşlı revani</a> tarifimizi de şöyle bırakalım.</p>
<p>O halde lafı daha fazla uzatmayalım, sizi en güzel revani tarifiyle baş başa bırakalım.</p>
",recipe,"['limon suyu', 'yumurta', 'toz şeker', 'toz şeker', 'ayçiçek yağı', 'un', 'kabartma tozu', 'su', 'yoğurt', 'irmik', 'rendelenmiş Hindistan cevizi', 'vanilin']","['Tatlının şerbetini hazırlamak için;\xa03 su bardağı su ve 2,5 su bardağı toz şekeri\xa0bir tencereye aktarın.', 'Kısık ateşte yaklaşık 30 dakika kadar kaynattıktan sonra limon suyunu ekleyin ve ılınması için ocaktan alın.', '3 yumurta bir kabın içerisine aktarın.', 'Üzerine 1 çay bardağı toz şekeri bir mikser yardımıyla toz şeker tamamen eriyene kadar karıştırın.', '1 çay bardağı ayçiçek yağı, 1 su bardağı yoğurt ve 1 su bardağı irmiği de ekledikten sonra tekrar karıştırın.', 'Son olarak 1,5 su bardağı\xa0un, 1 paket kabartma tozu ve 1 paket vanilini de karışıma ekledikten sonra çırpma işlemini sürdürün.', 'Yağlanmış fırına dayanıklı kalıbın içerisine hazırladığınız revani karışımını dökün.', 'Önceden ısıtılmış 180 derece fırında\xa025-30 dakika kadar pişirin.\xa0Fırından çıkardığınız revaninin ilk sıcaklığı geçtikten sonra oda sıcaklığında soğumuş şerbeti üzerine dökün ve şerbeti çekene kadar yaklaşık 1-2 saat bekleyin.', 'Ardından bıçak yardımıyla revaniyi dilimleyin.', 'Dilimlediğiniz ılık tatlıya rendelenmiş Hindistan cevizi serpiştirip servis edin. Afiyet olsun!']",ŞERBETLİ TATLI,239b56,/tarif/serbetli-tatlilar/,"['Tatlı', 'Şerbetli Tatlı', 'Ramazan', 'Video']","['ekonomik', 'çay saati']",['Çay Saati'],"['Fırın', 'Tencere']",,False,1800,2100,2022-04-20T11:00:29Z,4.0,2029239,5485,False,True,True,0,,0,,,,2014/06/revani-yemekcom.jpg,0,0,https://cdn.yemek.com/mnresize/940/940/uploads/2014/06/revani-yemekcom.jpg,940,940,False,https://cdn.yemek.com/mncrop/300/200/uploads/2014/06/revani-yemekcom.jpg,300,200,True,https://cdn.yemek.com/mncrop/940/625/uploads/2014/06/revani-yemekcom.jpg,940,625,True,https://cdn.yemek.com/mncrop/620/388/uploads/2014/06/revani-yemekcom.jpg,620,388,True,https://cdn.yemek.com/mncrop/600/315/uploads/2014/06/revani-yemekcom.jpg,600,315,True,,,,,,
297,2744,Cemre Özgüzel,https://cdn.yemek.com/author/109/20200211010242_avatar.jpg,/profil/cemre-ozguzel/,Az Malzemeyle Mükemmel Kıvam: Muhallebi,Muhallebi,/tarif/muhallebi/,15 dk,5 dk,"<p>Çocukluğumuzdan beri damağımızın alışık olduğu bir <a href=""https://yemek.com/tarif/tatli/"" target=""_blank"">tatlı tarifi</a> muhallebi. <strong>Pirinç unuyla hazırlanan muhallebi tarifler</strong>i olsa da kıvamı nişastayla bağlandığında bir o kadar güzel olur tadı. Öylesine yalın ve naif bir tattır ki kuru yemişler, çikolata ve çeşitli meyve sosları eşliğinde farklı tariflere bürünür.</p>
<p>Yaz sıcağına yakışır muhallebi tatlısı, keyfi kaşıklanır. Üzerine toz tarçınla yapabileceğiniz süslemelerle de saygı uyandırır. Başarıyla uygulanmış bir sütlü muhallebi tarifini tamamlayıcı nitelikte olan bu süslemeler ise tamamen sizin yaratıcılığınıza kalmış. <a href=""https://yemek.com/tarif/sutlu-tatlilar/"" target=""_blank"">Sütlü tatlıların </a>en kolay ve ekonomiği olan <strong>muhallebi tarifi</strong>mizle keyif dolu dakikalar yaşayabilirsiniz.</p>
<p>Biz sade muhallebi hazırladık ama diğer muhallebi çeşitleri için sizi şu tariflerimize de bekleriz: <a href=""https://yemek.com/muhallebi-tarifleri/"" target=""_blank"">Sıcak Yaz Günlerinde Midenizi Yormayarak Sizi Mutlu Edecek 17 Muhallebi Tarifi</a></p>
<p>En güzel muhallebinin sizin elinizden çıkmasını sağlayacak olan bu tarifi ister bardakta, ister kupta, ister fincanda servis edebilirsiniz. Hazırsanız pratik ve <a href=""https://yemek.com/tarif/kolay-muhallebi/"" target=""_blank"">kolay muhallebi</a> tarifimizle başbaşa bırakalım sizi.</p>
",recipe,"['tereyağı', 'toz şeker', 'süt', 'un', 'toz Antep fıstığı', 'buğday nişastası', 'muz', 'vanilin']","['5\xa0su bardağı soğuk sütü geniş bir tencereye aktarın.\xa0Yarım çay bardağı un, 3 yemek kaşığı buğday nişastası ve 1 su bardağı toz şekeri ilave ettikten sonra ocağın altını açın.', 'Ara ara karıştırarak koyu bir kıvam alana kadar pişirin.', 'Kıvam alan muhallebinin altını kapatın.', 'Henüz sıcakken içerisine\xa01 tatlı kaşığı tereyağı ve 1 paket vanilin ilave ederek çırpın.', 'Ardından servis kaselerine paylaştırın ve soğutun.', 'Antep fıstığıyla süsleyip tatlandırdığınız muhallebileri soğuk olarak sevdiklerinizle paylaşın.']",SÜTLÜ TATLI,239b56,/tarif/sutlu-tatlilar/,"['Tatlı', 'Ramazan', 'Sütlü Tatlı', 'Video']","['pratik yemek tarifleri', 'çay saati']",['Çay Saati'],['Tencere'],['Ekonomik'],False,900,300,2019-04-04T08:57:18Z,4.0,1868226,4584,False,True,True,0,,0,,,,2015/06/muhallebi-yemekcom.jpg,0,0,https://cdn.yemek.com/mnresize/940/940/uploads/2015/06/muhallebi-yemekcom.jpg,940,940,False,https://cdn.yemek.com/mncrop/300/200/uploads/2015/06/muhallebi-yemekcom.jpg,300,200,True,https://cdn.yemek.com/mncrop/940/625/uploads/2015/06/muhallebi-yemekcom.jpg,940,625,True,https://cdn.yemek.com/mncrop/620/388/uploads/2015/06/muhallebi-yemekcom.jpg,620,388,True,https://cdn.yemek.com/mncrop/600/315/uploads/2015/06/muhallebi-yemekcom.jpg,600,315,True,,,,,,
298,4172,ipeksare,https://cdn.yemek.com/author/262494/20200820091315_avatar.jpg,/profil/ipeksare/,Tane Tane Dökülür: Pirinç Pilavı,Pirinç Pilavı,/tarif/pirinc-pilavi/,20 dk,15 dk,"<p>Türlü türlü <a href=""https://yemek.com/tarif/"" target=""_blank"">yemek tariflerini</a> tamamlayan, <a href=""https://yemek.com/tarif/kuru-fasulye/"" target=""_blank"">kuru fasulye</a>-turşu ikilisine komşu olan, bir dönem yoğurtla takılan, <a href=""https://yemek.com/tarif/anne-koftesi/"" target=""_blank"">köfte patates</a> sevdalısı pilav... Kaşıktan tel tel dökülen pilav... Aromatik sebze ve kuru baharatlarla ev yapımı tavuk suyunuzu kendiniz hazırlayın bir güzel, ortalama pirinç çeşitlerine göre bir ölçü pirince bir buçuk ölçü su kullanacağınızı düşünün.</p>
<p>Yanma derecesini yükseltmek için tereyağını az miktarda ayçiçek yağıyla kavurun. Az miktarda arpa ya da tel şehriyeyi kavurup berrak su çıkana kadar duruladığınız pirinçleri pilav tenceresine alın. Şeffaf bir renk alana kavurup sıcak tavuk suyunu ekleyin. Tuzla tatlandırın, taze sıkılmış limon suyu, kesme şeker gibi unsurları küçük püf noktaları olarak değerlendirin pilav tarifinde. ""Pilavın tane tane olması için ne yapılır?"" diye soruyorsanız da size nefis önerilerimiz var: <a href=""https://yemek.com/pilav-nasil-yapilir/"" target=""_blank"">Tane Tane Dökülen Ev Yapımı Pilavlar İçin Demini Almış 5 Öneri</a></p>
<p>Pilavı yiyip de hemen kaçmayın, yorum bırakmayı unutmayın, yaptığınız bir değişiklik varsa bizlerle de paylaşın. Şimdiden ellerinize sağlık diyor tane tane dökülen pirinç pilavı tarifimize buyurun.</p>
<p>Farklı pilav tarifleri içinse sizi <a href=""https://yemek.com/tarif/pilav/"" target=""_blank"">şöyle</a> alalım. <img src=""https://cdn.yemek.com/assets/images/smiley/smile.png"" class=""wp-smiley img-responsive"" /></p>
",recipe,"['pirinç', 'tereyağı', 'sıcak su', 'tuz', 'karabiber']","['Uygun bir pilav tenceresinin içerisine tereyağı ekleyin.', 'Tereyağı eridikten sonra pirinçleri ekleyip kavurmaya başlayın. Pirinçler tane tane dökülmeye başlayana kadar yaklaşık 5 dakika kavurun.', 'Sıcak suyu ekleyin, tuzu ve karabiberi de ilave edin.', 'Bir kez karıştırın, kapağını kapatın ve kısık ateşte pişirin.', 'Suyunu çeken pilavın üzerine bir bez koyun ve demlenmesi için dinlendirin.', 'Biraz et ya da tavuk ile servis edebilirsiniz. Afiyet olsun!']",PİLAV,239b56,/tarif/pilav/,"['Pilav', 'Video']","['ekonomik', 'akşam yemeği', 'öğle yemeği']","['Öğle Yemeği', 'Akşam Yemeği']",['Tencere'],['Ekonomik'],False,1200,900,2020-09-02T06:35:37Z,4.0,1783014,2538,False,True,True,0,,0,,,,2020/09/pirinc-pilavi-yemekcom.jpg,0,0,https://cdn.yemek.com/mnresize/940/940/uploads/2020/09/pirinc-pilavi-yemekcom.jpg,940,940,False,https://cdn.yemek.com/mncrop/300/200/uploads/2020/09/pirinc-pilavi-yemekcom.jpg,300,200,True,https://cdn.yemek.com/mncrop/940/625/uploads/2020/09/pirinc-pilavi-yemekcom.jpg,940,625,True,https://cdn.yemek.com/mncrop/620/388/uploads/2020/09/pirinc-pilavi-yemekcom.jpg,620,388,True,https://cdn.yemek.com/mncrop/600/315/uploads/2020/09/pirinc-pilavi-yemekcom.jpg,600,315,True,['tencere'],,,,,
299,313,Yasemin Özaltın,https://cdn.yemek.com/author/35533/20181219061403_avatar.jpg,/profil/yasemingursurer/,Yağ Çekmeden Pişer: Mücver,Mücver,/tarif/mucver/,15 dk,15 dk,"<p>Türk mutfağının, mutfağımıza ait tüm <a href=""https://yemek.com/tarif/"" target=""_blank"" rel=""noopener"">yemek tariflerinin</a> uzağında ama çok sevilen kuzeni ya da teyzesidir mücver tarifi. Her öğün göremezsin, her akşam yemezsin, yiyemezsin. Ancak her gördüğünde mutlu olursun; daha çok görmek istersin. Özeldir, yeri ayrıdır. Herkes güzelini yapamaz.</p>
<p>Arzu ettiğiniz yeşillik, patates, havuç hatta kereviz gibi <a href=""https://yemek.com/tarif/sebze/"" target=""_blank"" rel=""noopener"">sebze</a>leri de ekleyerek hazırlayabileceğiniz bir <a href=""https://yemek.com/tarif/atistirmaliklar/"" target=""_blank"" rel=""noopener"">atıştırmalık</a>, kolay mücver tarifimiz var. Ne güzel olur <strong>kabak mücveri</strong>, küçük püf noktaları vardır onun. Çok fazla yağ çekmemesi için yağı önceden kızdırmalı, rendelenmiş sebzelerin suyunu sıkmalı, sebzelerin taze olmasına dikkat etmeli örneğin.</p>
<p>Anne eli değmiş mücver, bu tarifte biraz daha renk kazanıyor. Yeşillik ve kabakların yanına havuç da katılıyor. Ana yemeğiniz ne olursa olsun bugün sofranızda <strong>kızarmış çıtır mücverler</strong> de yer alsın bizce.</p>
<p>Daha fazla mücver çeşidi görmek isteyenleri ise şöyle alabiliriz: <a href=""https://yemek.com/mucver-tarifleri/"" target=""_blank"" rel=""noopener"">Mücver Tarifleri</a></p>
<p>Kızartmalardan uzak duruyorsanız sizi fırında kabak mücveri tarifimize şuradan davet edelim: <a href=""https://yemek.com/tarif/firinda-mucver/"" target=""_blank"" rel=""noopener"">Fırında Mücver Tarifi, Nasıl Yapılır?</a></p>
<p>Videolu tarifimize aşağıya bırakıyoruz. Keyfini çıkarmanız dileğiyle!</p>",recipe,"['tuz', 'yumurta', 'un', 'karabiber', 'havuç', 'taze soğan', 'kabak', 'dereotu', 'sıvı yağ']","['<p>Mücver için bol suda yıkadığınız kabakları rendenin\xa0iri kısmıyla rendeleyin.\xa0Mücveri sulandırmaması için; rendelenmiş kabakların suyunu sıkarak çıkartın.</p>', '<p>Geniş bir kapta rendelenen kabakları, havucu, yumurtayı, taze soğanı, dereotunu, tuzu, karabiberi birleştirin.</p>', '<p>Unu da ilave edip tüm malzemeler birbiriyle harmanlayın.</p>', '<p>Tüm malzemeler macun kıvamını alana kadar spatula yardımıyla karıştırın.</p>', '<p>Her bir mücver 1 tepeleme yemek kaşığı olacak şekilde ayarlayıp tavaya dökün.</p>', '<p>Kızgın yağda altın sarısı rengini alana kadar kızartın. Mücverlerin fazla yağını havlu kağıda süzdürdükten sonra servis tabağına alın ve çırpılmış yoğurt ile servis edin. Afiyet olsun!</p>']",SEBZE,239b56,/tarif/sebze/,"['Sebze', 'Özel Beslenme', 'Vejetaryen', 'Video', 'Kızartma', 'Mevsiminde']",,['Çay Saati'],['Kızartma'],"['Ekonomik', 'Vejetaryen']",False,900,900,2021-11-09T03:30:59Z,4.0,1738171,11618,False,True,True,0,,0,,,,2014/07/mucver-ytk-site.jpg,0,0,https://cdn.yemek.com/mnresize/940/940/uploads/2014/07/mucver-ytk-site.jpg,940,940,False,https://cdn.yemek.com/mncrop/300/200/uploads/2014/07/mucver-ytk-site.jpg,300,200,True,https://cdn.yemek.com/mncrop/940/625/uploads/2014/07/mucver-ytk-site.jpg,940,625,True,https://cdn.yemek.com/mncrop/620/388/uploads/2014/07/mucver-ytk-site.jpg,620,388,True,https://cdn.yemek.com/mncrop/600/315/uploads/2014/07/mucver-ytk-site.jpg,600,315,True,,,"['Haziran', 'Temmuz', 'Ağustos']",,,
300,274,Yasemin Özaltın,https://cdn.yemek.com/author/35533/20181219061403_avatar.jpg,/profil/yasemingursurer/,10 Dakikada Hazır: Kısır,Kısır,/tarif/kisir/,10 dk,10 dk,"<p>El altında bulunan belli başlı malzemeler ile kısa sürede hazırlanan, besleyici, renkli mi renkli, gün lezzetlerinin olmazsa olmazı kısır tarifi ile karşınızdayız bugün. <strong><a href=""https://yemek.com/tarif/"" target=""_blank"">Yemek tariflerinin</a></strong> altın gününe en çok yakışanı olur aynı zamanda kendisi. 'En güzel <strong>kısır tarifi</strong> benimki!' demek için bu tarifi defterinize mutlaka kaydedin deriz.</p>
<p>Biliyoruz aklınızda ""Evde kısır nasıl yapılır?"", ""<strong>Kısır hangi bulgurla yapılır?</strong>"", ""En güzel kısır nasıl yapılır?"" gibi sorular var. <strong>Tam ölçülü ve sadece 10 dakikada hazır olan</strong>, yedikçe yediren kısır tarifimizde kısır yapmanın tüm püf noktalarını bulacak, adım adım resimli anlatımı sayesinde mutfakta hiç de zorlanmayacaksınız.</p>
<p>Kısırın yanına <a href=""https://yemek.com/tarif/kek/"" target=""_blank"">kekler</a> ve <a href=""https://yemek.com/tarif/borek/"" target=""_blank"">börekler</a> de hazırsa, <strong>çay</strong> demlenmeden hazır olan bu çok <strong>pratik kısır tarifine</strong> öyleyse buyurunuz.</p>
",recipe,"['sıcak su', 'tuz', 'limon suyu', 'pul biber', 'maydanoz', 'zeytinyağı', 'domates salçası', 'ince bulgur', 'taze soğan', 'nar ekşisi', 'taze nane']","['Kısır tarifi için 2 su bardağı ince bulguru geniş bir kaseye alın. Üzerine 1,5 su bardağı sıcak suyu ekleyin.', 'Streç film ile üzerini kapatıp bulgurların şişmesini bekleyin. Yaklaşık 10-15 dakika bulgurlar şiştikten sonra tane tane olması için güzelce karıştırın.', 'Üzerine 2 yemek kaşığı domates salçası ve 1 çay bardağı zeytinyağını ekleyin.', '1 tatlı kaşığı tuz, 1 tatlı kaşığı pul biber, 2 limonun suyu ve yarım çay bardağı nar ekşisini de ekleyin.', 'Son olarak doğradığınız 6 dal taze soğanı, yarım demet taze nane ve maydanozu da ekleyip karıştırdıktan sonra kısır servise hazır.', 'Yanında marullarla ya da dilediğiniz malzemelerle servis edebilirsiniz. Afiyet olsun!']",SALATA,239b56,/tarif/salata/,"['Özel Beslenme', 'Vejetaryen', 'Atıştırmalık', 'Salata', 'Vegan', 'Video', 'Tuzlu Atıştırmalık']","['ara öğün', 'öğle yemeği', 'çay saati']","['Öğle Yemeği', 'Ara Öğün', 'Çay Saati']",,"['Ekonomik', 'Vejetaryen', 'Bol Lifli', 'Düşük Kalorili']",False,600,600,2022-03-18T13:30:13Z,4.0,3168559,10581,False,True,True,0,,0,,,,2014/07/kisir-yemekcom.jpg,0,0,https://cdn.yemek.com/mnresize/940/940/uploads/2014/07/kisir-yemekcom.jpg,940,940,False,https://cdn.yemek.com/mncrop/300/200/uploads/2014/07/kisir-yemekcom.jpg,300,200,True,https://cdn.yemek.com/mncrop/940/625/uploads/2014/07/kisir-yemekcom.jpg,940,625,True,https://cdn.yemek.com/mncrop/620/388/uploads/2014/07/kisir-yemekcom.jpg,620,388,True,https://cdn.yemek.com/mncrop/600/315/uploads/2014/07/kisir-yemekcom.jpg,600,315,True,"['vejetaryen', 'bol lifli', 'glutensiz']",,,,,
301,2586,Yasemin Özaltın,https://cdn.yemek.com/author/35533/20181219061403_avatar.jpg,/profil/yasemingursurer/,Puf Puf: Mayalı Poğaça,Mayalı Poğaça,/tarif/mayali-pogaca/,25 dk,20 dk,"<p>Fırından çıkmış sıcacık <strong>mayalı poğaça</strong> puf puf kabardıysa eğer insan önemsemez ki neli olduğunu... Mis gibi bir kahvaltılık olur, peynir ve diğer tüm <a href=""https://yemek.com/tarif/kahvaltiliklar/"" target=""_blank"" rel=""noopener"">kahvaltılıklar</a> yanına sonradan eklense de olur. <a href=""https://yemek.com/tarif/pogaca/"" target=""_blank"" rel=""noopener"">Poğaça tariflerinin</a> en nefislerinden mayalı poğaça tarifinde ne mi var? Yaş maya var bu poğaça tarifinde. Kendisi ılık su, ılık süt ve toz şekerle bir araya gelip bir güzel kabarıyor ve tüm poğaça hamuru istila ediyor sonrasında. Kabına sığmayan <a href=""https://yemek.com/tarif/yumusak-pogaca/"" target=""_blank"" rel=""noopener"">yumuşak poğaça</a>lar kabardıkça kabarıyor, size de onları afiyetle yemek düşüyor.</p>
<p>Ağzı kapalı bir kapta muhafaza edilirse kolay kolay da bayatlamaz mayalı poğaçalar.</p>
<p>Bu arada daha fazla yemek tarifi için: <a href=""https://yemek.com/tarif/"" target=""_blank"" rel=""noopener"">Yemek tarifleri</a></p>",recipe,"['tuz', 'yumurta', 'toz şeker', 'un', 'yumurta sarısı', 'ılık su', 'susam', 'ılık süt', 'yaş maya', 'sıvı yağ']","['<p>Mayalı poğaça için 1 su bardağı ılık su ve 1 su bardağı ılık sütü geniş bir karıştırma kabına alın. 1 paket yaş maya ve 4 yemek kaşığı toz şekeri ekleyip karıştırdıktan sonra mayanın aktive olması için 5 dakika kadar bekletin.</p>', '<p>Maya tamamen eridikten sonra 1 su bardağı sıvı yağ , 1 adet yumurta ve 2 çay kaşığı tuzu ekleyin.</p>', '<p>Unu azar azar ekleyip hamuru toparlanana kadar yoğurmaya başlayın.</p>', '<p>Yumuşak ve yapışmayacak bir kıvamda bir hamur elde ettiğiniz zaman üzerini streç film ve nemli bir bezle kapatıp 40-45 dakika kadar oda ısısında mayalanmaya bırakın.</p>', '<p>Mayalanan hamurdan yumurta büyüklüğünde parçalar kopartıp avuç içinizde yuvarlayarak şekil verin.</p>', '<p>Tepsiye aralıklı olarak dizdiğiniz mayalı hamurların üzerine yumurta sarısı sürün.</p>', '<p>Son mayalandırma işlemi için 10-15 dakika kadar poğaçaları tepside bekletin ve önceden ısıtılmış 190 derece fırında 20 dakika kadar pişirin. Puf puf kabarmış mayalı poğaçalar hazır, afiyet olsun!</p>']",POĞAÇA,239b56,/tarif/pogaca/,"['Hamur İşi', 'Kahvaltılık', 'Poğaça', 'Video']",,"['Kahvaltı', 'Çay Saati']",['Fırın'],['Ekonomik'],False,1500,1200,2015-05-26T07:17:00Z,4.0,2702715,10778,False,True,True,0,,0,,,,2015/05/mayali-pogaca-yemekcom.jpg,0,0,https://cdn.yemek.com/mnresize/940/940/uploads/2015/05/mayali-pogaca-yemekcom.jpg,940,940,False,https://cdn.yemek.com/mncrop/300/200/uploads/2015/05/mayali-pogaca-yemekcom.jpg,300,200,True,https://cdn.yemek.com/mncrop/940/625/uploads/2015/05/mayali-pogaca-yemekcom.jpg,940,625,True,https://cdn.yemek.com/mncrop/620/388/uploads/2015/05/mayali-pogaca-yemekcom.jpg,620,388,True,https://cdn.yemek.com/mncrop/600/315/uploads/2015/05/mayali-pogaca-yemekcom.jpg,600,315,True,,,,,,
302,3548,Yasemin Özaltın,https://cdn.yemek.com/author/35533/20181219061403_avatar.jpg,/profil/yasemingursurer/,Tül Gibi İncecik: Krep,Krep,/tarif/krep/,20 dk,5 dk,"<p>Krep, <a href=""https://yemek.com/tarif/"" target=""_blank"">yemek tarifleri</a> ve <a href=""https://yemek.com/tarif/kahvaltiliklar/"" target=""_blank"">kahvaltılık tarifler</a> içinde en çok sevilenlerden biri. Bu yüzden mutfağa yeni giren de kahvaltıya pratik lezzetler hazırlamak isteyen de krep tarifini, <a href=""https://yemek.com/krep-yapmanin-puf-noktalari/"" target=""_blank"">krep yapmanın püf noktaları</a>nı merak ediyor; krep hamuru ve krep malzemelerini hazırlayıp kahvaltılık kreple sevdiklerini mutlu etmek istiyor.</p>
<p>Eğer siz de ""Tavada sade krep nasıl yapılır?"" konusunda meraklıysanız, <strong>evde krep yapımının püf noktalar</strong>ını öğrenmek istiyorsanız en güzel krep tarifi için aşağıya bekleniyorsunuz. Krep tarifi videomuzu da izlemeyi unutmayın der, büyüklerimizden <a href=""https://yemek.com/tarif/akitma/"" target=""_blank"">akıtma</a> olarak öğrendiğimiz şimdilerde krep diye duymaya alışık olduğumuz tül inceliğinde bu hamur işini kahvaltılarınızdan, çay saatlerinden mahrum etmeyin deriz. Eğer <a href=""https://yemek.com/tarif/2-kisilik-krep/"" target=""_blank"">2 kişilik krep</a> nasıl yapılır diyorsanız da bu tarifi yarım ölçü olarak gönül rahatlıyla hazırlayabilirsiniz.</p>
<p><strong>Kolay krep tarifi</strong> ile gelsin muhteşem kahvaltılar, lezzetli tatlılar. Paylaştığımız <a href=""https://yemek.com/krep-tarifleri/"" target=""_blank"">krep tarifleri</a> ile artık mutfakta kimse sizi tutamaz!</p>
",recipe,"['tuz', 'yumurta', 'süt', 'un', 'su', 'sıvı yağ']","['Krep tarifi için öncelikle 1 su bardağı sütü bir kaba alın.', 'Üzerine 1 su bardağı suyu derin bir karıştırma kasesine alın.', '1 yemek kaşığı sıvı yağ,\xa0 2 adet yumurta ve 1 çay kaşığı tuzu da ekleyin.', 'Üzerine 6 yemek kaşığı unu ilave edip bir çırpıcı yardımıyla iyice karıştırın.Sonra pürüzsüz bir kıvam alana kadar çırpın ve 5 dakika dinlenmeye bırakın.', 'Hazırladığınız krep harcından küçük bir kepçe kadar doldurun. Hamuru yağladığınız kızgın tavaya dökün.', 'Hafifçe sallayarak hamurun ince bir şekilde tabanına yayılmasını sağlayın.Krepleri, orta ateşte göz göz olup, renk alana kadar arkalı önlü kızartın.', 'Aralarda teflon tavayı yağlayarak, krep hamuru bitene kadar aynı işlemi tekrarlayın.', 'Pişen krepleri servis tabağına alın. Soğutmadan krepleri sevdiklerinizle paylaşın.']",KAHVALTILIK,239b56,/tarif/kahvaltiliklar/,"['Kahvaltılık', 'Video']",['kahvaltı'],"['Kahvaltı', 'Çay Saati']",['Tava'],,False,1200,300,2022-03-10T14:32:12Z,4.0,2616215,9862,False,True,True,0,,0,,,,2015/10/krep-yemekcom.jpg,0,0,https://cdn.yemek.com/mnresize/940/940/uploads/2015/10/krep-yemekcom.jpg,940,940,False,https://cdn.yemek.com/mncrop/300/200/uploads/2015/10/krep-yemekcom.jpg,300,200,True,https://cdn.yemek.com/mncrop/940/625/uploads/2015/10/krep-yemekcom.jpg,940,625,True,https://cdn.yemek.com/mncrop/620/388/uploads/2015/10/krep-yemekcom.jpg,620,388,True,https://cdn.yemek.com/mncrop/600/315/uploads/2015/10/krep-yemekcom.jpg,600,315,True,,,,,,
303,123,Yasemin Özaltın,https://cdn.yemek.com/author/35533/20181219061403_avatar.jpg,/profil/yasemingursurer/,En İyi Kıvam Onda: Mercimek Çorbası,Mercimek Çorbası,/tarif/mercimek-corbasi/,50 dk,10 dk,"<p>Yaz kış demeden her mevsim, her zaman, her durumda elimizin gittiği tariftir <strong>mercimek çorbası tarifi.</strong> En çok sevilen çorbalardan biridir o! Bu yüzden zamansız çorbadır. Belki de bütün <a href=""https://yemek.com/tarif/"" target=""_blank"">yemek tarifleri</a> için böyledir.</p>
<p>Hatta <a href=""https://yemek.com/tarif/ezogelin-corbasi/"" target=""_blank"">ezogelin çorbasıyla</a> olan mücadelesini bir kenara koyarsanız, zamansız çorbaların en güzeli, en birincisi. Bunları söylüyoruz çünkü şimdiye kadar ""<strong>en güzel mercimek çorbası</strong>"" tarifini arayıp bulamadıysanız lezzetli ve pratik bu tencerede mercimek çorbası yapımı tam size göre!</p>
<p>Lafı uzatmadan ""Mercimek çorbası nasıl yapılır?"", ""<strong>Mercimek çorbası nasıl pişirilir?</strong>"" diye merak edenleri ev usulü mercimek çorbası tarifimize alalım. Adım adım resimli anlatımı ve videosuyla her eve mis gibi kokan, şifalı mercimek çorbasını davet edelim.</p>
<p>Afiyetler olsun diyelim, eğer sizin de kendinize özel <strong>mercimek çorbası pişirme yöntemleri</strong>niz varsa yorumlarda tüm okuyucularımızla paylaşmanızı isteyelim.</p>
<p>Not: ""Mercimek çorbası tamam da ben daha fazla çorba çeşidi de görmek istiyorum"" diyenleri şöyle alalım: <a href=""https://yemek.com/tarif/corba/"" target=""_blank"">Çorba Tarifleri</a>!</p>
",recipe,"['kuru soğan', 'tereyağı', 'sıcak su', 'tuz', 'ayçiçek yağı', 'un', 'patates', 'karabiber', 'kırmızı ya da sarı mercimek', 'havuç', 'kırmızı toz biber', 'sıvı yağ']","['Derin bir tencereye 3 yemek kaşığı sıvı yağ ekleyin. İri doğranmış 1 adet büyük soğanı sıvı yağ ile birlikte kavurun.', 'Kavrulan soğanlara 1 yemek kaşığı unu ekleyin ve kokusu çıkıp, renk alana kadar kavurma işlemini sürdürün.\xa0İri parçalar halinde doğradığınız birer adet havuç ve patatesi tencereye aktarıp karıştırmaya devam edin.', 'Tuz, karabiber ve bol suda yıkadıktan sonra suyunu süzdürdüğünüz\xa01,5 su bardağı mercimeği\xa0 de ilave edin ve son kez güzelce karıştırın.', '6 su bardağı sıcak suyu da tencereye ilave edin.', 'Ardından kapağını kapatın, patates ve havuçlar yumuşayana kadar ara ara karıştırarak 40 dakika kadar pişirin.', 'Çorba piştikten sonra pürüzsüz bir kıvam alması için; el blenderından geçirin. 5 dakika daha pişirdikten sonra ocaktan alın.', '3 yemek kaşığı sıvı yağ ve 2 yemek kaşığı tereyağını bir tavada kızdırın. Üzerine 1 tatlı kaşığı toz kırmızı biberi ekleyin ve 2 dakika yağı kızdırdıktan sonra ocaktan alın.', 'Çorbayı bir kaseye alın ve üzerine kızdırdığınız yağdan gezdirip servis edin.']",ÇORBA,,/tarif/corba/,"['Çorba', 'Ramazan', 'Video', 'Bakliyat']","['akşam yemeği', 'öğle yemeği']","['Başlangıç', 'Öğle Yemeği', 'Ara Öğün', 'Akşam Yemeği']",['Tencere'],"['Ekonomik', 'Vejetaryen', 'Bol Proteinli']",False,3000,600,2022-03-31T14:25:26Z,4.0,2607774,11074,False,True,True,0,,0,,,,2014/06/mercimek-corbasi-yemekcom.jpg,0,0,https://cdn.yemek.com/mnresize/940/940/uploads/2014/06/mercimek-corbasi-yemekcom.jpg,940,940,False,https://cdn.yemek.com/mncrop/300/200/uploads/2014/06/mercimek-corbasi-yemekcom.jpg,300,200,True,https://cdn.yemek.com/mncrop/940/625/uploads/2014/06/mercimek-corbasi-yemekcom.jpg,940,625,True,https://cdn.yemek.com/mncrop/620/388/uploads/2014/06/mercimek-corbasi-yemekcom.jpg,620,388,True,https://cdn.yemek.com/mncrop/600/315/uploads/2014/06/mercimek-corbasi-yemekcom.jpg,600,315,True,"['tencere', 'vejetaryen', 'bol lifli']",greenLight,,,,
304,118,Yasemin Özaltın,https://cdn.yemek.com/author/35533/20181219061403_avatar.jpg,/profil/yasemingursurer/,Orijinal Tarifi Burada: Domates Çorbası,Domates Çorbası,/tarif/domates-corbasi/,30 dk,30 dk,"<p>Havalar soğumaya başladı, yaz mevsimini hep birlikte uğurladık. Hafif hüzünlüyüz, ancak dumanı üzerinde tüten çorbalar içeceğimiz için de mutluyuz. En sevdiğiniz <a href=""https://yemek.com/tarif/corba/"" target=""_blank"">çorba</a> tarifi nedir? Bizim için <a href=""https://yemek.com/tarif/domates-corbasi/"" target=""_blank"">domates çorbasının</a> ayrı bir yeri var diyebiliriz. Bütün <a href=""https://yemek.com/tarif/"" target=""_blank"">yemek tarifleri</a>nin arasında yeri ayrı.</p>
<p>Hele ki dumanı üstünde ev yapımı domates çorbası yok mu..Gelin onu güzelleyelim bir parça. Domates çorbası tarifi kaşar peynirsiz olmaz. Bazen yerini krema alabilir ama domates çorbasını özel kılan ilk kaşıkla birlikte uzayıp giden kaşar peyniridir. Onu toparlaması ve sağa sola bulaştırmadan yenilmesi ayrı bir maceradır. <a href=""https://yemek.com/tarif/baharatli-kruton/"" target=""_blank"">Kızarmış ekmek dilimleri</a> hatta mümkünse <a href=""https://yemek.com/tarif/sarimsakli-ekmek/"" target=""_blank"">sarımsaklı ekmekler</a> çorbaya ayrı bir tat katar. Soğuk kış günlerinin keyfi böyle böyle çıkar.</p>
<p>Siz de bu <a href=""https://yemek.com/tarif/kolay-domates-corbasi/"" target=""_blank"">kolay domates çorbası</a> tarifiyle sevdiklerinizin içini ısıtabilir; onu sandığınızdan çok daha kolay ve pratik bir şekilde yapabilirsiniz. Şimdiden afiyet olsun!</p>
<p>&nbsp;</p>
",recipe,"['tereyağı', 'tuz', 'un', 'sıcak et suyu', 'sıcak süt', 'rendelenmiş kaşar peyniri', 'domates']","['Tereyağını tavada eritin.', 'Unu ekleyip kokusu çıkana kadar kısık ateşte kavurun.', 'Rendelenmiş domatesleri kavrulmuş un karışımına ekledikten sonra 5 dakika kadar pişirin.', 'Üzerine sıcak et suyunu ve tuzu ilave edin. Kesilmemesi için küçük bir cezvede ısıttığınız sütü azar azar ekleyip hızlıca karıştırın.', 'Çorbayı kaynayana kadar orta ateşte ardından da kısık ateşte 15 dakika kadar pişirin. Daha pürüzsüz bir kıvam alması için blenderdan geçirin. Servis kaselerine aldığınız çorbayı, rendelenmiş kaşar peynir ilavesiyle sıcak olarak servis edin.\xa0Afiyet olsun!']",ÇORBA,,/tarif/corba/,"['Çorba', 'Video', 'Mevsiminde']","['akşam yemeği', 'öğle yemeği']","['Öğle Yemeği', 'Akşam Yemeği']",['Tencere'],"['Ekonomik', 'Vejetaryen']",False,1800,1800,2022-03-18T15:00:23Z,4.0,2396278,8509,False,True,True,0,,0,,,,2022/03/domates-corbasi-sevgililer-gunu-gorsel.jpg,0,0,https://cdn.yemek.com/mnresize/940/940/uploads/2022/03/domates-corbasi-sevgililer-gunu-gorsel.jpg,940,940,False,https://cdn.yemek.com/mncrop/300/200/uploads/2022/03/domates-corbasi-sevgililer-gunu-gorsel.jpg,300,200,True,https://cdn.yemek.com/mncrop/940/625/uploads/2022/03/domates-corbasi-sevgililer-gunu-gorsel.jpg,940,625,True,https://cdn.yemek.com/mncrop/620/388/uploads/2022/03/domates-corbasi-sevgililer-gunu-gorsel.jpg,620,388,True,https://cdn.yemek.com/mncrop/600/315/uploads/2022/03/domates-corbasi-sevgililer-gunu-gorsel.jpg,600,315,True,['tencere'],greenLight,"['Haziran', 'Temmuz', 'Ağustos', 'Eylül']",,,
305,72,Yasemin Özaltın,https://cdn.yemek.com/author/35533/20181219061403_avatar.jpg,/profil/yasemingursurer/,En Gerçek Tarifiyle: Ezogelin Çorbası,Ezogelin Çorbası,/tarif/ezogelin-corbasi/,45 dk,15 dk,"<p>Türk mutfağına özgü, buram buram Anadolu kokan, binlerce yıllık bir <a href=""https://yemek.com/tarif/corba/"" target=""_blank"">çorba tarifiyle</a> karşınızdayız. <a href=""https://yemek.com/tarif/"" target=""_blank"">Yemek tarifleri</a> arasından seçtiğiniz ana yemek ne olursa olsun, ona mutlaka yakışacak olan ezogelin çorbasından bahsediyoruz. Siz de bu kolay ev yapımı ezogelin çorbasıyla sofralarınızı sıcacık yapabilirsiniz.</p>
<p>Ezogelin çorbası tarifi; yüksek oranda bereket içerir. Besleyicidir, lezzetlidir, pratiktir. Tüm bunların yanı sıra <a href=""https://yemek.com/tarif/mercimek-corbasi/"" target=""_blank"">mercimek çorbası</a> ile olan amansız rekabetiyle, bütün kebapçıların olmazsa olmaz çorbası olma özelliğini taşır. Hastalıklara karşı amansızca savaşır, siz iyi olun diye varını yolunu ortaya koyar. Tırnak pide ya da <a href=""https://yemek.com/tarif/bazlama/"" target=""_blank"">bazlama</a>yı çok sever.</p>
<p>Ezogelin çorbasını Türk mutfak tarihine kazandıran ve çorbaya adını veren Gaziantep’in Uruş (Dokuzyol) köyünde yaşamış olan Ezo Gelin’e şükranlarımızı sunarız. Merak edenler varsa ezogelin çorbasının hikayesi hemen şurada: <a href=""https://yemek.com/ezogelin-corbasinin-hikayesi/"" target=""_blank"">Hikayesi de Lezzeti Kadar Anadolu: Ezogelin Çorbasının Hikayesi</a></p>
<p>O zaman adım adım resimli ve videolu ezogelin çorbası yapılışı ve tarifi sizi bekler. <img src=""https://cdn.yemek.com/assets/images/smiley/wink.png"" class=""wp-smiley img-responsive"" /></p>
",recipe,"['kırmızı mercimek', 'pirinç', 'bulgur', 'kuru soğan', 'tereyağı', 'sıcak su', 'nane', 'tuz', 'limon suyu', 'pul biber', 'domates salçası']","['Sıcak suyu geniş bir tencerede kaynatın. Yıkayıp suyunu süzdürdüğünüz 2 çay bardağı kırmızı mercimeği tencereye aktarın.', '3 yemek kaşığı pirinci, 2 yemek kaşığı bulguru ve 1 tatlı kaşığı tuzu tencereye aktarın.', 'Yaklaşık 35 dakika, kırmızı mercimekler yumuşayana kadar pişirin.', 'Ayrı bir tavada 1 yemek kaşığı tereyağını eritin.', 'Üzerine 1 adet küp doğranmış kuru soğanı ekleyin ve kavurmaya başlayın.', 'Kavrulan soğanlara 1 tatlı kaşığı domates salçasını ekleyin.', '1 tatlı kaşığı naneyi ekleyip, 2 dakika daha kavurun.', 'Kavrulan sosunuzu ocaktan alın.', 'Bakliyatları kaynattığınız tencereye kavrulan salçalı soğan karışımı ekleyin.', 'Sonra hızlıca karıştırdığınız çorbayı 10 dakika daha pişirin.', 'Limon suyu ve pul biber ilavesiyle sıcak olarak servis edin.\xa0Afiyet olsun!']",ÇORBA,,/tarif/corba/,"['Çorba', 'Ramazan', 'Video']","['ekonomik', 'öğle yemeği']","['Öğle Yemeği', 'Ara Öğün', 'Akşam Yemeği']",['Tencere'],"['Ekonomik', 'Vejetaryen']",False,2700,900,2019-04-10T08:00:07Z,4.0,2061511,10279,False,True,True,0,,0,,,,2014/06/ezogelin-corbasi-yemekcom.jpg,0,0,https://cdn.yemek.com/mnresize/940/940/uploads/2014/06/ezogelin-corbasi-yemekcom.jpg,940,940,False,https://cdn.yemek.com/mncrop/300/200/uploads/2014/06/ezogelin-corbasi-yemekcom.jpg,300,200,True,https://cdn.yemek.com/mncrop/940/625/uploads/2014/06/ezogelin-corbasi-yemekcom.jpg,940,625,True,https://cdn.yemek.com/mncrop/620/388/uploads/2014/06/ezogelin-corbasi-yemekcom.jpg,620,388,True,https://cdn.yemek.com/mncrop/600/315/uploads/2014/06/ezogelin-corbasi-yemekcom.jpg,600,315,True,['tencere'],greenLight,,,,
306,247,Yasemin Özaltın,https://cdn.yemek.com/author/35533/20181219061403_avatar.jpg,/profil/yasemingursurer/,Tam Ölçülü: Pancake (Pankek),Pancake (Pankek),/tarif/pancake/,20 dk,20 dk,"<p>Bizim kültürümüzde <a href=""https://yemek.com/tarif/akitma/"" target=""_blank"">akıtma</a> ya da <a href=""https://yemek.com/tarif/krep"" target=""_blank"">krep</a> olarak bilinen hamur işinin biraz daha kalını ve kahvaltıların yıldızıdır pankek. Peynirli, zeytin ezmeli tuzlu çeşitleri yapılabileceği gibi çikolata kremalı ve meyveli çeşitlerini de aynı tarifle kolaylıkla hazırlayabilirsiniz. <a href=""https://yemek.com/tarif/kahvaltiliklar/"" target=""_blank"">Kahvaltılık tarif</a> aradığınızda eliniz bu tarife hemen gidecek.</p>
<p>Bu kahvaltılık <a href=""https://yemek.com/tarif/kolay-pankek/"" target=""_blank"">kolay pankek tarifi</a>nde pankek hamurunun nasıl yapılacağından <strong>tavada pankek yapmanın püf noktalarına</strong> kadar her şeyi bulabilecek, evde pankek yapımının tüm inceliklerini öğreneceksiniz.</p>
<p>Pancake tarifi gerçekten oldukça basit. Yumurta, un, kabartma tozu, toz şeker, süt, ayçiçek yağı gibi temel malzemeler içeriyor bu <strong>pratik hamur işi</strong>. Servis esnasında meyve dilimleri, eritilmiş çikolata çeşitleri, sosları oldukça yakışıyor. Akçaağaç şurubuyla da çok iyi gittiğini söylemeden geçmeyelim.</p>
<p>4 kişilik pankek nasıl yapılır diyenler için adım adım resimli ve videolu pancake tarifiyle en güzel pankekler hep sizin mutfaktan çıkacak! <img src=""https://cdn.yemek.com/assets/images/smiley/smile.png"" class=""wp-smiley img-responsive"" /></p>
",recipe,"['tuz', 'yumurta', 'toz şeker', 'ayçiçek yağı', 'ayçiçek yağı', 'süt', 'un', 'kabartma tozu', 'bal', 'vanilin']","['Pankek tarifi için derin bir karıştırma kabında 2 yumurta ve yarım su bardağı şekeri alın.', 'Şeker eriyene ve karışım krema kıvamını alana kadar\xa0çırpın.', 'Yumurtalı karışımın üzerine, 2 yemek kaşığı sıvı yağ ve 1,5 su bardağı sütü de koyup tekrar çırpın.', '2 su bardağı un, 1 paket kabartma tozu, 1 paket vanilin ve bir tutam tuzu da eleyerek karışımın içerisine ekleyin.', 'Pürüzsüz bir kıvam alana kadar çırpın.', 'İlk pankeki pişirmek için; krep tavasını ayçiçek yağı ile yağlayın. Kızdırdığınız tavaya küçük bir kepçe ya da bir kahve fincanı kadar pankek harcını aktarın.', 'Ocağın altını kısın. Pankeki, üzeri göz göz olana kadar pişirin. Bir spatula yardımıyla çevirdiğiniz pankekin diğer tarafını da aynı şekilde pişirin.', 'Krep tavasını arada yağlayarak pankek harcı bitene kadar aynı işlemi tekrarlayın.', 'Servis tabağına aldığınız pankeklerin üzerine tereyağı koyup bal gezdirebilirsiniz, afiyet olsun.']",KAHVALTILIK,239b56,/tarif/kahvaltiliklar/,"['Kahvaltılık', 'Video']","['kahvaltı', 'çay saati']","['Kahvaltı', 'Çay Saati']",['Tava'],"['Ekonomik', 'Vejetaryen']",False,1200,1200,2022-03-10T07:30:22Z,4.0,2051860,12838,False,True,True,0,,0,,,,2014/07/pancake-yemekcom.jpg,0,0,https://cdn.yemek.com/mnresize/940/940/uploads/2014/07/pancake-yemekcom.jpg,940,940,False,https://cdn.yemek.com/mncrop/300/200/uploads/2014/07/pancake-yemekcom.jpg,300,200,True,https://cdn.yemek.com/mncrop/940/625/uploads/2014/07/pancake-yemekcom.jpg,940,625,True,https://cdn.yemek.com/mncrop/620/388/uploads/2014/07/pancake-yemekcom.jpg,620,388,True,https://cdn.yemek.com/mncrop/600/315/uploads/2014/07/pancake-yemekcom.jpg,600,315,True,,,,['Amerika Birleşik Devletleri'],,
307,188,Yasemin Özaltın,https://cdn.yemek.com/author/35533/20181219061403_avatar.jpg,/profil/yasemingursurer/,"Kabardıkça Kabarır, Şerbetini Tam Çeker: Revani",Revani,/tarif/revani/,30 dk,35 dk,"<p>Bugün akşam yemeğine en lezzetli <a href=""https://yemek.com/ramazan-tatlilari/"" target=""_blank"">ramazan tatlılarından</a> biri olan revaniyi koyacağız. Revani tarifini uygularken bir yandan saray mutfağının bize Osmanlı'dan kalan en yadigar şeylerden biri olduğunu hatırlayacağız. Yaptığımız <a href=""https://yemek.com/tarif/"" target=""_blank"">yemek tariflerine</a> tatlı olarak onu çok yakıştıracağız. <a href=""https://yemek.com/tarif/tatli/"" target=""_blank"">Tatlı tariflerinin</a> arasında en çok sevdiklerimiz arasına ekleyeceğiz.</p>
<p>Klasik revaniyi evde pratik bir şekilde yapabilmek mümkün aslında. <strong>""Revani tatlısı nasıl yapılır""</strong> sorusunun hemen aşağıda adım adım resimli cevabını bulabileceğiniz nefis irmikli ve tam ölçülü evde kolay <a href=""https://yemek.com/tarif/muhallebili-revani/"" target=""_blank"">revani</a> yapımı tarifimizin bir püf noktası var bilinmesi gereken: Tahmin edeceğiniz gibi <a href=""https://yemek.com/tarif/serbetli-tatlilar/"" target=""_blank"">şerbetli tatlılardan</a> revaninin kıvamı önemli, onu da bir kaşık yardımıyla alacağınız şerbeti parmağınıza damlatıp, damlanın yayılıp yayılmadığını görerek anlayabilirsiniz. Eğer şerbet damlası yayılmıyorsa kıvamı tutmuş, revani yapımı için hazır hale gelmiş demektir. Böylelikle <strong>""Revani şerbeti nasıl dökülür, revani şerbeti nasıl olmalı?""</strong> sorusunun cevabını merak edenleri de rahatlatmış olduk.</p>
<p>Şerbetin yoğunluğu ile kekinin kabarıklığı için düşündüğümüz revani yapımı püf noktalarını tarif kısmında bulabilirsiniz. <a href=""https://yemek.com/revani-tarifleri/"" target=""_blank"">Farklı revani tarifleri</a> ve çok sevilen <a href=""https://yemek.com/tarif/hashasli-revani/"" target=""_blank"">haşhaşlı revani</a> tarifimizi de şöyle bırakalım.</p>
<p>O halde lafı daha fazla uzatmayalım, sizi en güzel revani tarifiyle baş başa bırakalım.</p>
",recipe,"['limon suyu', 'yumurta', 'toz şeker', 'toz şeker', 'ayçiçek yağı', 'un', 'kabartma tozu', 'su', 'yoğurt', 'irmik', 'rendelenmiş Hindistan cevizi', 'vanilin']","['Tatlının şerbetini hazırlamak için;\xa03 su bardağı su ve 2,5 su bardağı toz şekeri\xa0bir tencereye aktarın.', 'Kısık ateşte yaklaşık 30 dakika kadar kaynattıktan sonra limon suyunu ekleyin ve ılınması için ocaktan alın.', '3 yumurta bir kabın içerisine aktarın.', 'Üzerine 1 çay bardağı toz şekeri bir mikser yardımıyla toz şeker tamamen eriyene kadar karıştırın.', '1 çay bardağı ayçiçek yağı, 1 su bardağı yoğurt ve 1 su bardağı irmiği de ekledikten sonra tekrar karıştırın.', 'Son olarak 1,5 su bardağı\xa0un, 1 paket kabartma tozu ve 1 paket vanilini de karışıma ekledikten sonra çırpma işlemini sürdürün.', 'Yağlanmış fırına dayanıklı kalıbın içerisine hazırladığınız revani karışımını dökün.', 'Önceden ısıtılmış 180 derece fırında\xa025-30 dakika kadar pişirin.\xa0Fırından çıkardığınız revaninin ilk sıcaklığı geçtikten sonra oda sıcaklığında soğumuş şerbeti üzerine dökün ve şerbeti çekene kadar yaklaşık 1-2 saat bekleyin.', 'Ardından bıçak yardımıyla revaniyi dilimleyin.', 'Dilimlediğiniz ılık tatlıya rendelenmiş Hindistan cevizi serpiştirip servis edin. Afiyet olsun!']",ŞERBETLİ TATLI,239b56,/tarif/serbetli-tatlilar/,"['Tatlı', 'Şerbetli Tatlı', 'Ramazan', 'Video']","['ekonomik', 'çay saati']",['Çay Saati'],"['Fırın', 'Tencere']",,False,1800,2100,2022-04-20T11:00:29Z,4.0,2029239,5485,False,True,True,0,,0,,,,2014/06/revani-yemekcom.jpg,0,0,https://cdn.yemek.com/mnresize/940/940/uploads/2014/06/revani-yemekcom.jpg,940,940,False,https://cdn.yemek.com/mncrop/300/200/uploads/2014/06/revani-yemekcom.jpg,300,200,True,https://cdn.yemek.com/mncrop/940/625/uploads/2014/06/revani-yemekcom.jpg,940,625,True,https://cdn.yemek.com/mncrop/620/388/uploads/2014/06/revani-yemekcom.jpg,620,388,True,https://cdn.yemek.com/mncrop/600/315/uploads/2014/06/revani-yemekcom.jpg,600,315,True,,,,,,
308,2744,Cemre Özgüzel,https://cdn.yemek.com/author/109/20200211010242_avatar.jpg,/profil/cemre-ozguzel/,Az Malzemeyle Mükemmel Kıvam: Muhallebi,Muhallebi,/tarif/muhallebi/,15 dk,5 dk,"<p>Çocukluğumuzdan beri damağımızın alışık olduğu bir <a href=""https://yemek.com/tarif/tatli/"" target=""_blank"">tatlı tarifi</a> muhallebi. <strong>Pirinç unuyla hazırlanan muhallebi tarifler</strong>i olsa da kıvamı nişastayla bağlandığında bir o kadar güzel olur tadı. Öylesine yalın ve naif bir tattır ki kuru yemişler, çikolata ve çeşitli meyve sosları eşliğinde farklı tariflere bürünür.</p>
<p>Yaz sıcağına yakışır muhallebi tatlısı, keyfi kaşıklanır. Üzerine toz tarçınla yapabileceğiniz süslemelerle de saygı uyandırır. Başarıyla uygulanmış bir sütlü muhallebi tarifini tamamlayıcı nitelikte olan bu süslemeler ise tamamen sizin yaratıcılığınıza kalmış. <a href=""https://yemek.com/tarif/sutlu-tatlilar/"" target=""_blank"">Sütlü tatlıların </a>en kolay ve ekonomiği olan <strong>muhallebi tarifi</strong>mizle keyif dolu dakikalar yaşayabilirsiniz.</p>
<p>Biz sade muhallebi hazırladık ama diğer muhallebi çeşitleri için sizi şu tariflerimize de bekleriz: <a href=""https://yemek.com/muhallebi-tarifleri/"" target=""_blank"">Sıcak Yaz Günlerinde Midenizi Yormayarak Sizi Mutlu Edecek 17 Muhallebi Tarifi</a></p>
<p>En güzel muhallebinin sizin elinizden çıkmasını sağlayacak olan bu tarifi ister bardakta, ister kupta, ister fincanda servis edebilirsiniz. Hazırsanız pratik ve <a href=""https://yemek.com/tarif/kolay-muhallebi/"" target=""_blank"">kolay muhallebi</a> tarifimizle başbaşa bırakalım sizi.</p>
",recipe,"['tereyağı', 'toz şeker', 'süt', 'un', 'toz Antep fıstığı', 'buğday nişastası', 'muz', 'vanilin']","['5\xa0su bardağı soğuk sütü geniş bir tencereye aktarın.\xa0Yarım çay bardağı un, 3 yemek kaşığı buğday nişastası ve 1 su bardağı toz şekeri ilave ettikten sonra ocağın altını açın.', 'Ara ara karıştırarak koyu bir kıvam alana kadar pişirin.', 'Kıvam alan muhallebinin altını kapatın.', 'Henüz sıcakken içerisine\xa01 tatlı kaşığı tereyağı ve 1 paket vanilin ilave ederek çırpın.', 'Ardından servis kaselerine paylaştırın ve soğutun.', 'Antep fıstığıyla süsleyip tatlandırdığınız muhallebileri soğuk olarak sevdiklerinizle paylaşın.']",SÜTLÜ TATLI,239b56,/tarif/sutlu-tatlilar/,"['Tatlı', 'Ramazan', 'Sütlü Tatlı', 'Video']","['pratik yemek tarifleri', 'çay saati']",['Çay Saati'],['Tencere'],['Ekonomik'],False,900,300,2019-04-04T08:57:18Z,4.0,1868226,4584,False,True,True,0,,0,,,,2015/06/muhallebi-yemekcom.jpg,0,0,https://cdn.yemek.com/mnresize/940/940/uploads/2015/06/muhallebi-yemekcom.jpg,940,940,False,https://cdn.yemek.com/mncrop/300/200/uploads/2015/06/muhallebi-yemekcom.jpg,300,200,True,https://cdn.yemek.com/mncrop/940/625/uploads/2015/06/muhallebi-yemekcom.jpg,940,625,True,https://cdn.yemek.com/mncrop/620/388/uploads/2015/06/muhallebi-yemekcom.jpg,620,388,True,https://cdn.yemek.com/mncrop/600/315/uploads/2015/06/muhallebi-yemekcom.jpg,600,315,True,,,,,,
309,4172,ipeksare,https://cdn.yemek.com/author/262494/20200820091315_avatar.jpg,/profil/ipeksare/,Tane Tane Dökülür: Pirinç Pilavı,Pirinç Pilavı,/tarif/pirinc-pilavi/,20 dk,15 dk,"<p>Türlü türlü <a href=""https://yemek.com/tarif/"" target=""_blank"">yemek tariflerini</a> tamamlayan, <a href=""https://yemek.com/tarif/kuru-fasulye/"" target=""_blank"">kuru fasulye</a>-turşu ikilisine komşu olan, bir dönem yoğurtla takılan, <a href=""https://yemek.com/tarif/anne-koftesi/"" target=""_blank"">köfte patates</a> sevdalısı pilav... Kaşıktan tel tel dökülen pilav... Aromatik sebze ve kuru baharatlarla ev yapımı tavuk suyunuzu kendiniz hazırlayın bir güzel, ortalama pirinç çeşitlerine göre bir ölçü pirince bir buçuk ölçü su kullanacağınızı düşünün.</p>
<p>Yanma derecesini yükseltmek için tereyağını az miktarda ayçiçek yağıyla kavurun. Az miktarda arpa ya da tel şehriyeyi kavurup berrak su çıkana kadar duruladığınız pirinçleri pilav tenceresine alın. Şeffaf bir renk alana kavurup sıcak tavuk suyunu ekleyin. Tuzla tatlandırın, taze sıkılmış limon suyu, kesme şeker gibi unsurları küçük püf noktaları olarak değerlendirin pilav tarifinde. ""Pilavın tane tane olması için ne yapılır?"" diye soruyorsanız da size nefis önerilerimiz var: <a href=""https://yemek.com/pilav-nasil-yapilir/"" target=""_blank"">Tane Tane Dökülen Ev Yapımı Pilavlar İçin Demini Almış 5 Öneri</a></p>
<p>Pilavı yiyip de hemen kaçmayın, yorum bırakmayı unutmayın, yaptığınız bir değişiklik varsa bizlerle de paylaşın. Şimdiden ellerinize sağlık diyor tane tane dökülen pirinç pilavı tarifimize buyurun.</p>
<p>Farklı pilav tarifleri içinse sizi <a href=""https://yemek.com/tarif/pilav/"" target=""_blank"">şöyle</a> alalım. <img src=""https://cdn.yemek.com/assets/images/smiley/smile.png"" class=""wp-smiley img-responsive"" /></p>
",recipe,"['pirinç', 'tereyağı', 'sıcak su', 'tuz', 'karabiber']","['Uygun bir pilav tenceresinin içerisine tereyağı ekleyin.', 'Tereyağı eridikten sonra pirinçleri ekleyip kavurmaya başlayın. Pirinçler tane tane dökülmeye başlayana kadar yaklaşık 5 dakika kavurun.', 'Sıcak suyu ekleyin, tuzu ve karabiberi de ilave edin.', 'Bir kez karıştırın, kapağını kapatın ve kısık ateşte pişirin.', 'Suyunu çeken pilavın üzerine bir bez koyun ve demlenmesi için dinlendirin.', 'Biraz et ya da tavuk ile servis edebilirsiniz. Afiyet olsun!']",PİLAV,239b56,/tarif/pilav/,"['Pilav', 'Video']","['ekonomik', 'akşam yemeği', 'öğle yemeği']","['Öğle Yemeği', 'Akşam Yemeği']",['Tencere'],['Ekonomik'],False,1200,900,2020-09-02T06:35:37Z,4.0,1783014,2538,False,True,True,0,,0,,,,2020/09/pirinc-pilavi-yemekcom.jpg,0,0,https://cdn.yemek.com/mnresize/940/940/uploads/2020/09/pirinc-pilavi-yemekcom.jpg,940,940,False,https://cdn.yemek.com/mncrop/300/200/uploads/2020/09/pirinc-pilavi-yemekcom.jpg,300,200,True,https://cdn.yemek.com/mncrop/940/625/uploads/2020/09/pirinc-pilavi-yemekcom.jpg,940,625,True,https://cdn.yemek.com/mncrop/620/388/uploads/2020/09/pirinc-pilavi-yemekcom.jpg,620,388,True,https://cdn.yemek.com/mncrop/600/315/uploads/2020/09/pirinc-pilavi-yemekcom.jpg,600,315,True,['tencere'],,,,,
310,313,Yasemin Özaltın,https://cdn.yemek.com/author/35533/20181219061403_avatar.jpg,/profil/yasemingursurer/,Yağ Çekmeden Pişer: Mücver,Mücver,/tarif/mucver/,15 dk,15 dk,"<p>Türk mutfağının, mutfağımıza ait tüm <a href=""https://yemek.com/tarif/"" target=""_blank"" rel=""noopener"">yemek tariflerinin</a> uzağında ama çok sevilen kuzeni ya da teyzesidir mücver tarifi. Her öğün göremezsin, her akşam yemezsin, yiyemezsin. Ancak her gördüğünde mutlu olursun; daha çok görmek istersin. Özeldir, yeri ayrıdır. Herkes güzelini yapamaz.</p>
<p>Arzu ettiğiniz yeşillik, patates, havuç hatta kereviz gibi <a href=""https://yemek.com/tarif/sebze/"" target=""_blank"" rel=""noopener"">sebze</a>leri de ekleyerek hazırlayabileceğiniz bir <a href=""https://yemek.com/tarif/atistirmaliklar/"" target=""_blank"" rel=""noopener"">atıştırmalık</a>, kolay mücver tarifimiz var. Ne güzel olur <strong>kabak mücveri</strong>, küçük püf noktaları vardır onun. Çok fazla yağ çekmemesi için yağı önceden kızdırmalı, rendelenmiş sebzelerin suyunu sıkmalı, sebzelerin taze olmasına dikkat etmeli örneğin.</p>
<p>Anne eli değmiş mücver, bu tarifte biraz daha renk kazanıyor. Yeşillik ve kabakların yanına havuç da katılıyor. Ana yemeğiniz ne olursa olsun bugün sofranızda <strong>kızarmış çıtır mücverler</strong> de yer alsın bizce.</p>
<p>Daha fazla mücver çeşidi görmek isteyenleri ise şöyle alabiliriz: <a href=""https://yemek.com/mucver-tarifleri/"" target=""_blank"" rel=""noopener"">Mücver Tarifleri</a></p>
<p>Kızartmalardan uzak duruyorsanız sizi fırında kabak mücveri tarifimize şuradan davet edelim: <a href=""https://yemek.com/tarif/firinda-mucver/"" target=""_blank"" rel=""noopener"">Fırında Mücver Tarifi, Nasıl Yapılır?</a></p>
<p>Videolu tarifimize aşağıya bırakıyoruz. Keyfini çıkarmanız dileğiyle!</p>",recipe,"['tuz', 'yumurta', 'un', 'karabiber', 'havuç', 'taze soğan', 'kabak', 'dereotu', 'sıvı yağ']","['<p>Mücver için bol suda yıkadığınız kabakları rendenin\xa0iri kısmıyla rendeleyin.\xa0Mücveri sulandırmaması için; rendelenmiş kabakların suyunu sıkarak çıkartın.</p>', '<p>Geniş bir kapta rendelenen kabakları, havucu, yumurtayı, taze soğanı, dereotunu, tuzu, karabiberi birleştirin.</p>', '<p>Unu da ilave edip tüm malzemeler birbiriyle harmanlayın.</p>', '<p>Tüm malzemeler macun kıvamını alana kadar spatula yardımıyla karıştırın.</p>', '<p>Her bir mücver 1 tepeleme yemek kaşığı olacak şekilde ayarlayıp tavaya dökün.</p>', '<p>Kızgın yağda altın sarısı rengini alana kadar kızartın. Mücverlerin fazla yağını havlu kağıda süzdürdükten sonra servis tabağına alın ve çırpılmış yoğurt ile servis edin. Afiyet olsun!</p>']",SEBZE,239b56,/tarif/sebze/,"['Sebze', 'Özel Beslenme', 'Vejetaryen', 'Video', 'Kızartma', 'Mevsiminde']",,['Çay Saati'],['Kızartma'],"['Ekonomik', 'Vejetaryen']",False,900,900,2021-11-09T03:30:59Z,4.0,1738171,11618,False,True,True,0,,0,,,,2014/07/mucver-ytk-site.jpg,0,0,https://cdn.yemek.com/mnresize/940/940/uploads/2014/07/mucver-ytk-site.jpg,940,940,False,https://cdn.yemek.com/mncrop/300/200/uploads/2014/07/mucver-ytk-site.jpg,300,200,True,https://cdn.yemek.com/mncrop/940/625/uploads/2014/07/mucver-ytk-site.jpg,940,625,True,https://cdn.yemek.com/mncrop/620/388/uploads/2014/07/mucver-ytk-site.jpg,620,388,True,https://cdn.yemek.com/mncrop/600/315/uploads/2014/07/mucver-ytk-site.jpg,600,315,True,,,"['Haziran', 'Temmuz', 'Ağustos']",,,
311,272,Neşe Ümit Tan,https://cdn.yemek.com/author/208653/20190910030615_avatar.jpg,/profil/neseumit/,Tam Kıvamında: Sütlaç,Sütlaç,/tarif/sutlac/,31 dk,5 dk,"<p><a href=""https://yemek.com/tarif/"" target=""_blank"">Yemek tariflerinin</a> en tatlı, en sevilen ismi, <a href=""https://yemek.com/tarif/sutlu-tatlilar/"" target=""_blank"">sütlü tatlılar</a>ın en besleyicisi, pirincin en güzel halidir sütlaç tarifi. Tencerede kıvam aldıktan sonra ısıya dayanıklı toprak kaplara paylaştırılıp fırında kızaran hali <a href=""https://yemek.com/tarif/firin-sutlac/"" target=""_blank"">fırın sütlaç</a> ismini alır. Çocukluk yıllarından aşina olduğumuz besleyici bir tatlıdır. <a href=""https://yemek.com/"" target=""_blank"">Tarifler</a> içinde özellikle sütlü tatlıların ve <a href=""https://yemek.com/tarif/tatli/"" target=""_blank"">tatlı tariflerinin</a> en şahanesidir!</p>
<p>Ev yapımı sütlacı tam kıvamında ve tam ölçülü yapmak için birkaç püf noktasına ihtiyacınız var. Klasik sütlaçtan vazgeçemeyenlerin evde nefis <a href=""https://yemek.com/tarif/firin-sutlac/"" target=""_blank"">fırın sütlaçlar</a> yapmasını sağlayacak olan ve en güzel sütlaç tarifine ulaşmanızı sağlayacak bu tarifi bir köşeye not edin deriz. <a href=""https://yemek.com/tarif/sutlu-tatlilar/"" target=""_blank"">Sütlü tatlıların</a> en güzeli, <a href=""https://yemek.com/ramazan-tatlilari/"" target=""_blank"">ramazan için tatlılardan</a> <strong>en hafif sütlaç tarifi</strong> karşınızda!</p>
",recipe,"['pirinç', 'sıcak su', 'toz şeker', 'süt', 'su', 'buğday nişastası']","['Sadece bir kez sudan geçirerek yıkadığınız\xa0pirinci tencereye alın ve\xa02 su bardağı sıcak suyu ekleyerek kısık ateşte pişirmeye başlayın. Bu sırada ara ara nazikçe karıştırın.', 'Pirinç, suyu çekip lapa hale gelince üzerine sütü ilave edin. Karıştırın ve\xa0süt kaynayana kadar ara ara karıştırmaya devam edin. Kaynadıktan sonra altını kısın, 8-10 dakika daha bu şekilde karıştırarak kısık ateşte pişirin.', 'Ardından şekeri ekleyin, karıştırın. Tekrar kaynamasını bekleyin ve 4-5 dakika daha da kısık ateşte bu şekilde kaynatın.', 'Nişastayı eklemek için bir kabın içerisine alın, 1 çay bardağı suyla karıştırın.', 'Aynı anda hem karıştırıp hem tencereye ekleyin. Azar azar dökerek eklerseniz topaklanma riskini de engellemiş olursunuz.\xa0Karıştırdıktan sonra hafifçe kıvam alana kadar pişirin. Bu sırada tekrar kaynayacak ve minik minik balonların yüzeye ulaştığını göreceksiniz, bunu gördükten sonra kısık ateşe alıp 1-2 dakika daha pişirin ve ardından ocaktan alın.', 'Bu noktada sütlacın kıvamı akışkan bir boza kıvamında olmalıdır.\xa0Sütlaç harcını bir kepçeyle kaselere dağıtın.', 'Oda sıcaklığında soğuduktan\xa0sonra buzdolabında en az 2 saat, tercihen 1 akşam kadar bekletin ve servis etmeden önce buzdolabından çıkarıp 5 dakika bekletin, tarçın serperek servis edin.', 'Afiyet olsun!']",SÜTLÜ TATLI,239b56,/tarif/sutlu-tatlilar/,"['Tatlı', 'Ramazan', 'Sütlü Tatlı', 'Video']",['çay saati'],['Çay Saati'],['Tencere'],,False,1860,300,2022-03-11T07:15:20Z,4.0,1693684,4171,False,True,True,0,,0,,,,2019/05/sutlac-guncelleme-sunum-1.jpg,0,0,https://cdn.yemek.com/mnresize/940/940/uploads/2019/05/sutlac-guncelleme-sunum-1.jpg,940,940,False,https://cdn.yemek.com/mncrop/300/200/uploads/2019/05/sutlac-guncelleme-sunum-1.jpg,300,200,True,https://cdn.yemek.com/mncrop/940/625/uploads/2019/05/sutlac-guncelleme-sunum-1.jpg,940,625,True,https://cdn.yemek.com/mncrop/620/388/uploads/2019/05/sutlac-guncelleme-sunum-1.jpg,620,388,True,https://cdn.yemek.com/mncrop/600/315/uploads/2019/05/sutlac-guncelleme-sunum-1.jpg,600,315,True,,,,,,
312,2586,Yasemin Özaltın,https://cdn.yemek.com/author/35533/20181219061403_avatar.jpg,/profil/yasemingursurer/,Puf Puf: Mayalı Poğaça,Mayalı Poğaça,/tarif/mayali-pogaca/,25 dk,20 dk,"<p>Fırından çıkmış sıcacık <strong>mayalı poğaça</strong> puf puf kabardıysa eğer insan önemsemez ki neli olduğunu... Mis gibi bir kahvaltılık olur, peynir ve diğer tüm <a href=""https://yemek.com/tarif/kahvaltiliklar/"" target=""_blank"" rel=""noopener"">kahvaltılıklar</a> yanına sonradan eklense de olur. <a href=""https://yemek.com/tarif/pogaca/"" target=""_blank"" rel=""noopener"">Poğaça tariflerinin</a> en nefislerinden mayalı poğaça tarifinde ne mi var? Yaş maya var bu poğaça tarifinde. Kendisi ılık su, ılık süt ve toz şekerle bir araya gelip bir güzel kabarıyor ve tüm poğaça hamuru istila ediyor sonrasında. Kabına sığmayan <a href=""https://yemek.com/tarif/yumusak-pogaca/"" target=""_blank"" rel=""noopener"">yumuşak poğaça</a>lar kabardıkça kabarıyor, size de onları afiyetle yemek düşüyor.</p>
<p>Ağzı kapalı bir kapta muhafaza edilirse kolay kolay da bayatlamaz mayalı poğaçalar.</p>
<p>Bu arada daha fazla yemek tarifi için: <a href=""https://yemek.com/tarif/"" target=""_blank"" rel=""noopener"">Yemek tarifleri</a></p>",recipe,"['tuz', 'yumurta', 'toz şeker', 'un', 'yumurta sarısı', 'ılık su', 'susam', 'ılık süt', 'yaş maya', 'sıvı yağ']","['<p>Mayalı poğaça için 1 su bardağı ılık su ve 1 su bardağı ılık sütü geniş bir karıştırma kabına alın. 1 paket yaş maya ve 4 yemek kaşığı toz şekeri ekleyip karıştırdıktan sonra mayanın aktive olması için 5 dakika kadar bekletin.</p>', '<p>Maya tamamen eridikten sonra 1 su bardağı sıvı yağ , 1 adet yumurta ve 2 çay kaşığı tuzu ekleyin.</p>', '<p>Unu azar azar ekleyip hamuru toparlanana kadar yoğurmaya başlayın.</p>', '<p>Yumuşak ve yapışmayacak bir kıvamda bir hamur elde ettiğiniz zaman üzerini streç film ve nemli bir bezle kapatıp 40-45 dakika kadar oda ısısında mayalanmaya bırakın.</p>', '<p>Mayalanan hamurdan yumurta büyüklüğünde parçalar kopartıp avuç içinizde yuvarlayarak şekil verin.</p>', '<p>Tepsiye aralıklı olarak dizdiğiniz mayalı hamurların üzerine yumurta sarısı sürün.</p>', '<p>Son mayalandırma işlemi için 10-15 dakika kadar poğaçaları tepside bekletin ve önceden ısıtılmış 190 derece fırında 20 dakika kadar pişirin. Puf puf kabarmış mayalı poğaçalar hazır, afiyet olsun!</p>']",POĞAÇA,239b56,/tarif/pogaca/,"['Hamur İşi', 'Kahvaltılık', 'Poğaça', 'Video']",,"['Kahvaltı', 'Çay Saati']",['Fırın'],['Ekonomik'],False,1500,1200,2015-05-26T07:17:00Z,4.0,2702715,10778,False,True,True,0,,0,,,,2015/05/mayali-pogaca-yemekcom.jpg,0,0,https://cdn.yemek.com/mnresize/940/940/uploads/2015/05/mayali-pogaca-yemekcom.jpg,940,940,False,https://cdn.yemek.com/mncrop/300/200/uploads/2015/05/mayali-pogaca-yemekcom.jpg,300,200,True,https://cdn.yemek.com/mncrop/940/625/uploads/2015/05/mayali-pogaca-yemekcom.jpg,940,625,True,https://cdn.yemek.com/mncrop/620/388/uploads/2015/05/mayali-pogaca-yemekcom.jpg,620,388,True,https://cdn.yemek.com/mncrop/600/315/uploads/2015/05/mayali-pogaca-yemekcom.jpg,600,315,True,,,,,,
313,3548,Yasemin Özaltın,https://cdn.yemek.com/author/35533/20181219061403_avatar.jpg,/profil/yasemingursurer/,Tül Gibi İncecik: Krep,Krep,/tarif/krep/,20 dk,5 dk,"<p>Krep, <a href=""https://yemek.com/tarif/"" target=""_blank"">yemek tarifleri</a> ve <a href=""https://yemek.com/tarif/kahvaltiliklar/"" target=""_blank"">kahvaltılık tarifler</a> içinde en çok sevilenlerden biri. Bu yüzden mutfağa yeni giren de kahvaltıya pratik lezzetler hazırlamak isteyen de krep tarifini, <a href=""https://yemek.com/krep-yapmanin-puf-noktalari/"" target=""_blank"">krep yapmanın püf noktaları</a>nı merak ediyor; krep hamuru ve krep malzemelerini hazırlayıp kahvaltılık kreple sevdiklerini mutlu etmek istiyor.</p>
<p>Eğer siz de ""Tavada sade krep nasıl yapılır?"" konusunda meraklıysanız, <strong>evde krep yapımının püf noktalar</strong>ını öğrenmek istiyorsanız en güzel krep tarifi için aşağıya bekleniyorsunuz. Krep tarifi videomuzu da izlemeyi unutmayın der, büyüklerimizden <a href=""https://yemek.com/tarif/akitma/"" target=""_blank"">akıtma</a> olarak öğrendiğimiz şimdilerde krep diye duymaya alışık olduğumuz tül inceliğinde bu hamur işini kahvaltılarınızdan, çay saatlerinden mahrum etmeyin deriz. Eğer <a href=""https://yemek.com/tarif/2-kisilik-krep/"" target=""_blank"">2 kişilik krep</a> nasıl yapılır diyorsanız da bu tarifi yarım ölçü olarak gönül rahatlıyla hazırlayabilirsiniz.</p>
<p><strong>Kolay krep tarifi</strong> ile gelsin muhteşem kahvaltılar, lezzetli tatlılar. Paylaştığımız <a href=""https://yemek.com/krep-tarifleri/"" target=""_blank"">krep tarifleri</a> ile artık mutfakta kimse sizi tutamaz!</p>
",recipe,"['tuz', 'yumurta', 'süt', 'un', 'su', 'sıvı yağ']","['Krep tarifi için öncelikle 1 su bardağı sütü bir kaba alın.', 'Üzerine 1 su bardağı suyu derin bir karıştırma kasesine alın.', '1 yemek kaşığı sıvı yağ,\xa0 2 adet yumurta ve 1 çay kaşığı tuzu da ekleyin.', 'Üzerine 6 yemek kaşığı unu ilave edip bir çırpıcı yardımıyla iyice karıştırın.Sonra pürüzsüz bir kıvam alana kadar çırpın ve 5 dakika dinlenmeye bırakın.', 'Hazırladığınız krep harcından küçük bir kepçe kadar doldurun. Hamuru yağladığınız kızgın tavaya dökün.', 'Hafifçe sallayarak hamurun ince bir şekilde tabanına yayılmasını sağlayın.Krepleri, orta ateşte göz göz olup, renk alana kadar arkalı önlü kızartın.', 'Aralarda teflon tavayı yağlayarak, krep hamuru bitene kadar aynı işlemi tekrarlayın.', 'Pişen krepleri servis tabağına alın. Soğutmadan krepleri sevdiklerinizle paylaşın.']",KAHVALTILIK,239b56,/tarif/kahvaltiliklar/,"['Kahvaltılık', 'Video']",['kahvaltı'],"['Kahvaltı', 'Çay Saati']",['Tava'],,False,1200,300,2022-03-10T14:32:12Z,4.0,2616215,9862,False,True,True,0,,0,,,,2015/10/krep-yemekcom.jpg,0,0,https://cdn.yemek.com/mnresize/940/940/uploads/2015/10/krep-yemekcom.jpg,940,940,False,https://cdn.yemek.com/mncrop/300/200/uploads/2015/10/krep-yemekcom.jpg,300,200,True,https://cdn.yemek.com/mncrop/940/625/uploads/2015/10/krep-yemekcom.jpg,940,625,True,https://cdn.yemek.com/mncrop/620/388/uploads/2015/10/krep-yemekcom.jpg,620,388,True,https://cdn.yemek.com/mncrop/600/315/uploads/2015/10/krep-yemekcom.jpg,600,315,True,,,,,,
314,123,Yasemin Özaltın,https://cdn.yemek.com/author/35533/20181219061403_avatar.jpg,/profil/yasemingursurer/,En İyi Kıvam Onda: Mercimek Çorbası,Mercimek Çorbası,/tarif/mercimek-corbasi/,50 dk,10 dk,"<p>Yaz kış demeden her mevsim, her zaman, her durumda elimizin gittiği tariftir <strong>mercimek çorbası tarifi.</strong> En çok sevilen çorbalardan biridir o! Bu yüzden zamansız çorbadır. Belki de bütün <a href=""https://yemek.com/tarif/"" target=""_blank"">yemek tarifleri</a> için böyledir.</p>
<p>Hatta <a href=""https://yemek.com/tarif/ezogelin-corbasi/"" target=""_blank"">ezogelin çorbasıyla</a> olan mücadelesini bir kenara koyarsanız, zamansız çorbaların en güzeli, en birincisi. Bunları söylüyoruz çünkü şimdiye kadar ""<strong>en güzel mercimek çorbası</strong>"" tarifini arayıp bulamadıysanız lezzetli ve pratik bu tencerede mercimek çorbası yapımı tam size göre!</p>
<p>Lafı uzatmadan ""Mercimek çorbası nasıl yapılır?"", ""<strong>Mercimek çorbası nasıl pişirilir?</strong>"" diye merak edenleri ev usulü mercimek çorbası tarifimize alalım. Adım adım resimli anlatımı ve videosuyla her eve mis gibi kokan, şifalı mercimek çorbasını davet edelim.</p>
<p>Afiyetler olsun diyelim, eğer sizin de kendinize özel <strong>mercimek çorbası pişirme yöntemleri</strong>niz varsa yorumlarda tüm okuyucularımızla paylaşmanızı isteyelim.</p>
<p>Not: ""Mercimek çorbası tamam da ben daha fazla çorba çeşidi de görmek istiyorum"" diyenleri şöyle alalım: <a href=""https://yemek.com/tarif/corba/"" target=""_blank"">Çorba Tarifleri</a>!</p>
",recipe,"['kuru soğan', 'tereyağı', 'sıcak su', 'tuz', 'ayçiçek yağı', 'un', 'patates', 'karabiber', 'kırmızı ya da sarı mercimek', 'havuç', 'kırmızı toz biber', 'sıvı yağ']","['Derin bir tencereye 3 yemek kaşığı sıvı yağ ekleyin. İri doğranmış 1 adet büyük soğanı sıvı yağ ile birlikte kavurun.', 'Kavrulan soğanlara 1 yemek kaşığı unu ekleyin ve kokusu çıkıp, renk alana kadar kavurma işlemini sürdürün.\xa0İri parçalar halinde doğradığınız birer adet havuç ve patatesi tencereye aktarıp karıştırmaya devam edin.', 'Tuz, karabiber ve bol suda yıkadıktan sonra suyunu süzdürdüğünüz\xa01,5 su bardağı mercimeği\xa0 de ilave edin ve son kez güzelce karıştırın.', '6 su bardağı sıcak suyu da tencereye ilave edin.', 'Ardından kapağını kapatın, patates ve havuçlar yumuşayana kadar ara ara karıştırarak 40 dakika kadar pişirin.', 'Çorba piştikten sonra pürüzsüz bir kıvam alması için; el blenderından geçirin. 5 dakika daha pişirdikten sonra ocaktan alın.', '3 yemek kaşığı sıvı yağ ve 2 yemek kaşığı tereyağını bir tavada kızdırın. Üzerine 1 tatlı kaşığı toz kırmızı biberi ekleyin ve 2 dakika yağı kızdırdıktan sonra ocaktan alın.', 'Çorbayı bir kaseye alın ve üzerine kızdırdığınız yağdan gezdirip servis edin.']",ÇORBA,,/tarif/corba/,"['Çorba', 'Ramazan', 'Video', 'Bakliyat']","['akşam yemeği', 'öğle yemeği']","['Başlangıç', 'Öğle Yemeği', 'Ara Öğün', 'Akşam Yemeği']",['Tencere'],"['Ekonomik', 'Vejetaryen', 'Bol Proteinli']",False,3000,600,2022-03-31T14:25:26Z,4.0,2607774,11074,False,True,True,0,,0,,,,2014/06/mercimek-corbasi-yemekcom.jpg,0,0,https://cdn.yemek.com/mnresize/940/940/uploads/2014/06/mercimek-corbasi-yemekcom.jpg,940,940,False,https://cdn.yemek.com/mncrop/300/200/uploads/2014/06/mercimek-corbasi-yemekcom.jpg,300,200,True,https://cdn.yemek.com/mncrop/940/625/uploads/2014/06/mercimek-corbasi-yemekcom.jpg,940,625,True,https://cdn.yemek.com/mncrop/620/388/uploads/2014/06/mercimek-corbasi-yemekcom.jpg,620,388,True,https://cdn.yemek.com/mncrop/600/315/uploads/2014/06/mercimek-corbasi-yemekcom.jpg,600,315,True,"['tencere', 'vejetaryen', 'bol lifli']",greenLight,,,,
315,118,Yasemin Özaltın,https://cdn.yemek.com/author/35533/20181219061403_avatar.jpg,/profil/yasemingursurer/,Orijinal Tarifi Burada: Domates Çorbası,Domates Çorbası,/tarif/domates-corbasi/,30 dk,30 dk,"<p>Havalar soğumaya başladı, yaz mevsimini hep birlikte uğurladık. Hafif hüzünlüyüz, ancak dumanı üzerinde tüten çorbalar içeceğimiz için de mutluyuz. En sevdiğiniz <a href=""https://yemek.com/tarif/corba/"" target=""_blank"">çorba</a> tarifi nedir? Bizim için <a href=""https://yemek.com/tarif/domates-corbasi/"" target=""_blank"">domates çorbasının</a> ayrı bir yeri var diyebiliriz. Bütün <a href=""https://yemek.com/tarif/"" target=""_blank"">yemek tarifleri</a>nin arasında yeri ayrı.</p>
<p>Hele ki dumanı üstünde ev yapımı domates çorbası yok mu..Gelin onu güzelleyelim bir parça. Domates çorbası tarifi kaşar peynirsiz olmaz. Bazen yerini krema alabilir ama domates çorbasını özel kılan ilk kaşıkla birlikte uzayıp giden kaşar peyniridir. Onu toparlaması ve sağa sola bulaştırmadan yenilmesi ayrı bir maceradır. <a href=""https://yemek.com/tarif/baharatli-kruton/"" target=""_blank"">Kızarmış ekmek dilimleri</a> hatta mümkünse <a href=""https://yemek.com/tarif/sarimsakli-ekmek/"" target=""_blank"">sarımsaklı ekmekler</a> çorbaya ayrı bir tat katar. Soğuk kış günlerinin keyfi böyle böyle çıkar.</p>
<p>Siz de bu <a href=""https://yemek.com/tarif/kolay-domates-corbasi/"" target=""_blank"">kolay domates çorbası</a> tarifiyle sevdiklerinizin içini ısıtabilir; onu sandığınızdan çok daha kolay ve pratik bir şekilde yapabilirsiniz. Şimdiden afiyet olsun!</p>
<p>&nbsp;</p>
",recipe,"['tereyağı', 'tuz', 'un', 'sıcak et suyu', 'sıcak süt', 'rendelenmiş kaşar peyniri', 'domates']","['Tereyağını tavada eritin.', 'Unu ekleyip kokusu çıkana kadar kısık ateşte kavurun.', 'Rendelenmiş domatesleri kavrulmuş un karışımına ekledikten sonra 5 dakika kadar pişirin.', 'Üzerine sıcak et suyunu ve tuzu ilave edin. Kesilmemesi için küçük bir cezvede ısıttığınız sütü azar azar ekleyip hızlıca karıştırın.', 'Çorbayı kaynayana kadar orta ateşte ardından da kısık ateşte 15 dakika kadar pişirin. Daha pürüzsüz bir kıvam alması için blenderdan geçirin. Servis kaselerine aldığınız çorbayı, rendelenmiş kaşar peynir ilavesiyle sıcak olarak servis edin.\xa0Afiyet olsun!']",ÇORBA,,/tarif/corba/,"['Çorba', 'Video', 'Mevsiminde']","['akşam yemeği', 'öğle yemeği']","['Öğle Yemeği', 'Akşam Yemeği']",['Tencere'],"['Ekonomik', 'Vejetaryen']",False,1800,1800,2022-03-18T15:00:23Z,4.0,2396278,8509,False,True,True,0,,0,,,,2022/03/domates-corbasi-sevgililer-gunu-gorsel.jpg,0,0,https://cdn.yemek.com/mnresize/940/940/uploads/2022/03/domates-corbasi-sevgililer-gunu-gorsel.jpg,940,940,False,https://cdn.yemek.com/mncrop/300/200/uploads/2022/03/domates-corbasi-sevgililer-gunu-gorsel.jpg,300,200,True,https://cdn.yemek.com/mncrop/940/625/uploads/2022/03/domates-corbasi-sevgililer-gunu-gorsel.jpg,940,625,True,https://cdn.yemek.com/mncrop/620/388/uploads/2022/03/domates-corbasi-sevgililer-gunu-gorsel.jpg,620,388,True,https://cdn.yemek.com/mncrop/600/315/uploads/2022/03/domates-corbasi-sevgililer-gunu-gorsel.jpg,600,315,True,['tencere'],greenLight,"['Haziran', 'Temmuz', 'Ağustos', 'Eylül']",,,
316,72,Yasemin Özaltın,https://cdn.yemek.com/author/35533/20181219061403_avatar.jpg,/profil/yasemingursurer/,En Gerçek Tarifiyle: Ezogelin Çorbası,Ezogelin Çorbası,/tarif/ezogelin-corbasi/,45 dk,15 dk,"<p>Türk mutfağına özgü, buram buram Anadolu kokan, binlerce yıllık bir <a href=""https://yemek.com/tarif/corba/"" target=""_blank"">çorba tarifiyle</a> karşınızdayız. <a href=""https://yemek.com/tarif/"" target=""_blank"">Yemek tarifleri</a> arasından seçtiğiniz ana yemek ne olursa olsun, ona mutlaka yakışacak olan ezogelin çorbasından bahsediyoruz. Siz de bu kolay ev yapımı ezogelin çorbasıyla sofralarınızı sıcacık yapabilirsiniz.</p>
<p>Ezogelin çorbası tarifi; yüksek oranda bereket içerir. Besleyicidir, lezzetlidir, pratiktir. Tüm bunların yanı sıra <a href=""https://yemek.com/tarif/mercimek-corbasi/"" target=""_blank"">mercimek çorbası</a> ile olan amansız rekabetiyle, bütün kebapçıların olmazsa olmaz çorbası olma özelliğini taşır. Hastalıklara karşı amansızca savaşır, siz iyi olun diye varını yolunu ortaya koyar. Tırnak pide ya da <a href=""https://yemek.com/tarif/bazlama/"" target=""_blank"">bazlama</a>yı çok sever.</p>
<p>Ezogelin çorbasını Türk mutfak tarihine kazandıran ve çorbaya adını veren Gaziantep’in Uruş (Dokuzyol) köyünde yaşamış olan Ezo Gelin’e şükranlarımızı sunarız. Merak edenler varsa ezogelin çorbasının hikayesi hemen şurada: <a href=""https://yemek.com/ezogelin-corbasinin-hikayesi/"" target=""_blank"">Hikayesi de Lezzeti Kadar Anadolu: Ezogelin Çorbasının Hikayesi</a></p>
<p>O zaman adım adım resimli ve videolu ezogelin çorbası yapılışı ve tarifi sizi bekler. <img src=""https://cdn.yemek.com/assets/images/smiley/wink.png"" class=""wp-smiley img-responsive"" /></p>
",recipe,"['kırmızı mercimek', 'pirinç', 'bulgur', 'kuru soğan', 'tereyağı', 'sıcak su', 'nane', 'tuz', 'limon suyu', 'pul biber', 'domates salçası']","['Sıcak suyu geniş bir tencerede kaynatın. Yıkayıp suyunu süzdürdüğünüz 2 çay bardağı kırmızı mercimeği tencereye aktarın.', '3 yemek kaşığı pirinci, 2 yemek kaşığı bulguru ve 1 tatlı kaşığı tuzu tencereye aktarın.', 'Yaklaşık 35 dakika, kırmızı mercimekler yumuşayana kadar pişirin.', 'Ayrı bir tavada 1 yemek kaşığı tereyağını eritin.', 'Üzerine 1 adet küp doğranmış kuru soğanı ekleyin ve kavurmaya başlayın.', 'Kavrulan soğanlara 1 tatlı kaşığı domates salçasını ekleyin.', '1 tatlı kaşığı naneyi ekleyip, 2 dakika daha kavurun.', 'Kavrulan sosunuzu ocaktan alın.', 'Bakliyatları kaynattığınız tencereye kavrulan salçalı soğan karışımı ekleyin.', 'Sonra hızlıca karıştırdığınız çorbayı 10 dakika daha pişirin.', 'Limon suyu ve pul biber ilavesiyle sıcak olarak servis edin.\xa0Afiyet olsun!']",ÇORBA,,/tarif/corba/,"['Çorba', 'Ramazan', 'Video']","['ekonomik', 'öğle yemeği']","['Öğle Yemeği', 'Ara Öğün', 'Akşam Yemeği']",['Tencere'],"['Ekonomik', 'Vejetaryen']",False,2700,900,2019-04-10T08:00:07Z,4.0,2061511,10279,False,True,True,0,,0,,,,2014/06/ezogelin-corbasi-yemekcom.jpg,0,0,https://cdn.yemek.com/mnresize/940/940/uploads/2014/06/ezogelin-corbasi-yemekcom.jpg,940,940,False,https://cdn.yemek.com/mncrop/300/200/uploads/2014/06/ezogelin-corbasi-yemekcom.jpg,300,200,True,https://cdn.yemek.com/mncrop/940/625/uploads/2014/06/ezogelin-corbasi-yemekcom.jpg,940,625,True,https://cdn.yemek.com/mncrop/620/388/uploads/2014/06/ezogelin-corbasi-yemekcom.jpg,620,388,True,https://cdn.yemek.com/mncrop/600/315/uploads/2014/06/ezogelin-corbasi-yemekcom.jpg,600,315,True,['tencere'],greenLight,,,,
317,247,Yasemin Özaltın,https://cdn.yemek.com/author/35533/20181219061403_avatar.jpg,/profil/yasemingursurer/,Tam Ölçülü: Pancake (Pankek),Pancake (Pankek),/tarif/pancake/,20 dk,20 dk,"<p>Bizim kültürümüzde <a href=""https://yemek.com/tarif/akitma/"" target=""_blank"">akıtma</a> ya da <a href=""https://yemek.com/tarif/krep"" target=""_blank"">krep</a> olarak bilinen hamur işinin biraz daha kalını ve kahvaltıların yıldızıdır pankek. Peynirli, zeytin ezmeli tuzlu çeşitleri yapılabileceği gibi çikolata kremalı ve meyveli çeşitlerini de aynı tarifle kolaylıkla hazırlayabilirsiniz. <a href=""https://yemek.com/tarif/kahvaltiliklar/"" target=""_blank"">Kahvaltılık tarif</a> aradığınızda eliniz bu tarife hemen gidecek.</p>
<p>Bu kahvaltılık <a href=""https://yemek.com/tarif/kolay-pankek/"" target=""_blank"">kolay pankek tarifi</a>nde pankek hamurunun nasıl yapılacağından <strong>tavada pankek yapmanın püf noktalarına</strong> kadar her şeyi bulabilecek, evde pankek yapımının tüm inceliklerini öğreneceksiniz.</p>
<p>Pancake tarifi gerçekten oldukça basit. Yumurta, un, kabartma tozu, toz şeker, süt, ayçiçek yağı gibi temel malzemeler içeriyor bu <strong>pratik hamur işi</strong>. Servis esnasında meyve dilimleri, eritilmiş çikolata çeşitleri, sosları oldukça yakışıyor. Akçaağaç şurubuyla da çok iyi gittiğini söylemeden geçmeyelim.</p>
<p>4 kişilik pankek nasıl yapılır diyenler için adım adım resimli ve videolu pancake tarifiyle en güzel pankekler hep sizin mutfaktan çıkacak! <img src=""https://cdn.yemek.com/assets/images/smiley/smile.png"" class=""wp-smiley img-responsive"" /></p>
",recipe,"['tuz', 'yumurta', 'toz şeker', 'ayçiçek yağı', 'ayçiçek yağı', 'süt', 'un', 'kabartma tozu', 'bal', 'vanilin']","['Pankek tarifi için derin bir karıştırma kabında 2 yumurta ve yarım su bardağı şekeri alın.', 'Şeker eriyene ve karışım krema kıvamını alana kadar\xa0çırpın.', 'Yumurtalı karışımın üzerine, 2 yemek kaşığı sıvı yağ ve 1,5 su bardağı sütü de koyup tekrar çırpın.', '2 su bardağı un, 1 paket kabartma tozu, 1 paket vanilin ve bir tutam tuzu da eleyerek karışımın içerisine ekleyin.', 'Pürüzsüz bir kıvam alana kadar çırpın.', 'İlk pankeki pişirmek için; krep tavasını ayçiçek yağı ile yağlayın. Kızdırdığınız tavaya küçük bir kepçe ya da bir kahve fincanı kadar pankek harcını aktarın.', 'Ocağın altını kısın. Pankeki, üzeri göz göz olana kadar pişirin. Bir spatula yardımıyla çevirdiğiniz pankekin diğer tarafını da aynı şekilde pişirin.', 'Krep tavasını arada yağlayarak pankek harcı bitene kadar aynı işlemi tekrarlayın.', 'Servis tabağına aldığınız pankeklerin üzerine tereyağı koyup bal gezdirebilirsiniz, afiyet olsun.']",KAHVALTILIK,239b56,/tarif/kahvaltiliklar/,"['Kahvaltılık', 'Video']","['kahvaltı', 'çay saati']","['Kahvaltı', 'Çay Saati']",['Tava'],"['Ekonomik', 'Vejetaryen']",False,1200,1200,2022-03-10T07:30:22Z,4.0,2051860,12838,False,True,True,0,,0,,,,2014/07/pancake-yemekcom.jpg,0,0,https://cdn.yemek.com/mnresize/940/940/uploads/2014/07/pancake-yemekcom.jpg,940,940,False,https://cdn.yemek.com/mncrop/300/200/uploads/2014/07/pancake-yemekcom.jpg,300,200,True,https://cdn.yemek.com/mncrop/940/625/uploads/2014/07/pancake-yemekcom.jpg,940,625,True,https://cdn.yemek.com/mncrop/620/388/uploads/2014/07/pancake-yemekcom.jpg,620,388,True,https://cdn.yemek.com/mncrop/600/315/uploads/2014/07/pancake-yemekcom.jpg,600,315,True,,,,['Amerika Birleşik Devletleri'],,
318,188,Yasemin Özaltın,https://cdn.yemek.com/author/35533/20181219061403_avatar.jpg,/profil/yasemingursurer/,"Kabardıkça Kabarır, Şerbetini Tam Çeker: Revani",Revani,/tarif/revani/,30 dk,35 dk,"<p>Bugün akşam yemeğine en lezzetli <a href=""https://yemek.com/ramazan-tatlilari/"" target=""_blank"">ramazan tatlılarından</a> biri olan revaniyi koyacağız. Revani tarifini uygularken bir yandan saray mutfağının bize Osmanlı'dan kalan en yadigar şeylerden biri olduğunu hatırlayacağız. Yaptığımız <a href=""https://yemek.com/tarif/"" target=""_blank"">yemek tariflerine</a> tatlı olarak onu çok yakıştıracağız. <a href=""https://yemek.com/tarif/tatli/"" target=""_blank"">Tatlı tariflerinin</a> arasında en çok sevdiklerimiz arasına ekleyeceğiz.</p>
<p>Klasik revaniyi evde pratik bir şekilde yapabilmek mümkün aslında. <strong>""Revani tatlısı nasıl yapılır""</strong> sorusunun hemen aşağıda adım adım resimli cevabını bulabileceğiniz nefis irmikli ve tam ölçülü evde kolay <a href=""https://yemek.com/tarif/muhallebili-revani/"" target=""_blank"">revani</a> yapımı tarifimizin bir püf noktası var bilinmesi gereken: Tahmin edeceğiniz gibi <a href=""https://yemek.com/tarif/serbetli-tatlilar/"" target=""_blank"">şerbetli tatlılardan</a> revaninin kıvamı önemli, onu da bir kaşık yardımıyla alacağınız şerbeti parmağınıza damlatıp, damlanın yayılıp yayılmadığını görerek anlayabilirsiniz. Eğer şerbet damlası yayılmıyorsa kıvamı tutmuş, revani yapımı için hazır hale gelmiş demektir. Böylelikle <strong>""Revani şerbeti nasıl dökülür, revani şerbeti nasıl olmalı?""</strong> sorusunun cevabını merak edenleri de rahatlatmış olduk.</p>
<p>Şerbetin yoğunluğu ile kekinin kabarıklığı için düşündüğümüz revani yapımı püf noktalarını tarif kısmında bulabilirsiniz. <a href=""https://yemek.com/revani-tarifleri/"" target=""_blank"">Farklı revani tarifleri</a> ve çok sevilen <a href=""https://yemek.com/tarif/hashasli-revani/"" target=""_blank"">haşhaşlı revani</a> tarifimizi de şöyle bırakalım.</p>
<p>O halde lafı daha fazla uzatmayalım, sizi en güzel revani tarifiyle baş başa bırakalım.</p>
",recipe,"['limon suyu', 'yumurta', 'toz şeker', 'toz şeker', 'ayçiçek yağı', 'un', 'kabartma tozu', 'su', 'yoğurt', 'irmik', 'rendelenmiş Hindistan cevizi', 'vanilin']","['Tatlının şerbetini hazırlamak için;\xa03 su bardağı su ve 2,5 su bardağı toz şekeri\xa0bir tencereye aktarın.', 'Kısık ateşte yaklaşık 30 dakika kadar kaynattıktan sonra limon suyunu ekleyin ve ılınması için ocaktan alın.', '3 yumurta bir kabın içerisine aktarın.', 'Üzerine 1 çay bardağı toz şekeri bir mikser yardımıyla toz şeker tamamen eriyene kadar karıştırın.', '1 çay bardağı ayçiçek yağı, 1 su bardağı yoğurt ve 1 su bardağı irmiği de ekledikten sonra tekrar karıştırın.', 'Son olarak 1,5 su bardağı\xa0un, 1 paket kabartma tozu ve 1 paket vanilini de karışıma ekledikten sonra çırpma işlemini sürdürün.', 'Yağlanmış fırına dayanıklı kalıbın içerisine hazırladığınız revani karışımını dökün.', 'Önceden ısıtılmış 180 derece fırında\xa025-30 dakika kadar pişirin.\xa0Fırından çıkardığınız revaninin ilk sıcaklığı geçtikten sonra oda sıcaklığında soğumuş şerbeti üzerine dökün ve şerbeti çekene kadar yaklaşık 1-2 saat bekleyin.', 'Ardından bıçak yardımıyla revaniyi dilimleyin.', 'Dilimlediğiniz ılık tatlıya rendelenmiş Hindistan cevizi serpiştirip servis edin. Afiyet olsun!']",ŞERBETLİ TATLI,239b56,/tarif/serbetli-tatlilar/,"['Tatlı', 'Şerbetli Tatlı', 'Ramazan', 'Video']","['ekonomik', 'çay saati']",['Çay Saati'],"['Fırın', 'Tencere']",,False,1800,2100,2022-04-20T11:00:29Z,4.0,2029239,5485,False,True,True,0,,0,,,,2014/06/revani-yemekcom.jpg,0,0,https://cdn.yemek.com/mnresize/940/940/uploads/2014/06/revani-yemekcom.jpg,940,940,False,https://cdn.yemek.com/mncrop/300/200/uploads/2014/06/revani-yemekcom.jpg,300,200,True,https://cdn.yemek.com/mncrop/940/625/uploads/2014/06/revani-yemekcom.jpg,940,625,True,https://cdn.yemek.com/mncrop/620/388/uploads/2014/06/revani-yemekcom.jpg,620,388,True,https://cdn.yemek.com/mncrop/600/315/uploads/2014/06/revani-yemekcom.jpg,600,315,True,,,,,,
319,2744,Cemre Özgüzel,https://cdn.yemek.com/author/109/20200211010242_avatar.jpg,/profil/cemre-ozguzel/,Az Malzemeyle Mükemmel Kıvam: Muhallebi,Muhallebi,/tarif/muhallebi/,15 dk,5 dk,"<p>Çocukluğumuzdan beri damağımızın alışık olduğu bir <a href=""https://yemek.com/tarif/tatli/"" target=""_blank"">tatlı tarifi</a> muhallebi. <strong>Pirinç unuyla hazırlanan muhallebi tarifler</strong>i olsa da kıvamı nişastayla bağlandığında bir o kadar güzel olur tadı. Öylesine yalın ve naif bir tattır ki kuru yemişler, çikolata ve çeşitli meyve sosları eşliğinde farklı tariflere bürünür.</p>
<p>Yaz sıcağına yakışır muhallebi tatlısı, keyfi kaşıklanır. Üzerine toz tarçınla yapabileceğiniz süslemelerle de saygı uyandırır. Başarıyla uygulanmış bir sütlü muhallebi tarifini tamamlayıcı nitelikte olan bu süslemeler ise tamamen sizin yaratıcılığınıza kalmış. <a href=""https://yemek.com/tarif/sutlu-tatlilar/"" target=""_blank"">Sütlü tatlıların </a>en kolay ve ekonomiği olan <strong>muhallebi tarifi</strong>mizle keyif dolu dakikalar yaşayabilirsiniz.</p>
<p>Biz sade muhallebi hazırladık ama diğer muhallebi çeşitleri için sizi şu tariflerimize de bekleriz: <a href=""https://yemek.com/muhallebi-tarifleri/"" target=""_blank"">Sıcak Yaz Günlerinde Midenizi Yormayarak Sizi Mutlu Edecek 17 Muhallebi Tarifi</a></p>
<p>En güzel muhallebinin sizin elinizden çıkmasını sağlayacak olan bu tarifi ister bardakta, ister kupta, ister fincanda servis edebilirsiniz. Hazırsanız pratik ve <a href=""https://yemek.com/tarif/kolay-muhallebi/"" target=""_blank"">kolay muhallebi</a> tarifimizle başbaşa bırakalım sizi.</p>
",recipe,"['tereyağı', 'toz şeker', 'süt', 'un', 'toz Antep fıstığı', 'buğday nişastası', 'muz', 'vanilin']","['5\xa0su bardağı soğuk sütü geniş bir tencereye aktarın.\xa0Yarım çay bardağı un, 3 yemek kaşığı buğday nişastası ve 1 su bardağı toz şekeri ilave ettikten sonra ocağın altını açın.', 'Ara ara karıştırarak koyu bir kıvam alana kadar pişirin.', 'Kıvam alan muhallebinin altını kapatın.', 'Henüz sıcakken içerisine\xa01 tatlı kaşığı tereyağı ve 1 paket vanilin ilave ederek çırpın.', 'Ardından servis kaselerine paylaştırın ve soğutun.', 'Antep fıstığıyla süsleyip tatlandırdığınız muhallebileri soğuk olarak sevdiklerinizle paylaşın.']",SÜTLÜ TATLI,239b56,/tarif/sutlu-tatlilar/,"['Tatlı', 'Ramazan', 'Sütlü Tatlı', 'Video']","['pratik yemek tarifleri', 'çay saati']",['Çay Saati'],['Tencere'],['Ekonomik'],False,900,300,2019-04-04T08:57:18Z,4.0,1868226,4584,False,True,True,0,,0,,,,2015/06/muhallebi-yemekcom.jpg,0,0,https://cdn.yemek.com/mnresize/940/940/uploads/2015/06/muhallebi-yemekcom.jpg,940,940,False,https://cdn.yemek.com/mncrop/300/200/uploads/2015/06/muhallebi-yemekcom.jpg,300,200,True,https://cdn.yemek.com/mncrop/940/625/uploads/2015/06/muhallebi-yemekcom.jpg,940,625,True,https://cdn.yemek.com/mncrop/620/388/uploads/2015/06/muhallebi-yemekcom.jpg,620,388,True,https://cdn.yemek.com/mncrop/600/315/uploads/2015/06/muhallebi-yemekcom.jpg,600,315,True,,,,,,
320,4172,ipeksare,https://cdn.yemek.com/author/262494/20200820091315_avatar.jpg,/profil/ipeksare/,Tane Tane Dökülür: Pirinç Pilavı,Pirinç Pilavı,/tarif/pirinc-pilavi/,20 dk,15 dk,"<p>Türlü türlü <a href=""https://yemek.com/tarif/"" target=""_blank"">yemek tariflerini</a> tamamlayan, <a href=""https://yemek.com/tarif/kuru-fasulye/"" target=""_blank"">kuru fasulye</a>-turşu ikilisine komşu olan, bir dönem yoğurtla takılan, <a href=""https://yemek.com/tarif/anne-koftesi/"" target=""_blank"">köfte patates</a> sevdalısı pilav... Kaşıktan tel tel dökülen pilav... Aromatik sebze ve kuru baharatlarla ev yapımı tavuk suyunuzu kendiniz hazırlayın bir güzel, ortalama pirinç çeşitlerine göre bir ölçü pirince bir buçuk ölçü su kullanacağınızı düşünün.</p>
<p>Yanma derecesini yükseltmek için tereyağını az miktarda ayçiçek yağıyla kavurun. Az miktarda arpa ya da tel şehriyeyi kavurup berrak su çıkana kadar duruladığınız pirinçleri pilav tenceresine alın. Şeffaf bir renk alana kavurup sıcak tavuk suyunu ekleyin. Tuzla tatlandırın, taze sıkılmış limon suyu, kesme şeker gibi unsurları küçük püf noktaları olarak değerlendirin pilav tarifinde. ""Pilavın tane tane olması için ne yapılır?"" diye soruyorsanız da size nefis önerilerimiz var: <a href=""https://yemek.com/pilav-nasil-yapilir/"" target=""_blank"">Tane Tane Dökülen Ev Yapımı Pilavlar İçin Demini Almış 5 Öneri</a></p>
<p>Pilavı yiyip de hemen kaçmayın, yorum bırakmayı unutmayın, yaptığınız bir değişiklik varsa bizlerle de paylaşın. Şimdiden ellerinize sağlık diyor tane tane dökülen pirinç pilavı tarifimize buyurun.</p>
<p>Farklı pilav tarifleri içinse sizi <a href=""https://yemek.com/tarif/pilav/"" target=""_blank"">şöyle</a> alalım. <img src=""https://cdn.yemek.com/assets/images/smiley/smile.png"" class=""wp-smiley img-responsive"" /></p>
",recipe,"['pirinç', 'tereyağı', 'sıcak su', 'tuz', 'karabiber']","['Uygun bir pilav tenceresinin içerisine tereyağı ekleyin.', 'Tereyağı eridikten sonra pirinçleri ekleyip kavurmaya başlayın. Pirinçler tane tane dökülmeye başlayana kadar yaklaşık 5 dakika kavurun.', 'Sıcak suyu ekleyin, tuzu ve karabiberi de ilave edin.', 'Bir kez karıştırın, kapağını kapatın ve kısık ateşte pişirin.', 'Suyunu çeken pilavın üzerine bir bez koyun ve demlenmesi için dinlendirin.', 'Biraz et ya da tavuk ile servis edebilirsiniz. Afiyet olsun!']",PİLAV,239b56,/tarif/pilav/,"['Pilav', 'Video']","['ekonomik', 'akşam yemeği', 'öğle yemeği']","['Öğle Yemeği', 'Akşam Yemeği']",['Tencere'],['Ekonomik'],False,1200,900,2020-09-02T06:35:37Z,4.0,1783014,2538,False,True,True,0,,0,,,,2020/09/pirinc-pilavi-yemekcom.jpg,0,0,https://cdn.yemek.com/mnresize/940/940/uploads/2020/09/pirinc-pilavi-yemekcom.jpg,940,940,False,https://cdn.yemek.com/mncrop/300/200/uploads/2020/09/pirinc-pilavi-yemekcom.jpg,300,200,True,https://cdn.yemek.com/mncrop/940/625/uploads/2020/09/pirinc-pilavi-yemekcom.jpg,940,625,True,https://cdn.yemek.com/mncrop/620/388/uploads/2020/09/pirinc-pilavi-yemekcom.jpg,620,388,True,https://cdn.yemek.com/mncrop/600/315/uploads/2020/09/pirinc-pilavi-yemekcom.jpg,600,315,True,['tencere'],,,,,
321,313,Yasemin Özaltın,https://cdn.yemek.com/author/35533/20181219061403_avatar.jpg,/profil/yasemingursurer/,Yağ Çekmeden Pişer: Mücver,Mücver,/tarif/mucver/,15 dk,15 dk,"<p>Türk mutfağının, mutfağımıza ait tüm <a href=""https://yemek.com/tarif/"" target=""_blank"" rel=""noopener"">yemek tariflerinin</a> uzağında ama çok sevilen kuzeni ya da teyzesidir mücver tarifi. Her öğün göremezsin, her akşam yemezsin, yiyemezsin. Ancak her gördüğünde mutlu olursun; daha çok görmek istersin. Özeldir, yeri ayrıdır. Herkes güzelini yapamaz.</p>
<p>Arzu ettiğiniz yeşillik, patates, havuç hatta kereviz gibi <a href=""https://yemek.com/tarif/sebze/"" target=""_blank"" rel=""noopener"">sebze</a>leri de ekleyerek hazırlayabileceğiniz bir <a href=""https://yemek.com/tarif/atistirmaliklar/"" target=""_blank"" rel=""noopener"">atıştırmalık</a>, kolay mücver tarifimiz var. Ne güzel olur <strong>kabak mücveri</strong>, küçük püf noktaları vardır onun. Çok fazla yağ çekmemesi için yağı önceden kızdırmalı, rendelenmiş sebzelerin suyunu sıkmalı, sebzelerin taze olmasına dikkat etmeli örneğin.</p>
<p>Anne eli değmiş mücver, bu tarifte biraz daha renk kazanıyor. Yeşillik ve kabakların yanına havuç da katılıyor. Ana yemeğiniz ne olursa olsun bugün sofranızda <strong>kızarmış çıtır mücverler</strong> de yer alsın bizce.</p>
<p>Daha fazla mücver çeşidi görmek isteyenleri ise şöyle alabiliriz: <a href=""https://yemek.com/mucver-tarifleri/"" target=""_blank"" rel=""noopener"">Mücver Tarifleri</a></p>
<p>Kızartmalardan uzak duruyorsanız sizi fırında kabak mücveri tarifimize şuradan davet edelim: <a href=""https://yemek.com/tarif/firinda-mucver/"" target=""_blank"" rel=""noopener"">Fırında Mücver Tarifi, Nasıl Yapılır?</a></p>
<p>Videolu tarifimize aşağıya bırakıyoruz. Keyfini çıkarmanız dileğiyle!</p>",recipe,"['tuz', 'yumurta', 'un', 'karabiber', 'havuç', 'taze soğan', 'kabak', 'dereotu', 'sıvı yağ']","['<p>Mücver için bol suda yıkadığınız kabakları rendenin\xa0iri kısmıyla rendeleyin.\xa0Mücveri sulandırmaması için; rendelenmiş kabakların suyunu sıkarak çıkartın.</p>', '<p>Geniş bir kapta rendelenen kabakları, havucu, yumurtayı, taze soğanı, dereotunu, tuzu, karabiberi birleştirin.</p>', '<p>Unu da ilave edip tüm malzemeler birbiriyle harmanlayın.</p>', '<p>Tüm malzemeler macun kıvamını alana kadar spatula yardımıyla karıştırın.</p>', '<p>Her bir mücver 1 tepeleme yemek kaşığı olacak şekilde ayarlayıp tavaya dökün.</p>', '<p>Kızgın yağda altın sarısı rengini alana kadar kızartın. Mücverlerin fazla yağını havlu kağıda süzdürdükten sonra servis tabağına alın ve çırpılmış yoğurt ile servis edin. Afiyet olsun!</p>']",SEBZE,239b56,/tarif/sebze/,"['Sebze', 'Özel Beslenme', 'Vejetaryen', 'Video', 'Kızartma', 'Mevsiminde']",,['Çay Saati'],['Kızartma'],"['Ekonomik', 'Vejetaryen']",False,900,900,2021-11-09T03:30:59Z,4.0,1738171,11618,False,True,True,0,,0,,,,2014/07/mucver-ytk-site.jpg,0,0,https://cdn.yemek.com/mnresize/940/940/uploads/2014/07/mucver-ytk-site.jpg,940,940,False,https://cdn.yemek.com/mncrop/300/200/uploads/2014/07/mucver-ytk-site.jpg,300,200,True,https://cdn.yemek.com/mncrop/940/625/uploads/2014/07/mucver-ytk-site.jpg,940,625,True,https://cdn.yemek.com/mncrop/620/388/uploads/2014/07/mucver-ytk-site.jpg,620,388,True,https://cdn.yemek.com/mncrop/600/315/uploads/2014/07/mucver-ytk-site.jpg,600,315,True,,,"['Haziran', 'Temmuz', 'Ağustos']",,,
322,272,Neşe Ümit Tan,https://cdn.yemek.com/author/208653/20190910030615_avatar.jpg,/profil/neseumit/,Tam Kıvamında: Sütlaç,Sütlaç,/tarif/sutlac/,31 dk,5 dk,"<p><a href=""https://yemek.com/tarif/"" target=""_blank"">Yemek tariflerinin</a> en tatlı, en sevilen ismi, <a href=""https://yemek.com/tarif/sutlu-tatlilar/"" target=""_blank"">sütlü tatlılar</a>ın en besleyicisi, pirincin en güzel halidir sütlaç tarifi. Tencerede kıvam aldıktan sonra ısıya dayanıklı toprak kaplara paylaştırılıp fırında kızaran hali <a href=""https://yemek.com/tarif/firin-sutlac/"" target=""_blank"">fırın sütlaç</a> ismini alır. Çocukluk yıllarından aşina olduğumuz besleyici bir tatlıdır. <a href=""https://yemek.com/"" target=""_blank"">Tarifler</a> içinde özellikle sütlü tatlıların ve <a href=""https://yemek.com/tarif/tatli/"" target=""_blank"">tatlı tariflerinin</a> en şahanesidir!</p>
<p>Ev yapımı sütlacı tam kıvamında ve tam ölçülü yapmak için birkaç püf noktasına ihtiyacınız var. Klasik sütlaçtan vazgeçemeyenlerin evde nefis <a href=""https://yemek.com/tarif/firin-sutlac/"" target=""_blank"">fırın sütlaçlar</a> yapmasını sağlayacak olan ve en güzel sütlaç tarifine ulaşmanızı sağlayacak bu tarifi bir köşeye not edin deriz. <a href=""https://yemek.com/tarif/sutlu-tatlilar/"" target=""_blank"">Sütlü tatlıların</a> en güzeli, <a href=""https://yemek.com/ramazan-tatlilari/"" target=""_blank"">ramazan için tatlılardan</a> <strong>en hafif sütlaç tarifi</strong> karşınızda!</p>
",recipe,"['pirinç', 'sıcak su', 'toz şeker', 'süt', 'su', 'buğday nişastası']","['Sadece bir kez sudan geçirerek yıkadığınız\xa0pirinci tencereye alın ve\xa02 su bardağı sıcak suyu ekleyerek kısık ateşte pişirmeye başlayın. Bu sırada ara ara nazikçe karıştırın.', 'Pirinç, suyu çekip lapa hale gelince üzerine sütü ilave edin. Karıştırın ve\xa0süt kaynayana kadar ara ara karıştırmaya devam edin. Kaynadıktan sonra altını kısın, 8-10 dakika daha bu şekilde karıştırarak kısık ateşte pişirin.', 'Ardından şekeri ekleyin, karıştırın. Tekrar kaynamasını bekleyin ve 4-5 dakika daha da kısık ateşte bu şekilde kaynatın.', 'Nişastayı eklemek için bir kabın içerisine alın, 1 çay bardağı suyla karıştırın.', 'Aynı anda hem karıştırıp hem tencereye ekleyin. Azar azar dökerek eklerseniz topaklanma riskini de engellemiş olursunuz.\xa0Karıştırdıktan sonra hafifçe kıvam alana kadar pişirin. Bu sırada tekrar kaynayacak ve minik minik balonların yüzeye ulaştığını göreceksiniz, bunu gördükten sonra kısık ateşe alıp 1-2 dakika daha pişirin ve ardından ocaktan alın.', 'Bu noktada sütlacın kıvamı akışkan bir boza kıvamında olmalıdır.\xa0Sütlaç harcını bir kepçeyle kaselere dağıtın.', 'Oda sıcaklığında soğuduktan\xa0sonra buzdolabında en az 2 saat, tercihen 1 akşam kadar bekletin ve servis etmeden önce buzdolabından çıkarıp 5 dakika bekletin, tarçın serperek servis edin.', 'Afiyet olsun!']",SÜTLÜ TATLI,239b56,/tarif/sutlu-tatlilar/,"['Tatlı', 'Ramazan', 'Sütlü Tatlı', 'Video']",['çay saati'],['Çay Saati'],['Tencere'],,False,1860,300,2022-03-11T07:15:20Z,4.0,1693684,4171,False,True,True,0,,0,,,,2019/05/sutlac-guncelleme-sunum-1.jpg,0,0,https://cdn.yemek.com/mnresize/940/940/uploads/2019/05/sutlac-guncelleme-sunum-1.jpg,940,940,False,https://cdn.yemek.com/mncrop/300/200/uploads/2019/05/sutlac-guncelleme-sunum-1.jpg,300,200,True,https://cdn.yemek.com/mncrop/940/625/uploads/2019/05/sutlac-guncelleme-sunum-1.jpg,940,625,True,https://cdn.yemek.com/mncrop/620/388/uploads/2019/05/sutlac-guncelleme-sunum-1.jpg,620,388,True,https://cdn.yemek.com/mncrop/600/315/uploads/2019/05/sutlac-guncelleme-sunum-1.jpg,600,315,True,,,,,,
323,125,Yasemin Özaltın,https://cdn.yemek.com/author/35533/20181219061403_avatar.jpg,/profil/yasemingursurer/,Basit Malzemelerle: Kolay Tiramisu,Kolay Tiramisu,/tarif/kolay-tiramisu/,15 dk,15 dk,"<p>""Tiramisu hangi ülkeye ait?"" diyenlere hemen cevap vererek başlayalım. İtalyan asıllı bir <a href=""https://yemek.com/tarif/tatli/"" target=""_blank"">tatlı</a> olan <a href=""https://yemek.com/tarif/tiramisu/"" target=""_blank"">tiramisu</a>, ülkemizde son yıllarda popüler olmasıyla tanınır. Mutluluk ve enerji veren bir tatlı olduğu için de İtalyanlar bu tatlıya 'Beni yukarı çek, beni yukarı kaldır' anlamına gelen tiramisu ismini vermiştir. Bu hali de onun oldukça pratikleşmiş hali. Hazır kekle yapılan bu kolay tiramisu tarifi üstelik 30 dakikada hazır.</p>
<p>""Tiramisu nasıl yapılır?"" diyenler için tiramisu <a href=""https://yemek.com/tarif/kek/"" target=""_blank"">kek</a>inin labneli tiramisu kremasıyla nasıl buluştuğunu adım adım resimli bir şekilde anlatıyor, nefis süslemesiyle en güzel ve en pratik ev yapımı tiramisunun yapılışını tüm detaylarıyla anlatıyoruz!</p>
<p>İşte iştah açıcı görüntüsü ve lezzetiyle kolay tiramisu tarifi! En kısa zamanda onu çayınızın, kahvenizin yanına konuk edin deriz. Hem zamandan kazandıran hem de konuklarınıza nefis bir ikramda bulunmak istediğinizde de kurtarıcılarınızdan biri olacak nefis tarifimize davetlisiniz. Mevsimine göre de kolay tiramisularınızın üzerini dilediğiniz meyve ile süsleyebilirsiniz. Şimdiden ellerinize sağlık diyoruz.</p>
<p>Bu arada ""Ben kedi dili ile yapılan orijinal tiramisu <a href=""https://yemek.com/tarif/"" target=""_blank"">tarif</a>ini de merak ediyorum"" derseniz onun tarifini de hemen şöyle bırakıyoruz: <a href=""https://yemek.com/tarif/kedi-dilli-tiramisu/"" target=""_blank"">Kedidilli tiramisu tarifi, nasıl yapılır?</a></p>
",recipe,"['sıcak su', 'toz şeker', 'toz şeker', 'süt', 'un', 'yumurta sarısı', 'kakao', 'hazır kek', 'granül kahve', 'labne peyniri']","['Tiramisunun kremasını hazırlamak için; 2 su bardağı süt, 5 yemek kaşığı toz şeker, 3 yemek kaşığı un ve 1 adet\xa0 yumurta sarısını tencereye alın.', 'Sürekli karıştırarak orta ateşte muhallebi kıvamına gelene kadar pişirin. Piştikten sonra kremayı soğumaya bırakın.', 'Kek tabanını ıslatmak için; bir kasede 1 su bardağı sıcak suya, 1 yemek kaşığı granül kahve ve 1 tatlı kaşığı toz şekerini eriyene kadar karıştırın.', 'Pişirip soğumaya bıraktığınız kremaya 200 gram labne peynirini ekleyin ve bir mikser yardımıyla pürüzsüz bir kıvam alana kadar çırpın.', 'Servis tabağına ya da bir borcama pasta tabanının bir katını yerleştirin.', 'Kahveli karışımın yarısıyla keki ıslatın.', 'Üzerine hazırladığınız kremanın yarısını yayın.', 'Pastanın diğer katını da üzerine koyun ve\xa0 kahveli karışımla ıslatın. Kalan krema ile pastanın üzerini tamamen kaplayın.', 'Son olarak üzerine kakao serpiştirin.', 'Çilek dilimleriyle süsleyip buzdolabında 1- 2 saat beklettikten sonra dilimleyerek servis edin.\xa0Afiyet olsun!']",TATLI,239b56,/tarif/tatli/,"['Tatlı', 'Video', 'Dünya Mutfakları']","['ekonomik', 'ara öğün', 'çay saati']",['Çay Saati'],['Tencere'],['Vejetaryen'],False,900,900,2022-03-31T14:48:27Z,4.0,1687627,4451,False,True,True,0,,0,,,,2014/06/kolay-tiramisu-yemekcom.jpg,0,0,https://cdn.yemek.com/mnresize/940/940/uploads/2014/06/kolay-tiramisu-yemekcom.jpg,940,940,False,https://cdn.yemek.com/mncrop/300/200/uploads/2014/06/kolay-tiramisu-yemekcom.jpg,300,200,True,https://cdn.yemek.com/mncrop/940/625/uploads/2014/06/kolay-tiramisu-yemekcom.jpg,940,625,True,https://cdn.yemek.com/mncrop/620/388/uploads/2014/06/kolay-tiramisu-yemekcom.jpg,620,388,True,https://cdn.yemek.com/mncrop/600/315/uploads/2014/06/kolay-tiramisu-yemekcom.jpg,600,315,True,,,,['İtalya'],,
324,3548,Yasemin Özaltın,https://cdn.yemek.com/author/35533/20181219061403_avatar.jpg,/profil/yasemingursurer/,Tül Gibi İncecik: Krep,Krep,/tarif/krep/,20 dk,5 dk,"<p>Krep, <a href=""https://yemek.com/tarif/"" target=""_blank"">yemek tarifleri</a> ve <a href=""https://yemek.com/tarif/kahvaltiliklar/"" target=""_blank"">kahvaltılık tarifler</a> içinde en çok sevilenlerden biri. Bu yüzden mutfağa yeni giren de kahvaltıya pratik lezzetler hazırlamak isteyen de krep tarifini, <a href=""https://yemek.com/krep-yapmanin-puf-noktalari/"" target=""_blank"">krep yapmanın püf noktaları</a>nı merak ediyor; krep hamuru ve krep malzemelerini hazırlayıp kahvaltılık kreple sevdiklerini mutlu etmek istiyor.</p>
<p>Eğer siz de ""Tavada sade krep nasıl yapılır?"" konusunda meraklıysanız, <strong>evde krep yapımının püf noktalar</strong>ını öğrenmek istiyorsanız en güzel krep tarifi için aşağıya bekleniyorsunuz. Krep tarifi videomuzu da izlemeyi unutmayın der, büyüklerimizden <a href=""https://yemek.com/tarif/akitma/"" target=""_blank"">akıtma</a> olarak öğrendiğimiz şimdilerde krep diye duymaya alışık olduğumuz tül inceliğinde bu hamur işini kahvaltılarınızdan, çay saatlerinden mahrum etmeyin deriz. Eğer <a href=""https://yemek.com/tarif/2-kisilik-krep/"" target=""_blank"">2 kişilik krep</a> nasıl yapılır diyorsanız da bu tarifi yarım ölçü olarak gönül rahatlıyla hazırlayabilirsiniz.</p>
<p><strong>Kolay krep tarifi</strong> ile gelsin muhteşem kahvaltılar, lezzetli tatlılar. Paylaştığımız <a href=""https://yemek.com/krep-tarifleri/"" target=""_blank"">krep tarifleri</a> ile artık mutfakta kimse sizi tutamaz!</p>
",recipe,"['tuz', 'yumurta', 'süt', 'un', 'su', 'sıvı yağ']","['Krep tarifi için öncelikle 1 su bardağı sütü bir kaba alın.', 'Üzerine 1 su bardağı suyu derin bir karıştırma kasesine alın.', '1 yemek kaşığı sıvı yağ,\xa0 2 adet yumurta ve 1 çay kaşığı tuzu da ekleyin.', 'Üzerine 6 yemek kaşığı unu ilave edip bir çırpıcı yardımıyla iyice karıştırın.Sonra pürüzsüz bir kıvam alana kadar çırpın ve 5 dakika dinlenmeye bırakın.', 'Hazırladığınız krep harcından küçük bir kepçe kadar doldurun. Hamuru yağladığınız kızgın tavaya dökün.', 'Hafifçe sallayarak hamurun ince bir şekilde tabanına yayılmasını sağlayın.Krepleri, orta ateşte göz göz olup, renk alana kadar arkalı önlü kızartın.', 'Aralarda teflon tavayı yağlayarak, krep hamuru bitene kadar aynı işlemi tekrarlayın.', 'Pişen krepleri servis tabağına alın. Soğutmadan krepleri sevdiklerinizle paylaşın.']",KAHVALTILIK,239b56,/tarif/kahvaltiliklar/,"['Kahvaltılık', 'Video']",['kahvaltı'],"['Kahvaltı', 'Çay Saati']",['Tava'],,False,1200,300,2022-03-10T14:32:12Z,4.0,2616215,9862,False,True,True,0,,0,,,,2015/10/krep-yemekcom.jpg,0,0,https://cdn.yemek.com/mnresize/940/940/uploads/2015/10/krep-yemekcom.jpg,940,940,False,https://cdn.yemek.com/mncrop/300/200/uploads/2015/10/krep-yemekcom.jpg,300,200,True,https://cdn.yemek.com/mncrop/940/625/uploads/2015/10/krep-yemekcom.jpg,940,625,True,https://cdn.yemek.com/mncrop/620/388/uploads/2015/10/krep-yemekcom.jpg,620,388,True,https://cdn.yemek.com/mncrop/600/315/uploads/2015/10/krep-yemekcom.jpg,600,315,True,,,,,,
325,123,Yasemin Özaltın,https://cdn.yemek.com/author/35533/20181219061403_avatar.jpg,/profil/yasemingursurer/,En İyi Kıvam Onda: Mercimek Çorbası,Mercimek Çorbası,/tarif/mercimek-corbasi/,50 dk,10 dk,"<p>Yaz kış demeden her mevsim, her zaman, her durumda elimizin gittiği tariftir <strong>mercimek çorbası tarifi.</strong> En çok sevilen çorbalardan biridir o! Bu yüzden zamansız çorbadır. Belki de bütün <a href=""https://yemek.com/tarif/"" target=""_blank"">yemek tarifleri</a> için böyledir.</p>
<p>Hatta <a href=""https://yemek.com/tarif/ezogelin-corbasi/"" target=""_blank"">ezogelin çorbasıyla</a> olan mücadelesini bir kenara koyarsanız, zamansız çorbaların en güzeli, en birincisi. Bunları söylüyoruz çünkü şimdiye kadar ""<strong>en güzel mercimek çorbası</strong>"" tarifini arayıp bulamadıysanız lezzetli ve pratik bu tencerede mercimek çorbası yapımı tam size göre!</p>
<p>Lafı uzatmadan ""Mercimek çorbası nasıl yapılır?"", ""<strong>Mercimek çorbası nasıl pişirilir?</strong>"" diye merak edenleri ev usulü mercimek çorbası tarifimize alalım. Adım adım resimli anlatımı ve videosuyla her eve mis gibi kokan, şifalı mercimek çorbasını davet edelim.</p>
<p>Afiyetler olsun diyelim, eğer sizin de kendinize özel <strong>mercimek çorbası pişirme yöntemleri</strong>niz varsa yorumlarda tüm okuyucularımızla paylaşmanızı isteyelim.</p>
<p>Not: ""Mercimek çorbası tamam da ben daha fazla çorba çeşidi de görmek istiyorum"" diyenleri şöyle alalım: <a href=""https://yemek.com/tarif/corba/"" target=""_blank"">Çorba Tarifleri</a>!</p>
",recipe,"['kuru soğan', 'tereyağı', 'sıcak su', 'tuz', 'ayçiçek yağı', 'un', 'patates', 'karabiber', 'kırmızı ya da sarı mercimek', 'havuç', 'kırmızı toz biber', 'sıvı yağ']","['Derin bir tencereye 3 yemek kaşığı sıvı yağ ekleyin. İri doğranmış 1 adet büyük soğanı sıvı yağ ile birlikte kavurun.', 'Kavrulan soğanlara 1 yemek kaşığı unu ekleyin ve kokusu çıkıp, renk alana kadar kavurma işlemini sürdürün.\xa0İri parçalar halinde doğradığınız birer adet havuç ve patatesi tencereye aktarıp karıştırmaya devam edin.', 'Tuz, karabiber ve bol suda yıkadıktan sonra suyunu süzdürdüğünüz\xa01,5 su bardağı mercimeği\xa0 de ilave edin ve son kez güzelce karıştırın.', '6 su bardağı sıcak suyu da tencereye ilave edin.', 'Ardından kapağını kapatın, patates ve havuçlar yumuşayana kadar ara ara karıştırarak 40 dakika kadar pişirin.', 'Çorba piştikten sonra pürüzsüz bir kıvam alması için; el blenderından geçirin. 5 dakika daha pişirdikten sonra ocaktan alın.', '3 yemek kaşığı sıvı yağ ve 2 yemek kaşığı tereyağını bir tavada kızdırın. Üzerine 1 tatlı kaşığı toz kırmızı biberi ekleyin ve 2 dakika yağı kızdırdıktan sonra ocaktan alın.', 'Çorbayı bir kaseye alın ve üzerine kızdırdığınız yağdan gezdirip servis edin.']",ÇORBA,,/tarif/corba/,"['Çorba', 'Ramazan', 'Video', 'Bakliyat']","['akşam yemeği', 'öğle yemeği']","['Başlangıç', 'Öğle Yemeği', 'Ara Öğün', 'Akşam Yemeği']",['Tencere'],"['Ekonomik', 'Vejetaryen', 'Bol Proteinli']",False,3000,600,2022-03-31T14:25:26Z,4.0,2607774,11074,False,True,True,0,,0,,,,2014/06/mercimek-corbasi-yemekcom.jpg,0,0,https://cdn.yemek.com/mnresize/940/940/uploads/2014/06/mercimek-corbasi-yemekcom.jpg,940,940,False,https://cdn.yemek.com/mncrop/300/200/uploads/2014/06/mercimek-corbasi-yemekcom.jpg,300,200,True,https://cdn.yemek.com/mncrop/940/625/uploads/2014/06/mercimek-corbasi-yemekcom.jpg,940,625,True,https://cdn.yemek.com/mncrop/620/388/uploads/2014/06/mercimek-corbasi-yemekcom.jpg,620,388,True,https://cdn.yemek.com/mncrop/600/315/uploads/2014/06/mercimek-corbasi-yemekcom.jpg,600,315,True,"['tencere', 'vejetaryen', 'bol lifli']",greenLight,,,,
326,118,Yasemin Özaltın,https://cdn.yemek.com/author/35533/20181219061403_avatar.jpg,/profil/yasemingursurer/,Orijinal Tarifi Burada: Domates Çorbası,Domates Çorbası,/tarif/domates-corbasi/,30 dk,30 dk,"<p>Havalar soğumaya başladı, yaz mevsimini hep birlikte uğurladık. Hafif hüzünlüyüz, ancak dumanı üzerinde tüten çorbalar içeceğimiz için de mutluyuz. En sevdiğiniz <a href=""https://yemek.com/tarif/corba/"" target=""_blank"">çorba</a> tarifi nedir? Bizim için <a href=""https://yemek.com/tarif/domates-corbasi/"" target=""_blank"">domates çorbasının</a> ayrı bir yeri var diyebiliriz. Bütün <a href=""https://yemek.com/tarif/"" target=""_blank"">yemek tarifleri</a>nin arasında yeri ayrı.</p>
<p>Hele ki dumanı üstünde ev yapımı domates çorbası yok mu..Gelin onu güzelleyelim bir parça. Domates çorbası tarifi kaşar peynirsiz olmaz. Bazen yerini krema alabilir ama domates çorbasını özel kılan ilk kaşıkla birlikte uzayıp giden kaşar peyniridir. Onu toparlaması ve sağa sola bulaştırmadan yenilmesi ayrı bir maceradır. <a href=""https://yemek.com/tarif/baharatli-kruton/"" target=""_blank"">Kızarmış ekmek dilimleri</a> hatta mümkünse <a href=""https://yemek.com/tarif/sarimsakli-ekmek/"" target=""_blank"">sarımsaklı ekmekler</a> çorbaya ayrı bir tat katar. Soğuk kış günlerinin keyfi böyle böyle çıkar.</p>
<p>Siz de bu <a href=""https://yemek.com/tarif/kolay-domates-corbasi/"" target=""_blank"">kolay domates çorbası</a> tarifiyle sevdiklerinizin içini ısıtabilir; onu sandığınızdan çok daha kolay ve pratik bir şekilde yapabilirsiniz. Şimdiden afiyet olsun!</p>
<p>&nbsp;</p>
",recipe,"['tereyağı', 'tuz', 'un', 'sıcak et suyu', 'sıcak süt', 'rendelenmiş kaşar peyniri', 'domates']","['Tereyağını tavada eritin.', 'Unu ekleyip kokusu çıkana kadar kısık ateşte kavurun.', 'Rendelenmiş domatesleri kavrulmuş un karışımına ekledikten sonra 5 dakika kadar pişirin.', 'Üzerine sıcak et suyunu ve tuzu ilave edin. Kesilmemesi için küçük bir cezvede ısıttığınız sütü azar azar ekleyip hızlıca karıştırın.', 'Çorbayı kaynayana kadar orta ateşte ardından da kısık ateşte 15 dakika kadar pişirin. Daha pürüzsüz bir kıvam alması için blenderdan geçirin. Servis kaselerine aldığınız çorbayı, rendelenmiş kaşar peynir ilavesiyle sıcak olarak servis edin.\xa0Afiyet olsun!']",ÇORBA,,/tarif/corba/,"['Çorba', 'Video', 'Mevsiminde']","['akşam yemeği', 'öğle yemeği']","['Öğle Yemeği', 'Akşam Yemeği']",['Tencere'],"['Ekonomik', 'Vejetaryen']",False,1800,1800,2022-03-18T15:00:23Z,4.0,2396278,8509,False,True,True,0,,0,,,,2022/03/domates-corbasi-sevgililer-gunu-gorsel.jpg,0,0,https://cdn.yemek.com/mnresize/940/940/uploads/2022/03/domates-corbasi-sevgililer-gunu-gorsel.jpg,940,940,False,https://cdn.yemek.com/mncrop/300/200/uploads/2022/03/domates-corbasi-sevgililer-gunu-gorsel.jpg,300,200,True,https://cdn.yemek.com/mncrop/940/625/uploads/2022/03/domates-corbasi-sevgililer-gunu-gorsel.jpg,940,625,True,https://cdn.yemek.com/mncrop/620/388/uploads/2022/03/domates-corbasi-sevgililer-gunu-gorsel.jpg,620,388,True,https://cdn.yemek.com/mncrop/600/315/uploads/2022/03/domates-corbasi-sevgililer-gunu-gorsel.jpg,600,315,True,['tencere'],greenLight,"['Haziran', 'Temmuz', 'Ağustos', 'Eylül']",,,
327,72,Yasemin Özaltın,https://cdn.yemek.com/author/35533/20181219061403_avatar.jpg,/profil/yasemingursurer/,En Gerçek Tarifiyle: Ezogelin Çorbası,Ezogelin Çorbası,/tarif/ezogelin-corbasi/,45 dk,15 dk,"<p>Türk mutfağına özgü, buram buram Anadolu kokan, binlerce yıllık bir <a href=""https://yemek.com/tarif/corba/"" target=""_blank"">çorba tarifiyle</a> karşınızdayız. <a href=""https://yemek.com/tarif/"" target=""_blank"">Yemek tarifleri</a> arasından seçtiğiniz ana yemek ne olursa olsun, ona mutlaka yakışacak olan ezogelin çorbasından bahsediyoruz. Siz de bu kolay ev yapımı ezogelin çorbasıyla sofralarınızı sıcacık yapabilirsiniz.</p>
<p>Ezogelin çorbası tarifi; yüksek oranda bereket içerir. Besleyicidir, lezzetlidir, pratiktir. Tüm bunların yanı sıra <a href=""https://yemek.com/tarif/mercimek-corbasi/"" target=""_blank"">mercimek çorbası</a> ile olan amansız rekabetiyle, bütün kebapçıların olmazsa olmaz çorbası olma özelliğini taşır. Hastalıklara karşı amansızca savaşır, siz iyi olun diye varını yolunu ortaya koyar. Tırnak pide ya da <a href=""https://yemek.com/tarif/bazlama/"" target=""_blank"">bazlama</a>yı çok sever.</p>
<p>Ezogelin çorbasını Türk mutfak tarihine kazandıran ve çorbaya adını veren Gaziantep’in Uruş (Dokuzyol) köyünde yaşamış olan Ezo Gelin’e şükranlarımızı sunarız. Merak edenler varsa ezogelin çorbasının hikayesi hemen şurada: <a href=""https://yemek.com/ezogelin-corbasinin-hikayesi/"" target=""_blank"">Hikayesi de Lezzeti Kadar Anadolu: Ezogelin Çorbasının Hikayesi</a></p>
<p>O zaman adım adım resimli ve videolu ezogelin çorbası yapılışı ve tarifi sizi bekler. <img src=""https://cdn.yemek.com/assets/images/smiley/wink.png"" class=""wp-smiley img-responsive"" /></p>
",recipe,"['kırmızı mercimek', 'pirinç', 'bulgur', 'kuru soğan', 'tereyağı', 'sıcak su', 'nane', 'tuz', 'limon suyu', 'pul biber', 'domates salçası']","['Sıcak suyu geniş bir tencerede kaynatın. Yıkayıp suyunu süzdürdüğünüz 2 çay bardağı kırmızı mercimeği tencereye aktarın.', '3 yemek kaşığı pirinci, 2 yemek kaşığı bulguru ve 1 tatlı kaşığı tuzu tencereye aktarın.', 'Yaklaşık 35 dakika, kırmızı mercimekler yumuşayana kadar pişirin.', 'Ayrı bir tavada 1 yemek kaşığı tereyağını eritin.', 'Üzerine 1 adet küp doğranmış kuru soğanı ekleyin ve kavurmaya başlayın.', 'Kavrulan soğanlara 1 tatlı kaşığı domates salçasını ekleyin.', '1 tatlı kaşığı naneyi ekleyip, 2 dakika daha kavurun.', 'Kavrulan sosunuzu ocaktan alın.', 'Bakliyatları kaynattığınız tencereye kavrulan salçalı soğan karışımı ekleyin.', 'Sonra hızlıca karıştırdığınız çorbayı 10 dakika daha pişirin.', 'Limon suyu ve pul biber ilavesiyle sıcak olarak servis edin.\xa0Afiyet olsun!']",ÇORBA,,/tarif/corba/,"['Çorba', 'Ramazan', 'Video']","['ekonomik', 'öğle yemeği']","['Öğle Yemeği', 'Ara Öğün', 'Akşam Yemeği']",['Tencere'],"['Ekonomik', 'Vejetaryen']",False,2700,900,2019-04-10T08:00:07Z,4.0,2061511,10279,False,True,True,0,,0,,,,2014/06/ezogelin-corbasi-yemekcom.jpg,0,0,https://cdn.yemek.com/mnresize/940/940/uploads/2014/06/ezogelin-corbasi-yemekcom.jpg,940,940,False,https://cdn.yemek.com/mncrop/300/200/uploads/2014/06/ezogelin-corbasi-yemekcom.jpg,300,200,True,https://cdn.yemek.com/mncrop/940/625/uploads/2014/06/ezogelin-corbasi-yemekcom.jpg,940,625,True,https://cdn.yemek.com/mncrop/620/388/uploads/2014/06/ezogelin-corbasi-yemekcom.jpg,620,388,True,https://cdn.yemek.com/mncrop/600/315/uploads/2014/06/ezogelin-corbasi-yemekcom.jpg,600,315,True,['tencere'],greenLight,,,,
328,247,Yasemin Özaltın,https://cdn.yemek.com/author/35533/20181219061403_avatar.jpg,/profil/yasemingursurer/,Tam Ölçülü: Pancake (Pankek),Pancake (Pankek),/tarif/pancake/,20 dk,20 dk,"<p>Bizim kültürümüzde <a href=""https://yemek.com/tarif/akitma/"" target=""_blank"">akıtma</a> ya da <a href=""https://yemek.com/tarif/krep"" target=""_blank"">krep</a> olarak bilinen hamur işinin biraz daha kalını ve kahvaltıların yıldızıdır pankek. Peynirli, zeytin ezmeli tuzlu çeşitleri yapılabileceği gibi çikolata kremalı ve meyveli çeşitlerini de aynı tarifle kolaylıkla hazırlayabilirsiniz. <a href=""https://yemek.com/tarif/kahvaltiliklar/"" target=""_blank"">Kahvaltılık tarif</a> aradığınızda eliniz bu tarife hemen gidecek.</p>
<p>Bu kahvaltılık <a href=""https://yemek.com/tarif/kolay-pankek/"" target=""_blank"">kolay pankek tarifi</a>nde pankek hamurunun nasıl yapılacağından <strong>tavada pankek yapmanın püf noktalarına</strong> kadar her şeyi bulabilecek, evde pankek yapımının tüm inceliklerini öğreneceksiniz.</p>
<p>Pancake tarifi gerçekten oldukça basit. Yumurta, un, kabartma tozu, toz şeker, süt, ayçiçek yağı gibi temel malzemeler içeriyor bu <strong>pratik hamur işi</strong>. Servis esnasında meyve dilimleri, eritilmiş çikolata çeşitleri, sosları oldukça yakışıyor. Akçaağaç şurubuyla da çok iyi gittiğini söylemeden geçmeyelim.</p>
<p>4 kişilik pankek nasıl yapılır diyenler için adım adım resimli ve videolu pancake tarifiyle en güzel pankekler hep sizin mutfaktan çıkacak! <img src=""https://cdn.yemek.com/assets/images/smiley/smile.png"" class=""wp-smiley img-responsive"" /></p>
",recipe,"['tuz', 'yumurta', 'toz şeker', 'ayçiçek yağı', 'ayçiçek yağı', 'süt', 'un', 'kabartma tozu', 'bal', 'vanilin']","['Pankek tarifi için derin bir karıştırma kabında 2 yumurta ve yarım su bardağı şekeri alın.', 'Şeker eriyene ve karışım krema kıvamını alana kadar\xa0çırpın.', 'Yumurtalı karışımın üzerine, 2 yemek kaşığı sıvı yağ ve 1,5 su bardağı sütü de koyup tekrar çırpın.', '2 su bardağı un, 1 paket kabartma tozu, 1 paket vanilin ve bir tutam tuzu da eleyerek karışımın içerisine ekleyin.', 'Pürüzsüz bir kıvam alana kadar çırpın.', 'İlk pankeki pişirmek için; krep tavasını ayçiçek yağı ile yağlayın. Kızdırdığınız tavaya küçük bir kepçe ya da bir kahve fincanı kadar pankek harcını aktarın.', 'Ocağın altını kısın. Pankeki, üzeri göz göz olana kadar pişirin. Bir spatula yardımıyla çevirdiğiniz pankekin diğer tarafını da aynı şekilde pişirin.', 'Krep tavasını arada yağlayarak pankek harcı bitene kadar aynı işlemi tekrarlayın.', 'Servis tabağına aldığınız pankeklerin üzerine tereyağı koyup bal gezdirebilirsiniz, afiyet olsun.']",KAHVALTILIK,239b56,/tarif/kahvaltiliklar/,"['Kahvaltılık', 'Video']","['kahvaltı', 'çay saati']","['Kahvaltı', 'Çay Saati']",['Tava'],"['Ekonomik', 'Vejetaryen']",False,1200,1200,2022-03-10T07:30:22Z,4.0,2051860,12838,False,True,True,0,,0,,,,2014/07/pancake-yemekcom.jpg,0,0,https://cdn.yemek.com/mnresize/940/940/uploads/2014/07/pancake-yemekcom.jpg,940,940,False,https://cdn.yemek.com/mncrop/300/200/uploads/2014/07/pancake-yemekcom.jpg,300,200,True,https://cdn.yemek.com/mncrop/940/625/uploads/2014/07/pancake-yemekcom.jpg,940,625,True,https://cdn.yemek.com/mncrop/620/388/uploads/2014/07/pancake-yemekcom.jpg,620,388,True,https://cdn.yemek.com/mncrop/600/315/uploads/2014/07/pancake-yemekcom.jpg,600,315,True,,,,['Amerika Birleşik Devletleri'],,
329,188,Yasemin Özaltın,https://cdn.yemek.com/author/35533/20181219061403_avatar.jpg,/profil/yasemingursurer/,"Kabardıkça Kabarır, Şerbetini Tam Çeker: Revani",Revani,/tarif/revani/,30 dk,35 dk,"<p>Bugün akşam yemeğine en lezzetli <a href=""https://yemek.com/ramazan-tatlilari/"" target=""_blank"">ramazan tatlılarından</a> biri olan revaniyi koyacağız. Revani tarifini uygularken bir yandan saray mutfağının bize Osmanlı'dan kalan en yadigar şeylerden biri olduğunu hatırlayacağız. Yaptığımız <a href=""https://yemek.com/tarif/"" target=""_blank"">yemek tariflerine</a> tatlı olarak onu çok yakıştıracağız. <a href=""https://yemek.com/tarif/tatli/"" target=""_blank"">Tatlı tariflerinin</a> arasında en çok sevdiklerimiz arasına ekleyeceğiz.</p>
<p>Klasik revaniyi evde pratik bir şekilde yapabilmek mümkün aslında. <strong>""Revani tatlısı nasıl yapılır""</strong> sorusunun hemen aşağıda adım adım resimli cevabını bulabileceğiniz nefis irmikli ve tam ölçülü evde kolay <a href=""https://yemek.com/tarif/muhallebili-revani/"" target=""_blank"">revani</a> yapımı tarifimizin bir püf noktası var bilinmesi gereken: Tahmin edeceğiniz gibi <a href=""https://yemek.com/tarif/serbetli-tatlilar/"" target=""_blank"">şerbetli tatlılardan</a> revaninin kıvamı önemli, onu da bir kaşık yardımıyla alacağınız şerbeti parmağınıza damlatıp, damlanın yayılıp yayılmadığını görerek anlayabilirsiniz. Eğer şerbet damlası yayılmıyorsa kıvamı tutmuş, revani yapımı için hazır hale gelmiş demektir. Böylelikle <strong>""Revani şerbeti nasıl dökülür, revani şerbeti nasıl olmalı?""</strong> sorusunun cevabını merak edenleri de rahatlatmış olduk.</p>
<p>Şerbetin yoğunluğu ile kekinin kabarıklığı için düşündüğümüz revani yapımı püf noktalarını tarif kısmında bulabilirsiniz. <a href=""https://yemek.com/revani-tarifleri/"" target=""_blank"">Farklı revani tarifleri</a> ve çok sevilen <a href=""https://yemek.com/tarif/hashasli-revani/"" target=""_blank"">haşhaşlı revani</a> tarifimizi de şöyle bırakalım.</p>
<p>O halde lafı daha fazla uzatmayalım, sizi en güzel revani tarifiyle baş başa bırakalım.</p>
",recipe,"['limon suyu', 'yumurta', 'toz şeker', 'toz şeker', 'ayçiçek yağı', 'un', 'kabartma tozu', 'su', 'yoğurt', 'irmik', 'rendelenmiş Hindistan cevizi', 'vanilin']","['Tatlının şerbetini hazırlamak için;\xa03 su bardağı su ve 2,5 su bardağı toz şekeri\xa0bir tencereye aktarın.', 'Kısık ateşte yaklaşık 30 dakika kadar kaynattıktan sonra limon suyunu ekleyin ve ılınması için ocaktan alın.', '3 yumurta bir kabın içerisine aktarın.', 'Üzerine 1 çay bardağı toz şekeri bir mikser yardımıyla toz şeker tamamen eriyene kadar karıştırın.', '1 çay bardağı ayçiçek yağı, 1 su bardağı yoğurt ve 1 su bardağı irmiği de ekledikten sonra tekrar karıştırın.', 'Son olarak 1,5 su bardağı\xa0un, 1 paket kabartma tozu ve 1 paket vanilini de karışıma ekledikten sonra çırpma işlemini sürdürün.', 'Yağlanmış fırına dayanıklı kalıbın içerisine hazırladığınız revani karışımını dökün.', 'Önceden ısıtılmış 180 derece fırında\xa025-30 dakika kadar pişirin.\xa0Fırından çıkardığınız revaninin ilk sıcaklığı geçtikten sonra oda sıcaklığında soğumuş şerbeti üzerine dökün ve şerbeti çekene kadar yaklaşık 1-2 saat bekleyin.', 'Ardından bıçak yardımıyla revaniyi dilimleyin.', 'Dilimlediğiniz ılık tatlıya rendelenmiş Hindistan cevizi serpiştirip servis edin. Afiyet olsun!']",ŞERBETLİ TATLI,239b56,/tarif/serbetli-tatlilar/,"['Tatlı', 'Şerbetli Tatlı', 'Ramazan', 'Video']","['ekonomik', 'çay saati']",['Çay Saati'],"['Fırın', 'Tencere']",,False,1800,2100,2022-04-20T11:00:29Z,4.0,2029239,5485,False,True,True,0,,0,,,,2014/06/revani-yemekcom.jpg,0,0,https://cdn.yemek.com/mnresize/940/940/uploads/2014/06/revani-yemekcom.jpg,940,940,False,https://cdn.yemek.com/mncrop/300/200/uploads/2014/06/revani-yemekcom.jpg,300,200,True,https://cdn.yemek.com/mncrop/940/625/uploads/2014/06/revani-yemekcom.jpg,940,625,True,https://cdn.yemek.com/mncrop/620/388/uploads/2014/06/revani-yemekcom.jpg,620,388,True,https://cdn.yemek.com/mncrop/600/315/uploads/2014/06/revani-yemekcom.jpg,600,315,True,,,,,,
330,2744,Cemre Özgüzel,https://cdn.yemek.com/author/109/20200211010242_avatar.jpg,/profil/cemre-ozguzel/,Az Malzemeyle Mükemmel Kıvam: Muhallebi,Muhallebi,/tarif/muhallebi/,15 dk,5 dk,"<p>Çocukluğumuzdan beri damağımızın alışık olduğu bir <a href=""https://yemek.com/tarif/tatli/"" target=""_blank"">tatlı tarifi</a> muhallebi. <strong>Pirinç unuyla hazırlanan muhallebi tarifler</strong>i olsa da kıvamı nişastayla bağlandığında bir o kadar güzel olur tadı. Öylesine yalın ve naif bir tattır ki kuru yemişler, çikolata ve çeşitli meyve sosları eşliğinde farklı tariflere bürünür.</p>
<p>Yaz sıcağına yakışır muhallebi tatlısı, keyfi kaşıklanır. Üzerine toz tarçınla yapabileceğiniz süslemelerle de saygı uyandırır. Başarıyla uygulanmış bir sütlü muhallebi tarifini tamamlayıcı nitelikte olan bu süslemeler ise tamamen sizin yaratıcılığınıza kalmış. <a href=""https://yemek.com/tarif/sutlu-tatlilar/"" target=""_blank"">Sütlü tatlıların </a>en kolay ve ekonomiği olan <strong>muhallebi tarifi</strong>mizle keyif dolu dakikalar yaşayabilirsiniz.</p>
<p>Biz sade muhallebi hazırladık ama diğer muhallebi çeşitleri için sizi şu tariflerimize de bekleriz: <a href=""https://yemek.com/muhallebi-tarifleri/"" target=""_blank"">Sıcak Yaz Günlerinde Midenizi Yormayarak Sizi Mutlu Edecek 17 Muhallebi Tarifi</a></p>
<p>En güzel muhallebinin sizin elinizden çıkmasını sağlayacak olan bu tarifi ister bardakta, ister kupta, ister fincanda servis edebilirsiniz. Hazırsanız pratik ve <a href=""https://yemek.com/tarif/kolay-muhallebi/"" target=""_blank"">kolay muhallebi</a> tarifimizle başbaşa bırakalım sizi.</p>
",recipe,"['tereyağı', 'toz şeker', 'süt', 'un', 'toz Antep fıstığı', 'buğday nişastası', 'muz', 'vanilin']","['5\xa0su bardağı soğuk sütü geniş bir tencereye aktarın.\xa0Yarım çay bardağı un, 3 yemek kaşığı buğday nişastası ve 1 su bardağı toz şekeri ilave ettikten sonra ocağın altını açın.', 'Ara ara karıştırarak koyu bir kıvam alana kadar pişirin.', 'Kıvam alan muhallebinin altını kapatın.', 'Henüz sıcakken içerisine\xa01 tatlı kaşığı tereyağı ve 1 paket vanilin ilave ederek çırpın.', 'Ardından servis kaselerine paylaştırın ve soğutun.', 'Antep fıstığıyla süsleyip tatlandırdığınız muhallebileri soğuk olarak sevdiklerinizle paylaşın.']",SÜTLÜ TATLI,239b56,/tarif/sutlu-tatlilar/,"['Tatlı', 'Ramazan', 'Sütlü Tatlı', 'Video']","['pratik yemek tarifleri', 'çay saati']",['Çay Saati'],['Tencere'],['Ekonomik'],False,900,300,2019-04-04T08:57:18Z,4.0,1868226,4584,False,True,True,0,,0,,,,2015/06/muhallebi-yemekcom.jpg,0,0,https://cdn.yemek.com/mnresize/940/940/uploads/2015/06/muhallebi-yemekcom.jpg,940,940,False,https://cdn.yemek.com/mncrop/300/200/uploads/2015/06/muhallebi-yemekcom.jpg,300,200,True,https://cdn.yemek.com/mncrop/940/625/uploads/2015/06/muhallebi-yemekcom.jpg,940,625,True,https://cdn.yemek.com/mncrop/620/388/uploads/2015/06/muhallebi-yemekcom.jpg,620,388,True,https://cdn.yemek.com/mncrop/600/315/uploads/2015/06/muhallebi-yemekcom.jpg,600,315,True,,,,,,
331,4172,ipeksare,https://cdn.yemek.com/author/262494/20200820091315_avatar.jpg,/profil/ipeksare/,Tane Tane Dökülür: Pirinç Pilavı,Pirinç Pilavı,/tarif/pirinc-pilavi/,20 dk,15 dk,"<p>Türlü türlü <a href=""https://yemek.com/tarif/"" target=""_blank"">yemek tariflerini</a> tamamlayan, <a href=""https://yemek.com/tarif/kuru-fasulye/"" target=""_blank"">kuru fasulye</a>-turşu ikilisine komşu olan, bir dönem yoğurtla takılan, <a href=""https://yemek.com/tarif/anne-koftesi/"" target=""_blank"">köfte patates</a> sevdalısı pilav... Kaşıktan tel tel dökülen pilav... Aromatik sebze ve kuru baharatlarla ev yapımı tavuk suyunuzu kendiniz hazırlayın bir güzel, ortalama pirinç çeşitlerine göre bir ölçü pirince bir buçuk ölçü su kullanacağınızı düşünün.</p>
<p>Yanma derecesini yükseltmek için tereyağını az miktarda ayçiçek yağıyla kavurun. Az miktarda arpa ya da tel şehriyeyi kavurup berrak su çıkana kadar duruladığınız pirinçleri pilav tenceresine alın. Şeffaf bir renk alana kavurup sıcak tavuk suyunu ekleyin. Tuzla tatlandırın, taze sıkılmış limon suyu, kesme şeker gibi unsurları küçük püf noktaları olarak değerlendirin pilav tarifinde. ""Pilavın tane tane olması için ne yapılır?"" diye soruyorsanız da size nefis önerilerimiz var: <a href=""https://yemek.com/pilav-nasil-yapilir/"" target=""_blank"">Tane Tane Dökülen Ev Yapımı Pilavlar İçin Demini Almış 5 Öneri</a></p>
<p>Pilavı yiyip de hemen kaçmayın, yorum bırakmayı unutmayın, yaptığınız bir değişiklik varsa bizlerle de paylaşın. Şimdiden ellerinize sağlık diyor tane tane dökülen pirinç pilavı tarifimize buyurun.</p>
<p>Farklı pilav tarifleri içinse sizi <a href=""https://yemek.com/tarif/pilav/"" target=""_blank"">şöyle</a> alalım. <img src=""https://cdn.yemek.com/assets/images/smiley/smile.png"" class=""wp-smiley img-responsive"" /></p>
",recipe,"['pirinç', 'tereyağı', 'sıcak su', 'tuz', 'karabiber']","['Uygun bir pilav tenceresinin içerisine tereyağı ekleyin.', 'Tereyağı eridikten sonra pirinçleri ekleyip kavurmaya başlayın. Pirinçler tane tane dökülmeye başlayana kadar yaklaşık 5 dakika kavurun.', 'Sıcak suyu ekleyin, tuzu ve karabiberi de ilave edin.', 'Bir kez karıştırın, kapağını kapatın ve kısık ateşte pişirin.', 'Suyunu çeken pilavın üzerine bir bez koyun ve demlenmesi için dinlendirin.', 'Biraz et ya da tavuk ile servis edebilirsiniz. Afiyet olsun!']",PİLAV,239b56,/tarif/pilav/,"['Pilav', 'Video']","['ekonomik', 'akşam yemeği', 'öğle yemeği']","['Öğle Yemeği', 'Akşam Yemeği']",['Tencere'],['Ekonomik'],False,1200,900,2020-09-02T06:35:37Z,4.0,1783014,2538,False,True,True,0,,0,,,,2020/09/pirinc-pilavi-yemekcom.jpg,0,0,https://cdn.yemek.com/mnresize/940/940/uploads/2020/09/pirinc-pilavi-yemekcom.jpg,940,940,False,https://cdn.yemek.com/mncrop/300/200/uploads/2020/09/pirinc-pilavi-yemekcom.jpg,300,200,True,https://cdn.yemek.com/mncrop/940/625/uploads/2020/09/pirinc-pilavi-yemekcom.jpg,940,625,True,https://cdn.yemek.com/mncrop/620/388/uploads/2020/09/pirinc-pilavi-yemekcom.jpg,620,388,True,https://cdn.yemek.com/mncrop/600/315/uploads/2020/09/pirinc-pilavi-yemekcom.jpg,600,315,True,['tencere'],,,,,
332,313,Yasemin Özaltın,https://cdn.yemek.com/author/35533/20181219061403_avatar.jpg,/profil/yasemingursurer/,Yağ Çekmeden Pişer: Mücver,Mücver,/tarif/mucver/,15 dk,15 dk,"<p>Türk mutfağının, mutfağımıza ait tüm <a href=""https://yemek.com/tarif/"" target=""_blank"" rel=""noopener"">yemek tariflerinin</a> uzağında ama çok sevilen kuzeni ya da teyzesidir mücver tarifi. Her öğün göremezsin, her akşam yemezsin, yiyemezsin. Ancak her gördüğünde mutlu olursun; daha çok görmek istersin. Özeldir, yeri ayrıdır. Herkes güzelini yapamaz.</p>
<p>Arzu ettiğiniz yeşillik, patates, havuç hatta kereviz gibi <a href=""https://yemek.com/tarif/sebze/"" target=""_blank"" rel=""noopener"">sebze</a>leri de ekleyerek hazırlayabileceğiniz bir <a href=""https://yemek.com/tarif/atistirmaliklar/"" target=""_blank"" rel=""noopener"">atıştırmalık</a>, kolay mücver tarifimiz var. Ne güzel olur <strong>kabak mücveri</strong>, küçük püf noktaları vardır onun. Çok fazla yağ çekmemesi için yağı önceden kızdırmalı, rendelenmiş sebzelerin suyunu sıkmalı, sebzelerin taze olmasına dikkat etmeli örneğin.</p>
<p>Anne eli değmiş mücver, bu tarifte biraz daha renk kazanıyor. Yeşillik ve kabakların yanına havuç da katılıyor. Ana yemeğiniz ne olursa olsun bugün sofranızda <strong>kızarmış çıtır mücverler</strong> de yer alsın bizce.</p>
<p>Daha fazla mücver çeşidi görmek isteyenleri ise şöyle alabiliriz: <a href=""https://yemek.com/mucver-tarifleri/"" target=""_blank"" rel=""noopener"">Mücver Tarifleri</a></p>
<p>Kızartmalardan uzak duruyorsanız sizi fırında kabak mücveri tarifimize şuradan davet edelim: <a href=""https://yemek.com/tarif/firinda-mucver/"" target=""_blank"" rel=""noopener"">Fırında Mücver Tarifi, Nasıl Yapılır?</a></p>
<p>Videolu tarifimize aşağıya bırakıyoruz. Keyfini çıkarmanız dileğiyle!</p>",recipe,"['tuz', 'yumurta', 'un', 'karabiber', 'havuç', 'taze soğan', 'kabak', 'dereotu', 'sıvı yağ']","['<p>Mücver için bol suda yıkadığınız kabakları rendenin\xa0iri kısmıyla rendeleyin.\xa0Mücveri sulandırmaması için; rendelenmiş kabakların suyunu sıkarak çıkartın.</p>', '<p>Geniş bir kapta rendelenen kabakları, havucu, yumurtayı, taze soğanı, dereotunu, tuzu, karabiberi birleştirin.</p>', '<p>Unu da ilave edip tüm malzemeler birbiriyle harmanlayın.</p>', '<p>Tüm malzemeler macun kıvamını alana kadar spatula yardımıyla karıştırın.</p>', '<p>Her bir mücver 1 tepeleme yemek kaşığı olacak şekilde ayarlayıp tavaya dökün.</p>', '<p>Kızgın yağda altın sarısı rengini alana kadar kızartın. Mücverlerin fazla yağını havlu kağıda süzdürdükten sonra servis tabağına alın ve çırpılmış yoğurt ile servis edin. Afiyet olsun!</p>']",SEBZE,239b56,/tarif/sebze/,"['Sebze', 'Özel Beslenme', 'Vejetaryen', 'Video', 'Kızartma', 'Mevsiminde']",,['Çay Saati'],['Kızartma'],"['Ekonomik', 'Vejetaryen']",False,900,900,2021-11-09T03:30:59Z,4.0,1738171,11618,False,True,True,0,,0,,,,2014/07/mucver-ytk-site.jpg,0,0,https://cdn.yemek.com/mnresize/940/940/uploads/2014/07/mucver-ytk-site.jpg,940,940,False,https://cdn.yemek.com/mncrop/300/200/uploads/2014/07/mucver-ytk-site.jpg,300,200,True,https://cdn.yemek.com/mncrop/940/625/uploads/2014/07/mucver-ytk-site.jpg,940,625,True,https://cdn.yemek.com/mncrop/620/388/uploads/2014/07/mucver-ytk-site.jpg,620,388,True,https://cdn.yemek.com/mncrop/600/315/uploads/2014/07/mucver-ytk-site.jpg,600,315,True,,,"['Haziran', 'Temmuz', 'Ağustos']",,,
333,272,Neşe Ümit Tan,https://cdn.yemek.com/author/208653/20190910030615_avatar.jpg,/profil/neseumit/,Tam Kıvamında: Sütlaç,Sütlaç,/tarif/sutlac/,31 dk,5 dk,"<p><a href=""https://yemek.com/tarif/"" target=""_blank"">Yemek tariflerinin</a> en tatlı, en sevilen ismi, <a href=""https://yemek.com/tarif/sutlu-tatlilar/"" target=""_blank"">sütlü tatlılar</a>ın en besleyicisi, pirincin en güzel halidir sütlaç tarifi. Tencerede kıvam aldıktan sonra ısıya dayanıklı toprak kaplara paylaştırılıp fırında kızaran hali <a href=""https://yemek.com/tarif/firin-sutlac/"" target=""_blank"">fırın sütlaç</a> ismini alır. Çocukluk yıllarından aşina olduğumuz besleyici bir tatlıdır. <a href=""https://yemek.com/"" target=""_blank"">Tarifler</a> içinde özellikle sütlü tatlıların ve <a href=""https://yemek.com/tarif/tatli/"" target=""_blank"">tatlı tariflerinin</a> en şahanesidir!</p>
<p>Ev yapımı sütlacı tam kıvamında ve tam ölçülü yapmak için birkaç püf noktasına ihtiyacınız var. Klasik sütlaçtan vazgeçemeyenlerin evde nefis <a href=""https://yemek.com/tarif/firin-sutlac/"" target=""_blank"">fırın sütlaçlar</a> yapmasını sağlayacak olan ve en güzel sütlaç tarifine ulaşmanızı sağlayacak bu tarifi bir köşeye not edin deriz. <a href=""https://yemek.com/tarif/sutlu-tatlilar/"" target=""_blank"">Sütlü tatlıların</a> en güzeli, <a href=""https://yemek.com/ramazan-tatlilari/"" target=""_blank"">ramazan için tatlılardan</a> <strong>en hafif sütlaç tarifi</strong> karşınızda!</p>
",recipe,"['pirinç', 'sıcak su', 'toz şeker', 'süt', 'su', 'buğday nişastası']","['Sadece bir kez sudan geçirerek yıkadığınız\xa0pirinci tencereye alın ve\xa02 su bardağı sıcak suyu ekleyerek kısık ateşte pişirmeye başlayın. Bu sırada ara ara nazikçe karıştırın.', 'Pirinç, suyu çekip lapa hale gelince üzerine sütü ilave edin. Karıştırın ve\xa0süt kaynayana kadar ara ara karıştırmaya devam edin. Kaynadıktan sonra altını kısın, 8-10 dakika daha bu şekilde karıştırarak kısık ateşte pişirin.', 'Ardından şekeri ekleyin, karıştırın. Tekrar kaynamasını bekleyin ve 4-5 dakika daha da kısık ateşte bu şekilde kaynatın.', 'Nişastayı eklemek için bir kabın içerisine alın, 1 çay bardağı suyla karıştırın.', 'Aynı anda hem karıştırıp hem tencereye ekleyin. Azar azar dökerek eklerseniz topaklanma riskini de engellemiş olursunuz.\xa0Karıştırdıktan sonra hafifçe kıvam alana kadar pişirin. Bu sırada tekrar kaynayacak ve minik minik balonların yüzeye ulaştığını göreceksiniz, bunu gördükten sonra kısık ateşe alıp 1-2 dakika daha pişirin ve ardından ocaktan alın.', 'Bu noktada sütlacın kıvamı akışkan bir boza kıvamında olmalıdır.\xa0Sütlaç harcını bir kepçeyle kaselere dağıtın.', 'Oda sıcaklığında soğuduktan\xa0sonra buzdolabında en az 2 saat, tercihen 1 akşam kadar bekletin ve servis etmeden önce buzdolabından çıkarıp 5 dakika bekletin, tarçın serperek servis edin.', 'Afiyet olsun!']",SÜTLÜ TATLI,239b56,/tarif/sutlu-tatlilar/,"['Tatlı', 'Ramazan', 'Sütlü Tatlı', 'Video']",['çay saati'],['Çay Saati'],['Tencere'],,False,1860,300,2022-03-11T07:15:20Z,4.0,1693684,4171,False,True,True,0,,0,,,,2019/05/sutlac-guncelleme-sunum-1.jpg,0,0,https://cdn.yemek.com/mnresize/940/940/uploads/2019/05/sutlac-guncelleme-sunum-1.jpg,940,940,False,https://cdn.yemek.com/mncrop/300/200/uploads/2019/05/sutlac-guncelleme-sunum-1.jpg,300,200,True,https://cdn.yemek.com/mncrop/940/625/uploads/2019/05/sutlac-guncelleme-sunum-1.jpg,940,625,True,https://cdn.yemek.com/mncrop/620/388/uploads/2019/05/sutlac-guncelleme-sunum-1.jpg,620,388,True,https://cdn.yemek.com/mncrop/600/315/uploads/2019/05/sutlac-guncelleme-sunum-1.jpg,600,315,True,,,,,,
334,125,Yasemin Özaltın,https://cdn.yemek.com/author/35533/20181219061403_avatar.jpg,/profil/yasemingursurer/,Basit Malzemelerle: Kolay Tiramisu,Kolay Tiramisu,/tarif/kolay-tiramisu/,15 dk,15 dk,"<p>""Tiramisu hangi ülkeye ait?"" diyenlere hemen cevap vererek başlayalım. İtalyan asıllı bir <a href=""https://yemek.com/tarif/tatli/"" target=""_blank"">tatlı</a> olan <a href=""https://yemek.com/tarif/tiramisu/"" target=""_blank"">tiramisu</a>, ülkemizde son yıllarda popüler olmasıyla tanınır. Mutluluk ve enerji veren bir tatlı olduğu için de İtalyanlar bu tatlıya 'Beni yukarı çek, beni yukarı kaldır' anlamına gelen tiramisu ismini vermiştir. Bu hali de onun oldukça pratikleşmiş hali. Hazır kekle yapılan bu kolay tiramisu tarifi üstelik 30 dakikada hazır.</p>
<p>""Tiramisu nasıl yapılır?"" diyenler için tiramisu <a href=""https://yemek.com/tarif/kek/"" target=""_blank"">kek</a>inin labneli tiramisu kremasıyla nasıl buluştuğunu adım adım resimli bir şekilde anlatıyor, nefis süslemesiyle en güzel ve en pratik ev yapımı tiramisunun yapılışını tüm detaylarıyla anlatıyoruz!</p>
<p>İşte iştah açıcı görüntüsü ve lezzetiyle kolay tiramisu tarifi! En kısa zamanda onu çayınızın, kahvenizin yanına konuk edin deriz. Hem zamandan kazandıran hem de konuklarınıza nefis bir ikramda bulunmak istediğinizde de kurtarıcılarınızdan biri olacak nefis tarifimize davetlisiniz. Mevsimine göre de kolay tiramisularınızın üzerini dilediğiniz meyve ile süsleyebilirsiniz. Şimdiden ellerinize sağlık diyoruz.</p>
<p>Bu arada ""Ben kedi dili ile yapılan orijinal tiramisu <a href=""https://yemek.com/tarif/"" target=""_blank"">tarif</a>ini de merak ediyorum"" derseniz onun tarifini de hemen şöyle bırakıyoruz: <a href=""https://yemek.com/tarif/kedi-dilli-tiramisu/"" target=""_blank"">Kedidilli tiramisu tarifi, nasıl yapılır?</a></p>
",recipe,"['sıcak su', 'toz şeker', 'toz şeker', 'süt', 'un', 'yumurta sarısı', 'kakao', 'hazır kek', 'granül kahve', 'labne peyniri']","['Tiramisunun kremasını hazırlamak için; 2 su bardağı süt, 5 yemek kaşığı toz şeker, 3 yemek kaşığı un ve 1 adet\xa0 yumurta sarısını tencereye alın.', 'Sürekli karıştırarak orta ateşte muhallebi kıvamına gelene kadar pişirin. Piştikten sonra kremayı soğumaya bırakın.', 'Kek tabanını ıslatmak için; bir kasede 1 su bardağı sıcak suya, 1 yemek kaşığı granül kahve ve 1 tatlı kaşığı toz şekerini eriyene kadar karıştırın.', 'Pişirip soğumaya bıraktığınız kremaya 200 gram labne peynirini ekleyin ve bir mikser yardımıyla pürüzsüz bir kıvam alana kadar çırpın.', 'Servis tabağına ya da bir borcama pasta tabanının bir katını yerleştirin.', 'Kahveli karışımın yarısıyla keki ıslatın.', 'Üzerine hazırladığınız kremanın yarısını yayın.', 'Pastanın diğer katını da üzerine koyun ve\xa0 kahveli karışımla ıslatın. Kalan krema ile pastanın üzerini tamamen kaplayın.', 'Son olarak üzerine kakao serpiştirin.', 'Çilek dilimleriyle süsleyip buzdolabında 1- 2 saat beklettikten sonra dilimleyerek servis edin.\xa0Afiyet olsun!']",TATLI,239b56,/tarif/tatli/,"['Tatlı', 'Video', 'Dünya Mutfakları']","['ekonomik', 'ara öğün', 'çay saati']",['Çay Saati'],['Tencere'],['Vejetaryen'],False,900,900,2022-03-31T14:48:27Z,4.0,1687627,4451,False,True,True,0,,0,,,,2014/06/kolay-tiramisu-yemekcom.jpg,0,0,https://cdn.yemek.com/mnresize/940/940/uploads/2014/06/kolay-tiramisu-yemekcom.jpg,940,940,False,https://cdn.yemek.com/mncrop/300/200/uploads/2014/06/kolay-tiramisu-yemekcom.jpg,300,200,True,https://cdn.yemek.com/mncrop/940/625/uploads/2014/06/kolay-tiramisu-yemekcom.jpg,940,625,True,https://cdn.yemek.com/mncrop/620/388/uploads/2014/06/kolay-tiramisu-yemekcom.jpg,620,388,True,https://cdn.yemek.com/mncrop/600/315/uploads/2014/06/kolay-tiramisu-yemekcom.jpg,600,315,True,,,,['İtalya'],,
335,127,Gökçen Mutaf,https://cdn.yemek.com/author/23120/20181227103819_avatar.jpeg,/profil/gokcenmutaf/,Ağızda Dağılan Mükemmel Kıvamıyla: Elmalı Kurabiye,Elmalı Kurabiye,/tarif/elmali-kurabiye/,25 dk,20 dk,"<p><a href=""https://yemek.com/kurabiye-tarifleri-puf-noktalari/"" target=""_blank"">Kurabiye tariflerinin</a> en güzellerinden biri olan en güzel elmalı kurabiye karşınızda! Ağızda dağılan kıvamıyla, <a href=""https://yemek.com/pratik-kurabiye-tarifleri/"" target=""_blank"">pratik kurabiyelerden</a> oluşuyla kalplerinizi çalmaya gelecek bu kıyır kıyır <a href=""https://yemek.com/elmali-kurabiye-tarifleri/"" target=""_blank"">elmalı kurabiye tarifi</a> şekilleriyle, malzemeleriyle, hamuruyla tam ölçülü <a href=""https://yemek.com/tarif/kolay-elmali-kurabiye/"" target=""_blank"">elmalı kurabiye</a> yapmak isteyenlerin yardımına koşacak.</p>
<p><strong>Elmalı kurabiyenin gevrek olmas</strong>ı için yapılması gerekenlerden, nasıl saklanacağına kadar elmalı kurabiye yapmanın tüm püf noktalarını da bulabileceğiniz bu en güzel denenmiş elmalı kurabiye <a href=""https://yemek.com/tarif/"" target=""_blank"">tarifi</a> için çay suyunun altını koyalım hafiften. Elmalı <a href=""https://yemek.com/tarif/kurabiye/"" target=""_blank"">kurabiyeler</a> bizi bekler. Ağızda dağılan, tarçınlı <strong>elmalı kurabiye tarifi</strong>miz için mutfağa davetlisiniz. Afiyetler olsun şimdiden.</p>
",recipe,"['limon suyu', 'toz şeker', 'toz şeker', 'un', 'yoğurt', 'tarçın', 'karbonat', 'tereyağı (oda ısısında bekletilmiş)', 'dövülmüş ceviz içi', 'sıvı yağ', 'kırmızı elma']","['Elmalı kurabiye tarifini hazırlamak için\xa0 rendelenmiş elmaları tavaya alın. Üzerine toz şekeri ilave edin. Karamelize olana dek pişirin.', 'Piştikten sonra üzerine yarım su bardağı kadar dövülmüş ceviz ve tarçın ekleyin, karıştırın.', 'Hamurunu hazırlamak için derin bir kaseye oda sıcaklığında yumuşamış tereyağı, sıvı yağ, yoğurt, toz şeker, limon suyu ve karbonatı ekleyin. Güzelce yoğurun ve ardından unu da azar azar ekleyerek, ele yapışmayan fakat yumuşak olan bir hamur elde edin.', 'Hamuru tezgahın üzerinde toparlayın.', 'Tezgaha hafifçe un serperek açın. Yuvarlak şekiller çıkarıp elmalı harcı ortasına koyun ve iki yandan katlayın.', 'Pişirme kağıdı serdiğiniz fırın tepsisine kurabiyeleri dizin ve önceden ısıtılmış 180 derece fırında üzeri kızarana kadar, yaklaşık 20-25 dakika pişirin.', 'Oda sıcaklığına geldikten sonra üzerine pudra şekeri serpiştirin. Kurabiyeleriniz artık servise hazır! Afiyet olsun..', 'Afiyet olsun..']",TATLI KURABİYE,239b56,/tarif/tatli-kurabiyeler/,"['Kurabiye', 'Video', 'Tatlı Kurabiye']",['çay saati'],['Çay Saati'],['Fırın'],,False,1500,1200,2022-03-11T07:30:23Z,4.0,1597377,7917,False,True,True,0,,0,,,,2022/03/elmali-kurabiye-tarifi-yemekcom.jpg,0,0,https://cdn.yemek.com/mnresize/940/940/uploads/2022/03/elmali-kurabiye-tarifi-yemekcom.jpg,940,940,False,https://cdn.yemek.com/mncrop/300/200/uploads/2022/03/elmali-kurabiye-tarifi-yemekcom.jpg,300,200,True,https://cdn.yemek.com/mncrop/940/625/uploads/2022/03/elmali-kurabiye-tarifi-yemekcom.jpg,940,625,True,https://cdn.yemek.com/mncrop/620/388/uploads/2022/03/elmali-kurabiye-tarifi-yemekcom.jpg,620,388,True,https://cdn.yemek.com/mncrop/600/315/uploads/2022/03/elmali-kurabiye-tarifi-yemekcom.jpg,600,315,True,,,,,,
336,123,Yasemin Özaltın,https://cdn.yemek.com/author/35533/20181219061403_avatar.jpg,/profil/yasemingursurer/,En İyi Kıvam Onda: Mercimek Çorbası,Mercimek Çorbası,/tarif/mercimek-corbasi/,50 dk,10 dk,"<p>Yaz kış demeden her mevsim, her zaman, her durumda elimizin gittiği tariftir <strong>mercimek çorbası tarifi.</strong> En çok sevilen çorbalardan biridir o! Bu yüzden zamansız çorbadır. Belki de bütün <a href=""https://yemek.com/tarif/"" target=""_blank"">yemek tarifleri</a> için böyledir.</p>
<p>Hatta <a href=""https://yemek.com/tarif/ezogelin-corbasi/"" target=""_blank"">ezogelin çorbasıyla</a> olan mücadelesini bir kenara koyarsanız, zamansız çorbaların en güzeli, en birincisi. Bunları söylüyoruz çünkü şimdiye kadar ""<strong>en güzel mercimek çorbası</strong>"" tarifini arayıp bulamadıysanız lezzetli ve pratik bu tencerede mercimek çorbası yapımı tam size göre!</p>
<p>Lafı uzatmadan ""Mercimek çorbası nasıl yapılır?"", ""<strong>Mercimek çorbası nasıl pişirilir?</strong>"" diye merak edenleri ev usulü mercimek çorbası tarifimize alalım. Adım adım resimli anlatımı ve videosuyla her eve mis gibi kokan, şifalı mercimek çorbasını davet edelim.</p>
<p>Afiyetler olsun diyelim, eğer sizin de kendinize özel <strong>mercimek çorbası pişirme yöntemleri</strong>niz varsa yorumlarda tüm okuyucularımızla paylaşmanızı isteyelim.</p>
<p>Not: ""Mercimek çorbası tamam da ben daha fazla çorba çeşidi de görmek istiyorum"" diyenleri şöyle alalım: <a href=""https://yemek.com/tarif/corba/"" target=""_blank"">Çorba Tarifleri</a>!</p>
",recipe,"['kuru soğan', 'tereyağı', 'sıcak su', 'tuz', 'ayçiçek yağı', 'un', 'patates', 'karabiber', 'kırmızı ya da sarı mercimek', 'havuç', 'kırmızı toz biber', 'sıvı yağ']","['Derin bir tencereye 3 yemek kaşığı sıvı yağ ekleyin. İri doğranmış 1 adet büyük soğanı sıvı yağ ile birlikte kavurun.', 'Kavrulan soğanlara 1 yemek kaşığı unu ekleyin ve kokusu çıkıp, renk alana kadar kavurma işlemini sürdürün.\xa0İri parçalar halinde doğradığınız birer adet havuç ve patatesi tencereye aktarıp karıştırmaya devam edin.', 'Tuz, karabiber ve bol suda yıkadıktan sonra suyunu süzdürdüğünüz\xa01,5 su bardağı mercimeği\xa0 de ilave edin ve son kez güzelce karıştırın.', '6 su bardağı sıcak suyu da tencereye ilave edin.', 'Ardından kapağını kapatın, patates ve havuçlar yumuşayana kadar ara ara karıştırarak 40 dakika kadar pişirin.', 'Çorba piştikten sonra pürüzsüz bir kıvam alması için; el blenderından geçirin. 5 dakika daha pişirdikten sonra ocaktan alın.', '3 yemek kaşığı sıvı yağ ve 2 yemek kaşığı tereyağını bir tavada kızdırın. Üzerine 1 tatlı kaşığı toz kırmızı biberi ekleyin ve 2 dakika yağı kızdırdıktan sonra ocaktan alın.', 'Çorbayı bir kaseye alın ve üzerine kızdırdığınız yağdan gezdirip servis edin.']",ÇORBA,,/tarif/corba/,"['Çorba', 'Ramazan', 'Video', 'Bakliyat']","['akşam yemeği', 'öğle yemeği']","['Başlangıç', 'Öğle Yemeği', 'Ara Öğün', 'Akşam Yemeği']",['Tencere'],"['Ekonomik', 'Vejetaryen', 'Bol Proteinli']",False,3000,600,2022-03-31T14:25:26Z,4.0,2607774,11074,False,True,True,0,,0,,,,2014/06/mercimek-corbasi-yemekcom.jpg,0,0,https://cdn.yemek.com/mnresize/940/940/uploads/2014/06/mercimek-corbasi-yemekcom.jpg,940,940,False,https://cdn.yemek.com/mncrop/300/200/uploads/2014/06/mercimek-corbasi-yemekcom.jpg,300,200,True,https://cdn.yemek.com/mncrop/940/625/uploads/2014/06/mercimek-corbasi-yemekcom.jpg,940,625,True,https://cdn.yemek.com/mncrop/620/388/uploads/2014/06/mercimek-corbasi-yemekcom.jpg,620,388,True,https://cdn.yemek.com/mncrop/600/315/uploads/2014/06/mercimek-corbasi-yemekcom.jpg,600,315,True,"['tencere', 'vejetaryen', 'bol lifli']",greenLight,,,,
337,118,Yasemin Özaltın,https://cdn.yemek.com/author/35533/20181219061403_avatar.jpg,/profil/yasemingursurer/,Orijinal Tarifi Burada: Domates Çorbası,Domates Çorbası,/tarif/domates-corbasi/,30 dk,30 dk,"<p>Havalar soğumaya başladı, yaz mevsimini hep birlikte uğurladık. Hafif hüzünlüyüz, ancak dumanı üzerinde tüten çorbalar içeceğimiz için de mutluyuz. En sevdiğiniz <a href=""https://yemek.com/tarif/corba/"" target=""_blank"">çorba</a> tarifi nedir? Bizim için <a href=""https://yemek.com/tarif/domates-corbasi/"" target=""_blank"">domates çorbasının</a> ayrı bir yeri var diyebiliriz. Bütün <a href=""https://yemek.com/tarif/"" target=""_blank"">yemek tarifleri</a>nin arasında yeri ayrı.</p>
<p>Hele ki dumanı üstünde ev yapımı domates çorbası yok mu..Gelin onu güzelleyelim bir parça. Domates çorbası tarifi kaşar peynirsiz olmaz. Bazen yerini krema alabilir ama domates çorbasını özel kılan ilk kaşıkla birlikte uzayıp giden kaşar peyniridir. Onu toparlaması ve sağa sola bulaştırmadan yenilmesi ayrı bir maceradır. <a href=""https://yemek.com/tarif/baharatli-kruton/"" target=""_blank"">Kızarmış ekmek dilimleri</a> hatta mümkünse <a href=""https://yemek.com/tarif/sarimsakli-ekmek/"" target=""_blank"">sarımsaklı ekmekler</a> çorbaya ayrı bir tat katar. Soğuk kış günlerinin keyfi böyle böyle çıkar.</p>
<p>Siz de bu <a href=""https://yemek.com/tarif/kolay-domates-corbasi/"" target=""_blank"">kolay domates çorbası</a> tarifiyle sevdiklerinizin içini ısıtabilir; onu sandığınızdan çok daha kolay ve pratik bir şekilde yapabilirsiniz. Şimdiden afiyet olsun!</p>
<p>&nbsp;</p>
",recipe,"['tereyağı', 'tuz', 'un', 'sıcak et suyu', 'sıcak süt', 'rendelenmiş kaşar peyniri', 'domates']","['Tereyağını tavada eritin.', 'Unu ekleyip kokusu çıkana kadar kısık ateşte kavurun.', 'Rendelenmiş domatesleri kavrulmuş un karışımına ekledikten sonra 5 dakika kadar pişirin.', 'Üzerine sıcak et suyunu ve tuzu ilave edin. Kesilmemesi için küçük bir cezvede ısıttığınız sütü azar azar ekleyip hızlıca karıştırın.', 'Çorbayı kaynayana kadar orta ateşte ardından da kısık ateşte 15 dakika kadar pişirin. Daha pürüzsüz bir kıvam alması için blenderdan geçirin. Servis kaselerine aldığınız çorbayı, rendelenmiş kaşar peynir ilavesiyle sıcak olarak servis edin.\xa0Afiyet olsun!']",ÇORBA,,/tarif/corba/,"['Çorba', 'Video', 'Mevsiminde']","['akşam yemeği', 'öğle yemeği']","['Öğle Yemeği', 'Akşam Yemeği']",['Tencere'],"['Ekonomik', 'Vejetaryen']",False,1800,1800,2022-03-18T15:00:23Z,4.0,2396278,8509,False,True,True,0,,0,,,,2022/03/domates-corbasi-sevgililer-gunu-gorsel.jpg,0,0,https://cdn.yemek.com/mnresize/940/940/uploads/2022/03/domates-corbasi-sevgililer-gunu-gorsel.jpg,940,940,False,https://cdn.yemek.com/mncrop/300/200/uploads/2022/03/domates-corbasi-sevgililer-gunu-gorsel.jpg,300,200,True,https://cdn.yemek.com/mncrop/940/625/uploads/2022/03/domates-corbasi-sevgililer-gunu-gorsel.jpg,940,625,True,https://cdn.yemek.com/mncrop/620/388/uploads/2022/03/domates-corbasi-sevgililer-gunu-gorsel.jpg,620,388,True,https://cdn.yemek.com/mncrop/600/315/uploads/2022/03/domates-corbasi-sevgililer-gunu-gorsel.jpg,600,315,True,['tencere'],greenLight,"['Haziran', 'Temmuz', 'Ağustos', 'Eylül']",,,
338,72,Yasemin Özaltın,https://cdn.yemek.com/author/35533/20181219061403_avatar.jpg,/profil/yasemingursurer/,En Gerçek Tarifiyle: Ezogelin Çorbası,Ezogelin Çorbası,/tarif/ezogelin-corbasi/,45 dk,15 dk,"<p>Türk mutfağına özgü, buram buram Anadolu kokan, binlerce yıllık bir <a href=""https://yemek.com/tarif/corba/"" target=""_blank"">çorba tarifiyle</a> karşınızdayız. <a href=""https://yemek.com/tarif/"" target=""_blank"">Yemek tarifleri</a> arasından seçtiğiniz ana yemek ne olursa olsun, ona mutlaka yakışacak olan ezogelin çorbasından bahsediyoruz. Siz de bu kolay ev yapımı ezogelin çorbasıyla sofralarınızı sıcacık yapabilirsiniz.</p>
<p>Ezogelin çorbası tarifi; yüksek oranda bereket içerir. Besleyicidir, lezzetlidir, pratiktir. Tüm bunların yanı sıra <a href=""https://yemek.com/tarif/mercimek-corbasi/"" target=""_blank"">mercimek çorbası</a> ile olan amansız rekabetiyle, bütün kebapçıların olmazsa olmaz çorbası olma özelliğini taşır. Hastalıklara karşı amansızca savaşır, siz iyi olun diye varını yolunu ortaya koyar. Tırnak pide ya da <a href=""https://yemek.com/tarif/bazlama/"" target=""_blank"">bazlama</a>yı çok sever.</p>
<p>Ezogelin çorbasını Türk mutfak tarihine kazandıran ve çorbaya adını veren Gaziantep’in Uruş (Dokuzyol) köyünde yaşamış olan Ezo Gelin’e şükranlarımızı sunarız. Merak edenler varsa ezogelin çorbasının hikayesi hemen şurada: <a href=""https://yemek.com/ezogelin-corbasinin-hikayesi/"" target=""_blank"">Hikayesi de Lezzeti Kadar Anadolu: Ezogelin Çorbasının Hikayesi</a></p>
<p>O zaman adım adım resimli ve videolu ezogelin çorbası yapılışı ve tarifi sizi bekler. <img src=""https://cdn.yemek.com/assets/images/smiley/wink.png"" class=""wp-smiley img-responsive"" /></p>
",recipe,"['kırmızı mercimek', 'pirinç', 'bulgur', 'kuru soğan', 'tereyağı', 'sıcak su', 'nane', 'tuz', 'limon suyu', 'pul biber', 'domates salçası']","['Sıcak suyu geniş bir tencerede kaynatın. Yıkayıp suyunu süzdürdüğünüz 2 çay bardağı kırmızı mercimeği tencereye aktarın.', '3 yemek kaşığı pirinci, 2 yemek kaşığı bulguru ve 1 tatlı kaşığı tuzu tencereye aktarın.', 'Yaklaşık 35 dakika, kırmızı mercimekler yumuşayana kadar pişirin.', 'Ayrı bir tavada 1 yemek kaşığı tereyağını eritin.', 'Üzerine 1 adet küp doğranmış kuru soğanı ekleyin ve kavurmaya başlayın.', 'Kavrulan soğanlara 1 tatlı kaşığı domates salçasını ekleyin.', '1 tatlı kaşığı naneyi ekleyip, 2 dakika daha kavurun.', 'Kavrulan sosunuzu ocaktan alın.', 'Bakliyatları kaynattığınız tencereye kavrulan salçalı soğan karışımı ekleyin.', 'Sonra hızlıca karıştırdığınız çorbayı 10 dakika daha pişirin.', 'Limon suyu ve pul biber ilavesiyle sıcak olarak servis edin.\xa0Afiyet olsun!']",ÇORBA,,/tarif/corba/,"['Çorba', 'Ramazan', 'Video']","['ekonomik', 'öğle yemeği']","['Öğle Yemeği', 'Ara Öğün', 'Akşam Yemeği']",['Tencere'],"['Ekonomik', 'Vejetaryen']",False,2700,900,2019-04-10T08:00:07Z,4.0,2061511,10279,False,True,True,0,,0,,,,2014/06/ezogelin-corbasi-yemekcom.jpg,0,0,https://cdn.yemek.com/mnresize/940/940/uploads/2014/06/ezogelin-corbasi-yemekcom.jpg,940,940,False,https://cdn.yemek.com/mncrop/300/200/uploads/2014/06/ezogelin-corbasi-yemekcom.jpg,300,200,True,https://cdn.yemek.com/mncrop/940/625/uploads/2014/06/ezogelin-corbasi-yemekcom.jpg,940,625,True,https://cdn.yemek.com/mncrop/620/388/uploads/2014/06/ezogelin-corbasi-yemekcom.jpg,620,388,True,https://cdn.yemek.com/mncrop/600/315/uploads/2014/06/ezogelin-corbasi-yemekcom.jpg,600,315,True,['tencere'],greenLight,,,,
339,247,Yasemin Özaltın,https://cdn.yemek.com/author/35533/20181219061403_avatar.jpg,/profil/yasemingursurer/,Tam Ölçülü: Pancake (Pankek),Pancake (Pankek),/tarif/pancake/,20 dk,20 dk,"<p>Bizim kültürümüzde <a href=""https://yemek.com/tarif/akitma/"" target=""_blank"">akıtma</a> ya da <a href=""https://yemek.com/tarif/krep"" target=""_blank"">krep</a> olarak bilinen hamur işinin biraz daha kalını ve kahvaltıların yıldızıdır pankek. Peynirli, zeytin ezmeli tuzlu çeşitleri yapılabileceği gibi çikolata kremalı ve meyveli çeşitlerini de aynı tarifle kolaylıkla hazırlayabilirsiniz. <a href=""https://yemek.com/tarif/kahvaltiliklar/"" target=""_blank"">Kahvaltılık tarif</a> aradığınızda eliniz bu tarife hemen gidecek.</p>
<p>Bu kahvaltılık <a href=""https://yemek.com/tarif/kolay-pankek/"" target=""_blank"">kolay pankek tarifi</a>nde pankek hamurunun nasıl yapılacağından <strong>tavada pankek yapmanın püf noktalarına</strong> kadar her şeyi bulabilecek, evde pankek yapımının tüm inceliklerini öğreneceksiniz.</p>
<p>Pancake tarifi gerçekten oldukça basit. Yumurta, un, kabartma tozu, toz şeker, süt, ayçiçek yağı gibi temel malzemeler içeriyor bu <strong>pratik hamur işi</strong>. Servis esnasında meyve dilimleri, eritilmiş çikolata çeşitleri, sosları oldukça yakışıyor. Akçaağaç şurubuyla da çok iyi gittiğini söylemeden geçmeyelim.</p>
<p>4 kişilik pankek nasıl yapılır diyenler için adım adım resimli ve videolu pancake tarifiyle en güzel pankekler hep sizin mutfaktan çıkacak! <img src=""https://cdn.yemek.com/assets/images/smiley/smile.png"" class=""wp-smiley img-responsive"" /></p>
",recipe,"['tuz', 'yumurta', 'toz şeker', 'ayçiçek yağı', 'ayçiçek yağı', 'süt', 'un', 'kabartma tozu', 'bal', 'vanilin']","['Pankek tarifi için derin bir karıştırma kabında 2 yumurta ve yarım su bardağı şekeri alın.', 'Şeker eriyene ve karışım krema kıvamını alana kadar\xa0çırpın.', 'Yumurtalı karışımın üzerine, 2 yemek kaşığı sıvı yağ ve 1,5 su bardağı sütü de koyup tekrar çırpın.', '2 su bardağı un, 1 paket kabartma tozu, 1 paket vanilin ve bir tutam tuzu da eleyerek karışımın içerisine ekleyin.', 'Pürüzsüz bir kıvam alana kadar çırpın.', 'İlk pankeki pişirmek için; krep tavasını ayçiçek yağı ile yağlayın. Kızdırdığınız tavaya küçük bir kepçe ya da bir kahve fincanı kadar pankek harcını aktarın.', 'Ocağın altını kısın. Pankeki, üzeri göz göz olana kadar pişirin. Bir spatula yardımıyla çevirdiğiniz pankekin diğer tarafını da aynı şekilde pişirin.', 'Krep tavasını arada yağlayarak pankek harcı bitene kadar aynı işlemi tekrarlayın.', 'Servis tabağına aldığınız pankeklerin üzerine tereyağı koyup bal gezdirebilirsiniz, afiyet olsun.']",KAHVALTILIK,239b56,/tarif/kahvaltiliklar/,"['Kahvaltılık', 'Video']","['kahvaltı', 'çay saati']","['Kahvaltı', 'Çay Saati']",['Tava'],"['Ekonomik', 'Vejetaryen']",False,1200,1200,2022-03-10T07:30:22Z,4.0,2051860,12838,False,True,True,0,,0,,,,2014/07/pancake-yemekcom.jpg,0,0,https://cdn.yemek.com/mnresize/940/940/uploads/2014/07/pancake-yemekcom.jpg,940,940,False,https://cdn.yemek.com/mncrop/300/200/uploads/2014/07/pancake-yemekcom.jpg,300,200,True,https://cdn.yemek.com/mncrop/940/625/uploads/2014/07/pancake-yemekcom.jpg,940,625,True,https://cdn.yemek.com/mncrop/620/388/uploads/2014/07/pancake-yemekcom.jpg,620,388,True,https://cdn.yemek.com/mncrop/600/315/uploads/2014/07/pancake-yemekcom.jpg,600,315,True,,,,['Amerika Birleşik Devletleri'],,
340,188,Yasemin Özaltın,https://cdn.yemek.com/author/35533/20181219061403_avatar.jpg,/profil/yasemingursurer/,"Kabardıkça Kabarır, Şerbetini Tam Çeker: Revani",Revani,/tarif/revani/,30 dk,35 dk,"<p>Bugün akşam yemeğine en lezzetli <a href=""https://yemek.com/ramazan-tatlilari/"" target=""_blank"">ramazan tatlılarından</a> biri olan revaniyi koyacağız. Revani tarifini uygularken bir yandan saray mutfağının bize Osmanlı'dan kalan en yadigar şeylerden biri olduğunu hatırlayacağız. Yaptığımız <a href=""https://yemek.com/tarif/"" target=""_blank"">yemek tariflerine</a> tatlı olarak onu çok yakıştıracağız. <a href=""https://yemek.com/tarif/tatli/"" target=""_blank"">Tatlı tariflerinin</a> arasında en çok sevdiklerimiz arasına ekleyeceğiz.</p>
<p>Klasik revaniyi evde pratik bir şekilde yapabilmek mümkün aslında. <strong>""Revani tatlısı nasıl yapılır""</strong> sorusunun hemen aşağıda adım adım resimli cevabını bulabileceğiniz nefis irmikli ve tam ölçülü evde kolay <a href=""https://yemek.com/tarif/muhallebili-revani/"" target=""_blank"">revani</a> yapımı tarifimizin bir püf noktası var bilinmesi gereken: Tahmin edeceğiniz gibi <a href=""https://yemek.com/tarif/serbetli-tatlilar/"" target=""_blank"">şerbetli tatlılardan</a> revaninin kıvamı önemli, onu da bir kaşık yardımıyla alacağınız şerbeti parmağınıza damlatıp, damlanın yayılıp yayılmadığını görerek anlayabilirsiniz. Eğer şerbet damlası yayılmıyorsa kıvamı tutmuş, revani yapımı için hazır hale gelmiş demektir. Böylelikle <strong>""Revani şerbeti nasıl dökülür, revani şerbeti nasıl olmalı?""</strong> sorusunun cevabını merak edenleri de rahatlatmış olduk.</p>
<p>Şerbetin yoğunluğu ile kekinin kabarıklığı için düşündüğümüz revani yapımı püf noktalarını tarif kısmında bulabilirsiniz. <a href=""https://yemek.com/revani-tarifleri/"" target=""_blank"">Farklı revani tarifleri</a> ve çok sevilen <a href=""https://yemek.com/tarif/hashasli-revani/"" target=""_blank"">haşhaşlı revani</a> tarifimizi de şöyle bırakalım.</p>
<p>O halde lafı daha fazla uzatmayalım, sizi en güzel revani tarifiyle baş başa bırakalım.</p>
",recipe,"['limon suyu', 'yumurta', 'toz şeker', 'toz şeker', 'ayçiçek yağı', 'un', 'kabartma tozu', 'su', 'yoğurt', 'irmik', 'rendelenmiş Hindistan cevizi', 'vanilin']","['Tatlının şerbetini hazırlamak için;\xa03 su bardağı su ve 2,5 su bardağı toz şekeri\xa0bir tencereye aktarın.', 'Kısık ateşte yaklaşık 30 dakika kadar kaynattıktan sonra limon suyunu ekleyin ve ılınması için ocaktan alın.', '3 yumurta bir kabın içerisine aktarın.', 'Üzerine 1 çay bardağı toz şekeri bir mikser yardımıyla toz şeker tamamen eriyene kadar karıştırın.', '1 çay bardağı ayçiçek yağı, 1 su bardağı yoğurt ve 1 su bardağı irmiği de ekledikten sonra tekrar karıştırın.', 'Son olarak 1,5 su bardağı\xa0un, 1 paket kabartma tozu ve 1 paket vanilini de karışıma ekledikten sonra çırpma işlemini sürdürün.', 'Yağlanmış fırına dayanıklı kalıbın içerisine hazırladığınız revani karışımını dökün.', 'Önceden ısıtılmış 180 derece fırında\xa025-30 dakika kadar pişirin.\xa0Fırından çıkardığınız revaninin ilk sıcaklığı geçtikten sonra oda sıcaklığında soğumuş şerbeti üzerine dökün ve şerbeti çekene kadar yaklaşık 1-2 saat bekleyin.', 'Ardından bıçak yardımıyla revaniyi dilimleyin.', 'Dilimlediğiniz ılık tatlıya rendelenmiş Hindistan cevizi serpiştirip servis edin. Afiyet olsun!']",ŞERBETLİ TATLI,239b56,/tarif/serbetli-tatlilar/,"['Tatlı', 'Şerbetli Tatlı', 'Ramazan', 'Video']","['ekonomik', 'çay saati']",['Çay Saati'],"['Fırın', 'Tencere']",,False,1800,2100,2022-04-20T11:00:29Z,4.0,2029239,5485,False,True,True,0,,0,,,,2014/06/revani-yemekcom.jpg,0,0,https://cdn.yemek.com/mnresize/940/940/uploads/2014/06/revani-yemekcom.jpg,940,940,False,https://cdn.yemek.com/mncrop/300/200/uploads/2014/06/revani-yemekcom.jpg,300,200,True,https://cdn.yemek.com/mncrop/940/625/uploads/2014/06/revani-yemekcom.jpg,940,625,True,https://cdn.yemek.com/mncrop/620/388/uploads/2014/06/revani-yemekcom.jpg,620,388,True,https://cdn.yemek.com/mncrop/600/315/uploads/2014/06/revani-yemekcom.jpg,600,315,True,,,,,,
341,2744,Cemre Özgüzel,https://cdn.yemek.com/author/109/20200211010242_avatar.jpg,/profil/cemre-ozguzel/,Az Malzemeyle Mükemmel Kıvam: Muhallebi,Muhallebi,/tarif/muhallebi/,15 dk,5 dk,"<p>Çocukluğumuzdan beri damağımızın alışık olduğu bir <a href=""https://yemek.com/tarif/tatli/"" target=""_blank"">tatlı tarifi</a> muhallebi. <strong>Pirinç unuyla hazırlanan muhallebi tarifler</strong>i olsa da kıvamı nişastayla bağlandığında bir o kadar güzel olur tadı. Öylesine yalın ve naif bir tattır ki kuru yemişler, çikolata ve çeşitli meyve sosları eşliğinde farklı tariflere bürünür.</p>
<p>Yaz sıcağına yakışır muhallebi tatlısı, keyfi kaşıklanır. Üzerine toz tarçınla yapabileceğiniz süslemelerle de saygı uyandırır. Başarıyla uygulanmış bir sütlü muhallebi tarifini tamamlayıcı nitelikte olan bu süslemeler ise tamamen sizin yaratıcılığınıza kalmış. <a href=""https://yemek.com/tarif/sutlu-tatlilar/"" target=""_blank"">Sütlü tatlıların </a>en kolay ve ekonomiği olan <strong>muhallebi tarifi</strong>mizle keyif dolu dakikalar yaşayabilirsiniz.</p>
<p>Biz sade muhallebi hazırladık ama diğer muhallebi çeşitleri için sizi şu tariflerimize de bekleriz: <a href=""https://yemek.com/muhallebi-tarifleri/"" target=""_blank"">Sıcak Yaz Günlerinde Midenizi Yormayarak Sizi Mutlu Edecek 17 Muhallebi Tarifi</a></p>
<p>En güzel muhallebinin sizin elinizden çıkmasını sağlayacak olan bu tarifi ister bardakta, ister kupta, ister fincanda servis edebilirsiniz. Hazırsanız pratik ve <a href=""https://yemek.com/tarif/kolay-muhallebi/"" target=""_blank"">kolay muhallebi</a> tarifimizle başbaşa bırakalım sizi.</p>
",recipe,"['tereyağı', 'toz şeker', 'süt', 'un', 'toz Antep fıstığı', 'buğday nişastası', 'muz', 'vanilin']","['5\xa0su bardağı soğuk sütü geniş bir tencereye aktarın.\xa0Yarım çay bardağı un, 3 yemek kaşığı buğday nişastası ve 1 su bardağı toz şekeri ilave ettikten sonra ocağın altını açın.', 'Ara ara karıştırarak koyu bir kıvam alana kadar pişirin.', 'Kıvam alan muhallebinin altını kapatın.', 'Henüz sıcakken içerisine\xa01 tatlı kaşığı tereyağı ve 1 paket vanilin ilave ederek çırpın.', 'Ardından servis kaselerine paylaştırın ve soğutun.', 'Antep fıstığıyla süsleyip tatlandırdığınız muhallebileri soğuk olarak sevdiklerinizle paylaşın.']",SÜTLÜ TATLI,239b56,/tarif/sutlu-tatlilar/,"['Tatlı', 'Ramazan', 'Sütlü Tatlı', 'Video']","['pratik yemek tarifleri', 'çay saati']",['Çay Saati'],['Tencere'],['Ekonomik'],False,900,300,2019-04-04T08:57:18Z,4.0,1868226,4584,False,True,True,0,,0,,,,2015/06/muhallebi-yemekcom.jpg,0,0,https://cdn.yemek.com/mnresize/940/940/uploads/2015/06/muhallebi-yemekcom.jpg,940,940,False,https://cdn.yemek.com/mncrop/300/200/uploads/2015/06/muhallebi-yemekcom.jpg,300,200,True,https://cdn.yemek.com/mncrop/940/625/uploads/2015/06/muhallebi-yemekcom.jpg,940,625,True,https://cdn.yemek.com/mncrop/620/388/uploads/2015/06/muhallebi-yemekcom.jpg,620,388,True,https://cdn.yemek.com/mncrop/600/315/uploads/2015/06/muhallebi-yemekcom.jpg,600,315,True,,,,,,
342,4172,ipeksare,https://cdn.yemek.com/author/262494/20200820091315_avatar.jpg,/profil/ipeksare/,Tane Tane Dökülür: Pirinç Pilavı,Pirinç Pilavı,/tarif/pirinc-pilavi/,20 dk,15 dk,"<p>Türlü türlü <a href=""https://yemek.com/tarif/"" target=""_blank"">yemek tariflerini</a> tamamlayan, <a href=""https://yemek.com/tarif/kuru-fasulye/"" target=""_blank"">kuru fasulye</a>-turşu ikilisine komşu olan, bir dönem yoğurtla takılan, <a href=""https://yemek.com/tarif/anne-koftesi/"" target=""_blank"">köfte patates</a> sevdalısı pilav... Kaşıktan tel tel dökülen pilav... Aromatik sebze ve kuru baharatlarla ev yapımı tavuk suyunuzu kendiniz hazırlayın bir güzel, ortalama pirinç çeşitlerine göre bir ölçü pirince bir buçuk ölçü su kullanacağınızı düşünün.</p>
<p>Yanma derecesini yükseltmek için tereyağını az miktarda ayçiçek yağıyla kavurun. Az miktarda arpa ya da tel şehriyeyi kavurup berrak su çıkana kadar duruladığınız pirinçleri pilav tenceresine alın. Şeffaf bir renk alana kavurup sıcak tavuk suyunu ekleyin. Tuzla tatlandırın, taze sıkılmış limon suyu, kesme şeker gibi unsurları küçük püf noktaları olarak değerlendirin pilav tarifinde. ""Pilavın tane tane olması için ne yapılır?"" diye soruyorsanız da size nefis önerilerimiz var: <a href=""https://yemek.com/pilav-nasil-yapilir/"" target=""_blank"">Tane Tane Dökülen Ev Yapımı Pilavlar İçin Demini Almış 5 Öneri</a></p>
<p>Pilavı yiyip de hemen kaçmayın, yorum bırakmayı unutmayın, yaptığınız bir değişiklik varsa bizlerle de paylaşın. Şimdiden ellerinize sağlık diyor tane tane dökülen pirinç pilavı tarifimize buyurun.</p>
<p>Farklı pilav tarifleri içinse sizi <a href=""https://yemek.com/tarif/pilav/"" target=""_blank"">şöyle</a> alalım. <img src=""https://cdn.yemek.com/assets/images/smiley/smile.png"" class=""wp-smiley img-responsive"" /></p>
",recipe,"['pirinç', 'tereyağı', 'sıcak su', 'tuz', 'karabiber']","['Uygun bir pilav tenceresinin içerisine tereyağı ekleyin.', 'Tereyağı eridikten sonra pirinçleri ekleyip kavurmaya başlayın. Pirinçler tane tane dökülmeye başlayana kadar yaklaşık 5 dakika kavurun.', 'Sıcak suyu ekleyin, tuzu ve karabiberi de ilave edin.', 'Bir kez karıştırın, kapağını kapatın ve kısık ateşte pişirin.', 'Suyunu çeken pilavın üzerine bir bez koyun ve demlenmesi için dinlendirin.', 'Biraz et ya da tavuk ile servis edebilirsiniz. Afiyet olsun!']",PİLAV,239b56,/tarif/pilav/,"['Pilav', 'Video']","['ekonomik', 'akşam yemeği', 'öğle yemeği']","['Öğle Yemeği', 'Akşam Yemeği']",['Tencere'],['Ekonomik'],False,1200,900,2020-09-02T06:35:37Z,4.0,1783014,2538,False,True,True,0,,0,,,,2020/09/pirinc-pilavi-yemekcom.jpg,0,0,https://cdn.yemek.com/mnresize/940/940/uploads/2020/09/pirinc-pilavi-yemekcom.jpg,940,940,False,https://cdn.yemek.com/mncrop/300/200/uploads/2020/09/pirinc-pilavi-yemekcom.jpg,300,200,True,https://cdn.yemek.com/mncrop/940/625/uploads/2020/09/pirinc-pilavi-yemekcom.jpg,940,625,True,https://cdn.yemek.com/mncrop/620/388/uploads/2020/09/pirinc-pilavi-yemekcom.jpg,620,388,True,https://cdn.yemek.com/mncrop/600/315/uploads/2020/09/pirinc-pilavi-yemekcom.jpg,600,315,True,['tencere'],,,,,
343,313,Yasemin Özaltın,https://cdn.yemek.com/author/35533/20181219061403_avatar.jpg,/profil/yasemingursurer/,Yağ Çekmeden Pişer: Mücver,Mücver,/tarif/mucver/,15 dk,15 dk,"<p>Türk mutfağının, mutfağımıza ait tüm <a href=""https://yemek.com/tarif/"" target=""_blank"" rel=""noopener"">yemek tariflerinin</a> uzağında ama çok sevilen kuzeni ya da teyzesidir mücver tarifi. Her öğün göremezsin, her akşam yemezsin, yiyemezsin. Ancak her gördüğünde mutlu olursun; daha çok görmek istersin. Özeldir, yeri ayrıdır. Herkes güzelini yapamaz.</p>
<p>Arzu ettiğiniz yeşillik, patates, havuç hatta kereviz gibi <a href=""https://yemek.com/tarif/sebze/"" target=""_blank"" rel=""noopener"">sebze</a>leri de ekleyerek hazırlayabileceğiniz bir <a href=""https://yemek.com/tarif/atistirmaliklar/"" target=""_blank"" rel=""noopener"">atıştırmalık</a>, kolay mücver tarifimiz var. Ne güzel olur <strong>kabak mücveri</strong>, küçük püf noktaları vardır onun. Çok fazla yağ çekmemesi için yağı önceden kızdırmalı, rendelenmiş sebzelerin suyunu sıkmalı, sebzelerin taze olmasına dikkat etmeli örneğin.</p>
<p>Anne eli değmiş mücver, bu tarifte biraz daha renk kazanıyor. Yeşillik ve kabakların yanına havuç da katılıyor. Ana yemeğiniz ne olursa olsun bugün sofranızda <strong>kızarmış çıtır mücverler</strong> de yer alsın bizce.</p>
<p>Daha fazla mücver çeşidi görmek isteyenleri ise şöyle alabiliriz: <a href=""https://yemek.com/mucver-tarifleri/"" target=""_blank"" rel=""noopener"">Mücver Tarifleri</a></p>
<p>Kızartmalardan uzak duruyorsanız sizi fırında kabak mücveri tarifimize şuradan davet edelim: <a href=""https://yemek.com/tarif/firinda-mucver/"" target=""_blank"" rel=""noopener"">Fırında Mücver Tarifi, Nasıl Yapılır?</a></p>
<p>Videolu tarifimize aşağıya bırakıyoruz. Keyfini çıkarmanız dileğiyle!</p>",recipe,"['tuz', 'yumurta', 'un', 'karabiber', 'havuç', 'taze soğan', 'kabak', 'dereotu', 'sıvı yağ']","['<p>Mücver için bol suda yıkadığınız kabakları rendenin\xa0iri kısmıyla rendeleyin.\xa0Mücveri sulandırmaması için; rendelenmiş kabakların suyunu sıkarak çıkartın.</p>', '<p>Geniş bir kapta rendelenen kabakları, havucu, yumurtayı, taze soğanı, dereotunu, tuzu, karabiberi birleştirin.</p>', '<p>Unu da ilave edip tüm malzemeler birbiriyle harmanlayın.</p>', '<p>Tüm malzemeler macun kıvamını alana kadar spatula yardımıyla karıştırın.</p>', '<p>Her bir mücver 1 tepeleme yemek kaşığı olacak şekilde ayarlayıp tavaya dökün.</p>', '<p>Kızgın yağda altın sarısı rengini alana kadar kızartın. Mücverlerin fazla yağını havlu kağıda süzdürdükten sonra servis tabağına alın ve çırpılmış yoğurt ile servis edin. Afiyet olsun!</p>']",SEBZE,239b56,/tarif/sebze/,"['Sebze', 'Özel Beslenme', 'Vejetaryen', 'Video', 'Kızartma', 'Mevsiminde']",,['Çay Saati'],['Kızartma'],"['Ekonomik', 'Vejetaryen']",False,900,900,2021-11-09T03:30:59Z,4.0,1738171,11618,False,True,True,0,,0,,,,2014/07/mucver-ytk-site.jpg,0,0,https://cdn.yemek.com/mnresize/940/940/uploads/2014/07/mucver-ytk-site.jpg,940,940,False,https://cdn.yemek.com/mncrop/300/200/uploads/2014/07/mucver-ytk-site.jpg,300,200,True,https://cdn.yemek.com/mncrop/940/625/uploads/2014/07/mucver-ytk-site.jpg,940,625,True,https://cdn.yemek.com/mncrop/620/388/uploads/2014/07/mucver-ytk-site.jpg,620,388,True,https://cdn.yemek.com/mncrop/600/315/uploads/2014/07/mucver-ytk-site.jpg,600,315,True,,,"['Haziran', 'Temmuz', 'Ağustos']",,,
344,272,Neşe Ümit Tan,https://cdn.yemek.com/author/208653/20190910030615_avatar.jpg,/profil/neseumit/,Tam Kıvamında: Sütlaç,Sütlaç,/tarif/sutlac/,31 dk,5 dk,"<p><a href=""https://yemek.com/tarif/"" target=""_blank"">Yemek tariflerinin</a> en tatlı, en sevilen ismi, <a href=""https://yemek.com/tarif/sutlu-tatlilar/"" target=""_blank"">sütlü tatlılar</a>ın en besleyicisi, pirincin en güzel halidir sütlaç tarifi. Tencerede kıvam aldıktan sonra ısıya dayanıklı toprak kaplara paylaştırılıp fırında kızaran hali <a href=""https://yemek.com/tarif/firin-sutlac/"" target=""_blank"">fırın sütlaç</a> ismini alır. Çocukluk yıllarından aşina olduğumuz besleyici bir tatlıdır. <a href=""https://yemek.com/"" target=""_blank"">Tarifler</a> içinde özellikle sütlü tatlıların ve <a href=""https://yemek.com/tarif/tatli/"" target=""_blank"">tatlı tariflerinin</a> en şahanesidir!</p>
<p>Ev yapımı sütlacı tam kıvamında ve tam ölçülü yapmak için birkaç püf noktasına ihtiyacınız var. Klasik sütlaçtan vazgeçemeyenlerin evde nefis <a href=""https://yemek.com/tarif/firin-sutlac/"" target=""_blank"">fırın sütlaçlar</a> yapmasını sağlayacak olan ve en güzel sütlaç tarifine ulaşmanızı sağlayacak bu tarifi bir köşeye not edin deriz. <a href=""https://yemek.com/tarif/sutlu-tatlilar/"" target=""_blank"">Sütlü tatlıların</a> en güzeli, <a href=""https://yemek.com/ramazan-tatlilari/"" target=""_blank"">ramazan için tatlılardan</a> <strong>en hafif sütlaç tarifi</strong> karşınızda!</p>
",recipe,"['pirinç', 'sıcak su', 'toz şeker', 'süt', 'su', 'buğday nişastası']","['Sadece bir kez sudan geçirerek yıkadığınız\xa0pirinci tencereye alın ve\xa02 su bardağı sıcak suyu ekleyerek kısık ateşte pişirmeye başlayın. Bu sırada ara ara nazikçe karıştırın.', 'Pirinç, suyu çekip lapa hale gelince üzerine sütü ilave edin. Karıştırın ve\xa0süt kaynayana kadar ara ara karıştırmaya devam edin. Kaynadıktan sonra altını kısın, 8-10 dakika daha bu şekilde karıştırarak kısık ateşte pişirin.', 'Ardından şekeri ekleyin, karıştırın. Tekrar kaynamasını bekleyin ve 4-5 dakika daha da kısık ateşte bu şekilde kaynatın.', 'Nişastayı eklemek için bir kabın içerisine alın, 1 çay bardağı suyla karıştırın.', 'Aynı anda hem karıştırıp hem tencereye ekleyin. Azar azar dökerek eklerseniz topaklanma riskini de engellemiş olursunuz.\xa0Karıştırdıktan sonra hafifçe kıvam alana kadar pişirin. Bu sırada tekrar kaynayacak ve minik minik balonların yüzeye ulaştığını göreceksiniz, bunu gördükten sonra kısık ateşe alıp 1-2 dakika daha pişirin ve ardından ocaktan alın.', 'Bu noktada sütlacın kıvamı akışkan bir boza kıvamında olmalıdır.\xa0Sütlaç harcını bir kepçeyle kaselere dağıtın.', 'Oda sıcaklığında soğuduktan\xa0sonra buzdolabında en az 2 saat, tercihen 1 akşam kadar bekletin ve servis etmeden önce buzdolabından çıkarıp 5 dakika bekletin, tarçın serperek servis edin.', 'Afiyet olsun!']",SÜTLÜ TATLI,239b56,/tarif/sutlu-tatlilar/,"['Tatlı', 'Ramazan', 'Sütlü Tatlı', 'Video']",['çay saati'],['Çay Saati'],['Tencere'],,False,1860,300,2022-03-11T07:15:20Z,4.0,1693684,4171,False,True,True,0,,0,,,,2019/05/sutlac-guncelleme-sunum-1.jpg,0,0,https://cdn.yemek.com/mnresize/940/940/uploads/2019/05/sutlac-guncelleme-sunum-1.jpg,940,940,False,https://cdn.yemek.com/mncrop/300/200/uploads/2019/05/sutlac-guncelleme-sunum-1.jpg,300,200,True,https://cdn.yemek.com/mncrop/940/625/uploads/2019/05/sutlac-guncelleme-sunum-1.jpg,940,625,True,https://cdn.yemek.com/mncrop/620/388/uploads/2019/05/sutlac-guncelleme-sunum-1.jpg,620,388,True,https://cdn.yemek.com/mncrop/600/315/uploads/2019/05/sutlac-guncelleme-sunum-1.jpg,600,315,True,,,,,,
345,125,Yasemin Özaltın,https://cdn.yemek.com/author/35533/20181219061403_avatar.jpg,/profil/yasemingursurer/,Basit Malzemelerle: Kolay Tiramisu,Kolay Tiramisu,/tarif/kolay-tiramisu/,15 dk,15 dk,"<p>""Tiramisu hangi ülkeye ait?"" diyenlere hemen cevap vererek başlayalım. İtalyan asıllı bir <a href=""https://yemek.com/tarif/tatli/"" target=""_blank"">tatlı</a> olan <a href=""https://yemek.com/tarif/tiramisu/"" target=""_blank"">tiramisu</a>, ülkemizde son yıllarda popüler olmasıyla tanınır. Mutluluk ve enerji veren bir tatlı olduğu için de İtalyanlar bu tatlıya 'Beni yukarı çek, beni yukarı kaldır' anlamına gelen tiramisu ismini vermiştir. Bu hali de onun oldukça pratikleşmiş hali. Hazır kekle yapılan bu kolay tiramisu tarifi üstelik 30 dakikada hazır.</p>
<p>""Tiramisu nasıl yapılır?"" diyenler için tiramisu <a href=""https://yemek.com/tarif/kek/"" target=""_blank"">kek</a>inin labneli tiramisu kremasıyla nasıl buluştuğunu adım adım resimli bir şekilde anlatıyor, nefis süslemesiyle en güzel ve en pratik ev yapımı tiramisunun yapılışını tüm detaylarıyla anlatıyoruz!</p>
<p>İşte iştah açıcı görüntüsü ve lezzetiyle kolay tiramisu tarifi! En kısa zamanda onu çayınızın, kahvenizin yanına konuk edin deriz. Hem zamandan kazandıran hem de konuklarınıza nefis bir ikramda bulunmak istediğinizde de kurtarıcılarınızdan biri olacak nefis tarifimize davetlisiniz. Mevsimine göre de kolay tiramisularınızın üzerini dilediğiniz meyve ile süsleyebilirsiniz. Şimdiden ellerinize sağlık diyoruz.</p>
<p>Bu arada ""Ben kedi dili ile yapılan orijinal tiramisu <a href=""https://yemek.com/tarif/"" target=""_blank"">tarif</a>ini de merak ediyorum"" derseniz onun tarifini de hemen şöyle bırakıyoruz: <a href=""https://yemek.com/tarif/kedi-dilli-tiramisu/"" target=""_blank"">Kedidilli tiramisu tarifi, nasıl yapılır?</a></p>
",recipe,"['sıcak su', 'toz şeker', 'toz şeker', 'süt', 'un', 'yumurta sarısı', 'kakao', 'hazır kek', 'granül kahve', 'labne peyniri']","['Tiramisunun kremasını hazırlamak için; 2 su bardağı süt, 5 yemek kaşığı toz şeker, 3 yemek kaşığı un ve 1 adet\xa0 yumurta sarısını tencereye alın.', 'Sürekli karıştırarak orta ateşte muhallebi kıvamına gelene kadar pişirin. Piştikten sonra kremayı soğumaya bırakın.', 'Kek tabanını ıslatmak için; bir kasede 1 su bardağı sıcak suya, 1 yemek kaşığı granül kahve ve 1 tatlı kaşığı toz şekerini eriyene kadar karıştırın.', 'Pişirip soğumaya bıraktığınız kremaya 200 gram labne peynirini ekleyin ve bir mikser yardımıyla pürüzsüz bir kıvam alana kadar çırpın.', 'Servis tabağına ya da bir borcama pasta tabanının bir katını yerleştirin.', 'Kahveli karışımın yarısıyla keki ıslatın.', 'Üzerine hazırladığınız kremanın yarısını yayın.', 'Pastanın diğer katını da üzerine koyun ve\xa0 kahveli karışımla ıslatın. Kalan krema ile pastanın üzerini tamamen kaplayın.', 'Son olarak üzerine kakao serpiştirin.', 'Çilek dilimleriyle süsleyip buzdolabında 1- 2 saat beklettikten sonra dilimleyerek servis edin.\xa0Afiyet olsun!']",TATLI,239b56,/tarif/tatli/,"['Tatlı', 'Video', 'Dünya Mutfakları']","['ekonomik', 'ara öğün', 'çay saati']",['Çay Saati'],['Tencere'],['Vejetaryen'],False,900,900,2022-03-31T14:48:27Z,4.0,1687627,4451,False,True,True,0,,0,,,,2014/06/kolay-tiramisu-yemekcom.jpg,0,0,https://cdn.yemek.com/mnresize/940/940/uploads/2014/06/kolay-tiramisu-yemekcom.jpg,940,940,False,https://cdn.yemek.com/mncrop/300/200/uploads/2014/06/kolay-tiramisu-yemekcom.jpg,300,200,True,https://cdn.yemek.com/mncrop/940/625/uploads/2014/06/kolay-tiramisu-yemekcom.jpg,940,625,True,https://cdn.yemek.com/mncrop/620/388/uploads/2014/06/kolay-tiramisu-yemekcom.jpg,620,388,True,https://cdn.yemek.com/mncrop/600/315/uploads/2014/06/kolay-tiramisu-yemekcom.jpg,600,315,True,,,,['İtalya'],,
346,127,Gökçen Mutaf,https://cdn.yemek.com/author/23120/20181227103819_avatar.jpeg,/profil/gokcenmutaf/,Ağızda Dağılan Mükemmel Kıvamıyla: Elmalı Kurabiye,Elmalı Kurabiye,/tarif/elmali-kurabiye/,25 dk,20 dk,"<p><a href=""https://yemek.com/kurabiye-tarifleri-puf-noktalari/"" target=""_blank"">Kurabiye tariflerinin</a> en güzellerinden biri olan en güzel elmalı kurabiye karşınızda! Ağızda dağılan kıvamıyla, <a href=""https://yemek.com/pratik-kurabiye-tarifleri/"" target=""_blank"">pratik kurabiyelerden</a> oluşuyla kalplerinizi çalmaya gelecek bu kıyır kıyır <a href=""https://yemek.com/elmali-kurabiye-tarifleri/"" target=""_blank"">elmalı kurabiye tarifi</a> şekilleriyle, malzemeleriyle, hamuruyla tam ölçülü <a href=""https://yemek.com/tarif/kolay-elmali-kurabiye/"" target=""_blank"">elmalı kurabiye</a> yapmak isteyenlerin yardımına koşacak.</p>
<p><strong>Elmalı kurabiyenin gevrek olmas</strong>ı için yapılması gerekenlerden, nasıl saklanacağına kadar elmalı kurabiye yapmanın tüm püf noktalarını da bulabileceğiniz bu en güzel denenmiş elmalı kurabiye <a href=""https://yemek.com/tarif/"" target=""_blank"">tarifi</a> için çay suyunun altını koyalım hafiften. Elmalı <a href=""https://yemek.com/tarif/kurabiye/"" target=""_blank"">kurabiyeler</a> bizi bekler. Ağızda dağılan, tarçınlı <strong>elmalı kurabiye tarifi</strong>miz için mutfağa davetlisiniz. Afiyetler olsun şimdiden.</p>
",recipe,"['limon suyu', 'toz şeker', 'toz şeker', 'un', 'yoğurt', 'tarçın', 'karbonat', 'tereyağı (oda ısısında bekletilmiş)', 'dövülmüş ceviz içi', 'sıvı yağ', 'kırmızı elma']","['Elmalı kurabiye tarifini hazırlamak için\xa0 rendelenmiş elmaları tavaya alın. Üzerine toz şekeri ilave edin. Karamelize olana dek pişirin.', 'Piştikten sonra üzerine yarım su bardağı kadar dövülmüş ceviz ve tarçın ekleyin, karıştırın.', 'Hamurunu hazırlamak için derin bir kaseye oda sıcaklığında yumuşamış tereyağı, sıvı yağ, yoğurt, toz şeker, limon suyu ve karbonatı ekleyin. Güzelce yoğurun ve ardından unu da azar azar ekleyerek, ele yapışmayan fakat yumuşak olan bir hamur elde edin.', 'Hamuru tezgahın üzerinde toparlayın.', 'Tezgaha hafifçe un serperek açın. Yuvarlak şekiller çıkarıp elmalı harcı ortasına koyun ve iki yandan katlayın.', 'Pişirme kağıdı serdiğiniz fırın tepsisine kurabiyeleri dizin ve önceden ısıtılmış 180 derece fırında üzeri kızarana kadar, yaklaşık 20-25 dakika pişirin.', 'Oda sıcaklığına geldikten sonra üzerine pudra şekeri serpiştirin. Kurabiyeleriniz artık servise hazır! Afiyet olsun..', 'Afiyet olsun..']",TATLI KURABİYE,239b56,/tarif/tatli-kurabiyeler/,"['Kurabiye', 'Video', 'Tatlı Kurabiye']",['çay saati'],['Çay Saati'],['Fırın'],,False,1500,1200,2022-03-11T07:30:23Z,4.0,1597377,7917,False,True,True,0,,0,,,,2022/03/elmali-kurabiye-tarifi-yemekcom.jpg,0,0,https://cdn.yemek.com/mnresize/940/940/uploads/2022/03/elmali-kurabiye-tarifi-yemekcom.jpg,940,940,False,https://cdn.yemek.com/mncrop/300/200/uploads/2022/03/elmali-kurabiye-tarifi-yemekcom.jpg,300,200,True,https://cdn.yemek.com/mncrop/940/625/uploads/2022/03/elmali-kurabiye-tarifi-yemekcom.jpg,940,625,True,https://cdn.yemek.com/mncrop/620/388/uploads/2022/03/elmali-kurabiye-tarifi-yemekcom.jpg,620,388,True,https://cdn.yemek.com/mncrop/600/315/uploads/2022/03/elmali-kurabiye-tarifi-yemekcom.jpg,600,315,True,,,,,,
347,3424,Ege Şahin,https://cdn.yemek.com/author/464113/20220221123420_avatar.jpg,/profil/egesahin/,Kıyır Kıyır: Üç Malzemeli Un Kurabiyesi,Üç Malzemeli Un Kurabiyesi,/tarif/uc-malzemeli-un-kurabiyesi/,15 dk,10 dk,"<p>Eşe dosta <a href=""https://yemek.com/tarif/un-kurabiyesi/"" target=""_blank"">un kurabiyesi</a> tarifi soranlar, telefonda un kurabiyesi nasıl yapılır diye dert yananlar, neredeyse rüyasında un kurabiyesi görenler... Hoş geldiniz, doğru yerdesiniz.</p>
<p>Günün en tatlı saatleri akşam üzeri olmuş, belki de tatlısıyla tuzlusuyla uzun uzadıya keyfi çıkacak bir <a href=""https://yemek.com/tarif/kahvaltiliklar/"" target=""_blank"">kahvaltı</a> sofrası hazırlıyorsunuz. Ya da akşam yemeği sonrası çay keyfinizi taçlandıracak tatlı bir hamur işi aradığınız. Öyleyse sadece 10 dakikada hazırlanan üç malzemeli un kurabiyesi <a href=""https://yemek.com/tarif/"" target=""_blank"">tarif</a>ine alalım sizi. Bu kurabiyeler bir şahane.</p>
<p>Sıvı yağ, pudra şekeri ve un ilavesiyle hazırlanan bu <a href=""https://yemek.com/tarif/tatli-kurabiyeler/"" target=""_blank"">tatlı kurabiye</a>ler, kaşıkla şekil alıp önceden ısıtılmış 175 derece fırında 15 dakika gibi kısa bir sürede pişiyor. Demleyin çayı, kurulun en sevdiğiniz koltuğa. Kurabiyeleriniz olmak üzere, afiyet olsun.</p>
",recipe,"['un', 'pudra şekeri', 'pudra şekeri', 'sıvı yağ']","['Sıvı yağ ve pudra şekerini derin bir kaba alın, karıştırın.', 'Ardından unu aşamalı olarak ekleyin.\xa0Hamuru toparlamak için iyice yoğurun. Hamurdan parçalar koparıp silindir şeklini verin.', 'Verev şekilde kesin.', 'Yağlı kağıt serilmiş fırın tepsisine aralıklı olarak yerleştirin.', 'Üzerlerini çatal ile çizin. Önceden ısıtılmış 175 derece fırında 15 dakika pişirin.', 'Arzuya göre üzerine pudra şekeri serperek servis edin. Afiyet olsun!']",TATLI KURABİYE,239b56,/tarif/tatli-kurabiyeler/,"['Kurabiye', 'Tatlı Kurabiye']",['çay saati'],['Çay Saati'],['Fırın'],['Ekonomik'],False,900,600,2022-12-28T11:10:00Z,4.0,1569331,4413,False,False,True,0,,0,,,,2015/09/uc-malzemeli-un-kurabiyesi-yemekcom.jpg,0,0,https://cdn.yemek.com/mnresize/940/940/uploads/2015/09/uc-malzemeli-un-kurabiyesi-yemekcom.jpg,940,940,False,https://cdn.yemek.com/mncrop/300/200/uploads/2015/09/uc-malzemeli-un-kurabiyesi-yemekcom.jpg,300,200,True,https://cdn.yemek.com/mncrop/940/625/uploads/2015/09/uc-malzemeli-un-kurabiyesi-yemekcom.jpg,940,625,True,https://cdn.yemek.com/mncrop/620/388/uploads/2015/09/uc-malzemeli-un-kurabiyesi-yemekcom.jpg,620,388,True,https://cdn.yemek.com/mncrop/600/315/uploads/2015/09/uc-malzemeli-un-kurabiyesi-yemekcom.jpg,600,315,True,,,,,,
348,118,Yasemin Özaltın,https://cdn.yemek.com/author/35533/20181219061403_avatar.jpg,/profil/yasemingursurer/,Orijinal Tarifi Burada: Domates Çorbası,Domates Çorbası,/tarif/domates-corbasi/,30 dk,30 dk,"<p>Havalar soğumaya başladı, yaz mevsimini hep birlikte uğurladık. Hafif hüzünlüyüz, ancak dumanı üzerinde tüten çorbalar içeceğimiz için de mutluyuz. En sevdiğiniz <a href=""https://yemek.com/tarif/corba/"" target=""_blank"">çorba</a> tarifi nedir? Bizim için <a href=""https://yemek.com/tarif/domates-corbasi/"" target=""_blank"">domates çorbasının</a> ayrı bir yeri var diyebiliriz. Bütün <a href=""https://yemek.com/tarif/"" target=""_blank"">yemek tarifleri</a>nin arasında yeri ayrı.</p>
<p>Hele ki dumanı üstünde ev yapımı domates çorbası yok mu..Gelin onu güzelleyelim bir parça. Domates çorbası tarifi kaşar peynirsiz olmaz. Bazen yerini krema alabilir ama domates çorbasını özel kılan ilk kaşıkla birlikte uzayıp giden kaşar peyniridir. Onu toparlaması ve sağa sola bulaştırmadan yenilmesi ayrı bir maceradır. <a href=""https://yemek.com/tarif/baharatli-kruton/"" target=""_blank"">Kızarmış ekmek dilimleri</a> hatta mümkünse <a href=""https://yemek.com/tarif/sarimsakli-ekmek/"" target=""_blank"">sarımsaklı ekmekler</a> çorbaya ayrı bir tat katar. Soğuk kış günlerinin keyfi böyle böyle çıkar.</p>
<p>Siz de bu <a href=""https://yemek.com/tarif/kolay-domates-corbasi/"" target=""_blank"">kolay domates çorbası</a> tarifiyle sevdiklerinizin içini ısıtabilir; onu sandığınızdan çok daha kolay ve pratik bir şekilde yapabilirsiniz. Şimdiden afiyet olsun!</p>
<p>&nbsp;</p>
",recipe,"['tereyağı', 'tuz', 'un', 'sıcak et suyu', 'sıcak süt', 'rendelenmiş kaşar peyniri', 'domates']","['Tereyağını tavada eritin.', 'Unu ekleyip kokusu çıkana kadar kısık ateşte kavurun.', 'Rendelenmiş domatesleri kavrulmuş un karışımına ekledikten sonra 5 dakika kadar pişirin.', 'Üzerine sıcak et suyunu ve tuzu ilave edin. Kesilmemesi için küçük bir cezvede ısıttığınız sütü azar azar ekleyip hızlıca karıştırın.', 'Çorbayı kaynayana kadar orta ateşte ardından da kısık ateşte 15 dakika kadar pişirin. Daha pürüzsüz bir kıvam alması için blenderdan geçirin. Servis kaselerine aldığınız çorbayı, rendelenmiş kaşar peynir ilavesiyle sıcak olarak servis edin.\xa0Afiyet olsun!']",ÇORBA,,/tarif/corba/,"['Çorba', 'Video', 'Mevsiminde']","['akşam yemeği', 'öğle yemeği']","['Öğle Yemeği', 'Akşam Yemeği']",['Tencere'],"['Ekonomik', 'Vejetaryen']",False,1800,1800,2022-03-18T15:00:23Z,4.0,2396278,8509,False,True,True,0,,0,,,,2022/03/domates-corbasi-sevgililer-gunu-gorsel.jpg,0,0,https://cdn.yemek.com/mnresize/940/940/uploads/2022/03/domates-corbasi-sevgililer-gunu-gorsel.jpg,940,940,False,https://cdn.yemek.com/mncrop/300/200/uploads/2022/03/domates-corbasi-sevgililer-gunu-gorsel.jpg,300,200,True,https://cdn.yemek.com/mncrop/940/625/uploads/2022/03/domates-corbasi-sevgililer-gunu-gorsel.jpg,940,625,True,https://cdn.yemek.com/mncrop/620/388/uploads/2022/03/domates-corbasi-sevgililer-gunu-gorsel.jpg,620,388,True,https://cdn.yemek.com/mncrop/600/315/uploads/2022/03/domates-corbasi-sevgililer-gunu-gorsel.jpg,600,315,True,['tencere'],greenLight,"['Haziran', 'Temmuz', 'Ağustos', 'Eylül']",,,
349,72,Yasemin Özaltın,https://cdn.yemek.com/author/35533/20181219061403_avatar.jpg,/profil/yasemingursurer/,En Gerçek Tarifiyle: Ezogelin Çorbası,Ezogelin Çorbası,/tarif/ezogelin-corbasi/,45 dk,15 dk,"<p>Türk mutfağına özgü, buram buram Anadolu kokan, binlerce yıllık bir <a href=""https://yemek.com/tarif/corba/"" target=""_blank"">çorba tarifiyle</a> karşınızdayız. <a href=""https://yemek.com/tarif/"" target=""_blank"">Yemek tarifleri</a> arasından seçtiğiniz ana yemek ne olursa olsun, ona mutlaka yakışacak olan ezogelin çorbasından bahsediyoruz. Siz de bu kolay ev yapımı ezogelin çorbasıyla sofralarınızı sıcacık yapabilirsiniz.</p>
<p>Ezogelin çorbası tarifi; yüksek oranda bereket içerir. Besleyicidir, lezzetlidir, pratiktir. Tüm bunların yanı sıra <a href=""https://yemek.com/tarif/mercimek-corbasi/"" target=""_blank"">mercimek çorbası</a> ile olan amansız rekabetiyle, bütün kebapçıların olmazsa olmaz çorbası olma özelliğini taşır. Hastalıklara karşı amansızca savaşır, siz iyi olun diye varını yolunu ortaya koyar. Tırnak pide ya da <a href=""https://yemek.com/tarif/bazlama/"" target=""_blank"">bazlama</a>yı çok sever.</p>
<p>Ezogelin çorbasını Türk mutfak tarihine kazandıran ve çorbaya adını veren Gaziantep’in Uruş (Dokuzyol) köyünde yaşamış olan Ezo Gelin’e şükranlarımızı sunarız. Merak edenler varsa ezogelin çorbasının hikayesi hemen şurada: <a href=""https://yemek.com/ezogelin-corbasinin-hikayesi/"" target=""_blank"">Hikayesi de Lezzeti Kadar Anadolu: Ezogelin Çorbasının Hikayesi</a></p>
<p>O zaman adım adım resimli ve videolu ezogelin çorbası yapılışı ve tarifi sizi bekler. <img src=""https://cdn.yemek.com/assets/images/smiley/wink.png"" class=""wp-smiley img-responsive"" /></p>
",recipe,"['kırmızı mercimek', 'pirinç', 'bulgur', 'kuru soğan', 'tereyağı', 'sıcak su', 'nane', 'tuz', 'limon suyu', 'pul biber', 'domates salçası']","['Sıcak suyu geniş bir tencerede kaynatın. Yıkayıp suyunu süzdürdüğünüz 2 çay bardağı kırmızı mercimeği tencereye aktarın.', '3 yemek kaşığı pirinci, 2 yemek kaşığı bulguru ve 1 tatlı kaşığı tuzu tencereye aktarın.', 'Yaklaşık 35 dakika, kırmızı mercimekler yumuşayana kadar pişirin.', 'Ayrı bir tavada 1 yemek kaşığı tereyağını eritin.', 'Üzerine 1 adet küp doğranmış kuru soğanı ekleyin ve kavurmaya başlayın.', 'Kavrulan soğanlara 1 tatlı kaşığı domates salçasını ekleyin.', '1 tatlı kaşığı naneyi ekleyip, 2 dakika daha kavurun.', 'Kavrulan sosunuzu ocaktan alın.', 'Bakliyatları kaynattığınız tencereye kavrulan salçalı soğan karışımı ekleyin.', 'Sonra hızlıca karıştırdığınız çorbayı 10 dakika daha pişirin.', 'Limon suyu ve pul biber ilavesiyle sıcak olarak servis edin.\xa0Afiyet olsun!']",ÇORBA,,/tarif/corba/,"['Çorba', 'Ramazan', 'Video']","['ekonomik', 'öğle yemeği']","['Öğle Yemeği', 'Ara Öğün', 'Akşam Yemeği']",['Tencere'],"['Ekonomik', 'Vejetaryen']",False,2700,900,2019-04-10T08:00:07Z,4.0,2061511,10279,False,True,True,0,,0,,,,2014/06/ezogelin-corbasi-yemekcom.jpg,0,0,https://cdn.yemek.com/mnresize/940/940/uploads/2014/06/ezogelin-corbasi-yemekcom.jpg,940,940,False,https://cdn.yemek.com/mncrop/300/200/uploads/2014/06/ezogelin-corbasi-yemekcom.jpg,300,200,True,https://cdn.yemek.com/mncrop/940/625/uploads/2014/06/ezogelin-corbasi-yemekcom.jpg,940,625,True,https://cdn.yemek.com/mncrop/620/388/uploads/2014/06/ezogelin-corbasi-yemekcom.jpg,620,388,True,https://cdn.yemek.com/mncrop/600/315/uploads/2014/06/ezogelin-corbasi-yemekcom.jpg,600,315,True,['tencere'],greenLight,,,,
350,247,Yasemin Özaltın,https://cdn.yemek.com/author/35533/20181219061403_avatar.jpg,/profil/yasemingursurer/,Tam Ölçülü: Pancake (Pankek),Pancake (Pankek),/tarif/pancake/,20 dk,20 dk,"<p>Bizim kültürümüzde <a href=""https://yemek.com/tarif/akitma/"" target=""_blank"">akıtma</a> ya da <a href=""https://yemek.com/tarif/krep"" target=""_blank"">krep</a> olarak bilinen hamur işinin biraz daha kalını ve kahvaltıların yıldızıdır pankek. Peynirli, zeytin ezmeli tuzlu çeşitleri yapılabileceği gibi çikolata kremalı ve meyveli çeşitlerini de aynı tarifle kolaylıkla hazırlayabilirsiniz. <a href=""https://yemek.com/tarif/kahvaltiliklar/"" target=""_blank"">Kahvaltılık tarif</a> aradığınızda eliniz bu tarife hemen gidecek.</p>
<p>Bu kahvaltılık <a href=""https://yemek.com/tarif/kolay-pankek/"" target=""_blank"">kolay pankek tarifi</a>nde pankek hamurunun nasıl yapılacağından <strong>tavada pankek yapmanın püf noktalarına</strong> kadar her şeyi bulabilecek, evde pankek yapımının tüm inceliklerini öğreneceksiniz.</p>
<p>Pancake tarifi gerçekten oldukça basit. Yumurta, un, kabartma tozu, toz şeker, süt, ayçiçek yağı gibi temel malzemeler içeriyor bu <strong>pratik hamur işi</strong>. Servis esnasında meyve dilimleri, eritilmiş çikolata çeşitleri, sosları oldukça yakışıyor. Akçaağaç şurubuyla da çok iyi gittiğini söylemeden geçmeyelim.</p>
<p>4 kişilik pankek nasıl yapılır diyenler için adım adım resimli ve videolu pancake tarifiyle en güzel pankekler hep sizin mutfaktan çıkacak! <img src=""https://cdn.yemek.com/assets/images/smiley/smile.png"" class=""wp-smiley img-responsive"" /></p>
",recipe,"['tuz', 'yumurta', 'toz şeker', 'ayçiçek yağı', 'ayçiçek yağı', 'süt', 'un', 'kabartma tozu', 'bal', 'vanilin']","['Pankek tarifi için derin bir karıştırma kabında 2 yumurta ve yarım su bardağı şekeri alın.', 'Şeker eriyene ve karışım krema kıvamını alana kadar\xa0çırpın.', 'Yumurtalı karışımın üzerine, 2 yemek kaşığı sıvı yağ ve 1,5 su bardağı sütü de koyup tekrar çırpın.', '2 su bardağı un, 1 paket kabartma tozu, 1 paket vanilin ve bir tutam tuzu da eleyerek karışımın içerisine ekleyin.', 'Pürüzsüz bir kıvam alana kadar çırpın.', 'İlk pankeki pişirmek için; krep tavasını ayçiçek yağı ile yağlayın. Kızdırdığınız tavaya küçük bir kepçe ya da bir kahve fincanı kadar pankek harcını aktarın.', 'Ocağın altını kısın. Pankeki, üzeri göz göz olana kadar pişirin. Bir spatula yardımıyla çevirdiğiniz pankekin diğer tarafını da aynı şekilde pişirin.', 'Krep tavasını arada yağlayarak pankek harcı bitene kadar aynı işlemi tekrarlayın.', 'Servis tabağına aldığınız pankeklerin üzerine tereyağı koyup bal gezdirebilirsiniz, afiyet olsun.']",KAHVALTILIK,239b56,/tarif/kahvaltiliklar/,"['Kahvaltılık', 'Video']","['kahvaltı', 'çay saati']","['Kahvaltı', 'Çay Saati']",['Tava'],"['Ekonomik', 'Vejetaryen']",False,1200,1200,2022-03-10T07:30:22Z,4.0,2051860,12838,False,True,True,0,,0,,,,2014/07/pancake-yemekcom.jpg,0,0,https://cdn.yemek.com/mnresize/940/940/uploads/2014/07/pancake-yemekcom.jpg,940,940,False,https://cdn.yemek.com/mncrop/300/200/uploads/2014/07/pancake-yemekcom.jpg,300,200,True,https://cdn.yemek.com/mncrop/940/625/uploads/2014/07/pancake-yemekcom.jpg,940,625,True,https://cdn.yemek.com/mncrop/620/388/uploads/2014/07/pancake-yemekcom.jpg,620,388,True,https://cdn.yemek.com/mncrop/600/315/uploads/2014/07/pancake-yemekcom.jpg,600,315,True,,,,['Amerika Birleşik Devletleri'],,
351,188,Yasemin Özaltın,https://cdn.yemek.com/author/35533/20181219061403_avatar.jpg,/profil/yasemingursurer/,"Kabardıkça Kabarır, Şerbetini Tam Çeker: Revani",Revani,/tarif/revani/,30 dk,35 dk,"<p>Bugün akşam yemeğine en lezzetli <a href=""https://yemek.com/ramazan-tatlilari/"" target=""_blank"">ramazan tatlılarından</a> biri olan revaniyi koyacağız. Revani tarifini uygularken bir yandan saray mutfağının bize Osmanlı'dan kalan en yadigar şeylerden biri olduğunu hatırlayacağız. Yaptığımız <a href=""https://yemek.com/tarif/"" target=""_blank"">yemek tariflerine</a> tatlı olarak onu çok yakıştıracağız. <a href=""https://yemek.com/tarif/tatli/"" target=""_blank"">Tatlı tariflerinin</a> arasında en çok sevdiklerimiz arasına ekleyeceğiz.</p>
<p>Klasik revaniyi evde pratik bir şekilde yapabilmek mümkün aslında. <strong>""Revani tatlısı nasıl yapılır""</strong> sorusunun hemen aşağıda adım adım resimli cevabını bulabileceğiniz nefis irmikli ve tam ölçülü evde kolay <a href=""https://yemek.com/tarif/muhallebili-revani/"" target=""_blank"">revani</a> yapımı tarifimizin bir püf noktası var bilinmesi gereken: Tahmin edeceğiniz gibi <a href=""https://yemek.com/tarif/serbetli-tatlilar/"" target=""_blank"">şerbetli tatlılardan</a> revaninin kıvamı önemli, onu da bir kaşık yardımıyla alacağınız şerbeti parmağınıza damlatıp, damlanın yayılıp yayılmadığını görerek anlayabilirsiniz. Eğer şerbet damlası yayılmıyorsa kıvamı tutmuş, revani yapımı için hazır hale gelmiş demektir. Böylelikle <strong>""Revani şerbeti nasıl dökülür, revani şerbeti nasıl olmalı?""</strong> sorusunun cevabını merak edenleri de rahatlatmış olduk.</p>
<p>Şerbetin yoğunluğu ile kekinin kabarıklığı için düşündüğümüz revani yapımı püf noktalarını tarif kısmında bulabilirsiniz. <a href=""https://yemek.com/revani-tarifleri/"" target=""_blank"">Farklı revani tarifleri</a> ve çok sevilen <a href=""https://yemek.com/tarif/hashasli-revani/"" target=""_blank"">haşhaşlı revani</a> tarifimizi de şöyle bırakalım.</p>
<p>O halde lafı daha fazla uzatmayalım, sizi en güzel revani tarifiyle baş başa bırakalım.</p>
",recipe,"['limon suyu', 'yumurta', 'toz şeker', 'toz şeker', 'ayçiçek yağı', 'un', 'kabartma tozu', 'su', 'yoğurt', 'irmik', 'rendelenmiş Hindistan cevizi', 'vanilin']","['Tatlının şerbetini hazırlamak için;\xa03 su bardağı su ve 2,5 su bardağı toz şekeri\xa0bir tencereye aktarın.', 'Kısık ateşte yaklaşık 30 dakika kadar kaynattıktan sonra limon suyunu ekleyin ve ılınması için ocaktan alın.', '3 yumurta bir kabın içerisine aktarın.', 'Üzerine 1 çay bardağı toz şekeri bir mikser yardımıyla toz şeker tamamen eriyene kadar karıştırın.', '1 çay bardağı ayçiçek yağı, 1 su bardağı yoğurt ve 1 su bardağı irmiği de ekledikten sonra tekrar karıştırın.', 'Son olarak 1,5 su bardağı\xa0un, 1 paket kabartma tozu ve 1 paket vanilini de karışıma ekledikten sonra çırpma işlemini sürdürün.', 'Yağlanmış fırına dayanıklı kalıbın içerisine hazırladığınız revani karışımını dökün.', 'Önceden ısıtılmış 180 derece fırında\xa025-30 dakika kadar pişirin.\xa0Fırından çıkardığınız revaninin ilk sıcaklığı geçtikten sonra oda sıcaklığında soğumuş şerbeti üzerine dökün ve şerbeti çekene kadar yaklaşık 1-2 saat bekleyin.', 'Ardından bıçak yardımıyla revaniyi dilimleyin.', 'Dilimlediğiniz ılık tatlıya rendelenmiş Hindistan cevizi serpiştirip servis edin. Afiyet olsun!']",ŞERBETLİ TATLI,239b56,/tarif/serbetli-tatlilar/,"['Tatlı', 'Şerbetli Tatlı', 'Ramazan', 'Video']","['ekonomik', 'çay saati']",['Çay Saati'],"['Fırın', 'Tencere']",,False,1800,2100,2022-04-20T11:00:29Z,4.0,2029239,5485,False,True,True,0,,0,,,,2014/06/revani-yemekcom.jpg,0,0,https://cdn.yemek.com/mnresize/940/940/uploads/2014/06/revani-yemekcom.jpg,940,940,False,https://cdn.yemek.com/mncrop/300/200/uploads/2014/06/revani-yemekcom.jpg,300,200,True,https://cdn.yemek.com/mncrop/940/625/uploads/2014/06/revani-yemekcom.jpg,940,625,True,https://cdn.yemek.com/mncrop/620/388/uploads/2014/06/revani-yemekcom.jpg,620,388,True,https://cdn.yemek.com/mncrop/600/315/uploads/2014/06/revani-yemekcom.jpg,600,315,True,,,,,,
352,2744,Cemre Özgüzel,https://cdn.yemek.com/author/109/20200211010242_avatar.jpg,/profil/cemre-ozguzel/,Az Malzemeyle Mükemmel Kıvam: Muhallebi,Muhallebi,/tarif/muhallebi/,15 dk,5 dk,"<p>Çocukluğumuzdan beri damağımızın alışık olduğu bir <a href=""https://yemek.com/tarif/tatli/"" target=""_blank"">tatlı tarifi</a> muhallebi. <strong>Pirinç unuyla hazırlanan muhallebi tarifler</strong>i olsa da kıvamı nişastayla bağlandığında bir o kadar güzel olur tadı. Öylesine yalın ve naif bir tattır ki kuru yemişler, çikolata ve çeşitli meyve sosları eşliğinde farklı tariflere bürünür.</p>
<p>Yaz sıcağına yakışır muhallebi tatlısı, keyfi kaşıklanır. Üzerine toz tarçınla yapabileceğiniz süslemelerle de saygı uyandırır. Başarıyla uygulanmış bir sütlü muhallebi tarifini tamamlayıcı nitelikte olan bu süslemeler ise tamamen sizin yaratıcılığınıza kalmış. <a href=""https://yemek.com/tarif/sutlu-tatlilar/"" target=""_blank"">Sütlü tatlıların </a>en kolay ve ekonomiği olan <strong>muhallebi tarifi</strong>mizle keyif dolu dakikalar yaşayabilirsiniz.</p>
<p>Biz sade muhallebi hazırladık ama diğer muhallebi çeşitleri için sizi şu tariflerimize de bekleriz: <a href=""https://yemek.com/muhallebi-tarifleri/"" target=""_blank"">Sıcak Yaz Günlerinde Midenizi Yormayarak Sizi Mutlu Edecek 17 Muhallebi Tarifi</a></p>
<p>En güzel muhallebinin sizin elinizden çıkmasını sağlayacak olan bu tarifi ister bardakta, ister kupta, ister fincanda servis edebilirsiniz. Hazırsanız pratik ve <a href=""https://yemek.com/tarif/kolay-muhallebi/"" target=""_blank"">kolay muhallebi</a> tarifimizle başbaşa bırakalım sizi.</p>
",recipe,"['tereyağı', 'toz şeker', 'süt', 'un', 'toz Antep fıstığı', 'buğday nişastası', 'muz', 'vanilin']","['5\xa0su bardağı soğuk sütü geniş bir tencereye aktarın.\xa0Yarım çay bardağı un, 3 yemek kaşığı buğday nişastası ve 1 su bardağı toz şekeri ilave ettikten sonra ocağın altını açın.', 'Ara ara karıştırarak koyu bir kıvam alana kadar pişirin.', 'Kıvam alan muhallebinin altını kapatın.', 'Henüz sıcakken içerisine\xa01 tatlı kaşığı tereyağı ve 1 paket vanilin ilave ederek çırpın.', 'Ardından servis kaselerine paylaştırın ve soğutun.', 'Antep fıstığıyla süsleyip tatlandırdığınız muhallebileri soğuk olarak sevdiklerinizle paylaşın.']",SÜTLÜ TATLI,239b56,/tarif/sutlu-tatlilar/,"['Tatlı', 'Ramazan', 'Sütlü Tatlı', 'Video']","['pratik yemek tarifleri', 'çay saati']",['Çay Saati'],['Tencere'],['Ekonomik'],False,900,300,2019-04-04T08:57:18Z,4.0,1868226,4584,False,True,True,0,,0,,,,2015/06/muhallebi-yemekcom.jpg,0,0,https://cdn.yemek.com/mnresize/940/940/uploads/2015/06/muhallebi-yemekcom.jpg,940,940,False,https://cdn.yemek.com/mncrop/300/200/uploads/2015/06/muhallebi-yemekcom.jpg,300,200,True,https://cdn.yemek.com/mncrop/940/625/uploads/2015/06/muhallebi-yemekcom.jpg,940,625,True,https://cdn.yemek.com/mncrop/620/388/uploads/2015/06/muhallebi-yemekcom.jpg,620,388,True,https://cdn.yemek.com/mncrop/600/315/uploads/2015/06/muhallebi-yemekcom.jpg,600,315,True,,,,,,
353,4172,ipeksare,https://cdn.yemek.com/author/262494/20200820091315_avatar.jpg,/profil/ipeksare/,Tane Tane Dökülür: Pirinç Pilavı,Pirinç Pilavı,/tarif/pirinc-pilavi/,20 dk,15 dk,"<p>Türlü türlü <a href=""https://yemek.com/tarif/"" target=""_blank"">yemek tariflerini</a> tamamlayan, <a href=""https://yemek.com/tarif/kuru-fasulye/"" target=""_blank"">kuru fasulye</a>-turşu ikilisine komşu olan, bir dönem yoğurtla takılan, <a href=""https://yemek.com/tarif/anne-koftesi/"" target=""_blank"">köfte patates</a> sevdalısı pilav... Kaşıktan tel tel dökülen pilav... Aromatik sebze ve kuru baharatlarla ev yapımı tavuk suyunuzu kendiniz hazırlayın bir güzel, ortalama pirinç çeşitlerine göre bir ölçü pirince bir buçuk ölçü su kullanacağınızı düşünün.</p>
<p>Yanma derecesini yükseltmek için tereyağını az miktarda ayçiçek yağıyla kavurun. Az miktarda arpa ya da tel şehriyeyi kavurup berrak su çıkana kadar duruladığınız pirinçleri pilav tenceresine alın. Şeffaf bir renk alana kavurup sıcak tavuk suyunu ekleyin. Tuzla tatlandırın, taze sıkılmış limon suyu, kesme şeker gibi unsurları küçük püf noktaları olarak değerlendirin pilav tarifinde. ""Pilavın tane tane olması için ne yapılır?"" diye soruyorsanız da size nefis önerilerimiz var: <a href=""https://yemek.com/pilav-nasil-yapilir/"" target=""_blank"">Tane Tane Dökülen Ev Yapımı Pilavlar İçin Demini Almış 5 Öneri</a></p>
<p>Pilavı yiyip de hemen kaçmayın, yorum bırakmayı unutmayın, yaptığınız bir değişiklik varsa bizlerle de paylaşın. Şimdiden ellerinize sağlık diyor tane tane dökülen pirinç pilavı tarifimize buyurun.</p>
<p>Farklı pilav tarifleri içinse sizi <a href=""https://yemek.com/tarif/pilav/"" target=""_blank"">şöyle</a> alalım. <img src=""https://cdn.yemek.com/assets/images/smiley/smile.png"" class=""wp-smiley img-responsive"" /></p>
",recipe,"['pirinç', 'tereyağı', 'sıcak su', 'tuz', 'karabiber']","['Uygun bir pilav tenceresinin içerisine tereyağı ekleyin.', 'Tereyağı eridikten sonra pirinçleri ekleyip kavurmaya başlayın. Pirinçler tane tane dökülmeye başlayana kadar yaklaşık 5 dakika kavurun.', 'Sıcak suyu ekleyin, tuzu ve karabiberi de ilave edin.', 'Bir kez karıştırın, kapağını kapatın ve kısık ateşte pişirin.', 'Suyunu çeken pilavın üzerine bir bez koyun ve demlenmesi için dinlendirin.', 'Biraz et ya da tavuk ile servis edebilirsiniz. Afiyet olsun!']",PİLAV,239b56,/tarif/pilav/,"['Pilav', 'Video']","['ekonomik', 'akşam yemeği', 'öğle yemeği']","['Öğle Yemeği', 'Akşam Yemeği']",['Tencere'],['Ekonomik'],False,1200,900,2020-09-02T06:35:37Z,4.0,1783014,2538,False,True,True,0,,0,,,,2020/09/pirinc-pilavi-yemekcom.jpg,0,0,https://cdn.yemek.com/mnresize/940/940/uploads/2020/09/pirinc-pilavi-yemekcom.jpg,940,940,False,https://cdn.yemek.com/mncrop/300/200/uploads/2020/09/pirinc-pilavi-yemekcom.jpg,300,200,True,https://cdn.yemek.com/mncrop/940/625/uploads/2020/09/pirinc-pilavi-yemekcom.jpg,940,625,True,https://cdn.yemek.com/mncrop/620/388/uploads/2020/09/pirinc-pilavi-yemekcom.jpg,620,388,True,https://cdn.yemek.com/mncrop/600/315/uploads/2020/09/pirinc-pilavi-yemekcom.jpg,600,315,True,['tencere'],,,,,
354,313,Yasemin Özaltın,https://cdn.yemek.com/author/35533/20181219061403_avatar.jpg,/profil/yasemingursurer/,Yağ Çekmeden Pişer: Mücver,Mücver,/tarif/mucver/,15 dk,15 dk,"<p>Türk mutfağının, mutfağımıza ait tüm <a href=""https://yemek.com/tarif/"" target=""_blank"" rel=""noopener"">yemek tariflerinin</a> uzağında ama çok sevilen kuzeni ya da teyzesidir mücver tarifi. Her öğün göremezsin, her akşam yemezsin, yiyemezsin. Ancak her gördüğünde mutlu olursun; daha çok görmek istersin. Özeldir, yeri ayrıdır. Herkes güzelini yapamaz.</p>
<p>Arzu ettiğiniz yeşillik, patates, havuç hatta kereviz gibi <a href=""https://yemek.com/tarif/sebze/"" target=""_blank"" rel=""noopener"">sebze</a>leri de ekleyerek hazırlayabileceğiniz bir <a href=""https://yemek.com/tarif/atistirmaliklar/"" target=""_blank"" rel=""noopener"">atıştırmalık</a>, kolay mücver tarifimiz var. Ne güzel olur <strong>kabak mücveri</strong>, küçük püf noktaları vardır onun. Çok fazla yağ çekmemesi için yağı önceden kızdırmalı, rendelenmiş sebzelerin suyunu sıkmalı, sebzelerin taze olmasına dikkat etmeli örneğin.</p>
<p>Anne eli değmiş mücver, bu tarifte biraz daha renk kazanıyor. Yeşillik ve kabakların yanına havuç da katılıyor. Ana yemeğiniz ne olursa olsun bugün sofranızda <strong>kızarmış çıtır mücverler</strong> de yer alsın bizce.</p>
<p>Daha fazla mücver çeşidi görmek isteyenleri ise şöyle alabiliriz: <a href=""https://yemek.com/mucver-tarifleri/"" target=""_blank"" rel=""noopener"">Mücver Tarifleri</a></p>
<p>Kızartmalardan uzak duruyorsanız sizi fırında kabak mücveri tarifimize şuradan davet edelim: <a href=""https://yemek.com/tarif/firinda-mucver/"" target=""_blank"" rel=""noopener"">Fırında Mücver Tarifi, Nasıl Yapılır?</a></p>
<p>Videolu tarifimize aşağıya bırakıyoruz. Keyfini çıkarmanız dileğiyle!</p>",recipe,"['tuz', 'yumurta', 'un', 'karabiber', 'havuç', 'taze soğan', 'kabak', 'dereotu', 'sıvı yağ']","['<p>Mücver için bol suda yıkadığınız kabakları rendenin\xa0iri kısmıyla rendeleyin.\xa0Mücveri sulandırmaması için; rendelenmiş kabakların suyunu sıkarak çıkartın.</p>', '<p>Geniş bir kapta rendelenen kabakları, havucu, yumurtayı, taze soğanı, dereotunu, tuzu, karabiberi birleştirin.</p>', '<p>Unu da ilave edip tüm malzemeler birbiriyle harmanlayın.</p>', '<p>Tüm malzemeler macun kıvamını alana kadar spatula yardımıyla karıştırın.</p>', '<p>Her bir mücver 1 tepeleme yemek kaşığı olacak şekilde ayarlayıp tavaya dökün.</p>', '<p>Kızgın yağda altın sarısı rengini alana kadar kızartın. Mücverlerin fazla yağını havlu kağıda süzdürdükten sonra servis tabağına alın ve çırpılmış yoğurt ile servis edin. Afiyet olsun!</p>']",SEBZE,239b56,/tarif/sebze/,"['Sebze', 'Özel Beslenme', 'Vejetaryen', 'Video', 'Kızartma', 'Mevsiminde']",,['Çay Saati'],['Kızartma'],"['Ekonomik', 'Vejetaryen']",False,900,900,2021-11-09T03:30:59Z,4.0,1738171,11618,False,True,True,0,,0,,,,2014/07/mucver-ytk-site.jpg,0,0,https://cdn.yemek.com/mnresize/940/940/uploads/2014/07/mucver-ytk-site.jpg,940,940,False,https://cdn.yemek.com/mncrop/300/200/uploads/2014/07/mucver-ytk-site.jpg,300,200,True,https://cdn.yemek.com/mncrop/940/625/uploads/2014/07/mucver-ytk-site.jpg,940,625,True,https://cdn.yemek.com/mncrop/620/388/uploads/2014/07/mucver-ytk-site.jpg,620,388,True,https://cdn.yemek.com/mncrop/600/315/uploads/2014/07/mucver-ytk-site.jpg,600,315,True,,,"['Haziran', 'Temmuz', 'Ağustos']",,,
355,272,Neşe Ümit Tan,https://cdn.yemek.com/author/208653/20190910030615_avatar.jpg,/profil/neseumit/,Tam Kıvamında: Sütlaç,Sütlaç,/tarif/sutlac/,31 dk,5 dk,"<p><a href=""https://yemek.com/tarif/"" target=""_blank"">Yemek tariflerinin</a> en tatlı, en sevilen ismi, <a href=""https://yemek.com/tarif/sutlu-tatlilar/"" target=""_blank"">sütlü tatlılar</a>ın en besleyicisi, pirincin en güzel halidir sütlaç tarifi. Tencerede kıvam aldıktan sonra ısıya dayanıklı toprak kaplara paylaştırılıp fırında kızaran hali <a href=""https://yemek.com/tarif/firin-sutlac/"" target=""_blank"">fırın sütlaç</a> ismini alır. Çocukluk yıllarından aşina olduğumuz besleyici bir tatlıdır. <a href=""https://yemek.com/"" target=""_blank"">Tarifler</a> içinde özellikle sütlü tatlıların ve <a href=""https://yemek.com/tarif/tatli/"" target=""_blank"">tatlı tariflerinin</a> en şahanesidir!</p>
<p>Ev yapımı sütlacı tam kıvamında ve tam ölçülü yapmak için birkaç püf noktasına ihtiyacınız var. Klasik sütlaçtan vazgeçemeyenlerin evde nefis <a href=""https://yemek.com/tarif/firin-sutlac/"" target=""_blank"">fırın sütlaçlar</a> yapmasını sağlayacak olan ve en güzel sütlaç tarifine ulaşmanızı sağlayacak bu tarifi bir köşeye not edin deriz. <a href=""https://yemek.com/tarif/sutlu-tatlilar/"" target=""_blank"">Sütlü tatlıların</a> en güzeli, <a href=""https://yemek.com/ramazan-tatlilari/"" target=""_blank"">ramazan için tatlılardan</a> <strong>en hafif sütlaç tarifi</strong> karşınızda!</p>
",recipe,"['pirinç', 'sıcak su', 'toz şeker', 'süt', 'su', 'buğday nişastası']","['Sadece bir kez sudan geçirerek yıkadığınız\xa0pirinci tencereye alın ve\xa02 su bardağı sıcak suyu ekleyerek kısık ateşte pişirmeye başlayın. Bu sırada ara ara nazikçe karıştırın.', 'Pirinç, suyu çekip lapa hale gelince üzerine sütü ilave edin. Karıştırın ve\xa0süt kaynayana kadar ara ara karıştırmaya devam edin. Kaynadıktan sonra altını kısın, 8-10 dakika daha bu şekilde karıştırarak kısık ateşte pişirin.', 'Ardından şekeri ekleyin, karıştırın. Tekrar kaynamasını bekleyin ve 4-5 dakika daha da kısık ateşte bu şekilde kaynatın.', 'Nişastayı eklemek için bir kabın içerisine alın, 1 çay bardağı suyla karıştırın.', 'Aynı anda hem karıştırıp hem tencereye ekleyin. Azar azar dökerek eklerseniz topaklanma riskini de engellemiş olursunuz.\xa0Karıştırdıktan sonra hafifçe kıvam alana kadar pişirin. Bu sırada tekrar kaynayacak ve minik minik balonların yüzeye ulaştığını göreceksiniz, bunu gördükten sonra kısık ateşe alıp 1-2 dakika daha pişirin ve ardından ocaktan alın.', 'Bu noktada sütlacın kıvamı akışkan bir boza kıvamında olmalıdır.\xa0Sütlaç harcını bir kepçeyle kaselere dağıtın.', 'Oda sıcaklığında soğuduktan\xa0sonra buzdolabında en az 2 saat, tercihen 1 akşam kadar bekletin ve servis etmeden önce buzdolabından çıkarıp 5 dakika bekletin, tarçın serperek servis edin.', 'Afiyet olsun!']",SÜTLÜ TATLI,239b56,/tarif/sutlu-tatlilar/,"['Tatlı', 'Ramazan', 'Sütlü Tatlı', 'Video']",['çay saati'],['Çay Saati'],['Tencere'],,False,1860,300,2022-03-11T07:15:20Z,4.0,1693684,4171,False,True,True,0,,0,,,,2019/05/sutlac-guncelleme-sunum-1.jpg,0,0,https://cdn.yemek.com/mnresize/940/940/uploads/2019/05/sutlac-guncelleme-sunum-1.jpg,940,940,False,https://cdn.yemek.com/mncrop/300/200/uploads/2019/05/sutlac-guncelleme-sunum-1.jpg,300,200,True,https://cdn.yemek.com/mncrop/940/625/uploads/2019/05/sutlac-guncelleme-sunum-1.jpg,940,625,True,https://cdn.yemek.com/mncrop/620/388/uploads/2019/05/sutlac-guncelleme-sunum-1.jpg,620,388,True,https://cdn.yemek.com/mncrop/600/315/uploads/2019/05/sutlac-guncelleme-sunum-1.jpg,600,315,True,,,,,,
356,125,Yasemin Özaltın,https://cdn.yemek.com/author/35533/20181219061403_avatar.jpg,/profil/yasemingursurer/,Basit Malzemelerle: Kolay Tiramisu,Kolay Tiramisu,/tarif/kolay-tiramisu/,15 dk,15 dk,"<p>""Tiramisu hangi ülkeye ait?"" diyenlere hemen cevap vererek başlayalım. İtalyan asıllı bir <a href=""https://yemek.com/tarif/tatli/"" target=""_blank"">tatlı</a> olan <a href=""https://yemek.com/tarif/tiramisu/"" target=""_blank"">tiramisu</a>, ülkemizde son yıllarda popüler olmasıyla tanınır. Mutluluk ve enerji veren bir tatlı olduğu için de İtalyanlar bu tatlıya 'Beni yukarı çek, beni yukarı kaldır' anlamına gelen tiramisu ismini vermiştir. Bu hali de onun oldukça pratikleşmiş hali. Hazır kekle yapılan bu kolay tiramisu tarifi üstelik 30 dakikada hazır.</p>
<p>""Tiramisu nasıl yapılır?"" diyenler için tiramisu <a href=""https://yemek.com/tarif/kek/"" target=""_blank"">kek</a>inin labneli tiramisu kremasıyla nasıl buluştuğunu adım adım resimli bir şekilde anlatıyor, nefis süslemesiyle en güzel ve en pratik ev yapımı tiramisunun yapılışını tüm detaylarıyla anlatıyoruz!</p>
<p>İşte iştah açıcı görüntüsü ve lezzetiyle kolay tiramisu tarifi! En kısa zamanda onu çayınızın, kahvenizin yanına konuk edin deriz. Hem zamandan kazandıran hem de konuklarınıza nefis bir ikramda bulunmak istediğinizde de kurtarıcılarınızdan biri olacak nefis tarifimize davetlisiniz. Mevsimine göre de kolay tiramisularınızın üzerini dilediğiniz meyve ile süsleyebilirsiniz. Şimdiden ellerinize sağlık diyoruz.</p>
<p>Bu arada ""Ben kedi dili ile yapılan orijinal tiramisu <a href=""https://yemek.com/tarif/"" target=""_blank"">tarif</a>ini de merak ediyorum"" derseniz onun tarifini de hemen şöyle bırakıyoruz: <a href=""https://yemek.com/tarif/kedi-dilli-tiramisu/"" target=""_blank"">Kedidilli tiramisu tarifi, nasıl yapılır?</a></p>
",recipe,"['sıcak su', 'toz şeker', 'toz şeker', 'süt', 'un', 'yumurta sarısı', 'kakao', 'hazır kek', 'granül kahve', 'labne peyniri']","['Tiramisunun kremasını hazırlamak için; 2 su bardağı süt, 5 yemek kaşığı toz şeker, 3 yemek kaşığı un ve 1 adet\xa0 yumurta sarısını tencereye alın.', 'Sürekli karıştırarak orta ateşte muhallebi kıvamına gelene kadar pişirin. Piştikten sonra kremayı soğumaya bırakın.', 'Kek tabanını ıslatmak için; bir kasede 1 su bardağı sıcak suya, 1 yemek kaşığı granül kahve ve 1 tatlı kaşığı toz şekerini eriyene kadar karıştırın.', 'Pişirip soğumaya bıraktığınız kremaya 200 gram labne peynirini ekleyin ve bir mikser yardımıyla pürüzsüz bir kıvam alana kadar çırpın.', 'Servis tabağına ya da bir borcama pasta tabanının bir katını yerleştirin.', 'Kahveli karışımın yarısıyla keki ıslatın.', 'Üzerine hazırladığınız kremanın yarısını yayın.', 'Pastanın diğer katını da üzerine koyun ve\xa0 kahveli karışımla ıslatın. Kalan krema ile pastanın üzerini tamamen kaplayın.', 'Son olarak üzerine kakao serpiştirin.', 'Çilek dilimleriyle süsleyip buzdolabında 1- 2 saat beklettikten sonra dilimleyerek servis edin.\xa0Afiyet olsun!']",TATLI,239b56,/tarif/tatli/,"['Tatlı', 'Video', 'Dünya Mutfakları']","['ekonomik', 'ara öğün', 'çay saati']",['Çay Saati'],['Tencere'],['Vejetaryen'],False,900,900,2022-03-31T14:48:27Z,4.0,1687627,4451,False,True,True,0,,0,,,,2014/06/kolay-tiramisu-yemekcom.jpg,0,0,https://cdn.yemek.com/mnresize/940/940/uploads/2014/06/kolay-tiramisu-yemekcom.jpg,940,940,False,https://cdn.yemek.com/mncrop/300/200/uploads/2014/06/kolay-tiramisu-yemekcom.jpg,300,200,True,https://cdn.yemek.com/mncrop/940/625/uploads/2014/06/kolay-tiramisu-yemekcom.jpg,940,625,True,https://cdn.yemek.com/mncrop/620/388/uploads/2014/06/kolay-tiramisu-yemekcom.jpg,620,388,True,https://cdn.yemek.com/mncrop/600/315/uploads/2014/06/kolay-tiramisu-yemekcom.jpg,600,315,True,,,,['İtalya'],,
357,127,Gökçen Mutaf,https://cdn.yemek.com/author/23120/20181227103819_avatar.jpeg,/profil/gokcenmutaf/,Ağızda Dağılan Mükemmel Kıvamıyla: Elmalı Kurabiye,Elmalı Kurabiye,/tarif/elmali-kurabiye/,25 dk,20 dk,"<p><a href=""https://yemek.com/kurabiye-tarifleri-puf-noktalari/"" target=""_blank"">Kurabiye tariflerinin</a> en güzellerinden biri olan en güzel elmalı kurabiye karşınızda! Ağızda dağılan kıvamıyla, <a href=""https://yemek.com/pratik-kurabiye-tarifleri/"" target=""_blank"">pratik kurabiyelerden</a> oluşuyla kalplerinizi çalmaya gelecek bu kıyır kıyır <a href=""https://yemek.com/elmali-kurabiye-tarifleri/"" target=""_blank"">elmalı kurabiye tarifi</a> şekilleriyle, malzemeleriyle, hamuruyla tam ölçülü <a href=""https://yemek.com/tarif/kolay-elmali-kurabiye/"" target=""_blank"">elmalı kurabiye</a> yapmak isteyenlerin yardımına koşacak.</p>
<p><strong>Elmalı kurabiyenin gevrek olmas</strong>ı için yapılması gerekenlerden, nasıl saklanacağına kadar elmalı kurabiye yapmanın tüm püf noktalarını da bulabileceğiniz bu en güzel denenmiş elmalı kurabiye <a href=""https://yemek.com/tarif/"" target=""_blank"">tarifi</a> için çay suyunun altını koyalım hafiften. Elmalı <a href=""https://yemek.com/tarif/kurabiye/"" target=""_blank"">kurabiyeler</a> bizi bekler. Ağızda dağılan, tarçınlı <strong>elmalı kurabiye tarifi</strong>miz için mutfağa davetlisiniz. Afiyetler olsun şimdiden.</p>
",recipe,"['limon suyu', 'toz şeker', 'toz şeker', 'un', 'yoğurt', 'tarçın', 'karbonat', 'tereyağı (oda ısısında bekletilmiş)', 'dövülmüş ceviz içi', 'sıvı yağ', 'kırmızı elma']","['Elmalı kurabiye tarifini hazırlamak için\xa0 rendelenmiş elmaları tavaya alın. Üzerine toz şekeri ilave edin. Karamelize olana dek pişirin.', 'Piştikten sonra üzerine yarım su bardağı kadar dövülmüş ceviz ve tarçın ekleyin, karıştırın.', 'Hamurunu hazırlamak için derin bir kaseye oda sıcaklığında yumuşamış tereyağı, sıvı yağ, yoğurt, toz şeker, limon suyu ve karbonatı ekleyin. Güzelce yoğurun ve ardından unu da azar azar ekleyerek, ele yapışmayan fakat yumuşak olan bir hamur elde edin.', 'Hamuru tezgahın üzerinde toparlayın.', 'Tezgaha hafifçe un serperek açın. Yuvarlak şekiller çıkarıp elmalı harcı ortasına koyun ve iki yandan katlayın.', 'Pişirme kağıdı serdiğiniz fırın tepsisine kurabiyeleri dizin ve önceden ısıtılmış 180 derece fırında üzeri kızarana kadar, yaklaşık 20-25 dakika pişirin.', 'Oda sıcaklığına geldikten sonra üzerine pudra şekeri serpiştirin. Kurabiyeleriniz artık servise hazır! Afiyet olsun..', 'Afiyet olsun..']",TATLI KURABİYE,239b56,/tarif/tatli-kurabiyeler/,"['Kurabiye', 'Video', 'Tatlı Kurabiye']",['çay saati'],['Çay Saati'],['Fırın'],,False,1500,1200,2022-03-11T07:30:23Z,4.0,1597377,7917,False,True,True,0,,0,,,,2022/03/elmali-kurabiye-tarifi-yemekcom.jpg,0,0,https://cdn.yemek.com/mnresize/940/940/uploads/2022/03/elmali-kurabiye-tarifi-yemekcom.jpg,940,940,False,https://cdn.yemek.com/mncrop/300/200/uploads/2022/03/elmali-kurabiye-tarifi-yemekcom.jpg,300,200,True,https://cdn.yemek.com/mncrop/940/625/uploads/2022/03/elmali-kurabiye-tarifi-yemekcom.jpg,940,625,True,https://cdn.yemek.com/mncrop/620/388/uploads/2022/03/elmali-kurabiye-tarifi-yemekcom.jpg,620,388,True,https://cdn.yemek.com/mncrop/600/315/uploads/2022/03/elmali-kurabiye-tarifi-yemekcom.jpg,600,315,True,,,,,,
358,3424,Ege Şahin,https://cdn.yemek.com/author/464113/20220221123420_avatar.jpg,/profil/egesahin/,Kıyır Kıyır: Üç Malzemeli Un Kurabiyesi,Üç Malzemeli Un Kurabiyesi,/tarif/uc-malzemeli-un-kurabiyesi/,15 dk,10 dk,"<p>Eşe dosta <a href=""https://yemek.com/tarif/un-kurabiyesi/"" target=""_blank"">un kurabiyesi</a> tarifi soranlar, telefonda un kurabiyesi nasıl yapılır diye dert yananlar, neredeyse rüyasında un kurabiyesi görenler... Hoş geldiniz, doğru yerdesiniz.</p>
<p>Günün en tatlı saatleri akşam üzeri olmuş, belki de tatlısıyla tuzlusuyla uzun uzadıya keyfi çıkacak bir <a href=""https://yemek.com/tarif/kahvaltiliklar/"" target=""_blank"">kahvaltı</a> sofrası hazırlıyorsunuz. Ya da akşam yemeği sonrası çay keyfinizi taçlandıracak tatlı bir hamur işi aradığınız. Öyleyse sadece 10 dakikada hazırlanan üç malzemeli un kurabiyesi <a href=""https://yemek.com/tarif/"" target=""_blank"">tarif</a>ine alalım sizi. Bu kurabiyeler bir şahane.</p>
<p>Sıvı yağ, pudra şekeri ve un ilavesiyle hazırlanan bu <a href=""https://yemek.com/tarif/tatli-kurabiyeler/"" target=""_blank"">tatlı kurabiye</a>ler, kaşıkla şekil alıp önceden ısıtılmış 175 derece fırında 15 dakika gibi kısa bir sürede pişiyor. Demleyin çayı, kurulun en sevdiğiniz koltuğa. Kurabiyeleriniz olmak üzere, afiyet olsun.</p>
",recipe,"['un', 'pudra şekeri', 'pudra şekeri', 'sıvı yağ']","['Sıvı yağ ve pudra şekerini derin bir kaba alın, karıştırın.', 'Ardından unu aşamalı olarak ekleyin.\xa0Hamuru toparlamak için iyice yoğurun. Hamurdan parçalar koparıp silindir şeklini verin.', 'Verev şekilde kesin.', 'Yağlı kağıt serilmiş fırın tepsisine aralıklı olarak yerleştirin.', 'Üzerlerini çatal ile çizin. Önceden ısıtılmış 175 derece fırında 15 dakika pişirin.', 'Arzuya göre üzerine pudra şekeri serperek servis edin. Afiyet olsun!']",TATLI KURABİYE,239b56,/tarif/tatli-kurabiyeler/,"['Kurabiye', 'Tatlı Kurabiye']",['çay saati'],['Çay Saati'],['Fırın'],['Ekonomik'],False,900,600,2022-12-28T11:10:00Z,4.0,1569331,4413,False,False,True,0,,0,,,,2015/09/uc-malzemeli-un-kurabiyesi-yemekcom.jpg,0,0,https://cdn.yemek.com/mnresize/940/940/uploads/2015/09/uc-malzemeli-un-kurabiyesi-yemekcom.jpg,940,940,False,https://cdn.yemek.com/mncrop/300/200/uploads/2015/09/uc-malzemeli-un-kurabiyesi-yemekcom.jpg,300,200,True,https://cdn.yemek.com/mncrop/940/625/uploads/2015/09/uc-malzemeli-un-kurabiyesi-yemekcom.jpg,940,625,True,https://cdn.yemek.com/mncrop/620/388/uploads/2015/09/uc-malzemeli-un-kurabiyesi-yemekcom.jpg,620,388,True,https://cdn.yemek.com/mncrop/600/315/uploads/2015/09/uc-malzemeli-un-kurabiyesi-yemekcom.jpg,600,315,True,,,,,,
359,4487,Gökçen Mutaf,https://cdn.yemek.com/author/23120/20181227103819_avatar.jpeg,/profil/gokcenmutaf/,Brownie'yi Andıran: Islak Kurabiye,Islak Kurabiye,/tarif/islak-kurabiye/,25 dk,15 dk,"<p>Kakaolu kurabiyenin şerbetle buluşmasından hazırlanan ıslak kurabiye, kakaolu tatlıları sevenlere göre. <strong>Sıcak kurabiyelerin ıslatılması kakao tadını yoğunlaştırıyor </strong>ve <a href=""https://yemek.com/tarif/kurabiye/"" target=""_blank"" rel=""noopener"">kurabiyeye</a> ağızda dağılan bir kıvam veriyor. Islak kurabiye tarifini çay saatleri için keyifle hazırlayabilir, bu esmer kurabiyeleri yanında bir fincan kahve eşliğinde tatlı bir atıştırmalık olarak da tüketebilirsiniz.</p>
<p><a href=""https://yemek.com/tarif/brownie/"" target=""_blank"" rel=""noopener"">Brownie</a>'yi andıran bu lezzetli <a href=""https://yemek.com/tarif/browni-kurabiye/"" target=""_blank"" rel=""noopener"">browni tadında kurabiye</a>leri kısa sürede hazırlayabilir, yorumlarınızı bizlerle paylaşabilirsiniz.</p>",recipe,"['yumurta', 'toz şeker', 'un', 'kabartma tozu', 'su', 'rendelenmiş Hindistan cevizi', 'kakao', 'pudra şekeri', 'tereyağı (oda sıcaklığında bekletilmiş)', 'vanilin', 'sıvı yağ']","['<div>\n<div>\n<div dir=""ltr"">\n<div>\n<div>Islak kurabiye için derince bir karıştırma kabına oda ısısındaki tereyağını, sıvı yağı, yumurtayı, pudra şekerini, kakaoyu, vanilin ve kabartma tozunu alın.</div>\n</div>\n</div>\n</div>\n</div>', '<p>Tüm malzemeleri özleşene\xa0kadar\xa0karıştırın.</p>', '<div>\n<div>\n<div dir=""ltr"">\n<div>\n<div>Ardından unu yavaş yavaş ekleyerek, ele yapışmayan bir hamur elde edin.</div>\n</div>\n</div>\n</div>\n</div>', '<div>\n<div>\n<div dir=""ltr"">\n<div>\n<div>Hazırladığınız hamurdan ceviz büyüklüğünde parçalar koparın.</div>\n</div>\n</div>\n</div>\n</div>', '<p>Avucunuzda yuvarlayın ve parmağınızla ortasına hafifçe bastırdıktan sonra, yağlı kağıt serilmiş bir fırın tepsisine dizin.\xa0Önceden ısıtılmış 180 derece fırında yaklaşık 20 dakika kadar pişirin.</p>', '<div>\n<div>\n<div dir=""ltr"">\n<div>\n<div>Kurabiyeleriniz fırındayken şerbeti için gerekli olan şeker ve suyu homojen karışana kadar kaynattıktan sonra bir kaseye alın ve soğutun.</div>\n</div>\n</div>\n</div>\n</div>', '<div>\n<div>\n<div dir=""ltr"">\n<div>\n<div>Kurabiyeler fırından çıkınca 2 dakika kadar bekletin ve ardından teker teker hazırladığınız şerbete atın, arkalı önlü çevirin ve bir servis tabağına dizin.</div>\n</div>\n</div>\n</div>\n</div>', '<div>\n<div>\n<div dir=""ltr"">\n<div>\n<div>Tüm kurabiyeleri bu şekilde şerbete batırdıktan sonra kalan şerbeti de üstlerine gezdirin ve tüm şerbeti çekene dek bekletin.</div>\n</div>\n</div>\n</div>\n</div>', '<div>\n<div>\n<div dir=""ltr"">\n<div>\n<div>Kurabiyeler şerbeti çektikten sonra üstlerini Hindistan cevizi ile süsleyin ve servis edin. Afiyet olsun.</div>\n</div>\n</div>\n</div>\n</div>']",TATLI KURABİYE,239b56,/tarif/tatli-kurabiyeler/,"['Kurabiye', 'Tatlı Kurabiye']",,['Çay Saati'],['Fırın'],['Ekonomik'],False,1500,900,2022-03-16T06:08:50Z,4.0,1542043,9538,False,False,True,0,,0,,,,2016/01/islak-kurabiye-tarifi-son.jpg,0,0,https://cdn.yemek.com/mnresize/940/940/uploads/2016/01/islak-kurabiye-tarifi-son.jpg,940,940,False,https://cdn.yemek.com/mncrop/300/200/uploads/2016/01/islak-kurabiye-tarifi-son.jpg,300,200,True,https://cdn.yemek.com/mncrop/940/625/uploads/2016/01/islak-kurabiye-tarifi-son.jpg,940,625,True,https://cdn.yemek.com/mncrop/620/388/uploads/2016/01/islak-kurabiye-tarifi-son.jpg,620,388,True,https://cdn.yemek.com/mncrop/600/315/uploads/2016/01/islak-kurabiye-tarifi-son.jpg,600,315,True,,,,,,
360,72,Yasemin Özaltın,https://cdn.yemek.com/author/35533/20181219061403_avatar.jpg,/profil/yasemingursurer/,En Gerçek Tarifiyle: Ezogelin Çorbası,Ezogelin Çorbası,/tarif/ezogelin-corbasi/,45 dk,15 dk,"<p>Türk mutfağına özgü, buram buram Anadolu kokan, binlerce yıllık bir <a href=""https://yemek.com/tarif/corba/"" target=""_blank"">çorba tarifiyle</a> karşınızdayız. <a href=""https://yemek.com/tarif/"" target=""_blank"">Yemek tarifleri</a> arasından seçtiğiniz ana yemek ne olursa olsun, ona mutlaka yakışacak olan ezogelin çorbasından bahsediyoruz. Siz de bu kolay ev yapımı ezogelin çorbasıyla sofralarınızı sıcacık yapabilirsiniz.</p>
<p>Ezogelin çorbası tarifi; yüksek oranda bereket içerir. Besleyicidir, lezzetlidir, pratiktir. Tüm bunların yanı sıra <a href=""https://yemek.com/tarif/mercimek-corbasi/"" target=""_blank"">mercimek çorbası</a> ile olan amansız rekabetiyle, bütün kebapçıların olmazsa olmaz çorbası olma özelliğini taşır. Hastalıklara karşı amansızca savaşır, siz iyi olun diye varını yolunu ortaya koyar. Tırnak pide ya da <a href=""https://yemek.com/tarif/bazlama/"" target=""_blank"">bazlama</a>yı çok sever.</p>
<p>Ezogelin çorbasını Türk mutfak tarihine kazandıran ve çorbaya adını veren Gaziantep’in Uruş (Dokuzyol) köyünde yaşamış olan Ezo Gelin’e şükranlarımızı sunarız. Merak edenler varsa ezogelin çorbasının hikayesi hemen şurada: <a href=""https://yemek.com/ezogelin-corbasinin-hikayesi/"" target=""_blank"">Hikayesi de Lezzeti Kadar Anadolu: Ezogelin Çorbasının Hikayesi</a></p>
<p>O zaman adım adım resimli ve videolu ezogelin çorbası yapılışı ve tarifi sizi bekler. <img src=""https://cdn.yemek.com/assets/images/smiley/wink.png"" class=""wp-smiley img-responsive"" /></p>
",recipe,"['kırmızı mercimek', 'pirinç', 'bulgur', 'kuru soğan', 'tereyağı', 'sıcak su', 'nane', 'tuz', 'limon suyu', 'pul biber', 'domates salçası']","['Sıcak suyu geniş bir tencerede kaynatın. Yıkayıp suyunu süzdürdüğünüz 2 çay bardağı kırmızı mercimeği tencereye aktarın.', '3 yemek kaşığı pirinci, 2 yemek kaşığı bulguru ve 1 tatlı kaşığı tuzu tencereye aktarın.', 'Yaklaşık 35 dakika, kırmızı mercimekler yumuşayana kadar pişirin.', 'Ayrı bir tavada 1 yemek kaşığı tereyağını eritin.', 'Üzerine 1 adet küp doğranmış kuru soğanı ekleyin ve kavurmaya başlayın.', 'Kavrulan soğanlara 1 tatlı kaşığı domates salçasını ekleyin.', '1 tatlı kaşığı naneyi ekleyip, 2 dakika daha kavurun.', 'Kavrulan sosunuzu ocaktan alın.', 'Bakliyatları kaynattığınız tencereye kavrulan salçalı soğan karışımı ekleyin.', 'Sonra hızlıca karıştırdığınız çorbayı 10 dakika daha pişirin.', 'Limon suyu ve pul biber ilavesiyle sıcak olarak servis edin.\xa0Afiyet olsun!']",ÇORBA,,/tarif/corba/,"['Çorba', 'Ramazan', 'Video']","['ekonomik', 'öğle yemeği']","['Öğle Yemeği', 'Ara Öğün', 'Akşam Yemeği']",['Tencere'],"['Ekonomik', 'Vejetaryen']",False,2700,900,2019-04-10T08:00:07Z,4.0,2061511,10279,False,True,True,0,,0,,,,2014/06/ezogelin-corbasi-yemekcom.jpg,0,0,https://cdn.yemek.com/mnresize/940/940/uploads/2014/06/ezogelin-corbasi-yemekcom.jpg,940,940,False,https://cdn.yemek.com/mncrop/300/200/uploads/2014/06/ezogelin-corbasi-yemekcom.jpg,300,200,True,https://cdn.yemek.com/mncrop/940/625/uploads/2014/06/ezogelin-corbasi-yemekcom.jpg,940,625,True,https://cdn.yemek.com/mncrop/620/388/uploads/2014/06/ezogelin-corbasi-yemekcom.jpg,620,388,True,https://cdn.yemek.com/mncrop/600/315/uploads/2014/06/ezogelin-corbasi-yemekcom.jpg,600,315,True,['tencere'],greenLight,,,,
361,247,Yasemin Özaltın,https://cdn.yemek.com/author/35533/20181219061403_avatar.jpg,/profil/yasemingursurer/,Tam Ölçülü: Pancake (Pankek),Pancake (Pankek),/tarif/pancake/,20 dk,20 dk,"<p>Bizim kültürümüzde <a href=""https://yemek.com/tarif/akitma/"" target=""_blank"">akıtma</a> ya da <a href=""https://yemek.com/tarif/krep"" target=""_blank"">krep</a> olarak bilinen hamur işinin biraz daha kalını ve kahvaltıların yıldızıdır pankek. Peynirli, zeytin ezmeli tuzlu çeşitleri yapılabileceği gibi çikolata kremalı ve meyveli çeşitlerini de aynı tarifle kolaylıkla hazırlayabilirsiniz. <a href=""https://yemek.com/tarif/kahvaltiliklar/"" target=""_blank"">Kahvaltılık tarif</a> aradığınızda eliniz bu tarife hemen gidecek.</p>
<p>Bu kahvaltılık <a href=""https://yemek.com/tarif/kolay-pankek/"" target=""_blank"">kolay pankek tarifi</a>nde pankek hamurunun nasıl yapılacağından <strong>tavada pankek yapmanın püf noktalarına</strong> kadar her şeyi bulabilecek, evde pankek yapımının tüm inceliklerini öğreneceksiniz.</p>
<p>Pancake tarifi gerçekten oldukça basit. Yumurta, un, kabartma tozu, toz şeker, süt, ayçiçek yağı gibi temel malzemeler içeriyor bu <strong>pratik hamur işi</strong>. Servis esnasında meyve dilimleri, eritilmiş çikolata çeşitleri, sosları oldukça yakışıyor. Akçaağaç şurubuyla da çok iyi gittiğini söylemeden geçmeyelim.</p>
<p>4 kişilik pankek nasıl yapılır diyenler için adım adım resimli ve videolu pancake tarifiyle en güzel pankekler hep sizin mutfaktan çıkacak! <img src=""https://cdn.yemek.com/assets/images/smiley/smile.png"" class=""wp-smiley img-responsive"" /></p>
",recipe,"['tuz', 'yumurta', 'toz şeker', 'ayçiçek yağı', 'ayçiçek yağı', 'süt', 'un', 'kabartma tozu', 'bal', 'vanilin']","['Pankek tarifi için derin bir karıştırma kabında 2 yumurta ve yarım su bardağı şekeri alın.', 'Şeker eriyene ve karışım krema kıvamını alana kadar\xa0çırpın.', 'Yumurtalı karışımın üzerine, 2 yemek kaşığı sıvı yağ ve 1,5 su bardağı sütü de koyup tekrar çırpın.', '2 su bardağı un, 1 paket kabartma tozu, 1 paket vanilin ve bir tutam tuzu da eleyerek karışımın içerisine ekleyin.', 'Pürüzsüz bir kıvam alana kadar çırpın.', 'İlk pankeki pişirmek için; krep tavasını ayçiçek yağı ile yağlayın. Kızdırdığınız tavaya küçük bir kepçe ya da bir kahve fincanı kadar pankek harcını aktarın.', 'Ocağın altını kısın. Pankeki, üzeri göz göz olana kadar pişirin. Bir spatula yardımıyla çevirdiğiniz pankekin diğer tarafını da aynı şekilde pişirin.', 'Krep tavasını arada yağlayarak pankek harcı bitene kadar aynı işlemi tekrarlayın.', 'Servis tabağına aldığınız pankeklerin üzerine tereyağı koyup bal gezdirebilirsiniz, afiyet olsun.']",KAHVALTILIK,239b56,/tarif/kahvaltiliklar/,"['Kahvaltılık', 'Video']","['kahvaltı', 'çay saati']","['Kahvaltı', 'Çay Saati']",['Tava'],"['Ekonomik', 'Vejetaryen']",False,1200,1200,2022-03-10T07:30:22Z,4.0,2051860,12838,False,True,True,0,,0,,,,2014/07/pancake-yemekcom.jpg,0,0,https://cdn.yemek.com/mnresize/940/940/uploads/2014/07/pancake-yemekcom.jpg,940,940,False,https://cdn.yemek.com/mncrop/300/200/uploads/2014/07/pancake-yemekcom.jpg,300,200,True,https://cdn.yemek.com/mncrop/940/625/uploads/2014/07/pancake-yemekcom.jpg,940,625,True,https://cdn.yemek.com/mncrop/620/388/uploads/2014/07/pancake-yemekcom.jpg,620,388,True,https://cdn.yemek.com/mncrop/600/315/uploads/2014/07/pancake-yemekcom.jpg,600,315,True,,,,['Amerika Birleşik Devletleri'],,
362,188,Yasemin Özaltın,https://cdn.yemek.com/author/35533/20181219061403_avatar.jpg,/profil/yasemingursurer/,"Kabardıkça Kabarır, Şerbetini Tam Çeker: Revani",Revani,/tarif/revani/,30 dk,35 dk,"<p>Bugün akşam yemeğine en lezzetli <a href=""https://yemek.com/ramazan-tatlilari/"" target=""_blank"">ramazan tatlılarından</a> biri olan revaniyi koyacağız. Revani tarifini uygularken bir yandan saray mutfağının bize Osmanlı'dan kalan en yadigar şeylerden biri olduğunu hatırlayacağız. Yaptığımız <a href=""https://yemek.com/tarif/"" target=""_blank"">yemek tariflerine</a> tatlı olarak onu çok yakıştıracağız. <a href=""https://yemek.com/tarif/tatli/"" target=""_blank"">Tatlı tariflerinin</a> arasında en çok sevdiklerimiz arasına ekleyeceğiz.</p>
<p>Klasik revaniyi evde pratik bir şekilde yapabilmek mümkün aslında. <strong>""Revani tatlısı nasıl yapılır""</strong> sorusunun hemen aşağıda adım adım resimli cevabını bulabileceğiniz nefis irmikli ve tam ölçülü evde kolay <a href=""https://yemek.com/tarif/muhallebili-revani/"" target=""_blank"">revani</a> yapımı tarifimizin bir püf noktası var bilinmesi gereken: Tahmin edeceğiniz gibi <a href=""https://yemek.com/tarif/serbetli-tatlilar/"" target=""_blank"">şerbetli tatlılardan</a> revaninin kıvamı önemli, onu da bir kaşık yardımıyla alacağınız şerbeti parmağınıza damlatıp, damlanın yayılıp yayılmadığını görerek anlayabilirsiniz. Eğer şerbet damlası yayılmıyorsa kıvamı tutmuş, revani yapımı için hazır hale gelmiş demektir. Böylelikle <strong>""Revani şerbeti nasıl dökülür, revani şerbeti nasıl olmalı?""</strong> sorusunun cevabını merak edenleri de rahatlatmış olduk.</p>
<p>Şerbetin yoğunluğu ile kekinin kabarıklığı için düşündüğümüz revani yapımı püf noktalarını tarif kısmında bulabilirsiniz. <a href=""https://yemek.com/revani-tarifleri/"" target=""_blank"">Farklı revani tarifleri</a> ve çok sevilen <a href=""https://yemek.com/tarif/hashasli-revani/"" target=""_blank"">haşhaşlı revani</a> tarifimizi de şöyle bırakalım.</p>
<p>O halde lafı daha fazla uzatmayalım, sizi en güzel revani tarifiyle baş başa bırakalım.</p>
",recipe,"['limon suyu', 'yumurta', 'toz şeker', 'toz şeker', 'ayçiçek yağı', 'un', 'kabartma tozu', 'su', 'yoğurt', 'irmik', 'rendelenmiş Hindistan cevizi', 'vanilin']","['Tatlının şerbetini hazırlamak için;\xa03 su bardağı su ve 2,5 su bardağı toz şekeri\xa0bir tencereye aktarın.', 'Kısık ateşte yaklaşık 30 dakika kadar kaynattıktan sonra limon suyunu ekleyin ve ılınması için ocaktan alın.', '3 yumurta bir kabın içerisine aktarın.', 'Üzerine 1 çay bardağı toz şekeri bir mikser yardımıyla toz şeker tamamen eriyene kadar karıştırın.', '1 çay bardağı ayçiçek yağı, 1 su bardağı yoğurt ve 1 su bardağı irmiği de ekledikten sonra tekrar karıştırın.', 'Son olarak 1,5 su bardağı\xa0un, 1 paket kabartma tozu ve 1 paket vanilini de karışıma ekledikten sonra çırpma işlemini sürdürün.', 'Yağlanmış fırına dayanıklı kalıbın içerisine hazırladığınız revani karışımını dökün.', 'Önceden ısıtılmış 180 derece fırında\xa025-30 dakika kadar pişirin.\xa0Fırından çıkardığınız revaninin ilk sıcaklığı geçtikten sonra oda sıcaklığında soğumuş şerbeti üzerine dökün ve şerbeti çekene kadar yaklaşık 1-2 saat bekleyin.', 'Ardından bıçak yardımıyla revaniyi dilimleyin.', 'Dilimlediğiniz ılık tatlıya rendelenmiş Hindistan cevizi serpiştirip servis edin. Afiyet olsun!']",ŞERBETLİ TATLI,239b56,/tarif/serbetli-tatlilar/,"['Tatlı', 'Şerbetli Tatlı', 'Ramazan', 'Video']","['ekonomik', 'çay saati']",['Çay Saati'],"['Fırın', 'Tencere']",,False,1800,2100,2022-04-20T11:00:29Z,4.0,2029239,5485,False,True,True,0,,0,,,,2014/06/revani-yemekcom.jpg,0,0,https://cdn.yemek.com/mnresize/940/940/uploads/2014/06/revani-yemekcom.jpg,940,940,False,https://cdn.yemek.com/mncrop/300/200/uploads/2014/06/revani-yemekcom.jpg,300,200,True,https://cdn.yemek.com/mncrop/940/625/uploads/2014/06/revani-yemekcom.jpg,940,625,True,https://cdn.yemek.com/mncrop/620/388/uploads/2014/06/revani-yemekcom.jpg,620,388,True,https://cdn.yemek.com/mncrop/600/315/uploads/2014/06/revani-yemekcom.jpg,600,315,True,,,,,,
363,2744,Cemre Özgüzel,https://cdn.yemek.com/author/109/20200211010242_avatar.jpg,/profil/cemre-ozguzel/,Az Malzemeyle Mükemmel Kıvam: Muhallebi,Muhallebi,/tarif/muhallebi/,15 dk,5 dk,"<p>Çocukluğumuzdan beri damağımızın alışık olduğu bir <a href=""https://yemek.com/tarif/tatli/"" target=""_blank"">tatlı tarifi</a> muhallebi. <strong>Pirinç unuyla hazırlanan muhallebi tarifler</strong>i olsa da kıvamı nişastayla bağlandığında bir o kadar güzel olur tadı. Öylesine yalın ve naif bir tattır ki kuru yemişler, çikolata ve çeşitli meyve sosları eşliğinde farklı tariflere bürünür.</p>
<p>Yaz sıcağına yakışır muhallebi tatlısı, keyfi kaşıklanır. Üzerine toz tarçınla yapabileceğiniz süslemelerle de saygı uyandırır. Başarıyla uygulanmış bir sütlü muhallebi tarifini tamamlayıcı nitelikte olan bu süslemeler ise tamamen sizin yaratıcılığınıza kalmış. <a href=""https://yemek.com/tarif/sutlu-tatlilar/"" target=""_blank"">Sütlü tatlıların </a>en kolay ve ekonomiği olan <strong>muhallebi tarifi</strong>mizle keyif dolu dakikalar yaşayabilirsiniz.</p>
<p>Biz sade muhallebi hazırladık ama diğer muhallebi çeşitleri için sizi şu tariflerimize de bekleriz: <a href=""https://yemek.com/muhallebi-tarifleri/"" target=""_blank"">Sıcak Yaz Günlerinde Midenizi Yormayarak Sizi Mutlu Edecek 17 Muhallebi Tarifi</a></p>
<p>En güzel muhallebinin sizin elinizden çıkmasını sağlayacak olan bu tarifi ister bardakta, ister kupta, ister fincanda servis edebilirsiniz. Hazırsanız pratik ve <a href=""https://yemek.com/tarif/kolay-muhallebi/"" target=""_blank"">kolay muhallebi</a> tarifimizle başbaşa bırakalım sizi.</p>
",recipe,"['tereyağı', 'toz şeker', 'süt', 'un', 'toz Antep fıstığı', 'buğday nişastası', 'muz', 'vanilin']","['5\xa0su bardağı soğuk sütü geniş bir tencereye aktarın.\xa0Yarım çay bardağı un, 3 yemek kaşığı buğday nişastası ve 1 su bardağı toz şekeri ilave ettikten sonra ocağın altını açın.', 'Ara ara karıştırarak koyu bir kıvam alana kadar pişirin.', 'Kıvam alan muhallebinin altını kapatın.', 'Henüz sıcakken içerisine\xa01 tatlı kaşığı tereyağı ve 1 paket vanilin ilave ederek çırpın.', 'Ardından servis kaselerine paylaştırın ve soğutun.', 'Antep fıstığıyla süsleyip tatlandırdığınız muhallebileri soğuk olarak sevdiklerinizle paylaşın.']",SÜTLÜ TATLI,239b56,/tarif/sutlu-tatlilar/,"['Tatlı', 'Ramazan', 'Sütlü Tatlı', 'Video']","['pratik yemek tarifleri', 'çay saati']",['Çay Saati'],['Tencere'],['Ekonomik'],False,900,300,2019-04-04T08:57:18Z,4.0,1868226,4584,False,True,True,0,,0,,,,2015/06/muhallebi-yemekcom.jpg,0,0,https://cdn.yemek.com/mnresize/940/940/uploads/2015/06/muhallebi-yemekcom.jpg,940,940,False,https://cdn.yemek.com/mncrop/300/200/uploads/2015/06/muhallebi-yemekcom.jpg,300,200,True,https://cdn.yemek.com/mncrop/940/625/uploads/2015/06/muhallebi-yemekcom.jpg,940,625,True,https://cdn.yemek.com/mncrop/620/388/uploads/2015/06/muhallebi-yemekcom.jpg,620,388,True,https://cdn.yemek.com/mncrop/600/315/uploads/2015/06/muhallebi-yemekcom.jpg,600,315,True,,,,,,
364,4172,ipeksare,https://cdn.yemek.com/author/262494/20200820091315_avatar.jpg,/profil/ipeksare/,Tane Tane Dökülür: Pirinç Pilavı,Pirinç Pilavı,/tarif/pirinc-pilavi/,20 dk,15 dk,"<p>Türlü türlü <a href=""https://yemek.com/tarif/"" target=""_blank"">yemek tariflerini</a> tamamlayan, <a href=""https://yemek.com/tarif/kuru-fasulye/"" target=""_blank"">kuru fasulye</a>-turşu ikilisine komşu olan, bir dönem yoğurtla takılan, <a href=""https://yemek.com/tarif/anne-koftesi/"" target=""_blank"">köfte patates</a> sevdalısı pilav... Kaşıktan tel tel dökülen pilav... Aromatik sebze ve kuru baharatlarla ev yapımı tavuk suyunuzu kendiniz hazırlayın bir güzel, ortalama pirinç çeşitlerine göre bir ölçü pirince bir buçuk ölçü su kullanacağınızı düşünün.</p>
<p>Yanma derecesini yükseltmek için tereyağını az miktarda ayçiçek yağıyla kavurun. Az miktarda arpa ya da tel şehriyeyi kavurup berrak su çıkana kadar duruladığınız pirinçleri pilav tenceresine alın. Şeffaf bir renk alana kavurup sıcak tavuk suyunu ekleyin. Tuzla tatlandırın, taze sıkılmış limon suyu, kesme şeker gibi unsurları küçük püf noktaları olarak değerlendirin pilav tarifinde. ""Pilavın tane tane olması için ne yapılır?"" diye soruyorsanız da size nefis önerilerimiz var: <a href=""https://yemek.com/pilav-nasil-yapilir/"" target=""_blank"">Tane Tane Dökülen Ev Yapımı Pilavlar İçin Demini Almış 5 Öneri</a></p>
<p>Pilavı yiyip de hemen kaçmayın, yorum bırakmayı unutmayın, yaptığınız bir değişiklik varsa bizlerle de paylaşın. Şimdiden ellerinize sağlık diyor tane tane dökülen pirinç pilavı tarifimize buyurun.</p>
<p>Farklı pilav tarifleri içinse sizi <a href=""https://yemek.com/tarif/pilav/"" target=""_blank"">şöyle</a> alalım. <img src=""https://cdn.yemek.com/assets/images/smiley/smile.png"" class=""wp-smiley img-responsive"" /></p>
",recipe,"['pirinç', 'tereyağı', 'sıcak su', 'tuz', 'karabiber']","['Uygun bir pilav tenceresinin içerisine tereyağı ekleyin.', 'Tereyağı eridikten sonra pirinçleri ekleyip kavurmaya başlayın. Pirinçler tane tane dökülmeye başlayana kadar yaklaşık 5 dakika kavurun.', 'Sıcak suyu ekleyin, tuzu ve karabiberi de ilave edin.', 'Bir kez karıştırın, kapağını kapatın ve kısık ateşte pişirin.', 'Suyunu çeken pilavın üzerine bir bez koyun ve demlenmesi için dinlendirin.', 'Biraz et ya da tavuk ile servis edebilirsiniz. Afiyet olsun!']",PİLAV,239b56,/tarif/pilav/,"['Pilav', 'Video']","['ekonomik', 'akşam yemeği', 'öğle yemeği']","['Öğle Yemeği', 'Akşam Yemeği']",['Tencere'],['Ekonomik'],False,1200,900,2020-09-02T06:35:37Z,4.0,1783014,2538,False,True,True,0,,0,,,,2020/09/pirinc-pilavi-yemekcom.jpg,0,0,https://cdn.yemek.com/mnresize/940/940/uploads/2020/09/pirinc-pilavi-yemekcom.jpg,940,940,False,https://cdn.yemek.com/mncrop/300/200/uploads/2020/09/pirinc-pilavi-yemekcom.jpg,300,200,True,https://cdn.yemek.com/mncrop/940/625/uploads/2020/09/pirinc-pilavi-yemekcom.jpg,940,625,True,https://cdn.yemek.com/mncrop/620/388/uploads/2020/09/pirinc-pilavi-yemekcom.jpg,620,388,True,https://cdn.yemek.com/mncrop/600/315/uploads/2020/09/pirinc-pilavi-yemekcom.jpg,600,315,True,['tencere'],,,,,
365,313,Yasemin Özaltın,https://cdn.yemek.com/author/35533/20181219061403_avatar.jpg,/profil/yasemingursurer/,Yağ Çekmeden Pişer: Mücver,Mücver,/tarif/mucver/,15 dk,15 dk,"<p>Türk mutfağının, mutfağımıza ait tüm <a href=""https://yemek.com/tarif/"" target=""_blank"" rel=""noopener"">yemek tariflerinin</a> uzağında ama çok sevilen kuzeni ya da teyzesidir mücver tarifi. Her öğün göremezsin, her akşam yemezsin, yiyemezsin. Ancak her gördüğünde mutlu olursun; daha çok görmek istersin. Özeldir, yeri ayrıdır. Herkes güzelini yapamaz.</p>
<p>Arzu ettiğiniz yeşillik, patates, havuç hatta kereviz gibi <a href=""https://yemek.com/tarif/sebze/"" target=""_blank"" rel=""noopener"">sebze</a>leri de ekleyerek hazırlayabileceğiniz bir <a href=""https://yemek.com/tarif/atistirmaliklar/"" target=""_blank"" rel=""noopener"">atıştırmalık</a>, kolay mücver tarifimiz var. Ne güzel olur <strong>kabak mücveri</strong>, küçük püf noktaları vardır onun. Çok fazla yağ çekmemesi için yağı önceden kızdırmalı, rendelenmiş sebzelerin suyunu sıkmalı, sebzelerin taze olmasına dikkat etmeli örneğin.</p>
<p>Anne eli değmiş mücver, bu tarifte biraz daha renk kazanıyor. Yeşillik ve kabakların yanına havuç da katılıyor. Ana yemeğiniz ne olursa olsun bugün sofranızda <strong>kızarmış çıtır mücverler</strong> de yer alsın bizce.</p>
<p>Daha fazla mücver çeşidi görmek isteyenleri ise şöyle alabiliriz: <a href=""https://yemek.com/mucver-tarifleri/"" target=""_blank"" rel=""noopener"">Mücver Tarifleri</a></p>
<p>Kızartmalardan uzak duruyorsanız sizi fırında kabak mücveri tarifimize şuradan davet edelim: <a href=""https://yemek.com/tarif/firinda-mucver/"" target=""_blank"" rel=""noopener"">Fırında Mücver Tarifi, Nasıl Yapılır?</a></p>
<p>Videolu tarifimize aşağıya bırakıyoruz. Keyfini çıkarmanız dileğiyle!</p>",recipe,"['tuz', 'yumurta', 'un', 'karabiber', 'havuç', 'taze soğan', 'kabak', 'dereotu', 'sıvı yağ']","['<p>Mücver için bol suda yıkadığınız kabakları rendenin\xa0iri kısmıyla rendeleyin.\xa0Mücveri sulandırmaması için; rendelenmiş kabakların suyunu sıkarak çıkartın.</p>', '<p>Geniş bir kapta rendelenen kabakları, havucu, yumurtayı, taze soğanı, dereotunu, tuzu, karabiberi birleştirin.</p>', '<p>Unu da ilave edip tüm malzemeler birbiriyle harmanlayın.</p>', '<p>Tüm malzemeler macun kıvamını alana kadar spatula yardımıyla karıştırın.</p>', '<p>Her bir mücver 1 tepeleme yemek kaşığı olacak şekilde ayarlayıp tavaya dökün.</p>', '<p>Kızgın yağda altın sarısı rengini alana kadar kızartın. Mücverlerin fazla yağını havlu kağıda süzdürdükten sonra servis tabağına alın ve çırpılmış yoğurt ile servis edin. Afiyet olsun!</p>']",SEBZE,239b56,/tarif/sebze/,"['Sebze', 'Özel Beslenme', 'Vejetaryen', 'Video', 'Kızartma', 'Mevsiminde']",,['Çay Saati'],['Kızartma'],"['Ekonomik', 'Vejetaryen']",False,900,900,2021-11-09T03:30:59Z,4.0,1738171,11618,False,True,True,0,,0,,,,2014/07/mucver-ytk-site.jpg,0,0,https://cdn.yemek.com/mnresize/940/940/uploads/2014/07/mucver-ytk-site.jpg,940,940,False,https://cdn.yemek.com/mncrop/300/200/uploads/2014/07/mucver-ytk-site.jpg,300,200,True,https://cdn.yemek.com/mncrop/940/625/uploads/2014/07/mucver-ytk-site.jpg,940,625,True,https://cdn.yemek.com/mncrop/620/388/uploads/2014/07/mucver-ytk-site.jpg,620,388,True,https://cdn.yemek.com/mncrop/600/315/uploads/2014/07/mucver-ytk-site.jpg,600,315,True,,,"['Haziran', 'Temmuz', 'Ağustos']",,,
366,272,Neşe Ümit Tan,https://cdn.yemek.com/author/208653/20190910030615_avatar.jpg,/profil/neseumit/,Tam Kıvamında: Sütlaç,Sütlaç,/tarif/sutlac/,31 dk,5 dk,"<p><a href=""https://yemek.com/tarif/"" target=""_blank"">Yemek tariflerinin</a> en tatlı, en sevilen ismi, <a href=""https://yemek.com/tarif/sutlu-tatlilar/"" target=""_blank"">sütlü tatlılar</a>ın en besleyicisi, pirincin en güzel halidir sütlaç tarifi. Tencerede kıvam aldıktan sonra ısıya dayanıklı toprak kaplara paylaştırılıp fırında kızaran hali <a href=""https://yemek.com/tarif/firin-sutlac/"" target=""_blank"">fırın sütlaç</a> ismini alır. Çocukluk yıllarından aşina olduğumuz besleyici bir tatlıdır. <a href=""https://yemek.com/"" target=""_blank"">Tarifler</a> içinde özellikle sütlü tatlıların ve <a href=""https://yemek.com/tarif/tatli/"" target=""_blank"">tatlı tariflerinin</a> en şahanesidir!</p>
<p>Ev yapımı sütlacı tam kıvamında ve tam ölçülü yapmak için birkaç püf noktasına ihtiyacınız var. Klasik sütlaçtan vazgeçemeyenlerin evde nefis <a href=""https://yemek.com/tarif/firin-sutlac/"" target=""_blank"">fırın sütlaçlar</a> yapmasını sağlayacak olan ve en güzel sütlaç tarifine ulaşmanızı sağlayacak bu tarifi bir köşeye not edin deriz. <a href=""https://yemek.com/tarif/sutlu-tatlilar/"" target=""_blank"">Sütlü tatlıların</a> en güzeli, <a href=""https://yemek.com/ramazan-tatlilari/"" target=""_blank"">ramazan için tatlılardan</a> <strong>en hafif sütlaç tarifi</strong> karşınızda!</p>
",recipe,"['pirinç', 'sıcak su', 'toz şeker', 'süt', 'su', 'buğday nişastası']","['Sadece bir kez sudan geçirerek yıkadığınız\xa0pirinci tencereye alın ve\xa02 su bardağı sıcak suyu ekleyerek kısık ateşte pişirmeye başlayın. Bu sırada ara ara nazikçe karıştırın.', 'Pirinç, suyu çekip lapa hale gelince üzerine sütü ilave edin. Karıştırın ve\xa0süt kaynayana kadar ara ara karıştırmaya devam edin. Kaynadıktan sonra altını kısın, 8-10 dakika daha bu şekilde karıştırarak kısık ateşte pişirin.', 'Ardından şekeri ekleyin, karıştırın. Tekrar kaynamasını bekleyin ve 4-5 dakika daha da kısık ateşte bu şekilde kaynatın.', 'Nişastayı eklemek için bir kabın içerisine alın, 1 çay bardağı suyla karıştırın.', 'Aynı anda hem karıştırıp hem tencereye ekleyin. Azar azar dökerek eklerseniz topaklanma riskini de engellemiş olursunuz.\xa0Karıştırdıktan sonra hafifçe kıvam alana kadar pişirin. Bu sırada tekrar kaynayacak ve minik minik balonların yüzeye ulaştığını göreceksiniz, bunu gördükten sonra kısık ateşe alıp 1-2 dakika daha pişirin ve ardından ocaktan alın.', 'Bu noktada sütlacın kıvamı akışkan bir boza kıvamında olmalıdır.\xa0Sütlaç harcını bir kepçeyle kaselere dağıtın.', 'Oda sıcaklığında soğuduktan\xa0sonra buzdolabında en az 2 saat, tercihen 1 akşam kadar bekletin ve servis etmeden önce buzdolabından çıkarıp 5 dakika bekletin, tarçın serperek servis edin.', 'Afiyet olsun!']",SÜTLÜ TATLI,239b56,/tarif/sutlu-tatlilar/,"['Tatlı', 'Ramazan', 'Sütlü Tatlı', 'Video']",['çay saati'],['Çay Saati'],['Tencere'],,False,1860,300,2022-03-11T07:15:20Z,4.0,1693684,4171,False,True,True,0,,0,,,,2019/05/sutlac-guncelleme-sunum-1.jpg,0,0,https://cdn.yemek.com/mnresize/940/940/uploads/2019/05/sutlac-guncelleme-sunum-1.jpg,940,940,False,https://cdn.yemek.com/mncrop/300/200/uploads/2019/05/sutlac-guncelleme-sunum-1.jpg,300,200,True,https://cdn.yemek.com/mncrop/940/625/uploads/2019/05/sutlac-guncelleme-sunum-1.jpg,940,625,True,https://cdn.yemek.com/mncrop/620/388/uploads/2019/05/sutlac-guncelleme-sunum-1.jpg,620,388,True,https://cdn.yemek.com/mncrop/600/315/uploads/2019/05/sutlac-guncelleme-sunum-1.jpg,600,315,True,,,,,,
367,125,Yasemin Özaltın,https://cdn.yemek.com/author/35533/20181219061403_avatar.jpg,/profil/yasemingursurer/,Basit Malzemelerle: Kolay Tiramisu,Kolay Tiramisu,/tarif/kolay-tiramisu/,15 dk,15 dk,"<p>""Tiramisu hangi ülkeye ait?"" diyenlere hemen cevap vererek başlayalım. İtalyan asıllı bir <a href=""https://yemek.com/tarif/tatli/"" target=""_blank"">tatlı</a> olan <a href=""https://yemek.com/tarif/tiramisu/"" target=""_blank"">tiramisu</a>, ülkemizde son yıllarda popüler olmasıyla tanınır. Mutluluk ve enerji veren bir tatlı olduğu için de İtalyanlar bu tatlıya 'Beni yukarı çek, beni yukarı kaldır' anlamına gelen tiramisu ismini vermiştir. Bu hali de onun oldukça pratikleşmiş hali. Hazır kekle yapılan bu kolay tiramisu tarifi üstelik 30 dakikada hazır.</p>
<p>""Tiramisu nasıl yapılır?"" diyenler için tiramisu <a href=""https://yemek.com/tarif/kek/"" target=""_blank"">kek</a>inin labneli tiramisu kremasıyla nasıl buluştuğunu adım adım resimli bir şekilde anlatıyor, nefis süslemesiyle en güzel ve en pratik ev yapımı tiramisunun yapılışını tüm detaylarıyla anlatıyoruz!</p>
<p>İşte iştah açıcı görüntüsü ve lezzetiyle kolay tiramisu tarifi! En kısa zamanda onu çayınızın, kahvenizin yanına konuk edin deriz. Hem zamandan kazandıran hem de konuklarınıza nefis bir ikramda bulunmak istediğinizde de kurtarıcılarınızdan biri olacak nefis tarifimize davetlisiniz. Mevsimine göre de kolay tiramisularınızın üzerini dilediğiniz meyve ile süsleyebilirsiniz. Şimdiden ellerinize sağlık diyoruz.</p>
<p>Bu arada ""Ben kedi dili ile yapılan orijinal tiramisu <a href=""https://yemek.com/tarif/"" target=""_blank"">tarif</a>ini de merak ediyorum"" derseniz onun tarifini de hemen şöyle bırakıyoruz: <a href=""https://yemek.com/tarif/kedi-dilli-tiramisu/"" target=""_blank"">Kedidilli tiramisu tarifi, nasıl yapılır?</a></p>
",recipe,"['sıcak su', 'toz şeker', 'toz şeker', 'süt', 'un', 'yumurta sarısı', 'kakao', 'hazır kek', 'granül kahve', 'labne peyniri']","['Tiramisunun kremasını hazırlamak için; 2 su bardağı süt, 5 yemek kaşığı toz şeker, 3 yemek kaşığı un ve 1 adet\xa0 yumurta sarısını tencereye alın.', 'Sürekli karıştırarak orta ateşte muhallebi kıvamına gelene kadar pişirin. Piştikten sonra kremayı soğumaya bırakın.', 'Kek tabanını ıslatmak için; bir kasede 1 su bardağı sıcak suya, 1 yemek kaşığı granül kahve ve 1 tatlı kaşığı toz şekerini eriyene kadar karıştırın.', 'Pişirip soğumaya bıraktığınız kremaya 200 gram labne peynirini ekleyin ve bir mikser yardımıyla pürüzsüz bir kıvam alana kadar çırpın.', 'Servis tabağına ya da bir borcama pasta tabanının bir katını yerleştirin.', 'Kahveli karışımın yarısıyla keki ıslatın.', 'Üzerine hazırladığınız kremanın yarısını yayın.', 'Pastanın diğer katını da üzerine koyun ve\xa0 kahveli karışımla ıslatın. Kalan krema ile pastanın üzerini tamamen kaplayın.', 'Son olarak üzerine kakao serpiştirin.', 'Çilek dilimleriyle süsleyip buzdolabında 1- 2 saat beklettikten sonra dilimleyerek servis edin.\xa0Afiyet olsun!']",TATLI,239b56,/tarif/tatli/,"['Tatlı', 'Video', 'Dünya Mutfakları']","['ekonomik', 'ara öğün', 'çay saati']",['Çay Saati'],['Tencere'],['Vejetaryen'],False,900,900,2022-03-31T14:48:27Z,4.0,1687627,4451,False,True,True,0,,0,,,,2014/06/kolay-tiramisu-yemekcom.jpg,0,0,https://cdn.yemek.com/mnresize/940/940/uploads/2014/06/kolay-tiramisu-yemekcom.jpg,940,940,False,https://cdn.yemek.com/mncrop/300/200/uploads/2014/06/kolay-tiramisu-yemekcom.jpg,300,200,True,https://cdn.yemek.com/mncrop/940/625/uploads/2014/06/kolay-tiramisu-yemekcom.jpg,940,625,True,https://cdn.yemek.com/mncrop/620/388/uploads/2014/06/kolay-tiramisu-yemekcom.jpg,620,388,True,https://cdn.yemek.com/mncrop/600/315/uploads/2014/06/kolay-tiramisu-yemekcom.jpg,600,315,True,,,,['İtalya'],,
368,127,Gökçen Mutaf,https://cdn.yemek.com/author/23120/20181227103819_avatar.jpeg,/profil/gokcenmutaf/,Ağızda Dağılan Mükemmel Kıvamıyla: Elmalı Kurabiye,Elmalı Kurabiye,/tarif/elmali-kurabiye/,25 dk,20 dk,"<p><a href=""https://yemek.com/kurabiye-tarifleri-puf-noktalari/"" target=""_blank"">Kurabiye tariflerinin</a> en güzellerinden biri olan en güzel elmalı kurabiye karşınızda! Ağızda dağılan kıvamıyla, <a href=""https://yemek.com/pratik-kurabiye-tarifleri/"" target=""_blank"">pratik kurabiyelerden</a> oluşuyla kalplerinizi çalmaya gelecek bu kıyır kıyır <a href=""https://yemek.com/elmali-kurabiye-tarifleri/"" target=""_blank"">elmalı kurabiye tarifi</a> şekilleriyle, malzemeleriyle, hamuruyla tam ölçülü <a href=""https://yemek.com/tarif/kolay-elmali-kurabiye/"" target=""_blank"">elmalı kurabiye</a> yapmak isteyenlerin yardımına koşacak.</p>
<p><strong>Elmalı kurabiyenin gevrek olmas</strong>ı için yapılması gerekenlerden, nasıl saklanacağına kadar elmalı kurabiye yapmanın tüm püf noktalarını da bulabileceğiniz bu en güzel denenmiş elmalı kurabiye <a href=""https://yemek.com/tarif/"" target=""_blank"">tarifi</a> için çay suyunun altını koyalım hafiften. Elmalı <a href=""https://yemek.com/tarif/kurabiye/"" target=""_blank"">kurabiyeler</a> bizi bekler. Ağızda dağılan, tarçınlı <strong>elmalı kurabiye tarifi</strong>miz için mutfağa davetlisiniz. Afiyetler olsun şimdiden.</p>
",recipe,"['limon suyu', 'toz şeker', 'toz şeker', 'un', 'yoğurt', 'tarçın', 'karbonat', 'tereyağı (oda ısısında bekletilmiş)', 'dövülmüş ceviz içi', 'sıvı yağ', 'kırmızı elma']","['Elmalı kurabiye tarifini hazırlamak için\xa0 rendelenmiş elmaları tavaya alın. Üzerine toz şekeri ilave edin. Karamelize olana dek pişirin.', 'Piştikten sonra üzerine yarım su bardağı kadar dövülmüş ceviz ve tarçın ekleyin, karıştırın.', 'Hamurunu hazırlamak için derin bir kaseye oda sıcaklığında yumuşamış tereyağı, sıvı yağ, yoğurt, toz şeker, limon suyu ve karbonatı ekleyin. Güzelce yoğurun ve ardından unu da azar azar ekleyerek, ele yapışmayan fakat yumuşak olan bir hamur elde edin.', 'Hamuru tezgahın üzerinde toparlayın.', 'Tezgaha hafifçe un serperek açın. Yuvarlak şekiller çıkarıp elmalı harcı ortasına koyun ve iki yandan katlayın.', 'Pişirme kağıdı serdiğiniz fırın tepsisine kurabiyeleri dizin ve önceden ısıtılmış 180 derece fırında üzeri kızarana kadar, yaklaşık 20-25 dakika pişirin.', 'Oda sıcaklığına geldikten sonra üzerine pudra şekeri serpiştirin. Kurabiyeleriniz artık servise hazır! Afiyet olsun..', 'Afiyet olsun..']",TATLI KURABİYE,239b56,/tarif/tatli-kurabiyeler/,"['Kurabiye', 'Video', 'Tatlı Kurabiye']",['çay saati'],['Çay Saati'],['Fırın'],,False,1500,1200,2022-03-11T07:30:23Z,4.0,1597377,7917,False,True,True,0,,0,,,,2022/03/elmali-kurabiye-tarifi-yemekcom.jpg,0,0,https://cdn.yemek.com/mnresize/940/940/uploads/2022/03/elmali-kurabiye-tarifi-yemekcom.jpg,940,940,False,https://cdn.yemek.com/mncrop/300/200/uploads/2022/03/elmali-kurabiye-tarifi-yemekcom.jpg,300,200,True,https://cdn.yemek.com/mncrop/940/625/uploads/2022/03/elmali-kurabiye-tarifi-yemekcom.jpg,940,625,True,https://cdn.yemek.com/mncrop/620/388/uploads/2022/03/elmali-kurabiye-tarifi-yemekcom.jpg,620,388,True,https://cdn.yemek.com/mncrop/600/315/uploads/2022/03/elmali-kurabiye-tarifi-yemekcom.jpg,600,315,True,,,,,,
369,3424,Ege Şahin,https://cdn.yemek.com/author/464113/20220221123420_avatar.jpg,/profil/egesahin/,Kıyır Kıyır: Üç Malzemeli Un Kurabiyesi,Üç Malzemeli Un Kurabiyesi,/tarif/uc-malzemeli-un-kurabiyesi/,15 dk,10 dk,"<p>Eşe dosta <a href=""https://yemek.com/tarif/un-kurabiyesi/"" target=""_blank"">un kurabiyesi</a> tarifi soranlar, telefonda un kurabiyesi nasıl yapılır diye dert yananlar, neredeyse rüyasında un kurabiyesi görenler... Hoş geldiniz, doğru yerdesiniz.</p>
<p>Günün en tatlı saatleri akşam üzeri olmuş, belki de tatlısıyla tuzlusuyla uzun uzadıya keyfi çıkacak bir <a href=""https://yemek.com/tarif/kahvaltiliklar/"" target=""_blank"">kahvaltı</a> sofrası hazırlıyorsunuz. Ya da akşam yemeği sonrası çay keyfinizi taçlandıracak tatlı bir hamur işi aradığınız. Öyleyse sadece 10 dakikada hazırlanan üç malzemeli un kurabiyesi <a href=""https://yemek.com/tarif/"" target=""_blank"">tarif</a>ine alalım sizi. Bu kurabiyeler bir şahane.</p>
<p>Sıvı yağ, pudra şekeri ve un ilavesiyle hazırlanan bu <a href=""https://yemek.com/tarif/tatli-kurabiyeler/"" target=""_blank"">tatlı kurabiye</a>ler, kaşıkla şekil alıp önceden ısıtılmış 175 derece fırında 15 dakika gibi kısa bir sürede pişiyor. Demleyin çayı, kurulun en sevdiğiniz koltuğa. Kurabiyeleriniz olmak üzere, afiyet olsun.</p>
",recipe,"['un', 'pudra şekeri', 'pudra şekeri', 'sıvı yağ']","['Sıvı yağ ve pudra şekerini derin bir kaba alın, karıştırın.', 'Ardından unu aşamalı olarak ekleyin.\xa0Hamuru toparlamak için iyice yoğurun. Hamurdan parçalar koparıp silindir şeklini verin.', 'Verev şekilde kesin.', 'Yağlı kağıt serilmiş fırın tepsisine aralıklı olarak yerleştirin.', 'Üzerlerini çatal ile çizin. Önceden ısıtılmış 175 derece fırında 15 dakika pişirin.', 'Arzuya göre üzerine pudra şekeri serperek servis edin. Afiyet olsun!']",TATLI KURABİYE,239b56,/tarif/tatli-kurabiyeler/,"['Kurabiye', 'Tatlı Kurabiye']",['çay saati'],['Çay Saati'],['Fırın'],['Ekonomik'],False,900,600,2022-12-28T11:10:00Z,4.0,1569331,4413,False,False,True,0,,0,,,,2015/09/uc-malzemeli-un-kurabiyesi-yemekcom.jpg,0,0,https://cdn.yemek.com/mnresize/940/940/uploads/2015/09/uc-malzemeli-un-kurabiyesi-yemekcom.jpg,940,940,False,https://cdn.yemek.com/mncrop/300/200/uploads/2015/09/uc-malzemeli-un-kurabiyesi-yemekcom.jpg,300,200,True,https://cdn.yemek.com/mncrop/940/625/uploads/2015/09/uc-malzemeli-un-kurabiyesi-yemekcom.jpg,940,625,True,https://cdn.yemek.com/mncrop/620/388/uploads/2015/09/uc-malzemeli-un-kurabiyesi-yemekcom.jpg,620,388,True,https://cdn.yemek.com/mncrop/600/315/uploads/2015/09/uc-malzemeli-un-kurabiyesi-yemekcom.jpg,600,315,True,,,,,,
370,4487,Gökçen Mutaf,https://cdn.yemek.com/author/23120/20181227103819_avatar.jpeg,/profil/gokcenmutaf/,Brownie'yi Andıran: Islak Kurabiye,Islak Kurabiye,/tarif/islak-kurabiye/,25 dk,15 dk,"<p>Kakaolu kurabiyenin şerbetle buluşmasından hazırlanan ıslak kurabiye, kakaolu tatlıları sevenlere göre. <strong>Sıcak kurabiyelerin ıslatılması kakao tadını yoğunlaştırıyor </strong>ve <a href=""https://yemek.com/tarif/kurabiye/"" target=""_blank"" rel=""noopener"">kurabiyeye</a> ağızda dağılan bir kıvam veriyor. Islak kurabiye tarifini çay saatleri için keyifle hazırlayabilir, bu esmer kurabiyeleri yanında bir fincan kahve eşliğinde tatlı bir atıştırmalık olarak da tüketebilirsiniz.</p>
<p><a href=""https://yemek.com/tarif/brownie/"" target=""_blank"" rel=""noopener"">Brownie</a>'yi andıran bu lezzetli <a href=""https://yemek.com/tarif/browni-kurabiye/"" target=""_blank"" rel=""noopener"">browni tadında kurabiye</a>leri kısa sürede hazırlayabilir, yorumlarınızı bizlerle paylaşabilirsiniz.</p>",recipe,"['yumurta', 'toz şeker', 'un', 'kabartma tozu', 'su', 'rendelenmiş Hindistan cevizi', 'kakao', 'pudra şekeri', 'tereyağı (oda sıcaklığında bekletilmiş)', 'vanilin', 'sıvı yağ']","['<div>\n<div>\n<div dir=""ltr"">\n<div>\n<div>Islak kurabiye için derince bir karıştırma kabına oda ısısındaki tereyağını, sıvı yağı, yumurtayı, pudra şekerini, kakaoyu, vanilin ve kabartma tozunu alın.</div>\n</div>\n</div>\n</div>\n</div>', '<p>Tüm malzemeleri özleşene\xa0kadar\xa0karıştırın.</p>', '<div>\n<div>\n<div dir=""ltr"">\n<div>\n<div>Ardından unu yavaş yavaş ekleyerek, ele yapışmayan bir hamur elde edin.</div>\n</div>\n</div>\n</div>\n</div>', '<div>\n<div>\n<div dir=""ltr"">\n<div>\n<div>Hazırladığınız hamurdan ceviz büyüklüğünde parçalar koparın.</div>\n</div>\n</div>\n</div>\n</div>', '<p>Avucunuzda yuvarlayın ve parmağınızla ortasına hafifçe bastırdıktan sonra, yağlı kağıt serilmiş bir fırın tepsisine dizin.\xa0Önceden ısıtılmış 180 derece fırında yaklaşık 20 dakika kadar pişirin.</p>', '<div>\n<div>\n<div dir=""ltr"">\n<div>\n<div>Kurabiyeleriniz fırındayken şerbeti için gerekli olan şeker ve suyu homojen karışana kadar kaynattıktan sonra bir kaseye alın ve soğutun.</div>\n</div>\n</div>\n</div>\n</div>', '<div>\n<div>\n<div dir=""ltr"">\n<div>\n<div>Kurabiyeler fırından çıkınca 2 dakika kadar bekletin ve ardından teker teker hazırladığınız şerbete atın, arkalı önlü çevirin ve bir servis tabağına dizin.</div>\n</div>\n</div>\n</div>\n</div>', '<div>\n<div>\n<div dir=""ltr"">\n<div>\n<div>Tüm kurabiyeleri bu şekilde şerbete batırdıktan sonra kalan şerbeti de üstlerine gezdirin ve tüm şerbeti çekene dek bekletin.</div>\n</div>\n</div>\n</div>\n</div>', '<div>\n<div>\n<div dir=""ltr"">\n<div>\n<div>Kurabiyeler şerbeti çektikten sonra üstlerini Hindistan cevizi ile süsleyin ve servis edin. Afiyet olsun.</div>\n</div>\n</div>\n</div>\n</div>']",TATLI KURABİYE,239b56,/tarif/tatli-kurabiyeler/,"['Kurabiye', 'Tatlı Kurabiye']",,['Çay Saati'],['Fırın'],['Ekonomik'],False,1500,900,2022-03-16T06:08:50Z,4.0,1542043,9538,False,False,True,0,,0,,,,2016/01/islak-kurabiye-tarifi-son.jpg,0,0,https://cdn.yemek.com/mnresize/940/940/uploads/2016/01/islak-kurabiye-tarifi-son.jpg,940,940,False,https://cdn.yemek.com/mncrop/300/200/uploads/2016/01/islak-kurabiye-tarifi-son.jpg,300,200,True,https://cdn.yemek.com/mncrop/940/625/uploads/2016/01/islak-kurabiye-tarifi-son.jpg,940,625,True,https://cdn.yemek.com/mncrop/620/388/uploads/2016/01/islak-kurabiye-tarifi-son.jpg,620,388,True,https://cdn.yemek.com/mncrop/600/315/uploads/2016/01/islak-kurabiye-tarifi-son.jpg,600,315,True,,,,,,
371,134,Yasemin Özaltın,https://cdn.yemek.com/author/35533/20181219061403_avatar.jpg,/profil/yasemingursurer/,Tüm Püf Noktalarıyla: Mercimek Köftesi,Mercimek Köftesi,/tarif/mercimek-koftesi/,20 dk,30 dk,"<p>Altın günlerinin vazgeçilmez lezzeti, bekarların ve öğrenci evlerinin gözdesi mercimekli köfte pratik olmasının yanı sıra besleyici ve lezzetli bir <a href=""https://yemek.com/tarif/"" target=""_blank"" rel=""noopener"">tarif</a>. <strong>Tam ölçülü, tam kıvamında mercimek köftesi</strong> nasıl yapılır diye merak edenlerden en güzel mercimek köftesi tarifini henüz bulamamış olanlara tüm püf noktalarıyla pratik tariflerin gözdesi mercimek köftesi karşınızda!</p>
<p>Mercimek köftesi sunumunu, mercimek köftesinin yanına ne gider ya da <strong>mercimek köftesi cıvık olursa</strong> ne yapılmalı sorularının cevabını artık başka yerde aramanız gerek yok. Çünkü en güzelini annenin yaptığı mercimek köftesi için mutfağa girerek biraz da biz hünerlerimizi göstereceğiz bugün. Güzel annelerimize selamlar yollayacağız bu tarifle.</p>
<p>Mercimek köftesi videomuzu aşağıya bırakıyoruz, afiyetler olsun şimdiden! <img class=""wp-smiley img-responsive"" src=""https://cdn.yemek.com/assets/images/smiley/smile.png""></p>
<p>Mercimek köftesini sevenler bunları da sevdi: <a href=""https://yemek.com/tarif/kisir"" target=""_blank"" rel=""noopener"">Kısır Tarifi</a></p>
<p>Klasik mercimekli köfte tariflerinden sıkılanlar, çıtır çıtır dokusuyla <a href=""https://yemek.com/tarif/firinda-mercimek-kofte/"" target=""_blank"" rel=""noopener"">fırında mercimekli köfte</a> tarifiyle misafirlerinizi şaşırtıyor.</p>",recipe,"['kırmızı mercimek', 'kuru soğan', 'biber salçası', 'sıcak su', 'tuz', 'pul biber', 'maydanoz', 'zeytinyağı', 'karabiber', 'domates salçası', 'ince bulgur', 'taze soğan', 'kimyon']","['<p>Mercimek köftesi için bol suda yıkadığınız kırmızı mercimeği sıcak suda kaynatın.</p>', '<p>Suyunu çekmeye yakın ince bulguru ekleyin, mercimeği ocaktan alın.</p>', '<p>Üzerine ince bulguru ekleyin.</p>', '<p>Kapağını kapattığınız tencerede ince bulguru şişmesi için mercimekle birlikte 15 dakika kadar bekletin.</p>', '<p>Zeytinyağını bir tavada kızdırın.</p>', '<p>Kuru soğanları küçük küpler halinde doğrayın ve tavaya aktarın.</p>', '<p>Doğradığınız soğanları 5 dakika kadar kavurun.</p>', '<p>Sırasıyla; biber salçası, domates salçası, tuz, pul biber ve kimyonu ekleyin.</p>', '<p>Soğanlı karışımı 3-4 dakika kadar kavurun.</p>', '<p>Şişen bulgurlu ve mercimekli harca salçalı, soğanlı harcı ekleyin.</p>', '<p>Taze soğanları ve maydanozu ince ince kıyın.\xa0 Doğranmış yeşillikleri ilave edin.</p>', '<p>Malzemeleri yoğurmaya başlayın.</p>', '<p>Tüm malzemeyi özleşene kadar yoğurun.</p>', '<p>Hazırladığınız harçtan ceviz büyüklüğünde parçalar alın ve avuç içinizde sıkarak şekil verin.</p>', '<p>Servis tabağına aldığınız mercimek köftelerini arzu ettiğiniz yeşilliklerle servis edin. Sevdiklerinizle paylaşın.</p>']",MEZE,239b56,/tarif/mezeler/,"['Özel Beslenme', 'Vejetaryen', 'Atıştırmalık', 'Meze', 'Vegan', 'Video', 'Tuzlu Atıştırmalık', 'Bakliyat']",,"['Öğle Yemeği', 'Çay Saati']","['Tencere', 'Tava']","['Vejetaryen', 'Bol Proteinli']",False,1200,1800,2022-03-10T11:30:12Z,4.0,1537793,11735,False,True,True,0,,0,,,,2014/06/mercimek-koftesi-yeni-ytk.jpg,0,0,https://cdn.yemek.com/mnresize/940/940/uploads/2014/06/mercimek-koftesi-yeni-ytk.jpg,940,940,False,https://cdn.yemek.com/mncrop/300/200/uploads/2014/06/mercimek-koftesi-yeni-ytk.jpg,300,200,True,https://cdn.yemek.com/mncrop/940/625/uploads/2014/06/mercimek-koftesi-yeni-ytk.jpg,940,625,True,https://cdn.yemek.com/mncrop/620/388/uploads/2014/06/mercimek-koftesi-yeni-ytk.jpg,620,388,True,https://cdn.yemek.com/mncrop/600/315/uploads/2014/06/mercimek-koftesi-yeni-ytk.jpg,600,315,True,,,,,,
372,247,Yasemin Özaltın,https://cdn.yemek.com/author/35533/20181219061403_avatar.jpg,/profil/yasemingursurer/,Tam Ölçülü: Pancake (Pankek),Pancake (Pankek),/tarif/pancake/,20 dk,20 dk,"<p>Bizim kültürümüzde <a href=""https://yemek.com/tarif/akitma/"" target=""_blank"">akıtma</a> ya da <a href=""https://yemek.com/tarif/krep"" target=""_blank"">krep</a> olarak bilinen hamur işinin biraz daha kalını ve kahvaltıların yıldızıdır pankek. Peynirli, zeytin ezmeli tuzlu çeşitleri yapılabileceği gibi çikolata kremalı ve meyveli çeşitlerini de aynı tarifle kolaylıkla hazırlayabilirsiniz. <a href=""https://yemek.com/tarif/kahvaltiliklar/"" target=""_blank"">Kahvaltılık tarif</a> aradığınızda eliniz bu tarife hemen gidecek.</p>
<p>Bu kahvaltılık <a href=""https://yemek.com/tarif/kolay-pankek/"" target=""_blank"">kolay pankek tarifi</a>nde pankek hamurunun nasıl yapılacağından <strong>tavada pankek yapmanın püf noktalarına</strong> kadar her şeyi bulabilecek, evde pankek yapımının tüm inceliklerini öğreneceksiniz.</p>
<p>Pancake tarifi gerçekten oldukça basit. Yumurta, un, kabartma tozu, toz şeker, süt, ayçiçek yağı gibi temel malzemeler içeriyor bu <strong>pratik hamur işi</strong>. Servis esnasında meyve dilimleri, eritilmiş çikolata çeşitleri, sosları oldukça yakışıyor. Akçaağaç şurubuyla da çok iyi gittiğini söylemeden geçmeyelim.</p>
<p>4 kişilik pankek nasıl yapılır diyenler için adım adım resimli ve videolu pancake tarifiyle en güzel pankekler hep sizin mutfaktan çıkacak! <img src=""https://cdn.yemek.com/assets/images/smiley/smile.png"" class=""wp-smiley img-responsive"" /></p>
",recipe,"['tuz', 'yumurta', 'toz şeker', 'ayçiçek yağı', 'ayçiçek yağı', 'süt', 'un', 'kabartma tozu', 'bal', 'vanilin']","['Pankek tarifi için derin bir karıştırma kabında 2 yumurta ve yarım su bardağı şekeri alın.', 'Şeker eriyene ve karışım krema kıvamını alana kadar\xa0çırpın.', 'Yumurtalı karışımın üzerine, 2 yemek kaşığı sıvı yağ ve 1,5 su bardağı sütü de koyup tekrar çırpın.', '2 su bardağı un, 1 paket kabartma tozu, 1 paket vanilin ve bir tutam tuzu da eleyerek karışımın içerisine ekleyin.', 'Pürüzsüz bir kıvam alana kadar çırpın.', 'İlk pankeki pişirmek için; krep tavasını ayçiçek yağı ile yağlayın. Kızdırdığınız tavaya küçük bir kepçe ya da bir kahve fincanı kadar pankek harcını aktarın.', 'Ocağın altını kısın. Pankeki, üzeri göz göz olana kadar pişirin. Bir spatula yardımıyla çevirdiğiniz pankekin diğer tarafını da aynı şekilde pişirin.', 'Krep tavasını arada yağlayarak pankek harcı bitene kadar aynı işlemi tekrarlayın.', 'Servis tabağına aldığınız pankeklerin üzerine tereyağı koyup bal gezdirebilirsiniz, afiyet olsun.']",KAHVALTILIK,239b56,/tarif/kahvaltiliklar/,"['Kahvaltılık', 'Video']","['kahvaltı', 'çay saati']","['Kahvaltı', 'Çay Saati']",['Tava'],"['Ekonomik', 'Vejetaryen']",False,1200,1200,2022-03-10T07:30:22Z,4.0,2051860,12838,False,True,True,0,,0,,,,2014/07/pancake-yemekcom.jpg,0,0,https://cdn.yemek.com/mnresize/940/940/uploads/2014/07/pancake-yemekcom.jpg,940,940,False,https://cdn.yemek.com/mncrop/300/200/uploads/2014/07/pancake-yemekcom.jpg,300,200,True,https://cdn.yemek.com/mncrop/940/625/uploads/2014/07/pancake-yemekcom.jpg,940,625,True,https://cdn.yemek.com/mncrop/620/388/uploads/2014/07/pancake-yemekcom.jpg,620,388,True,https://cdn.yemek.com/mncrop/600/315/uploads/2014/07/pancake-yemekcom.jpg,600,315,True,,,,['Amerika Birleşik Devletleri'],,
373,188,Yasemin Özaltın,https://cdn.yemek.com/author/35533/20181219061403_avatar.jpg,/profil/yasemingursurer/,"Kabardıkça Kabarır, Şerbetini Tam Çeker: Revani",Revani,/tarif/revani/,30 dk,35 dk,"<p>Bugün akşam yemeğine en lezzetli <a href=""https://yemek.com/ramazan-tatlilari/"" target=""_blank"">ramazan tatlılarından</a> biri olan revaniyi koyacağız. Revani tarifini uygularken bir yandan saray mutfağının bize Osmanlı'dan kalan en yadigar şeylerden biri olduğunu hatırlayacağız. Yaptığımız <a href=""https://yemek.com/tarif/"" target=""_blank"">yemek tariflerine</a> tatlı olarak onu çok yakıştıracağız. <a href=""https://yemek.com/tarif/tatli/"" target=""_blank"">Tatlı tariflerinin</a> arasında en çok sevdiklerimiz arasına ekleyeceğiz.</p>
<p>Klasik revaniyi evde pratik bir şekilde yapabilmek mümkün aslında. <strong>""Revani tatlısı nasıl yapılır""</strong> sorusunun hemen aşağıda adım adım resimli cevabını bulabileceğiniz nefis irmikli ve tam ölçülü evde kolay <a href=""https://yemek.com/tarif/muhallebili-revani/"" target=""_blank"">revani</a> yapımı tarifimizin bir püf noktası var bilinmesi gereken: Tahmin edeceğiniz gibi <a href=""https://yemek.com/tarif/serbetli-tatlilar/"" target=""_blank"">şerbetli tatlılardan</a> revaninin kıvamı önemli, onu da bir kaşık yardımıyla alacağınız şerbeti parmağınıza damlatıp, damlanın yayılıp yayılmadığını görerek anlayabilirsiniz. Eğer şerbet damlası yayılmıyorsa kıvamı tutmuş, revani yapımı için hazır hale gelmiş demektir. Böylelikle <strong>""Revani şerbeti nasıl dökülür, revani şerbeti nasıl olmalı?""</strong> sorusunun cevabını merak edenleri de rahatlatmış olduk.</p>
<p>Şerbetin yoğunluğu ile kekinin kabarıklığı için düşündüğümüz revani yapımı püf noktalarını tarif kısmında bulabilirsiniz. <a href=""https://yemek.com/revani-tarifleri/"" target=""_blank"">Farklı revani tarifleri</a> ve çok sevilen <a href=""https://yemek.com/tarif/hashasli-revani/"" target=""_blank"">haşhaşlı revani</a> tarifimizi de şöyle bırakalım.</p>
<p>O halde lafı daha fazla uzatmayalım, sizi en güzel revani tarifiyle baş başa bırakalım.</p>
",recipe,"['limon suyu', 'yumurta', 'toz şeker', 'toz şeker', 'ayçiçek yağı', 'un', 'kabartma tozu', 'su', 'yoğurt', 'irmik', 'rendelenmiş Hindistan cevizi', 'vanilin']","['Tatlının şerbetini hazırlamak için;\xa03 su bardağı su ve 2,5 su bardağı toz şekeri\xa0bir tencereye aktarın.', 'Kısık ateşte yaklaşık 30 dakika kadar kaynattıktan sonra limon suyunu ekleyin ve ılınması için ocaktan alın.', '3 yumurta bir kabın içerisine aktarın.', 'Üzerine 1 çay bardağı toz şekeri bir mikser yardımıyla toz şeker tamamen eriyene kadar karıştırın.', '1 çay bardağı ayçiçek yağı, 1 su bardağı yoğurt ve 1 su bardağı irmiği de ekledikten sonra tekrar karıştırın.', 'Son olarak 1,5 su bardağı\xa0un, 1 paket kabartma tozu ve 1 paket vanilini de karışıma ekledikten sonra çırpma işlemini sürdürün.', 'Yağlanmış fırına dayanıklı kalıbın içerisine hazırladığınız revani karışımını dökün.', 'Önceden ısıtılmış 180 derece fırında\xa025-30 dakika kadar pişirin.\xa0Fırından çıkardığınız revaninin ilk sıcaklığı geçtikten sonra oda sıcaklığında soğumuş şerbeti üzerine dökün ve şerbeti çekene kadar yaklaşık 1-2 saat bekleyin.', 'Ardından bıçak yardımıyla revaniyi dilimleyin.', 'Dilimlediğiniz ılık tatlıya rendelenmiş Hindistan cevizi serpiştirip servis edin. Afiyet olsun!']",ŞERBETLİ TATLI,239b56,/tarif/serbetli-tatlilar/,"['Tatlı', 'Şerbetli Tatlı', 'Ramazan', 'Video']","['ekonomik', 'çay saati']",['Çay Saati'],"['Fırın', 'Tencere']",,False,1800,2100,2022-04-20T11:00:29Z,4.0,2029239,5485,False,True,True,0,,0,,,,2014/06/revani-yemekcom.jpg,0,0,https://cdn.yemek.com/mnresize/940/940/uploads/2014/06/revani-yemekcom.jpg,940,940,False,https://cdn.yemek.com/mncrop/300/200/uploads/2014/06/revani-yemekcom.jpg,300,200,True,https://cdn.yemek.com/mncrop/940/625/uploads/2014/06/revani-yemekcom.jpg,940,625,True,https://cdn.yemek.com/mncrop/620/388/uploads/2014/06/revani-yemekcom.jpg,620,388,True,https://cdn.yemek.com/mncrop/600/315/uploads/2014/06/revani-yemekcom.jpg,600,315,True,,,,,,
374,2744,Cemre Özgüzel,https://cdn.yemek.com/author/109/20200211010242_avatar.jpg,/profil/cemre-ozguzel/,Az Malzemeyle Mükemmel Kıvam: Muhallebi,Muhallebi,/tarif/muhallebi/,15 dk,5 dk,"<p>Çocukluğumuzdan beri damağımızın alışık olduğu bir <a href=""https://yemek.com/tarif/tatli/"" target=""_blank"">tatlı tarifi</a> muhallebi. <strong>Pirinç unuyla hazırlanan muhallebi tarifler</strong>i olsa da kıvamı nişastayla bağlandığında bir o kadar güzel olur tadı. Öylesine yalın ve naif bir tattır ki kuru yemişler, çikolata ve çeşitli meyve sosları eşliğinde farklı tariflere bürünür.</p>
<p>Yaz sıcağına yakışır muhallebi tatlısı, keyfi kaşıklanır. Üzerine toz tarçınla yapabileceğiniz süslemelerle de saygı uyandırır. Başarıyla uygulanmış bir sütlü muhallebi tarifini tamamlayıcı nitelikte olan bu süslemeler ise tamamen sizin yaratıcılığınıza kalmış. <a href=""https://yemek.com/tarif/sutlu-tatlilar/"" target=""_blank"">Sütlü tatlıların </a>en kolay ve ekonomiği olan <strong>muhallebi tarifi</strong>mizle keyif dolu dakikalar yaşayabilirsiniz.</p>
<p>Biz sade muhallebi hazırladık ama diğer muhallebi çeşitleri için sizi şu tariflerimize de bekleriz: <a href=""https://yemek.com/muhallebi-tarifleri/"" target=""_blank"">Sıcak Yaz Günlerinde Midenizi Yormayarak Sizi Mutlu Edecek 17 Muhallebi Tarifi</a></p>
<p>En güzel muhallebinin sizin elinizden çıkmasını sağlayacak olan bu tarifi ister bardakta, ister kupta, ister fincanda servis edebilirsiniz. Hazırsanız pratik ve <a href=""https://yemek.com/tarif/kolay-muhallebi/"" target=""_blank"">kolay muhallebi</a> tarifimizle başbaşa bırakalım sizi.</p>
",recipe,"['tereyağı', 'toz şeker', 'süt', 'un', 'toz Antep fıstığı', 'buğday nişastası', 'muz', 'vanilin']","['5\xa0su bardağı soğuk sütü geniş bir tencereye aktarın.\xa0Yarım çay bardağı un, 3 yemek kaşığı buğday nişastası ve 1 su bardağı toz şekeri ilave ettikten sonra ocağın altını açın.', 'Ara ara karıştırarak koyu bir kıvam alana kadar pişirin.', 'Kıvam alan muhallebinin altını kapatın.', 'Henüz sıcakken içerisine\xa01 tatlı kaşığı tereyağı ve 1 paket vanilin ilave ederek çırpın.', 'Ardından servis kaselerine paylaştırın ve soğutun.', 'Antep fıstığıyla süsleyip tatlandırdığınız muhallebileri soğuk olarak sevdiklerinizle paylaşın.']",SÜTLÜ TATLI,239b56,/tarif/sutlu-tatlilar/,"['Tatlı', 'Ramazan', 'Sütlü Tatlı', 'Video']","['pratik yemek tarifleri', 'çay saati']",['Çay Saati'],['Tencere'],['Ekonomik'],False,900,300,2019-04-04T08:57:18Z,4.0,1868226,4584,False,True,True,0,,0,,,,2015/06/muhallebi-yemekcom.jpg,0,0,https://cdn.yemek.com/mnresize/940/940/uploads/2015/06/muhallebi-yemekcom.jpg,940,940,False,https://cdn.yemek.com/mncrop/300/200/uploads/2015/06/muhallebi-yemekcom.jpg,300,200,True,https://cdn.yemek.com/mncrop/940/625/uploads/2015/06/muhallebi-yemekcom.jpg,940,625,True,https://cdn.yemek.com/mncrop/620/388/uploads/2015/06/muhallebi-yemekcom.jpg,620,388,True,https://cdn.yemek.com/mncrop/600/315/uploads/2015/06/muhallebi-yemekcom.jpg,600,315,True,,,,,,
375,4172,ipeksare,https://cdn.yemek.com/author/262494/20200820091315_avatar.jpg,/profil/ipeksare/,Tane Tane Dökülür: Pirinç Pilavı,Pirinç Pilavı,/tarif/pirinc-pilavi/,20 dk,15 dk,"<p>Türlü türlü <a href=""https://yemek.com/tarif/"" target=""_blank"">yemek tariflerini</a> tamamlayan, <a href=""https://yemek.com/tarif/kuru-fasulye/"" target=""_blank"">kuru fasulye</a>-turşu ikilisine komşu olan, bir dönem yoğurtla takılan, <a href=""https://yemek.com/tarif/anne-koftesi/"" target=""_blank"">köfte patates</a> sevdalısı pilav... Kaşıktan tel tel dökülen pilav... Aromatik sebze ve kuru baharatlarla ev yapımı tavuk suyunuzu kendiniz hazırlayın bir güzel, ortalama pirinç çeşitlerine göre bir ölçü pirince bir buçuk ölçü su kullanacağınızı düşünün.</p>
<p>Yanma derecesini yükseltmek için tereyağını az miktarda ayçiçek yağıyla kavurun. Az miktarda arpa ya da tel şehriyeyi kavurup berrak su çıkana kadar duruladığınız pirinçleri pilav tenceresine alın. Şeffaf bir renk alana kavurup sıcak tavuk suyunu ekleyin. Tuzla tatlandırın, taze sıkılmış limon suyu, kesme şeker gibi unsurları küçük püf noktaları olarak değerlendirin pilav tarifinde. ""Pilavın tane tane olması için ne yapılır?"" diye soruyorsanız da size nefis önerilerimiz var: <a href=""https://yemek.com/pilav-nasil-yapilir/"" target=""_blank"">Tane Tane Dökülen Ev Yapımı Pilavlar İçin Demini Almış 5 Öneri</a></p>
<p>Pilavı yiyip de hemen kaçmayın, yorum bırakmayı unutmayın, yaptığınız bir değişiklik varsa bizlerle de paylaşın. Şimdiden ellerinize sağlık diyor tane tane dökülen pirinç pilavı tarifimize buyurun.</p>
<p>Farklı pilav tarifleri içinse sizi <a href=""https://yemek.com/tarif/pilav/"" target=""_blank"">şöyle</a> alalım. <img src=""https://cdn.yemek.com/assets/images/smiley/smile.png"" class=""wp-smiley img-responsive"" /></p>
",recipe,"['pirinç', 'tereyağı', 'sıcak su', 'tuz', 'karabiber']","['Uygun bir pilav tenceresinin içerisine tereyağı ekleyin.', 'Tereyağı eridikten sonra pirinçleri ekleyip kavurmaya başlayın. Pirinçler tane tane dökülmeye başlayana kadar yaklaşık 5 dakika kavurun.', 'Sıcak suyu ekleyin, tuzu ve karabiberi de ilave edin.', 'Bir kez karıştırın, kapağını kapatın ve kısık ateşte pişirin.', 'Suyunu çeken pilavın üzerine bir bez koyun ve demlenmesi için dinlendirin.', 'Biraz et ya da tavuk ile servis edebilirsiniz. Afiyet olsun!']",PİLAV,239b56,/tarif/pilav/,"['Pilav', 'Video']","['ekonomik', 'akşam yemeği', 'öğle yemeği']","['Öğle Yemeği', 'Akşam Yemeği']",['Tencere'],['Ekonomik'],False,1200,900,2020-09-02T06:35:37Z,4.0,1783014,2538,False,True,True,0,,0,,,,2020/09/pirinc-pilavi-yemekcom.jpg,0,0,https://cdn.yemek.com/mnresize/940/940/uploads/2020/09/pirinc-pilavi-yemekcom.jpg,940,940,False,https://cdn.yemek.com/mncrop/300/200/uploads/2020/09/pirinc-pilavi-yemekcom.jpg,300,200,True,https://cdn.yemek.com/mncrop/940/625/uploads/2020/09/pirinc-pilavi-yemekcom.jpg,940,625,True,https://cdn.yemek.com/mncrop/620/388/uploads/2020/09/pirinc-pilavi-yemekcom.jpg,620,388,True,https://cdn.yemek.com/mncrop/600/315/uploads/2020/09/pirinc-pilavi-yemekcom.jpg,600,315,True,['tencere'],,,,,
376,313,Yasemin Özaltın,https://cdn.yemek.com/author/35533/20181219061403_avatar.jpg,/profil/yasemingursurer/,Yağ Çekmeden Pişer: Mücver,Mücver,/tarif/mucver/,15 dk,15 dk,"<p>Türk mutfağının, mutfağımıza ait tüm <a href=""https://yemek.com/tarif/"" target=""_blank"" rel=""noopener"">yemek tariflerinin</a> uzağında ama çok sevilen kuzeni ya da teyzesidir mücver tarifi. Her öğün göremezsin, her akşam yemezsin, yiyemezsin. Ancak her gördüğünde mutlu olursun; daha çok görmek istersin. Özeldir, yeri ayrıdır. Herkes güzelini yapamaz.</p>
<p>Arzu ettiğiniz yeşillik, patates, havuç hatta kereviz gibi <a href=""https://yemek.com/tarif/sebze/"" target=""_blank"" rel=""noopener"">sebze</a>leri de ekleyerek hazırlayabileceğiniz bir <a href=""https://yemek.com/tarif/atistirmaliklar/"" target=""_blank"" rel=""noopener"">atıştırmalık</a>, kolay mücver tarifimiz var. Ne güzel olur <strong>kabak mücveri</strong>, küçük püf noktaları vardır onun. Çok fazla yağ çekmemesi için yağı önceden kızdırmalı, rendelenmiş sebzelerin suyunu sıkmalı, sebzelerin taze olmasına dikkat etmeli örneğin.</p>
<p>Anne eli değmiş mücver, bu tarifte biraz daha renk kazanıyor. Yeşillik ve kabakların yanına havuç da katılıyor. Ana yemeğiniz ne olursa olsun bugün sofranızda <strong>kızarmış çıtır mücverler</strong> de yer alsın bizce.</p>
<p>Daha fazla mücver çeşidi görmek isteyenleri ise şöyle alabiliriz: <a href=""https://yemek.com/mucver-tarifleri/"" target=""_blank"" rel=""noopener"">Mücver Tarifleri</a></p>
<p>Kızartmalardan uzak duruyorsanız sizi fırında kabak mücveri tarifimize şuradan davet edelim: <a href=""https://yemek.com/tarif/firinda-mucver/"" target=""_blank"" rel=""noopener"">Fırında Mücver Tarifi, Nasıl Yapılır?</a></p>
<p>Videolu tarifimize aşağıya bırakıyoruz. Keyfini çıkarmanız dileğiyle!</p>",recipe,"['tuz', 'yumurta', 'un', 'karabiber', 'havuç', 'taze soğan', 'kabak', 'dereotu', 'sıvı yağ']","['<p>Mücver için bol suda yıkadığınız kabakları rendenin\xa0iri kısmıyla rendeleyin.\xa0Mücveri sulandırmaması için; rendelenmiş kabakların suyunu sıkarak çıkartın.</p>', '<p>Geniş bir kapta rendelenen kabakları, havucu, yumurtayı, taze soğanı, dereotunu, tuzu, karabiberi birleştirin.</p>', '<p>Unu da ilave edip tüm malzemeler birbiriyle harmanlayın.</p>', '<p>Tüm malzemeler macun kıvamını alana kadar spatula yardımıyla karıştırın.</p>', '<p>Her bir mücver 1 tepeleme yemek kaşığı olacak şekilde ayarlayıp tavaya dökün.</p>', '<p>Kızgın yağda altın sarısı rengini alana kadar kızartın. Mücverlerin fazla yağını havlu kağıda süzdürdükten sonra servis tabağına alın ve çırpılmış yoğurt ile servis edin. Afiyet olsun!</p>']",SEBZE,239b56,/tarif/sebze/,"['Sebze', 'Özel Beslenme', 'Vejetaryen', 'Video', 'Kızartma', 'Mevsiminde']",,['Çay Saati'],['Kızartma'],"['Ekonomik', 'Vejetaryen']",False,900,900,2021-11-09T03:30:59Z,4.0,1738171,11618,False,True,True,0,,0,,,,2014/07/mucver-ytk-site.jpg,0,0,https://cdn.yemek.com/mnresize/940/940/uploads/2014/07/mucver-ytk-site.jpg,940,940,False,https://cdn.yemek.com/mncrop/300/200/uploads/2014/07/mucver-ytk-site.jpg,300,200,True,https://cdn.yemek.com/mncrop/940/625/uploads/2014/07/mucver-ytk-site.jpg,940,625,True,https://cdn.yemek.com/mncrop/620/388/uploads/2014/07/mucver-ytk-site.jpg,620,388,True,https://cdn.yemek.com/mncrop/600/315/uploads/2014/07/mucver-ytk-site.jpg,600,315,True,,,"['Haziran', 'Temmuz', 'Ağustos']",,,
377,272,Neşe Ümit Tan,https://cdn.yemek.com/author/208653/20190910030615_avatar.jpg,/profil/neseumit/,Tam Kıvamında: Sütlaç,Sütlaç,/tarif/sutlac/,31 dk,5 dk,"<p><a href=""https://yemek.com/tarif/"" target=""_blank"">Yemek tariflerinin</a> en tatlı, en sevilen ismi, <a href=""https://yemek.com/tarif/sutlu-tatlilar/"" target=""_blank"">sütlü tatlılar</a>ın en besleyicisi, pirincin en güzel halidir sütlaç tarifi. Tencerede kıvam aldıktan sonra ısıya dayanıklı toprak kaplara paylaştırılıp fırında kızaran hali <a href=""https://yemek.com/tarif/firin-sutlac/"" target=""_blank"">fırın sütlaç</a> ismini alır. Çocukluk yıllarından aşina olduğumuz besleyici bir tatlıdır. <a href=""https://yemek.com/"" target=""_blank"">Tarifler</a> içinde özellikle sütlü tatlıların ve <a href=""https://yemek.com/tarif/tatli/"" target=""_blank"">tatlı tariflerinin</a> en şahanesidir!</p>
<p>Ev yapımı sütlacı tam kıvamında ve tam ölçülü yapmak için birkaç püf noktasına ihtiyacınız var. Klasik sütlaçtan vazgeçemeyenlerin evde nefis <a href=""https://yemek.com/tarif/firin-sutlac/"" target=""_blank"">fırın sütlaçlar</a> yapmasını sağlayacak olan ve en güzel sütlaç tarifine ulaşmanızı sağlayacak bu tarifi bir köşeye not edin deriz. <a href=""https://yemek.com/tarif/sutlu-tatlilar/"" target=""_blank"">Sütlü tatlıların</a> en güzeli, <a href=""https://yemek.com/ramazan-tatlilari/"" target=""_blank"">ramazan için tatlılardan</a> <strong>en hafif sütlaç tarifi</strong> karşınızda!</p>
",recipe,"['pirinç', 'sıcak su', 'toz şeker', 'süt', 'su', 'buğday nişastası']","['Sadece bir kez sudan geçirerek yıkadığınız\xa0pirinci tencereye alın ve\xa02 su bardağı sıcak suyu ekleyerek kısık ateşte pişirmeye başlayın. Bu sırada ara ara nazikçe karıştırın.', 'Pirinç, suyu çekip lapa hale gelince üzerine sütü ilave edin. Karıştırın ve\xa0süt kaynayana kadar ara ara karıştırmaya devam edin. Kaynadıktan sonra altını kısın, 8-10 dakika daha bu şekilde karıştırarak kısık ateşte pişirin.', 'Ardından şekeri ekleyin, karıştırın. Tekrar kaynamasını bekleyin ve 4-5 dakika daha da kısık ateşte bu şekilde kaynatın.', 'Nişastayı eklemek için bir kabın içerisine alın, 1 çay bardağı suyla karıştırın.', 'Aynı anda hem karıştırıp hem tencereye ekleyin. Azar azar dökerek eklerseniz topaklanma riskini de engellemiş olursunuz.\xa0Karıştırdıktan sonra hafifçe kıvam alana kadar pişirin. Bu sırada tekrar kaynayacak ve minik minik balonların yüzeye ulaştığını göreceksiniz, bunu gördükten sonra kısık ateşe alıp 1-2 dakika daha pişirin ve ardından ocaktan alın.', 'Bu noktada sütlacın kıvamı akışkan bir boza kıvamında olmalıdır.\xa0Sütlaç harcını bir kepçeyle kaselere dağıtın.', 'Oda sıcaklığında soğuduktan\xa0sonra buzdolabında en az 2 saat, tercihen 1 akşam kadar bekletin ve servis etmeden önce buzdolabından çıkarıp 5 dakika bekletin, tarçın serperek servis edin.', 'Afiyet olsun!']",SÜTLÜ TATLI,239b56,/tarif/sutlu-tatlilar/,"['Tatlı', 'Ramazan', 'Sütlü Tatlı', 'Video']",['çay saati'],['Çay Saati'],['Tencere'],,False,1860,300,2022-03-11T07:15:20Z,4.0,1693684,4171,False,True,True,0,,0,,,,2019/05/sutlac-guncelleme-sunum-1.jpg,0,0,https://cdn.yemek.com/mnresize/940/940/uploads/2019/05/sutlac-guncelleme-sunum-1.jpg,940,940,False,https://cdn.yemek.com/mncrop/300/200/uploads/2019/05/sutlac-guncelleme-sunum-1.jpg,300,200,True,https://cdn.yemek.com/mncrop/940/625/uploads/2019/05/sutlac-guncelleme-sunum-1.jpg,940,625,True,https://cdn.yemek.com/mncrop/620/388/uploads/2019/05/sutlac-guncelleme-sunum-1.jpg,620,388,True,https://cdn.yemek.com/mncrop/600/315/uploads/2019/05/sutlac-guncelleme-sunum-1.jpg,600,315,True,,,,,,
378,125,Yasemin Özaltın,https://cdn.yemek.com/author/35533/20181219061403_avatar.jpg,/profil/yasemingursurer/,Basit Malzemelerle: Kolay Tiramisu,Kolay Tiramisu,/tarif/kolay-tiramisu/,15 dk,15 dk,"<p>""Tiramisu hangi ülkeye ait?"" diyenlere hemen cevap vererek başlayalım. İtalyan asıllı bir <a href=""https://yemek.com/tarif/tatli/"" target=""_blank"">tatlı</a> olan <a href=""https://yemek.com/tarif/tiramisu/"" target=""_blank"">tiramisu</a>, ülkemizde son yıllarda popüler olmasıyla tanınır. Mutluluk ve enerji veren bir tatlı olduğu için de İtalyanlar bu tatlıya 'Beni yukarı çek, beni yukarı kaldır' anlamına gelen tiramisu ismini vermiştir. Bu hali de onun oldukça pratikleşmiş hali. Hazır kekle yapılan bu kolay tiramisu tarifi üstelik 30 dakikada hazır.</p>
<p>""Tiramisu nasıl yapılır?"" diyenler için tiramisu <a href=""https://yemek.com/tarif/kek/"" target=""_blank"">kek</a>inin labneli tiramisu kremasıyla nasıl buluştuğunu adım adım resimli bir şekilde anlatıyor, nefis süslemesiyle en güzel ve en pratik ev yapımı tiramisunun yapılışını tüm detaylarıyla anlatıyoruz!</p>
<p>İşte iştah açıcı görüntüsü ve lezzetiyle kolay tiramisu tarifi! En kısa zamanda onu çayınızın, kahvenizin yanına konuk edin deriz. Hem zamandan kazandıran hem de konuklarınıza nefis bir ikramda bulunmak istediğinizde de kurtarıcılarınızdan biri olacak nefis tarifimize davetlisiniz. Mevsimine göre de kolay tiramisularınızın üzerini dilediğiniz meyve ile süsleyebilirsiniz. Şimdiden ellerinize sağlık diyoruz.</p>
<p>Bu arada ""Ben kedi dili ile yapılan orijinal tiramisu <a href=""https://yemek.com/tarif/"" target=""_blank"">tarif</a>ini de merak ediyorum"" derseniz onun tarifini de hemen şöyle bırakıyoruz: <a href=""https://yemek.com/tarif/kedi-dilli-tiramisu/"" target=""_blank"">Kedidilli tiramisu tarifi, nasıl yapılır?</a></p>
",recipe,"['sıcak su', 'toz şeker', 'toz şeker', 'süt', 'un', 'yumurta sarısı', 'kakao', 'hazır kek', 'granül kahve', 'labne peyniri']","['Tiramisunun kremasını hazırlamak için; 2 su bardağı süt, 5 yemek kaşığı toz şeker, 3 yemek kaşığı un ve 1 adet\xa0 yumurta sarısını tencereye alın.', 'Sürekli karıştırarak orta ateşte muhallebi kıvamına gelene kadar pişirin. Piştikten sonra kremayı soğumaya bırakın.', 'Kek tabanını ıslatmak için; bir kasede 1 su bardağı sıcak suya, 1 yemek kaşığı granül kahve ve 1 tatlı kaşığı toz şekerini eriyene kadar karıştırın.', 'Pişirip soğumaya bıraktığınız kremaya 200 gram labne peynirini ekleyin ve bir mikser yardımıyla pürüzsüz bir kıvam alana kadar çırpın.', 'Servis tabağına ya da bir borcama pasta tabanının bir katını yerleştirin.', 'Kahveli karışımın yarısıyla keki ıslatın.', 'Üzerine hazırladığınız kremanın yarısını yayın.', 'Pastanın diğer katını da üzerine koyun ve\xa0 kahveli karışımla ıslatın. Kalan krema ile pastanın üzerini tamamen kaplayın.', 'Son olarak üzerine kakao serpiştirin.', 'Çilek dilimleriyle süsleyip buzdolabında 1- 2 saat beklettikten sonra dilimleyerek servis edin.\xa0Afiyet olsun!']",TATLI,239b56,/tarif/tatli/,"['Tatlı', 'Video', 'Dünya Mutfakları']","['ekonomik', 'ara öğün', 'çay saati']",['Çay Saati'],['Tencere'],['Vejetaryen'],False,900,900,2022-03-31T14:48:27Z,4.0,1687627,4451,False,True,True,0,,0,,,,2014/06/kolay-tiramisu-yemekcom.jpg,0,0,https://cdn.yemek.com/mnresize/940/940/uploads/2014/06/kolay-tiramisu-yemekcom.jpg,940,940,False,https://cdn.yemek.com/mncrop/300/200/uploads/2014/06/kolay-tiramisu-yemekcom.jpg,300,200,True,https://cdn.yemek.com/mncrop/940/625/uploads/2014/06/kolay-tiramisu-yemekcom.jpg,940,625,True,https://cdn.yemek.com/mncrop/620/388/uploads/2014/06/kolay-tiramisu-yemekcom.jpg,620,388,True,https://cdn.yemek.com/mncrop/600/315/uploads/2014/06/kolay-tiramisu-yemekcom.jpg,600,315,True,,,,['İtalya'],,
379,127,Gökçen Mutaf,https://cdn.yemek.com/author/23120/20181227103819_avatar.jpeg,/profil/gokcenmutaf/,Ağızda Dağılan Mükemmel Kıvamıyla: Elmalı Kurabiye,Elmalı Kurabiye,/tarif/elmali-kurabiye/,25 dk,20 dk,"<p><a href=""https://yemek.com/kurabiye-tarifleri-puf-noktalari/"" target=""_blank"">Kurabiye tariflerinin</a> en güzellerinden biri olan en güzel elmalı kurabiye karşınızda! Ağızda dağılan kıvamıyla, <a href=""https://yemek.com/pratik-kurabiye-tarifleri/"" target=""_blank"">pratik kurabiyelerden</a> oluşuyla kalplerinizi çalmaya gelecek bu kıyır kıyır <a href=""https://yemek.com/elmali-kurabiye-tarifleri/"" target=""_blank"">elmalı kurabiye tarifi</a> şekilleriyle, malzemeleriyle, hamuruyla tam ölçülü <a href=""https://yemek.com/tarif/kolay-elmali-kurabiye/"" target=""_blank"">elmalı kurabiye</a> yapmak isteyenlerin yardımına koşacak.</p>
<p><strong>Elmalı kurabiyenin gevrek olmas</strong>ı için yapılması gerekenlerden, nasıl saklanacağına kadar elmalı kurabiye yapmanın tüm püf noktalarını da bulabileceğiniz bu en güzel denenmiş elmalı kurabiye <a href=""https://yemek.com/tarif/"" target=""_blank"">tarifi</a> için çay suyunun altını koyalım hafiften. Elmalı <a href=""https://yemek.com/tarif/kurabiye/"" target=""_blank"">kurabiyeler</a> bizi bekler. Ağızda dağılan, tarçınlı <strong>elmalı kurabiye tarifi</strong>miz için mutfağa davetlisiniz. Afiyetler olsun şimdiden.</p>
",recipe,"['limon suyu', 'toz şeker', 'toz şeker', 'un', 'yoğurt', 'tarçın', 'karbonat', 'tereyağı (oda ısısında bekletilmiş)', 'dövülmüş ceviz içi', 'sıvı yağ', 'kırmızı elma']","['Elmalı kurabiye tarifini hazırlamak için\xa0 rendelenmiş elmaları tavaya alın. Üzerine toz şekeri ilave edin. Karamelize olana dek pişirin.', 'Piştikten sonra üzerine yarım su bardağı kadar dövülmüş ceviz ve tarçın ekleyin, karıştırın.', 'Hamurunu hazırlamak için derin bir kaseye oda sıcaklığında yumuşamış tereyağı, sıvı yağ, yoğurt, toz şeker, limon suyu ve karbonatı ekleyin. Güzelce yoğurun ve ardından unu da azar azar ekleyerek, ele yapışmayan fakat yumuşak olan bir hamur elde edin.', 'Hamuru tezgahın üzerinde toparlayın.', 'Tezgaha hafifçe un serperek açın. Yuvarlak şekiller çıkarıp elmalı harcı ortasına koyun ve iki yandan katlayın.', 'Pişirme kağıdı serdiğiniz fırın tepsisine kurabiyeleri dizin ve önceden ısıtılmış 180 derece fırında üzeri kızarana kadar, yaklaşık 20-25 dakika pişirin.', 'Oda sıcaklığına geldikten sonra üzerine pudra şekeri serpiştirin. Kurabiyeleriniz artık servise hazır! Afiyet olsun..', 'Afiyet olsun..']",TATLI KURABİYE,239b56,/tarif/tatli-kurabiyeler/,"['Kurabiye', 'Video', 'Tatlı Kurabiye']",['çay saati'],['Çay Saati'],['Fırın'],,False,1500,1200,2022-03-11T07:30:23Z,4.0,1597377,7917,False,True,True,0,,0,,,,2022/03/elmali-kurabiye-tarifi-yemekcom.jpg,0,0,https://cdn.yemek.com/mnresize/940/940/uploads/2022/03/elmali-kurabiye-tarifi-yemekcom.jpg,940,940,False,https://cdn.yemek.com/mncrop/300/200/uploads/2022/03/elmali-kurabiye-tarifi-yemekcom.jpg,300,200,True,https://cdn.yemek.com/mncrop/940/625/uploads/2022/03/elmali-kurabiye-tarifi-yemekcom.jpg,940,625,True,https://cdn.yemek.com/mncrop/620/388/uploads/2022/03/elmali-kurabiye-tarifi-yemekcom.jpg,620,388,True,https://cdn.yemek.com/mncrop/600/315/uploads/2022/03/elmali-kurabiye-tarifi-yemekcom.jpg,600,315,True,,,,,,
380,3424,Ege Şahin,https://cdn.yemek.com/author/464113/20220221123420_avatar.jpg,/profil/egesahin/,Kıyır Kıyır: Üç Malzemeli Un Kurabiyesi,Üç Malzemeli Un Kurabiyesi,/tarif/uc-malzemeli-un-kurabiyesi/,15 dk,10 dk,"<p>Eşe dosta <a href=""https://yemek.com/tarif/un-kurabiyesi/"" target=""_blank"">un kurabiyesi</a> tarifi soranlar, telefonda un kurabiyesi nasıl yapılır diye dert yananlar, neredeyse rüyasında un kurabiyesi görenler... Hoş geldiniz, doğru yerdesiniz.</p>
<p>Günün en tatlı saatleri akşam üzeri olmuş, belki de tatlısıyla tuzlusuyla uzun uzadıya keyfi çıkacak bir <a href=""https://yemek.com/tarif/kahvaltiliklar/"" target=""_blank"">kahvaltı</a> sofrası hazırlıyorsunuz. Ya da akşam yemeği sonrası çay keyfinizi taçlandıracak tatlı bir hamur işi aradığınız. Öyleyse sadece 10 dakikada hazırlanan üç malzemeli un kurabiyesi <a href=""https://yemek.com/tarif/"" target=""_blank"">tarif</a>ine alalım sizi. Bu kurabiyeler bir şahane.</p>
<p>Sıvı yağ, pudra şekeri ve un ilavesiyle hazırlanan bu <a href=""https://yemek.com/tarif/tatli-kurabiyeler/"" target=""_blank"">tatlı kurabiye</a>ler, kaşıkla şekil alıp önceden ısıtılmış 175 derece fırında 15 dakika gibi kısa bir sürede pişiyor. Demleyin çayı, kurulun en sevdiğiniz koltuğa. Kurabiyeleriniz olmak üzere, afiyet olsun.</p>
",recipe,"['un', 'pudra şekeri', 'pudra şekeri', 'sıvı yağ']","['Sıvı yağ ve pudra şekerini derin bir kaba alın, karıştırın.', 'Ardından unu aşamalı olarak ekleyin.\xa0Hamuru toparlamak için iyice yoğurun. Hamurdan parçalar koparıp silindir şeklini verin.', 'Verev şekilde kesin.', 'Yağlı kağıt serilmiş fırın tepsisine aralıklı olarak yerleştirin.', 'Üzerlerini çatal ile çizin. Önceden ısıtılmış 175 derece fırında 15 dakika pişirin.', 'Arzuya göre üzerine pudra şekeri serperek servis edin. Afiyet olsun!']",TATLI KURABİYE,239b56,/tarif/tatli-kurabiyeler/,"['Kurabiye', 'Tatlı Kurabiye']",['çay saati'],['Çay Saati'],['Fırın'],['Ekonomik'],False,900,600,2022-12-28T11:10:00Z,4.0,1569331,4413,False,False,True,0,,0,,,,2015/09/uc-malzemeli-un-kurabiyesi-yemekcom.jpg,0,0,https://cdn.yemek.com/mnresize/940/940/uploads/2015/09/uc-malzemeli-un-kurabiyesi-yemekcom.jpg,940,940,False,https://cdn.yemek.com/mncrop/300/200/uploads/2015/09/uc-malzemeli-un-kurabiyesi-yemekcom.jpg,300,200,True,https://cdn.yemek.com/mncrop/940/625/uploads/2015/09/uc-malzemeli-un-kurabiyesi-yemekcom.jpg,940,625,True,https://cdn.yemek.com/mncrop/620/388/uploads/2015/09/uc-malzemeli-un-kurabiyesi-yemekcom.jpg,620,388,True,https://cdn.yemek.com/mncrop/600/315/uploads/2015/09/uc-malzemeli-un-kurabiyesi-yemekcom.jpg,600,315,True,,,,,,
381,4487,Gökçen Mutaf,https://cdn.yemek.com/author/23120/20181227103819_avatar.jpeg,/profil/gokcenmutaf/,Brownie'yi Andıran: Islak Kurabiye,Islak Kurabiye,/tarif/islak-kurabiye/,25 dk,15 dk,"<p>Kakaolu kurabiyenin şerbetle buluşmasından hazırlanan ıslak kurabiye, kakaolu tatlıları sevenlere göre. <strong>Sıcak kurabiyelerin ıslatılması kakao tadını yoğunlaştırıyor </strong>ve <a href=""https://yemek.com/tarif/kurabiye/"" target=""_blank"" rel=""noopener"">kurabiyeye</a> ağızda dağılan bir kıvam veriyor. Islak kurabiye tarifini çay saatleri için keyifle hazırlayabilir, bu esmer kurabiyeleri yanında bir fincan kahve eşliğinde tatlı bir atıştırmalık olarak da tüketebilirsiniz.</p>
<p><a href=""https://yemek.com/tarif/brownie/"" target=""_blank"" rel=""noopener"">Brownie</a>'yi andıran bu lezzetli <a href=""https://yemek.com/tarif/browni-kurabiye/"" target=""_blank"" rel=""noopener"">browni tadında kurabiye</a>leri kısa sürede hazırlayabilir, yorumlarınızı bizlerle paylaşabilirsiniz.</p>",recipe,"['yumurta', 'toz şeker', 'un', 'kabartma tozu', 'su', 'rendelenmiş Hindistan cevizi', 'kakao', 'pudra şekeri', 'tereyağı (oda sıcaklığında bekletilmiş)', 'vanilin', 'sıvı yağ']","['<div>\n<div>\n<div dir=""ltr"">\n<div>\n<div>Islak kurabiye için derince bir karıştırma kabına oda ısısındaki tereyağını, sıvı yağı, yumurtayı, pudra şekerini, kakaoyu, vanilin ve kabartma tozunu alın.</div>\n</div>\n</div>\n</div>\n</div>', '<p>Tüm malzemeleri özleşene\xa0kadar\xa0karıştırın.</p>', '<div>\n<div>\n<div dir=""ltr"">\n<div>\n<div>Ardından unu yavaş yavaş ekleyerek, ele yapışmayan bir hamur elde edin.</div>\n</div>\n</div>\n</div>\n</div>', '<div>\n<div>\n<div dir=""ltr"">\n<div>\n<div>Hazırladığınız hamurdan ceviz büyüklüğünde parçalar koparın.</div>\n</div>\n</div>\n</div>\n</div>', '<p>Avucunuzda yuvarlayın ve parmağınızla ortasına hafifçe bastırdıktan sonra, yağlı kağıt serilmiş bir fırın tepsisine dizin.\xa0Önceden ısıtılmış 180 derece fırında yaklaşık 20 dakika kadar pişirin.</p>', '<div>\n<div>\n<div dir=""ltr"">\n<div>\n<div>Kurabiyeleriniz fırındayken şerbeti için gerekli olan şeker ve suyu homojen karışana kadar kaynattıktan sonra bir kaseye alın ve soğutun.</div>\n</div>\n</div>\n</div>\n</div>', '<div>\n<div>\n<div dir=""ltr"">\n<div>\n<div>Kurabiyeler fırından çıkınca 2 dakika kadar bekletin ve ardından teker teker hazırladığınız şerbete atın, arkalı önlü çevirin ve bir servis tabağına dizin.</div>\n</div>\n</div>\n</div>\n</div>', '<div>\n<div>\n<div dir=""ltr"">\n<div>\n<div>Tüm kurabiyeleri bu şekilde şerbete batırdıktan sonra kalan şerbeti de üstlerine gezdirin ve tüm şerbeti çekene dek bekletin.</div>\n</div>\n</div>\n</div>\n</div>', '<div>\n<div>\n<div dir=""ltr"">\n<div>\n<div>Kurabiyeler şerbeti çektikten sonra üstlerini Hindistan cevizi ile süsleyin ve servis edin. Afiyet olsun.</div>\n</div>\n</div>\n</div>\n</div>']",TATLI KURABİYE,239b56,/tarif/tatli-kurabiyeler/,"['Kurabiye', 'Tatlı Kurabiye']",,['Çay Saati'],['Fırın'],['Ekonomik'],False,1500,900,2022-03-16T06:08:50Z,4.0,1542043,9538,False,False,True,0,,0,,,,2016/01/islak-kurabiye-tarifi-son.jpg,0,0,https://cdn.yemek.com/mnresize/940/940/uploads/2016/01/islak-kurabiye-tarifi-son.jpg,940,940,False,https://cdn.yemek.com/mncrop/300/200/uploads/2016/01/islak-kurabiye-tarifi-son.jpg,300,200,True,https://cdn.yemek.com/mncrop/940/625/uploads/2016/01/islak-kurabiye-tarifi-son.jpg,940,625,True,https://cdn.yemek.com/mncrop/620/388/uploads/2016/01/islak-kurabiye-tarifi-son.jpg,620,388,True,https://cdn.yemek.com/mncrop/600/315/uploads/2016/01/islak-kurabiye-tarifi-son.jpg,600,315,True,,,,,,
382,134,Yasemin Özaltın,https://cdn.yemek.com/author/35533/20181219061403_avatar.jpg,/profil/yasemingursurer/,Tüm Püf Noktalarıyla: Mercimek Köftesi,Mercimek Köftesi,/tarif/mercimek-koftesi/,20 dk,30 dk,"<p>Altın günlerinin vazgeçilmez lezzeti, bekarların ve öğrenci evlerinin gözdesi mercimekli köfte pratik olmasının yanı sıra besleyici ve lezzetli bir <a href=""https://yemek.com/tarif/"" target=""_blank"" rel=""noopener"">tarif</a>. <strong>Tam ölçülü, tam kıvamında mercimek köftesi</strong> nasıl yapılır diye merak edenlerden en güzel mercimek köftesi tarifini henüz bulamamış olanlara tüm püf noktalarıyla pratik tariflerin gözdesi mercimek köftesi karşınızda!</p>
<p>Mercimek köftesi sunumunu, mercimek köftesinin yanına ne gider ya da <strong>mercimek köftesi cıvık olursa</strong> ne yapılmalı sorularının cevabını artık başka yerde aramanız gerek yok. Çünkü en güzelini annenin yaptığı mercimek köftesi için mutfağa girerek biraz da biz hünerlerimizi göstereceğiz bugün. Güzel annelerimize selamlar yollayacağız bu tarifle.</p>
<p>Mercimek köftesi videomuzu aşağıya bırakıyoruz, afiyetler olsun şimdiden! <img class=""wp-smiley img-responsive"" src=""https://cdn.yemek.com/assets/images/smiley/smile.png""></p>
<p>Mercimek köftesini sevenler bunları da sevdi: <a href=""https://yemek.com/tarif/kisir"" target=""_blank"" rel=""noopener"">Kısır Tarifi</a></p>
<p>Klasik mercimekli köfte tariflerinden sıkılanlar, çıtır çıtır dokusuyla <a href=""https://yemek.com/tarif/firinda-mercimek-kofte/"" target=""_blank"" rel=""noopener"">fırında mercimekli köfte</a> tarifiyle misafirlerinizi şaşırtıyor.</p>",recipe,"['kırmızı mercimek', 'kuru soğan', 'biber salçası', 'sıcak su', 'tuz', 'pul biber', 'maydanoz', 'zeytinyağı', 'karabiber', 'domates salçası', 'ince bulgur', 'taze soğan', 'kimyon']","['<p>Mercimek köftesi için bol suda yıkadığınız kırmızı mercimeği sıcak suda kaynatın.</p>', '<p>Suyunu çekmeye yakın ince bulguru ekleyin, mercimeği ocaktan alın.</p>', '<p>Üzerine ince bulguru ekleyin.</p>', '<p>Kapağını kapattığınız tencerede ince bulguru şişmesi için mercimekle birlikte 15 dakika kadar bekletin.</p>', '<p>Zeytinyağını bir tavada kızdırın.</p>', '<p>Kuru soğanları küçük küpler halinde doğrayın ve tavaya aktarın.</p>', '<p>Doğradığınız soğanları 5 dakika kadar kavurun.</p>', '<p>Sırasıyla; biber salçası, domates salçası, tuz, pul biber ve kimyonu ekleyin.</p>', '<p>Soğanlı karışımı 3-4 dakika kadar kavurun.</p>', '<p>Şişen bulgurlu ve mercimekli harca salçalı, soğanlı harcı ekleyin.</p>', '<p>Taze soğanları ve maydanozu ince ince kıyın.\xa0 Doğranmış yeşillikleri ilave edin.</p>', '<p>Malzemeleri yoğurmaya başlayın.</p>', '<p>Tüm malzemeyi özleşene kadar yoğurun.</p>', '<p>Hazırladığınız harçtan ceviz büyüklüğünde parçalar alın ve avuç içinizde sıkarak şekil verin.</p>', '<p>Servis tabağına aldığınız mercimek köftelerini arzu ettiğiniz yeşilliklerle servis edin. Sevdiklerinizle paylaşın.</p>']",MEZE,239b56,/tarif/mezeler/,"['Özel Beslenme', 'Vejetaryen', 'Atıştırmalık', 'Meze', 'Vegan', 'Video', 'Tuzlu Atıştırmalık', 'Bakliyat']",,"['Öğle Yemeği', 'Çay Saati']","['Tencere', 'Tava']","['Vejetaryen', 'Bol Proteinli']",False,1200,1800,2022-03-10T11:30:12Z,4.0,1537793,11735,False,True,True,0,,0,,,,2014/06/mercimek-koftesi-yeni-ytk.jpg,0,0,https://cdn.yemek.com/mnresize/940/940/uploads/2014/06/mercimek-koftesi-yeni-ytk.jpg,940,940,False,https://cdn.yemek.com/mncrop/300/200/uploads/2014/06/mercimek-koftesi-yeni-ytk.jpg,300,200,True,https://cdn.yemek.com/mncrop/940/625/uploads/2014/06/mercimek-koftesi-yeni-ytk.jpg,940,625,True,https://cdn.yemek.com/mncrop/620/388/uploads/2014/06/mercimek-koftesi-yeni-ytk.jpg,620,388,True,https://cdn.yemek.com/mncrop/600/315/uploads/2014/06/mercimek-koftesi-yeni-ytk.jpg,600,315,True,,,,,,
383,13732,ipeksare,https://cdn.yemek.com/author/262494/20200820091315_avatar.jpg,/profil/ipeksare/,Bol Malzemeli: Ev Usulü Pizza,Ev Usulü Pizza,/tarif/ev-usulu-pizza/,30 dk,30 dk,"<p>Hafif kabarmış bir hamuru ve bol bol malzemesiyle <a href=""https://yemek.com/tarif/pizza/"" target=""_blank"">pizzaların</a> en güzellerinden biridir ev usulü pizza.</p>
<p>Dışarıda bayılarak yediğimiz pizzaları aslında evinizde de çok kolay bir şekilde yapabilirsiniz. Eğer siz de ""<strong>Evde pizza nasıl yapılır?</strong>"" diyorsanız fırında pişen, bu kolay ve pratik karışık pizza tarifini çok sevecek, her fırsatta yapmak isteyeceksiniz.</p>
<p>Lezzetine doyum olmaz bu pizza tarifinin sırrı hamurunda saklı. Bu şekilde ağzınıza attığınızda yumuşacık dokusuyla sizi çok mutlu edecek, bol bol malzemesiyle de damaklarınızı şenlendirecek bir tarife dönüşüyor. ""<strong>Pizza hamuru nasıl yapılır?</strong>"" diye soranlara da adım adım resimli anlatımıyla tam kıvamında bir <a href=""https://yemek.com/tarif/pizza-hamuru/"" target=""_blank"">pizza hamuru</a> tarifi hazırladık, püf noktalarını da <a href=""https://yemek.com/pizza-hamuru-yapmanin-puf-noktalari/"" target=""_blank"">şurada</a> anlattık. Mutlaka göz atın deriz.</p>
<p>Ev yapımı pizza tarifinin adım adım resimli tarifi karşınızda!</p>
",recipe,"['tuz', 'toz şeker', 'un', 'sarımsak', 'zeytinyağı', 'zeytinyağı', 'fesleğen', 'rendelenmiş kaşar peyniri', 'kekik', 'ılık su', 'konserve mısır', 'kuru maya', 'sucuk', 'domates sos', 'biber', 'zeytin', 'rendelenmiş mozarella peyniri']","['Bir kabın içerisine kuru mayayı dökün ve üzerine ılık su ve şekeri ekleyerek güzelce karıştırın.', 'Daha sonra mayalı karışıma zeytinyağını ve tuzu ekleyip tahta kaşıkla karıştırın.', 'Unu azar azar ekleyin.', 'Hamur kıvama gelince elinizle yoğurmaya başlayın ve ele yapışmayan, yumuşak bir hamur haline gelene kadar yoğurmaya devam edin.', 'Hamur istediğiniz yumuşaklığa ulaşınca, kabın üzerini bir streç film ile kaplayıp en az 30 dakika hamurunuzu dinlendirin.', 'Dinlenen hamurunuzu un serptiğiniz tezgaha alıp, katlayarak havasını çıkarın.\xa0Hamuru toparlayıp, 2 ya da 3 parçaya ayırın. İnce hamurlu ve orta boy pizza yapmak istiyorsanız hamurunuzu 3’e bölün. Daha büyük ve kalın hamurlu 2 pizza yapmak istiyorsanız, ikiye bölebilirsiniz.', 'Kestiğiniz parçayı beze haline getirip un serptiğiniz tezgahın üzerinde merdane yardımıyla açın.', 'Dilediğiniz inceliğe ulaştığınızda pişirme kağıdı serdiğiniz tepsinin üzerine alın. Bir çatal yardımıyla pizza hamurunun üzerinde delikler açın ve önceden ısıtılmış 200 derece fırında 10 dakika pişirin.', 'Pizza sosunu, domates sosuna, fesleğen, kekik, sarımsak ve zeytinyağı ekleyerek hazırlayabilirsiniz.', '10 dakika sonra hafif pişen hamuru fırından çıkarıp, hazırladığınız domates sosundan üzerine sürün.', 'Pizza sosunun üzerine bolca rendelenmiş kaşar ya da mozarella peyniri yerleştirdikten sonra üzerine dileğiniz malzemeleri ekleyin. Malzemeleri yerleştirdikten sonra en üste tekrar rendelenmiş kaşar ekleyin.', 'Tekrar fırına koyun ve 20 dakika daha pişirin. Peynirler güzelce eriyip tüm malzemeler piştiğinde pizzanızı fırından çıkarabilirsiniz.', 'Pizza kesiciyle dilimleyip tüketebilirsiniz.', 'Afiyet olsun!']",PİZZA,239b56,/tarif/pizza/,"['Hamur İşi', 'Pizza']","['akşam yemeği', 'kahvaltı', 'öğle yemeği']","['Öğle Yemeği', 'Akşam Yemeği']",['Fırın'],,False,1800,1800,2022-03-11T10:00:52Z,4.0,1518606,6252,False,True,True,0,,0,,,,2022/03/ev-usulu-pizza-yemekcom.jpg,0,0,https://cdn.yemek.com/mnresize/940/940/uploads/2022/03/ev-usulu-pizza-yemekcom.jpg,940,940,False,https://cdn.yemek.com/mncrop/300/200/uploads/2022/03/ev-usulu-pizza-yemekcom.jpg,300,200,True,https://cdn.yemek.com/mncrop/940/625/uploads/2022/03/ev-usulu-pizza-yemekcom.jpg,940,625,True,https://cdn.yemek.com/mncrop/620/388/uploads/2022/03/ev-usulu-pizza-yemekcom.jpg,620,388,True,https://cdn.yemek.com/mncrop/600/315/uploads/2022/03/ev-usulu-pizza-yemekcom.jpg,600,315,True,['fırın'],,,,,
384,188,Yasemin Özaltın,https://cdn.yemek.com/author/35533/20181219061403_avatar.jpg,/profil/yasemingursurer/,"Kabardıkça Kabarır, Şerbetini Tam Çeker: Revani",Revani,/tarif/revani/,30 dk,35 dk,"<p>Bugün akşam yemeğine en lezzetli <a href=""https://yemek.com/ramazan-tatlilari/"" target=""_blank"">ramazan tatlılarından</a> biri olan revaniyi koyacağız. Revani tarifini uygularken bir yandan saray mutfağının bize Osmanlı'dan kalan en yadigar şeylerden biri olduğunu hatırlayacağız. Yaptığımız <a href=""https://yemek.com/tarif/"" target=""_blank"">yemek tariflerine</a> tatlı olarak onu çok yakıştıracağız. <a href=""https://yemek.com/tarif/tatli/"" target=""_blank"">Tatlı tariflerinin</a> arasında en çok sevdiklerimiz arasına ekleyeceğiz.</p>
<p>Klasik revaniyi evde pratik bir şekilde yapabilmek mümkün aslında. <strong>""Revani tatlısı nasıl yapılır""</strong> sorusunun hemen aşağıda adım adım resimli cevabını bulabileceğiniz nefis irmikli ve tam ölçülü evde kolay <a href=""https://yemek.com/tarif/muhallebili-revani/"" target=""_blank"">revani</a> yapımı tarifimizin bir püf noktası var bilinmesi gereken: Tahmin edeceğiniz gibi <a href=""https://yemek.com/tarif/serbetli-tatlilar/"" target=""_blank"">şerbetli tatlılardan</a> revaninin kıvamı önemli, onu da bir kaşık yardımıyla alacağınız şerbeti parmağınıza damlatıp, damlanın yayılıp yayılmadığını görerek anlayabilirsiniz. Eğer şerbet damlası yayılmıyorsa kıvamı tutmuş, revani yapımı için hazır hale gelmiş demektir. Böylelikle <strong>""Revani şerbeti nasıl dökülür, revani şerbeti nasıl olmalı?""</strong> sorusunun cevabını merak edenleri de rahatlatmış olduk.</p>
<p>Şerbetin yoğunluğu ile kekinin kabarıklığı için düşündüğümüz revani yapımı püf noktalarını tarif kısmında bulabilirsiniz. <a href=""https://yemek.com/revani-tarifleri/"" target=""_blank"">Farklı revani tarifleri</a> ve çok sevilen <a href=""https://yemek.com/tarif/hashasli-revani/"" target=""_blank"">haşhaşlı revani</a> tarifimizi de şöyle bırakalım.</p>
<p>O halde lafı daha fazla uzatmayalım, sizi en güzel revani tarifiyle baş başa bırakalım.</p>
",recipe,"['limon suyu', 'yumurta', 'toz şeker', 'toz şeker', 'ayçiçek yağı', 'un', 'kabartma tozu', 'su', 'yoğurt', 'irmik', 'rendelenmiş Hindistan cevizi', 'vanilin']","['Tatlının şerbetini hazırlamak için;\xa03 su bardağı su ve 2,5 su bardağı toz şekeri\xa0bir tencereye aktarın.', 'Kısık ateşte yaklaşık 30 dakika kadar kaynattıktan sonra limon suyunu ekleyin ve ılınması için ocaktan alın.', '3 yumurta bir kabın içerisine aktarın.', 'Üzerine 1 çay bardağı toz şekeri bir mikser yardımıyla toz şeker tamamen eriyene kadar karıştırın.', '1 çay bardağı ayçiçek yağı, 1 su bardağı yoğurt ve 1 su bardağı irmiği de ekledikten sonra tekrar karıştırın.', 'Son olarak 1,5 su bardağı\xa0un, 1 paket kabartma tozu ve 1 paket vanilini de karışıma ekledikten sonra çırpma işlemini sürdürün.', 'Yağlanmış fırına dayanıklı kalıbın içerisine hazırladığınız revani karışımını dökün.', 'Önceden ısıtılmış 180 derece fırında\xa025-30 dakika kadar pişirin.\xa0Fırından çıkardığınız revaninin ilk sıcaklığı geçtikten sonra oda sıcaklığında soğumuş şerbeti üzerine dökün ve şerbeti çekene kadar yaklaşık 1-2 saat bekleyin.', 'Ardından bıçak yardımıyla revaniyi dilimleyin.', 'Dilimlediğiniz ılık tatlıya rendelenmiş Hindistan cevizi serpiştirip servis edin. Afiyet olsun!']",ŞERBETLİ TATLI,239b56,/tarif/serbetli-tatlilar/,"['Tatlı', 'Şerbetli Tatlı', 'Ramazan', 'Video']","['ekonomik', 'çay saati']",['Çay Saati'],"['Fırın', 'Tencere']",,False,1800,2100,2022-04-20T11:00:29Z,4.0,2029239,5485,False,True,True,0,,0,,,,2014/06/revani-yemekcom.jpg,0,0,https://cdn.yemek.com/mnresize/940/940/uploads/2014/06/revani-yemekcom.jpg,940,940,False,https://cdn.yemek.com/mncrop/300/200/uploads/2014/06/revani-yemekcom.jpg,300,200,True,https://cdn.yemek.com/mncrop/940/625/uploads/2014/06/revani-yemekcom.jpg,940,625,True,https://cdn.yemek.com/mncrop/620/388/uploads/2014/06/revani-yemekcom.jpg,620,388,True,https://cdn.yemek.com/mncrop/600/315/uploads/2014/06/revani-yemekcom.jpg,600,315,True,,,,,,
385,2744,Cemre Özgüzel,https://cdn.yemek.com/author/109/20200211010242_avatar.jpg,/profil/cemre-ozguzel/,Az Malzemeyle Mükemmel Kıvam: Muhallebi,Muhallebi,/tarif/muhallebi/,15 dk,5 dk,"<p>Çocukluğumuzdan beri damağımızın alışık olduğu bir <a href=""https://yemek.com/tarif/tatli/"" target=""_blank"">tatlı tarifi</a> muhallebi. <strong>Pirinç unuyla hazırlanan muhallebi tarifler</strong>i olsa da kıvamı nişastayla bağlandığında bir o kadar güzel olur tadı. Öylesine yalın ve naif bir tattır ki kuru yemişler, çikolata ve çeşitli meyve sosları eşliğinde farklı tariflere bürünür.</p>
<p>Yaz sıcağına yakışır muhallebi tatlısı, keyfi kaşıklanır. Üzerine toz tarçınla yapabileceğiniz süslemelerle de saygı uyandırır. Başarıyla uygulanmış bir sütlü muhallebi tarifini tamamlayıcı nitelikte olan bu süslemeler ise tamamen sizin yaratıcılığınıza kalmış. <a href=""https://yemek.com/tarif/sutlu-tatlilar/"" target=""_blank"">Sütlü tatlıların </a>en kolay ve ekonomiği olan <strong>muhallebi tarifi</strong>mizle keyif dolu dakikalar yaşayabilirsiniz.</p>
<p>Biz sade muhallebi hazırladık ama diğer muhallebi çeşitleri için sizi şu tariflerimize de bekleriz: <a href=""https://yemek.com/muhallebi-tarifleri/"" target=""_blank"">Sıcak Yaz Günlerinde Midenizi Yormayarak Sizi Mutlu Edecek 17 Muhallebi Tarifi</a></p>
<p>En güzel muhallebinin sizin elinizden çıkmasını sağlayacak olan bu tarifi ister bardakta, ister kupta, ister fincanda servis edebilirsiniz. Hazırsanız pratik ve <a href=""https://yemek.com/tarif/kolay-muhallebi/"" target=""_blank"">kolay muhallebi</a> tarifimizle başbaşa bırakalım sizi.</p>
",recipe,"['tereyağı', 'toz şeker', 'süt', 'un', 'toz Antep fıstığı', 'buğday nişastası', 'muz', 'vanilin']","['5\xa0su bardağı soğuk sütü geniş bir tencereye aktarın.\xa0Yarım çay bardağı un, 3 yemek kaşığı buğday nişastası ve 1 su bardağı toz şekeri ilave ettikten sonra ocağın altını açın.', 'Ara ara karıştırarak koyu bir kıvam alana kadar pişirin.', 'Kıvam alan muhallebinin altını kapatın.', 'Henüz sıcakken içerisine\xa01 tatlı kaşığı tereyağı ve 1 paket vanilin ilave ederek çırpın.', 'Ardından servis kaselerine paylaştırın ve soğutun.', 'Antep fıstığıyla süsleyip tatlandırdığınız muhallebileri soğuk olarak sevdiklerinizle paylaşın.']",SÜTLÜ TATLI,239b56,/tarif/sutlu-tatlilar/,"['Tatlı', 'Ramazan', 'Sütlü Tatlı', 'Video']","['pratik yemek tarifleri', 'çay saati']",['Çay Saati'],['Tencere'],['Ekonomik'],False,900,300,2019-04-04T08:57:18Z,4.0,1868226,4584,False,True,True,0,,0,,,,2015/06/muhallebi-yemekcom.jpg,0,0,https://cdn.yemek.com/mnresize/940/940/uploads/2015/06/muhallebi-yemekcom.jpg,940,940,False,https://cdn.yemek.com/mncrop/300/200/uploads/2015/06/muhallebi-yemekcom.jpg,300,200,True,https://cdn.yemek.com/mncrop/940/625/uploads/2015/06/muhallebi-yemekcom.jpg,940,625,True,https://cdn.yemek.com/mncrop/620/388/uploads/2015/06/muhallebi-yemekcom.jpg,620,388,True,https://cdn.yemek.com/mncrop/600/315/uploads/2015/06/muhallebi-yemekcom.jpg,600,315,True,,,,,,
386,4172,ipeksare,https://cdn.yemek.com/author/262494/20200820091315_avatar.jpg,/profil/ipeksare/,Tane Tane Dökülür: Pirinç Pilavı,Pirinç Pilavı,/tarif/pirinc-pilavi/,20 dk,15 dk,"<p>Türlü türlü <a href=""https://yemek.com/tarif/"" target=""_blank"">yemek tariflerini</a> tamamlayan, <a href=""https://yemek.com/tarif/kuru-fasulye/"" target=""_blank"">kuru fasulye</a>-turşu ikilisine komşu olan, bir dönem yoğurtla takılan, <a href=""https://yemek.com/tarif/anne-koftesi/"" target=""_blank"">köfte patates</a> sevdalısı pilav... Kaşıktan tel tel dökülen pilav... Aromatik sebze ve kuru baharatlarla ev yapımı tavuk suyunuzu kendiniz hazırlayın bir güzel, ortalama pirinç çeşitlerine göre bir ölçü pirince bir buçuk ölçü su kullanacağınızı düşünün.</p>
<p>Yanma derecesini yükseltmek için tereyağını az miktarda ayçiçek yağıyla kavurun. Az miktarda arpa ya da tel şehriyeyi kavurup berrak su çıkana kadar duruladığınız pirinçleri pilav tenceresine alın. Şeffaf bir renk alana kavurup sıcak tavuk suyunu ekleyin. Tuzla tatlandırın, taze sıkılmış limon suyu, kesme şeker gibi unsurları küçük püf noktaları olarak değerlendirin pilav tarifinde. ""Pilavın tane tane olması için ne yapılır?"" diye soruyorsanız da size nefis önerilerimiz var: <a href=""https://yemek.com/pilav-nasil-yapilir/"" target=""_blank"">Tane Tane Dökülen Ev Yapımı Pilavlar İçin Demini Almış 5 Öneri</a></p>
<p>Pilavı yiyip de hemen kaçmayın, yorum bırakmayı unutmayın, yaptığınız bir değişiklik varsa bizlerle de paylaşın. Şimdiden ellerinize sağlık diyor tane tane dökülen pirinç pilavı tarifimize buyurun.</p>
<p>Farklı pilav tarifleri içinse sizi <a href=""https://yemek.com/tarif/pilav/"" target=""_blank"">şöyle</a> alalım. <img src=""https://cdn.yemek.com/assets/images/smiley/smile.png"" class=""wp-smiley img-responsive"" /></p>
",recipe,"['pirinç', 'tereyağı', 'sıcak su', 'tuz', 'karabiber']","['Uygun bir pilav tenceresinin içerisine tereyağı ekleyin.', 'Tereyağı eridikten sonra pirinçleri ekleyip kavurmaya başlayın. Pirinçler tane tane dökülmeye başlayana kadar yaklaşık 5 dakika kavurun.', 'Sıcak suyu ekleyin, tuzu ve karabiberi de ilave edin.', 'Bir kez karıştırın, kapağını kapatın ve kısık ateşte pişirin.', 'Suyunu çeken pilavın üzerine bir bez koyun ve demlenmesi için dinlendirin.', 'Biraz et ya da tavuk ile servis edebilirsiniz. Afiyet olsun!']",PİLAV,239b56,/tarif/pilav/,"['Pilav', 'Video']","['ekonomik', 'akşam yemeği', 'öğle yemeği']","['Öğle Yemeği', 'Akşam Yemeği']",['Tencere'],['Ekonomik'],False,1200,900,2020-09-02T06:35:37Z,4.0,1783014,2538,False,True,True,0,,0,,,,2020/09/pirinc-pilavi-yemekcom.jpg,0,0,https://cdn.yemek.com/mnresize/940/940/uploads/2020/09/pirinc-pilavi-yemekcom.jpg,940,940,False,https://cdn.yemek.com/mncrop/300/200/uploads/2020/09/pirinc-pilavi-yemekcom.jpg,300,200,True,https://cdn.yemek.com/mncrop/940/625/uploads/2020/09/pirinc-pilavi-yemekcom.jpg,940,625,True,https://cdn.yemek.com/mncrop/620/388/uploads/2020/09/pirinc-pilavi-yemekcom.jpg,620,388,True,https://cdn.yemek.com/mncrop/600/315/uploads/2020/09/pirinc-pilavi-yemekcom.jpg,600,315,True,['tencere'],,,,,
387,313,Yasemin Özaltın,https://cdn.yemek.com/author/35533/20181219061403_avatar.jpg,/profil/yasemingursurer/,Yağ Çekmeden Pişer: Mücver,Mücver,/tarif/mucver/,15 dk,15 dk,"<p>Türk mutfağının, mutfağımıza ait tüm <a href=""https://yemek.com/tarif/"" target=""_blank"" rel=""noopener"">yemek tariflerinin</a> uzağında ama çok sevilen kuzeni ya da teyzesidir mücver tarifi. Her öğün göremezsin, her akşam yemezsin, yiyemezsin. Ancak her gördüğünde mutlu olursun; daha çok görmek istersin. Özeldir, yeri ayrıdır. Herkes güzelini yapamaz.</p>
<p>Arzu ettiğiniz yeşillik, patates, havuç hatta kereviz gibi <a href=""https://yemek.com/tarif/sebze/"" target=""_blank"" rel=""noopener"">sebze</a>leri de ekleyerek hazırlayabileceğiniz bir <a href=""https://yemek.com/tarif/atistirmaliklar/"" target=""_blank"" rel=""noopener"">atıştırmalık</a>, kolay mücver tarifimiz var. Ne güzel olur <strong>kabak mücveri</strong>, küçük püf noktaları vardır onun. Çok fazla yağ çekmemesi için yağı önceden kızdırmalı, rendelenmiş sebzelerin suyunu sıkmalı, sebzelerin taze olmasına dikkat etmeli örneğin.</p>
<p>Anne eli değmiş mücver, bu tarifte biraz daha renk kazanıyor. Yeşillik ve kabakların yanına havuç da katılıyor. Ana yemeğiniz ne olursa olsun bugün sofranızda <strong>kızarmış çıtır mücverler</strong> de yer alsın bizce.</p>
<p>Daha fazla mücver çeşidi görmek isteyenleri ise şöyle alabiliriz: <a href=""https://yemek.com/mucver-tarifleri/"" target=""_blank"" rel=""noopener"">Mücver Tarifleri</a></p>
<p>Kızartmalardan uzak duruyorsanız sizi fırında kabak mücveri tarifimize şuradan davet edelim: <a href=""https://yemek.com/tarif/firinda-mucver/"" target=""_blank"" rel=""noopener"">Fırında Mücver Tarifi, Nasıl Yapılır?</a></p>
<p>Videolu tarifimize aşağıya bırakıyoruz. Keyfini çıkarmanız dileğiyle!</p>",recipe,"['tuz', 'yumurta', 'un', 'karabiber', 'havuç', 'taze soğan', 'kabak', 'dereotu', 'sıvı yağ']","['<p>Mücver için bol suda yıkadığınız kabakları rendenin\xa0iri kısmıyla rendeleyin.\xa0Mücveri sulandırmaması için; rendelenmiş kabakların suyunu sıkarak çıkartın.</p>', '<p>Geniş bir kapta rendelenen kabakları, havucu, yumurtayı, taze soğanı, dereotunu, tuzu, karabiberi birleştirin.</p>', '<p>Unu da ilave edip tüm malzemeler birbiriyle harmanlayın.</p>', '<p>Tüm malzemeler macun kıvamını alana kadar spatula yardımıyla karıştırın.</p>', '<p>Her bir mücver 1 tepeleme yemek kaşığı olacak şekilde ayarlayıp tavaya dökün.</p>', '<p>Kızgın yağda altın sarısı rengini alana kadar kızartın. Mücverlerin fazla yağını havlu kağıda süzdürdükten sonra servis tabağına alın ve çırpılmış yoğurt ile servis edin. Afiyet olsun!</p>']",SEBZE,239b56,/tarif/sebze/,"['Sebze', 'Özel Beslenme', 'Vejetaryen', 'Video', 'Kızartma', 'Mevsiminde']",,['Çay Saati'],['Kızartma'],"['Ekonomik', 'Vejetaryen']",False,900,900,2021-11-09T03:30:59Z,4.0,1738171,11618,False,True,True,0,,0,,,,2014/07/mucver-ytk-site.jpg,0,0,https://cdn.yemek.com/mnresize/940/940/uploads/2014/07/mucver-ytk-site.jpg,940,940,False,https://cdn.yemek.com/mncrop/300/200/uploads/2014/07/mucver-ytk-site.jpg,300,200,True,https://cdn.yemek.com/mncrop/940/625/uploads/2014/07/mucver-ytk-site.jpg,940,625,True,https://cdn.yemek.com/mncrop/620/388/uploads/2014/07/mucver-ytk-site.jpg,620,388,True,https://cdn.yemek.com/mncrop/600/315/uploads/2014/07/mucver-ytk-site.jpg,600,315,True,,,"['Haziran', 'Temmuz', 'Ağustos']",,,
388,272,Neşe Ümit Tan,https://cdn.yemek.com/author/208653/20190910030615_avatar.jpg,/profil/neseumit/,Tam Kıvamında: Sütlaç,Sütlaç,/tarif/sutlac/,31 dk,5 dk,"<p><a href=""https://yemek.com/tarif/"" target=""_blank"">Yemek tariflerinin</a> en tatlı, en sevilen ismi, <a href=""https://yemek.com/tarif/sutlu-tatlilar/"" target=""_blank"">sütlü tatlılar</a>ın en besleyicisi, pirincin en güzel halidir sütlaç tarifi. Tencerede kıvam aldıktan sonra ısıya dayanıklı toprak kaplara paylaştırılıp fırında kızaran hali <a href=""https://yemek.com/tarif/firin-sutlac/"" target=""_blank"">fırın sütlaç</a> ismini alır. Çocukluk yıllarından aşina olduğumuz besleyici bir tatlıdır. <a href=""https://yemek.com/"" target=""_blank"">Tarifler</a> içinde özellikle sütlü tatlıların ve <a href=""https://yemek.com/tarif/tatli/"" target=""_blank"">tatlı tariflerinin</a> en şahanesidir!</p>
<p>Ev yapımı sütlacı tam kıvamında ve tam ölçülü yapmak için birkaç püf noktasına ihtiyacınız var. Klasik sütlaçtan vazgeçemeyenlerin evde nefis <a href=""https://yemek.com/tarif/firin-sutlac/"" target=""_blank"">fırın sütlaçlar</a> yapmasını sağlayacak olan ve en güzel sütlaç tarifine ulaşmanızı sağlayacak bu tarifi bir köşeye not edin deriz. <a href=""https://yemek.com/tarif/sutlu-tatlilar/"" target=""_blank"">Sütlü tatlıların</a> en güzeli, <a href=""https://yemek.com/ramazan-tatlilari/"" target=""_blank"">ramazan için tatlılardan</a> <strong>en hafif sütlaç tarifi</strong> karşınızda!</p>
",recipe,"['pirinç', 'sıcak su', 'toz şeker', 'süt', 'su', 'buğday nişastası']","['Sadece bir kez sudan geçirerek yıkadığınız\xa0pirinci tencereye alın ve\xa02 su bardağı sıcak suyu ekleyerek kısık ateşte pişirmeye başlayın. Bu sırada ara ara nazikçe karıştırın.', 'Pirinç, suyu çekip lapa hale gelince üzerine sütü ilave edin. Karıştırın ve\xa0süt kaynayana kadar ara ara karıştırmaya devam edin. Kaynadıktan sonra altını kısın, 8-10 dakika daha bu şekilde karıştırarak kısık ateşte pişirin.', 'Ardından şekeri ekleyin, karıştırın. Tekrar kaynamasını bekleyin ve 4-5 dakika daha da kısık ateşte bu şekilde kaynatın.', 'Nişastayı eklemek için bir kabın içerisine alın, 1 çay bardağı suyla karıştırın.', 'Aynı anda hem karıştırıp hem tencereye ekleyin. Azar azar dökerek eklerseniz topaklanma riskini de engellemiş olursunuz.\xa0Karıştırdıktan sonra hafifçe kıvam alana kadar pişirin. Bu sırada tekrar kaynayacak ve minik minik balonların yüzeye ulaştığını göreceksiniz, bunu gördükten sonra kısık ateşe alıp 1-2 dakika daha pişirin ve ardından ocaktan alın.', 'Bu noktada sütlacın kıvamı akışkan bir boza kıvamında olmalıdır.\xa0Sütlaç harcını bir kepçeyle kaselere dağıtın.', 'Oda sıcaklığında soğuduktan\xa0sonra buzdolabında en az 2 saat, tercihen 1 akşam kadar bekletin ve servis etmeden önce buzdolabından çıkarıp 5 dakika bekletin, tarçın serperek servis edin.', 'Afiyet olsun!']",SÜTLÜ TATLI,239b56,/tarif/sutlu-tatlilar/,"['Tatlı', 'Ramazan', 'Sütlü Tatlı', 'Video']",['çay saati'],['Çay Saati'],['Tencere'],,False,1860,300,2022-03-11T07:15:20Z,4.0,1693684,4171,False,True,True,0,,0,,,,2019/05/sutlac-guncelleme-sunum-1.jpg,0,0,https://cdn.yemek.com/mnresize/940/940/uploads/2019/05/sutlac-guncelleme-sunum-1.jpg,940,940,False,https://cdn.yemek.com/mncrop/300/200/uploads/2019/05/sutlac-guncelleme-sunum-1.jpg,300,200,True,https://cdn.yemek.com/mncrop/940/625/uploads/2019/05/sutlac-guncelleme-sunum-1.jpg,940,625,True,https://cdn.yemek.com/mncrop/620/388/uploads/2019/05/sutlac-guncelleme-sunum-1.jpg,620,388,True,https://cdn.yemek.com/mncrop/600/315/uploads/2019/05/sutlac-guncelleme-sunum-1.jpg,600,315,True,,,,,,
389,125,Yasemin Özaltın,https://cdn.yemek.com/author/35533/20181219061403_avatar.jpg,/profil/yasemingursurer/,Basit Malzemelerle: Kolay Tiramisu,Kolay Tiramisu,/tarif/kolay-tiramisu/,15 dk,15 dk,"<p>""Tiramisu hangi ülkeye ait?"" diyenlere hemen cevap vererek başlayalım. İtalyan asıllı bir <a href=""https://yemek.com/tarif/tatli/"" target=""_blank"">tatlı</a> olan <a href=""https://yemek.com/tarif/tiramisu/"" target=""_blank"">tiramisu</a>, ülkemizde son yıllarda popüler olmasıyla tanınır. Mutluluk ve enerji veren bir tatlı olduğu için de İtalyanlar bu tatlıya 'Beni yukarı çek, beni yukarı kaldır' anlamına gelen tiramisu ismini vermiştir. Bu hali de onun oldukça pratikleşmiş hali. Hazır kekle yapılan bu kolay tiramisu tarifi üstelik 30 dakikada hazır.</p>
<p>""Tiramisu nasıl yapılır?"" diyenler için tiramisu <a href=""https://yemek.com/tarif/kek/"" target=""_blank"">kek</a>inin labneli tiramisu kremasıyla nasıl buluştuğunu adım adım resimli bir şekilde anlatıyor, nefis süslemesiyle en güzel ve en pratik ev yapımı tiramisunun yapılışını tüm detaylarıyla anlatıyoruz!</p>
<p>İşte iştah açıcı görüntüsü ve lezzetiyle kolay tiramisu tarifi! En kısa zamanda onu çayınızın, kahvenizin yanına konuk edin deriz. Hem zamandan kazandıran hem de konuklarınıza nefis bir ikramda bulunmak istediğinizde de kurtarıcılarınızdan biri olacak nefis tarifimize davetlisiniz. Mevsimine göre de kolay tiramisularınızın üzerini dilediğiniz meyve ile süsleyebilirsiniz. Şimdiden ellerinize sağlık diyoruz.</p>
<p>Bu arada ""Ben kedi dili ile yapılan orijinal tiramisu <a href=""https://yemek.com/tarif/"" target=""_blank"">tarif</a>ini de merak ediyorum"" derseniz onun tarifini de hemen şöyle bırakıyoruz: <a href=""https://yemek.com/tarif/kedi-dilli-tiramisu/"" target=""_blank"">Kedidilli tiramisu tarifi, nasıl yapılır?</a></p>
",recipe,"['sıcak su', 'toz şeker', 'toz şeker', 'süt', 'un', 'yumurta sarısı', 'kakao', 'hazır kek', 'granül kahve', 'labne peyniri']","['Tiramisunun kremasını hazırlamak için; 2 su bardağı süt, 5 yemek kaşığı toz şeker, 3 yemek kaşığı un ve 1 adet\xa0 yumurta sarısını tencereye alın.', 'Sürekli karıştırarak orta ateşte muhallebi kıvamına gelene kadar pişirin. Piştikten sonra kremayı soğumaya bırakın.', 'Kek tabanını ıslatmak için; bir kasede 1 su bardağı sıcak suya, 1 yemek kaşığı granül kahve ve 1 tatlı kaşığı toz şekerini eriyene kadar karıştırın.', 'Pişirip soğumaya bıraktığınız kremaya 200 gram labne peynirini ekleyin ve bir mikser yardımıyla pürüzsüz bir kıvam alana kadar çırpın.', 'Servis tabağına ya da bir borcama pasta tabanının bir katını yerleştirin.', 'Kahveli karışımın yarısıyla keki ıslatın.', 'Üzerine hazırladığınız kremanın yarısını yayın.', 'Pastanın diğer katını da üzerine koyun ve\xa0 kahveli karışımla ıslatın. Kalan krema ile pastanın üzerini tamamen kaplayın.', 'Son olarak üzerine kakao serpiştirin.', 'Çilek dilimleriyle süsleyip buzdolabında 1- 2 saat beklettikten sonra dilimleyerek servis edin.\xa0Afiyet olsun!']",TATLI,239b56,/tarif/tatli/,"['Tatlı', 'Video', 'Dünya Mutfakları']","['ekonomik', 'ara öğün', 'çay saati']",['Çay Saati'],['Tencere'],['Vejetaryen'],False,900,900,2022-03-31T14:48:27Z,4.0,1687627,4451,False,True,True,0,,0,,,,2014/06/kolay-tiramisu-yemekcom.jpg,0,0,https://cdn.yemek.com/mnresize/940/940/uploads/2014/06/kolay-tiramisu-yemekcom.jpg,940,940,False,https://cdn.yemek.com/mncrop/300/200/uploads/2014/06/kolay-tiramisu-yemekcom.jpg,300,200,True,https://cdn.yemek.com/mncrop/940/625/uploads/2014/06/kolay-tiramisu-yemekcom.jpg,940,625,True,https://cdn.yemek.com/mncrop/620/388/uploads/2014/06/kolay-tiramisu-yemekcom.jpg,620,388,True,https://cdn.yemek.com/mncrop/600/315/uploads/2014/06/kolay-tiramisu-yemekcom.jpg,600,315,True,,,,['İtalya'],,
390,127,Gökçen Mutaf,https://cdn.yemek.com/author/23120/20181227103819_avatar.jpeg,/profil/gokcenmutaf/,Ağızda Dağılan Mükemmel Kıvamıyla: Elmalı Kurabiye,Elmalı Kurabiye,/tarif/elmali-kurabiye/,25 dk,20 dk,"<p><a href=""https://yemek.com/kurabiye-tarifleri-puf-noktalari/"" target=""_blank"">Kurabiye tariflerinin</a> en güzellerinden biri olan en güzel elmalı kurabiye karşınızda! Ağızda dağılan kıvamıyla, <a href=""https://yemek.com/pratik-kurabiye-tarifleri/"" target=""_blank"">pratik kurabiyelerden</a> oluşuyla kalplerinizi çalmaya gelecek bu kıyır kıyır <a href=""https://yemek.com/elmali-kurabiye-tarifleri/"" target=""_blank"">elmalı kurabiye tarifi</a> şekilleriyle, malzemeleriyle, hamuruyla tam ölçülü <a href=""https://yemek.com/tarif/kolay-elmali-kurabiye/"" target=""_blank"">elmalı kurabiye</a> yapmak isteyenlerin yardımına koşacak.</p>
<p><strong>Elmalı kurabiyenin gevrek olmas</strong>ı için yapılması gerekenlerden, nasıl saklanacağına kadar elmalı kurabiye yapmanın tüm püf noktalarını da bulabileceğiniz bu en güzel denenmiş elmalı kurabiye <a href=""https://yemek.com/tarif/"" target=""_blank"">tarifi</a> için çay suyunun altını koyalım hafiften. Elmalı <a href=""https://yemek.com/tarif/kurabiye/"" target=""_blank"">kurabiyeler</a> bizi bekler. Ağızda dağılan, tarçınlı <strong>elmalı kurabiye tarifi</strong>miz için mutfağa davetlisiniz. Afiyetler olsun şimdiden.</p>
",recipe,"['limon suyu', 'toz şeker', 'toz şeker', 'un', 'yoğurt', 'tarçın', 'karbonat', 'tereyağı (oda ısısında bekletilmiş)', 'dövülmüş ceviz içi', 'sıvı yağ', 'kırmızı elma']","['Elmalı kurabiye tarifini hazırlamak için\xa0 rendelenmiş elmaları tavaya alın. Üzerine toz şekeri ilave edin. Karamelize olana dek pişirin.', 'Piştikten sonra üzerine yarım su bardağı kadar dövülmüş ceviz ve tarçın ekleyin, karıştırın.', 'Hamurunu hazırlamak için derin bir kaseye oda sıcaklığında yumuşamış tereyağı, sıvı yağ, yoğurt, toz şeker, limon suyu ve karbonatı ekleyin. Güzelce yoğurun ve ardından unu da azar azar ekleyerek, ele yapışmayan fakat yumuşak olan bir hamur elde edin.', 'Hamuru tezgahın üzerinde toparlayın.', 'Tezgaha hafifçe un serperek açın. Yuvarlak şekiller çıkarıp elmalı harcı ortasına koyun ve iki yandan katlayın.', 'Pişirme kağıdı serdiğiniz fırın tepsisine kurabiyeleri dizin ve önceden ısıtılmış 180 derece fırında üzeri kızarana kadar, yaklaşık 20-25 dakika pişirin.', 'Oda sıcaklığına geldikten sonra üzerine pudra şekeri serpiştirin. Kurabiyeleriniz artık servise hazır! Afiyet olsun..', 'Afiyet olsun..']",TATLI KURABİYE,239b56,/tarif/tatli-kurabiyeler/,"['Kurabiye', 'Video', 'Tatlı Kurabiye']",['çay saati'],['Çay Saati'],['Fırın'],,False,1500,1200,2022-03-11T07:30:23Z,4.0,1597377,7917,False,True,True,0,,0,,,,2022/03/elmali-kurabiye-tarifi-yemekcom.jpg,0,0,https://cdn.yemek.com/mnresize/940/940/uploads/2022/03/elmali-kurabiye-tarifi-yemekcom.jpg,940,940,False,https://cdn.yemek.com/mncrop/300/200/uploads/2022/03/elmali-kurabiye-tarifi-yemekcom.jpg,300,200,True,https://cdn.yemek.com/mncrop/940/625/uploads/2022/03/elmali-kurabiye-tarifi-yemekcom.jpg,940,625,True,https://cdn.yemek.com/mncrop/620/388/uploads/2022/03/elmali-kurabiye-tarifi-yemekcom.jpg,620,388,True,https://cdn.yemek.com/mncrop/600/315/uploads/2022/03/elmali-kurabiye-tarifi-yemekcom.jpg,600,315,True,,,,,,
391,3424,Ege Şahin,https://cdn.yemek.com/author/464113/20220221123420_avatar.jpg,/profil/egesahin/,Kıyır Kıyır: Üç Malzemeli Un Kurabiyesi,Üç Malzemeli Un Kurabiyesi,/tarif/uc-malzemeli-un-kurabiyesi/,15 dk,10 dk,"<p>Eşe dosta <a href=""https://yemek.com/tarif/un-kurabiyesi/"" target=""_blank"">un kurabiyesi</a> tarifi soranlar, telefonda un kurabiyesi nasıl yapılır diye dert yananlar, neredeyse rüyasında un kurabiyesi görenler... Hoş geldiniz, doğru yerdesiniz.</p>
<p>Günün en tatlı saatleri akşam üzeri olmuş, belki de tatlısıyla tuzlusuyla uzun uzadıya keyfi çıkacak bir <a href=""https://yemek.com/tarif/kahvaltiliklar/"" target=""_blank"">kahvaltı</a> sofrası hazırlıyorsunuz. Ya da akşam yemeği sonrası çay keyfinizi taçlandıracak tatlı bir hamur işi aradığınız. Öyleyse sadece 10 dakikada hazırlanan üç malzemeli un kurabiyesi <a href=""https://yemek.com/tarif/"" target=""_blank"">tarif</a>ine alalım sizi. Bu kurabiyeler bir şahane.</p>
<p>Sıvı yağ, pudra şekeri ve un ilavesiyle hazırlanan bu <a href=""https://yemek.com/tarif/tatli-kurabiyeler/"" target=""_blank"">tatlı kurabiye</a>ler, kaşıkla şekil alıp önceden ısıtılmış 175 derece fırında 15 dakika gibi kısa bir sürede pişiyor. Demleyin çayı, kurulun en sevdiğiniz koltuğa. Kurabiyeleriniz olmak üzere, afiyet olsun.</p>
",recipe,"['un', 'pudra şekeri', 'pudra şekeri', 'sıvı yağ']","['Sıvı yağ ve pudra şekerini derin bir kaba alın, karıştırın.', 'Ardından unu aşamalı olarak ekleyin.\xa0Hamuru toparlamak için iyice yoğurun. Hamurdan parçalar koparıp silindir şeklini verin.', 'Verev şekilde kesin.', 'Yağlı kağıt serilmiş fırın tepsisine aralıklı olarak yerleştirin.', 'Üzerlerini çatal ile çizin. Önceden ısıtılmış 175 derece fırında 15 dakika pişirin.', 'Arzuya göre üzerine pudra şekeri serperek servis edin. Afiyet olsun!']",TATLI KURABİYE,239b56,/tarif/tatli-kurabiyeler/,"['Kurabiye', 'Tatlı Kurabiye']",['çay saati'],['Çay Saati'],['Fırın'],['Ekonomik'],False,900,600,2022-12-28T11:10:00Z,4.0,1569331,4413,False,False,True,0,,0,,,,2015/09/uc-malzemeli-un-kurabiyesi-yemekcom.jpg,0,0,https://cdn.yemek.com/mnresize/940/940/uploads/2015/09/uc-malzemeli-un-kurabiyesi-yemekcom.jpg,940,940,False,https://cdn.yemek.com/mncrop/300/200/uploads/2015/09/uc-malzemeli-un-kurabiyesi-yemekcom.jpg,300,200,True,https://cdn.yemek.com/mncrop/940/625/uploads/2015/09/uc-malzemeli-un-kurabiyesi-yemekcom.jpg,940,625,True,https://cdn.yemek.com/mncrop/620/388/uploads/2015/09/uc-malzemeli-un-kurabiyesi-yemekcom.jpg,620,388,True,https://cdn.yemek.com/mncrop/600/315/uploads/2015/09/uc-malzemeli-un-kurabiyesi-yemekcom.jpg,600,315,True,,,,,,
392,4487,Gökçen Mutaf,https://cdn.yemek.com/author/23120/20181227103819_avatar.jpeg,/profil/gokcenmutaf/,Brownie'yi Andıran: Islak Kurabiye,Islak Kurabiye,/tarif/islak-kurabiye/,25 dk,15 dk,"<p>Kakaolu kurabiyenin şerbetle buluşmasından hazırlanan ıslak kurabiye, kakaolu tatlıları sevenlere göre. <strong>Sıcak kurabiyelerin ıslatılması kakao tadını yoğunlaştırıyor </strong>ve <a href=""https://yemek.com/tarif/kurabiye/"" target=""_blank"" rel=""noopener"">kurabiyeye</a> ağızda dağılan bir kıvam veriyor. Islak kurabiye tarifini çay saatleri için keyifle hazırlayabilir, bu esmer kurabiyeleri yanında bir fincan kahve eşliğinde tatlı bir atıştırmalık olarak da tüketebilirsiniz.</p>
<p><a href=""https://yemek.com/tarif/brownie/"" target=""_blank"" rel=""noopener"">Brownie</a>'yi andıran bu lezzetli <a href=""https://yemek.com/tarif/browni-kurabiye/"" target=""_blank"" rel=""noopener"">browni tadında kurabiye</a>leri kısa sürede hazırlayabilir, yorumlarınızı bizlerle paylaşabilirsiniz.</p>",recipe,"['yumurta', 'toz şeker', 'un', 'kabartma tozu', 'su', 'rendelenmiş Hindistan cevizi', 'kakao', 'pudra şekeri', 'tereyağı (oda sıcaklığında bekletilmiş)', 'vanilin', 'sıvı yağ']","['<div>\n<div>\n<div dir=""ltr"">\n<div>\n<div>Islak kurabiye için derince bir karıştırma kabına oda ısısındaki tereyağını, sıvı yağı, yumurtayı, pudra şekerini, kakaoyu, vanilin ve kabartma tozunu alın.</div>\n</div>\n</div>\n</div>\n</div>', '<p>Tüm malzemeleri özleşene\xa0kadar\xa0karıştırın.</p>', '<div>\n<div>\n<div dir=""ltr"">\n<div>\n<div>Ardından unu yavaş yavaş ekleyerek, ele yapışmayan bir hamur elde edin.</div>\n</div>\n</div>\n</div>\n</div>', '<div>\n<div>\n<div dir=""ltr"">\n<div>\n<div>Hazırladığınız hamurdan ceviz büyüklüğünde parçalar koparın.</div>\n</div>\n</div>\n</div>\n</div>', '<p>Avucunuzda yuvarlayın ve parmağınızla ortasına hafifçe bastırdıktan sonra, yağlı kağıt serilmiş bir fırın tepsisine dizin.\xa0Önceden ısıtılmış 180 derece fırında yaklaşık 20 dakika kadar pişirin.</p>', '<div>\n<div>\n<div dir=""ltr"">\n<div>\n<div>Kurabiyeleriniz fırındayken şerbeti için gerekli olan şeker ve suyu homojen karışana kadar kaynattıktan sonra bir kaseye alın ve soğutun.</div>\n</div>\n</div>\n</div>\n</div>', '<div>\n<div>\n<div dir=""ltr"">\n<div>\n<div>Kurabiyeler fırından çıkınca 2 dakika kadar bekletin ve ardından teker teker hazırladığınız şerbete atın, arkalı önlü çevirin ve bir servis tabağına dizin.</div>\n</div>\n</div>\n</div>\n</div>', '<div>\n<div>\n<div dir=""ltr"">\n<div>\n<div>Tüm kurabiyeleri bu şekilde şerbete batırdıktan sonra kalan şerbeti de üstlerine gezdirin ve tüm şerbeti çekene dek bekletin.</div>\n</div>\n</div>\n</div>\n</div>', '<div>\n<div>\n<div dir=""ltr"">\n<div>\n<div>Kurabiyeler şerbeti çektikten sonra üstlerini Hindistan cevizi ile süsleyin ve servis edin. Afiyet olsun.</div>\n</div>\n</div>\n</div>\n</div>']",TATLI KURABİYE,239b56,/tarif/tatli-kurabiyeler/,"['Kurabiye', 'Tatlı Kurabiye']",,['Çay Saati'],['Fırın'],['Ekonomik'],False,1500,900,2022-03-16T06:08:50Z,4.0,1542043,9538,False,False,True,0,,0,,,,2016/01/islak-kurabiye-tarifi-son.jpg,0,0,https://cdn.yemek.com/mnresize/940/940/uploads/2016/01/islak-kurabiye-tarifi-son.jpg,940,940,False,https://cdn.yemek.com/mncrop/300/200/uploads/2016/01/islak-kurabiye-tarifi-son.jpg,300,200,True,https://cdn.yemek.com/mncrop/940/625/uploads/2016/01/islak-kurabiye-tarifi-son.jpg,940,625,True,https://cdn.yemek.com/mncrop/620/388/uploads/2016/01/islak-kurabiye-tarifi-son.jpg,620,388,True,https://cdn.yemek.com/mncrop/600/315/uploads/2016/01/islak-kurabiye-tarifi-son.jpg,600,315,True,,,,,,
393,134,Yasemin Özaltın,https://cdn.yemek.com/author/35533/20181219061403_avatar.jpg,/profil/yasemingursurer/,Tüm Püf Noktalarıyla: Mercimek Köftesi,Mercimek Köftesi,/tarif/mercimek-koftesi/,20 dk,30 dk,"<p>Altın günlerinin vazgeçilmez lezzeti, bekarların ve öğrenci evlerinin gözdesi mercimekli köfte pratik olmasının yanı sıra besleyici ve lezzetli bir <a href=""https://yemek.com/tarif/"" target=""_blank"" rel=""noopener"">tarif</a>. <strong>Tam ölçülü, tam kıvamında mercimek köftesi</strong> nasıl yapılır diye merak edenlerden en güzel mercimek köftesi tarifini henüz bulamamış olanlara tüm püf noktalarıyla pratik tariflerin gözdesi mercimek köftesi karşınızda!</p>
<p>Mercimek köftesi sunumunu, mercimek köftesinin yanına ne gider ya da <strong>mercimek köftesi cıvık olursa</strong> ne yapılmalı sorularının cevabını artık başka yerde aramanız gerek yok. Çünkü en güzelini annenin yaptığı mercimek köftesi için mutfağa girerek biraz da biz hünerlerimizi göstereceğiz bugün. Güzel annelerimize selamlar yollayacağız bu tarifle.</p>
<p>Mercimek köftesi videomuzu aşağıya bırakıyoruz, afiyetler olsun şimdiden! <img class=""wp-smiley img-responsive"" src=""https://cdn.yemek.com/assets/images/smiley/smile.png""></p>
<p>Mercimek köftesini sevenler bunları da sevdi: <a href=""https://yemek.com/tarif/kisir"" target=""_blank"" rel=""noopener"">Kısır Tarifi</a></p>
<p>Klasik mercimekli köfte tariflerinden sıkılanlar, çıtır çıtır dokusuyla <a href=""https://yemek.com/tarif/firinda-mercimek-kofte/"" target=""_blank"" rel=""noopener"">fırında mercimekli köfte</a> tarifiyle misafirlerinizi şaşırtıyor.</p>",recipe,"['kırmızı mercimek', 'kuru soğan', 'biber salçası', 'sıcak su', 'tuz', 'pul biber', 'maydanoz', 'zeytinyağı', 'karabiber', 'domates salçası', 'ince bulgur', 'taze soğan', 'kimyon']","['<p>Mercimek köftesi için bol suda yıkadığınız kırmızı mercimeği sıcak suda kaynatın.</p>', '<p>Suyunu çekmeye yakın ince bulguru ekleyin, mercimeği ocaktan alın.</p>', '<p>Üzerine ince bulguru ekleyin.</p>', '<p>Kapağını kapattığınız tencerede ince bulguru şişmesi için mercimekle birlikte 15 dakika kadar bekletin.</p>', '<p>Zeytinyağını bir tavada kızdırın.</p>', '<p>Kuru soğanları küçük küpler halinde doğrayın ve tavaya aktarın.</p>', '<p>Doğradığınız soğanları 5 dakika kadar kavurun.</p>', '<p>Sırasıyla; biber salçası, domates salçası, tuz, pul biber ve kimyonu ekleyin.</p>', '<p>Soğanlı karışımı 3-4 dakika kadar kavurun.</p>', '<p>Şişen bulgurlu ve mercimekli harca salçalı, soğanlı harcı ekleyin.</p>', '<p>Taze soğanları ve maydanozu ince ince kıyın.\xa0 Doğranmış yeşillikleri ilave edin.</p>', '<p>Malzemeleri yoğurmaya başlayın.</p>', '<p>Tüm malzemeyi özleşene kadar yoğurun.</p>', '<p>Hazırladığınız harçtan ceviz büyüklüğünde parçalar alın ve avuç içinizde sıkarak şekil verin.</p>', '<p>Servis tabağına aldığınız mercimek köftelerini arzu ettiğiniz yeşilliklerle servis edin. Sevdiklerinizle paylaşın.</p>']",MEZE,239b56,/tarif/mezeler/,"['Özel Beslenme', 'Vejetaryen', 'Atıştırmalık', 'Meze', 'Vegan', 'Video', 'Tuzlu Atıştırmalık', 'Bakliyat']",,"['Öğle Yemeği', 'Çay Saati']","['Tencere', 'Tava']","['Vejetaryen', 'Bol Proteinli']",False,1200,1800,2022-03-10T11:30:12Z,4.0,1537793,11735,False,True,True,0,,0,,,,2014/06/mercimek-koftesi-yeni-ytk.jpg,0,0,https://cdn.yemek.com/mnresize/940/940/uploads/2014/06/mercimek-koftesi-yeni-ytk.jpg,940,940,False,https://cdn.yemek.com/mncrop/300/200/uploads/2014/06/mercimek-koftesi-yeni-ytk.jpg,300,200,True,https://cdn.yemek.com/mncrop/940/625/uploads/2014/06/mercimek-koftesi-yeni-ytk.jpg,940,625,True,https://cdn.yemek.com/mncrop/620/388/uploads/2014/06/mercimek-koftesi-yeni-ytk.jpg,620,388,True,https://cdn.yemek.com/mncrop/600/315/uploads/2014/06/mercimek-koftesi-yeni-ytk.jpg,600,315,True,,,,,,
394,13732,ipeksare,https://cdn.yemek.com/author/262494/20200820091315_avatar.jpg,/profil/ipeksare/,Bol Malzemeli: Ev Usulü Pizza,Ev Usulü Pizza,/tarif/ev-usulu-pizza/,30 dk,30 dk,"<p>Hafif kabarmış bir hamuru ve bol bol malzemesiyle <a href=""https://yemek.com/tarif/pizza/"" target=""_blank"">pizzaların</a> en güzellerinden biridir ev usulü pizza.</p>
<p>Dışarıda bayılarak yediğimiz pizzaları aslında evinizde de çok kolay bir şekilde yapabilirsiniz. Eğer siz de ""<strong>Evde pizza nasıl yapılır?</strong>"" diyorsanız fırında pişen, bu kolay ve pratik karışık pizza tarifini çok sevecek, her fırsatta yapmak isteyeceksiniz.</p>
<p>Lezzetine doyum olmaz bu pizza tarifinin sırrı hamurunda saklı. Bu şekilde ağzınıza attığınızda yumuşacık dokusuyla sizi çok mutlu edecek, bol bol malzemesiyle de damaklarınızı şenlendirecek bir tarife dönüşüyor. ""<strong>Pizza hamuru nasıl yapılır?</strong>"" diye soranlara da adım adım resimli anlatımıyla tam kıvamında bir <a href=""https://yemek.com/tarif/pizza-hamuru/"" target=""_blank"">pizza hamuru</a> tarifi hazırladık, püf noktalarını da <a href=""https://yemek.com/pizza-hamuru-yapmanin-puf-noktalari/"" target=""_blank"">şurada</a> anlattık. Mutlaka göz atın deriz.</p>
<p>Ev yapımı pizza tarifinin adım adım resimli tarifi karşınızda!</p>
",recipe,"['tuz', 'toz şeker', 'un', 'sarımsak', 'zeytinyağı', 'zeytinyağı', 'fesleğen', 'rendelenmiş kaşar peyniri', 'kekik', 'ılık su', 'konserve mısır', 'kuru maya', 'sucuk', 'domates sos', 'biber', 'zeytin', 'rendelenmiş mozarella peyniri']","['Bir kabın içerisine kuru mayayı dökün ve üzerine ılık su ve şekeri ekleyerek güzelce karıştırın.', 'Daha sonra mayalı karışıma zeytinyağını ve tuzu ekleyip tahta kaşıkla karıştırın.', 'Unu azar azar ekleyin.', 'Hamur kıvama gelince elinizle yoğurmaya başlayın ve ele yapışmayan, yumuşak bir hamur haline gelene kadar yoğurmaya devam edin.', 'Hamur istediğiniz yumuşaklığa ulaşınca, kabın üzerini bir streç film ile kaplayıp en az 30 dakika hamurunuzu dinlendirin.', 'Dinlenen hamurunuzu un serptiğiniz tezgaha alıp, katlayarak havasını çıkarın.\xa0Hamuru toparlayıp, 2 ya da 3 parçaya ayırın. İnce hamurlu ve orta boy pizza yapmak istiyorsanız hamurunuzu 3’e bölün. Daha büyük ve kalın hamurlu 2 pizza yapmak istiyorsanız, ikiye bölebilirsiniz.', 'Kestiğiniz parçayı beze haline getirip un serptiğiniz tezgahın üzerinde merdane yardımıyla açın.', 'Dilediğiniz inceliğe ulaştığınızda pişirme kağıdı serdiğiniz tepsinin üzerine alın. Bir çatal yardımıyla pizza hamurunun üzerinde delikler açın ve önceden ısıtılmış 200 derece fırında 10 dakika pişirin.', 'Pizza sosunu, domates sosuna, fesleğen, kekik, sarımsak ve zeytinyağı ekleyerek hazırlayabilirsiniz.', '10 dakika sonra hafif pişen hamuru fırından çıkarıp, hazırladığınız domates sosundan üzerine sürün.', 'Pizza sosunun üzerine bolca rendelenmiş kaşar ya da mozarella peyniri yerleştirdikten sonra üzerine dileğiniz malzemeleri ekleyin. Malzemeleri yerleştirdikten sonra en üste tekrar rendelenmiş kaşar ekleyin.', 'Tekrar fırına koyun ve 20 dakika daha pişirin. Peynirler güzelce eriyip tüm malzemeler piştiğinde pizzanızı fırından çıkarabilirsiniz.', 'Pizza kesiciyle dilimleyip tüketebilirsiniz.', 'Afiyet olsun!']",PİZZA,239b56,/tarif/pizza/,"['Hamur İşi', 'Pizza']","['akşam yemeği', 'kahvaltı', 'öğle yemeği']","['Öğle Yemeği', 'Akşam Yemeği']",['Fırın'],,False,1800,1800,2022-03-11T10:00:52Z,4.0,1518606,6252,False,True,True,0,,0,,,,2022/03/ev-usulu-pizza-yemekcom.jpg,0,0,https://cdn.yemek.com/mnresize/940/940/uploads/2022/03/ev-usulu-pizza-yemekcom.jpg,940,940,False,https://cdn.yemek.com/mncrop/300/200/uploads/2022/03/ev-usulu-pizza-yemekcom.jpg,300,200,True,https://cdn.yemek.com/mncrop/940/625/uploads/2022/03/ev-usulu-pizza-yemekcom.jpg,940,625,True,https://cdn.yemek.com/mncrop/620/388/uploads/2022/03/ev-usulu-pizza-yemekcom.jpg,620,388,True,https://cdn.yemek.com/mncrop/600/315/uploads/2022/03/ev-usulu-pizza-yemekcom.jpg,600,315,True,['fırın'],,,,,
395,180,Yasemin Özaltın,https://cdn.yemek.com/author/35533/20181219061403_avatar.jpg,/profil/yasemingursurer/,20 Dakikada Buzlukta: Mozaik Pasta,Mozaik Pasta,/tarif/mozaik-pasta/,20 dk,20 dk,"<p>Biz çocukken mutfaktaki hummalı çalışmanın sonucu annelerimizin lezzetli ellerinden tüm ömrümüz boyunca unutamayacağımız kadar lezzetli <a href=""https://yemek.com/tarif/tatli/"" target=""_blank"">tatlılar</a>, <a href=""https://yemek.com/tarif/pasta-tatli/"" target=""_blank"">pastalar</a> çıkardı. Bu pasta hiç şüphesiz mozaik pastanın ta kendisiydi! Bu kolay mozaik pasta, küçük büyük herkesin bayılarak yediği lezzeti her daim garantili olan oldukça kolay ve pratik bir <a href=""https://yemek.com/tarif/"" target=""_blank"">tarif</a>. Hadi gelin bisküvili mozaik pastanın sırlarını bir bir anlatalım size. Anılarımıza doğru tatlı bir yolculuğa çıkaran, <strong>petibör bisküvili</strong> mozaik pasta tarifiyle karşınızdayız!</p>
<p>Bisküvi, tereyağı, toz şeker ve kakaonun bir araya gelip yaptığı en lezzetli pasta tariflerinden biri o. Biz bu kez farklı malzemeler ekleyerek <strong>klasik mozaik pasta</strong> tarifinin tadına da tat kattık. Bu üçgen mozaik pastanın yapımı o kadar kolay, pratik ve bir o kadar lezzetli ki...</p>
<p>Hadi o zaman! Buyursunlar en güzel mozaik pasta tarifine ve yapılış adımlarını gösteren mozaik pasta videomuza. <img src=""https://cdn.yemek.com/assets/images/smiley/smile.png"" class=""wp-smiley img-responsive"" /></p>
",recipe,"['süt', 'kakao', 'pudra şekeri', 'tereyağ', 'Hindistan cevizi', 'petibör bisküvi']","['Tereyağını eritin.', 'Pudra şekerini karıştırma kabına aktarın.\xa0Pudra şekerinin üzerine erittiğiniz tereyağını ve sütü dökün.\xa0Kakaoyu da ilave edin.', 'Malzemeleri çırpın.', 'Üzerine bisküvileri kırın.', 'Bisküvileri de koyduktan sonra tüm malzemeleri spatula yardımıyla nazikçe karıştırın.', 'Servis edeceğiniz kalıbın içini streç film ile kaplayın.', 'Tüm harcı ekleyin ve üzerini kapatın.', 'Buzdolabının dondurucu bölümünde 4 saat bekletin. Hindistan cevizi serpin. Dilimleyerek soğuk olarak servis edin.', 'Afiyet olsun!']",PASTA,239b56,/tarif/pasta-tatli/,"['Tatlı', 'Pasta', 'Video']","['ara öğün', 'çay saati']",['Çay Saati'],['Tencere'],['Ekonomik'],False,1200,1200,2022-03-18T14:40:39Z,4.0,1512620,8912,False,True,True,0,,0,,,,2022/03/mozaik-pasta-tarifi-yemekcom.jpg,0,0,https://cdn.yemek.com/mnresize/940/940/uploads/2022/03/mozaik-pasta-tarifi-yemekcom.jpg,940,940,False,https://cdn.yemek.com/mncrop/300/200/uploads/2022/03/mozaik-pasta-tarifi-yemekcom.jpg,300,200,True,https://cdn.yemek.com/mncrop/940/625/uploads/2022/03/mozaik-pasta-tarifi-yemekcom.jpg,940,625,True,https://cdn.yemek.com/mncrop/620/388/uploads/2022/03/mozaik-pasta-tarifi-yemekcom.jpg,620,388,True,https://cdn.yemek.com/mncrop/600/315/uploads/2022/03/mozaik-pasta-tarifi-yemekcom.jpg,600,315,True,,,,,,
396,2744,Cemre Özgüzel,https://cdn.yemek.com/author/109/20200211010242_avatar.jpg,/profil/cemre-ozguzel/,Az Malzemeyle Mükemmel Kıvam: Muhallebi,Muhallebi,/tarif/muhallebi/,15 dk,5 dk,"<p>Çocukluğumuzdan beri damağımızın alışık olduğu bir <a href=""https://yemek.com/tarif/tatli/"" target=""_blank"">tatlı tarifi</a> muhallebi. <strong>Pirinç unuyla hazırlanan muhallebi tarifler</strong>i olsa da kıvamı nişastayla bağlandığında bir o kadar güzel olur tadı. Öylesine yalın ve naif bir tattır ki kuru yemişler, çikolata ve çeşitli meyve sosları eşliğinde farklı tariflere bürünür.</p>
<p>Yaz sıcağına yakışır muhallebi tatlısı, keyfi kaşıklanır. Üzerine toz tarçınla yapabileceğiniz süslemelerle de saygı uyandırır. Başarıyla uygulanmış bir sütlü muhallebi tarifini tamamlayıcı nitelikte olan bu süslemeler ise tamamen sizin yaratıcılığınıza kalmış. <a href=""https://yemek.com/tarif/sutlu-tatlilar/"" target=""_blank"">Sütlü tatlıların </a>en kolay ve ekonomiği olan <strong>muhallebi tarifi</strong>mizle keyif dolu dakikalar yaşayabilirsiniz.</p>
<p>Biz sade muhallebi hazırladık ama diğer muhallebi çeşitleri için sizi şu tariflerimize de bekleriz: <a href=""https://yemek.com/muhallebi-tarifleri/"" target=""_blank"">Sıcak Yaz Günlerinde Midenizi Yormayarak Sizi Mutlu Edecek 17 Muhallebi Tarifi</a></p>
<p>En güzel muhallebinin sizin elinizden çıkmasını sağlayacak olan bu tarifi ister bardakta, ister kupta, ister fincanda servis edebilirsiniz. Hazırsanız pratik ve <a href=""https://yemek.com/tarif/kolay-muhallebi/"" target=""_blank"">kolay muhallebi</a> tarifimizle başbaşa bırakalım sizi.</p>
",recipe,"['tereyağı', 'toz şeker', 'süt', 'un', 'toz Antep fıstığı', 'buğday nişastası', 'muz', 'vanilin']","['5\xa0su bardağı soğuk sütü geniş bir tencereye aktarın.\xa0Yarım çay bardağı un, 3 yemek kaşığı buğday nişastası ve 1 su bardağı toz şekeri ilave ettikten sonra ocağın altını açın.', 'Ara ara karıştırarak koyu bir kıvam alana kadar pişirin.', 'Kıvam alan muhallebinin altını kapatın.', 'Henüz sıcakken içerisine\xa01 tatlı kaşığı tereyağı ve 1 paket vanilin ilave ederek çırpın.', 'Ardından servis kaselerine paylaştırın ve soğutun.', 'Antep fıstığıyla süsleyip tatlandırdığınız muhallebileri soğuk olarak sevdiklerinizle paylaşın.']",SÜTLÜ TATLI,239b56,/tarif/sutlu-tatlilar/,"['Tatlı', 'Ramazan', 'Sütlü Tatlı', 'Video']","['pratik yemek tarifleri', 'çay saati']",['Çay Saati'],['Tencere'],['Ekonomik'],False,900,300,2019-04-04T08:57:18Z,4.0,1868226,4584,False,True,True,0,,0,,,,2015/06/muhallebi-yemekcom.jpg,0,0,https://cdn.yemek.com/mnresize/940/940/uploads/2015/06/muhallebi-yemekcom.jpg,940,940,False,https://cdn.yemek.com/mncrop/300/200/uploads/2015/06/muhallebi-yemekcom.jpg,300,200,True,https://cdn.yemek.com/mncrop/940/625/uploads/2015/06/muhallebi-yemekcom.jpg,940,625,True,https://cdn.yemek.com/mncrop/620/388/uploads/2015/06/muhallebi-yemekcom.jpg,620,388,True,https://cdn.yemek.com/mncrop/600/315/uploads/2015/06/muhallebi-yemekcom.jpg,600,315,True,,,,,,
397,4172,ipeksare,https://cdn.yemek.com/author/262494/20200820091315_avatar.jpg,/profil/ipeksare/,Tane Tane Dökülür: Pirinç Pilavı,Pirinç Pilavı,/tarif/pirinc-pilavi/,20 dk,15 dk,"<p>Türlü türlü <a href=""https://yemek.com/tarif/"" target=""_blank"">yemek tariflerini</a> tamamlayan, <a href=""https://yemek.com/tarif/kuru-fasulye/"" target=""_blank"">kuru fasulye</a>-turşu ikilisine komşu olan, bir dönem yoğurtla takılan, <a href=""https://yemek.com/tarif/anne-koftesi/"" target=""_blank"">köfte patates</a> sevdalısı pilav... Kaşıktan tel tel dökülen pilav... Aromatik sebze ve kuru baharatlarla ev yapımı tavuk suyunuzu kendiniz hazırlayın bir güzel, ortalama pirinç çeşitlerine göre bir ölçü pirince bir buçuk ölçü su kullanacağınızı düşünün.</p>
<p>Yanma derecesini yükseltmek için tereyağını az miktarda ayçiçek yağıyla kavurun. Az miktarda arpa ya da tel şehriyeyi kavurup berrak su çıkana kadar duruladığınız pirinçleri pilav tenceresine alın. Şeffaf bir renk alana kavurup sıcak tavuk suyunu ekleyin. Tuzla tatlandırın, taze sıkılmış limon suyu, kesme şeker gibi unsurları küçük püf noktaları olarak değerlendirin pilav tarifinde. ""Pilavın tane tane olması için ne yapılır?"" diye soruyorsanız da size nefis önerilerimiz var: <a href=""https://yemek.com/pilav-nasil-yapilir/"" target=""_blank"">Tane Tane Dökülen Ev Yapımı Pilavlar İçin Demini Almış 5 Öneri</a></p>
<p>Pilavı yiyip de hemen kaçmayın, yorum bırakmayı unutmayın, yaptığınız bir değişiklik varsa bizlerle de paylaşın. Şimdiden ellerinize sağlık diyor tane tane dökülen pirinç pilavı tarifimize buyurun.</p>
<p>Farklı pilav tarifleri içinse sizi <a href=""https://yemek.com/tarif/pilav/"" target=""_blank"">şöyle</a> alalım. <img src=""https://cdn.yemek.com/assets/images/smiley/smile.png"" class=""wp-smiley img-responsive"" /></p>
",recipe,"['pirinç', 'tereyağı', 'sıcak su', 'tuz', 'karabiber']","['Uygun bir pilav tenceresinin içerisine tereyağı ekleyin.', 'Tereyağı eridikten sonra pirinçleri ekleyip kavurmaya başlayın. Pirinçler tane tane dökülmeye başlayana kadar yaklaşık 5 dakika kavurun.', 'Sıcak suyu ekleyin, tuzu ve karabiberi de ilave edin.', 'Bir kez karıştırın, kapağını kapatın ve kısık ateşte pişirin.', 'Suyunu çeken pilavın üzerine bir bez koyun ve demlenmesi için dinlendirin.', 'Biraz et ya da tavuk ile servis edebilirsiniz. Afiyet olsun!']",PİLAV,239b56,/tarif/pilav/,"['Pilav', 'Video']","['ekonomik', 'akşam yemeği', 'öğle yemeği']","['Öğle Yemeği', 'Akşam Yemeği']",['Tencere'],['Ekonomik'],False,1200,900,2020-09-02T06:35:37Z,4.0,1783014,2538,False,True,True,0,,0,,,,2020/09/pirinc-pilavi-yemekcom.jpg,0,0,https://cdn.yemek.com/mnresize/940/940/uploads/2020/09/pirinc-pilavi-yemekcom.jpg,940,940,False,https://cdn.yemek.com/mncrop/300/200/uploads/2020/09/pirinc-pilavi-yemekcom.jpg,300,200,True,https://cdn.yemek.com/mncrop/940/625/uploads/2020/09/pirinc-pilavi-yemekcom.jpg,940,625,True,https://cdn.yemek.com/mncrop/620/388/uploads/2020/09/pirinc-pilavi-yemekcom.jpg,620,388,True,https://cdn.yemek.com/mncrop/600/315/uploads/2020/09/pirinc-pilavi-yemekcom.jpg,600,315,True,['tencere'],,,,,
398,313,Yasemin Özaltın,https://cdn.yemek.com/author/35533/20181219061403_avatar.jpg,/profil/yasemingursurer/,Yağ Çekmeden Pişer: Mücver,Mücver,/tarif/mucver/,15 dk,15 dk,"<p>Türk mutfağının, mutfağımıza ait tüm <a href=""https://yemek.com/tarif/"" target=""_blank"" rel=""noopener"">yemek tariflerinin</a> uzağında ama çok sevilen kuzeni ya da teyzesidir mücver tarifi. Her öğün göremezsin, her akşam yemezsin, yiyemezsin. Ancak her gördüğünde mutlu olursun; daha çok görmek istersin. Özeldir, yeri ayrıdır. Herkes güzelini yapamaz.</p>
<p>Arzu ettiğiniz yeşillik, patates, havuç hatta kereviz gibi <a href=""https://yemek.com/tarif/sebze/"" target=""_blank"" rel=""noopener"">sebze</a>leri de ekleyerek hazırlayabileceğiniz bir <a href=""https://yemek.com/tarif/atistirmaliklar/"" target=""_blank"" rel=""noopener"">atıştırmalık</a>, kolay mücver tarifimiz var. Ne güzel olur <strong>kabak mücveri</strong>, küçük püf noktaları vardır onun. Çok fazla yağ çekmemesi için yağı önceden kızdırmalı, rendelenmiş sebzelerin suyunu sıkmalı, sebzelerin taze olmasına dikkat etmeli örneğin.</p>
<p>Anne eli değmiş mücver, bu tarifte biraz daha renk kazanıyor. Yeşillik ve kabakların yanına havuç da katılıyor. Ana yemeğiniz ne olursa olsun bugün sofranızda <strong>kızarmış çıtır mücverler</strong> de yer alsın bizce.</p>
<p>Daha fazla mücver çeşidi görmek isteyenleri ise şöyle alabiliriz: <a href=""https://yemek.com/mucver-tarifleri/"" target=""_blank"" rel=""noopener"">Mücver Tarifleri</a></p>
<p>Kızartmalardan uzak duruyorsanız sizi fırında kabak mücveri tarifimize şuradan davet edelim: <a href=""https://yemek.com/tarif/firinda-mucver/"" target=""_blank"" rel=""noopener"">Fırında Mücver Tarifi, Nasıl Yapılır?</a></p>
<p>Videolu tarifimize aşağıya bırakıyoruz. Keyfini çıkarmanız dileğiyle!</p>",recipe,"['tuz', 'yumurta', 'un', 'karabiber', 'havuç', 'taze soğan', 'kabak', 'dereotu', 'sıvı yağ']","['<p>Mücver için bol suda yıkadığınız kabakları rendenin\xa0iri kısmıyla rendeleyin.\xa0Mücveri sulandırmaması için; rendelenmiş kabakların suyunu sıkarak çıkartın.</p>', '<p>Geniş bir kapta rendelenen kabakları, havucu, yumurtayı, taze soğanı, dereotunu, tuzu, karabiberi birleştirin.</p>', '<p>Unu da ilave edip tüm malzemeler birbiriyle harmanlayın.</p>', '<p>Tüm malzemeler macun kıvamını alana kadar spatula yardımıyla karıştırın.</p>', '<p>Her bir mücver 1 tepeleme yemek kaşığı olacak şekilde ayarlayıp tavaya dökün.</p>', '<p>Kızgın yağda altın sarısı rengini alana kadar kızartın. Mücverlerin fazla yağını havlu kağıda süzdürdükten sonra servis tabağına alın ve çırpılmış yoğurt ile servis edin. Afiyet olsun!</p>']",SEBZE,239b56,/tarif/sebze/,"['Sebze', 'Özel Beslenme', 'Vejetaryen', 'Video', 'Kızartma', 'Mevsiminde']",,['Çay Saati'],['Kızartma'],"['Ekonomik', 'Vejetaryen']",False,900,900,2021-11-09T03:30:59Z,4.0,1738171,11618,False,True,True,0,,0,,,,2014/07/mucver-ytk-site.jpg,0,0,https://cdn.yemek.com/mnresize/940/940/uploads/2014/07/mucver-ytk-site.jpg,940,940,False,https://cdn.yemek.com/mncrop/300/200/uploads/2014/07/mucver-ytk-site.jpg,300,200,True,https://cdn.yemek.com/mncrop/940/625/uploads/2014/07/mucver-ytk-site.jpg,940,625,True,https://cdn.yemek.com/mncrop/620/388/uploads/2014/07/mucver-ytk-site.jpg,620,388,True,https://cdn.yemek.com/mncrop/600/315/uploads/2014/07/mucver-ytk-site.jpg,600,315,True,,,"['Haziran', 'Temmuz', 'Ağustos']",,,
399,272,Neşe Ümit Tan,https://cdn.yemek.com/author/208653/20190910030615_avatar.jpg,/profil/neseumit/,Tam Kıvamında: Sütlaç,Sütlaç,/tarif/sutlac/,31 dk,5 dk,"<p><a href=""https://yemek.com/tarif/"" target=""_blank"">Yemek tariflerinin</a> en tatlı, en sevilen ismi, <a href=""https://yemek.com/tarif/sutlu-tatlilar/"" target=""_blank"">sütlü tatlılar</a>ın en besleyicisi, pirincin en güzel halidir sütlaç tarifi. Tencerede kıvam aldıktan sonra ısıya dayanıklı toprak kaplara paylaştırılıp fırında kızaran hali <a href=""https://yemek.com/tarif/firin-sutlac/"" target=""_blank"">fırın sütlaç</a> ismini alır. Çocukluk yıllarından aşina olduğumuz besleyici bir tatlıdır. <a href=""https://yemek.com/"" target=""_blank"">Tarifler</a> içinde özellikle sütlü tatlıların ve <a href=""https://yemek.com/tarif/tatli/"" target=""_blank"">tatlı tariflerinin</a> en şahanesidir!</p>
<p>Ev yapımı sütlacı tam kıvamında ve tam ölçülü yapmak için birkaç püf noktasına ihtiyacınız var. Klasik sütlaçtan vazgeçemeyenlerin evde nefis <a href=""https://yemek.com/tarif/firin-sutlac/"" target=""_blank"">fırın sütlaçlar</a> yapmasını sağlayacak olan ve en güzel sütlaç tarifine ulaşmanızı sağlayacak bu tarifi bir köşeye not edin deriz. <a href=""https://yemek.com/tarif/sutlu-tatlilar/"" target=""_blank"">Sütlü tatlıların</a> en güzeli, <a href=""https://yemek.com/ramazan-tatlilari/"" target=""_blank"">ramazan için tatlılardan</a> <strong>en hafif sütlaç tarifi</strong> karşınızda!</p>
",recipe,"['pirinç', 'sıcak su', 'toz şeker', 'süt', 'su', 'buğday nişastası']","['Sadece bir kez sudan geçirerek yıkadığınız\xa0pirinci tencereye alın ve\xa02 su bardağı sıcak suyu ekleyerek kısık ateşte pişirmeye başlayın. Bu sırada ara ara nazikçe karıştırın.', 'Pirinç, suyu çekip lapa hale gelince üzerine sütü ilave edin. Karıştırın ve\xa0süt kaynayana kadar ara ara karıştırmaya devam edin. Kaynadıktan sonra altını kısın, 8-10 dakika daha bu şekilde karıştırarak kısık ateşte pişirin.', 'Ardından şekeri ekleyin, karıştırın. Tekrar kaynamasını bekleyin ve 4-5 dakika daha da kısık ateşte bu şekilde kaynatın.', 'Nişastayı eklemek için bir kabın içerisine alın, 1 çay bardağı suyla karıştırın.', 'Aynı anda hem karıştırıp hem tencereye ekleyin. Azar azar dökerek eklerseniz topaklanma riskini de engellemiş olursunuz.\xa0Karıştırdıktan sonra hafifçe kıvam alana kadar pişirin. Bu sırada tekrar kaynayacak ve minik minik balonların yüzeye ulaştığını göreceksiniz, bunu gördükten sonra kısık ateşe alıp 1-2 dakika daha pişirin ve ardından ocaktan alın.', 'Bu noktada sütlacın kıvamı akışkan bir boza kıvamında olmalıdır.\xa0Sütlaç harcını bir kepçeyle kaselere dağıtın.', 'Oda sıcaklığında soğuduktan\xa0sonra buzdolabında en az 2 saat, tercihen 1 akşam kadar bekletin ve servis etmeden önce buzdolabından çıkarıp 5 dakika bekletin, tarçın serperek servis edin.', 'Afiyet olsun!']",SÜTLÜ TATLI,239b56,/tarif/sutlu-tatlilar/,"['Tatlı', 'Ramazan', 'Sütlü Tatlı', 'Video']",['çay saati'],['Çay Saati'],['Tencere'],,False,1860,300,2022-03-11T07:15:20Z,4.0,1693684,4171,False,True,True,0,,0,,,,2019/05/sutlac-guncelleme-sunum-1.jpg,0,0,https://cdn.yemek.com/mnresize/940/940/uploads/2019/05/sutlac-guncelleme-sunum-1.jpg,940,940,False,https://cdn.yemek.com/mncrop/300/200/uploads/2019/05/sutlac-guncelleme-sunum-1.jpg,300,200,True,https://cdn.yemek.com/mncrop/940/625/uploads/2019/05/sutlac-guncelleme-sunum-1.jpg,940,625,True,https://cdn.yemek.com/mncrop/620/388/uploads/2019/05/sutlac-guncelleme-sunum-1.jpg,620,388,True,https://cdn.yemek.com/mncrop/600/315/uploads/2019/05/sutlac-guncelleme-sunum-1.jpg,600,315,True,,,,,,
400,125,Yasemin Özaltın,https://cdn.yemek.com/author/35533/20181219061403_avatar.jpg,/profil/yasemingursurer/,Basit Malzemelerle: Kolay Tiramisu,Kolay Tiramisu,/tarif/kolay-tiramisu/,15 dk,15 dk,"<p>""Tiramisu hangi ülkeye ait?"" diyenlere hemen cevap vererek başlayalım. İtalyan asıllı bir <a href=""https://yemek.com/tarif/tatli/"" target=""_blank"">tatlı</a> olan <a href=""https://yemek.com/tarif/tiramisu/"" target=""_blank"">tiramisu</a>, ülkemizde son yıllarda popüler olmasıyla tanınır. Mutluluk ve enerji veren bir tatlı olduğu için de İtalyanlar bu tatlıya 'Beni yukarı çek, beni yukarı kaldır' anlamına gelen tiramisu ismini vermiştir. Bu hali de onun oldukça pratikleşmiş hali. Hazır kekle yapılan bu kolay tiramisu tarifi üstelik 30 dakikada hazır.</p>
<p>""Tiramisu nasıl yapılır?"" diyenler için tiramisu <a href=""https://yemek.com/tarif/kek/"" target=""_blank"">kek</a>inin labneli tiramisu kremasıyla nasıl buluştuğunu adım adım resimli bir şekilde anlatıyor, nefis süslemesiyle en güzel ve en pratik ev yapımı tiramisunun yapılışını tüm detaylarıyla anlatıyoruz!</p>
<p>İşte iştah açıcı görüntüsü ve lezzetiyle kolay tiramisu tarifi! En kısa zamanda onu çayınızın, kahvenizin yanına konuk edin deriz. Hem zamandan kazandıran hem de konuklarınıza nefis bir ikramda bulunmak istediğinizde de kurtarıcılarınızdan biri olacak nefis tarifimize davetlisiniz. Mevsimine göre de kolay tiramisularınızın üzerini dilediğiniz meyve ile süsleyebilirsiniz. Şimdiden ellerinize sağlık diyoruz.</p>
<p>Bu arada ""Ben kedi dili ile yapılan orijinal tiramisu <a href=""https://yemek.com/tarif/"" target=""_blank"">tarif</a>ini de merak ediyorum"" derseniz onun tarifini de hemen şöyle bırakıyoruz: <a href=""https://yemek.com/tarif/kedi-dilli-tiramisu/"" target=""_blank"">Kedidilli tiramisu tarifi, nasıl yapılır?</a></p>
",recipe,"['sıcak su', 'toz şeker', 'toz şeker', 'süt', 'un', 'yumurta sarısı', 'kakao', 'hazır kek', 'granül kahve', 'labne peyniri']","['Tiramisunun kremasını hazırlamak için; 2 su bardağı süt, 5 yemek kaşığı toz şeker, 3 yemek kaşığı un ve 1 adet\xa0 yumurta sarısını tencereye alın.', 'Sürekli karıştırarak orta ateşte muhallebi kıvamına gelene kadar pişirin. Piştikten sonra kremayı soğumaya bırakın.', 'Kek tabanını ıslatmak için; bir kasede 1 su bardağı sıcak suya, 1 yemek kaşığı granül kahve ve 1 tatlı kaşığı toz şekerini eriyene kadar karıştırın.', 'Pişirip soğumaya bıraktığınız kremaya 200 gram labne peynirini ekleyin ve bir mikser yardımıyla pürüzsüz bir kıvam alana kadar çırpın.', 'Servis tabağına ya da bir borcama pasta tabanının bir katını yerleştirin.', 'Kahveli karışımın yarısıyla keki ıslatın.', 'Üzerine hazırladığınız kremanın yarısını yayın.', 'Pastanın diğer katını da üzerine koyun ve\xa0 kahveli karışımla ıslatın. Kalan krema ile pastanın üzerini tamamen kaplayın.', 'Son olarak üzerine kakao serpiştirin.', 'Çilek dilimleriyle süsleyip buzdolabında 1- 2 saat beklettikten sonra dilimleyerek servis edin.\xa0Afiyet olsun!']",TATLI,239b56,/tarif/tatli/,"['Tatlı', 'Video', 'Dünya Mutfakları']","['ekonomik', 'ara öğün', 'çay saati']",['Çay Saati'],['Tencere'],['Vejetaryen'],False,900,900,2022-03-31T14:48:27Z,4.0,1687627,4451,False,True,True,0,,0,,,,2014/06/kolay-tiramisu-yemekcom.jpg,0,0,https://cdn.yemek.com/mnresize/940/940/uploads/2014/06/kolay-tiramisu-yemekcom.jpg,940,940,False,https://cdn.yemek.com/mncrop/300/200/uploads/2014/06/kolay-tiramisu-yemekcom.jpg,300,200,True,https://cdn.yemek.com/mncrop/940/625/uploads/2014/06/kolay-tiramisu-yemekcom.jpg,940,625,True,https://cdn.yemek.com/mncrop/620/388/uploads/2014/06/kolay-tiramisu-yemekcom.jpg,620,388,True,https://cdn.yemek.com/mncrop/600/315/uploads/2014/06/kolay-tiramisu-yemekcom.jpg,600,315,True,,,,['İtalya'],,
401,127,Gökçen Mutaf,https://cdn.yemek.com/author/23120/20181227103819_avatar.jpeg,/profil/gokcenmutaf/,Ağızda Dağılan Mükemmel Kıvamıyla: Elmalı Kurabiye,Elmalı Kurabiye,/tarif/elmali-kurabiye/,25 dk,20 dk,"<p><a href=""https://yemek.com/kurabiye-tarifleri-puf-noktalari/"" target=""_blank"">Kurabiye tariflerinin</a> en güzellerinden biri olan en güzel elmalı kurabiye karşınızda! Ağızda dağılan kıvamıyla, <a href=""https://yemek.com/pratik-kurabiye-tarifleri/"" target=""_blank"">pratik kurabiyelerden</a> oluşuyla kalplerinizi çalmaya gelecek bu kıyır kıyır <a href=""https://yemek.com/elmali-kurabiye-tarifleri/"" target=""_blank"">elmalı kurabiye tarifi</a> şekilleriyle, malzemeleriyle, hamuruyla tam ölçülü <a href=""https://yemek.com/tarif/kolay-elmali-kurabiye/"" target=""_blank"">elmalı kurabiye</a> yapmak isteyenlerin yardımına koşacak.</p>
<p><strong>Elmalı kurabiyenin gevrek olmas</strong>ı için yapılması gerekenlerden, nasıl saklanacağına kadar elmalı kurabiye yapmanın tüm püf noktalarını da bulabileceğiniz bu en güzel denenmiş elmalı kurabiye <a href=""https://yemek.com/tarif/"" target=""_blank"">tarifi</a> için çay suyunun altını koyalım hafiften. Elmalı <a href=""https://yemek.com/tarif/kurabiye/"" target=""_blank"">kurabiyeler</a> bizi bekler. Ağızda dağılan, tarçınlı <strong>elmalı kurabiye tarifi</strong>miz için mutfağa davetlisiniz. Afiyetler olsun şimdiden.</p>
",recipe,"['limon suyu', 'toz şeker', 'toz şeker', 'un', 'yoğurt', 'tarçın', 'karbonat', 'tereyağı (oda ısısında bekletilmiş)', 'dövülmüş ceviz içi', 'sıvı yağ', 'kırmızı elma']","['Elmalı kurabiye tarifini hazırlamak için\xa0 rendelenmiş elmaları tavaya alın. Üzerine toz şekeri ilave edin. Karamelize olana dek pişirin.', 'Piştikten sonra üzerine yarım su bardağı kadar dövülmüş ceviz ve tarçın ekleyin, karıştırın.', 'Hamurunu hazırlamak için derin bir kaseye oda sıcaklığında yumuşamış tereyağı, sıvı yağ, yoğurt, toz şeker, limon suyu ve karbonatı ekleyin. Güzelce yoğurun ve ardından unu da azar azar ekleyerek, ele yapışmayan fakat yumuşak olan bir hamur elde edin.', 'Hamuru tezgahın üzerinde toparlayın.', 'Tezgaha hafifçe un serperek açın. Yuvarlak şekiller çıkarıp elmalı harcı ortasına koyun ve iki yandan katlayın.', 'Pişirme kağıdı serdiğiniz fırın tepsisine kurabiyeleri dizin ve önceden ısıtılmış 180 derece fırında üzeri kızarana kadar, yaklaşık 20-25 dakika pişirin.', 'Oda sıcaklığına geldikten sonra üzerine pudra şekeri serpiştirin. Kurabiyeleriniz artık servise hazır! Afiyet olsun..', 'Afiyet olsun..']",TATLI KURABİYE,239b56,/tarif/tatli-kurabiyeler/,"['Kurabiye', 'Video', 'Tatlı Kurabiye']",['çay saati'],['Çay Saati'],['Fırın'],,False,1500,1200,2022-03-11T07:30:23Z,4.0,1597377,7917,False,True,True,0,,0,,,,2022/03/elmali-kurabiye-tarifi-yemekcom.jpg,0,0,https://cdn.yemek.com/mnresize/940/940/uploads/2022/03/elmali-kurabiye-tarifi-yemekcom.jpg,940,940,False,https://cdn.yemek.com/mncrop/300/200/uploads/2022/03/elmali-kurabiye-tarifi-yemekcom.jpg,300,200,True,https://cdn.yemek.com/mncrop/940/625/uploads/2022/03/elmali-kurabiye-tarifi-yemekcom.jpg,940,625,True,https://cdn.yemek.com/mncrop/620/388/uploads/2022/03/elmali-kurabiye-tarifi-yemekcom.jpg,620,388,True,https://cdn.yemek.com/mncrop/600/315/uploads/2022/03/elmali-kurabiye-tarifi-yemekcom.jpg,600,315,True,,,,,,
402,3424,Ege Şahin,https://cdn.yemek.com/author/464113/20220221123420_avatar.jpg,/profil/egesahin/,Kıyır Kıyır: Üç Malzemeli Un Kurabiyesi,Üç Malzemeli Un Kurabiyesi,/tarif/uc-malzemeli-un-kurabiyesi/,15 dk,10 dk,"<p>Eşe dosta <a href=""https://yemek.com/tarif/un-kurabiyesi/"" target=""_blank"">un kurabiyesi</a> tarifi soranlar, telefonda un kurabiyesi nasıl yapılır diye dert yananlar, neredeyse rüyasında un kurabiyesi görenler... Hoş geldiniz, doğru yerdesiniz.</p>
<p>Günün en tatlı saatleri akşam üzeri olmuş, belki de tatlısıyla tuzlusuyla uzun uzadıya keyfi çıkacak bir <a href=""https://yemek.com/tarif/kahvaltiliklar/"" target=""_blank"">kahvaltı</a> sofrası hazırlıyorsunuz. Ya da akşam yemeği sonrası çay keyfinizi taçlandıracak tatlı bir hamur işi aradığınız. Öyleyse sadece 10 dakikada hazırlanan üç malzemeli un kurabiyesi <a href=""https://yemek.com/tarif/"" target=""_blank"">tarif</a>ine alalım sizi. Bu kurabiyeler bir şahane.</p>
<p>Sıvı yağ, pudra şekeri ve un ilavesiyle hazırlanan bu <a href=""https://yemek.com/tarif/tatli-kurabiyeler/"" target=""_blank"">tatlı kurabiye</a>ler, kaşıkla şekil alıp önceden ısıtılmış 175 derece fırında 15 dakika gibi kısa bir sürede pişiyor. Demleyin çayı, kurulun en sevdiğiniz koltuğa. Kurabiyeleriniz olmak üzere, afiyet olsun.</p>
",recipe,"['un', 'pudra şekeri', 'pudra şekeri', 'sıvı yağ']","['Sıvı yağ ve pudra şekerini derin bir kaba alın, karıştırın.', 'Ardından unu aşamalı olarak ekleyin.\xa0Hamuru toparlamak için iyice yoğurun. Hamurdan parçalar koparıp silindir şeklini verin.', 'Verev şekilde kesin.', 'Yağlı kağıt serilmiş fırın tepsisine aralıklı olarak yerleştirin.', 'Üzerlerini çatal ile çizin. Önceden ısıtılmış 175 derece fırında 15 dakika pişirin.', 'Arzuya göre üzerine pudra şekeri serperek servis edin. Afiyet olsun!']",TATLI KURABİYE,239b56,/tarif/tatli-kurabiyeler/,"['Kurabiye', 'Tatlı Kurabiye']",['çay saati'],['Çay Saati'],['Fırın'],['Ekonomik'],False,900,600,2022-12-28T11:10:00Z,4.0,1569331,4413,False,False,True,0,,0,,,,2015/09/uc-malzemeli-un-kurabiyesi-yemekcom.jpg,0,0,https://cdn.yemek.com/mnresize/940/940/uploads/2015/09/uc-malzemeli-un-kurabiyesi-yemekcom.jpg,940,940,False,https://cdn.yemek.com/mncrop/300/200/uploads/2015/09/uc-malzemeli-un-kurabiyesi-yemekcom.jpg,300,200,True,https://cdn.yemek.com/mncrop/940/625/uploads/2015/09/uc-malzemeli-un-kurabiyesi-yemekcom.jpg,940,625,True,https://cdn.yemek.com/mncrop/620/388/uploads/2015/09/uc-malzemeli-un-kurabiyesi-yemekcom.jpg,620,388,True,https://cdn.yemek.com/mncrop/600/315/uploads/2015/09/uc-malzemeli-un-kurabiyesi-yemekcom.jpg,600,315,True,,,,,,
403,4487,Gökçen Mutaf,https://cdn.yemek.com/author/23120/20181227103819_avatar.jpeg,/profil/gokcenmutaf/,Brownie'yi Andıran: Islak Kurabiye,Islak Kurabiye,/tarif/islak-kurabiye/,25 dk,15 dk,"<p>Kakaolu kurabiyenin şerbetle buluşmasından hazırlanan ıslak kurabiye, kakaolu tatlıları sevenlere göre. <strong>Sıcak kurabiyelerin ıslatılması kakao tadını yoğunlaştırıyor </strong>ve <a href=""https://yemek.com/tarif/kurabiye/"" target=""_blank"" rel=""noopener"">kurabiyeye</a> ağızda dağılan bir kıvam veriyor. Islak kurabiye tarifini çay saatleri için keyifle hazırlayabilir, bu esmer kurabiyeleri yanında bir fincan kahve eşliğinde tatlı bir atıştırmalık olarak da tüketebilirsiniz.</p>
<p><a href=""https://yemek.com/tarif/brownie/"" target=""_blank"" rel=""noopener"">Brownie</a>'yi andıran bu lezzetli <a href=""https://yemek.com/tarif/browni-kurabiye/"" target=""_blank"" rel=""noopener"">browni tadında kurabiye</a>leri kısa sürede hazırlayabilir, yorumlarınızı bizlerle paylaşabilirsiniz.</p>",recipe,"['yumurta', 'toz şeker', 'un', 'kabartma tozu', 'su', 'rendelenmiş Hindistan cevizi', 'kakao', 'pudra şekeri', 'tereyağı (oda sıcaklığında bekletilmiş)', 'vanilin', 'sıvı yağ']","['<div>\n<div>\n<div dir=""ltr"">\n<div>\n<div>Islak kurabiye için derince bir karıştırma kabına oda ısısındaki tereyağını, sıvı yağı, yumurtayı, pudra şekerini, kakaoyu, vanilin ve kabartma tozunu alın.</div>\n</div>\n</div>\n</div>\n</div>', '<p>Tüm malzemeleri özleşene\xa0kadar\xa0karıştırın.</p>', '<div>\n<div>\n<div dir=""ltr"">\n<div>\n<div>Ardından unu yavaş yavaş ekleyerek, ele yapışmayan bir hamur elde edin.</div>\n</div>\n</div>\n</div>\n</div>', '<div>\n<div>\n<div dir=""ltr"">\n<div>\n<div>Hazırladığınız hamurdan ceviz büyüklüğünde parçalar koparın.</div>\n</div>\n</div>\n</div>\n</div>', '<p>Avucunuzda yuvarlayın ve parmağınızla ortasına hafifçe bastırdıktan sonra, yağlı kağıt serilmiş bir fırın tepsisine dizin.\xa0Önceden ısıtılmış 180 derece fırında yaklaşık 20 dakika kadar pişirin.</p>', '<div>\n<div>\n<div dir=""ltr"">\n<div>\n<div>Kurabiyeleriniz fırındayken şerbeti için gerekli olan şeker ve suyu homojen karışana kadar kaynattıktan sonra bir kaseye alın ve soğutun.</div>\n</div>\n</div>\n</div>\n</div>', '<div>\n<div>\n<div dir=""ltr"">\n<div>\n<div>Kurabiyeler fırından çıkınca 2 dakika kadar bekletin ve ardından teker teker hazırladığınız şerbete atın, arkalı önlü çevirin ve bir servis tabağına dizin.</div>\n</div>\n</div>\n</div>\n</div>', '<div>\n<div>\n<div dir=""ltr"">\n<div>\n<div>Tüm kurabiyeleri bu şekilde şerbete batırdıktan sonra kalan şerbeti de üstlerine gezdirin ve tüm şerbeti çekene dek bekletin.</div>\n</div>\n</div>\n</div>\n</div>', '<div>\n<div>\n<div dir=""ltr"">\n<div>\n<div>Kurabiyeler şerbeti çektikten sonra üstlerini Hindistan cevizi ile süsleyin ve servis edin. Afiyet olsun.</div>\n</div>\n</div>\n</div>\n</div>']",TATLI KURABİYE,239b56,/tarif/tatli-kurabiyeler/,"['Kurabiye', 'Tatlı Kurabiye']",,['Çay Saati'],['Fırın'],['Ekonomik'],False,1500,900,2022-03-16T06:08:50Z,4.0,1542043,9538,False,False,True,0,,0,,,,2016/01/islak-kurabiye-tarifi-son.jpg,0,0,https://cdn.yemek.com/mnresize/940/940/uploads/2016/01/islak-kurabiye-tarifi-son.jpg,940,940,False,https://cdn.yemek.com/mncrop/300/200/uploads/2016/01/islak-kurabiye-tarifi-son.jpg,300,200,True,https://cdn.yemek.com/mncrop/940/625/uploads/2016/01/islak-kurabiye-tarifi-son.jpg,940,625,True,https://cdn.yemek.com/mncrop/620/388/uploads/2016/01/islak-kurabiye-tarifi-son.jpg,620,388,True,https://cdn.yemek.com/mncrop/600/315/uploads/2016/01/islak-kurabiye-tarifi-son.jpg,600,315,True,,,,,,
404,134,Yasemin Özaltın,https://cdn.yemek.com/author/35533/20181219061403_avatar.jpg,/profil/yasemingursurer/,Tüm Püf Noktalarıyla: Mercimek Köftesi,Mercimek Köftesi,/tarif/mercimek-koftesi/,20 dk,30 dk,"<p>Altın günlerinin vazgeçilmez lezzeti, bekarların ve öğrenci evlerinin gözdesi mercimekli köfte pratik olmasının yanı sıra besleyici ve lezzetli bir <a href=""https://yemek.com/tarif/"" target=""_blank"" rel=""noopener"">tarif</a>. <strong>Tam ölçülü, tam kıvamında mercimek köftesi</strong> nasıl yapılır diye merak edenlerden en güzel mercimek köftesi tarifini henüz bulamamış olanlara tüm püf noktalarıyla pratik tariflerin gözdesi mercimek köftesi karşınızda!</p>
<p>Mercimek köftesi sunumunu, mercimek köftesinin yanına ne gider ya da <strong>mercimek köftesi cıvık olursa</strong> ne yapılmalı sorularının cevabını artık başka yerde aramanız gerek yok. Çünkü en güzelini annenin yaptığı mercimek köftesi için mutfağa girerek biraz da biz hünerlerimizi göstereceğiz bugün. Güzel annelerimize selamlar yollayacağız bu tarifle.</p>
<p>Mercimek köftesi videomuzu aşağıya bırakıyoruz, afiyetler olsun şimdiden! <img class=""wp-smiley img-responsive"" src=""https://cdn.yemek.com/assets/images/smiley/smile.png""></p>
<p>Mercimek köftesini sevenler bunları da sevdi: <a href=""https://yemek.com/tarif/kisir"" target=""_blank"" rel=""noopener"">Kısır Tarifi</a></p>
<p>Klasik mercimekli köfte tariflerinden sıkılanlar, çıtır çıtır dokusuyla <a href=""https://yemek.com/tarif/firinda-mercimek-kofte/"" target=""_blank"" rel=""noopener"">fırında mercimekli köfte</a> tarifiyle misafirlerinizi şaşırtıyor.</p>",recipe,"['kırmızı mercimek', 'kuru soğan', 'biber salçası', 'sıcak su', 'tuz', 'pul biber', 'maydanoz', 'zeytinyağı', 'karabiber', 'domates salçası', 'ince bulgur', 'taze soğan', 'kimyon']","['<p>Mercimek köftesi için bol suda yıkadığınız kırmızı mercimeği sıcak suda kaynatın.</p>', '<p>Suyunu çekmeye yakın ince bulguru ekleyin, mercimeği ocaktan alın.</p>', '<p>Üzerine ince bulguru ekleyin.</p>', '<p>Kapağını kapattığınız tencerede ince bulguru şişmesi için mercimekle birlikte 15 dakika kadar bekletin.</p>', '<p>Zeytinyağını bir tavada kızdırın.</p>', '<p>Kuru soğanları küçük küpler halinde doğrayın ve tavaya aktarın.</p>', '<p>Doğradığınız soğanları 5 dakika kadar kavurun.</p>', '<p>Sırasıyla; biber salçası, domates salçası, tuz, pul biber ve kimyonu ekleyin.</p>', '<p>Soğanlı karışımı 3-4 dakika kadar kavurun.</p>', '<p>Şişen bulgurlu ve mercimekli harca salçalı, soğanlı harcı ekleyin.</p>', '<p>Taze soğanları ve maydanozu ince ince kıyın.\xa0 Doğranmış yeşillikleri ilave edin.</p>', '<p>Malzemeleri yoğurmaya başlayın.</p>', '<p>Tüm malzemeyi özleşene kadar yoğurun.</p>', '<p>Hazırladığınız harçtan ceviz büyüklüğünde parçalar alın ve avuç içinizde sıkarak şekil verin.</p>', '<p>Servis tabağına aldığınız mercimek köftelerini arzu ettiğiniz yeşilliklerle servis edin. Sevdiklerinizle paylaşın.</p>']",MEZE,239b56,/tarif/mezeler/,"['Özel Beslenme', 'Vejetaryen', 'Atıştırmalık', 'Meze', 'Vegan', 'Video', 'Tuzlu Atıştırmalık', 'Bakliyat']",,"['Öğle Yemeği', 'Çay Saati']","['Tencere', 'Tava']","['Vejetaryen', 'Bol Proteinli']",False,1200,1800,2022-03-10T11:30:12Z,4.0,1537793,11735,False,True,True,0,,0,,,,2014/06/mercimek-koftesi-yeni-ytk.jpg,0,0,https://cdn.yemek.com/mnresize/940/940/uploads/2014/06/mercimek-koftesi-yeni-ytk.jpg,940,940,False,https://cdn.yemek.com/mncrop/300/200/uploads/2014/06/mercimek-koftesi-yeni-ytk.jpg,300,200,True,https://cdn.yemek.com/mncrop/940/625/uploads/2014/06/mercimek-koftesi-yeni-ytk.jpg,940,625,True,https://cdn.yemek.com/mncrop/620/388/uploads/2014/06/mercimek-koftesi-yeni-ytk.jpg,620,388,True,https://cdn.yemek.com/mncrop/600/315/uploads/2014/06/mercimek-koftesi-yeni-ytk.jpg,600,315,True,,,,,,
405,13732,ipeksare,https://cdn.yemek.com/author/262494/20200820091315_avatar.jpg,/profil/ipeksare/,Bol Malzemeli: Ev Usulü Pizza,Ev Usulü Pizza,/tarif/ev-usulu-pizza/,30 dk,30 dk,"<p>Hafif kabarmış bir hamuru ve bol bol malzemesiyle <a href=""https://yemek.com/tarif/pizza/"" target=""_blank"">pizzaların</a> en güzellerinden biridir ev usulü pizza.</p>
<p>Dışarıda bayılarak yediğimiz pizzaları aslında evinizde de çok kolay bir şekilde yapabilirsiniz. Eğer siz de ""<strong>Evde pizza nasıl yapılır?</strong>"" diyorsanız fırında pişen, bu kolay ve pratik karışık pizza tarifini çok sevecek, her fırsatta yapmak isteyeceksiniz.</p>
<p>Lezzetine doyum olmaz bu pizza tarifinin sırrı hamurunda saklı. Bu şekilde ağzınıza attığınızda yumuşacık dokusuyla sizi çok mutlu edecek, bol bol malzemesiyle de damaklarınızı şenlendirecek bir tarife dönüşüyor. ""<strong>Pizza hamuru nasıl yapılır?</strong>"" diye soranlara da adım adım resimli anlatımıyla tam kıvamında bir <a href=""https://yemek.com/tarif/pizza-hamuru/"" target=""_blank"">pizza hamuru</a> tarifi hazırladık, püf noktalarını da <a href=""https://yemek.com/pizza-hamuru-yapmanin-puf-noktalari/"" target=""_blank"">şurada</a> anlattık. Mutlaka göz atın deriz.</p>
<p>Ev yapımı pizza tarifinin adım adım resimli tarifi karşınızda!</p>
",recipe,"['tuz', 'toz şeker', 'un', 'sarımsak', 'zeytinyağı', 'zeytinyağı', 'fesleğen', 'rendelenmiş kaşar peyniri', 'kekik', 'ılık su', 'konserve mısır', 'kuru maya', 'sucuk', 'domates sos', 'biber', 'zeytin', 'rendelenmiş mozarella peyniri']","['Bir kabın içerisine kuru mayayı dökün ve üzerine ılık su ve şekeri ekleyerek güzelce karıştırın.', 'Daha sonra mayalı karışıma zeytinyağını ve tuzu ekleyip tahta kaşıkla karıştırın.', 'Unu azar azar ekleyin.', 'Hamur kıvama gelince elinizle yoğurmaya başlayın ve ele yapışmayan, yumuşak bir hamur haline gelene kadar yoğurmaya devam edin.', 'Hamur istediğiniz yumuşaklığa ulaşınca, kabın üzerini bir streç film ile kaplayıp en az 30 dakika hamurunuzu dinlendirin.', 'Dinlenen hamurunuzu un serptiğiniz tezgaha alıp, katlayarak havasını çıkarın.\xa0Hamuru toparlayıp, 2 ya da 3 parçaya ayırın. İnce hamurlu ve orta boy pizza yapmak istiyorsanız hamurunuzu 3’e bölün. Daha büyük ve kalın hamurlu 2 pizza yapmak istiyorsanız, ikiye bölebilirsiniz.', 'Kestiğiniz parçayı beze haline getirip un serptiğiniz tezgahın üzerinde merdane yardımıyla açın.', 'Dilediğiniz inceliğe ulaştığınızda pişirme kağıdı serdiğiniz tepsinin üzerine alın. Bir çatal yardımıyla pizza hamurunun üzerinde delikler açın ve önceden ısıtılmış 200 derece fırında 10 dakika pişirin.', 'Pizza sosunu, domates sosuna, fesleğen, kekik, sarımsak ve zeytinyağı ekleyerek hazırlayabilirsiniz.', '10 dakika sonra hafif pişen hamuru fırından çıkarıp, hazırladığınız domates sosundan üzerine sürün.', 'Pizza sosunun üzerine bolca rendelenmiş kaşar ya da mozarella peyniri yerleştirdikten sonra üzerine dileğiniz malzemeleri ekleyin. Malzemeleri yerleştirdikten sonra en üste tekrar rendelenmiş kaşar ekleyin.', 'Tekrar fırına koyun ve 20 dakika daha pişirin. Peynirler güzelce eriyip tüm malzemeler piştiğinde pizzanızı fırından çıkarabilirsiniz.', 'Pizza kesiciyle dilimleyip tüketebilirsiniz.', 'Afiyet olsun!']",PİZZA,239b56,/tarif/pizza/,"['Hamur İşi', 'Pizza']","['akşam yemeği', 'kahvaltı', 'öğle yemeği']","['Öğle Yemeği', 'Akşam Yemeği']",['Fırın'],,False,1800,1800,2022-03-11T10:00:52Z,4.0,1518606,6252,False,True,True,0,,0,,,,2022/03/ev-usulu-pizza-yemekcom.jpg,0,0,https://cdn.yemek.com/mnresize/940/940/uploads/2022/03/ev-usulu-pizza-yemekcom.jpg,940,940,False,https://cdn.yemek.com/mncrop/300/200/uploads/2022/03/ev-usulu-pizza-yemekcom.jpg,300,200,True,https://cdn.yemek.com/mncrop/940/625/uploads/2022/03/ev-usulu-pizza-yemekcom.jpg,940,625,True,https://cdn.yemek.com/mncrop/620/388/uploads/2022/03/ev-usulu-pizza-yemekcom.jpg,620,388,True,https://cdn.yemek.com/mncrop/600/315/uploads/2022/03/ev-usulu-pizza-yemekcom.jpg,600,315,True,['fırın'],,,,,
406,180,Yasemin Özaltın,https://cdn.yemek.com/author/35533/20181219061403_avatar.jpg,/profil/yasemingursurer/,20 Dakikada Buzlukta: Mozaik Pasta,Mozaik Pasta,/tarif/mozaik-pasta/,20 dk,20 dk,"<p>Biz çocukken mutfaktaki hummalı çalışmanın sonucu annelerimizin lezzetli ellerinden tüm ömrümüz boyunca unutamayacağımız kadar lezzetli <a href=""https://yemek.com/tarif/tatli/"" target=""_blank"">tatlılar</a>, <a href=""https://yemek.com/tarif/pasta-tatli/"" target=""_blank"">pastalar</a> çıkardı. Bu pasta hiç şüphesiz mozaik pastanın ta kendisiydi! Bu kolay mozaik pasta, küçük büyük herkesin bayılarak yediği lezzeti her daim garantili olan oldukça kolay ve pratik bir <a href=""https://yemek.com/tarif/"" target=""_blank"">tarif</a>. Hadi gelin bisküvili mozaik pastanın sırlarını bir bir anlatalım size. Anılarımıza doğru tatlı bir yolculuğa çıkaran, <strong>petibör bisküvili</strong> mozaik pasta tarifiyle karşınızdayız!</p>
<p>Bisküvi, tereyağı, toz şeker ve kakaonun bir araya gelip yaptığı en lezzetli pasta tariflerinden biri o. Biz bu kez farklı malzemeler ekleyerek <strong>klasik mozaik pasta</strong> tarifinin tadına da tat kattık. Bu üçgen mozaik pastanın yapımı o kadar kolay, pratik ve bir o kadar lezzetli ki...</p>
<p>Hadi o zaman! Buyursunlar en güzel mozaik pasta tarifine ve yapılış adımlarını gösteren mozaik pasta videomuza. <img src=""https://cdn.yemek.com/assets/images/smiley/smile.png"" class=""wp-smiley img-responsive"" /></p>
",recipe,"['süt', 'kakao', 'pudra şekeri', 'tereyağ', 'Hindistan cevizi', 'petibör bisküvi']","['Tereyağını eritin.', 'Pudra şekerini karıştırma kabına aktarın.\xa0Pudra şekerinin üzerine erittiğiniz tereyağını ve sütü dökün.\xa0Kakaoyu da ilave edin.', 'Malzemeleri çırpın.', 'Üzerine bisküvileri kırın.', 'Bisküvileri de koyduktan sonra tüm malzemeleri spatula yardımıyla nazikçe karıştırın.', 'Servis edeceğiniz kalıbın içini streç film ile kaplayın.', 'Tüm harcı ekleyin ve üzerini kapatın.', 'Buzdolabının dondurucu bölümünde 4 saat bekletin. Hindistan cevizi serpin. Dilimleyerek soğuk olarak servis edin.', 'Afiyet olsun!']",PASTA,239b56,/tarif/pasta-tatli/,"['Tatlı', 'Pasta', 'Video']","['ara öğün', 'çay saati']",['Çay Saati'],['Tencere'],['Ekonomik'],False,1200,1200,2022-03-18T14:40:39Z,4.0,1512620,8912,False,True,True,0,,0,,,,2022/03/mozaik-pasta-tarifi-yemekcom.jpg,0,0,https://cdn.yemek.com/mnresize/940/940/uploads/2022/03/mozaik-pasta-tarifi-yemekcom.jpg,940,940,False,https://cdn.yemek.com/mncrop/300/200/uploads/2022/03/mozaik-pasta-tarifi-yemekcom.jpg,300,200,True,https://cdn.yemek.com/mncrop/940/625/uploads/2022/03/mozaik-pasta-tarifi-yemekcom.jpg,940,625,True,https://cdn.yemek.com/mncrop/620/388/uploads/2022/03/mozaik-pasta-tarifi-yemekcom.jpg,620,388,True,https://cdn.yemek.com/mncrop/600/315/uploads/2022/03/mozaik-pasta-tarifi-yemekcom.jpg,600,315,True,,,,,,
407,29467,Yasemin Özaltın,https://cdn.yemek.com/author/35533/20181219061403_avatar.jpg,/profil/yasemingursurer/,3-2-1 Ölçüsüyle: Bayatlamayan Kabartma Tozlu Poğaça,Bayatlamayan Kabartma Tozlu Poğaça,/tarif/bayatlamayan-kabartma-tozlu-pogaca/,15 dk,15 dk,"<p>Hem çok kolay, hem çok hızlı, hem de yemesi pek keyifli muhteşem bir <a href=""https://yemek.com/tarif/pogaca/"" target=""_blank"">poğaça</a>...Bayatlamayan kabartma tozlu poğaça tarifi, hazırlandıktan sonra tadına bakıp da beğenmeyenini, ikincisini istemeyenini zor bulursunuz. İçindeki malzemelerin miktarlarından dolayı “3-2-1 poğaça <a href=""https://yemek.com/tarif/"" target=""_blank"">tarif</a>i” diye de bilinen bu güzelliği hala denemeyenler varsa diye zevkle paylaşıyoruz.</p>
<p>3-2-1 poğaça tarifi, malzemeleri ile de ekonomik! İçinde 3 paket kabartma tozu, 2 bardak yoğurt ve 1 yumurta var. Kabartma tozu ne kadar da çokmuş acı olur o diyorsanız, hiç de öyle olmadığını, inanılmaz yumuşak, aşırı lezzetli olduğunu deneyince anlayacaksınız. Üstelik de bayatlamıyor, hoş gerçi bayatlamasını bekleyecek kadar uzun süre yemeden duramayacaksınız o da ayrı.  O zaman siz aşağıda yazan diğer malzemeleri de hazırlayıverin, <a href=""https://yemek.com/tarif/yumusak-pogaca/"" target=""_blank"">yumuşacık poğaça</a>mızı yapalım. Şimdiden afiyetler olsun.</p>
",recipe,"['tuz', 'toz şeker', 'un', 'kabartma tozu', 'yoğurt', 'yumurta sarısı', 'sirke', 'beyaz peynir', 'susam', 'yumurta beyazı', 'sıvı yağ']","['Bir yoğurma kabına; yağ, yoğurt ve yumurta beyazını alıp güzelce karıştırın.', 'Ardından kabartma tozları, tuz, şeker ve sirkeyi de ilave edip, tekrar karıştırın.', 'Unu azar azar ilave ederek yoğurmaya başlayın. Hafifçe ele yapışan bir hamur elde edeceksiniz.', 'Hazırladığınız hamurdan mandalinadan biraz küçük olacak parçalar kopartın. Elinizle yuvarlayın ve avucunuzla bastırıp yassılaştırın.', 'Yassılaştırdığınız hamur parçasının ortasına bir çatalla ezdiğiniz beyaz peynirden biraz koyun.', 'Kenarlarını birleştirip kapatın ve tekrar yuvarladıktan sonra yağlı kağıt serdiğiniz bir fırın tepsisine yerleştirin.', 'Tüm hamuru bu şekilde hazırlayıp tepsiye dizin.', 'Üstlerine bir fırça yardımıyla yumurta sarısı sürün ve susam serpin. Önceden ısıttığınız 200 derece fırında, üstleri kızarana dek yaklaşık 15 dakika pişirin.', 'Tepsiyi fırından aldıktan sonra ılıklaşmasını bekleyin ve ardından servis edin.']",POĞAÇA,239b56,/tarif/pogaca/,"['Hamur İşi', 'Kahvaltılık', 'Poğaça', 'Video']","['kahvaltı', 'çay saati']","['Kahvaltı', 'Çay Saati']",['Fırın'],['Vejetaryen'],False,900,900,2018-01-31T07:11:19Z,4.0,1443090,8543,False,True,False,0,,0,,,,2018/01/bayatlamayan-pofuduk-pogaca-yemekcom.jpg,0,0,https://cdn.yemek.com/mnresize/940/940/uploads/2018/01/bayatlamayan-pofuduk-pogaca-yemekcom.jpg,940,940,False,https://cdn.yemek.com/mncrop/300/200/uploads/2018/01/bayatlamayan-pofuduk-pogaca-yemekcom.jpg,300,200,True,https://cdn.yemek.com/mncrop/940/625/uploads/2018/01/bayatlamayan-pofuduk-pogaca-yemekcom.jpg,940,625,True,https://cdn.yemek.com/mncrop/620/388/uploads/2018/01/bayatlamayan-pofuduk-pogaca-yemekcom.jpg,620,388,True,https://cdn.yemek.com/mncrop/600/315/uploads/2018/01/bayatlamayan-pofuduk-pogaca-yemekcom.jpg,600,315,True,,,,,,
408,4172,ipeksare,https://cdn.yemek.com/author/262494/20200820091315_avatar.jpg,/profil/ipeksare/,Tane Tane Dökülür: Pirinç Pilavı,Pirinç Pilavı,/tarif/pirinc-pilavi/,20 dk,15 dk,"<p>Türlü türlü <a href=""https://yemek.com/tarif/"" target=""_blank"">yemek tariflerini</a> tamamlayan, <a href=""https://yemek.com/tarif/kuru-fasulye/"" target=""_blank"">kuru fasulye</a>-turşu ikilisine komşu olan, bir dönem yoğurtla takılan, <a href=""https://yemek.com/tarif/anne-koftesi/"" target=""_blank"">köfte patates</a> sevdalısı pilav... Kaşıktan tel tel dökülen pilav... Aromatik sebze ve kuru baharatlarla ev yapımı tavuk suyunuzu kendiniz hazırlayın bir güzel, ortalama pirinç çeşitlerine göre bir ölçü pirince bir buçuk ölçü su kullanacağınızı düşünün.</p>
<p>Yanma derecesini yükseltmek için tereyağını az miktarda ayçiçek yağıyla kavurun. Az miktarda arpa ya da tel şehriyeyi kavurup berrak su çıkana kadar duruladığınız pirinçleri pilav tenceresine alın. Şeffaf bir renk alana kavurup sıcak tavuk suyunu ekleyin. Tuzla tatlandırın, taze sıkılmış limon suyu, kesme şeker gibi unsurları küçük püf noktaları olarak değerlendirin pilav tarifinde. ""Pilavın tane tane olması için ne yapılır?"" diye soruyorsanız da size nefis önerilerimiz var: <a href=""https://yemek.com/pilav-nasil-yapilir/"" target=""_blank"">Tane Tane Dökülen Ev Yapımı Pilavlar İçin Demini Almış 5 Öneri</a></p>
<p>Pilavı yiyip de hemen kaçmayın, yorum bırakmayı unutmayın, yaptığınız bir değişiklik varsa bizlerle de paylaşın. Şimdiden ellerinize sağlık diyor tane tane dökülen pirinç pilavı tarifimize buyurun.</p>
<p>Farklı pilav tarifleri içinse sizi <a href=""https://yemek.com/tarif/pilav/"" target=""_blank"">şöyle</a> alalım. <img src=""https://cdn.yemek.com/assets/images/smiley/smile.png"" class=""wp-smiley img-responsive"" /></p>
",recipe,"['pirinç', 'tereyağı', 'sıcak su', 'tuz', 'karabiber']","['Uygun bir pilav tenceresinin içerisine tereyağı ekleyin.', 'Tereyağı eridikten sonra pirinçleri ekleyip kavurmaya başlayın. Pirinçler tane tane dökülmeye başlayana kadar yaklaşık 5 dakika kavurun.', 'Sıcak suyu ekleyin, tuzu ve karabiberi de ilave edin.', 'Bir kez karıştırın, kapağını kapatın ve kısık ateşte pişirin.', 'Suyunu çeken pilavın üzerine bir bez koyun ve demlenmesi için dinlendirin.', 'Biraz et ya da tavuk ile servis edebilirsiniz. Afiyet olsun!']",PİLAV,239b56,/tarif/pilav/,"['Pilav', 'Video']","['ekonomik', 'akşam yemeği', 'öğle yemeği']","['Öğle Yemeği', 'Akşam Yemeği']",['Tencere'],['Ekonomik'],False,1200,900,2020-09-02T06:35:37Z,4.0,1783014,2538,False,True,True,0,,0,,,,2020/09/pirinc-pilavi-yemekcom.jpg,0,0,https://cdn.yemek.com/mnresize/940/940/uploads/2020/09/pirinc-pilavi-yemekcom.jpg,940,940,False,https://cdn.yemek.com/mncrop/300/200/uploads/2020/09/pirinc-pilavi-yemekcom.jpg,300,200,True,https://cdn.yemek.com/mncrop/940/625/uploads/2020/09/pirinc-pilavi-yemekcom.jpg,940,625,True,https://cdn.yemek.com/mncrop/620/388/uploads/2020/09/pirinc-pilavi-yemekcom.jpg,620,388,True,https://cdn.yemek.com/mncrop/600/315/uploads/2020/09/pirinc-pilavi-yemekcom.jpg,600,315,True,['tencere'],,,,,
409,313,Yasemin Özaltın,https://cdn.yemek.com/author/35533/20181219061403_avatar.jpg,/profil/yasemingursurer/,Yağ Çekmeden Pişer: Mücver,Mücver,/tarif/mucver/,15 dk,15 dk,"<p>Türk mutfağının, mutfağımıza ait tüm <a href=""https://yemek.com/tarif/"" target=""_blank"" rel=""noopener"">yemek tariflerinin</a> uzağında ama çok sevilen kuzeni ya da teyzesidir mücver tarifi. Her öğün göremezsin, her akşam yemezsin, yiyemezsin. Ancak her gördüğünde mutlu olursun; daha çok görmek istersin. Özeldir, yeri ayrıdır. Herkes güzelini yapamaz.</p>
<p>Arzu ettiğiniz yeşillik, patates, havuç hatta kereviz gibi <a href=""https://yemek.com/tarif/sebze/"" target=""_blank"" rel=""noopener"">sebze</a>leri de ekleyerek hazırlayabileceğiniz bir <a href=""https://yemek.com/tarif/atistirmaliklar/"" target=""_blank"" rel=""noopener"">atıştırmalık</a>, kolay mücver tarifimiz var. Ne güzel olur <strong>kabak mücveri</strong>, küçük püf noktaları vardır onun. Çok fazla yağ çekmemesi için yağı önceden kızdırmalı, rendelenmiş sebzelerin suyunu sıkmalı, sebzelerin taze olmasına dikkat etmeli örneğin.</p>
<p>Anne eli değmiş mücver, bu tarifte biraz daha renk kazanıyor. Yeşillik ve kabakların yanına havuç da katılıyor. Ana yemeğiniz ne olursa olsun bugün sofranızda <strong>kızarmış çıtır mücverler</strong> de yer alsın bizce.</p>
<p>Daha fazla mücver çeşidi görmek isteyenleri ise şöyle alabiliriz: <a href=""https://yemek.com/mucver-tarifleri/"" target=""_blank"" rel=""noopener"">Mücver Tarifleri</a></p>
<p>Kızartmalardan uzak duruyorsanız sizi fırında kabak mücveri tarifimize şuradan davet edelim: <a href=""https://yemek.com/tarif/firinda-mucver/"" target=""_blank"" rel=""noopener"">Fırında Mücver Tarifi, Nasıl Yapılır?</a></p>
<p>Videolu tarifimize aşağıya bırakıyoruz. Keyfini çıkarmanız dileğiyle!</p>",recipe,"['tuz', 'yumurta', 'un', 'karabiber', 'havuç', 'taze soğan', 'kabak', 'dereotu', 'sıvı yağ']","['<p>Mücver için bol suda yıkadığınız kabakları rendenin\xa0iri kısmıyla rendeleyin.\xa0Mücveri sulandırmaması için; rendelenmiş kabakların suyunu sıkarak çıkartın.</p>', '<p>Geniş bir kapta rendelenen kabakları, havucu, yumurtayı, taze soğanı, dereotunu, tuzu, karabiberi birleştirin.</p>', '<p>Unu da ilave edip tüm malzemeler birbiriyle harmanlayın.</p>', '<p>Tüm malzemeler macun kıvamını alana kadar spatula yardımıyla karıştırın.</p>', '<p>Her bir mücver 1 tepeleme yemek kaşığı olacak şekilde ayarlayıp tavaya dökün.</p>', '<p>Kızgın yağda altın sarısı rengini alana kadar kızartın. Mücverlerin fazla yağını havlu kağıda süzdürdükten sonra servis tabağına alın ve çırpılmış yoğurt ile servis edin. Afiyet olsun!</p>']",SEBZE,239b56,/tarif/sebze/,"['Sebze', 'Özel Beslenme', 'Vejetaryen', 'Video', 'Kızartma', 'Mevsiminde']",,['Çay Saati'],['Kızartma'],"['Ekonomik', 'Vejetaryen']",False,900,900,2021-11-09T03:30:59Z,4.0,1738171,11618,False,True,True,0,,0,,,,2014/07/mucver-ytk-site.jpg,0,0,https://cdn.yemek.com/mnresize/940/940/uploads/2014/07/mucver-ytk-site.jpg,940,940,False,https://cdn.yemek.com/mncrop/300/200/uploads/2014/07/mucver-ytk-site.jpg,300,200,True,https://cdn.yemek.com/mncrop/940/625/uploads/2014/07/mucver-ytk-site.jpg,940,625,True,https://cdn.yemek.com/mncrop/620/388/uploads/2014/07/mucver-ytk-site.jpg,620,388,True,https://cdn.yemek.com/mncrop/600/315/uploads/2014/07/mucver-ytk-site.jpg,600,315,True,,,"['Haziran', 'Temmuz', 'Ağustos']",,,
410,272,Neşe Ümit Tan,https://cdn.yemek.com/author/208653/20190910030615_avatar.jpg,/profil/neseumit/,Tam Kıvamında: Sütlaç,Sütlaç,/tarif/sutlac/,31 dk,5 dk,"<p><a href=""https://yemek.com/tarif/"" target=""_blank"">Yemek tariflerinin</a> en tatlı, en sevilen ismi, <a href=""https://yemek.com/tarif/sutlu-tatlilar/"" target=""_blank"">sütlü tatlılar</a>ın en besleyicisi, pirincin en güzel halidir sütlaç tarifi. Tencerede kıvam aldıktan sonra ısıya dayanıklı toprak kaplara paylaştırılıp fırında kızaran hali <a href=""https://yemek.com/tarif/firin-sutlac/"" target=""_blank"">fırın sütlaç</a> ismini alır. Çocukluk yıllarından aşina olduğumuz besleyici bir tatlıdır. <a href=""https://yemek.com/"" target=""_blank"">Tarifler</a> içinde özellikle sütlü tatlıların ve <a href=""https://yemek.com/tarif/tatli/"" target=""_blank"">tatlı tariflerinin</a> en şahanesidir!</p>
<p>Ev yapımı sütlacı tam kıvamında ve tam ölçülü yapmak için birkaç püf noktasına ihtiyacınız var. Klasik sütlaçtan vazgeçemeyenlerin evde nefis <a href=""https://yemek.com/tarif/firin-sutlac/"" target=""_blank"">fırın sütlaçlar</a> yapmasını sağlayacak olan ve en güzel sütlaç tarifine ulaşmanızı sağlayacak bu tarifi bir köşeye not edin deriz. <a href=""https://yemek.com/tarif/sutlu-tatlilar/"" target=""_blank"">Sütlü tatlıların</a> en güzeli, <a href=""https://yemek.com/ramazan-tatlilari/"" target=""_blank"">ramazan için tatlılardan</a> <strong>en hafif sütlaç tarifi</strong> karşınızda!</p>
",recipe,"['pirinç', 'sıcak su', 'toz şeker', 'süt', 'su', 'buğday nişastası']","['Sadece bir kez sudan geçirerek yıkadığınız\xa0pirinci tencereye alın ve\xa02 su bardağı sıcak suyu ekleyerek kısık ateşte pişirmeye başlayın. Bu sırada ara ara nazikçe karıştırın.', 'Pirinç, suyu çekip lapa hale gelince üzerine sütü ilave edin. Karıştırın ve\xa0süt kaynayana kadar ara ara karıştırmaya devam edin. Kaynadıktan sonra altını kısın, 8-10 dakika daha bu şekilde karıştırarak kısık ateşte pişirin.', 'Ardından şekeri ekleyin, karıştırın. Tekrar kaynamasını bekleyin ve 4-5 dakika daha da kısık ateşte bu şekilde kaynatın.', 'Nişastayı eklemek için bir kabın içerisine alın, 1 çay bardağı suyla karıştırın.', 'Aynı anda hem karıştırıp hem tencereye ekleyin. Azar azar dökerek eklerseniz topaklanma riskini de engellemiş olursunuz.\xa0Karıştırdıktan sonra hafifçe kıvam alana kadar pişirin. Bu sırada tekrar kaynayacak ve minik minik balonların yüzeye ulaştığını göreceksiniz, bunu gördükten sonra kısık ateşe alıp 1-2 dakika daha pişirin ve ardından ocaktan alın.', 'Bu noktada sütlacın kıvamı akışkan bir boza kıvamında olmalıdır.\xa0Sütlaç harcını bir kepçeyle kaselere dağıtın.', 'Oda sıcaklığında soğuduktan\xa0sonra buzdolabında en az 2 saat, tercihen 1 akşam kadar bekletin ve servis etmeden önce buzdolabından çıkarıp 5 dakika bekletin, tarçın serperek servis edin.', 'Afiyet olsun!']",SÜTLÜ TATLI,239b56,/tarif/sutlu-tatlilar/,"['Tatlı', 'Ramazan', 'Sütlü Tatlı', 'Video']",['çay saati'],['Çay Saati'],['Tencere'],,False,1860,300,2022-03-11T07:15:20Z,4.0,1693684,4171,False,True,True,0,,0,,,,2019/05/sutlac-guncelleme-sunum-1.jpg,0,0,https://cdn.yemek.com/mnresize/940/940/uploads/2019/05/sutlac-guncelleme-sunum-1.jpg,940,940,False,https://cdn.yemek.com/mncrop/300/200/uploads/2019/05/sutlac-guncelleme-sunum-1.jpg,300,200,True,https://cdn.yemek.com/mncrop/940/625/uploads/2019/05/sutlac-guncelleme-sunum-1.jpg,940,625,True,https://cdn.yemek.com/mncrop/620/388/uploads/2019/05/sutlac-guncelleme-sunum-1.jpg,620,388,True,https://cdn.yemek.com/mncrop/600/315/uploads/2019/05/sutlac-guncelleme-sunum-1.jpg,600,315,True,,,,,,
411,125,Yasemin Özaltın,https://cdn.yemek.com/author/35533/20181219061403_avatar.jpg,/profil/yasemingursurer/,Basit Malzemelerle: Kolay Tiramisu,Kolay Tiramisu,/tarif/kolay-tiramisu/,15 dk,15 dk,"<p>""Tiramisu hangi ülkeye ait?"" diyenlere hemen cevap vererek başlayalım. İtalyan asıllı bir <a href=""https://yemek.com/tarif/tatli/"" target=""_blank"">tatlı</a> olan <a href=""https://yemek.com/tarif/tiramisu/"" target=""_blank"">tiramisu</a>, ülkemizde son yıllarda popüler olmasıyla tanınır. Mutluluk ve enerji veren bir tatlı olduğu için de İtalyanlar bu tatlıya 'Beni yukarı çek, beni yukarı kaldır' anlamına gelen tiramisu ismini vermiştir. Bu hali de onun oldukça pratikleşmiş hali. Hazır kekle yapılan bu kolay tiramisu tarifi üstelik 30 dakikada hazır.</p>
<p>""Tiramisu nasıl yapılır?"" diyenler için tiramisu <a href=""https://yemek.com/tarif/kek/"" target=""_blank"">kek</a>inin labneli tiramisu kremasıyla nasıl buluştuğunu adım adım resimli bir şekilde anlatıyor, nefis süslemesiyle en güzel ve en pratik ev yapımı tiramisunun yapılışını tüm detaylarıyla anlatıyoruz!</p>
<p>İşte iştah açıcı görüntüsü ve lezzetiyle kolay tiramisu tarifi! En kısa zamanda onu çayınızın, kahvenizin yanına konuk edin deriz. Hem zamandan kazandıran hem de konuklarınıza nefis bir ikramda bulunmak istediğinizde de kurtarıcılarınızdan biri olacak nefis tarifimize davetlisiniz. Mevsimine göre de kolay tiramisularınızın üzerini dilediğiniz meyve ile süsleyebilirsiniz. Şimdiden ellerinize sağlık diyoruz.</p>
<p>Bu arada ""Ben kedi dili ile yapılan orijinal tiramisu <a href=""https://yemek.com/tarif/"" target=""_blank"">tarif</a>ini de merak ediyorum"" derseniz onun tarifini de hemen şöyle bırakıyoruz: <a href=""https://yemek.com/tarif/kedi-dilli-tiramisu/"" target=""_blank"">Kedidilli tiramisu tarifi, nasıl yapılır?</a></p>
",recipe,"['sıcak su', 'toz şeker', 'toz şeker', 'süt', 'un', 'yumurta sarısı', 'kakao', 'hazır kek', 'granül kahve', 'labne peyniri']","['Tiramisunun kremasını hazırlamak için; 2 su bardağı süt, 5 yemek kaşığı toz şeker, 3 yemek kaşığı un ve 1 adet\xa0 yumurta sarısını tencereye alın.', 'Sürekli karıştırarak orta ateşte muhallebi kıvamına gelene kadar pişirin. Piştikten sonra kremayı soğumaya bırakın.', 'Kek tabanını ıslatmak için; bir kasede 1 su bardağı sıcak suya, 1 yemek kaşığı granül kahve ve 1 tatlı kaşığı toz şekerini eriyene kadar karıştırın.', 'Pişirip soğumaya bıraktığınız kremaya 200 gram labne peynirini ekleyin ve bir mikser yardımıyla pürüzsüz bir kıvam alana kadar çırpın.', 'Servis tabağına ya da bir borcama pasta tabanının bir katını yerleştirin.', 'Kahveli karışımın yarısıyla keki ıslatın.', 'Üzerine hazırladığınız kremanın yarısını yayın.', 'Pastanın diğer katını da üzerine koyun ve\xa0 kahveli karışımla ıslatın. Kalan krema ile pastanın üzerini tamamen kaplayın.', 'Son olarak üzerine kakao serpiştirin.', 'Çilek dilimleriyle süsleyip buzdolabında 1- 2 saat beklettikten sonra dilimleyerek servis edin.\xa0Afiyet olsun!']",TATLI,239b56,/tarif/tatli/,"['Tatlı', 'Video', 'Dünya Mutfakları']","['ekonomik', 'ara öğün', 'çay saati']",['Çay Saati'],['Tencere'],['Vejetaryen'],False,900,900,2022-03-31T14:48:27Z,4.0,1687627,4451,False,True,True,0,,0,,,,2014/06/kolay-tiramisu-yemekcom.jpg,0,0,https://cdn.yemek.com/mnresize/940/940/uploads/2014/06/kolay-tiramisu-yemekcom.jpg,940,940,False,https://cdn.yemek.com/mncrop/300/200/uploads/2014/06/kolay-tiramisu-yemekcom.jpg,300,200,True,https://cdn.yemek.com/mncrop/940/625/uploads/2014/06/kolay-tiramisu-yemekcom.jpg,940,625,True,https://cdn.yemek.com/mncrop/620/388/uploads/2014/06/kolay-tiramisu-yemekcom.jpg,620,388,True,https://cdn.yemek.com/mncrop/600/315/uploads/2014/06/kolay-tiramisu-yemekcom.jpg,600,315,True,,,,['İtalya'],,
412,127,Gökçen Mutaf,https://cdn.yemek.com/author/23120/20181227103819_avatar.jpeg,/profil/gokcenmutaf/,Ağızda Dağılan Mükemmel Kıvamıyla: Elmalı Kurabiye,Elmalı Kurabiye,/tarif/elmali-kurabiye/,25 dk,20 dk,"<p><a href=""https://yemek.com/kurabiye-tarifleri-puf-noktalari/"" target=""_blank"">Kurabiye tariflerinin</a> en güzellerinden biri olan en güzel elmalı kurabiye karşınızda! Ağızda dağılan kıvamıyla, <a href=""https://yemek.com/pratik-kurabiye-tarifleri/"" target=""_blank"">pratik kurabiyelerden</a> oluşuyla kalplerinizi çalmaya gelecek bu kıyır kıyır <a href=""https://yemek.com/elmali-kurabiye-tarifleri/"" target=""_blank"">elmalı kurabiye tarifi</a> şekilleriyle, malzemeleriyle, hamuruyla tam ölçülü <a href=""https://yemek.com/tarif/kolay-elmali-kurabiye/"" target=""_blank"">elmalı kurabiye</a> yapmak isteyenlerin yardımına koşacak.</p>
<p><strong>Elmalı kurabiyenin gevrek olmas</strong>ı için yapılması gerekenlerden, nasıl saklanacağına kadar elmalı kurabiye yapmanın tüm püf noktalarını da bulabileceğiniz bu en güzel denenmiş elmalı kurabiye <a href=""https://yemek.com/tarif/"" target=""_blank"">tarifi</a> için çay suyunun altını koyalım hafiften. Elmalı <a href=""https://yemek.com/tarif/kurabiye/"" target=""_blank"">kurabiyeler</a> bizi bekler. Ağızda dağılan, tarçınlı <strong>elmalı kurabiye tarifi</strong>miz için mutfağa davetlisiniz. Afiyetler olsun şimdiden.</p>
",recipe,"['limon suyu', 'toz şeker', 'toz şeker', 'un', 'yoğurt', 'tarçın', 'karbonat', 'tereyağı (oda ısısında bekletilmiş)', 'dövülmüş ceviz içi', 'sıvı yağ', 'kırmızı elma']","['Elmalı kurabiye tarifini hazırlamak için\xa0 rendelenmiş elmaları tavaya alın. Üzerine toz şekeri ilave edin. Karamelize olana dek pişirin.', 'Piştikten sonra üzerine yarım su bardağı kadar dövülmüş ceviz ve tarçın ekleyin, karıştırın.', 'Hamurunu hazırlamak için derin bir kaseye oda sıcaklığında yumuşamış tereyağı, sıvı yağ, yoğurt, toz şeker, limon suyu ve karbonatı ekleyin. Güzelce yoğurun ve ardından unu da azar azar ekleyerek, ele yapışmayan fakat yumuşak olan bir hamur elde edin.', 'Hamuru tezgahın üzerinde toparlayın.', 'Tezgaha hafifçe un serperek açın. Yuvarlak şekiller çıkarıp elmalı harcı ortasına koyun ve iki yandan katlayın.', 'Pişirme kağıdı serdiğiniz fırın tepsisine kurabiyeleri dizin ve önceden ısıtılmış 180 derece fırında üzeri kızarana kadar, yaklaşık 20-25 dakika pişirin.', 'Oda sıcaklığına geldikten sonra üzerine pudra şekeri serpiştirin. Kurabiyeleriniz artık servise hazır! Afiyet olsun..', 'Afiyet olsun..']",TATLI KURABİYE,239b56,/tarif/tatli-kurabiyeler/,"['Kurabiye', 'Video', 'Tatlı Kurabiye']",['çay saati'],['Çay Saati'],['Fırın'],,False,1500,1200,2022-03-11T07:30:23Z,4.0,1597377,7917,False,True,True,0,,0,,,,2022/03/elmali-kurabiye-tarifi-yemekcom.jpg,0,0,https://cdn.yemek.com/mnresize/940/940/uploads/2022/03/elmali-kurabiye-tarifi-yemekcom.jpg,940,940,False,https://cdn.yemek.com/mncrop/300/200/uploads/2022/03/elmali-kurabiye-tarifi-yemekcom.jpg,300,200,True,https://cdn.yemek.com/mncrop/940/625/uploads/2022/03/elmali-kurabiye-tarifi-yemekcom.jpg,940,625,True,https://cdn.yemek.com/mncrop/620/388/uploads/2022/03/elmali-kurabiye-tarifi-yemekcom.jpg,620,388,True,https://cdn.yemek.com/mncrop/600/315/uploads/2022/03/elmali-kurabiye-tarifi-yemekcom.jpg,600,315,True,,,,,,
413,3424,Ege Şahin,https://cdn.yemek.com/author/464113/20220221123420_avatar.jpg,/profil/egesahin/,Kıyır Kıyır: Üç Malzemeli Un Kurabiyesi,Üç Malzemeli Un Kurabiyesi,/tarif/uc-malzemeli-un-kurabiyesi/,15 dk,10 dk,"<p>Eşe dosta <a href=""https://yemek.com/tarif/un-kurabiyesi/"" target=""_blank"">un kurabiyesi</a> tarifi soranlar, telefonda un kurabiyesi nasıl yapılır diye dert yananlar, neredeyse rüyasında un kurabiyesi görenler... Hoş geldiniz, doğru yerdesiniz.</p>
<p>Günün en tatlı saatleri akşam üzeri olmuş, belki de tatlısıyla tuzlusuyla uzun uzadıya keyfi çıkacak bir <a href=""https://yemek.com/tarif/kahvaltiliklar/"" target=""_blank"">kahvaltı</a> sofrası hazırlıyorsunuz. Ya da akşam yemeği sonrası çay keyfinizi taçlandıracak tatlı bir hamur işi aradığınız. Öyleyse sadece 10 dakikada hazırlanan üç malzemeli un kurabiyesi <a href=""https://yemek.com/tarif/"" target=""_blank"">tarif</a>ine alalım sizi. Bu kurabiyeler bir şahane.</p>
<p>Sıvı yağ, pudra şekeri ve un ilavesiyle hazırlanan bu <a href=""https://yemek.com/tarif/tatli-kurabiyeler/"" target=""_blank"">tatlı kurabiye</a>ler, kaşıkla şekil alıp önceden ısıtılmış 175 derece fırında 15 dakika gibi kısa bir sürede pişiyor. Demleyin çayı, kurulun en sevdiğiniz koltuğa. Kurabiyeleriniz olmak üzere, afiyet olsun.</p>
",recipe,"['un', 'pudra şekeri', 'pudra şekeri', 'sıvı yağ']","['Sıvı yağ ve pudra şekerini derin bir kaba alın, karıştırın.', 'Ardından unu aşamalı olarak ekleyin.\xa0Hamuru toparlamak için iyice yoğurun. Hamurdan parçalar koparıp silindir şeklini verin.', 'Verev şekilde kesin.', 'Yağlı kağıt serilmiş fırın tepsisine aralıklı olarak yerleştirin.', 'Üzerlerini çatal ile çizin. Önceden ısıtılmış 175 derece fırında 15 dakika pişirin.', 'Arzuya göre üzerine pudra şekeri serperek servis edin. Afiyet olsun!']",TATLI KURABİYE,239b56,/tarif/tatli-kurabiyeler/,"['Kurabiye', 'Tatlı Kurabiye']",['çay saati'],['Çay Saati'],['Fırın'],['Ekonomik'],False,900,600,2022-12-28T11:10:00Z,4.0,1569331,4413,False,False,True,0,,0,,,,2015/09/uc-malzemeli-un-kurabiyesi-yemekcom.jpg,0,0,https://cdn.yemek.com/mnresize/940/940/uploads/2015/09/uc-malzemeli-un-kurabiyesi-yemekcom.jpg,940,940,False,https://cdn.yemek.com/mncrop/300/200/uploads/2015/09/uc-malzemeli-un-kurabiyesi-yemekcom.jpg,300,200,True,https://cdn.yemek.com/mncrop/940/625/uploads/2015/09/uc-malzemeli-un-kurabiyesi-yemekcom.jpg,940,625,True,https://cdn.yemek.com/mncrop/620/388/uploads/2015/09/uc-malzemeli-un-kurabiyesi-yemekcom.jpg,620,388,True,https://cdn.yemek.com/mncrop/600/315/uploads/2015/09/uc-malzemeli-un-kurabiyesi-yemekcom.jpg,600,315,True,,,,,,
414,4487,Gökçen Mutaf,https://cdn.yemek.com/author/23120/20181227103819_avatar.jpeg,/profil/gokcenmutaf/,Brownie'yi Andıran: Islak Kurabiye,Islak Kurabiye,/tarif/islak-kurabiye/,25 dk,15 dk,"<p>Kakaolu kurabiyenin şerbetle buluşmasından hazırlanan ıslak kurabiye, kakaolu tatlıları sevenlere göre. <strong>Sıcak kurabiyelerin ıslatılması kakao tadını yoğunlaştırıyor </strong>ve <a href=""https://yemek.com/tarif/kurabiye/"" target=""_blank"" rel=""noopener"">kurabiyeye</a> ağızda dağılan bir kıvam veriyor. Islak kurabiye tarifini çay saatleri için keyifle hazırlayabilir, bu esmer kurabiyeleri yanında bir fincan kahve eşliğinde tatlı bir atıştırmalık olarak da tüketebilirsiniz.</p>
<p><a href=""https://yemek.com/tarif/brownie/"" target=""_blank"" rel=""noopener"">Brownie</a>'yi andıran bu lezzetli <a href=""https://yemek.com/tarif/browni-kurabiye/"" target=""_blank"" rel=""noopener"">browni tadında kurabiye</a>leri kısa sürede hazırlayabilir, yorumlarınızı bizlerle paylaşabilirsiniz.</p>",recipe,"['yumurta', 'toz şeker', 'un', 'kabartma tozu', 'su', 'rendelenmiş Hindistan cevizi', 'kakao', 'pudra şekeri', 'tereyağı (oda sıcaklığında bekletilmiş)', 'vanilin', 'sıvı yağ']","['<div>\n<div>\n<div dir=""ltr"">\n<div>\n<div>Islak kurabiye için derince bir karıştırma kabına oda ısısındaki tereyağını, sıvı yağı, yumurtayı, pudra şekerini, kakaoyu, vanilin ve kabartma tozunu alın.</div>\n</div>\n</div>\n</div>\n</div>', '<p>Tüm malzemeleri özleşene\xa0kadar\xa0karıştırın.</p>', '<div>\n<div>\n<div dir=""ltr"">\n<div>\n<div>Ardından unu yavaş yavaş ekleyerek, ele yapışmayan bir hamur elde edin.</div>\n</div>\n</div>\n</div>\n</div>', '<div>\n<div>\n<div dir=""ltr"">\n<div>\n<div>Hazırladığınız hamurdan ceviz büyüklüğünde parçalar koparın.</div>\n</div>\n</div>\n</div>\n</div>', '<p>Avucunuzda yuvarlayın ve parmağınızla ortasına hafifçe bastırdıktan sonra, yağlı kağıt serilmiş bir fırın tepsisine dizin.\xa0Önceden ısıtılmış 180 derece fırında yaklaşık 20 dakika kadar pişirin.</p>', '<div>\n<div>\n<div dir=""ltr"">\n<div>\n<div>Kurabiyeleriniz fırındayken şerbeti için gerekli olan şeker ve suyu homojen karışana kadar kaynattıktan sonra bir kaseye alın ve soğutun.</div>\n</div>\n</div>\n</div>\n</div>', '<div>\n<div>\n<div dir=""ltr"">\n<div>\n<div>Kurabiyeler fırından çıkınca 2 dakika kadar bekletin ve ardından teker teker hazırladığınız şerbete atın, arkalı önlü çevirin ve bir servis tabağına dizin.</div>\n</div>\n</div>\n</div>\n</div>', '<div>\n<div>\n<div dir=""ltr"">\n<div>\n<div>Tüm kurabiyeleri bu şekilde şerbete batırdıktan sonra kalan şerbeti de üstlerine gezdirin ve tüm şerbeti çekene dek bekletin.</div>\n</div>\n</div>\n</div>\n</div>', '<div>\n<div>\n<div dir=""ltr"">\n<div>\n<div>Kurabiyeler şerbeti çektikten sonra üstlerini Hindistan cevizi ile süsleyin ve servis edin. Afiyet olsun.</div>\n</div>\n</div>\n</div>\n</div>']",TATLI KURABİYE,239b56,/tarif/tatli-kurabiyeler/,"['Kurabiye', 'Tatlı Kurabiye']",,['Çay Saati'],['Fırın'],['Ekonomik'],False,1500,900,2022-03-16T06:08:50Z,4.0,1542043,9538,False,False,True,0,,0,,,,2016/01/islak-kurabiye-tarifi-son.jpg,0,0,https://cdn.yemek.com/mnresize/940/940/uploads/2016/01/islak-kurabiye-tarifi-son.jpg,940,940,False,https://cdn.yemek.com/mncrop/300/200/uploads/2016/01/islak-kurabiye-tarifi-son.jpg,300,200,True,https://cdn.yemek.com/mncrop/940/625/uploads/2016/01/islak-kurabiye-tarifi-son.jpg,940,625,True,https://cdn.yemek.com/mncrop/620/388/uploads/2016/01/islak-kurabiye-tarifi-son.jpg,620,388,True,https://cdn.yemek.com/mncrop/600/315/uploads/2016/01/islak-kurabiye-tarifi-son.jpg,600,315,True,,,,,,
415,134,Yasemin Özaltın,https://cdn.yemek.com/author/35533/20181219061403_avatar.jpg,/profil/yasemingursurer/,Tüm Püf Noktalarıyla: Mercimek Köftesi,Mercimek Köftesi,/tarif/mercimek-koftesi/,20 dk,30 dk,"<p>Altın günlerinin vazgeçilmez lezzeti, bekarların ve öğrenci evlerinin gözdesi mercimekli köfte pratik olmasının yanı sıra besleyici ve lezzetli bir <a href=""https://yemek.com/tarif/"" target=""_blank"" rel=""noopener"">tarif</a>. <strong>Tam ölçülü, tam kıvamında mercimek köftesi</strong> nasıl yapılır diye merak edenlerden en güzel mercimek köftesi tarifini henüz bulamamış olanlara tüm püf noktalarıyla pratik tariflerin gözdesi mercimek köftesi karşınızda!</p>
<p>Mercimek köftesi sunumunu, mercimek köftesinin yanına ne gider ya da <strong>mercimek köftesi cıvık olursa</strong> ne yapılmalı sorularının cevabını artık başka yerde aramanız gerek yok. Çünkü en güzelini annenin yaptığı mercimek köftesi için mutfağa girerek biraz da biz hünerlerimizi göstereceğiz bugün. Güzel annelerimize selamlar yollayacağız bu tarifle.</p>
<p>Mercimek köftesi videomuzu aşağıya bırakıyoruz, afiyetler olsun şimdiden! <img class=""wp-smiley img-responsive"" src=""https://cdn.yemek.com/assets/images/smiley/smile.png""></p>
<p>Mercimek köftesini sevenler bunları da sevdi: <a href=""https://yemek.com/tarif/kisir"" target=""_blank"" rel=""noopener"">Kısır Tarifi</a></p>
<p>Klasik mercimekli köfte tariflerinden sıkılanlar, çıtır çıtır dokusuyla <a href=""https://yemek.com/tarif/firinda-mercimek-kofte/"" target=""_blank"" rel=""noopener"">fırında mercimekli köfte</a> tarifiyle misafirlerinizi şaşırtıyor.</p>",recipe,"['kırmızı mercimek', 'kuru soğan', 'biber salçası', 'sıcak su', 'tuz', 'pul biber', 'maydanoz', 'zeytinyağı', 'karabiber', 'domates salçası', 'ince bulgur', 'taze soğan', 'kimyon']","['<p>Mercimek köftesi için bol suda yıkadığınız kırmızı mercimeği sıcak suda kaynatın.</p>', '<p>Suyunu çekmeye yakın ince bulguru ekleyin, mercimeği ocaktan alın.</p>', '<p>Üzerine ince bulguru ekleyin.</p>', '<p>Kapağını kapattığınız tencerede ince bulguru şişmesi için mercimekle birlikte 15 dakika kadar bekletin.</p>', '<p>Zeytinyağını bir tavada kızdırın.</p>', '<p>Kuru soğanları küçük küpler halinde doğrayın ve tavaya aktarın.</p>', '<p>Doğradığınız soğanları 5 dakika kadar kavurun.</p>', '<p>Sırasıyla; biber salçası, domates salçası, tuz, pul biber ve kimyonu ekleyin.</p>', '<p>Soğanlı karışımı 3-4 dakika kadar kavurun.</p>', '<p>Şişen bulgurlu ve mercimekli harca salçalı, soğanlı harcı ekleyin.</p>', '<p>Taze soğanları ve maydanozu ince ince kıyın.\xa0 Doğranmış yeşillikleri ilave edin.</p>', '<p>Malzemeleri yoğurmaya başlayın.</p>', '<p>Tüm malzemeyi özleşene kadar yoğurun.</p>', '<p>Hazırladığınız harçtan ceviz büyüklüğünde parçalar alın ve avuç içinizde sıkarak şekil verin.</p>', '<p>Servis tabağına aldığınız mercimek köftelerini arzu ettiğiniz yeşilliklerle servis edin. Sevdiklerinizle paylaşın.</p>']",MEZE,239b56,/tarif/mezeler/,"['Özel Beslenme', 'Vejetaryen', 'Atıştırmalık', 'Meze', 'Vegan', 'Video', 'Tuzlu Atıştırmalık', 'Bakliyat']",,"['Öğle Yemeği', 'Çay Saati']","['Tencere', 'Tava']","['Vejetaryen', 'Bol Proteinli']",False,1200,1800,2022-03-10T11:30:12Z,4.0,1537793,11735,False,True,True,0,,0,,,,2014/06/mercimek-koftesi-yeni-ytk.jpg,0,0,https://cdn.yemek.com/mnresize/940/940/uploads/2014/06/mercimek-koftesi-yeni-ytk.jpg,940,940,False,https://cdn.yemek.com/mncrop/300/200/uploads/2014/06/mercimek-koftesi-yeni-ytk.jpg,300,200,True,https://cdn.yemek.com/mncrop/940/625/uploads/2014/06/mercimek-koftesi-yeni-ytk.jpg,940,625,True,https://cdn.yemek.com/mncrop/620/388/uploads/2014/06/mercimek-koftesi-yeni-ytk.jpg,620,388,True,https://cdn.yemek.com/mncrop/600/315/uploads/2014/06/mercimek-koftesi-yeni-ytk.jpg,600,315,True,,,,,,
416,13732,ipeksare,https://cdn.yemek.com/author/262494/20200820091315_avatar.jpg,/profil/ipeksare/,Bol Malzemeli: Ev Usulü Pizza,Ev Usulü Pizza,/tarif/ev-usulu-pizza/,30 dk,30 dk,"<p>Hafif kabarmış bir hamuru ve bol bol malzemesiyle <a href=""https://yemek.com/tarif/pizza/"" target=""_blank"">pizzaların</a> en güzellerinden biridir ev usulü pizza.</p>
<p>Dışarıda bayılarak yediğimiz pizzaları aslında evinizde de çok kolay bir şekilde yapabilirsiniz. Eğer siz de ""<strong>Evde pizza nasıl yapılır?</strong>"" diyorsanız fırında pişen, bu kolay ve pratik karışık pizza tarifini çok sevecek, her fırsatta yapmak isteyeceksiniz.</p>
<p>Lezzetine doyum olmaz bu pizza tarifinin sırrı hamurunda saklı. Bu şekilde ağzınıza attığınızda yumuşacık dokusuyla sizi çok mutlu edecek, bol bol malzemesiyle de damaklarınızı şenlendirecek bir tarife dönüşüyor. ""<strong>Pizza hamuru nasıl yapılır?</strong>"" diye soranlara da adım adım resimli anlatımıyla tam kıvamında bir <a href=""https://yemek.com/tarif/pizza-hamuru/"" target=""_blank"">pizza hamuru</a> tarifi hazırladık, püf noktalarını da <a href=""https://yemek.com/pizza-hamuru-yapmanin-puf-noktalari/"" target=""_blank"">şurada</a> anlattık. Mutlaka göz atın deriz.</p>
<p>Ev yapımı pizza tarifinin adım adım resimli tarifi karşınızda!</p>
",recipe,"['tuz', 'toz şeker', 'un', 'sarımsak', 'zeytinyağı', 'zeytinyağı', 'fesleğen', 'rendelenmiş kaşar peyniri', 'kekik', 'ılık su', 'konserve mısır', 'kuru maya', 'sucuk', 'domates sos', 'biber', 'zeytin', 'rendelenmiş mozarella peyniri']","['Bir kabın içerisine kuru mayayı dökün ve üzerine ılık su ve şekeri ekleyerek güzelce karıştırın.', 'Daha sonra mayalı karışıma zeytinyağını ve tuzu ekleyip tahta kaşıkla karıştırın.', 'Unu azar azar ekleyin.', 'Hamur kıvama gelince elinizle yoğurmaya başlayın ve ele yapışmayan, yumuşak bir hamur haline gelene kadar yoğurmaya devam edin.', 'Hamur istediğiniz yumuşaklığa ulaşınca, kabın üzerini bir streç film ile kaplayıp en az 30 dakika hamurunuzu dinlendirin.', 'Dinlenen hamurunuzu un serptiğiniz tezgaha alıp, katlayarak havasını çıkarın.\xa0Hamuru toparlayıp, 2 ya da 3 parçaya ayırın. İnce hamurlu ve orta boy pizza yapmak istiyorsanız hamurunuzu 3’e bölün. Daha büyük ve kalın hamurlu 2 pizza yapmak istiyorsanız, ikiye bölebilirsiniz.', 'Kestiğiniz parçayı beze haline getirip un serptiğiniz tezgahın üzerinde merdane yardımıyla açın.', 'Dilediğiniz inceliğe ulaştığınızda pişirme kağıdı serdiğiniz tepsinin üzerine alın. Bir çatal yardımıyla pizza hamurunun üzerinde delikler açın ve önceden ısıtılmış 200 derece fırında 10 dakika pişirin.', 'Pizza sosunu, domates sosuna, fesleğen, kekik, sarımsak ve zeytinyağı ekleyerek hazırlayabilirsiniz.', '10 dakika sonra hafif pişen hamuru fırından çıkarıp, hazırladığınız domates sosundan üzerine sürün.', 'Pizza sosunun üzerine bolca rendelenmiş kaşar ya da mozarella peyniri yerleştirdikten sonra üzerine dileğiniz malzemeleri ekleyin. Malzemeleri yerleştirdikten sonra en üste tekrar rendelenmiş kaşar ekleyin.', 'Tekrar fırına koyun ve 20 dakika daha pişirin. Peynirler güzelce eriyip tüm malzemeler piştiğinde pizzanızı fırından çıkarabilirsiniz.', 'Pizza kesiciyle dilimleyip tüketebilirsiniz.', 'Afiyet olsun!']",PİZZA,239b56,/tarif/pizza/,"['Hamur İşi', 'Pizza']","['akşam yemeği', 'kahvaltı', 'öğle yemeği']","['Öğle Yemeği', 'Akşam Yemeği']",['Fırın'],,False,1800,1800,2022-03-11T10:00:52Z,4.0,1518606,6252,False,True,True,0,,0,,,,2022/03/ev-usulu-pizza-yemekcom.jpg,0,0,https://cdn.yemek.com/mnresize/940/940/uploads/2022/03/ev-usulu-pizza-yemekcom.jpg,940,940,False,https://cdn.yemek.com/mncrop/300/200/uploads/2022/03/ev-usulu-pizza-yemekcom.jpg,300,200,True,https://cdn.yemek.com/mncrop/940/625/uploads/2022/03/ev-usulu-pizza-yemekcom.jpg,940,625,True,https://cdn.yemek.com/mncrop/620/388/uploads/2022/03/ev-usulu-pizza-yemekcom.jpg,620,388,True,https://cdn.yemek.com/mncrop/600/315/uploads/2022/03/ev-usulu-pizza-yemekcom.jpg,600,315,True,['fırın'],,,,,
417,180,Yasemin Özaltın,https://cdn.yemek.com/author/35533/20181219061403_avatar.jpg,/profil/yasemingursurer/,20 Dakikada Buzlukta: Mozaik Pasta,Mozaik Pasta,/tarif/mozaik-pasta/,20 dk,20 dk,"<p>Biz çocukken mutfaktaki hummalı çalışmanın sonucu annelerimizin lezzetli ellerinden tüm ömrümüz boyunca unutamayacağımız kadar lezzetli <a href=""https://yemek.com/tarif/tatli/"" target=""_blank"">tatlılar</a>, <a href=""https://yemek.com/tarif/pasta-tatli/"" target=""_blank"">pastalar</a> çıkardı. Bu pasta hiç şüphesiz mozaik pastanın ta kendisiydi! Bu kolay mozaik pasta, küçük büyük herkesin bayılarak yediği lezzeti her daim garantili olan oldukça kolay ve pratik bir <a href=""https://yemek.com/tarif/"" target=""_blank"">tarif</a>. Hadi gelin bisküvili mozaik pastanın sırlarını bir bir anlatalım size. Anılarımıza doğru tatlı bir yolculuğa çıkaran, <strong>petibör bisküvili</strong> mozaik pasta tarifiyle karşınızdayız!</p>
<p>Bisküvi, tereyağı, toz şeker ve kakaonun bir araya gelip yaptığı en lezzetli pasta tariflerinden biri o. Biz bu kez farklı malzemeler ekleyerek <strong>klasik mozaik pasta</strong> tarifinin tadına da tat kattık. Bu üçgen mozaik pastanın yapımı o kadar kolay, pratik ve bir o kadar lezzetli ki...</p>
<p>Hadi o zaman! Buyursunlar en güzel mozaik pasta tarifine ve yapılış adımlarını gösteren mozaik pasta videomuza. <img src=""https://cdn.yemek.com/assets/images/smiley/smile.png"" class=""wp-smiley img-responsive"" /></p>
",recipe,"['süt', 'kakao', 'pudra şekeri', 'tereyağ', 'Hindistan cevizi', 'petibör bisküvi']","['Tereyağını eritin.', 'Pudra şekerini karıştırma kabına aktarın.\xa0Pudra şekerinin üzerine erittiğiniz tereyağını ve sütü dökün.\xa0Kakaoyu da ilave edin.', 'Malzemeleri çırpın.', 'Üzerine bisküvileri kırın.', 'Bisküvileri de koyduktan sonra tüm malzemeleri spatula yardımıyla nazikçe karıştırın.', 'Servis edeceğiniz kalıbın içini streç film ile kaplayın.', 'Tüm harcı ekleyin ve üzerini kapatın.', 'Buzdolabının dondurucu bölümünde 4 saat bekletin. Hindistan cevizi serpin. Dilimleyerek soğuk olarak servis edin.', 'Afiyet olsun!']",PASTA,239b56,/tarif/pasta-tatli/,"['Tatlı', 'Pasta', 'Video']","['ara öğün', 'çay saati']",['Çay Saati'],['Tencere'],['Ekonomik'],False,1200,1200,2022-03-18T14:40:39Z,4.0,1512620,8912,False,True,True,0,,0,,,,2022/03/mozaik-pasta-tarifi-yemekcom.jpg,0,0,https://cdn.yemek.com/mnresize/940/940/uploads/2022/03/mozaik-pasta-tarifi-yemekcom.jpg,940,940,False,https://cdn.yemek.com/mncrop/300/200/uploads/2022/03/mozaik-pasta-tarifi-yemekcom.jpg,300,200,True,https://cdn.yemek.com/mncrop/940/625/uploads/2022/03/mozaik-pasta-tarifi-yemekcom.jpg,940,625,True,https://cdn.yemek.com/mncrop/620/388/uploads/2022/03/mozaik-pasta-tarifi-yemekcom.jpg,620,388,True,https://cdn.yemek.com/mncrop/600/315/uploads/2022/03/mozaik-pasta-tarifi-yemekcom.jpg,600,315,True,,,,,,
418,29467,Yasemin Özaltın,https://cdn.yemek.com/author/35533/20181219061403_avatar.jpg,/profil/yasemingursurer/,3-2-1 Ölçüsüyle: Bayatlamayan Kabartma Tozlu Poğaça,Bayatlamayan Kabartma Tozlu Poğaça,/tarif/bayatlamayan-kabartma-tozlu-pogaca/,15 dk,15 dk,"<p>Hem çok kolay, hem çok hızlı, hem de yemesi pek keyifli muhteşem bir <a href=""https://yemek.com/tarif/pogaca/"" target=""_blank"">poğaça</a>...Bayatlamayan kabartma tozlu poğaça tarifi, hazırlandıktan sonra tadına bakıp da beğenmeyenini, ikincisini istemeyenini zor bulursunuz. İçindeki malzemelerin miktarlarından dolayı “3-2-1 poğaça <a href=""https://yemek.com/tarif/"" target=""_blank"">tarif</a>i” diye de bilinen bu güzelliği hala denemeyenler varsa diye zevkle paylaşıyoruz.</p>
<p>3-2-1 poğaça tarifi, malzemeleri ile de ekonomik! İçinde 3 paket kabartma tozu, 2 bardak yoğurt ve 1 yumurta var. Kabartma tozu ne kadar da çokmuş acı olur o diyorsanız, hiç de öyle olmadığını, inanılmaz yumuşak, aşırı lezzetli olduğunu deneyince anlayacaksınız. Üstelik de bayatlamıyor, hoş gerçi bayatlamasını bekleyecek kadar uzun süre yemeden duramayacaksınız o da ayrı.  O zaman siz aşağıda yazan diğer malzemeleri de hazırlayıverin, <a href=""https://yemek.com/tarif/yumusak-pogaca/"" target=""_blank"">yumuşacık poğaça</a>mızı yapalım. Şimdiden afiyetler olsun.</p>
",recipe,"['tuz', 'toz şeker', 'un', 'kabartma tozu', 'yoğurt', 'yumurta sarısı', 'sirke', 'beyaz peynir', 'susam', 'yumurta beyazı', 'sıvı yağ']","['Bir yoğurma kabına; yağ, yoğurt ve yumurta beyazını alıp güzelce karıştırın.', 'Ardından kabartma tozları, tuz, şeker ve sirkeyi de ilave edip, tekrar karıştırın.', 'Unu azar azar ilave ederek yoğurmaya başlayın. Hafifçe ele yapışan bir hamur elde edeceksiniz.', 'Hazırladığınız hamurdan mandalinadan biraz küçük olacak parçalar kopartın. Elinizle yuvarlayın ve avucunuzla bastırıp yassılaştırın.', 'Yassılaştırdığınız hamur parçasının ortasına bir çatalla ezdiğiniz beyaz peynirden biraz koyun.', 'Kenarlarını birleştirip kapatın ve tekrar yuvarladıktan sonra yağlı kağıt serdiğiniz bir fırın tepsisine yerleştirin.', 'Tüm hamuru bu şekilde hazırlayıp tepsiye dizin.', 'Üstlerine bir fırça yardımıyla yumurta sarısı sürün ve susam serpin. Önceden ısıttığınız 200 derece fırında, üstleri kızarana dek yaklaşık 15 dakika pişirin.', 'Tepsiyi fırından aldıktan sonra ılıklaşmasını bekleyin ve ardından servis edin.']",POĞAÇA,239b56,/tarif/pogaca/,"['Hamur İşi', 'Kahvaltılık', 'Poğaça', 'Video']","['kahvaltı', 'çay saati']","['Kahvaltı', 'Çay Saati']",['Fırın'],['Vejetaryen'],False,900,900,2018-01-31T07:11:19Z,4.0,1443090,8543,False,True,False,0,,0,,,,2018/01/bayatlamayan-pofuduk-pogaca-yemekcom.jpg,0,0,https://cdn.yemek.com/mnresize/940/940/uploads/2018/01/bayatlamayan-pofuduk-pogaca-yemekcom.jpg,940,940,False,https://cdn.yemek.com/mncrop/300/200/uploads/2018/01/bayatlamayan-pofuduk-pogaca-yemekcom.jpg,300,200,True,https://cdn.yemek.com/mncrop/940/625/uploads/2018/01/bayatlamayan-pofuduk-pogaca-yemekcom.jpg,940,625,True,https://cdn.yemek.com/mncrop/620/388/uploads/2018/01/bayatlamayan-pofuduk-pogaca-yemekcom.jpg,620,388,True,https://cdn.yemek.com/mncrop/600/315/uploads/2018/01/bayatlamayan-pofuduk-pogaca-yemekcom.jpg,600,315,True,,,,,,
419,129,Yasemin Özaltın,https://cdn.yemek.com/author/35533/20181219061403_avatar.jpg,/profil/yasemingursurer/,Lokanta Usulü: Köri Soslu Tavuk,Köri Soslu Tavuk,/tarif/kori-soslu-tavuk/,20 dk,10 dk,"<p>Baharat sevenleri, her yaptığı <a href=""https://yemek.com/tarif/"" target=""_blank"">yemek tarifinin</a> içine tuz hariç mutlaka en az 2 baharat ekleyenleri, körinin kokusunu da tadını da çok sevenleri böyle alalım. Güneydoğu Asya Mutfağı'nın vazgeçilmez baharatı köri, içerisinde bulunan sumak, zencefil, kimyon, kişniş vb. baharatlarla tam bir şifa kaynağı olma özelliğini taşıyor. Beyaz etlerle harika bir uyum yakalayan köri, en çok <a href=""https://yemek.com/tarif/tavuk/"" target=""_blank"">tavuk etini</a> seviyor. Karşınızda nefis mi nefis: <strong>Köri soslu tavuk tarifi!</strong></p>
<p>Resimli anlatımıyla, en pratik ve yemelere doyum olmaz körili tavuk tarifini veriyor, köri sos nasıl yapılır tek tek anlatıyoruz. Yanına <a href=""https://yemek.com/tarif/patates-puresi/"" target=""_blank"">patates püresi</a>, <a href=""https://yemek.com/tarif/salata/"" target=""_blank"">salata</a> ya da <a href=""https://yemek.com/tarif/pilav/"" target=""_blank"">pilavla</a> servis edebilirsiniz. Lokantalarda sunulan köri soslu tavuklardan çok daha lezzetli oluyor, yiyen herkes tarifini istiyor. Bu lezzeti sık sık pişirmek isteyeceksiniz. Şimdiden ellerinize sağlık diyor, <a href=""https://yemek.com/soslu-tavuk-yemekleri/"" target=""_blank"">soslu tavuk yemekleri</a> arasında en çok sevilen bu kolay yemek tarifimize buyur ediyoruz.</p>
<p>Köri sosun tadını sevdiyseniz belki sonra <a href=""https://yemek.com/tarif/kremali-korili-tavuklu-makarna/"" target=""_blank"">köri soslu makarna tarifine</a> de şans vermek isteyebilirsiniz. Afiyet olsun!</p>
",recipe,"['tereyağı', 'sıcak su', 'tuz', 'un', 'maydanoz', 'karabiber', 'kuşbaşı tavuk göğsü', 'soğuk süt', 'köri', 'sıvı yağ']","['Sıvı yağını bir tavada kızdırın. Kuşbaşı\xa0doğranmış tavuk göğsünü aktarın.', 'Renk alıp, suyunu çekene kadar orta ateşte kavurun.', 'Köri sosu hazırlamak için; ayrı bir tavada tereyağını sos tenceresinde eritin.', 'Unu da üzerine ekleyin ve\xa0 kokusu çıkıp, renk alana kadar karıştırarak kavurun.', 'Kavrulan una soğuk sütü ekleyin ve unun topaklanmaması için bir çırpıcı yardımıyla hızlıca karıştırın.', 'Sıcak su, köri, tuz ve karabiberi katın.', 'Sosu, kısık ateşte koyu bir kıvam alana kadar sürekli karıştırarak 4- 5 dakika pişirin.', 'Hazırladığınız sosu, kavrulan tavuklara ekleyin ve harmanladıktan sonra pişirme işlemini 5 dakika kadar sürdürün.', 'İncecik kıyılmış bir avuç maydanozu, köri soslu tavuğa ilave ettikten sonra bekletmeden sıcak olarak servis edin.', 'Köri soslu tavuk tarifi hazır. Afiyet olsun!']",TAVUK,239b56,/tarif/tavuk/,"['Tavuk', 'Video']","['ekonomik', 'akşam yemeği', 'öğle yemeği']","['Öğle Yemeği', 'Akşam Yemeği']",['Tencere'],"['Ekonomik', 'Bol Proteinli']",False,1200,600,2019-05-14T13:24:40Z,4.0,1396751,11895,False,True,True,0,,0,,,,2014/06/kori-soslu-tavuk-yemekcom.jpg,0,0,https://cdn.yemek.com/mnresize/940/940/uploads/2014/06/kori-soslu-tavuk-yemekcom.jpg,940,940,False,https://cdn.yemek.com/mncrop/300/200/uploads/2014/06/kori-soslu-tavuk-yemekcom.jpg,300,200,True,https://cdn.yemek.com/mncrop/940/625/uploads/2014/06/kori-soslu-tavuk-yemekcom.jpg,940,625,True,https://cdn.yemek.com/mncrop/620/388/uploads/2014/06/kori-soslu-tavuk-yemekcom.jpg,620,388,True,https://cdn.yemek.com/mncrop/600/315/uploads/2014/06/kori-soslu-tavuk-yemekcom.jpg,600,315,True,"['tencere', 'bol proteinli']",,,,,
420,313,Yasemin Özaltın,https://cdn.yemek.com/author/35533/20181219061403_avatar.jpg,/profil/yasemingursurer/,Yağ Çekmeden Pişer: Mücver,Mücver,/tarif/mucver/,15 dk,15 dk,"<p>Türk mutfağının, mutfağımıza ait tüm <a href=""https://yemek.com/tarif/"" target=""_blank"" rel=""noopener"">yemek tariflerinin</a> uzağında ama çok sevilen kuzeni ya da teyzesidir mücver tarifi. Her öğün göremezsin, her akşam yemezsin, yiyemezsin. Ancak her gördüğünde mutlu olursun; daha çok görmek istersin. Özeldir, yeri ayrıdır. Herkes güzelini yapamaz.</p>
<p>Arzu ettiğiniz yeşillik, patates, havuç hatta kereviz gibi <a href=""https://yemek.com/tarif/sebze/"" target=""_blank"" rel=""noopener"">sebze</a>leri de ekleyerek hazırlayabileceğiniz bir <a href=""https://yemek.com/tarif/atistirmaliklar/"" target=""_blank"" rel=""noopener"">atıştırmalık</a>, kolay mücver tarifimiz var. Ne güzel olur <strong>kabak mücveri</strong>, küçük püf noktaları vardır onun. Çok fazla yağ çekmemesi için yağı önceden kızdırmalı, rendelenmiş sebzelerin suyunu sıkmalı, sebzelerin taze olmasına dikkat etmeli örneğin.</p>
<p>Anne eli değmiş mücver, bu tarifte biraz daha renk kazanıyor. Yeşillik ve kabakların yanına havuç da katılıyor. Ana yemeğiniz ne olursa olsun bugün sofranızda <strong>kızarmış çıtır mücverler</strong> de yer alsın bizce.</p>
<p>Daha fazla mücver çeşidi görmek isteyenleri ise şöyle alabiliriz: <a href=""https://yemek.com/mucver-tarifleri/"" target=""_blank"" rel=""noopener"">Mücver Tarifleri</a></p>
<p>Kızartmalardan uzak duruyorsanız sizi fırında kabak mücveri tarifimize şuradan davet edelim: <a href=""https://yemek.com/tarif/firinda-mucver/"" target=""_blank"" rel=""noopener"">Fırında Mücver Tarifi, Nasıl Yapılır?</a></p>
<p>Videolu tarifimize aşağıya bırakıyoruz. Keyfini çıkarmanız dileğiyle!</p>",recipe,"['tuz', 'yumurta', 'un', 'karabiber', 'havuç', 'taze soğan', 'kabak', 'dereotu', 'sıvı yağ']","['<p>Mücver için bol suda yıkadığınız kabakları rendenin\xa0iri kısmıyla rendeleyin.\xa0Mücveri sulandırmaması için; rendelenmiş kabakların suyunu sıkarak çıkartın.</p>', '<p>Geniş bir kapta rendelenen kabakları, havucu, yumurtayı, taze soğanı, dereotunu, tuzu, karabiberi birleştirin.</p>', '<p>Unu da ilave edip tüm malzemeler birbiriyle harmanlayın.</p>', '<p>Tüm malzemeler macun kıvamını alana kadar spatula yardımıyla karıştırın.</p>', '<p>Her bir mücver 1 tepeleme yemek kaşığı olacak şekilde ayarlayıp tavaya dökün.</p>', '<p>Kızgın yağda altın sarısı rengini alana kadar kızartın. Mücverlerin fazla yağını havlu kağıda süzdürdükten sonra servis tabağına alın ve çırpılmış yoğurt ile servis edin. Afiyet olsun!</p>']",SEBZE,239b56,/tarif/sebze/,"['Sebze', 'Özel Beslenme', 'Vejetaryen', 'Video', 'Kızartma', 'Mevsiminde']",,['Çay Saati'],['Kızartma'],"['Ekonomik', 'Vejetaryen']",False,900,900,2021-11-09T03:30:59Z,4.0,1738171,11618,False,True,True,0,,0,,,,2014/07/mucver-ytk-site.jpg,0,0,https://cdn.yemek.com/mnresize/940/940/uploads/2014/07/mucver-ytk-site.jpg,940,940,False,https://cdn.yemek.com/mncrop/300/200/uploads/2014/07/mucver-ytk-site.jpg,300,200,True,https://cdn.yemek.com/mncrop/940/625/uploads/2014/07/mucver-ytk-site.jpg,940,625,True,https://cdn.yemek.com/mncrop/620/388/uploads/2014/07/mucver-ytk-site.jpg,620,388,True,https://cdn.yemek.com/mncrop/600/315/uploads/2014/07/mucver-ytk-site.jpg,600,315,True,,,"['Haziran', 'Temmuz', 'Ağustos']",,,
421,272,Neşe Ümit Tan,https://cdn.yemek.com/author/208653/20190910030615_avatar.jpg,/profil/neseumit/,Tam Kıvamında: Sütlaç,Sütlaç,/tarif/sutlac/,31 dk,5 dk,"<p><a href=""https://yemek.com/tarif/"" target=""_blank"">Yemek tariflerinin</a> en tatlı, en sevilen ismi, <a href=""https://yemek.com/tarif/sutlu-tatlilar/"" target=""_blank"">sütlü tatlılar</a>ın en besleyicisi, pirincin en güzel halidir sütlaç tarifi. Tencerede kıvam aldıktan sonra ısıya dayanıklı toprak kaplara paylaştırılıp fırında kızaran hali <a href=""https://yemek.com/tarif/firin-sutlac/"" target=""_blank"">fırın sütlaç</a> ismini alır. Çocukluk yıllarından aşina olduğumuz besleyici bir tatlıdır. <a href=""https://yemek.com/"" target=""_blank"">Tarifler</a> içinde özellikle sütlü tatlıların ve <a href=""https://yemek.com/tarif/tatli/"" target=""_blank"">tatlı tariflerinin</a> en şahanesidir!</p>
<p>Ev yapımı sütlacı tam kıvamında ve tam ölçülü yapmak için birkaç püf noktasına ihtiyacınız var. Klasik sütlaçtan vazgeçemeyenlerin evde nefis <a href=""https://yemek.com/tarif/firin-sutlac/"" target=""_blank"">fırın sütlaçlar</a> yapmasını sağlayacak olan ve en güzel sütlaç tarifine ulaşmanızı sağlayacak bu tarifi bir köşeye not edin deriz. <a href=""https://yemek.com/tarif/sutlu-tatlilar/"" target=""_blank"">Sütlü tatlıların</a> en güzeli, <a href=""https://yemek.com/ramazan-tatlilari/"" target=""_blank"">ramazan için tatlılardan</a> <strong>en hafif sütlaç tarifi</strong> karşınızda!</p>
",recipe,"['pirinç', 'sıcak su', 'toz şeker', 'süt', 'su', 'buğday nişastası']","['Sadece bir kez sudan geçirerek yıkadığınız\xa0pirinci tencereye alın ve\xa02 su bardağı sıcak suyu ekleyerek kısık ateşte pişirmeye başlayın. Bu sırada ara ara nazikçe karıştırın.', 'Pirinç, suyu çekip lapa hale gelince üzerine sütü ilave edin. Karıştırın ve\xa0süt kaynayana kadar ara ara karıştırmaya devam edin. Kaynadıktan sonra altını kısın, 8-10 dakika daha bu şekilde karıştırarak kısık ateşte pişirin.', 'Ardından şekeri ekleyin, karıştırın. Tekrar kaynamasını bekleyin ve 4-5 dakika daha da kısık ateşte bu şekilde kaynatın.', 'Nişastayı eklemek için bir kabın içerisine alın, 1 çay bardağı suyla karıştırın.', 'Aynı anda hem karıştırıp hem tencereye ekleyin. Azar azar dökerek eklerseniz topaklanma riskini de engellemiş olursunuz.\xa0Karıştırdıktan sonra hafifçe kıvam alana kadar pişirin. Bu sırada tekrar kaynayacak ve minik minik balonların yüzeye ulaştığını göreceksiniz, bunu gördükten sonra kısık ateşe alıp 1-2 dakika daha pişirin ve ardından ocaktan alın.', 'Bu noktada sütlacın kıvamı akışkan bir boza kıvamında olmalıdır.\xa0Sütlaç harcını bir kepçeyle kaselere dağıtın.', 'Oda sıcaklığında soğuduktan\xa0sonra buzdolabında en az 2 saat, tercihen 1 akşam kadar bekletin ve servis etmeden önce buzdolabından çıkarıp 5 dakika bekletin, tarçın serperek servis edin.', 'Afiyet olsun!']",SÜTLÜ TATLI,239b56,/tarif/sutlu-tatlilar/,"['Tatlı', 'Ramazan', 'Sütlü Tatlı', 'Video']",['çay saati'],['Çay Saati'],['Tencere'],,False,1860,300,2022-03-11T07:15:20Z,4.0,1693684,4171,False,True,True,0,,0,,,,2019/05/sutlac-guncelleme-sunum-1.jpg,0,0,https://cdn.yemek.com/mnresize/940/940/uploads/2019/05/sutlac-guncelleme-sunum-1.jpg,940,940,False,https://cdn.yemek.com/mncrop/300/200/uploads/2019/05/sutlac-guncelleme-sunum-1.jpg,300,200,True,https://cdn.yemek.com/mncrop/940/625/uploads/2019/05/sutlac-guncelleme-sunum-1.jpg,940,625,True,https://cdn.yemek.com/mncrop/620/388/uploads/2019/05/sutlac-guncelleme-sunum-1.jpg,620,388,True,https://cdn.yemek.com/mncrop/600/315/uploads/2019/05/sutlac-guncelleme-sunum-1.jpg,600,315,True,,,,,,
422,125,Yasemin Özaltın,https://cdn.yemek.com/author/35533/20181219061403_avatar.jpg,/profil/yasemingursurer/,Basit Malzemelerle: Kolay Tiramisu,Kolay Tiramisu,/tarif/kolay-tiramisu/,15 dk,15 dk,"<p>""Tiramisu hangi ülkeye ait?"" diyenlere hemen cevap vererek başlayalım. İtalyan asıllı bir <a href=""https://yemek.com/tarif/tatli/"" target=""_blank"">tatlı</a> olan <a href=""https://yemek.com/tarif/tiramisu/"" target=""_blank"">tiramisu</a>, ülkemizde son yıllarda popüler olmasıyla tanınır. Mutluluk ve enerji veren bir tatlı olduğu için de İtalyanlar bu tatlıya 'Beni yukarı çek, beni yukarı kaldır' anlamına gelen tiramisu ismini vermiştir. Bu hali de onun oldukça pratikleşmiş hali. Hazır kekle yapılan bu kolay tiramisu tarifi üstelik 30 dakikada hazır.</p>
<p>""Tiramisu nasıl yapılır?"" diyenler için tiramisu <a href=""https://yemek.com/tarif/kek/"" target=""_blank"">kek</a>inin labneli tiramisu kremasıyla nasıl buluştuğunu adım adım resimli bir şekilde anlatıyor, nefis süslemesiyle en güzel ve en pratik ev yapımı tiramisunun yapılışını tüm detaylarıyla anlatıyoruz!</p>
<p>İşte iştah açıcı görüntüsü ve lezzetiyle kolay tiramisu tarifi! En kısa zamanda onu çayınızın, kahvenizin yanına konuk edin deriz. Hem zamandan kazandıran hem de konuklarınıza nefis bir ikramda bulunmak istediğinizde de kurtarıcılarınızdan biri olacak nefis tarifimize davetlisiniz. Mevsimine göre de kolay tiramisularınızın üzerini dilediğiniz meyve ile süsleyebilirsiniz. Şimdiden ellerinize sağlık diyoruz.</p>
<p>Bu arada ""Ben kedi dili ile yapılan orijinal tiramisu <a href=""https://yemek.com/tarif/"" target=""_blank"">tarif</a>ini de merak ediyorum"" derseniz onun tarifini de hemen şöyle bırakıyoruz: <a href=""https://yemek.com/tarif/kedi-dilli-tiramisu/"" target=""_blank"">Kedidilli tiramisu tarifi, nasıl yapılır?</a></p>
",recipe,"['sıcak su', 'toz şeker', 'toz şeker', 'süt', 'un', 'yumurta sarısı', 'kakao', 'hazır kek', 'granül kahve', 'labne peyniri']","['Tiramisunun kremasını hazırlamak için; 2 su bardağı süt, 5 yemek kaşığı toz şeker, 3 yemek kaşığı un ve 1 adet\xa0 yumurta sarısını tencereye alın.', 'Sürekli karıştırarak orta ateşte muhallebi kıvamına gelene kadar pişirin. Piştikten sonra kremayı soğumaya bırakın.', 'Kek tabanını ıslatmak için; bir kasede 1 su bardağı sıcak suya, 1 yemek kaşığı granül kahve ve 1 tatlı kaşığı toz şekerini eriyene kadar karıştırın.', 'Pişirip soğumaya bıraktığınız kremaya 200 gram labne peynirini ekleyin ve bir mikser yardımıyla pürüzsüz bir kıvam alana kadar çırpın.', 'Servis tabağına ya da bir borcama pasta tabanının bir katını yerleştirin.', 'Kahveli karışımın yarısıyla keki ıslatın.', 'Üzerine hazırladığınız kremanın yarısını yayın.', 'Pastanın diğer katını da üzerine koyun ve\xa0 kahveli karışımla ıslatın. Kalan krema ile pastanın üzerini tamamen kaplayın.', 'Son olarak üzerine kakao serpiştirin.', 'Çilek dilimleriyle süsleyip buzdolabında 1- 2 saat beklettikten sonra dilimleyerek servis edin.\xa0Afiyet olsun!']",TATLI,239b56,/tarif/tatli/,"['Tatlı', 'Video', 'Dünya Mutfakları']","['ekonomik', 'ara öğün', 'çay saati']",['Çay Saati'],['Tencere'],['Vejetaryen'],False,900,900,2022-03-31T14:48:27Z,4.0,1687627,4451,False,True,True,0,,0,,,,2014/06/kolay-tiramisu-yemekcom.jpg,0,0,https://cdn.yemek.com/mnresize/940/940/uploads/2014/06/kolay-tiramisu-yemekcom.jpg,940,940,False,https://cdn.yemek.com/mncrop/300/200/uploads/2014/06/kolay-tiramisu-yemekcom.jpg,300,200,True,https://cdn.yemek.com/mncrop/940/625/uploads/2014/06/kolay-tiramisu-yemekcom.jpg,940,625,True,https://cdn.yemek.com/mncrop/620/388/uploads/2014/06/kolay-tiramisu-yemekcom.jpg,620,388,True,https://cdn.yemek.com/mncrop/600/315/uploads/2014/06/kolay-tiramisu-yemekcom.jpg,600,315,True,,,,['İtalya'],,
423,127,Gökçen Mutaf,https://cdn.yemek.com/author/23120/20181227103819_avatar.jpeg,/profil/gokcenmutaf/,Ağızda Dağılan Mükemmel Kıvamıyla: Elmalı Kurabiye,Elmalı Kurabiye,/tarif/elmali-kurabiye/,25 dk,20 dk,"<p><a href=""https://yemek.com/kurabiye-tarifleri-puf-noktalari/"" target=""_blank"">Kurabiye tariflerinin</a> en güzellerinden biri olan en güzel elmalı kurabiye karşınızda! Ağızda dağılan kıvamıyla, <a href=""https://yemek.com/pratik-kurabiye-tarifleri/"" target=""_blank"">pratik kurabiyelerden</a> oluşuyla kalplerinizi çalmaya gelecek bu kıyır kıyır <a href=""https://yemek.com/elmali-kurabiye-tarifleri/"" target=""_blank"">elmalı kurabiye tarifi</a> şekilleriyle, malzemeleriyle, hamuruyla tam ölçülü <a href=""https://yemek.com/tarif/kolay-elmali-kurabiye/"" target=""_blank"">elmalı kurabiye</a> yapmak isteyenlerin yardımına koşacak.</p>
<p><strong>Elmalı kurabiyenin gevrek olmas</strong>ı için yapılması gerekenlerden, nasıl saklanacağına kadar elmalı kurabiye yapmanın tüm püf noktalarını da bulabileceğiniz bu en güzel denenmiş elmalı kurabiye <a href=""https://yemek.com/tarif/"" target=""_blank"">tarifi</a> için çay suyunun altını koyalım hafiften. Elmalı <a href=""https://yemek.com/tarif/kurabiye/"" target=""_blank"">kurabiyeler</a> bizi bekler. Ağızda dağılan, tarçınlı <strong>elmalı kurabiye tarifi</strong>miz için mutfağa davetlisiniz. Afiyetler olsun şimdiden.</p>
",recipe,"['limon suyu', 'toz şeker', 'toz şeker', 'un', 'yoğurt', 'tarçın', 'karbonat', 'tereyağı (oda ısısında bekletilmiş)', 'dövülmüş ceviz içi', 'sıvı yağ', 'kırmızı elma']","['Elmalı kurabiye tarifini hazırlamak için\xa0 rendelenmiş elmaları tavaya alın. Üzerine toz şekeri ilave edin. Karamelize olana dek pişirin.', 'Piştikten sonra üzerine yarım su bardağı kadar dövülmüş ceviz ve tarçın ekleyin, karıştırın.', 'Hamurunu hazırlamak için derin bir kaseye oda sıcaklığında yumuşamış tereyağı, sıvı yağ, yoğurt, toz şeker, limon suyu ve karbonatı ekleyin. Güzelce yoğurun ve ardından unu da azar azar ekleyerek, ele yapışmayan fakat yumuşak olan bir hamur elde edin.', 'Hamuru tezgahın üzerinde toparlayın.', 'Tezgaha hafifçe un serperek açın. Yuvarlak şekiller çıkarıp elmalı harcı ortasına koyun ve iki yandan katlayın.', 'Pişirme kağıdı serdiğiniz fırın tepsisine kurabiyeleri dizin ve önceden ısıtılmış 180 derece fırında üzeri kızarana kadar, yaklaşık 20-25 dakika pişirin.', 'Oda sıcaklığına geldikten sonra üzerine pudra şekeri serpiştirin. Kurabiyeleriniz artık servise hazır! Afiyet olsun..', 'Afiyet olsun..']",TATLI KURABİYE,239b56,/tarif/tatli-kurabiyeler/,"['Kurabiye', 'Video', 'Tatlı Kurabiye']",['çay saati'],['Çay Saati'],['Fırın'],,False,1500,1200,2022-03-11T07:30:23Z,4.0,1597377,7917,False,True,True,0,,0,,,,2022/03/elmali-kurabiye-tarifi-yemekcom.jpg,0,0,https://cdn.yemek.com/mnresize/940/940/uploads/2022/03/elmali-kurabiye-tarifi-yemekcom.jpg,940,940,False,https://cdn.yemek.com/mncrop/300/200/uploads/2022/03/elmali-kurabiye-tarifi-yemekcom.jpg,300,200,True,https://cdn.yemek.com/mncrop/940/625/uploads/2022/03/elmali-kurabiye-tarifi-yemekcom.jpg,940,625,True,https://cdn.yemek.com/mncrop/620/388/uploads/2022/03/elmali-kurabiye-tarifi-yemekcom.jpg,620,388,True,https://cdn.yemek.com/mncrop/600/315/uploads/2022/03/elmali-kurabiye-tarifi-yemekcom.jpg,600,315,True,,,,,,
424,3424,Ege Şahin,https://cdn.yemek.com/author/464113/20220221123420_avatar.jpg,/profil/egesahin/,Kıyır Kıyır: Üç Malzemeli Un Kurabiyesi,Üç Malzemeli Un Kurabiyesi,/tarif/uc-malzemeli-un-kurabiyesi/,15 dk,10 dk,"<p>Eşe dosta <a href=""https://yemek.com/tarif/un-kurabiyesi/"" target=""_blank"">un kurabiyesi</a> tarifi soranlar, telefonda un kurabiyesi nasıl yapılır diye dert yananlar, neredeyse rüyasında un kurabiyesi görenler... Hoş geldiniz, doğru yerdesiniz.</p>
<p>Günün en tatlı saatleri akşam üzeri olmuş, belki de tatlısıyla tuzlusuyla uzun uzadıya keyfi çıkacak bir <a href=""https://yemek.com/tarif/kahvaltiliklar/"" target=""_blank"">kahvaltı</a> sofrası hazırlıyorsunuz. Ya da akşam yemeği sonrası çay keyfinizi taçlandıracak tatlı bir hamur işi aradığınız. Öyleyse sadece 10 dakikada hazırlanan üç malzemeli un kurabiyesi <a href=""https://yemek.com/tarif/"" target=""_blank"">tarif</a>ine alalım sizi. Bu kurabiyeler bir şahane.</p>
<p>Sıvı yağ, pudra şekeri ve un ilavesiyle hazırlanan bu <a href=""https://yemek.com/tarif/tatli-kurabiyeler/"" target=""_blank"">tatlı kurabiye</a>ler, kaşıkla şekil alıp önceden ısıtılmış 175 derece fırında 15 dakika gibi kısa bir sürede pişiyor. Demleyin çayı, kurulun en sevdiğiniz koltuğa. Kurabiyeleriniz olmak üzere, afiyet olsun.</p>
",recipe,"['un', 'pudra şekeri', 'pudra şekeri', 'sıvı yağ']","['Sıvı yağ ve pudra şekerini derin bir kaba alın, karıştırın.', 'Ardından unu aşamalı olarak ekleyin.\xa0Hamuru toparlamak için iyice yoğurun. Hamurdan parçalar koparıp silindir şeklini verin.', 'Verev şekilde kesin.', 'Yağlı kağıt serilmiş fırın tepsisine aralıklı olarak yerleştirin.', 'Üzerlerini çatal ile çizin. Önceden ısıtılmış 175 derece fırında 15 dakika pişirin.', 'Arzuya göre üzerine pudra şekeri serperek servis edin. Afiyet olsun!']",TATLI KURABİYE,239b56,/tarif/tatli-kurabiyeler/,"['Kurabiye', 'Tatlı Kurabiye']",['çay saati'],['Çay Saati'],['Fırın'],['Ekonomik'],False,900,600,2022-12-28T11:10:00Z,4.0,1569331,4413,False,False,True,0,,0,,,,2015/09/uc-malzemeli-un-kurabiyesi-yemekcom.jpg,0,0,https://cdn.yemek.com/mnresize/940/940/uploads/2015/09/uc-malzemeli-un-kurabiyesi-yemekcom.jpg,940,940,False,https://cdn.yemek.com/mncrop/300/200/uploads/2015/09/uc-malzemeli-un-kurabiyesi-yemekcom.jpg,300,200,True,https://cdn.yemek.com/mncrop/940/625/uploads/2015/09/uc-malzemeli-un-kurabiyesi-yemekcom.jpg,940,625,True,https://cdn.yemek.com/mncrop/620/388/uploads/2015/09/uc-malzemeli-un-kurabiyesi-yemekcom.jpg,620,388,True,https://cdn.yemek.com/mncrop/600/315/uploads/2015/09/uc-malzemeli-un-kurabiyesi-yemekcom.jpg,600,315,True,,,,,,
425,4487,Gökçen Mutaf,https://cdn.yemek.com/author/23120/20181227103819_avatar.jpeg,/profil/gokcenmutaf/,Brownie'yi Andıran: Islak Kurabiye,Islak Kurabiye,/tarif/islak-kurabiye/,25 dk,15 dk,"<p>Kakaolu kurabiyenin şerbetle buluşmasından hazırlanan ıslak kurabiye, kakaolu tatlıları sevenlere göre. <strong>Sıcak kurabiyelerin ıslatılması kakao tadını yoğunlaştırıyor </strong>ve <a href=""https://yemek.com/tarif/kurabiye/"" target=""_blank"" rel=""noopener"">kurabiyeye</a> ağızda dağılan bir kıvam veriyor. Islak kurabiye tarifini çay saatleri için keyifle hazırlayabilir, bu esmer kurabiyeleri yanında bir fincan kahve eşliğinde tatlı bir atıştırmalık olarak da tüketebilirsiniz.</p>
<p><a href=""https://yemek.com/tarif/brownie/"" target=""_blank"" rel=""noopener"">Brownie</a>'yi andıran bu lezzetli <a href=""https://yemek.com/tarif/browni-kurabiye/"" target=""_blank"" rel=""noopener"">browni tadında kurabiye</a>leri kısa sürede hazırlayabilir, yorumlarınızı bizlerle paylaşabilirsiniz.</p>",recipe,"['yumurta', 'toz şeker', 'un', 'kabartma tozu', 'su', 'rendelenmiş Hindistan cevizi', 'kakao', 'pudra şekeri', 'tereyağı (oda sıcaklığında bekletilmiş)', 'vanilin', 'sıvı yağ']","['<div>\n<div>\n<div dir=""ltr"">\n<div>\n<div>Islak kurabiye için derince bir karıştırma kabına oda ısısındaki tereyağını, sıvı yağı, yumurtayı, pudra şekerini, kakaoyu, vanilin ve kabartma tozunu alın.</div>\n</div>\n</div>\n</div>\n</div>', '<p>Tüm malzemeleri özleşene\xa0kadar\xa0karıştırın.</p>', '<div>\n<div>\n<div dir=""ltr"">\n<div>\n<div>Ardından unu yavaş yavaş ekleyerek, ele yapışmayan bir hamur elde edin.</div>\n</div>\n</div>\n</div>\n</div>', '<div>\n<div>\n<div dir=""ltr"">\n<div>\n<div>Hazırladığınız hamurdan ceviz büyüklüğünde parçalar koparın.</div>\n</div>\n</div>\n</div>\n</div>', '<p>Avucunuzda yuvarlayın ve parmağınızla ortasına hafifçe bastırdıktan sonra, yağlı kağıt serilmiş bir fırın tepsisine dizin.\xa0Önceden ısıtılmış 180 derece fırında yaklaşık 20 dakika kadar pişirin.</p>', '<div>\n<div>\n<div dir=""ltr"">\n<div>\n<div>Kurabiyeleriniz fırındayken şerbeti için gerekli olan şeker ve suyu homojen karışana kadar kaynattıktan sonra bir kaseye alın ve soğutun.</div>\n</div>\n</div>\n</div>\n</div>', '<div>\n<div>\n<div dir=""ltr"">\n<div>\n<div>Kurabiyeler fırından çıkınca 2 dakika kadar bekletin ve ardından teker teker hazırladığınız şerbete atın, arkalı önlü çevirin ve bir servis tabağına dizin.</div>\n</div>\n</div>\n</div>\n</div>', '<div>\n<div>\n<div dir=""ltr"">\n<div>\n<div>Tüm kurabiyeleri bu şekilde şerbete batırdıktan sonra kalan şerbeti de üstlerine gezdirin ve tüm şerbeti çekene dek bekletin.</div>\n</div>\n</div>\n</div>\n</div>', '<div>\n<div>\n<div dir=""ltr"">\n<div>\n<div>Kurabiyeler şerbeti çektikten sonra üstlerini Hindistan cevizi ile süsleyin ve servis edin. Afiyet olsun.</div>\n</div>\n</div>\n</div>\n</div>']",TATLI KURABİYE,239b56,/tarif/tatli-kurabiyeler/,"['Kurabiye', 'Tatlı Kurabiye']",,['Çay Saati'],['Fırın'],['Ekonomik'],False,1500,900,2022-03-16T06:08:50Z,4.0,1542043,9538,False,False,True,0,,0,,,,2016/01/islak-kurabiye-tarifi-son.jpg,0,0,https://cdn.yemek.com/mnresize/940/940/uploads/2016/01/islak-kurabiye-tarifi-son.jpg,940,940,False,https://cdn.yemek.com/mncrop/300/200/uploads/2016/01/islak-kurabiye-tarifi-son.jpg,300,200,True,https://cdn.yemek.com/mncrop/940/625/uploads/2016/01/islak-kurabiye-tarifi-son.jpg,940,625,True,https://cdn.yemek.com/mncrop/620/388/uploads/2016/01/islak-kurabiye-tarifi-son.jpg,620,388,True,https://cdn.yemek.com/mncrop/600/315/uploads/2016/01/islak-kurabiye-tarifi-son.jpg,600,315,True,,,,,,
426,134,Yasemin Özaltın,https://cdn.yemek.com/author/35533/20181219061403_avatar.jpg,/profil/yasemingursurer/,Tüm Püf Noktalarıyla: Mercimek Köftesi,Mercimek Köftesi,/tarif/mercimek-koftesi/,20 dk,30 dk,"<p>Altın günlerinin vazgeçilmez lezzeti, bekarların ve öğrenci evlerinin gözdesi mercimekli köfte pratik olmasının yanı sıra besleyici ve lezzetli bir <a href=""https://yemek.com/tarif/"" target=""_blank"" rel=""noopener"">tarif</a>. <strong>Tam ölçülü, tam kıvamında mercimek köftesi</strong> nasıl yapılır diye merak edenlerden en güzel mercimek köftesi tarifini henüz bulamamış olanlara tüm püf noktalarıyla pratik tariflerin gözdesi mercimek köftesi karşınızda!</p>
<p>Mercimek köftesi sunumunu, mercimek köftesinin yanına ne gider ya da <strong>mercimek köftesi cıvık olursa</strong> ne yapılmalı sorularının cevabını artık başka yerde aramanız gerek yok. Çünkü en güzelini annenin yaptığı mercimek köftesi için mutfağa girerek biraz da biz hünerlerimizi göstereceğiz bugün. Güzel annelerimize selamlar yollayacağız bu tarifle.</p>
<p>Mercimek köftesi videomuzu aşağıya bırakıyoruz, afiyetler olsun şimdiden! <img class=""wp-smiley img-responsive"" src=""https://cdn.yemek.com/assets/images/smiley/smile.png""></p>
<p>Mercimek köftesini sevenler bunları da sevdi: <a href=""https://yemek.com/tarif/kisir"" target=""_blank"" rel=""noopener"">Kısır Tarifi</a></p>
<p>Klasik mercimekli köfte tariflerinden sıkılanlar, çıtır çıtır dokusuyla <a href=""https://yemek.com/tarif/firinda-mercimek-kofte/"" target=""_blank"" rel=""noopener"">fırında mercimekli köfte</a> tarifiyle misafirlerinizi şaşırtıyor.</p>",recipe,"['kırmızı mercimek', 'kuru soğan', 'biber salçası', 'sıcak su', 'tuz', 'pul biber', 'maydanoz', 'zeytinyağı', 'karabiber', 'domates salçası', 'ince bulgur', 'taze soğan', 'kimyon']","['<p>Mercimek köftesi için bol suda yıkadığınız kırmızı mercimeği sıcak suda kaynatın.</p>', '<p>Suyunu çekmeye yakın ince bulguru ekleyin, mercimeği ocaktan alın.</p>', '<p>Üzerine ince bulguru ekleyin.</p>', '<p>Kapağını kapattığınız tencerede ince bulguru şişmesi için mercimekle birlikte 15 dakika kadar bekletin.</p>', '<p>Zeytinyağını bir tavada kızdırın.</p>', '<p>Kuru soğanları küçük küpler halinde doğrayın ve tavaya aktarın.</p>', '<p>Doğradığınız soğanları 5 dakika kadar kavurun.</p>', '<p>Sırasıyla; biber salçası, domates salçası, tuz, pul biber ve kimyonu ekleyin.</p>', '<p>Soğanlı karışımı 3-4 dakika kadar kavurun.</p>', '<p>Şişen bulgurlu ve mercimekli harca salçalı, soğanlı harcı ekleyin.</p>', '<p>Taze soğanları ve maydanozu ince ince kıyın.\xa0 Doğranmış yeşillikleri ilave edin.</p>', '<p>Malzemeleri yoğurmaya başlayın.</p>', '<p>Tüm malzemeyi özleşene kadar yoğurun.</p>', '<p>Hazırladığınız harçtan ceviz büyüklüğünde parçalar alın ve avuç içinizde sıkarak şekil verin.</p>', '<p>Servis tabağına aldığınız mercimek köftelerini arzu ettiğiniz yeşilliklerle servis edin. Sevdiklerinizle paylaşın.</p>']",MEZE,239b56,/tarif/mezeler/,"['Özel Beslenme', 'Vejetaryen', 'Atıştırmalık', 'Meze', 'Vegan', 'Video', 'Tuzlu Atıştırmalık', 'Bakliyat']",,"['Öğle Yemeği', 'Çay Saati']","['Tencere', 'Tava']","['Vejetaryen', 'Bol Proteinli']",False,1200,1800,2022-03-10T11:30:12Z,4.0,1537793,11735,False,True,True,0,,0,,,,2014/06/mercimek-koftesi-yeni-ytk.jpg,0,0,https://cdn.yemek.com/mnresize/940/940/uploads/2014/06/mercimek-koftesi-yeni-ytk.jpg,940,940,False,https://cdn.yemek.com/mncrop/300/200/uploads/2014/06/mercimek-koftesi-yeni-ytk.jpg,300,200,True,https://cdn.yemek.com/mncrop/940/625/uploads/2014/06/mercimek-koftesi-yeni-ytk.jpg,940,625,True,https://cdn.yemek.com/mncrop/620/388/uploads/2014/06/mercimek-koftesi-yeni-ytk.jpg,620,388,True,https://cdn.yemek.com/mncrop/600/315/uploads/2014/06/mercimek-koftesi-yeni-ytk.jpg,600,315,True,,,,,,
427,13732,ipeksare,https://cdn.yemek.com/author/262494/20200820091315_avatar.jpg,/profil/ipeksare/,Bol Malzemeli: Ev Usulü Pizza,Ev Usulü Pizza,/tarif/ev-usulu-pizza/,30 dk,30 dk,"<p>Hafif kabarmış bir hamuru ve bol bol malzemesiyle <a href=""https://yemek.com/tarif/pizza/"" target=""_blank"">pizzaların</a> en güzellerinden biridir ev usulü pizza.</p>
<p>Dışarıda bayılarak yediğimiz pizzaları aslında evinizde de çok kolay bir şekilde yapabilirsiniz. Eğer siz de ""<strong>Evde pizza nasıl yapılır?</strong>"" diyorsanız fırında pişen, bu kolay ve pratik karışık pizza tarifini çok sevecek, her fırsatta yapmak isteyeceksiniz.</p>
<p>Lezzetine doyum olmaz bu pizza tarifinin sırrı hamurunda saklı. Bu şekilde ağzınıza attığınızda yumuşacık dokusuyla sizi çok mutlu edecek, bol bol malzemesiyle de damaklarınızı şenlendirecek bir tarife dönüşüyor. ""<strong>Pizza hamuru nasıl yapılır?</strong>"" diye soranlara da adım adım resimli anlatımıyla tam kıvamında bir <a href=""https://yemek.com/tarif/pizza-hamuru/"" target=""_blank"">pizza hamuru</a> tarifi hazırladık, püf noktalarını da <a href=""https://yemek.com/pizza-hamuru-yapmanin-puf-noktalari/"" target=""_blank"">şurada</a> anlattık. Mutlaka göz atın deriz.</p>
<p>Ev yapımı pizza tarifinin adım adım resimli tarifi karşınızda!</p>
",recipe,"['tuz', 'toz şeker', 'un', 'sarımsak', 'zeytinyağı', 'zeytinyağı', 'fesleğen', 'rendelenmiş kaşar peyniri', 'kekik', 'ılık su', 'konserve mısır', 'kuru maya', 'sucuk', 'domates sos', 'biber', 'zeytin', 'rendelenmiş mozarella peyniri']","['Bir kabın içerisine kuru mayayı dökün ve üzerine ılık su ve şekeri ekleyerek güzelce karıştırın.', 'Daha sonra mayalı karışıma zeytinyağını ve tuzu ekleyip tahta kaşıkla karıştırın.', 'Unu azar azar ekleyin.', 'Hamur kıvama gelince elinizle yoğurmaya başlayın ve ele yapışmayan, yumuşak bir hamur haline gelene kadar yoğurmaya devam edin.', 'Hamur istediğiniz yumuşaklığa ulaşınca, kabın üzerini bir streç film ile kaplayıp en az 30 dakika hamurunuzu dinlendirin.', 'Dinlenen hamurunuzu un serptiğiniz tezgaha alıp, katlayarak havasını çıkarın.\xa0Hamuru toparlayıp, 2 ya da 3 parçaya ayırın. İnce hamurlu ve orta boy pizza yapmak istiyorsanız hamurunuzu 3’e bölün. Daha büyük ve kalın hamurlu 2 pizza yapmak istiyorsanız, ikiye bölebilirsiniz.', 'Kestiğiniz parçayı beze haline getirip un serptiğiniz tezgahın üzerinde merdane yardımıyla açın.', 'Dilediğiniz inceliğe ulaştığınızda pişirme kağıdı serdiğiniz tepsinin üzerine alın. Bir çatal yardımıyla pizza hamurunun üzerinde delikler açın ve önceden ısıtılmış 200 derece fırında 10 dakika pişirin.', 'Pizza sosunu, domates sosuna, fesleğen, kekik, sarımsak ve zeytinyağı ekleyerek hazırlayabilirsiniz.', '10 dakika sonra hafif pişen hamuru fırından çıkarıp, hazırladığınız domates sosundan üzerine sürün.', 'Pizza sosunun üzerine bolca rendelenmiş kaşar ya da mozarella peyniri yerleştirdikten sonra üzerine dileğiniz malzemeleri ekleyin. Malzemeleri yerleştirdikten sonra en üste tekrar rendelenmiş kaşar ekleyin.', 'Tekrar fırına koyun ve 20 dakika daha pişirin. Peynirler güzelce eriyip tüm malzemeler piştiğinde pizzanızı fırından çıkarabilirsiniz.', 'Pizza kesiciyle dilimleyip tüketebilirsiniz.', 'Afiyet olsun!']",PİZZA,239b56,/tarif/pizza/,"['Hamur İşi', 'Pizza']","['akşam yemeği', 'kahvaltı', 'öğle yemeği']","['Öğle Yemeği', 'Akşam Yemeği']",['Fırın'],,False,1800,1800,2022-03-11T10:00:52Z,4.0,1518606,6252,False,True,True,0,,0,,,,2022/03/ev-usulu-pizza-yemekcom.jpg,0,0,https://cdn.yemek.com/mnresize/940/940/uploads/2022/03/ev-usulu-pizza-yemekcom.jpg,940,940,False,https://cdn.yemek.com/mncrop/300/200/uploads/2022/03/ev-usulu-pizza-yemekcom.jpg,300,200,True,https://cdn.yemek.com/mncrop/940/625/uploads/2022/03/ev-usulu-pizza-yemekcom.jpg,940,625,True,https://cdn.yemek.com/mncrop/620/388/uploads/2022/03/ev-usulu-pizza-yemekcom.jpg,620,388,True,https://cdn.yemek.com/mncrop/600/315/uploads/2022/03/ev-usulu-pizza-yemekcom.jpg,600,315,True,['fırın'],,,,,
428,180,Yasemin Özaltın,https://cdn.yemek.com/author/35533/20181219061403_avatar.jpg,/profil/yasemingursurer/,20 Dakikada Buzlukta: Mozaik Pasta,Mozaik Pasta,/tarif/mozaik-pasta/,20 dk,20 dk,"<p>Biz çocukken mutfaktaki hummalı çalışmanın sonucu annelerimizin lezzetli ellerinden tüm ömrümüz boyunca unutamayacağımız kadar lezzetli <a href=""https://yemek.com/tarif/tatli/"" target=""_blank"">tatlılar</a>, <a href=""https://yemek.com/tarif/pasta-tatli/"" target=""_blank"">pastalar</a> çıkardı. Bu pasta hiç şüphesiz mozaik pastanın ta kendisiydi! Bu kolay mozaik pasta, küçük büyük herkesin bayılarak yediği lezzeti her daim garantili olan oldukça kolay ve pratik bir <a href=""https://yemek.com/tarif/"" target=""_blank"">tarif</a>. Hadi gelin bisküvili mozaik pastanın sırlarını bir bir anlatalım size. Anılarımıza doğru tatlı bir yolculuğa çıkaran, <strong>petibör bisküvili</strong> mozaik pasta tarifiyle karşınızdayız!</p>
<p>Bisküvi, tereyağı, toz şeker ve kakaonun bir araya gelip yaptığı en lezzetli pasta tariflerinden biri o. Biz bu kez farklı malzemeler ekleyerek <strong>klasik mozaik pasta</strong> tarifinin tadına da tat kattık. Bu üçgen mozaik pastanın yapımı o kadar kolay, pratik ve bir o kadar lezzetli ki...</p>
<p>Hadi o zaman! Buyursunlar en güzel mozaik pasta tarifine ve yapılış adımlarını gösteren mozaik pasta videomuza. <img src=""https://cdn.yemek.com/assets/images/smiley/smile.png"" class=""wp-smiley img-responsive"" /></p>
",recipe,"['süt', 'kakao', 'pudra şekeri', 'tereyağ', 'Hindistan cevizi', 'petibör bisküvi']","['Tereyağını eritin.', 'Pudra şekerini karıştırma kabına aktarın.\xa0Pudra şekerinin üzerine erittiğiniz tereyağını ve sütü dökün.\xa0Kakaoyu da ilave edin.', 'Malzemeleri çırpın.', 'Üzerine bisküvileri kırın.', 'Bisküvileri de koyduktan sonra tüm malzemeleri spatula yardımıyla nazikçe karıştırın.', 'Servis edeceğiniz kalıbın içini streç film ile kaplayın.', 'Tüm harcı ekleyin ve üzerini kapatın.', 'Buzdolabının dondurucu bölümünde 4 saat bekletin. Hindistan cevizi serpin. Dilimleyerek soğuk olarak servis edin.', 'Afiyet olsun!']",PASTA,239b56,/tarif/pasta-tatli/,"['Tatlı', 'Pasta', 'Video']","['ara öğün', 'çay saati']",['Çay Saati'],['Tencere'],['Ekonomik'],False,1200,1200,2022-03-18T14:40:39Z,4.0,1512620,8912,False,True,True,0,,0,,,,2022/03/mozaik-pasta-tarifi-yemekcom.jpg,0,0,https://cdn.yemek.com/mnresize/940/940/uploads/2022/03/mozaik-pasta-tarifi-yemekcom.jpg,940,940,False,https://cdn.yemek.com/mncrop/300/200/uploads/2022/03/mozaik-pasta-tarifi-yemekcom.jpg,300,200,True,https://cdn.yemek.com/mncrop/940/625/uploads/2022/03/mozaik-pasta-tarifi-yemekcom.jpg,940,625,True,https://cdn.yemek.com/mncrop/620/388/uploads/2022/03/mozaik-pasta-tarifi-yemekcom.jpg,620,388,True,https://cdn.yemek.com/mncrop/600/315/uploads/2022/03/mozaik-pasta-tarifi-yemekcom.jpg,600,315,True,,,,,,
429,29467,Yasemin Özaltın,https://cdn.yemek.com/author/35533/20181219061403_avatar.jpg,/profil/yasemingursurer/,3-2-1 Ölçüsüyle: Bayatlamayan Kabartma Tozlu Poğaça,Bayatlamayan Kabartma Tozlu Poğaça,/tarif/bayatlamayan-kabartma-tozlu-pogaca/,15 dk,15 dk,"<p>Hem çok kolay, hem çok hızlı, hem de yemesi pek keyifli muhteşem bir <a href=""https://yemek.com/tarif/pogaca/"" target=""_blank"">poğaça</a>...Bayatlamayan kabartma tozlu poğaça tarifi, hazırlandıktan sonra tadına bakıp da beğenmeyenini, ikincisini istemeyenini zor bulursunuz. İçindeki malzemelerin miktarlarından dolayı “3-2-1 poğaça <a href=""https://yemek.com/tarif/"" target=""_blank"">tarif</a>i” diye de bilinen bu güzelliği hala denemeyenler varsa diye zevkle paylaşıyoruz.</p>
<p>3-2-1 poğaça tarifi, malzemeleri ile de ekonomik! İçinde 3 paket kabartma tozu, 2 bardak yoğurt ve 1 yumurta var. Kabartma tozu ne kadar da çokmuş acı olur o diyorsanız, hiç de öyle olmadığını, inanılmaz yumuşak, aşırı lezzetli olduğunu deneyince anlayacaksınız. Üstelik de bayatlamıyor, hoş gerçi bayatlamasını bekleyecek kadar uzun süre yemeden duramayacaksınız o da ayrı.  O zaman siz aşağıda yazan diğer malzemeleri de hazırlayıverin, <a href=""https://yemek.com/tarif/yumusak-pogaca/"" target=""_blank"">yumuşacık poğaça</a>mızı yapalım. Şimdiden afiyetler olsun.</p>
",recipe,"['tuz', 'toz şeker', 'un', 'kabartma tozu', 'yoğurt', 'yumurta sarısı', 'sirke', 'beyaz peynir', 'susam', 'yumurta beyazı', 'sıvı yağ']","['Bir yoğurma kabına; yağ, yoğurt ve yumurta beyazını alıp güzelce karıştırın.', 'Ardından kabartma tozları, tuz, şeker ve sirkeyi de ilave edip, tekrar karıştırın.', 'Unu azar azar ilave ederek yoğurmaya başlayın. Hafifçe ele yapışan bir hamur elde edeceksiniz.', 'Hazırladığınız hamurdan mandalinadan biraz küçük olacak parçalar kopartın. Elinizle yuvarlayın ve avucunuzla bastırıp yassılaştırın.', 'Yassılaştırdığınız hamur parçasının ortasına bir çatalla ezdiğiniz beyaz peynirden biraz koyun.', 'Kenarlarını birleştirip kapatın ve tekrar yuvarladıktan sonra yağlı kağıt serdiğiniz bir fırın tepsisine yerleştirin.', 'Tüm hamuru bu şekilde hazırlayıp tepsiye dizin.', 'Üstlerine bir fırça yardımıyla yumurta sarısı sürün ve susam serpin. Önceden ısıttığınız 200 derece fırında, üstleri kızarana dek yaklaşık 15 dakika pişirin.', 'Tepsiyi fırından aldıktan sonra ılıklaşmasını bekleyin ve ardından servis edin.']",POĞAÇA,239b56,/tarif/pogaca/,"['Hamur İşi', 'Kahvaltılık', 'Poğaça', 'Video']","['kahvaltı', 'çay saati']","['Kahvaltı', 'Çay Saati']",['Fırın'],['Vejetaryen'],False,900,900,2018-01-31T07:11:19Z,4.0,1443090,8543,False,True,False,0,,0,,,,2018/01/bayatlamayan-pofuduk-pogaca-yemekcom.jpg,0,0,https://cdn.yemek.com/mnresize/940/940/uploads/2018/01/bayatlamayan-pofuduk-pogaca-yemekcom.jpg,940,940,False,https://cdn.yemek.com/mncrop/300/200/uploads/2018/01/bayatlamayan-pofuduk-pogaca-yemekcom.jpg,300,200,True,https://cdn.yemek.com/mncrop/940/625/uploads/2018/01/bayatlamayan-pofuduk-pogaca-yemekcom.jpg,940,625,True,https://cdn.yemek.com/mncrop/620/388/uploads/2018/01/bayatlamayan-pofuduk-pogaca-yemekcom.jpg,620,388,True,https://cdn.yemek.com/mncrop/600/315/uploads/2018/01/bayatlamayan-pofuduk-pogaca-yemekcom.jpg,600,315,True,,,,,,
430,129,Yasemin Özaltın,https://cdn.yemek.com/author/35533/20181219061403_avatar.jpg,/profil/yasemingursurer/,Lokanta Usulü: Köri Soslu Tavuk,Köri Soslu Tavuk,/tarif/kori-soslu-tavuk/,20 dk,10 dk,"<p>Baharat sevenleri, her yaptığı <a href=""https://yemek.com/tarif/"" target=""_blank"">yemek tarifinin</a> içine tuz hariç mutlaka en az 2 baharat ekleyenleri, körinin kokusunu da tadını da çok sevenleri böyle alalım. Güneydoğu Asya Mutfağı'nın vazgeçilmez baharatı köri, içerisinde bulunan sumak, zencefil, kimyon, kişniş vb. baharatlarla tam bir şifa kaynağı olma özelliğini taşıyor. Beyaz etlerle harika bir uyum yakalayan köri, en çok <a href=""https://yemek.com/tarif/tavuk/"" target=""_blank"">tavuk etini</a> seviyor. Karşınızda nefis mi nefis: <strong>Köri soslu tavuk tarifi!</strong></p>
<p>Resimli anlatımıyla, en pratik ve yemelere doyum olmaz körili tavuk tarifini veriyor, köri sos nasıl yapılır tek tek anlatıyoruz. Yanına <a href=""https://yemek.com/tarif/patates-puresi/"" target=""_blank"">patates püresi</a>, <a href=""https://yemek.com/tarif/salata/"" target=""_blank"">salata</a> ya da <a href=""https://yemek.com/tarif/pilav/"" target=""_blank"">pilavla</a> servis edebilirsiniz. Lokantalarda sunulan köri soslu tavuklardan çok daha lezzetli oluyor, yiyen herkes tarifini istiyor. Bu lezzeti sık sık pişirmek isteyeceksiniz. Şimdiden ellerinize sağlık diyor, <a href=""https://yemek.com/soslu-tavuk-yemekleri/"" target=""_blank"">soslu tavuk yemekleri</a> arasında en çok sevilen bu kolay yemek tarifimize buyur ediyoruz.</p>
<p>Köri sosun tadını sevdiyseniz belki sonra <a href=""https://yemek.com/tarif/kremali-korili-tavuklu-makarna/"" target=""_blank"">köri soslu makarna tarifine</a> de şans vermek isteyebilirsiniz. Afiyet olsun!</p>
",recipe,"['tereyağı', 'sıcak su', 'tuz', 'un', 'maydanoz', 'karabiber', 'kuşbaşı tavuk göğsü', 'soğuk süt', 'köri', 'sıvı yağ']","['Sıvı yağını bir tavada kızdırın. Kuşbaşı\xa0doğranmış tavuk göğsünü aktarın.', 'Renk alıp, suyunu çekene kadar orta ateşte kavurun.', 'Köri sosu hazırlamak için; ayrı bir tavada tereyağını sos tenceresinde eritin.', 'Unu da üzerine ekleyin ve\xa0 kokusu çıkıp, renk alana kadar karıştırarak kavurun.', 'Kavrulan una soğuk sütü ekleyin ve unun topaklanmaması için bir çırpıcı yardımıyla hızlıca karıştırın.', 'Sıcak su, köri, tuz ve karabiberi katın.', 'Sosu, kısık ateşte koyu bir kıvam alana kadar sürekli karıştırarak 4- 5 dakika pişirin.', 'Hazırladığınız sosu, kavrulan tavuklara ekleyin ve harmanladıktan sonra pişirme işlemini 5 dakika kadar sürdürün.', 'İncecik kıyılmış bir avuç maydanozu, köri soslu tavuğa ilave ettikten sonra bekletmeden sıcak olarak servis edin.', 'Köri soslu tavuk tarifi hazır. Afiyet olsun!']",TAVUK,239b56,/tarif/tavuk/,"['Tavuk', 'Video']","['ekonomik', 'akşam yemeği', 'öğle yemeği']","['Öğle Yemeği', 'Akşam Yemeği']",['Tencere'],"['Ekonomik', 'Bol Proteinli']",False,1200,600,2019-05-14T13:24:40Z,4.0,1396751,11895,False,True,True,0,,0,,,,2014/06/kori-soslu-tavuk-yemekcom.jpg,0,0,https://cdn.yemek.com/mnresize/940/940/uploads/2014/06/kori-soslu-tavuk-yemekcom.jpg,940,940,False,https://cdn.yemek.com/mncrop/300/200/uploads/2014/06/kori-soslu-tavuk-yemekcom.jpg,300,200,True,https://cdn.yemek.com/mncrop/940/625/uploads/2014/06/kori-soslu-tavuk-yemekcom.jpg,940,625,True,https://cdn.yemek.com/mncrop/620/388/uploads/2014/06/kori-soslu-tavuk-yemekcom.jpg,620,388,True,https://cdn.yemek.com/mncrop/600/315/uploads/2014/06/kori-soslu-tavuk-yemekcom.jpg,600,315,True,"['tencere', 'bol proteinli']",,,,,
431,305,Gökçen Mutaf,https://cdn.yemek.com/author/23120/20181227103819_avatar.jpeg,/profil/gokcenmutaf/,Şaşmayan Tarif: Sade Kek,Sade Kek,/tarif/sade-kek/,40 dk,15 dk,"<p>Kocaman kabarmış, lezzetiyle herkesi kendine hayran bırakacak en klasik lezzetlerdendir sade kek tarifi. Süt, yumurta ve şekerin önderliğinde, misler gibi vanilya kokusunun büyüsünde hazırlanan harç fırının sıcacık kollarına teslim edilir. Kabarırken bile kendine hayran bırakan sade kek, çayın yanına hazırlanan en pratik kek olarak çıkar oradan. Karşınızda işte o enfes anların mimarı sade kek tarifi!</p>
<p>Birbirinden nefis <a href=""https://yemek.com/tarif/kek/"" target=""_blank"">kek tarifleri</a> arasında en baştan bize göz kırpan bu lezzet, kabarık ve yumuşak dokusuyla boyut atlıyor bu kez. Çaylarınızın, kahveleriniz hazırsa o yumuşacık sade kek tarifimiz geliyor. Şimdiden ellerinize sağlık.</p>
<p>Not: ""Sade kek de güzel ama kakaolu keki de çok seviyorum"" diyenler için yumuşacık kakaolu kek tarifimiz de hemen <a href=""https://yemek.com/tarif/kakaolu-kek/"" target=""_blank"">şurada</a>.</p>
",recipe,"['yumurta', 'toz şeker', 'süt', 'un', 'kabartma tozu', 'vanilin', 'sıvı yağ']","['Yumurtaları derince bir kaba kırın ve toz şekeri ekledikten sonra bir mikser ile 10 dakika boyunca çırpın.\xa0Krema kıvamına gelen karışıma sıvı yağı ve sütü ekleyip bir spatula ile karıştırın.', 'Üstüne unu, kabartma tozunu ve vanilini de ekledikten sonra tekrar karıştırın ve sıvı yağ ile yağladığınız bir kek kalıbına hazırladığınız karışımı dökün.', 'Önceden ısıtılmış 180 derecelik fırında 40 dakika kadar pişirin.\n\n&nbsp;', 'Kek kürdan testini geçince fırından alın ve tamamen soğuduktan sonra kalıbı ters çevirerek kalıptan çıkarın.', 'Dilimleyerek servis edin.\xa0 Afiyetler olsun!']",TATLI KEK,239b56,/tarif/tatli-kek/,"['Kek', 'Tatlı Kek']",['çay saati'],['Çay Saati'],['Fırın'],['Vejetaryen'],False,2400,900,2022-03-10T07:30:22Z,4.0,1356751,3356,False,False,True,0,,0,,,,2014/07/sade-kek-tarifi-yeni.jpg,0,0,https://cdn.yemek.com/mnresize/940/940/uploads/2014/07/sade-kek-tarifi-yeni.jpg,940,940,False,https://cdn.yemek.com/mncrop/300/200/uploads/2014/07/sade-kek-tarifi-yeni.jpg,300,200,True,https://cdn.yemek.com/mncrop/940/625/uploads/2014/07/sade-kek-tarifi-yeni.jpg,940,625,True,https://cdn.yemek.com/mncrop/620/388/uploads/2014/07/sade-kek-tarifi-yeni.jpg,620,388,True,https://cdn.yemek.com/mncrop/600/315/uploads/2014/07/sade-kek-tarifi-yeni.jpg,600,315,True,['fırın'],,,,,
432,272,Neşe Ümit Tan,https://cdn.yemek.com/author/208653/20190910030615_avatar.jpg,/profil/neseumit/,Tam Kıvamında: Sütlaç,Sütlaç,/tarif/sutlac/,31 dk,5 dk,"<p><a href=""https://yemek.com/tarif/"" target=""_blank"">Yemek tariflerinin</a> en tatlı, en sevilen ismi, <a href=""https://yemek.com/tarif/sutlu-tatlilar/"" target=""_blank"">sütlü tatlılar</a>ın en besleyicisi, pirincin en güzel halidir sütlaç tarifi. Tencerede kıvam aldıktan sonra ısıya dayanıklı toprak kaplara paylaştırılıp fırında kızaran hali <a href=""https://yemek.com/tarif/firin-sutlac/"" target=""_blank"">fırın sütlaç</a> ismini alır. Çocukluk yıllarından aşina olduğumuz besleyici bir tatlıdır. <a href=""https://yemek.com/"" target=""_blank"">Tarifler</a> içinde özellikle sütlü tatlıların ve <a href=""https://yemek.com/tarif/tatli/"" target=""_blank"">tatlı tariflerinin</a> en şahanesidir!</p>
<p>Ev yapımı sütlacı tam kıvamında ve tam ölçülü yapmak için birkaç püf noktasına ihtiyacınız var. Klasik sütlaçtan vazgeçemeyenlerin evde nefis <a href=""https://yemek.com/tarif/firin-sutlac/"" target=""_blank"">fırın sütlaçlar</a> yapmasını sağlayacak olan ve en güzel sütlaç tarifine ulaşmanızı sağlayacak bu tarifi bir köşeye not edin deriz. <a href=""https://yemek.com/tarif/sutlu-tatlilar/"" target=""_blank"">Sütlü tatlıların</a> en güzeli, <a href=""https://yemek.com/ramazan-tatlilari/"" target=""_blank"">ramazan için tatlılardan</a> <strong>en hafif sütlaç tarifi</strong> karşınızda!</p>
",recipe,"['pirinç', 'sıcak su', 'toz şeker', 'süt', 'su', 'buğday nişastası']","['Sadece bir kez sudan geçirerek yıkadığınız\xa0pirinci tencereye alın ve\xa02 su bardağı sıcak suyu ekleyerek kısık ateşte pişirmeye başlayın. Bu sırada ara ara nazikçe karıştırın.', 'Pirinç, suyu çekip lapa hale gelince üzerine sütü ilave edin. Karıştırın ve\xa0süt kaynayana kadar ara ara karıştırmaya devam edin. Kaynadıktan sonra altını kısın, 8-10 dakika daha bu şekilde karıştırarak kısık ateşte pişirin.', 'Ardından şekeri ekleyin, karıştırın. Tekrar kaynamasını bekleyin ve 4-5 dakika daha da kısık ateşte bu şekilde kaynatın.', 'Nişastayı eklemek için bir kabın içerisine alın, 1 çay bardağı suyla karıştırın.', 'Aynı anda hem karıştırıp hem tencereye ekleyin. Azar azar dökerek eklerseniz topaklanma riskini de engellemiş olursunuz.\xa0Karıştırdıktan sonra hafifçe kıvam alana kadar pişirin. Bu sırada tekrar kaynayacak ve minik minik balonların yüzeye ulaştığını göreceksiniz, bunu gördükten sonra kısık ateşe alıp 1-2 dakika daha pişirin ve ardından ocaktan alın.', 'Bu noktada sütlacın kıvamı akışkan bir boza kıvamında olmalıdır.\xa0Sütlaç harcını bir kepçeyle kaselere dağıtın.', 'Oda sıcaklığında soğuduktan\xa0sonra buzdolabında en az 2 saat, tercihen 1 akşam kadar bekletin ve servis etmeden önce buzdolabından çıkarıp 5 dakika bekletin, tarçın serperek servis edin.', 'Afiyet olsun!']",SÜTLÜ TATLI,239b56,/tarif/sutlu-tatlilar/,"['Tatlı', 'Ramazan', 'Sütlü Tatlı', 'Video']",['çay saati'],['Çay Saati'],['Tencere'],,False,1860,300,2022-03-11T07:15:20Z,4.0,1693684,4171,False,True,True,0,,0,,,,2019/05/sutlac-guncelleme-sunum-1.jpg,0,0,https://cdn.yemek.com/mnresize/940/940/uploads/2019/05/sutlac-guncelleme-sunum-1.jpg,940,940,False,https://cdn.yemek.com/mncrop/300/200/uploads/2019/05/sutlac-guncelleme-sunum-1.jpg,300,200,True,https://cdn.yemek.com/mncrop/940/625/uploads/2019/05/sutlac-guncelleme-sunum-1.jpg,940,625,True,https://cdn.yemek.com/mncrop/620/388/uploads/2019/05/sutlac-guncelleme-sunum-1.jpg,620,388,True,https://cdn.yemek.com/mncrop/600/315/uploads/2019/05/sutlac-guncelleme-sunum-1.jpg,600,315,True,,,,,,
433,125,Yasemin Özaltın,https://cdn.yemek.com/author/35533/20181219061403_avatar.jpg,/profil/yasemingursurer/,Basit Malzemelerle: Kolay Tiramisu,Kolay Tiramisu,/tarif/kolay-tiramisu/,15 dk,15 dk,"<p>""Tiramisu hangi ülkeye ait?"" diyenlere hemen cevap vererek başlayalım. İtalyan asıllı bir <a href=""https://yemek.com/tarif/tatli/"" target=""_blank"">tatlı</a> olan <a href=""https://yemek.com/tarif/tiramisu/"" target=""_blank"">tiramisu</a>, ülkemizde son yıllarda popüler olmasıyla tanınır. Mutluluk ve enerji veren bir tatlı olduğu için de İtalyanlar bu tatlıya 'Beni yukarı çek, beni yukarı kaldır' anlamına gelen tiramisu ismini vermiştir. Bu hali de onun oldukça pratikleşmiş hali. Hazır kekle yapılan bu kolay tiramisu tarifi üstelik 30 dakikada hazır.</p>
<p>""Tiramisu nasıl yapılır?"" diyenler için tiramisu <a href=""https://yemek.com/tarif/kek/"" target=""_blank"">kek</a>inin labneli tiramisu kremasıyla nasıl buluştuğunu adım adım resimli bir şekilde anlatıyor, nefis süslemesiyle en güzel ve en pratik ev yapımı tiramisunun yapılışını tüm detaylarıyla anlatıyoruz!</p>
<p>İşte iştah açıcı görüntüsü ve lezzetiyle kolay tiramisu tarifi! En kısa zamanda onu çayınızın, kahvenizin yanına konuk edin deriz. Hem zamandan kazandıran hem de konuklarınıza nefis bir ikramda bulunmak istediğinizde de kurtarıcılarınızdan biri olacak nefis tarifimize davetlisiniz. Mevsimine göre de kolay tiramisularınızın üzerini dilediğiniz meyve ile süsleyebilirsiniz. Şimdiden ellerinize sağlık diyoruz.</p>
<p>Bu arada ""Ben kedi dili ile yapılan orijinal tiramisu <a href=""https://yemek.com/tarif/"" target=""_blank"">tarif</a>ini de merak ediyorum"" derseniz onun tarifini de hemen şöyle bırakıyoruz: <a href=""https://yemek.com/tarif/kedi-dilli-tiramisu/"" target=""_blank"">Kedidilli tiramisu tarifi, nasıl yapılır?</a></p>
",recipe,"['sıcak su', 'toz şeker', 'toz şeker', 'süt', 'un', 'yumurta sarısı', 'kakao', 'hazır kek', 'granül kahve', 'labne peyniri']","['Tiramisunun kremasını hazırlamak için; 2 su bardağı süt, 5 yemek kaşığı toz şeker, 3 yemek kaşığı un ve 1 adet\xa0 yumurta sarısını tencereye alın.', 'Sürekli karıştırarak orta ateşte muhallebi kıvamına gelene kadar pişirin. Piştikten sonra kremayı soğumaya bırakın.', 'Kek tabanını ıslatmak için; bir kasede 1 su bardağı sıcak suya, 1 yemek kaşığı granül kahve ve 1 tatlı kaşığı toz şekerini eriyene kadar karıştırın.', 'Pişirip soğumaya bıraktığınız kremaya 200 gram labne peynirini ekleyin ve bir mikser yardımıyla pürüzsüz bir kıvam alana kadar çırpın.', 'Servis tabağına ya da bir borcama pasta tabanının bir katını yerleştirin.', 'Kahveli karışımın yarısıyla keki ıslatın.', 'Üzerine hazırladığınız kremanın yarısını yayın.', 'Pastanın diğer katını da üzerine koyun ve\xa0 kahveli karışımla ıslatın. Kalan krema ile pastanın üzerini tamamen kaplayın.', 'Son olarak üzerine kakao serpiştirin.', 'Çilek dilimleriyle süsleyip buzdolabında 1- 2 saat beklettikten sonra dilimleyerek servis edin.\xa0Afiyet olsun!']",TATLI,239b56,/tarif/tatli/,"['Tatlı', 'Video', 'Dünya Mutfakları']","['ekonomik', 'ara öğün', 'çay saati']",['Çay Saati'],['Tencere'],['Vejetaryen'],False,900,900,2022-03-31T14:48:27Z,4.0,1687627,4451,False,True,True,0,,0,,,,2014/06/kolay-tiramisu-yemekcom.jpg,0,0,https://cdn.yemek.com/mnresize/940/940/uploads/2014/06/kolay-tiramisu-yemekcom.jpg,940,940,False,https://cdn.yemek.com/mncrop/300/200/uploads/2014/06/kolay-tiramisu-yemekcom.jpg,300,200,True,https://cdn.yemek.com/mncrop/940/625/uploads/2014/06/kolay-tiramisu-yemekcom.jpg,940,625,True,https://cdn.yemek.com/mncrop/620/388/uploads/2014/06/kolay-tiramisu-yemekcom.jpg,620,388,True,https://cdn.yemek.com/mncrop/600/315/uploads/2014/06/kolay-tiramisu-yemekcom.jpg,600,315,True,,,,['İtalya'],,
434,127,Gökçen Mutaf,https://cdn.yemek.com/author/23120/20181227103819_avatar.jpeg,/profil/gokcenmutaf/,Ağızda Dağılan Mükemmel Kıvamıyla: Elmalı Kurabiye,Elmalı Kurabiye,/tarif/elmali-kurabiye/,25 dk,20 dk,"<p><a href=""https://yemek.com/kurabiye-tarifleri-puf-noktalari/"" target=""_blank"">Kurabiye tariflerinin</a> en güzellerinden biri olan en güzel elmalı kurabiye karşınızda! Ağızda dağılan kıvamıyla, <a href=""https://yemek.com/pratik-kurabiye-tarifleri/"" target=""_blank"">pratik kurabiyelerden</a> oluşuyla kalplerinizi çalmaya gelecek bu kıyır kıyır <a href=""https://yemek.com/elmali-kurabiye-tarifleri/"" target=""_blank"">elmalı kurabiye tarifi</a> şekilleriyle, malzemeleriyle, hamuruyla tam ölçülü <a href=""https://yemek.com/tarif/kolay-elmali-kurabiye/"" target=""_blank"">elmalı kurabiye</a> yapmak isteyenlerin yardımına koşacak.</p>
<p><strong>Elmalı kurabiyenin gevrek olmas</strong>ı için yapılması gerekenlerden, nasıl saklanacağına kadar elmalı kurabiye yapmanın tüm püf noktalarını da bulabileceğiniz bu en güzel denenmiş elmalı kurabiye <a href=""https://yemek.com/tarif/"" target=""_blank"">tarifi</a> için çay suyunun altını koyalım hafiften. Elmalı <a href=""https://yemek.com/tarif/kurabiye/"" target=""_blank"">kurabiyeler</a> bizi bekler. Ağızda dağılan, tarçınlı <strong>elmalı kurabiye tarifi</strong>miz için mutfağa davetlisiniz. Afiyetler olsun şimdiden.</p>
",recipe,"['limon suyu', 'toz şeker', 'toz şeker', 'un', 'yoğurt', 'tarçın', 'karbonat', 'tereyağı (oda ısısında bekletilmiş)', 'dövülmüş ceviz içi', 'sıvı yağ', 'kırmızı elma']","['Elmalı kurabiye tarifini hazırlamak için\xa0 rendelenmiş elmaları tavaya alın. Üzerine toz şekeri ilave edin. Karamelize olana dek pişirin.', 'Piştikten sonra üzerine yarım su bardağı kadar dövülmüş ceviz ve tarçın ekleyin, karıştırın.', 'Hamurunu hazırlamak için derin bir kaseye oda sıcaklığında yumuşamış tereyağı, sıvı yağ, yoğurt, toz şeker, limon suyu ve karbonatı ekleyin. Güzelce yoğurun ve ardından unu da azar azar ekleyerek, ele yapışmayan fakat yumuşak olan bir hamur elde edin.', 'Hamuru tezgahın üzerinde toparlayın.', 'Tezgaha hafifçe un serperek açın. Yuvarlak şekiller çıkarıp elmalı harcı ortasına koyun ve iki yandan katlayın.', 'Pişirme kağıdı serdiğiniz fırın tepsisine kurabiyeleri dizin ve önceden ısıtılmış 180 derece fırında üzeri kızarana kadar, yaklaşık 20-25 dakika pişirin.', 'Oda sıcaklığına geldikten sonra üzerine pudra şekeri serpiştirin. Kurabiyeleriniz artık servise hazır! Afiyet olsun..', 'Afiyet olsun..']",TATLI KURABİYE,239b56,/tarif/tatli-kurabiyeler/,"['Kurabiye', 'Video', 'Tatlı Kurabiye']",['çay saati'],['Çay Saati'],['Fırın'],,False,1500,1200,2022-03-11T07:30:23Z,4.0,1597377,7917,False,True,True,0,,0,,,,2022/03/elmali-kurabiye-tarifi-yemekcom.jpg,0,0,https://cdn.yemek.com/mnresize/940/940/uploads/2022/03/elmali-kurabiye-tarifi-yemekcom.jpg,940,940,False,https://cdn.yemek.com/mncrop/300/200/uploads/2022/03/elmali-kurabiye-tarifi-yemekcom.jpg,300,200,True,https://cdn.yemek.com/mncrop/940/625/uploads/2022/03/elmali-kurabiye-tarifi-yemekcom.jpg,940,625,True,https://cdn.yemek.com/mncrop/620/388/uploads/2022/03/elmali-kurabiye-tarifi-yemekcom.jpg,620,388,True,https://cdn.yemek.com/mncrop/600/315/uploads/2022/03/elmali-kurabiye-tarifi-yemekcom.jpg,600,315,True,,,,,,
435,3424,Ege Şahin,https://cdn.yemek.com/author/464113/20220221123420_avatar.jpg,/profil/egesahin/,Kıyır Kıyır: Üç Malzemeli Un Kurabiyesi,Üç Malzemeli Un Kurabiyesi,/tarif/uc-malzemeli-un-kurabiyesi/,15 dk,10 dk,"<p>Eşe dosta <a href=""https://yemek.com/tarif/un-kurabiyesi/"" target=""_blank"">un kurabiyesi</a> tarifi soranlar, telefonda un kurabiyesi nasıl yapılır diye dert yananlar, neredeyse rüyasında un kurabiyesi görenler... Hoş geldiniz, doğru yerdesiniz.</p>
<p>Günün en tatlı saatleri akşam üzeri olmuş, belki de tatlısıyla tuzlusuyla uzun uzadıya keyfi çıkacak bir <a href=""https://yemek.com/tarif/kahvaltiliklar/"" target=""_blank"">kahvaltı</a> sofrası hazırlıyorsunuz. Ya da akşam yemeği sonrası çay keyfinizi taçlandıracak tatlı bir hamur işi aradığınız. Öyleyse sadece 10 dakikada hazırlanan üç malzemeli un kurabiyesi <a href=""https://yemek.com/tarif/"" target=""_blank"">tarif</a>ine alalım sizi. Bu kurabiyeler bir şahane.</p>
<p>Sıvı yağ, pudra şekeri ve un ilavesiyle hazırlanan bu <a href=""https://yemek.com/tarif/tatli-kurabiyeler/"" target=""_blank"">tatlı kurabiye</a>ler, kaşıkla şekil alıp önceden ısıtılmış 175 derece fırında 15 dakika gibi kısa bir sürede pişiyor. Demleyin çayı, kurulun en sevdiğiniz koltuğa. Kurabiyeleriniz olmak üzere, afiyet olsun.</p>
",recipe,"['un', 'pudra şekeri', 'pudra şekeri', 'sıvı yağ']","['Sıvı yağ ve pudra şekerini derin bir kaba alın, karıştırın.', 'Ardından unu aşamalı olarak ekleyin.\xa0Hamuru toparlamak için iyice yoğurun. Hamurdan parçalar koparıp silindir şeklini verin.', 'Verev şekilde kesin.', 'Yağlı kağıt serilmiş fırın tepsisine aralıklı olarak yerleştirin.', 'Üzerlerini çatal ile çizin. Önceden ısıtılmış 175 derece fırında 15 dakika pişirin.', 'Arzuya göre üzerine pudra şekeri serperek servis edin. Afiyet olsun!']",TATLI KURABİYE,239b56,/tarif/tatli-kurabiyeler/,"['Kurabiye', 'Tatlı Kurabiye']",['çay saati'],['Çay Saati'],['Fırın'],['Ekonomik'],False,900,600,2022-12-28T11:10:00Z,4.0,1569331,4413,False,False,True,0,,0,,,,2015/09/uc-malzemeli-un-kurabiyesi-yemekcom.jpg,0,0,https://cdn.yemek.com/mnresize/940/940/uploads/2015/09/uc-malzemeli-un-kurabiyesi-yemekcom.jpg,940,940,False,https://cdn.yemek.com/mncrop/300/200/uploads/2015/09/uc-malzemeli-un-kurabiyesi-yemekcom.jpg,300,200,True,https://cdn.yemek.com/mncrop/940/625/uploads/2015/09/uc-malzemeli-un-kurabiyesi-yemekcom.jpg,940,625,True,https://cdn.yemek.com/mncrop/620/388/uploads/2015/09/uc-malzemeli-un-kurabiyesi-yemekcom.jpg,620,388,True,https://cdn.yemek.com/mncrop/600/315/uploads/2015/09/uc-malzemeli-un-kurabiyesi-yemekcom.jpg,600,315,True,,,,,,
436,4487,Gökçen Mutaf,https://cdn.yemek.com/author/23120/20181227103819_avatar.jpeg,/profil/gokcenmutaf/,Brownie'yi Andıran: Islak Kurabiye,Islak Kurabiye,/tarif/islak-kurabiye/,25 dk,15 dk,"<p>Kakaolu kurabiyenin şerbetle buluşmasından hazırlanan ıslak kurabiye, kakaolu tatlıları sevenlere göre. <strong>Sıcak kurabiyelerin ıslatılması kakao tadını yoğunlaştırıyor </strong>ve <a href=""https://yemek.com/tarif/kurabiye/"" target=""_blank"" rel=""noopener"">kurabiyeye</a> ağızda dağılan bir kıvam veriyor. Islak kurabiye tarifini çay saatleri için keyifle hazırlayabilir, bu esmer kurabiyeleri yanında bir fincan kahve eşliğinde tatlı bir atıştırmalık olarak da tüketebilirsiniz.</p>
<p><a href=""https://yemek.com/tarif/brownie/"" target=""_blank"" rel=""noopener"">Brownie</a>'yi andıran bu lezzetli <a href=""https://yemek.com/tarif/browni-kurabiye/"" target=""_blank"" rel=""noopener"">browni tadında kurabiye</a>leri kısa sürede hazırlayabilir, yorumlarınızı bizlerle paylaşabilirsiniz.</p>",recipe,"['yumurta', 'toz şeker', 'un', 'kabartma tozu', 'su', 'rendelenmiş Hindistan cevizi', 'kakao', 'pudra şekeri', 'tereyağı (oda sıcaklığında bekletilmiş)', 'vanilin', 'sıvı yağ']","['<div>\n<div>\n<div dir=""ltr"">\n<div>\n<div>Islak kurabiye için derince bir karıştırma kabına oda ısısındaki tereyağını, sıvı yağı, yumurtayı, pudra şekerini, kakaoyu, vanilin ve kabartma tozunu alın.</div>\n</div>\n</div>\n</div>\n</div>', '<p>Tüm malzemeleri özleşene\xa0kadar\xa0karıştırın.</p>', '<div>\n<div>\n<div dir=""ltr"">\n<div>\n<div>Ardından unu yavaş yavaş ekleyerek, ele yapışmayan bir hamur elde edin.</div>\n</div>\n</div>\n</div>\n</div>', '<div>\n<div>\n<div dir=""ltr"">\n<div>\n<div>Hazırladığınız hamurdan ceviz büyüklüğünde parçalar koparın.</div>\n</div>\n</div>\n</div>\n</div>', '<p>Avucunuzda yuvarlayın ve parmağınızla ortasına hafifçe bastırdıktan sonra, yağlı kağıt serilmiş bir fırın tepsisine dizin.\xa0Önceden ısıtılmış 180 derece fırında yaklaşık 20 dakika kadar pişirin.</p>', '<div>\n<div>\n<div dir=""ltr"">\n<div>\n<div>Kurabiyeleriniz fırındayken şerbeti için gerekli olan şeker ve suyu homojen karışana kadar kaynattıktan sonra bir kaseye alın ve soğutun.</div>\n</div>\n</div>\n</div>\n</div>', '<div>\n<div>\n<div dir=""ltr"">\n<div>\n<div>Kurabiyeler fırından çıkınca 2 dakika kadar bekletin ve ardından teker teker hazırladığınız şerbete atın, arkalı önlü çevirin ve bir servis tabağına dizin.</div>\n</div>\n</div>\n</div>\n</div>', '<div>\n<div>\n<div dir=""ltr"">\n<div>\n<div>Tüm kurabiyeleri bu şekilde şerbete batırdıktan sonra kalan şerbeti de üstlerine gezdirin ve tüm şerbeti çekene dek bekletin.</div>\n</div>\n</div>\n</div>\n</div>', '<div>\n<div>\n<div dir=""ltr"">\n<div>\n<div>Kurabiyeler şerbeti çektikten sonra üstlerini Hindistan cevizi ile süsleyin ve servis edin. Afiyet olsun.</div>\n</div>\n</div>\n</div>\n</div>']",TATLI KURABİYE,239b56,/tarif/tatli-kurabiyeler/,"['Kurabiye', 'Tatlı Kurabiye']",,['Çay Saati'],['Fırın'],['Ekonomik'],False,1500,900,2022-03-16T06:08:50Z,4.0,1542043,9538,False,False,True,0,,0,,,,2016/01/islak-kurabiye-tarifi-son.jpg,0,0,https://cdn.yemek.com/mnresize/940/940/uploads/2016/01/islak-kurabiye-tarifi-son.jpg,940,940,False,https://cdn.yemek.com/mncrop/300/200/uploads/2016/01/islak-kurabiye-tarifi-son.jpg,300,200,True,https://cdn.yemek.com/mncrop/940/625/uploads/2016/01/islak-kurabiye-tarifi-son.jpg,940,625,True,https://cdn.yemek.com/mncrop/620/388/uploads/2016/01/islak-kurabiye-tarifi-son.jpg,620,388,True,https://cdn.yemek.com/mncrop/600/315/uploads/2016/01/islak-kurabiye-tarifi-son.jpg,600,315,True,,,,,,
437,134,Yasemin Özaltın,https://cdn.yemek.com/author/35533/20181219061403_avatar.jpg,/profil/yasemingursurer/,Tüm Püf Noktalarıyla: Mercimek Köftesi,Mercimek Köftesi,/tarif/mercimek-koftesi/,20 dk,30 dk,"<p>Altın günlerinin vazgeçilmez lezzeti, bekarların ve öğrenci evlerinin gözdesi mercimekli köfte pratik olmasının yanı sıra besleyici ve lezzetli bir <a href=""https://yemek.com/tarif/"" target=""_blank"" rel=""noopener"">tarif</a>. <strong>Tam ölçülü, tam kıvamında mercimek köftesi</strong> nasıl yapılır diye merak edenlerden en güzel mercimek köftesi tarifini henüz bulamamış olanlara tüm püf noktalarıyla pratik tariflerin gözdesi mercimek köftesi karşınızda!</p>
<p>Mercimek köftesi sunumunu, mercimek köftesinin yanına ne gider ya da <strong>mercimek köftesi cıvık olursa</strong> ne yapılmalı sorularının cevabını artık başka yerde aramanız gerek yok. Çünkü en güzelini annenin yaptığı mercimek köftesi için mutfağa girerek biraz da biz hünerlerimizi göstereceğiz bugün. Güzel annelerimize selamlar yollayacağız bu tarifle.</p>
<p>Mercimek köftesi videomuzu aşağıya bırakıyoruz, afiyetler olsun şimdiden! <img class=""wp-smiley img-responsive"" src=""https://cdn.yemek.com/assets/images/smiley/smile.png""></p>
<p>Mercimek köftesini sevenler bunları da sevdi: <a href=""https://yemek.com/tarif/kisir"" target=""_blank"" rel=""noopener"">Kısır Tarifi</a></p>
<p>Klasik mercimekli köfte tariflerinden sıkılanlar, çıtır çıtır dokusuyla <a href=""https://yemek.com/tarif/firinda-mercimek-kofte/"" target=""_blank"" rel=""noopener"">fırında mercimekli köfte</a> tarifiyle misafirlerinizi şaşırtıyor.</p>",recipe,"['kırmızı mercimek', 'kuru soğan', 'biber salçası', 'sıcak su', 'tuz', 'pul biber', 'maydanoz', 'zeytinyağı', 'karabiber', 'domates salçası', 'ince bulgur', 'taze soğan', 'kimyon']","['<p>Mercimek köftesi için bol suda yıkadığınız kırmızı mercimeği sıcak suda kaynatın.</p>', '<p>Suyunu çekmeye yakın ince bulguru ekleyin, mercimeği ocaktan alın.</p>', '<p>Üzerine ince bulguru ekleyin.</p>', '<p>Kapağını kapattığınız tencerede ince bulguru şişmesi için mercimekle birlikte 15 dakika kadar bekletin.</p>', '<p>Zeytinyağını bir tavada kızdırın.</p>', '<p>Kuru soğanları küçük küpler halinde doğrayın ve tavaya aktarın.</p>', '<p>Doğradığınız soğanları 5 dakika kadar kavurun.</p>', '<p>Sırasıyla; biber salçası, domates salçası, tuz, pul biber ve kimyonu ekleyin.</p>', '<p>Soğanlı karışımı 3-4 dakika kadar kavurun.</p>', '<p>Şişen bulgurlu ve mercimekli harca salçalı, soğanlı harcı ekleyin.</p>', '<p>Taze soğanları ve maydanozu ince ince kıyın.\xa0 Doğranmış yeşillikleri ilave edin.</p>', '<p>Malzemeleri yoğurmaya başlayın.</p>', '<p>Tüm malzemeyi özleşene kadar yoğurun.</p>', '<p>Hazırladığınız harçtan ceviz büyüklüğünde parçalar alın ve avuç içinizde sıkarak şekil verin.</p>', '<p>Servis tabağına aldığınız mercimek köftelerini arzu ettiğiniz yeşilliklerle servis edin. Sevdiklerinizle paylaşın.</p>']",MEZE,239b56,/tarif/mezeler/,"['Özel Beslenme', 'Vejetaryen', 'Atıştırmalık', 'Meze', 'Vegan', 'Video', 'Tuzlu Atıştırmalık', 'Bakliyat']",,"['Öğle Yemeği', 'Çay Saati']","['Tencere', 'Tava']","['Vejetaryen', 'Bol Proteinli']",False,1200,1800,2022-03-10T11:30:12Z,4.0,1537793,11735,False,True,True,0,,0,,,,2014/06/mercimek-koftesi-yeni-ytk.jpg,0,0,https://cdn.yemek.com/mnresize/940/940/uploads/2014/06/mercimek-koftesi-yeni-ytk.jpg,940,940,False,https://cdn.yemek.com/mncrop/300/200/uploads/2014/06/mercimek-koftesi-yeni-ytk.jpg,300,200,True,https://cdn.yemek.com/mncrop/940/625/uploads/2014/06/mercimek-koftesi-yeni-ytk.jpg,940,625,True,https://cdn.yemek.com/mncrop/620/388/uploads/2014/06/mercimek-koftesi-yeni-ytk.jpg,620,388,True,https://cdn.yemek.com/mncrop/600/315/uploads/2014/06/mercimek-koftesi-yeni-ytk.jpg,600,315,True,,,,,,
438,13732,ipeksare,https://cdn.yemek.com/author/262494/20200820091315_avatar.jpg,/profil/ipeksare/,Bol Malzemeli: Ev Usulü Pizza,Ev Usulü Pizza,/tarif/ev-usulu-pizza/,30 dk,30 dk,"<p>Hafif kabarmış bir hamuru ve bol bol malzemesiyle <a href=""https://yemek.com/tarif/pizza/"" target=""_blank"">pizzaların</a> en güzellerinden biridir ev usulü pizza.</p>
<p>Dışarıda bayılarak yediğimiz pizzaları aslında evinizde de çok kolay bir şekilde yapabilirsiniz. Eğer siz de ""<strong>Evde pizza nasıl yapılır?</strong>"" diyorsanız fırında pişen, bu kolay ve pratik karışık pizza tarifini çok sevecek, her fırsatta yapmak isteyeceksiniz.</p>
<p>Lezzetine doyum olmaz bu pizza tarifinin sırrı hamurunda saklı. Bu şekilde ağzınıza attığınızda yumuşacık dokusuyla sizi çok mutlu edecek, bol bol malzemesiyle de damaklarınızı şenlendirecek bir tarife dönüşüyor. ""<strong>Pizza hamuru nasıl yapılır?</strong>"" diye soranlara da adım adım resimli anlatımıyla tam kıvamında bir <a href=""https://yemek.com/tarif/pizza-hamuru/"" target=""_blank"">pizza hamuru</a> tarifi hazırladık, püf noktalarını da <a href=""https://yemek.com/pizza-hamuru-yapmanin-puf-noktalari/"" target=""_blank"">şurada</a> anlattık. Mutlaka göz atın deriz.</p>
<p>Ev yapımı pizza tarifinin adım adım resimli tarifi karşınızda!</p>
",recipe,"['tuz', 'toz şeker', 'un', 'sarımsak', 'zeytinyağı', 'zeytinyağı', 'fesleğen', 'rendelenmiş kaşar peyniri', 'kekik', 'ılık su', 'konserve mısır', 'kuru maya', 'sucuk', 'domates sos', 'biber', 'zeytin', 'rendelenmiş mozarella peyniri']","['Bir kabın içerisine kuru mayayı dökün ve üzerine ılık su ve şekeri ekleyerek güzelce karıştırın.', 'Daha sonra mayalı karışıma zeytinyağını ve tuzu ekleyip tahta kaşıkla karıştırın.', 'Unu azar azar ekleyin.', 'Hamur kıvama gelince elinizle yoğurmaya başlayın ve ele yapışmayan, yumuşak bir hamur haline gelene kadar yoğurmaya devam edin.', 'Hamur istediğiniz yumuşaklığa ulaşınca, kabın üzerini bir streç film ile kaplayıp en az 30 dakika hamurunuzu dinlendirin.', 'Dinlenen hamurunuzu un serptiğiniz tezgaha alıp, katlayarak havasını çıkarın.\xa0Hamuru toparlayıp, 2 ya da 3 parçaya ayırın. İnce hamurlu ve orta boy pizza yapmak istiyorsanız hamurunuzu 3’e bölün. Daha büyük ve kalın hamurlu 2 pizza yapmak istiyorsanız, ikiye bölebilirsiniz.', 'Kestiğiniz parçayı beze haline getirip un serptiğiniz tezgahın üzerinde merdane yardımıyla açın.', 'Dilediğiniz inceliğe ulaştığınızda pişirme kağıdı serdiğiniz tepsinin üzerine alın. Bir çatal yardımıyla pizza hamurunun üzerinde delikler açın ve önceden ısıtılmış 200 derece fırında 10 dakika pişirin.', 'Pizza sosunu, domates sosuna, fesleğen, kekik, sarımsak ve zeytinyağı ekleyerek hazırlayabilirsiniz.', '10 dakika sonra hafif pişen hamuru fırından çıkarıp, hazırladığınız domates sosundan üzerine sürün.', 'Pizza sosunun üzerine bolca rendelenmiş kaşar ya da mozarella peyniri yerleştirdikten sonra üzerine dileğiniz malzemeleri ekleyin. Malzemeleri yerleştirdikten sonra en üste tekrar rendelenmiş kaşar ekleyin.', 'Tekrar fırına koyun ve 20 dakika daha pişirin. Peynirler güzelce eriyip tüm malzemeler piştiğinde pizzanızı fırından çıkarabilirsiniz.', 'Pizza kesiciyle dilimleyip tüketebilirsiniz.', 'Afiyet olsun!']",PİZZA,239b56,/tarif/pizza/,"['Hamur İşi', 'Pizza']","['akşam yemeği', 'kahvaltı', 'öğle yemeği']","['Öğle Yemeği', 'Akşam Yemeği']",['Fırın'],,False,1800,1800,2022-03-11T10:00:52Z,4.0,1518606,6252,False,True,True,0,,0,,,,2022/03/ev-usulu-pizza-yemekcom.jpg,0,0,https://cdn.yemek.com/mnresize/940/940/uploads/2022/03/ev-usulu-pizza-yemekcom.jpg,940,940,False,https://cdn.yemek.com/mncrop/300/200/uploads/2022/03/ev-usulu-pizza-yemekcom.jpg,300,200,True,https://cdn.yemek.com/mncrop/940/625/uploads/2022/03/ev-usulu-pizza-yemekcom.jpg,940,625,True,https://cdn.yemek.com/mncrop/620/388/uploads/2022/03/ev-usulu-pizza-yemekcom.jpg,620,388,True,https://cdn.yemek.com/mncrop/600/315/uploads/2022/03/ev-usulu-pizza-yemekcom.jpg,600,315,True,['fırın'],,,,,
439,180,Yasemin Özaltın,https://cdn.yemek.com/author/35533/20181219061403_avatar.jpg,/profil/yasemingursurer/,20 Dakikada Buzlukta: Mozaik Pasta,Mozaik Pasta,/tarif/mozaik-pasta/,20 dk,20 dk,"<p>Biz çocukken mutfaktaki hummalı çalışmanın sonucu annelerimizin lezzetli ellerinden tüm ömrümüz boyunca unutamayacağımız kadar lezzetli <a href=""https://yemek.com/tarif/tatli/"" target=""_blank"">tatlılar</a>, <a href=""https://yemek.com/tarif/pasta-tatli/"" target=""_blank"">pastalar</a> çıkardı. Bu pasta hiç şüphesiz mozaik pastanın ta kendisiydi! Bu kolay mozaik pasta, küçük büyük herkesin bayılarak yediği lezzeti her daim garantili olan oldukça kolay ve pratik bir <a href=""https://yemek.com/tarif/"" target=""_blank"">tarif</a>. Hadi gelin bisküvili mozaik pastanın sırlarını bir bir anlatalım size. Anılarımıza doğru tatlı bir yolculuğa çıkaran, <strong>petibör bisküvili</strong> mozaik pasta tarifiyle karşınızdayız!</p>
<p>Bisküvi, tereyağı, toz şeker ve kakaonun bir araya gelip yaptığı en lezzetli pasta tariflerinden biri o. Biz bu kez farklı malzemeler ekleyerek <strong>klasik mozaik pasta</strong> tarifinin tadına da tat kattık. Bu üçgen mozaik pastanın yapımı o kadar kolay, pratik ve bir o kadar lezzetli ki...</p>
<p>Hadi o zaman! Buyursunlar en güzel mozaik pasta tarifine ve yapılış adımlarını gösteren mozaik pasta videomuza. <img src=""https://cdn.yemek.com/assets/images/smiley/smile.png"" class=""wp-smiley img-responsive"" /></p>
",recipe,"['süt', 'kakao', 'pudra şekeri', 'tereyağ', 'Hindistan cevizi', 'petibör bisküvi']","['Tereyağını eritin.', 'Pudra şekerini karıştırma kabına aktarın.\xa0Pudra şekerinin üzerine erittiğiniz tereyağını ve sütü dökün.\xa0Kakaoyu da ilave edin.', 'Malzemeleri çırpın.', 'Üzerine bisküvileri kırın.', 'Bisküvileri de koyduktan sonra tüm malzemeleri spatula yardımıyla nazikçe karıştırın.', 'Servis edeceğiniz kalıbın içini streç film ile kaplayın.', 'Tüm harcı ekleyin ve üzerini kapatın.', 'Buzdolabının dondurucu bölümünde 4 saat bekletin. Hindistan cevizi serpin. Dilimleyerek soğuk olarak servis edin.', 'Afiyet olsun!']",PASTA,239b56,/tarif/pasta-tatli/,"['Tatlı', 'Pasta', 'Video']","['ara öğün', 'çay saati']",['Çay Saati'],['Tencere'],['Ekonomik'],False,1200,1200,2022-03-18T14:40:39Z,4.0,1512620,8912,False,True,True,0,,0,,,,2022/03/mozaik-pasta-tarifi-yemekcom.jpg,0,0,https://cdn.yemek.com/mnresize/940/940/uploads/2022/03/mozaik-pasta-tarifi-yemekcom.jpg,940,940,False,https://cdn.yemek.com/mncrop/300/200/uploads/2022/03/mozaik-pasta-tarifi-yemekcom.jpg,300,200,True,https://cdn.yemek.com/mncrop/940/625/uploads/2022/03/mozaik-pasta-tarifi-yemekcom.jpg,940,625,True,https://cdn.yemek.com/mncrop/620/388/uploads/2022/03/mozaik-pasta-tarifi-yemekcom.jpg,620,388,True,https://cdn.yemek.com/mncrop/600/315/uploads/2022/03/mozaik-pasta-tarifi-yemekcom.jpg,600,315,True,,,,,,
440,29467,Yasemin Özaltın,https://cdn.yemek.com/author/35533/20181219061403_avatar.jpg,/profil/yasemingursurer/,3-2-1 Ölçüsüyle: Bayatlamayan Kabartma Tozlu Poğaça,Bayatlamayan Kabartma Tozlu Poğaça,/tarif/bayatlamayan-kabartma-tozlu-pogaca/,15 dk,15 dk,"<p>Hem çok kolay, hem çok hızlı, hem de yemesi pek keyifli muhteşem bir <a href=""https://yemek.com/tarif/pogaca/"" target=""_blank"">poğaça</a>...Bayatlamayan kabartma tozlu poğaça tarifi, hazırlandıktan sonra tadına bakıp da beğenmeyenini, ikincisini istemeyenini zor bulursunuz. İçindeki malzemelerin miktarlarından dolayı “3-2-1 poğaça <a href=""https://yemek.com/tarif/"" target=""_blank"">tarif</a>i” diye de bilinen bu güzelliği hala denemeyenler varsa diye zevkle paylaşıyoruz.</p>
<p>3-2-1 poğaça tarifi, malzemeleri ile de ekonomik! İçinde 3 paket kabartma tozu, 2 bardak yoğurt ve 1 yumurta var. Kabartma tozu ne kadar da çokmuş acı olur o diyorsanız, hiç de öyle olmadığını, inanılmaz yumuşak, aşırı lezzetli olduğunu deneyince anlayacaksınız. Üstelik de bayatlamıyor, hoş gerçi bayatlamasını bekleyecek kadar uzun süre yemeden duramayacaksınız o da ayrı.  O zaman siz aşağıda yazan diğer malzemeleri de hazırlayıverin, <a href=""https://yemek.com/tarif/yumusak-pogaca/"" target=""_blank"">yumuşacık poğaça</a>mızı yapalım. Şimdiden afiyetler olsun.</p>
",recipe,"['tuz', 'toz şeker', 'un', 'kabartma tozu', 'yoğurt', 'yumurta sarısı', 'sirke', 'beyaz peynir', 'susam', 'yumurta beyazı', 'sıvı yağ']","['Bir yoğurma kabına; yağ, yoğurt ve yumurta beyazını alıp güzelce karıştırın.', 'Ardından kabartma tozları, tuz, şeker ve sirkeyi de ilave edip, tekrar karıştırın.', 'Unu azar azar ilave ederek yoğurmaya başlayın. Hafifçe ele yapışan bir hamur elde edeceksiniz.', 'Hazırladığınız hamurdan mandalinadan biraz küçük olacak parçalar kopartın. Elinizle yuvarlayın ve avucunuzla bastırıp yassılaştırın.', 'Yassılaştırdığınız hamur parçasının ortasına bir çatalla ezdiğiniz beyaz peynirden biraz koyun.', 'Kenarlarını birleştirip kapatın ve tekrar yuvarladıktan sonra yağlı kağıt serdiğiniz bir fırın tepsisine yerleştirin.', 'Tüm hamuru bu şekilde hazırlayıp tepsiye dizin.', 'Üstlerine bir fırça yardımıyla yumurta sarısı sürün ve susam serpin. Önceden ısıttığınız 200 derece fırında, üstleri kızarana dek yaklaşık 15 dakika pişirin.', 'Tepsiyi fırından aldıktan sonra ılıklaşmasını bekleyin ve ardından servis edin.']",POĞAÇA,239b56,/tarif/pogaca/,"['Hamur İşi', 'Kahvaltılık', 'Poğaça', 'Video']","['kahvaltı', 'çay saati']","['Kahvaltı', 'Çay Saati']",['Fırın'],['Vejetaryen'],False,900,900,2018-01-31T07:11:19Z,4.0,1443090,8543,False,True,False,0,,0,,,,2018/01/bayatlamayan-pofuduk-pogaca-yemekcom.jpg,0,0,https://cdn.yemek.com/mnresize/940/940/uploads/2018/01/bayatlamayan-pofuduk-pogaca-yemekcom.jpg,940,940,False,https://cdn.yemek.com/mncrop/300/200/uploads/2018/01/bayatlamayan-pofuduk-pogaca-yemekcom.jpg,300,200,True,https://cdn.yemek.com/mncrop/940/625/uploads/2018/01/bayatlamayan-pofuduk-pogaca-yemekcom.jpg,940,625,True,https://cdn.yemek.com/mncrop/620/388/uploads/2018/01/bayatlamayan-pofuduk-pogaca-yemekcom.jpg,620,388,True,https://cdn.yemek.com/mncrop/600/315/uploads/2018/01/bayatlamayan-pofuduk-pogaca-yemekcom.jpg,600,315,True,,,,,,
441,129,Yasemin Özaltın,https://cdn.yemek.com/author/35533/20181219061403_avatar.jpg,/profil/yasemingursurer/,Lokanta Usulü: Köri Soslu Tavuk,Köri Soslu Tavuk,/tarif/kori-soslu-tavuk/,20 dk,10 dk,"<p>Baharat sevenleri, her yaptığı <a href=""https://yemek.com/tarif/"" target=""_blank"">yemek tarifinin</a> içine tuz hariç mutlaka en az 2 baharat ekleyenleri, körinin kokusunu da tadını da çok sevenleri böyle alalım. Güneydoğu Asya Mutfağı'nın vazgeçilmez baharatı köri, içerisinde bulunan sumak, zencefil, kimyon, kişniş vb. baharatlarla tam bir şifa kaynağı olma özelliğini taşıyor. Beyaz etlerle harika bir uyum yakalayan köri, en çok <a href=""https://yemek.com/tarif/tavuk/"" target=""_blank"">tavuk etini</a> seviyor. Karşınızda nefis mi nefis: <strong>Köri soslu tavuk tarifi!</strong></p>
<p>Resimli anlatımıyla, en pratik ve yemelere doyum olmaz körili tavuk tarifini veriyor, köri sos nasıl yapılır tek tek anlatıyoruz. Yanına <a href=""https://yemek.com/tarif/patates-puresi/"" target=""_blank"">patates püresi</a>, <a href=""https://yemek.com/tarif/salata/"" target=""_blank"">salata</a> ya da <a href=""https://yemek.com/tarif/pilav/"" target=""_blank"">pilavla</a> servis edebilirsiniz. Lokantalarda sunulan köri soslu tavuklardan çok daha lezzetli oluyor, yiyen herkes tarifini istiyor. Bu lezzeti sık sık pişirmek isteyeceksiniz. Şimdiden ellerinize sağlık diyor, <a href=""https://yemek.com/soslu-tavuk-yemekleri/"" target=""_blank"">soslu tavuk yemekleri</a> arasında en çok sevilen bu kolay yemek tarifimize buyur ediyoruz.</p>
<p>Köri sosun tadını sevdiyseniz belki sonra <a href=""https://yemek.com/tarif/kremali-korili-tavuklu-makarna/"" target=""_blank"">köri soslu makarna tarifine</a> de şans vermek isteyebilirsiniz. Afiyet olsun!</p>
",recipe,"['tereyağı', 'sıcak su', 'tuz', 'un', 'maydanoz', 'karabiber', 'kuşbaşı tavuk göğsü', 'soğuk süt', 'köri', 'sıvı yağ']","['Sıvı yağını bir tavada kızdırın. Kuşbaşı\xa0doğranmış tavuk göğsünü aktarın.', 'Renk alıp, suyunu çekene kadar orta ateşte kavurun.', 'Köri sosu hazırlamak için; ayrı bir tavada tereyağını sos tenceresinde eritin.', 'Unu da üzerine ekleyin ve\xa0 kokusu çıkıp, renk alana kadar karıştırarak kavurun.', 'Kavrulan una soğuk sütü ekleyin ve unun topaklanmaması için bir çırpıcı yardımıyla hızlıca karıştırın.', 'Sıcak su, köri, tuz ve karabiberi katın.', 'Sosu, kısık ateşte koyu bir kıvam alana kadar sürekli karıştırarak 4- 5 dakika pişirin.', 'Hazırladığınız sosu, kavrulan tavuklara ekleyin ve harmanladıktan sonra pişirme işlemini 5 dakika kadar sürdürün.', 'İncecik kıyılmış bir avuç maydanozu, köri soslu tavuğa ilave ettikten sonra bekletmeden sıcak olarak servis edin.', 'Köri soslu tavuk tarifi hazır. Afiyet olsun!']",TAVUK,239b56,/tarif/tavuk/,"['Tavuk', 'Video']","['ekonomik', 'akşam yemeği', 'öğle yemeği']","['Öğle Yemeği', 'Akşam Yemeği']",['Tencere'],"['Ekonomik', 'Bol Proteinli']",False,1200,600,2019-05-14T13:24:40Z,4.0,1396751,11895,False,True,True,0,,0,,,,2014/06/kori-soslu-tavuk-yemekcom.jpg,0,0,https://cdn.yemek.com/mnresize/940/940/uploads/2014/06/kori-soslu-tavuk-yemekcom.jpg,940,940,False,https://cdn.yemek.com/mncrop/300/200/uploads/2014/06/kori-soslu-tavuk-yemekcom.jpg,300,200,True,https://cdn.yemek.com/mncrop/940/625/uploads/2014/06/kori-soslu-tavuk-yemekcom.jpg,940,625,True,https://cdn.yemek.com/mncrop/620/388/uploads/2014/06/kori-soslu-tavuk-yemekcom.jpg,620,388,True,https://cdn.yemek.com/mncrop/600/315/uploads/2014/06/kori-soslu-tavuk-yemekcom.jpg,600,315,True,"['tencere', 'bol proteinli']",,,,,
442,305,Gökçen Mutaf,https://cdn.yemek.com/author/23120/20181227103819_avatar.jpeg,/profil/gokcenmutaf/,Şaşmayan Tarif: Sade Kek,Sade Kek,/tarif/sade-kek/,40 dk,15 dk,"<p>Kocaman kabarmış, lezzetiyle herkesi kendine hayran bırakacak en klasik lezzetlerdendir sade kek tarifi. Süt, yumurta ve şekerin önderliğinde, misler gibi vanilya kokusunun büyüsünde hazırlanan harç fırının sıcacık kollarına teslim edilir. Kabarırken bile kendine hayran bırakan sade kek, çayın yanına hazırlanan en pratik kek olarak çıkar oradan. Karşınızda işte o enfes anların mimarı sade kek tarifi!</p>
<p>Birbirinden nefis <a href=""https://yemek.com/tarif/kek/"" target=""_blank"">kek tarifleri</a> arasında en baştan bize göz kırpan bu lezzet, kabarık ve yumuşak dokusuyla boyut atlıyor bu kez. Çaylarınızın, kahveleriniz hazırsa o yumuşacık sade kek tarifimiz geliyor. Şimdiden ellerinize sağlık.</p>
<p>Not: ""Sade kek de güzel ama kakaolu keki de çok seviyorum"" diyenler için yumuşacık kakaolu kek tarifimiz de hemen <a href=""https://yemek.com/tarif/kakaolu-kek/"" target=""_blank"">şurada</a>.</p>
",recipe,"['yumurta', 'toz şeker', 'süt', 'un', 'kabartma tozu', 'vanilin', 'sıvı yağ']","['Yumurtaları derince bir kaba kırın ve toz şekeri ekledikten sonra bir mikser ile 10 dakika boyunca çırpın.\xa0Krema kıvamına gelen karışıma sıvı yağı ve sütü ekleyip bir spatula ile karıştırın.', 'Üstüne unu, kabartma tozunu ve vanilini de ekledikten sonra tekrar karıştırın ve sıvı yağ ile yağladığınız bir kek kalıbına hazırladığınız karışımı dökün.', 'Önceden ısıtılmış 180 derecelik fırında 40 dakika kadar pişirin.\n\n&nbsp;', 'Kek kürdan testini geçince fırından alın ve tamamen soğuduktan sonra kalıbı ters çevirerek kalıptan çıkarın.', 'Dilimleyerek servis edin.\xa0 Afiyetler olsun!']",TATLI KEK,239b56,/tarif/tatli-kek/,"['Kek', 'Tatlı Kek']",['çay saati'],['Çay Saati'],['Fırın'],['Vejetaryen'],False,2400,900,2022-03-10T07:30:22Z,4.0,1356751,3356,False,False,True,0,,0,,,,2014/07/sade-kek-tarifi-yeni.jpg,0,0,https://cdn.yemek.com/mnresize/940/940/uploads/2014/07/sade-kek-tarifi-yeni.jpg,940,940,False,https://cdn.yemek.com/mncrop/300/200/uploads/2014/07/sade-kek-tarifi-yeni.jpg,300,200,True,https://cdn.yemek.com/mncrop/940/625/uploads/2014/07/sade-kek-tarifi-yeni.jpg,940,625,True,https://cdn.yemek.com/mncrop/620/388/uploads/2014/07/sade-kek-tarifi-yeni.jpg,620,388,True,https://cdn.yemek.com/mncrop/600/315/uploads/2014/07/sade-kek-tarifi-yeni.jpg,600,315,True,['fırın'],,,,,
443,183,Cemre Özgüzel,https://cdn.yemek.com/author/109/20200211010242_avatar.jpg,/profil/cemre-ozguzel/,Pastane Usulü: Un Kurabiyesi,Un Kurabiyesi,/tarif/un-kurabiyesi/,15 dk,25 dk,"<p>Kıyır kıyır dediğimiz <a href=""https://yemek.com/kurabiye-tarifleri/"" target=""_blank"">kurabiye tarifleri</a>nin şahı un kurabiyesidir. Uzun süre bozulmadan dayanabilmesi de bu lezzetli ve pratik kurabiyeyi popüler kılan noktalardan biridir. Kolay un kurabiyesi yapımında pudra şekeri elenerek servis edildiği için tarifinde çok az miktarda şeker kullanılır. Ağza gelmemesi için pudra şekeri tercih edilir. Hem kıvamı hem de dokusuyla, enfes mi enfes <strong>un kurabiyesi tarifi</strong> karşınızda!</p>
<p>""<a href=""https://yemek.com/agizda-dagilan-kurabiye-nasil-yapilir/"" target=""_blank"">Ağızda dağılan un kurabiyesi nasıl yapılır?</a>"" diyenler tarifin detaylarında açıklamalı anlatımını bulacak. Basit ve gerçek un kurabiyesinin tüm malzemeleri, yapılış adımları ve videosu ise hemen aşağıda. Hazırsanız en güzel un kurabiyesini yapmak için çalışmalara başlayalım! ''Un kurabiyesi tarifi nasıl yapılır?'' diyenlerinizi tarifimize alalım. Şimdiden ellerinize sağlık diyor, kolaylığı ve <strong>ağızda dağılan lezzetiyle un kurabiyesi</strong> <a href=""https://yemek.com/tarif/"" target=""_blank"">tarifi</a> karşınızda!</p>
",recipe,"['yumurta', 'un', 'vanilya', 'kabartma tozu', 'pudra şekeri', 'pudra şekeri', 'buğday nişastası', 'oda sıcaklığında tereyağı', 'sıvı yağ']","['Un kurabiyesi için 200 gram oda sıcaklığında bekletilmiş tereyağını derin bir yoğurma kasesine aktarın.', 'Üzerine 1 adet yumurta ve 1 çay bardağı sıvı yağını da ekledikten sonra pürüzsüz bir kıvam olana kadar çırpın.', '1 su bardağı pudra şekeri, 5 yemek kaşığı buğday nişastası, 1 paket kabartma tozu, 1 paket vanilin ve 3 su bardağı unu azar azar ekleyin.', 'Ele yapışmayacak kıvamda bir hamur elde edene kadar yoğurun.', 'Kurabiye hamurundan büyükçe bir parça alın ve tezgahın üzerinde yuvarlayarak 2 parmak kalınlığında rulo şekline getirin.', 'Kenar kısımlarını kesin. Ardından üzerinden çatal yardımıyla geçerek şekil verin.', 'Bıçak yardımıyla 3 parmak genişliğinde parçalar kesin. Fırın tepsisine aktarın.', 'Üzerleri hafif kızarıp renk alana kadar önceden ısıtılmış 170 derece fırında 15 dakika kadar pişirin.', 'Soğuttuktan sonra pudra şekeri eleyin.', 'Ardından un kurabiyelerini servis edin. Afiyetler olsun!']",TATLI KURABİYE,239b56,/tarif/tatli-kurabiyeler/,"['Kurabiye', 'Video', 'Tatlı Kurabiye']",['çay saati'],['Çay Saati'],['Fırın'],,False,900,1500,2022-04-01T07:45:01Z,4.0,1330455,3412,False,True,True,0,,0,,,,2022/04/un-kurabiyesi-onecikan-yeni.jpg,0,0,https://cdn.yemek.com/mnresize/940/940/uploads/2022/04/un-kurabiyesi-onecikan-yeni.jpg,940,940,False,https://cdn.yemek.com/mncrop/300/200/uploads/2022/04/un-kurabiyesi-onecikan-yeni.jpg,300,200,True,https://cdn.yemek.com/mncrop/940/625/uploads/2022/04/un-kurabiyesi-onecikan-yeni.jpg,940,625,True,https://cdn.yemek.com/mncrop/620/388/uploads/2022/04/un-kurabiyesi-onecikan-yeni.jpg,620,388,True,https://cdn.yemek.com/mncrop/600/315/uploads/2022/04/un-kurabiyesi-onecikan-yeni.jpg,600,315,True,['fırın'],,,,,
444,125,Yasemin Özaltın,https://cdn.yemek.com/author/35533/20181219061403_avatar.jpg,/profil/yasemingursurer/,Basit Malzemelerle: Kolay Tiramisu,Kolay Tiramisu,/tarif/kolay-tiramisu/,15 dk,15 dk,"<p>""Tiramisu hangi ülkeye ait?"" diyenlere hemen cevap vererek başlayalım. İtalyan asıllı bir <a href=""https://yemek.com/tarif/tatli/"" target=""_blank"">tatlı</a> olan <a href=""https://yemek.com/tarif/tiramisu/"" target=""_blank"">tiramisu</a>, ülkemizde son yıllarda popüler olmasıyla tanınır. Mutluluk ve enerji veren bir tatlı olduğu için de İtalyanlar bu tatlıya 'Beni yukarı çek, beni yukarı kaldır' anlamına gelen tiramisu ismini vermiştir. Bu hali de onun oldukça pratikleşmiş hali. Hazır kekle yapılan bu kolay tiramisu tarifi üstelik 30 dakikada hazır.</p>
<p>""Tiramisu nasıl yapılır?"" diyenler için tiramisu <a href=""https://yemek.com/tarif/kek/"" target=""_blank"">kek</a>inin labneli tiramisu kremasıyla nasıl buluştuğunu adım adım resimli bir şekilde anlatıyor, nefis süslemesiyle en güzel ve en pratik ev yapımı tiramisunun yapılışını tüm detaylarıyla anlatıyoruz!</p>
<p>İşte iştah açıcı görüntüsü ve lezzetiyle kolay tiramisu tarifi! En kısa zamanda onu çayınızın, kahvenizin yanına konuk edin deriz. Hem zamandan kazandıran hem de konuklarınıza nefis bir ikramda bulunmak istediğinizde de kurtarıcılarınızdan biri olacak nefis tarifimize davetlisiniz. Mevsimine göre de kolay tiramisularınızın üzerini dilediğiniz meyve ile süsleyebilirsiniz. Şimdiden ellerinize sağlık diyoruz.</p>
<p>Bu arada ""Ben kedi dili ile yapılan orijinal tiramisu <a href=""https://yemek.com/tarif/"" target=""_blank"">tarif</a>ini de merak ediyorum"" derseniz onun tarifini de hemen şöyle bırakıyoruz: <a href=""https://yemek.com/tarif/kedi-dilli-tiramisu/"" target=""_blank"">Kedidilli tiramisu tarifi, nasıl yapılır?</a></p>
",recipe,"['sıcak su', 'toz şeker', 'toz şeker', 'süt', 'un', 'yumurta sarısı', 'kakao', 'hazır kek', 'granül kahve', 'labne peyniri']","['Tiramisunun kremasını hazırlamak için; 2 su bardağı süt, 5 yemek kaşığı toz şeker, 3 yemek kaşığı un ve 1 adet\xa0 yumurta sarısını tencereye alın.', 'Sürekli karıştırarak orta ateşte muhallebi kıvamına gelene kadar pişirin. Piştikten sonra kremayı soğumaya bırakın.', 'Kek tabanını ıslatmak için; bir kasede 1 su bardağı sıcak suya, 1 yemek kaşığı granül kahve ve 1 tatlı kaşığı toz şekerini eriyene kadar karıştırın.', 'Pişirip soğumaya bıraktığınız kremaya 200 gram labne peynirini ekleyin ve bir mikser yardımıyla pürüzsüz bir kıvam alana kadar çırpın.', 'Servis tabağına ya da bir borcama pasta tabanının bir katını yerleştirin.', 'Kahveli karışımın yarısıyla keki ıslatın.', 'Üzerine hazırladığınız kremanın yarısını yayın.', 'Pastanın diğer katını da üzerine koyun ve\xa0 kahveli karışımla ıslatın. Kalan krema ile pastanın üzerini tamamen kaplayın.', 'Son olarak üzerine kakao serpiştirin.', 'Çilek dilimleriyle süsleyip buzdolabında 1- 2 saat beklettikten sonra dilimleyerek servis edin.\xa0Afiyet olsun!']",TATLI,239b56,/tarif/tatli/,"['Tatlı', 'Video', 'Dünya Mutfakları']","['ekonomik', 'ara öğün', 'çay saati']",['Çay Saati'],['Tencere'],['Vejetaryen'],False,900,900,2022-03-31T14:48:27Z,4.0,1687627,4451,False,True,True,0,,0,,,,2014/06/kolay-tiramisu-yemekcom.jpg,0,0,https://cdn.yemek.com/mnresize/940/940/uploads/2014/06/kolay-tiramisu-yemekcom.jpg,940,940,False,https://cdn.yemek.com/mncrop/300/200/uploads/2014/06/kolay-tiramisu-yemekcom.jpg,300,200,True,https://cdn.yemek.com/mncrop/940/625/uploads/2014/06/kolay-tiramisu-yemekcom.jpg,940,625,True,https://cdn.yemek.com/mncrop/620/388/uploads/2014/06/kolay-tiramisu-yemekcom.jpg,620,388,True,https://cdn.yemek.com/mncrop/600/315/uploads/2014/06/kolay-tiramisu-yemekcom.jpg,600,315,True,,,,['İtalya'],,
445,127,Gökçen Mutaf,https://cdn.yemek.com/author/23120/20181227103819_avatar.jpeg,/profil/gokcenmutaf/,Ağızda Dağılan Mükemmel Kıvamıyla: Elmalı Kurabiye,Elmalı Kurabiye,/tarif/elmali-kurabiye/,25 dk,20 dk,"<p><a href=""https://yemek.com/kurabiye-tarifleri-puf-noktalari/"" target=""_blank"">Kurabiye tariflerinin</a> en güzellerinden biri olan en güzel elmalı kurabiye karşınızda! Ağızda dağılan kıvamıyla, <a href=""https://yemek.com/pratik-kurabiye-tarifleri/"" target=""_blank"">pratik kurabiyelerden</a> oluşuyla kalplerinizi çalmaya gelecek bu kıyır kıyır <a href=""https://yemek.com/elmali-kurabiye-tarifleri/"" target=""_blank"">elmalı kurabiye tarifi</a> şekilleriyle, malzemeleriyle, hamuruyla tam ölçülü <a href=""https://yemek.com/tarif/kolay-elmali-kurabiye/"" target=""_blank"">elmalı kurabiye</a> yapmak isteyenlerin yardımına koşacak.</p>
<p><strong>Elmalı kurabiyenin gevrek olmas</strong>ı için yapılması gerekenlerden, nasıl saklanacağına kadar elmalı kurabiye yapmanın tüm püf noktalarını da bulabileceğiniz bu en güzel denenmiş elmalı kurabiye <a href=""https://yemek.com/tarif/"" target=""_blank"">tarifi</a> için çay suyunun altını koyalım hafiften. Elmalı <a href=""https://yemek.com/tarif/kurabiye/"" target=""_blank"">kurabiyeler</a> bizi bekler. Ağızda dağılan, tarçınlı <strong>elmalı kurabiye tarifi</strong>miz için mutfağa davetlisiniz. Afiyetler olsun şimdiden.</p>
",recipe,"['limon suyu', 'toz şeker', 'toz şeker', 'un', 'yoğurt', 'tarçın', 'karbonat', 'tereyağı (oda ısısında bekletilmiş)', 'dövülmüş ceviz içi', 'sıvı yağ', 'kırmızı elma']","['Elmalı kurabiye tarifini hazırlamak için\xa0 rendelenmiş elmaları tavaya alın. Üzerine toz şekeri ilave edin. Karamelize olana dek pişirin.', 'Piştikten sonra üzerine yarım su bardağı kadar dövülmüş ceviz ve tarçın ekleyin, karıştırın.', 'Hamurunu hazırlamak için derin bir kaseye oda sıcaklığında yumuşamış tereyağı, sıvı yağ, yoğurt, toz şeker, limon suyu ve karbonatı ekleyin. Güzelce yoğurun ve ardından unu da azar azar ekleyerek, ele yapışmayan fakat yumuşak olan bir hamur elde edin.', 'Hamuru tezgahın üzerinde toparlayın.', 'Tezgaha hafifçe un serperek açın. Yuvarlak şekiller çıkarıp elmalı harcı ortasına koyun ve iki yandan katlayın.', 'Pişirme kağıdı serdiğiniz fırın tepsisine kurabiyeleri dizin ve önceden ısıtılmış 180 derece fırında üzeri kızarana kadar, yaklaşık 20-25 dakika pişirin.', 'Oda sıcaklığına geldikten sonra üzerine pudra şekeri serpiştirin. Kurabiyeleriniz artık servise hazır! Afiyet olsun..', 'Afiyet olsun..']",TATLI KURABİYE,239b56,/tarif/tatli-kurabiyeler/,"['Kurabiye', 'Video', 'Tatlı Kurabiye']",['çay saati'],['Çay Saati'],['Fırın'],,False,1500,1200,2022-03-11T07:30:23Z,4.0,1597377,7917,False,True,True,0,,0,,,,2022/03/elmali-kurabiye-tarifi-yemekcom.jpg,0,0,https://cdn.yemek.com/mnresize/940/940/uploads/2022/03/elmali-kurabiye-tarifi-yemekcom.jpg,940,940,False,https://cdn.yemek.com/mncrop/300/200/uploads/2022/03/elmali-kurabiye-tarifi-yemekcom.jpg,300,200,True,https://cdn.yemek.com/mncrop/940/625/uploads/2022/03/elmali-kurabiye-tarifi-yemekcom.jpg,940,625,True,https://cdn.yemek.com/mncrop/620/388/uploads/2022/03/elmali-kurabiye-tarifi-yemekcom.jpg,620,388,True,https://cdn.yemek.com/mncrop/600/315/uploads/2022/03/elmali-kurabiye-tarifi-yemekcom.jpg,600,315,True,,,,,,
446,3424,Ege Şahin,https://cdn.yemek.com/author/464113/20220221123420_avatar.jpg,/profil/egesahin/,Kıyır Kıyır: Üç Malzemeli Un Kurabiyesi,Üç Malzemeli Un Kurabiyesi,/tarif/uc-malzemeli-un-kurabiyesi/,15 dk,10 dk,"<p>Eşe dosta <a href=""https://yemek.com/tarif/un-kurabiyesi/"" target=""_blank"">un kurabiyesi</a> tarifi soranlar, telefonda un kurabiyesi nasıl yapılır diye dert yananlar, neredeyse rüyasında un kurabiyesi görenler... Hoş geldiniz, doğru yerdesiniz.</p>
<p>Günün en tatlı saatleri akşam üzeri olmuş, belki de tatlısıyla tuzlusuyla uzun uzadıya keyfi çıkacak bir <a href=""https://yemek.com/tarif/kahvaltiliklar/"" target=""_blank"">kahvaltı</a> sofrası hazırlıyorsunuz. Ya da akşam yemeği sonrası çay keyfinizi taçlandıracak tatlı bir hamur işi aradığınız. Öyleyse sadece 10 dakikada hazırlanan üç malzemeli un kurabiyesi <a href=""https://yemek.com/tarif/"" target=""_blank"">tarif</a>ine alalım sizi. Bu kurabiyeler bir şahane.</p>
<p>Sıvı yağ, pudra şekeri ve un ilavesiyle hazırlanan bu <a href=""https://yemek.com/tarif/tatli-kurabiyeler/"" target=""_blank"">tatlı kurabiye</a>ler, kaşıkla şekil alıp önceden ısıtılmış 175 derece fırında 15 dakika gibi kısa bir sürede pişiyor. Demleyin çayı, kurulun en sevdiğiniz koltuğa. Kurabiyeleriniz olmak üzere, afiyet olsun.</p>
",recipe,"['un', 'pudra şekeri', 'pudra şekeri', 'sıvı yağ']","['Sıvı yağ ve pudra şekerini derin bir kaba alın, karıştırın.', 'Ardından unu aşamalı olarak ekleyin.\xa0Hamuru toparlamak için iyice yoğurun. Hamurdan parçalar koparıp silindir şeklini verin.', 'Verev şekilde kesin.', 'Yağlı kağıt serilmiş fırın tepsisine aralıklı olarak yerleştirin.', 'Üzerlerini çatal ile çizin. Önceden ısıtılmış 175 derece fırında 15 dakika pişirin.', 'Arzuya göre üzerine pudra şekeri serperek servis edin. Afiyet olsun!']",TATLI KURABİYE,239b56,/tarif/tatli-kurabiyeler/,"['Kurabiye', 'Tatlı Kurabiye']",['çay saati'],['Çay Saati'],['Fırın'],['Ekonomik'],False,900,600,2022-12-28T11:10:00Z,4.0,1569331,4413,False,False,True,0,,0,,,,2015/09/uc-malzemeli-un-kurabiyesi-yemekcom.jpg,0,0,https://cdn.yemek.com/mnresize/940/940/uploads/2015/09/uc-malzemeli-un-kurabiyesi-yemekcom.jpg,940,940,False,https://cdn.yemek.com/mncrop/300/200/uploads/2015/09/uc-malzemeli-un-kurabiyesi-yemekcom.jpg,300,200,True,https://cdn.yemek.com/mncrop/940/625/uploads/2015/09/uc-malzemeli-un-kurabiyesi-yemekcom.jpg,940,625,True,https://cdn.yemek.com/mncrop/620/388/uploads/2015/09/uc-malzemeli-un-kurabiyesi-yemekcom.jpg,620,388,True,https://cdn.yemek.com/mncrop/600/315/uploads/2015/09/uc-malzemeli-un-kurabiyesi-yemekcom.jpg,600,315,True,,,,,,
447,4487,Gökçen Mutaf,https://cdn.yemek.com/author/23120/20181227103819_avatar.jpeg,/profil/gokcenmutaf/,Brownie'yi Andıran: Islak Kurabiye,Islak Kurabiye,/tarif/islak-kurabiye/,25 dk,15 dk,"<p>Kakaolu kurabiyenin şerbetle buluşmasından hazırlanan ıslak kurabiye, kakaolu tatlıları sevenlere göre. <strong>Sıcak kurabiyelerin ıslatılması kakao tadını yoğunlaştırıyor </strong>ve <a href=""https://yemek.com/tarif/kurabiye/"" target=""_blank"" rel=""noopener"">kurabiyeye</a> ağızda dağılan bir kıvam veriyor. Islak kurabiye tarifini çay saatleri için keyifle hazırlayabilir, bu esmer kurabiyeleri yanında bir fincan kahve eşliğinde tatlı bir atıştırmalık olarak da tüketebilirsiniz.</p>
<p><a href=""https://yemek.com/tarif/brownie/"" target=""_blank"" rel=""noopener"">Brownie</a>'yi andıran bu lezzetli <a href=""https://yemek.com/tarif/browni-kurabiye/"" target=""_blank"" rel=""noopener"">browni tadında kurabiye</a>leri kısa sürede hazırlayabilir, yorumlarınızı bizlerle paylaşabilirsiniz.</p>",recipe,"['yumurta', 'toz şeker', 'un', 'kabartma tozu', 'su', 'rendelenmiş Hindistan cevizi', 'kakao', 'pudra şekeri', 'tereyağı (oda sıcaklığında bekletilmiş)', 'vanilin', 'sıvı yağ']","['<div>\n<div>\n<div dir=""ltr"">\n<div>\n<div>Islak kurabiye için derince bir karıştırma kabına oda ısısındaki tereyağını, sıvı yağı, yumurtayı, pudra şekerini, kakaoyu, vanilin ve kabartma tozunu alın.</div>\n</div>\n</div>\n</div>\n</div>', '<p>Tüm malzemeleri özleşene\xa0kadar\xa0karıştırın.</p>', '<div>\n<div>\n<div dir=""ltr"">\n<div>\n<div>Ardından unu yavaş yavaş ekleyerek, ele yapışmayan bir hamur elde edin.</div>\n</div>\n</div>\n</div>\n</div>', '<div>\n<div>\n<div dir=""ltr"">\n<div>\n<div>Hazırladığınız hamurdan ceviz büyüklüğünde parçalar koparın.</div>\n</div>\n</div>\n</div>\n</div>', '<p>Avucunuzda yuvarlayın ve parmağınızla ortasına hafifçe bastırdıktan sonra, yağlı kağıt serilmiş bir fırın tepsisine dizin.\xa0Önceden ısıtılmış 180 derece fırında yaklaşık 20 dakika kadar pişirin.</p>', '<div>\n<div>\n<div dir=""ltr"">\n<div>\n<div>Kurabiyeleriniz fırındayken şerbeti için gerekli olan şeker ve suyu homojen karışana kadar kaynattıktan sonra bir kaseye alın ve soğutun.</div>\n</div>\n</div>\n</div>\n</div>', '<div>\n<div>\n<div dir=""ltr"">\n<div>\n<div>Kurabiyeler fırından çıkınca 2 dakika kadar bekletin ve ardından teker teker hazırladığınız şerbete atın, arkalı önlü çevirin ve bir servis tabağına dizin.</div>\n</div>\n</div>\n</div>\n</div>', '<div>\n<div>\n<div dir=""ltr"">\n<div>\n<div>Tüm kurabiyeleri bu şekilde şerbete batırdıktan sonra kalan şerbeti de üstlerine gezdirin ve tüm şerbeti çekene dek bekletin.</div>\n</div>\n</div>\n</div>\n</div>', '<div>\n<div>\n<div dir=""ltr"">\n<div>\n<div>Kurabiyeler şerbeti çektikten sonra üstlerini Hindistan cevizi ile süsleyin ve servis edin. Afiyet olsun.</div>\n</div>\n</div>\n</div>\n</div>']",TATLI KURABİYE,239b56,/tarif/tatli-kurabiyeler/,"['Kurabiye', 'Tatlı Kurabiye']",,['Çay Saati'],['Fırın'],['Ekonomik'],False,1500,900,2022-03-16T06:08:50Z,4.0,1542043,9538,False,False,True,0,,0,,,,2016/01/islak-kurabiye-tarifi-son.jpg,0,0,https://cdn.yemek.com/mnresize/940/940/uploads/2016/01/islak-kurabiye-tarifi-son.jpg,940,940,False,https://cdn.yemek.com/mncrop/300/200/uploads/2016/01/islak-kurabiye-tarifi-son.jpg,300,200,True,https://cdn.yemek.com/mncrop/940/625/uploads/2016/01/islak-kurabiye-tarifi-son.jpg,940,625,True,https://cdn.yemek.com/mncrop/620/388/uploads/2016/01/islak-kurabiye-tarifi-son.jpg,620,388,True,https://cdn.yemek.com/mncrop/600/315/uploads/2016/01/islak-kurabiye-tarifi-son.jpg,600,315,True,,,,,,
448,134,Yasemin Özaltın,https://cdn.yemek.com/author/35533/20181219061403_avatar.jpg,/profil/yasemingursurer/,Tüm Püf Noktalarıyla: Mercimek Köftesi,Mercimek Köftesi,/tarif/mercimek-koftesi/,20 dk,30 dk,"<p>Altın günlerinin vazgeçilmez lezzeti, bekarların ve öğrenci evlerinin gözdesi mercimekli köfte pratik olmasının yanı sıra besleyici ve lezzetli bir <a href=""https://yemek.com/tarif/"" target=""_blank"" rel=""noopener"">tarif</a>. <strong>Tam ölçülü, tam kıvamında mercimek köftesi</strong> nasıl yapılır diye merak edenlerden en güzel mercimek köftesi tarifini henüz bulamamış olanlara tüm püf noktalarıyla pratik tariflerin gözdesi mercimek köftesi karşınızda!</p>
<p>Mercimek köftesi sunumunu, mercimek köftesinin yanına ne gider ya da <strong>mercimek köftesi cıvık olursa</strong> ne yapılmalı sorularının cevabını artık başka yerde aramanız gerek yok. Çünkü en güzelini annenin yaptığı mercimek köftesi için mutfağa girerek biraz da biz hünerlerimizi göstereceğiz bugün. Güzel annelerimize selamlar yollayacağız bu tarifle.</p>
<p>Mercimek köftesi videomuzu aşağıya bırakıyoruz, afiyetler olsun şimdiden! <img class=""wp-smiley img-responsive"" src=""https://cdn.yemek.com/assets/images/smiley/smile.png""></p>
<p>Mercimek köftesini sevenler bunları da sevdi: <a href=""https://yemek.com/tarif/kisir"" target=""_blank"" rel=""noopener"">Kısır Tarifi</a></p>
<p>Klasik mercimekli köfte tariflerinden sıkılanlar, çıtır çıtır dokusuyla <a href=""https://yemek.com/tarif/firinda-mercimek-kofte/"" target=""_blank"" rel=""noopener"">fırında mercimekli köfte</a> tarifiyle misafirlerinizi şaşırtıyor.</p>",recipe,"['kırmızı mercimek', 'kuru soğan', 'biber salçası', 'sıcak su', 'tuz', 'pul biber', 'maydanoz', 'zeytinyağı', 'karabiber', 'domates salçası', 'ince bulgur', 'taze soğan', 'kimyon']","['<p>Mercimek köftesi için bol suda yıkadığınız kırmızı mercimeği sıcak suda kaynatın.</p>', '<p>Suyunu çekmeye yakın ince bulguru ekleyin, mercimeği ocaktan alın.</p>', '<p>Üzerine ince bulguru ekleyin.</p>', '<p>Kapağını kapattığınız tencerede ince bulguru şişmesi için mercimekle birlikte 15 dakika kadar bekletin.</p>', '<p>Zeytinyağını bir tavada kızdırın.</p>', '<p>Kuru soğanları küçük küpler halinde doğrayın ve tavaya aktarın.</p>', '<p>Doğradığınız soğanları 5 dakika kadar kavurun.</p>', '<p>Sırasıyla; biber salçası, domates salçası, tuz, pul biber ve kimyonu ekleyin.</p>', '<p>Soğanlı karışımı 3-4 dakika kadar kavurun.</p>', '<p>Şişen bulgurlu ve mercimekli harca salçalı, soğanlı harcı ekleyin.</p>', '<p>Taze soğanları ve maydanozu ince ince kıyın.\xa0 Doğranmış yeşillikleri ilave edin.</p>', '<p>Malzemeleri yoğurmaya başlayın.</p>', '<p>Tüm malzemeyi özleşene kadar yoğurun.</p>', '<p>Hazırladığınız harçtan ceviz büyüklüğünde parçalar alın ve avuç içinizde sıkarak şekil verin.</p>', '<p>Servis tabağına aldığınız mercimek köftelerini arzu ettiğiniz yeşilliklerle servis edin. Sevdiklerinizle paylaşın.</p>']",MEZE,239b56,/tarif/mezeler/,"['Özel Beslenme', 'Vejetaryen', 'Atıştırmalık', 'Meze', 'Vegan', 'Video', 'Tuzlu Atıştırmalık', 'Bakliyat']",,"['Öğle Yemeği', 'Çay Saati']","['Tencere', 'Tava']","['Vejetaryen', 'Bol Proteinli']",False,1200,1800,2022-03-10T11:30:12Z,4.0,1537793,11735,False,True,True,0,,0,,,,2014/06/mercimek-koftesi-yeni-ytk.jpg,0,0,https://cdn.yemek.com/mnresize/940/940/uploads/2014/06/mercimek-koftesi-yeni-ytk.jpg,940,940,False,https://cdn.yemek.com/mncrop/300/200/uploads/2014/06/mercimek-koftesi-yeni-ytk.jpg,300,200,True,https://cdn.yemek.com/mncrop/940/625/uploads/2014/06/mercimek-koftesi-yeni-ytk.jpg,940,625,True,https://cdn.yemek.com/mncrop/620/388/uploads/2014/06/mercimek-koftesi-yeni-ytk.jpg,620,388,True,https://cdn.yemek.com/mncrop/600/315/uploads/2014/06/mercimek-koftesi-yeni-ytk.jpg,600,315,True,,,,,,
449,13732,ipeksare,https://cdn.yemek.com/author/262494/20200820091315_avatar.jpg,/profil/ipeksare/,Bol Malzemeli: Ev Usulü Pizza,Ev Usulü Pizza,/tarif/ev-usulu-pizza/,30 dk,30 dk,"<p>Hafif kabarmış bir hamuru ve bol bol malzemesiyle <a href=""https://yemek.com/tarif/pizza/"" target=""_blank"">pizzaların</a> en güzellerinden biridir ev usulü pizza.</p>
<p>Dışarıda bayılarak yediğimiz pizzaları aslında evinizde de çok kolay bir şekilde yapabilirsiniz. Eğer siz de ""<strong>Evde pizza nasıl yapılır?</strong>"" diyorsanız fırında pişen, bu kolay ve pratik karışık pizza tarifini çok sevecek, her fırsatta yapmak isteyeceksiniz.</p>
<p>Lezzetine doyum olmaz bu pizza tarifinin sırrı hamurunda saklı. Bu şekilde ağzınıza attığınızda yumuşacık dokusuyla sizi çok mutlu edecek, bol bol malzemesiyle de damaklarınızı şenlendirecek bir tarife dönüşüyor. ""<strong>Pizza hamuru nasıl yapılır?</strong>"" diye soranlara da adım adım resimli anlatımıyla tam kıvamında bir <a href=""https://yemek.com/tarif/pizza-hamuru/"" target=""_blank"">pizza hamuru</a> tarifi hazırladık, püf noktalarını da <a href=""https://yemek.com/pizza-hamuru-yapmanin-puf-noktalari/"" target=""_blank"">şurada</a> anlattık. Mutlaka göz atın deriz.</p>
<p>Ev yapımı pizza tarifinin adım adım resimli tarifi karşınızda!</p>
",recipe,"['tuz', 'toz şeker', 'un', 'sarımsak', 'zeytinyağı', 'zeytinyağı', 'fesleğen', 'rendelenmiş kaşar peyniri', 'kekik', 'ılık su', 'konserve mısır', 'kuru maya', 'sucuk', 'domates sos', 'biber', 'zeytin', 'rendelenmiş mozarella peyniri']","['Bir kabın içerisine kuru mayayı dökün ve üzerine ılık su ve şekeri ekleyerek güzelce karıştırın.', 'Daha sonra mayalı karışıma zeytinyağını ve tuzu ekleyip tahta kaşıkla karıştırın.', 'Unu azar azar ekleyin.', 'Hamur kıvama gelince elinizle yoğurmaya başlayın ve ele yapışmayan, yumuşak bir hamur haline gelene kadar yoğurmaya devam edin.', 'Hamur istediğiniz yumuşaklığa ulaşınca, kabın üzerini bir streç film ile kaplayıp en az 30 dakika hamurunuzu dinlendirin.', 'Dinlenen hamurunuzu un serptiğiniz tezgaha alıp, katlayarak havasını çıkarın.\xa0Hamuru toparlayıp, 2 ya da 3 parçaya ayırın. İnce hamurlu ve orta boy pizza yapmak istiyorsanız hamurunuzu 3’e bölün. Daha büyük ve kalın hamurlu 2 pizza yapmak istiyorsanız, ikiye bölebilirsiniz.', 'Kestiğiniz parçayı beze haline getirip un serptiğiniz tezgahın üzerinde merdane yardımıyla açın.', 'Dilediğiniz inceliğe ulaştığınızda pişirme kağıdı serdiğiniz tepsinin üzerine alın. Bir çatal yardımıyla pizza hamurunun üzerinde delikler açın ve önceden ısıtılmış 200 derece fırında 10 dakika pişirin.', 'Pizza sosunu, domates sosuna, fesleğen, kekik, sarımsak ve zeytinyağı ekleyerek hazırlayabilirsiniz.', '10 dakika sonra hafif pişen hamuru fırından çıkarıp, hazırladığınız domates sosundan üzerine sürün.', 'Pizza sosunun üzerine bolca rendelenmiş kaşar ya da mozarella peyniri yerleştirdikten sonra üzerine dileğiniz malzemeleri ekleyin. Malzemeleri yerleştirdikten sonra en üste tekrar rendelenmiş kaşar ekleyin.', 'Tekrar fırına koyun ve 20 dakika daha pişirin. Peynirler güzelce eriyip tüm malzemeler piştiğinde pizzanızı fırından çıkarabilirsiniz.', 'Pizza kesiciyle dilimleyip tüketebilirsiniz.', 'Afiyet olsun!']",PİZZA,239b56,/tarif/pizza/,"['Hamur İşi', 'Pizza']","['akşam yemeği', 'kahvaltı', 'öğle yemeği']","['Öğle Yemeği', 'Akşam Yemeği']",['Fırın'],,False,1800,1800,2022-03-11T10:00:52Z,4.0,1518606,6252,False,True,True,0,,0,,,,2022/03/ev-usulu-pizza-yemekcom.jpg,0,0,https://cdn.yemek.com/mnresize/940/940/uploads/2022/03/ev-usulu-pizza-yemekcom.jpg,940,940,False,https://cdn.yemek.com/mncrop/300/200/uploads/2022/03/ev-usulu-pizza-yemekcom.jpg,300,200,True,https://cdn.yemek.com/mncrop/940/625/uploads/2022/03/ev-usulu-pizza-yemekcom.jpg,940,625,True,https://cdn.yemek.com/mncrop/620/388/uploads/2022/03/ev-usulu-pizza-yemekcom.jpg,620,388,True,https://cdn.yemek.com/mncrop/600/315/uploads/2022/03/ev-usulu-pizza-yemekcom.jpg,600,315,True,['fırın'],,,,,
450,180,Yasemin Özaltın,https://cdn.yemek.com/author/35533/20181219061403_avatar.jpg,/profil/yasemingursurer/,20 Dakikada Buzlukta: Mozaik Pasta,Mozaik Pasta,/tarif/mozaik-pasta/,20 dk,20 dk,"<p>Biz çocukken mutfaktaki hummalı çalışmanın sonucu annelerimizin lezzetli ellerinden tüm ömrümüz boyunca unutamayacağımız kadar lezzetli <a href=""https://yemek.com/tarif/tatli/"" target=""_blank"">tatlılar</a>, <a href=""https://yemek.com/tarif/pasta-tatli/"" target=""_blank"">pastalar</a> çıkardı. Bu pasta hiç şüphesiz mozaik pastanın ta kendisiydi! Bu kolay mozaik pasta, küçük büyük herkesin bayılarak yediği lezzeti her daim garantili olan oldukça kolay ve pratik bir <a href=""https://yemek.com/tarif/"" target=""_blank"">tarif</a>. Hadi gelin bisküvili mozaik pastanın sırlarını bir bir anlatalım size. Anılarımıza doğru tatlı bir yolculuğa çıkaran, <strong>petibör bisküvili</strong> mozaik pasta tarifiyle karşınızdayız!</p>
<p>Bisküvi, tereyağı, toz şeker ve kakaonun bir araya gelip yaptığı en lezzetli pasta tariflerinden biri o. Biz bu kez farklı malzemeler ekleyerek <strong>klasik mozaik pasta</strong> tarifinin tadına da tat kattık. Bu üçgen mozaik pastanın yapımı o kadar kolay, pratik ve bir o kadar lezzetli ki...</p>
<p>Hadi o zaman! Buyursunlar en güzel mozaik pasta tarifine ve yapılış adımlarını gösteren mozaik pasta videomuza. <img src=""https://cdn.yemek.com/assets/images/smiley/smile.png"" class=""wp-smiley img-responsive"" /></p>
",recipe,"['süt', 'kakao', 'pudra şekeri', 'tereyağ', 'Hindistan cevizi', 'petibör bisküvi']","['Tereyağını eritin.', 'Pudra şekerini karıştırma kabına aktarın.\xa0Pudra şekerinin üzerine erittiğiniz tereyağını ve sütü dökün.\xa0Kakaoyu da ilave edin.', 'Malzemeleri çırpın.', 'Üzerine bisküvileri kırın.', 'Bisküvileri de koyduktan sonra tüm malzemeleri spatula yardımıyla nazikçe karıştırın.', 'Servis edeceğiniz kalıbın içini streç film ile kaplayın.', 'Tüm harcı ekleyin ve üzerini kapatın.', 'Buzdolabının dondurucu bölümünde 4 saat bekletin. Hindistan cevizi serpin. Dilimleyerek soğuk olarak servis edin.', 'Afiyet olsun!']",PASTA,239b56,/tarif/pasta-tatli/,"['Tatlı', 'Pasta', 'Video']","['ara öğün', 'çay saati']",['Çay Saati'],['Tencere'],['Ekonomik'],False,1200,1200,2022-03-18T14:40:39Z,4.0,1512620,8912,False,True,True,0,,0,,,,2022/03/mozaik-pasta-tarifi-yemekcom.jpg,0,0,https://cdn.yemek.com/mnresize/940/940/uploads/2022/03/mozaik-pasta-tarifi-yemekcom.jpg,940,940,False,https://cdn.yemek.com/mncrop/300/200/uploads/2022/03/mozaik-pasta-tarifi-yemekcom.jpg,300,200,True,https://cdn.yemek.com/mncrop/940/625/uploads/2022/03/mozaik-pasta-tarifi-yemekcom.jpg,940,625,True,https://cdn.yemek.com/mncrop/620/388/uploads/2022/03/mozaik-pasta-tarifi-yemekcom.jpg,620,388,True,https://cdn.yemek.com/mncrop/600/315/uploads/2022/03/mozaik-pasta-tarifi-yemekcom.jpg,600,315,True,,,,,,
451,29467,Yasemin Özaltın,https://cdn.yemek.com/author/35533/20181219061403_avatar.jpg,/profil/yasemingursurer/,3-2-1 Ölçüsüyle: Bayatlamayan Kabartma Tozlu Poğaça,Bayatlamayan Kabartma Tozlu Poğaça,/tarif/bayatlamayan-kabartma-tozlu-pogaca/,15 dk,15 dk,"<p>Hem çok kolay, hem çok hızlı, hem de yemesi pek keyifli muhteşem bir <a href=""https://yemek.com/tarif/pogaca/"" target=""_blank"">poğaça</a>...Bayatlamayan kabartma tozlu poğaça tarifi, hazırlandıktan sonra tadına bakıp da beğenmeyenini, ikincisini istemeyenini zor bulursunuz. İçindeki malzemelerin miktarlarından dolayı “3-2-1 poğaça <a href=""https://yemek.com/tarif/"" target=""_blank"">tarif</a>i” diye de bilinen bu güzelliği hala denemeyenler varsa diye zevkle paylaşıyoruz.</p>
<p>3-2-1 poğaça tarifi, malzemeleri ile de ekonomik! İçinde 3 paket kabartma tozu, 2 bardak yoğurt ve 1 yumurta var. Kabartma tozu ne kadar da çokmuş acı olur o diyorsanız, hiç de öyle olmadığını, inanılmaz yumuşak, aşırı lezzetli olduğunu deneyince anlayacaksınız. Üstelik de bayatlamıyor, hoş gerçi bayatlamasını bekleyecek kadar uzun süre yemeden duramayacaksınız o da ayrı.  O zaman siz aşağıda yazan diğer malzemeleri de hazırlayıverin, <a href=""https://yemek.com/tarif/yumusak-pogaca/"" target=""_blank"">yumuşacık poğaça</a>mızı yapalım. Şimdiden afiyetler olsun.</p>
",recipe,"['tuz', 'toz şeker', 'un', 'kabartma tozu', 'yoğurt', 'yumurta sarısı', 'sirke', 'beyaz peynir', 'susam', 'yumurta beyazı', 'sıvı yağ']","['Bir yoğurma kabına; yağ, yoğurt ve yumurta beyazını alıp güzelce karıştırın.', 'Ardından kabartma tozları, tuz, şeker ve sirkeyi de ilave edip, tekrar karıştırın.', 'Unu azar azar ilave ederek yoğurmaya başlayın. Hafifçe ele yapışan bir hamur elde edeceksiniz.', 'Hazırladığınız hamurdan mandalinadan biraz küçük olacak parçalar kopartın. Elinizle yuvarlayın ve avucunuzla bastırıp yassılaştırın.', 'Yassılaştırdığınız hamur parçasının ortasına bir çatalla ezdiğiniz beyaz peynirden biraz koyun.', 'Kenarlarını birleştirip kapatın ve tekrar yuvarladıktan sonra yağlı kağıt serdiğiniz bir fırın tepsisine yerleştirin.', 'Tüm hamuru bu şekilde hazırlayıp tepsiye dizin.', 'Üstlerine bir fırça yardımıyla yumurta sarısı sürün ve susam serpin. Önceden ısıttığınız 200 derece fırında, üstleri kızarana dek yaklaşık 15 dakika pişirin.', 'Tepsiyi fırından aldıktan sonra ılıklaşmasını bekleyin ve ardından servis edin.']",POĞAÇA,239b56,/tarif/pogaca/,"['Hamur İşi', 'Kahvaltılık', 'Poğaça', 'Video']","['kahvaltı', 'çay saati']","['Kahvaltı', 'Çay Saati']",['Fırın'],['Vejetaryen'],False,900,900,2018-01-31T07:11:19Z,4.0,1443090,8543,False,True,False,0,,0,,,,2018/01/bayatlamayan-pofuduk-pogaca-yemekcom.jpg,0,0,https://cdn.yemek.com/mnresize/940/940/uploads/2018/01/bayatlamayan-pofuduk-pogaca-yemekcom.jpg,940,940,False,https://cdn.yemek.com/mncrop/300/200/uploads/2018/01/bayatlamayan-pofuduk-pogaca-yemekcom.jpg,300,200,True,https://cdn.yemek.com/mncrop/940/625/uploads/2018/01/bayatlamayan-pofuduk-pogaca-yemekcom.jpg,940,625,True,https://cdn.yemek.com/mncrop/620/388/uploads/2018/01/bayatlamayan-pofuduk-pogaca-yemekcom.jpg,620,388,True,https://cdn.yemek.com/mncrop/600/315/uploads/2018/01/bayatlamayan-pofuduk-pogaca-yemekcom.jpg,600,315,True,,,,,,
452,129,Yasemin Özaltın,https://cdn.yemek.com/author/35533/20181219061403_avatar.jpg,/profil/yasemingursurer/,Lokanta Usulü: Köri Soslu Tavuk,Köri Soslu Tavuk,/tarif/kori-soslu-tavuk/,20 dk,10 dk,"<p>Baharat sevenleri, her yaptığı <a href=""https://yemek.com/tarif/"" target=""_blank"">yemek tarifinin</a> içine tuz hariç mutlaka en az 2 baharat ekleyenleri, körinin kokusunu da tadını da çok sevenleri böyle alalım. Güneydoğu Asya Mutfağı'nın vazgeçilmez baharatı köri, içerisinde bulunan sumak, zencefil, kimyon, kişniş vb. baharatlarla tam bir şifa kaynağı olma özelliğini taşıyor. Beyaz etlerle harika bir uyum yakalayan köri, en çok <a href=""https://yemek.com/tarif/tavuk/"" target=""_blank"">tavuk etini</a> seviyor. Karşınızda nefis mi nefis: <strong>Köri soslu tavuk tarifi!</strong></p>
<p>Resimli anlatımıyla, en pratik ve yemelere doyum olmaz körili tavuk tarifini veriyor, köri sos nasıl yapılır tek tek anlatıyoruz. Yanına <a href=""https://yemek.com/tarif/patates-puresi/"" target=""_blank"">patates püresi</a>, <a href=""https://yemek.com/tarif/salata/"" target=""_blank"">salata</a> ya da <a href=""https://yemek.com/tarif/pilav/"" target=""_blank"">pilavla</a> servis edebilirsiniz. Lokantalarda sunulan köri soslu tavuklardan çok daha lezzetli oluyor, yiyen herkes tarifini istiyor. Bu lezzeti sık sık pişirmek isteyeceksiniz. Şimdiden ellerinize sağlık diyor, <a href=""https://yemek.com/soslu-tavuk-yemekleri/"" target=""_blank"">soslu tavuk yemekleri</a> arasında en çok sevilen bu kolay yemek tarifimize buyur ediyoruz.</p>
<p>Köri sosun tadını sevdiyseniz belki sonra <a href=""https://yemek.com/tarif/kremali-korili-tavuklu-makarna/"" target=""_blank"">köri soslu makarna tarifine</a> de şans vermek isteyebilirsiniz. Afiyet olsun!</p>
",recipe,"['tereyağı', 'sıcak su', 'tuz', 'un', 'maydanoz', 'karabiber', 'kuşbaşı tavuk göğsü', 'soğuk süt', 'köri', 'sıvı yağ']","['Sıvı yağını bir tavada kızdırın. Kuşbaşı\xa0doğranmış tavuk göğsünü aktarın.', 'Renk alıp, suyunu çekene kadar orta ateşte kavurun.', 'Köri sosu hazırlamak için; ayrı bir tavada tereyağını sos tenceresinde eritin.', 'Unu da üzerine ekleyin ve\xa0 kokusu çıkıp, renk alana kadar karıştırarak kavurun.', 'Kavrulan una soğuk sütü ekleyin ve unun topaklanmaması için bir çırpıcı yardımıyla hızlıca karıştırın.', 'Sıcak su, köri, tuz ve karabiberi katın.', 'Sosu, kısık ateşte koyu bir kıvam alana kadar sürekli karıştırarak 4- 5 dakika pişirin.', 'Hazırladığınız sosu, kavrulan tavuklara ekleyin ve harmanladıktan sonra pişirme işlemini 5 dakika kadar sürdürün.', 'İncecik kıyılmış bir avuç maydanozu, köri soslu tavuğa ilave ettikten sonra bekletmeden sıcak olarak servis edin.', 'Köri soslu tavuk tarifi hazır. Afiyet olsun!']",TAVUK,239b56,/tarif/tavuk/,"['Tavuk', 'Video']","['ekonomik', 'akşam yemeği', 'öğle yemeği']","['Öğle Yemeği', 'Akşam Yemeği']",['Tencere'],"['Ekonomik', 'Bol Proteinli']",False,1200,600,2019-05-14T13:24:40Z,4.0,1396751,11895,False,True,True,0,,0,,,,2014/06/kori-soslu-tavuk-yemekcom.jpg,0,0,https://cdn.yemek.com/mnresize/940/940/uploads/2014/06/kori-soslu-tavuk-yemekcom.jpg,940,940,False,https://cdn.yemek.com/mncrop/300/200/uploads/2014/06/kori-soslu-tavuk-yemekcom.jpg,300,200,True,https://cdn.yemek.com/mncrop/940/625/uploads/2014/06/kori-soslu-tavuk-yemekcom.jpg,940,625,True,https://cdn.yemek.com/mncrop/620/388/uploads/2014/06/kori-soslu-tavuk-yemekcom.jpg,620,388,True,https://cdn.yemek.com/mncrop/600/315/uploads/2014/06/kori-soslu-tavuk-yemekcom.jpg,600,315,True,"['tencere', 'bol proteinli']",,,,,
453,305,Gökçen Mutaf,https://cdn.yemek.com/author/23120/20181227103819_avatar.jpeg,/profil/gokcenmutaf/,Şaşmayan Tarif: Sade Kek,Sade Kek,/tarif/sade-kek/,40 dk,15 dk,"<p>Kocaman kabarmış, lezzetiyle herkesi kendine hayran bırakacak en klasik lezzetlerdendir sade kek tarifi. Süt, yumurta ve şekerin önderliğinde, misler gibi vanilya kokusunun büyüsünde hazırlanan harç fırının sıcacık kollarına teslim edilir. Kabarırken bile kendine hayran bırakan sade kek, çayın yanına hazırlanan en pratik kek olarak çıkar oradan. Karşınızda işte o enfes anların mimarı sade kek tarifi!</p>
<p>Birbirinden nefis <a href=""https://yemek.com/tarif/kek/"" target=""_blank"">kek tarifleri</a> arasında en baştan bize göz kırpan bu lezzet, kabarık ve yumuşak dokusuyla boyut atlıyor bu kez. Çaylarınızın, kahveleriniz hazırsa o yumuşacık sade kek tarifimiz geliyor. Şimdiden ellerinize sağlık.</p>
<p>Not: ""Sade kek de güzel ama kakaolu keki de çok seviyorum"" diyenler için yumuşacık kakaolu kek tarifimiz de hemen <a href=""https://yemek.com/tarif/kakaolu-kek/"" target=""_blank"">şurada</a>.</p>
",recipe,"['yumurta', 'toz şeker', 'süt', 'un', 'kabartma tozu', 'vanilin', 'sıvı yağ']","['Yumurtaları derince bir kaba kırın ve toz şekeri ekledikten sonra bir mikser ile 10 dakika boyunca çırpın.\xa0Krema kıvamına gelen karışıma sıvı yağı ve sütü ekleyip bir spatula ile karıştırın.', 'Üstüne unu, kabartma tozunu ve vanilini de ekledikten sonra tekrar karıştırın ve sıvı yağ ile yağladığınız bir kek kalıbına hazırladığınız karışımı dökün.', 'Önceden ısıtılmış 180 derecelik fırında 40 dakika kadar pişirin.\n\n&nbsp;', 'Kek kürdan testini geçince fırından alın ve tamamen soğuduktan sonra kalıbı ters çevirerek kalıptan çıkarın.', 'Dilimleyerek servis edin.\xa0 Afiyetler olsun!']",TATLI KEK,239b56,/tarif/tatli-kek/,"['Kek', 'Tatlı Kek']",['çay saati'],['Çay Saati'],['Fırın'],['Vejetaryen'],False,2400,900,2022-03-10T07:30:22Z,4.0,1356751,3356,False,False,True,0,,0,,,,2014/07/sade-kek-tarifi-yeni.jpg,0,0,https://cdn.yemek.com/mnresize/940/940/uploads/2014/07/sade-kek-tarifi-yeni.jpg,940,940,False,https://cdn.yemek.com/mncrop/300/200/uploads/2014/07/sade-kek-tarifi-yeni.jpg,300,200,True,https://cdn.yemek.com/mncrop/940/625/uploads/2014/07/sade-kek-tarifi-yeni.jpg,940,625,True,https://cdn.yemek.com/mncrop/620/388/uploads/2014/07/sade-kek-tarifi-yeni.jpg,620,388,True,https://cdn.yemek.com/mncrop/600/315/uploads/2014/07/sade-kek-tarifi-yeni.jpg,600,315,True,['fırın'],,,,,
454,183,Cemre Özgüzel,https://cdn.yemek.com/author/109/20200211010242_avatar.jpg,/profil/cemre-ozguzel/,Pastane Usulü: Un Kurabiyesi,Un Kurabiyesi,/tarif/un-kurabiyesi/,15 dk,25 dk,"<p>Kıyır kıyır dediğimiz <a href=""https://yemek.com/kurabiye-tarifleri/"" target=""_blank"">kurabiye tarifleri</a>nin şahı un kurabiyesidir. Uzun süre bozulmadan dayanabilmesi de bu lezzetli ve pratik kurabiyeyi popüler kılan noktalardan biridir. Kolay un kurabiyesi yapımında pudra şekeri elenerek servis edildiği için tarifinde çok az miktarda şeker kullanılır. Ağza gelmemesi için pudra şekeri tercih edilir. Hem kıvamı hem de dokusuyla, enfes mi enfes <strong>un kurabiyesi tarifi</strong> karşınızda!</p>
<p>""<a href=""https://yemek.com/agizda-dagilan-kurabiye-nasil-yapilir/"" target=""_blank"">Ağızda dağılan un kurabiyesi nasıl yapılır?</a>"" diyenler tarifin detaylarında açıklamalı anlatımını bulacak. Basit ve gerçek un kurabiyesinin tüm malzemeleri, yapılış adımları ve videosu ise hemen aşağıda. Hazırsanız en güzel un kurabiyesini yapmak için çalışmalara başlayalım! ''Un kurabiyesi tarifi nasıl yapılır?'' diyenlerinizi tarifimize alalım. Şimdiden ellerinize sağlık diyor, kolaylığı ve <strong>ağızda dağılan lezzetiyle un kurabiyesi</strong> <a href=""https://yemek.com/tarif/"" target=""_blank"">tarifi</a> karşınızda!</p>
",recipe,"['yumurta', 'un', 'vanilya', 'kabartma tozu', 'pudra şekeri', 'pudra şekeri', 'buğday nişastası', 'oda sıcaklığında tereyağı', 'sıvı yağ']","['Un kurabiyesi için 200 gram oda sıcaklığında bekletilmiş tereyağını derin bir yoğurma kasesine aktarın.', 'Üzerine 1 adet yumurta ve 1 çay bardağı sıvı yağını da ekledikten sonra pürüzsüz bir kıvam olana kadar çırpın.', '1 su bardağı pudra şekeri, 5 yemek kaşığı buğday nişastası, 1 paket kabartma tozu, 1 paket vanilin ve 3 su bardağı unu azar azar ekleyin.', 'Ele yapışmayacak kıvamda bir hamur elde edene kadar yoğurun.', 'Kurabiye hamurundan büyükçe bir parça alın ve tezgahın üzerinde yuvarlayarak 2 parmak kalınlığında rulo şekline getirin.', 'Kenar kısımlarını kesin. Ardından üzerinden çatal yardımıyla geçerek şekil verin.', 'Bıçak yardımıyla 3 parmak genişliğinde parçalar kesin. Fırın tepsisine aktarın.', 'Üzerleri hafif kızarıp renk alana kadar önceden ısıtılmış 170 derece fırında 15 dakika kadar pişirin.', 'Soğuttuktan sonra pudra şekeri eleyin.', 'Ardından un kurabiyelerini servis edin. Afiyetler olsun!']",TATLI KURABİYE,239b56,/tarif/tatli-kurabiyeler/,"['Kurabiye', 'Video', 'Tatlı Kurabiye']",['çay saati'],['Çay Saati'],['Fırın'],,False,900,1500,2022-04-01T07:45:01Z,4.0,1330455,3412,False,True,True,0,,0,,,,2022/04/un-kurabiyesi-onecikan-yeni.jpg,0,0,https://cdn.yemek.com/mnresize/940/940/uploads/2022/04/un-kurabiyesi-onecikan-yeni.jpg,940,940,False,https://cdn.yemek.com/mncrop/300/200/uploads/2022/04/un-kurabiyesi-onecikan-yeni.jpg,300,200,True,https://cdn.yemek.com/mncrop/940/625/uploads/2022/04/un-kurabiyesi-onecikan-yeni.jpg,940,625,True,https://cdn.yemek.com/mncrop/620/388/uploads/2022/04/un-kurabiyesi-onecikan-yeni.jpg,620,388,True,https://cdn.yemek.com/mncrop/600/315/uploads/2022/04/un-kurabiyesi-onecikan-yeni.jpg,600,315,True,['fırın'],,,,,
455,121,Cemre Özgüzel,https://cdn.yemek.com/author/109/20200211010242_avatar.jpg,/profil/cemre-ozguzel/,"Kolay, Pratik, Tam Kıvamında: Kakaolu Kek",Kakaolu Kek,/tarif/kakaolu-kek/,35 dk,10 dk,"<p>Bir parça kakaolu <a href=""https://yemek.com/tarif/kek/"" target=""_blank"">kek</a>; göz doldurur, iştah açar, <a href=""https://yemek.com/tarif/iced-latte/"" target=""_blank"">kahvenin</a> yanında iyi gider, misafir kurtarır, evlat sevindirir, anne özlemini artırır. On diliminde on marifet kakaolu kek, yapması da kolay olduğundan öğrencilerin de yapabilecekleri en nefis ve pratik <a href=""https://yemek.com/tarif/kek/"" target=""_blank"">kek tariflerinden</a> biri.</p>
<p>Kek denince akla gelen ilk <a href=""https://yemek.com/tarif/tatli-kek/"" target=""_blank"">tatlı kek</a> tarif olan <a href=""https://yemek.com/kakaolu-kek-tarifleri/"" target=""_blank"">kakaolu kek tarifi</a>ni en kolay, pratik ve tam kıvamında bir şekilde yapmak mümkün! Bu pratik kakaolu kek yumuşacık ve yaptığınız en güzel kakaolu kek tarifi olacak.</p>
<p>Kakaolu kek <a href=""https://yemek.com/tarif/"" target=""_blank"">tarif</a>imizin videosu hemen aşağıda, afiyet olsun!</p>
",recipe,"['yumurta', 'toz şeker', 'süt', 'un', 'vanilya', 'kabartma tozu', 'kakao', 'maden suyu', 'sıvı yağ']","['Yumurtaları ve toz şekeri derin bir kapta, bir mikser yardımıyla şeker eriyene kadar çırpın.', 'Ardından sıvı yağ, süt ve\xa0 sodayı da üzerine ekleyip çırpmaya devam edin.', 'Kek harcına unu ve kakaoyu azar azar ilave edin. Kabartma tozu ve vanilini de ekledikten sonra spatula yardımıyla, pürüzsüz bir harç elde edene kadar karıştırmaya devam edin.', 'Hazırladığınız kakaolu kek karışımını yağladığınız kek kalıbına dökün.', 'Önceden ısıtılmış 180 derece fırında 30-35 dakika kadar pişirin. İçini çekmesi için beklettiğiniz keki, ılınınca kalıbından çıkartın.', 'Üzerine pudra şekeri serperek servis edin.']",TATLI KEK,239b56,/tarif/tatli-kek/,"['Kek', 'Video', 'Tatlı Kek']","['ekonomik', 'ara öğün']",['Çay Saati'],['Fırın'],['Ekonomik'],False,2100,600,2020-11-19T10:43:04Z,4.0,1321844,5041,False,True,True,0,,0,,,,2019/03/kakaolu-kek-one-cikan-yeni.jpg,0,0,https://cdn.yemek.com/mnresize/940/940/uploads/2019/03/kakaolu-kek-one-cikan-yeni.jpg,940,940,False,https://cdn.yemek.com/mncrop/300/200/uploads/2019/03/kakaolu-kek-one-cikan-yeni.jpg,300,200,True,https://cdn.yemek.com/mncrop/940/625/uploads/2019/03/kakaolu-kek-one-cikan-yeni.jpg,940,625,True,https://cdn.yemek.com/mncrop/620/388/uploads/2019/03/kakaolu-kek-one-cikan-yeni.jpg,620,388,True,https://cdn.yemek.com/mncrop/600/315/uploads/2019/03/kakaolu-kek-one-cikan-yeni.jpg,600,315,True,['fırın'],,,,,
456,127,Gökçen Mutaf,https://cdn.yemek.com/author/23120/20181227103819_avatar.jpeg,/profil/gokcenmutaf/,Ağızda Dağılan Mükemmel Kıvamıyla: Elmalı Kurabiye,Elmalı Kurabiye,/tarif/elmali-kurabiye/,25 dk,20 dk,"<p><a href=""https://yemek.com/kurabiye-tarifleri-puf-noktalari/"" target=""_blank"">Kurabiye tariflerinin</a> en güzellerinden biri olan en güzel elmalı kurabiye karşınızda! Ağızda dağılan kıvamıyla, <a href=""https://yemek.com/pratik-kurabiye-tarifleri/"" target=""_blank"">pratik kurabiyelerden</a> oluşuyla kalplerinizi çalmaya gelecek bu kıyır kıyır <a href=""https://yemek.com/elmali-kurabiye-tarifleri/"" target=""_blank"">elmalı kurabiye tarifi</a> şekilleriyle, malzemeleriyle, hamuruyla tam ölçülü <a href=""https://yemek.com/tarif/kolay-elmali-kurabiye/"" target=""_blank"">elmalı kurabiye</a> yapmak isteyenlerin yardımına koşacak.</p>
<p><strong>Elmalı kurabiyenin gevrek olmas</strong>ı için yapılması gerekenlerden, nasıl saklanacağına kadar elmalı kurabiye yapmanın tüm püf noktalarını da bulabileceğiniz bu en güzel denenmiş elmalı kurabiye <a href=""https://yemek.com/tarif/"" target=""_blank"">tarifi</a> için çay suyunun altını koyalım hafiften. Elmalı <a href=""https://yemek.com/tarif/kurabiye/"" target=""_blank"">kurabiyeler</a> bizi bekler. Ağızda dağılan, tarçınlı <strong>elmalı kurabiye tarifi</strong>miz için mutfağa davetlisiniz. Afiyetler olsun şimdiden.</p>
",recipe,"['limon suyu', 'toz şeker', 'toz şeker', 'un', 'yoğurt', 'tarçın', 'karbonat', 'tereyağı (oda ısısında bekletilmiş)', 'dövülmüş ceviz içi', 'sıvı yağ', 'kırmızı elma']","['Elmalı kurabiye tarifini hazırlamak için\xa0 rendelenmiş elmaları tavaya alın. Üzerine toz şekeri ilave edin. Karamelize olana dek pişirin.', 'Piştikten sonra üzerine yarım su bardağı kadar dövülmüş ceviz ve tarçın ekleyin, karıştırın.', 'Hamurunu hazırlamak için derin bir kaseye oda sıcaklığında yumuşamış tereyağı, sıvı yağ, yoğurt, toz şeker, limon suyu ve karbonatı ekleyin. Güzelce yoğurun ve ardından unu da azar azar ekleyerek, ele yapışmayan fakat yumuşak olan bir hamur elde edin.', 'Hamuru tezgahın üzerinde toparlayın.', 'Tezgaha hafifçe un serperek açın. Yuvarlak şekiller çıkarıp elmalı harcı ortasına koyun ve iki yandan katlayın.', 'Pişirme kağıdı serdiğiniz fırın tepsisine kurabiyeleri dizin ve önceden ısıtılmış 180 derece fırında üzeri kızarana kadar, yaklaşık 20-25 dakika pişirin.', 'Oda sıcaklığına geldikten sonra üzerine pudra şekeri serpiştirin. Kurabiyeleriniz artık servise hazır! Afiyet olsun..', 'Afiyet olsun..']",TATLI KURABİYE,239b56,/tarif/tatli-kurabiyeler/,"['Kurabiye', 'Video', 'Tatlı Kurabiye']",['çay saati'],['Çay Saati'],['Fırın'],,False,1500,1200,2022-03-11T07:30:23Z,4.0,1597377,7917,False,True,True,0,,0,,,,2022/03/elmali-kurabiye-tarifi-yemekcom.jpg,0,0,https://cdn.yemek.com/mnresize/940/940/uploads/2022/03/elmali-kurabiye-tarifi-yemekcom.jpg,940,940,False,https://cdn.yemek.com/mncrop/300/200/uploads/2022/03/elmali-kurabiye-tarifi-yemekcom.jpg,300,200,True,https://cdn.yemek.com/mncrop/940/625/uploads/2022/03/elmali-kurabiye-tarifi-yemekcom.jpg,940,625,True,https://cdn.yemek.com/mncrop/620/388/uploads/2022/03/elmali-kurabiye-tarifi-yemekcom.jpg,620,388,True,https://cdn.yemek.com/mncrop/600/315/uploads/2022/03/elmali-kurabiye-tarifi-yemekcom.jpg,600,315,True,,,,,,
457,3424,Ege Şahin,https://cdn.yemek.com/author/464113/20220221123420_avatar.jpg,/profil/egesahin/,Kıyır Kıyır: Üç Malzemeli Un Kurabiyesi,Üç Malzemeli Un Kurabiyesi,/tarif/uc-malzemeli-un-kurabiyesi/,15 dk,10 dk,"<p>Eşe dosta <a href=""https://yemek.com/tarif/un-kurabiyesi/"" target=""_blank"">un kurabiyesi</a> tarifi soranlar, telefonda un kurabiyesi nasıl yapılır diye dert yananlar, neredeyse rüyasında un kurabiyesi görenler... Hoş geldiniz, doğru yerdesiniz.</p>
<p>Günün en tatlı saatleri akşam üzeri olmuş, belki de tatlısıyla tuzlusuyla uzun uzadıya keyfi çıkacak bir <a href=""https://yemek.com/tarif/kahvaltiliklar/"" target=""_blank"">kahvaltı</a> sofrası hazırlıyorsunuz. Ya da akşam yemeği sonrası çay keyfinizi taçlandıracak tatlı bir hamur işi aradığınız. Öyleyse sadece 10 dakikada hazırlanan üç malzemeli un kurabiyesi <a href=""https://yemek.com/tarif/"" target=""_blank"">tarif</a>ine alalım sizi. Bu kurabiyeler bir şahane.</p>
<p>Sıvı yağ, pudra şekeri ve un ilavesiyle hazırlanan bu <a href=""https://yemek.com/tarif/tatli-kurabiyeler/"" target=""_blank"">tatlı kurabiye</a>ler, kaşıkla şekil alıp önceden ısıtılmış 175 derece fırında 15 dakika gibi kısa bir sürede pişiyor. Demleyin çayı, kurulun en sevdiğiniz koltuğa. Kurabiyeleriniz olmak üzere, afiyet olsun.</p>
",recipe,"['un', 'pudra şekeri', 'pudra şekeri', 'sıvı yağ']","['Sıvı yağ ve pudra şekerini derin bir kaba alın, karıştırın.', 'Ardından unu aşamalı olarak ekleyin.\xa0Hamuru toparlamak için iyice yoğurun. Hamurdan parçalar koparıp silindir şeklini verin.', 'Verev şekilde kesin.', 'Yağlı kağıt serilmiş fırın tepsisine aralıklı olarak yerleştirin.', 'Üzerlerini çatal ile çizin. Önceden ısıtılmış 175 derece fırında 15 dakika pişirin.', 'Arzuya göre üzerine pudra şekeri serperek servis edin. Afiyet olsun!']",TATLI KURABİYE,239b56,/tarif/tatli-kurabiyeler/,"['Kurabiye', 'Tatlı Kurabiye']",['çay saati'],['Çay Saati'],['Fırın'],['Ekonomik'],False,900,600,2022-12-28T11:10:00Z,4.0,1569331,4413,False,False,True,0,,0,,,,2015/09/uc-malzemeli-un-kurabiyesi-yemekcom.jpg,0,0,https://cdn.yemek.com/mnresize/940/940/uploads/2015/09/uc-malzemeli-un-kurabiyesi-yemekcom.jpg,940,940,False,https://cdn.yemek.com/mncrop/300/200/uploads/2015/09/uc-malzemeli-un-kurabiyesi-yemekcom.jpg,300,200,True,https://cdn.yemek.com/mncrop/940/625/uploads/2015/09/uc-malzemeli-un-kurabiyesi-yemekcom.jpg,940,625,True,https://cdn.yemek.com/mncrop/620/388/uploads/2015/09/uc-malzemeli-un-kurabiyesi-yemekcom.jpg,620,388,True,https://cdn.yemek.com/mncrop/600/315/uploads/2015/09/uc-malzemeli-un-kurabiyesi-yemekcom.jpg,600,315,True,,,,,,
458,4487,Gökçen Mutaf,https://cdn.yemek.com/author/23120/20181227103819_avatar.jpeg,/profil/gokcenmutaf/,Brownie'yi Andıran: Islak Kurabiye,Islak Kurabiye,/tarif/islak-kurabiye/,25 dk,15 dk,"<p>Kakaolu kurabiyenin şerbetle buluşmasından hazırlanan ıslak kurabiye, kakaolu tatlıları sevenlere göre. <strong>Sıcak kurabiyelerin ıslatılması kakao tadını yoğunlaştırıyor </strong>ve <a href=""https://yemek.com/tarif/kurabiye/"" target=""_blank"" rel=""noopener"">kurabiyeye</a> ağızda dağılan bir kıvam veriyor. Islak kurabiye tarifini çay saatleri için keyifle hazırlayabilir, bu esmer kurabiyeleri yanında bir fincan kahve eşliğinde tatlı bir atıştırmalık olarak da tüketebilirsiniz.</p>
<p><a href=""https://yemek.com/tarif/brownie/"" target=""_blank"" rel=""noopener"">Brownie</a>'yi andıran bu lezzetli <a href=""https://yemek.com/tarif/browni-kurabiye/"" target=""_blank"" rel=""noopener"">browni tadında kurabiye</a>leri kısa sürede hazırlayabilir, yorumlarınızı bizlerle paylaşabilirsiniz.</p>",recipe,"['yumurta', 'toz şeker', 'un', 'kabartma tozu', 'su', 'rendelenmiş Hindistan cevizi', 'kakao', 'pudra şekeri', 'tereyağı (oda sıcaklığında bekletilmiş)', 'vanilin', 'sıvı yağ']","['<div>\n<div>\n<div dir=""ltr"">\n<div>\n<div>Islak kurabiye için derince bir karıştırma kabına oda ısısındaki tereyağını, sıvı yağı, yumurtayı, pudra şekerini, kakaoyu, vanilin ve kabartma tozunu alın.</div>\n</div>\n</div>\n</div>\n</div>', '<p>Tüm malzemeleri özleşene\xa0kadar\xa0karıştırın.</p>', '<div>\n<div>\n<div dir=""ltr"">\n<div>\n<div>Ardından unu yavaş yavaş ekleyerek, ele yapışmayan bir hamur elde edin.</div>\n</div>\n</div>\n</div>\n</div>', '<div>\n<div>\n<div dir=""ltr"">\n<div>\n<div>Hazırladığınız hamurdan ceviz büyüklüğünde parçalar koparın.</div>\n</div>\n</div>\n</div>\n</div>', '<p>Avucunuzda yuvarlayın ve parmağınızla ortasına hafifçe bastırdıktan sonra, yağlı kağıt serilmiş bir fırın tepsisine dizin.\xa0Önceden ısıtılmış 180 derece fırında yaklaşık 20 dakika kadar pişirin.</p>', '<div>\n<div>\n<div dir=""ltr"">\n<div>\n<div>Kurabiyeleriniz fırındayken şerbeti için gerekli olan şeker ve suyu homojen karışana kadar kaynattıktan sonra bir kaseye alın ve soğutun.</div>\n</div>\n</div>\n</div>\n</div>', '<div>\n<div>\n<div dir=""ltr"">\n<div>\n<div>Kurabiyeler fırından çıkınca 2 dakika kadar bekletin ve ardından teker teker hazırladığınız şerbete atın, arkalı önlü çevirin ve bir servis tabağına dizin.</div>\n</div>\n</div>\n</div>\n</div>', '<div>\n<div>\n<div dir=""ltr"">\n<div>\n<div>Tüm kurabiyeleri bu şekilde şerbete batırdıktan sonra kalan şerbeti de üstlerine gezdirin ve tüm şerbeti çekene dek bekletin.</div>\n</div>\n</div>\n</div>\n</div>', '<div>\n<div>\n<div dir=""ltr"">\n<div>\n<div>Kurabiyeler şerbeti çektikten sonra üstlerini Hindistan cevizi ile süsleyin ve servis edin. Afiyet olsun.</div>\n</div>\n</div>\n</div>\n</div>']",TATLI KURABİYE,239b56,/tarif/tatli-kurabiyeler/,"['Kurabiye', 'Tatlı Kurabiye']",,['Çay Saati'],['Fırın'],['Ekonomik'],False,1500,900,2022-03-16T06:08:50Z,4.0,1542043,9538,False,False,True,0,,0,,,,2016/01/islak-kurabiye-tarifi-son.jpg,0,0,https://cdn.yemek.com/mnresize/940/940/uploads/2016/01/islak-kurabiye-tarifi-son.jpg,940,940,False,https://cdn.yemek.com/mncrop/300/200/uploads/2016/01/islak-kurabiye-tarifi-son.jpg,300,200,True,https://cdn.yemek.com/mncrop/940/625/uploads/2016/01/islak-kurabiye-tarifi-son.jpg,940,625,True,https://cdn.yemek.com/mncrop/620/388/uploads/2016/01/islak-kurabiye-tarifi-son.jpg,620,388,True,https://cdn.yemek.com/mncrop/600/315/uploads/2016/01/islak-kurabiye-tarifi-son.jpg,600,315,True,,,,,,
459,134,Yasemin Özaltın,https://cdn.yemek.com/author/35533/20181219061403_avatar.jpg,/profil/yasemingursurer/,Tüm Püf Noktalarıyla: Mercimek Köftesi,Mercimek Köftesi,/tarif/mercimek-koftesi/,20 dk,30 dk,"<p>Altın günlerinin vazgeçilmez lezzeti, bekarların ve öğrenci evlerinin gözdesi mercimekli köfte pratik olmasının yanı sıra besleyici ve lezzetli bir <a href=""https://yemek.com/tarif/"" target=""_blank"" rel=""noopener"">tarif</a>. <strong>Tam ölçülü, tam kıvamında mercimek köftesi</strong> nasıl yapılır diye merak edenlerden en güzel mercimek köftesi tarifini henüz bulamamış olanlara tüm püf noktalarıyla pratik tariflerin gözdesi mercimek köftesi karşınızda!</p>
<p>Mercimek köftesi sunumunu, mercimek köftesinin yanına ne gider ya da <strong>mercimek köftesi cıvık olursa</strong> ne yapılmalı sorularının cevabını artık başka yerde aramanız gerek yok. Çünkü en güzelini annenin yaptığı mercimek köftesi için mutfağa girerek biraz da biz hünerlerimizi göstereceğiz bugün. Güzel annelerimize selamlar yollayacağız bu tarifle.</p>
<p>Mercimek köftesi videomuzu aşağıya bırakıyoruz, afiyetler olsun şimdiden! <img class=""wp-smiley img-responsive"" src=""https://cdn.yemek.com/assets/images/smiley/smile.png""></p>
<p>Mercimek köftesini sevenler bunları da sevdi: <a href=""https://yemek.com/tarif/kisir"" target=""_blank"" rel=""noopener"">Kısır Tarifi</a></p>
<p>Klasik mercimekli köfte tariflerinden sıkılanlar, çıtır çıtır dokusuyla <a href=""https://yemek.com/tarif/firinda-mercimek-kofte/"" target=""_blank"" rel=""noopener"">fırında mercimekli köfte</a> tarifiyle misafirlerinizi şaşırtıyor.</p>",recipe,"['kırmızı mercimek', 'kuru soğan', 'biber salçası', 'sıcak su', 'tuz', 'pul biber', 'maydanoz', 'zeytinyağı', 'karabiber', 'domates salçası', 'ince bulgur', 'taze soğan', 'kimyon']","['<p>Mercimek köftesi için bol suda yıkadığınız kırmızı mercimeği sıcak suda kaynatın.</p>', '<p>Suyunu çekmeye yakın ince bulguru ekleyin, mercimeği ocaktan alın.</p>', '<p>Üzerine ince bulguru ekleyin.</p>', '<p>Kapağını kapattığınız tencerede ince bulguru şişmesi için mercimekle birlikte 15 dakika kadar bekletin.</p>', '<p>Zeytinyağını bir tavada kızdırın.</p>', '<p>Kuru soğanları küçük küpler halinde doğrayın ve tavaya aktarın.</p>', '<p>Doğradığınız soğanları 5 dakika kadar kavurun.</p>', '<p>Sırasıyla; biber salçası, domates salçası, tuz, pul biber ve kimyonu ekleyin.</p>', '<p>Soğanlı karışımı 3-4 dakika kadar kavurun.</p>', '<p>Şişen bulgurlu ve mercimekli harca salçalı, soğanlı harcı ekleyin.</p>', '<p>Taze soğanları ve maydanozu ince ince kıyın.\xa0 Doğranmış yeşillikleri ilave edin.</p>', '<p>Malzemeleri yoğurmaya başlayın.</p>', '<p>Tüm malzemeyi özleşene kadar yoğurun.</p>', '<p>Hazırladığınız harçtan ceviz büyüklüğünde parçalar alın ve avuç içinizde sıkarak şekil verin.</p>', '<p>Servis tabağına aldığınız mercimek köftelerini arzu ettiğiniz yeşilliklerle servis edin. Sevdiklerinizle paylaşın.</p>']",MEZE,239b56,/tarif/mezeler/,"['Özel Beslenme', 'Vejetaryen', 'Atıştırmalık', 'Meze', 'Vegan', 'Video', 'Tuzlu Atıştırmalık', 'Bakliyat']",,"['Öğle Yemeği', 'Çay Saati']","['Tencere', 'Tava']","['Vejetaryen', 'Bol Proteinli']",False,1200,1800,2022-03-10T11:30:12Z,4.0,1537793,11735,False,True,True,0,,0,,,,2014/06/mercimek-koftesi-yeni-ytk.jpg,0,0,https://cdn.yemek.com/mnresize/940/940/uploads/2014/06/mercimek-koftesi-yeni-ytk.jpg,940,940,False,https://cdn.yemek.com/mncrop/300/200/uploads/2014/06/mercimek-koftesi-yeni-ytk.jpg,300,200,True,https://cdn.yemek.com/mncrop/940/625/uploads/2014/06/mercimek-koftesi-yeni-ytk.jpg,940,625,True,https://cdn.yemek.com/mncrop/620/388/uploads/2014/06/mercimek-koftesi-yeni-ytk.jpg,620,388,True,https://cdn.yemek.com/mncrop/600/315/uploads/2014/06/mercimek-koftesi-yeni-ytk.jpg,600,315,True,,,,,,
460,13732,ipeksare,https://cdn.yemek.com/author/262494/20200820091315_avatar.jpg,/profil/ipeksare/,Bol Malzemeli: Ev Usulü Pizza,Ev Usulü Pizza,/tarif/ev-usulu-pizza/,30 dk,30 dk,"<p>Hafif kabarmış bir hamuru ve bol bol malzemesiyle <a href=""https://yemek.com/tarif/pizza/"" target=""_blank"">pizzaların</a> en güzellerinden biridir ev usulü pizza.</p>
<p>Dışarıda bayılarak yediğimiz pizzaları aslında evinizde de çok kolay bir şekilde yapabilirsiniz. Eğer siz de ""<strong>Evde pizza nasıl yapılır?</strong>"" diyorsanız fırında pişen, bu kolay ve pratik karışık pizza tarifini çok sevecek, her fırsatta yapmak isteyeceksiniz.</p>
<p>Lezzetine doyum olmaz bu pizza tarifinin sırrı hamurunda saklı. Bu şekilde ağzınıza attığınızda yumuşacık dokusuyla sizi çok mutlu edecek, bol bol malzemesiyle de damaklarınızı şenlendirecek bir tarife dönüşüyor. ""<strong>Pizza hamuru nasıl yapılır?</strong>"" diye soranlara da adım adım resimli anlatımıyla tam kıvamında bir <a href=""https://yemek.com/tarif/pizza-hamuru/"" target=""_blank"">pizza hamuru</a> tarifi hazırladık, püf noktalarını da <a href=""https://yemek.com/pizza-hamuru-yapmanin-puf-noktalari/"" target=""_blank"">şurada</a> anlattık. Mutlaka göz atın deriz.</p>
<p>Ev yapımı pizza tarifinin adım adım resimli tarifi karşınızda!</p>
",recipe,"['tuz', 'toz şeker', 'un', 'sarımsak', 'zeytinyağı', 'zeytinyağı', 'fesleğen', 'rendelenmiş kaşar peyniri', 'kekik', 'ılık su', 'konserve mısır', 'kuru maya', 'sucuk', 'domates sos', 'biber', 'zeytin', 'rendelenmiş mozarella peyniri']","['Bir kabın içerisine kuru mayayı dökün ve üzerine ılık su ve şekeri ekleyerek güzelce karıştırın.', 'Daha sonra mayalı karışıma zeytinyağını ve tuzu ekleyip tahta kaşıkla karıştırın.', 'Unu azar azar ekleyin.', 'Hamur kıvama gelince elinizle yoğurmaya başlayın ve ele yapışmayan, yumuşak bir hamur haline gelene kadar yoğurmaya devam edin.', 'Hamur istediğiniz yumuşaklığa ulaşınca, kabın üzerini bir streç film ile kaplayıp en az 30 dakika hamurunuzu dinlendirin.', 'Dinlenen hamurunuzu un serptiğiniz tezgaha alıp, katlayarak havasını çıkarın.\xa0Hamuru toparlayıp, 2 ya da 3 parçaya ayırın. İnce hamurlu ve orta boy pizza yapmak istiyorsanız hamurunuzu 3’e bölün. Daha büyük ve kalın hamurlu 2 pizza yapmak istiyorsanız, ikiye bölebilirsiniz.', 'Kestiğiniz parçayı beze haline getirip un serptiğiniz tezgahın üzerinde merdane yardımıyla açın.', 'Dilediğiniz inceliğe ulaştığınızda pişirme kağıdı serdiğiniz tepsinin üzerine alın. Bir çatal yardımıyla pizza hamurunun üzerinde delikler açın ve önceden ısıtılmış 200 derece fırında 10 dakika pişirin.', 'Pizza sosunu, domates sosuna, fesleğen, kekik, sarımsak ve zeytinyağı ekleyerek hazırlayabilirsiniz.', '10 dakika sonra hafif pişen hamuru fırından çıkarıp, hazırladığınız domates sosundan üzerine sürün.', 'Pizza sosunun üzerine bolca rendelenmiş kaşar ya da mozarella peyniri yerleştirdikten sonra üzerine dileğiniz malzemeleri ekleyin. Malzemeleri yerleştirdikten sonra en üste tekrar rendelenmiş kaşar ekleyin.', 'Tekrar fırına koyun ve 20 dakika daha pişirin. Peynirler güzelce eriyip tüm malzemeler piştiğinde pizzanızı fırından çıkarabilirsiniz.', 'Pizza kesiciyle dilimleyip tüketebilirsiniz.', 'Afiyet olsun!']",PİZZA,239b56,/tarif/pizza/,"['Hamur İşi', 'Pizza']","['akşam yemeği', 'kahvaltı', 'öğle yemeği']","['Öğle Yemeği', 'Akşam Yemeği']",['Fırın'],,False,1800,1800,2022-03-11T10:00:52Z,4.0,1518606,6252,False,True,True,0,,0,,,,2022/03/ev-usulu-pizza-yemekcom.jpg,0,0,https://cdn.yemek.com/mnresize/940/940/uploads/2022/03/ev-usulu-pizza-yemekcom.jpg,940,940,False,https://cdn.yemek.com/mncrop/300/200/uploads/2022/03/ev-usulu-pizza-yemekcom.jpg,300,200,True,https://cdn.yemek.com/mncrop/940/625/uploads/2022/03/ev-usulu-pizza-yemekcom.jpg,940,625,True,https://cdn.yemek.com/mncrop/620/388/uploads/2022/03/ev-usulu-pizza-yemekcom.jpg,620,388,True,https://cdn.yemek.com/mncrop/600/315/uploads/2022/03/ev-usulu-pizza-yemekcom.jpg,600,315,True,['fırın'],,,,,
461,180,Yasemin Özaltın,https://cdn.yemek.com/author/35533/20181219061403_avatar.jpg,/profil/yasemingursurer/,20 Dakikada Buzlukta: Mozaik Pasta,Mozaik Pasta,/tarif/mozaik-pasta/,20 dk,20 dk,"<p>Biz çocukken mutfaktaki hummalı çalışmanın sonucu annelerimizin lezzetli ellerinden tüm ömrümüz boyunca unutamayacağımız kadar lezzetli <a href=""https://yemek.com/tarif/tatli/"" target=""_blank"">tatlılar</a>, <a href=""https://yemek.com/tarif/pasta-tatli/"" target=""_blank"">pastalar</a> çıkardı. Bu pasta hiç şüphesiz mozaik pastanın ta kendisiydi! Bu kolay mozaik pasta, küçük büyük herkesin bayılarak yediği lezzeti her daim garantili olan oldukça kolay ve pratik bir <a href=""https://yemek.com/tarif/"" target=""_blank"">tarif</a>. Hadi gelin bisküvili mozaik pastanın sırlarını bir bir anlatalım size. Anılarımıza doğru tatlı bir yolculuğa çıkaran, <strong>petibör bisküvili</strong> mozaik pasta tarifiyle karşınızdayız!</p>
<p>Bisküvi, tereyağı, toz şeker ve kakaonun bir araya gelip yaptığı en lezzetli pasta tariflerinden biri o. Biz bu kez farklı malzemeler ekleyerek <strong>klasik mozaik pasta</strong> tarifinin tadına da tat kattık. Bu üçgen mozaik pastanın yapımı o kadar kolay, pratik ve bir o kadar lezzetli ki...</p>
<p>Hadi o zaman! Buyursunlar en güzel mozaik pasta tarifine ve yapılış adımlarını gösteren mozaik pasta videomuza. <img src=""https://cdn.yemek.com/assets/images/smiley/smile.png"" class=""wp-smiley img-responsive"" /></p>
",recipe,"['süt', 'kakao', 'pudra şekeri', 'tereyağ', 'Hindistan cevizi', 'petibör bisküvi']","['Tereyağını eritin.', 'Pudra şekerini karıştırma kabına aktarın.\xa0Pudra şekerinin üzerine erittiğiniz tereyağını ve sütü dökün.\xa0Kakaoyu da ilave edin.', 'Malzemeleri çırpın.', 'Üzerine bisküvileri kırın.', 'Bisküvileri de koyduktan sonra tüm malzemeleri spatula yardımıyla nazikçe karıştırın.', 'Servis edeceğiniz kalıbın içini streç film ile kaplayın.', 'Tüm harcı ekleyin ve üzerini kapatın.', 'Buzdolabının dondurucu bölümünde 4 saat bekletin. Hindistan cevizi serpin. Dilimleyerek soğuk olarak servis edin.', 'Afiyet olsun!']",PASTA,239b56,/tarif/pasta-tatli/,"['Tatlı', 'Pasta', 'Video']","['ara öğün', 'çay saati']",['Çay Saati'],['Tencere'],['Ekonomik'],False,1200,1200,2022-03-18T14:40:39Z,4.0,1512620,8912,False,True,True,0,,0,,,,2022/03/mozaik-pasta-tarifi-yemekcom.jpg,0,0,https://cdn.yemek.com/mnresize/940/940/uploads/2022/03/mozaik-pasta-tarifi-yemekcom.jpg,940,940,False,https://cdn.yemek.com/mncrop/300/200/uploads/2022/03/mozaik-pasta-tarifi-yemekcom.jpg,300,200,True,https://cdn.yemek.com/mncrop/940/625/uploads/2022/03/mozaik-pasta-tarifi-yemekcom.jpg,940,625,True,https://cdn.yemek.com/mncrop/620/388/uploads/2022/03/mozaik-pasta-tarifi-yemekcom.jpg,620,388,True,https://cdn.yemek.com/mncrop/600/315/uploads/2022/03/mozaik-pasta-tarifi-yemekcom.jpg,600,315,True,,,,,,
462,29467,Yasemin Özaltın,https://cdn.yemek.com/author/35533/20181219061403_avatar.jpg,/profil/yasemingursurer/,3-2-1 Ölçüsüyle: Bayatlamayan Kabartma Tozlu Poğaça,Bayatlamayan Kabartma Tozlu Poğaça,/tarif/bayatlamayan-kabartma-tozlu-pogaca/,15 dk,15 dk,"<p>Hem çok kolay, hem çok hızlı, hem de yemesi pek keyifli muhteşem bir <a href=""https://yemek.com/tarif/pogaca/"" target=""_blank"">poğaça</a>...Bayatlamayan kabartma tozlu poğaça tarifi, hazırlandıktan sonra tadına bakıp da beğenmeyenini, ikincisini istemeyenini zor bulursunuz. İçindeki malzemelerin miktarlarından dolayı “3-2-1 poğaça <a href=""https://yemek.com/tarif/"" target=""_blank"">tarif</a>i” diye de bilinen bu güzelliği hala denemeyenler varsa diye zevkle paylaşıyoruz.</p>
<p>3-2-1 poğaça tarifi, malzemeleri ile de ekonomik! İçinde 3 paket kabartma tozu, 2 bardak yoğurt ve 1 yumurta var. Kabartma tozu ne kadar da çokmuş acı olur o diyorsanız, hiç de öyle olmadığını, inanılmaz yumuşak, aşırı lezzetli olduğunu deneyince anlayacaksınız. Üstelik de bayatlamıyor, hoş gerçi bayatlamasını bekleyecek kadar uzun süre yemeden duramayacaksınız o da ayrı.  O zaman siz aşağıda yazan diğer malzemeleri de hazırlayıverin, <a href=""https://yemek.com/tarif/yumusak-pogaca/"" target=""_blank"">yumuşacık poğaça</a>mızı yapalım. Şimdiden afiyetler olsun.</p>
",recipe,"['tuz', 'toz şeker', 'un', 'kabartma tozu', 'yoğurt', 'yumurta sarısı', 'sirke', 'beyaz peynir', 'susam', 'yumurta beyazı', 'sıvı yağ']","['Bir yoğurma kabına; yağ, yoğurt ve yumurta beyazını alıp güzelce karıştırın.', 'Ardından kabartma tozları, tuz, şeker ve sirkeyi de ilave edip, tekrar karıştırın.', 'Unu azar azar ilave ederek yoğurmaya başlayın. Hafifçe ele yapışan bir hamur elde edeceksiniz.', 'Hazırladığınız hamurdan mandalinadan biraz küçük olacak parçalar kopartın. Elinizle yuvarlayın ve avucunuzla bastırıp yassılaştırın.', 'Yassılaştırdığınız hamur parçasının ortasına bir çatalla ezdiğiniz beyaz peynirden biraz koyun.', 'Kenarlarını birleştirip kapatın ve tekrar yuvarladıktan sonra yağlı kağıt serdiğiniz bir fırın tepsisine yerleştirin.', 'Tüm hamuru bu şekilde hazırlayıp tepsiye dizin.', 'Üstlerine bir fırça yardımıyla yumurta sarısı sürün ve susam serpin. Önceden ısıttığınız 200 derece fırında, üstleri kızarana dek yaklaşık 15 dakika pişirin.', 'Tepsiyi fırından aldıktan sonra ılıklaşmasını bekleyin ve ardından servis edin.']",POĞAÇA,239b56,/tarif/pogaca/,"['Hamur İşi', 'Kahvaltılık', 'Poğaça', 'Video']","['kahvaltı', 'çay saati']","['Kahvaltı', 'Çay Saati']",['Fırın'],['Vejetaryen'],False,900,900,2018-01-31T07:11:19Z,4.0,1443090,8543,False,True,False,0,,0,,,,2018/01/bayatlamayan-pofuduk-pogaca-yemekcom.jpg,0,0,https://cdn.yemek.com/mnresize/940/940/uploads/2018/01/bayatlamayan-pofuduk-pogaca-yemekcom.jpg,940,940,False,https://cdn.yemek.com/mncrop/300/200/uploads/2018/01/bayatlamayan-pofuduk-pogaca-yemekcom.jpg,300,200,True,https://cdn.yemek.com/mncrop/940/625/uploads/2018/01/bayatlamayan-pofuduk-pogaca-yemekcom.jpg,940,625,True,https://cdn.yemek.com/mncrop/620/388/uploads/2018/01/bayatlamayan-pofuduk-pogaca-yemekcom.jpg,620,388,True,https://cdn.yemek.com/mncrop/600/315/uploads/2018/01/bayatlamayan-pofuduk-pogaca-yemekcom.jpg,600,315,True,,,,,,
463,129,Yasemin Özaltın,https://cdn.yemek.com/author/35533/20181219061403_avatar.jpg,/profil/yasemingursurer/,Lokanta Usulü: Köri Soslu Tavuk,Köri Soslu Tavuk,/tarif/kori-soslu-tavuk/,20 dk,10 dk,"<p>Baharat sevenleri, her yaptığı <a href=""https://yemek.com/tarif/"" target=""_blank"">yemek tarifinin</a> içine tuz hariç mutlaka en az 2 baharat ekleyenleri, körinin kokusunu da tadını da çok sevenleri böyle alalım. Güneydoğu Asya Mutfağı'nın vazgeçilmez baharatı köri, içerisinde bulunan sumak, zencefil, kimyon, kişniş vb. baharatlarla tam bir şifa kaynağı olma özelliğini taşıyor. Beyaz etlerle harika bir uyum yakalayan köri, en çok <a href=""https://yemek.com/tarif/tavuk/"" target=""_blank"">tavuk etini</a> seviyor. Karşınızda nefis mi nefis: <strong>Köri soslu tavuk tarifi!</strong></p>
<p>Resimli anlatımıyla, en pratik ve yemelere doyum olmaz körili tavuk tarifini veriyor, köri sos nasıl yapılır tek tek anlatıyoruz. Yanına <a href=""https://yemek.com/tarif/patates-puresi/"" target=""_blank"">patates püresi</a>, <a href=""https://yemek.com/tarif/salata/"" target=""_blank"">salata</a> ya da <a href=""https://yemek.com/tarif/pilav/"" target=""_blank"">pilavla</a> servis edebilirsiniz. Lokantalarda sunulan köri soslu tavuklardan çok daha lezzetli oluyor, yiyen herkes tarifini istiyor. Bu lezzeti sık sık pişirmek isteyeceksiniz. Şimdiden ellerinize sağlık diyor, <a href=""https://yemek.com/soslu-tavuk-yemekleri/"" target=""_blank"">soslu tavuk yemekleri</a> arasında en çok sevilen bu kolay yemek tarifimize buyur ediyoruz.</p>
<p>Köri sosun tadını sevdiyseniz belki sonra <a href=""https://yemek.com/tarif/kremali-korili-tavuklu-makarna/"" target=""_blank"">köri soslu makarna tarifine</a> de şans vermek isteyebilirsiniz. Afiyet olsun!</p>
",recipe,"['tereyağı', 'sıcak su', 'tuz', 'un', 'maydanoz', 'karabiber', 'kuşbaşı tavuk göğsü', 'soğuk süt', 'köri', 'sıvı yağ']","['Sıvı yağını bir tavada kızdırın. Kuşbaşı\xa0doğranmış tavuk göğsünü aktarın.', 'Renk alıp, suyunu çekene kadar orta ateşte kavurun.', 'Köri sosu hazırlamak için; ayrı bir tavada tereyağını sos tenceresinde eritin.', 'Unu da üzerine ekleyin ve\xa0 kokusu çıkıp, renk alana kadar karıştırarak kavurun.', 'Kavrulan una soğuk sütü ekleyin ve unun topaklanmaması için bir çırpıcı yardımıyla hızlıca karıştırın.', 'Sıcak su, köri, tuz ve karabiberi katın.', 'Sosu, kısık ateşte koyu bir kıvam alana kadar sürekli karıştırarak 4- 5 dakika pişirin.', 'Hazırladığınız sosu, kavrulan tavuklara ekleyin ve harmanladıktan sonra pişirme işlemini 5 dakika kadar sürdürün.', 'İncecik kıyılmış bir avuç maydanozu, köri soslu tavuğa ilave ettikten sonra bekletmeden sıcak olarak servis edin.', 'Köri soslu tavuk tarifi hazır. Afiyet olsun!']",TAVUK,239b56,/tarif/tavuk/,"['Tavuk', 'Video']","['ekonomik', 'akşam yemeği', 'öğle yemeği']","['Öğle Yemeği', 'Akşam Yemeği']",['Tencere'],"['Ekonomik', 'Bol Proteinli']",False,1200,600,2019-05-14T13:24:40Z,4.0,1396751,11895,False,True,True,0,,0,,,,2014/06/kori-soslu-tavuk-yemekcom.jpg,0,0,https://cdn.yemek.com/mnresize/940/940/uploads/2014/06/kori-soslu-tavuk-yemekcom.jpg,940,940,False,https://cdn.yemek.com/mncrop/300/200/uploads/2014/06/kori-soslu-tavuk-yemekcom.jpg,300,200,True,https://cdn.yemek.com/mncrop/940/625/uploads/2014/06/kori-soslu-tavuk-yemekcom.jpg,940,625,True,https://cdn.yemek.com/mncrop/620/388/uploads/2014/06/kori-soslu-tavuk-yemekcom.jpg,620,388,True,https://cdn.yemek.com/mncrop/600/315/uploads/2014/06/kori-soslu-tavuk-yemekcom.jpg,600,315,True,"['tencere', 'bol proteinli']",,,,,
464,305,Gökçen Mutaf,https://cdn.yemek.com/author/23120/20181227103819_avatar.jpeg,/profil/gokcenmutaf/,Şaşmayan Tarif: Sade Kek,Sade Kek,/tarif/sade-kek/,40 dk,15 dk,"<p>Kocaman kabarmış, lezzetiyle herkesi kendine hayran bırakacak en klasik lezzetlerdendir sade kek tarifi. Süt, yumurta ve şekerin önderliğinde, misler gibi vanilya kokusunun büyüsünde hazırlanan harç fırının sıcacık kollarına teslim edilir. Kabarırken bile kendine hayran bırakan sade kek, çayın yanına hazırlanan en pratik kek olarak çıkar oradan. Karşınızda işte o enfes anların mimarı sade kek tarifi!</p>
<p>Birbirinden nefis <a href=""https://yemek.com/tarif/kek/"" target=""_blank"">kek tarifleri</a> arasında en baştan bize göz kırpan bu lezzet, kabarık ve yumuşak dokusuyla boyut atlıyor bu kez. Çaylarınızın, kahveleriniz hazırsa o yumuşacık sade kek tarifimiz geliyor. Şimdiden ellerinize sağlık.</p>
<p>Not: ""Sade kek de güzel ama kakaolu keki de çok seviyorum"" diyenler için yumuşacık kakaolu kek tarifimiz de hemen <a href=""https://yemek.com/tarif/kakaolu-kek/"" target=""_blank"">şurada</a>.</p>
",recipe,"['yumurta', 'toz şeker', 'süt', 'un', 'kabartma tozu', 'vanilin', 'sıvı yağ']","['Yumurtaları derince bir kaba kırın ve toz şekeri ekledikten sonra bir mikser ile 10 dakika boyunca çırpın.\xa0Krema kıvamına gelen karışıma sıvı yağı ve sütü ekleyip bir spatula ile karıştırın.', 'Üstüne unu, kabartma tozunu ve vanilini de ekledikten sonra tekrar karıştırın ve sıvı yağ ile yağladığınız bir kek kalıbına hazırladığınız karışımı dökün.', 'Önceden ısıtılmış 180 derecelik fırında 40 dakika kadar pişirin.\n\n&nbsp;', 'Kek kürdan testini geçince fırından alın ve tamamen soğuduktan sonra kalıbı ters çevirerek kalıptan çıkarın.', 'Dilimleyerek servis edin.\xa0 Afiyetler olsun!']",TATLI KEK,239b56,/tarif/tatli-kek/,"['Kek', 'Tatlı Kek']",['çay saati'],['Çay Saati'],['Fırın'],['Vejetaryen'],False,2400,900,2022-03-10T07:30:22Z,4.0,1356751,3356,False,False,True,0,,0,,,,2014/07/sade-kek-tarifi-yeni.jpg,0,0,https://cdn.yemek.com/mnresize/940/940/uploads/2014/07/sade-kek-tarifi-yeni.jpg,940,940,False,https://cdn.yemek.com/mncrop/300/200/uploads/2014/07/sade-kek-tarifi-yeni.jpg,300,200,True,https://cdn.yemek.com/mncrop/940/625/uploads/2014/07/sade-kek-tarifi-yeni.jpg,940,625,True,https://cdn.yemek.com/mncrop/620/388/uploads/2014/07/sade-kek-tarifi-yeni.jpg,620,388,True,https://cdn.yemek.com/mncrop/600/315/uploads/2014/07/sade-kek-tarifi-yeni.jpg,600,315,True,['fırın'],,,,,
465,183,Cemre Özgüzel,https://cdn.yemek.com/author/109/20200211010242_avatar.jpg,/profil/cemre-ozguzel/,Pastane Usulü: Un Kurabiyesi,Un Kurabiyesi,/tarif/un-kurabiyesi/,15 dk,25 dk,"<p>Kıyır kıyır dediğimiz <a href=""https://yemek.com/kurabiye-tarifleri/"" target=""_blank"">kurabiye tarifleri</a>nin şahı un kurabiyesidir. Uzun süre bozulmadan dayanabilmesi de bu lezzetli ve pratik kurabiyeyi popüler kılan noktalardan biridir. Kolay un kurabiyesi yapımında pudra şekeri elenerek servis edildiği için tarifinde çok az miktarda şeker kullanılır. Ağza gelmemesi için pudra şekeri tercih edilir. Hem kıvamı hem de dokusuyla, enfes mi enfes <strong>un kurabiyesi tarifi</strong> karşınızda!</p>
<p>""<a href=""https://yemek.com/agizda-dagilan-kurabiye-nasil-yapilir/"" target=""_blank"">Ağızda dağılan un kurabiyesi nasıl yapılır?</a>"" diyenler tarifin detaylarında açıklamalı anlatımını bulacak. Basit ve gerçek un kurabiyesinin tüm malzemeleri, yapılış adımları ve videosu ise hemen aşağıda. Hazırsanız en güzel un kurabiyesini yapmak için çalışmalara başlayalım! ''Un kurabiyesi tarifi nasıl yapılır?'' diyenlerinizi tarifimize alalım. Şimdiden ellerinize sağlık diyor, kolaylığı ve <strong>ağızda dağılan lezzetiyle un kurabiyesi</strong> <a href=""https://yemek.com/tarif/"" target=""_blank"">tarifi</a> karşınızda!</p>
",recipe,"['yumurta', 'un', 'vanilya', 'kabartma tozu', 'pudra şekeri', 'pudra şekeri', 'buğday nişastası', 'oda sıcaklığında tereyağı', 'sıvı yağ']","['Un kurabiyesi için 200 gram oda sıcaklığında bekletilmiş tereyağını derin bir yoğurma kasesine aktarın.', 'Üzerine 1 adet yumurta ve 1 çay bardağı sıvı yağını da ekledikten sonra pürüzsüz bir kıvam olana kadar çırpın.', '1 su bardağı pudra şekeri, 5 yemek kaşığı buğday nişastası, 1 paket kabartma tozu, 1 paket vanilin ve 3 su bardağı unu azar azar ekleyin.', 'Ele yapışmayacak kıvamda bir hamur elde edene kadar yoğurun.', 'Kurabiye hamurundan büyükçe bir parça alın ve tezgahın üzerinde yuvarlayarak 2 parmak kalınlığında rulo şekline getirin.', 'Kenar kısımlarını kesin. Ardından üzerinden çatal yardımıyla geçerek şekil verin.', 'Bıçak yardımıyla 3 parmak genişliğinde parçalar kesin. Fırın tepsisine aktarın.', 'Üzerleri hafif kızarıp renk alana kadar önceden ısıtılmış 170 derece fırında 15 dakika kadar pişirin.', 'Soğuttuktan sonra pudra şekeri eleyin.', 'Ardından un kurabiyelerini servis edin. Afiyetler olsun!']",TATLI KURABİYE,239b56,/tarif/tatli-kurabiyeler/,"['Kurabiye', 'Video', 'Tatlı Kurabiye']",['çay saati'],['Çay Saati'],['Fırın'],,False,900,1500,2022-04-01T07:45:01Z,4.0,1330455,3412,False,True,True,0,,0,,,,2022/04/un-kurabiyesi-onecikan-yeni.jpg,0,0,https://cdn.yemek.com/mnresize/940/940/uploads/2022/04/un-kurabiyesi-onecikan-yeni.jpg,940,940,False,https://cdn.yemek.com/mncrop/300/200/uploads/2022/04/un-kurabiyesi-onecikan-yeni.jpg,300,200,True,https://cdn.yemek.com/mncrop/940/625/uploads/2022/04/un-kurabiyesi-onecikan-yeni.jpg,940,625,True,https://cdn.yemek.com/mncrop/620/388/uploads/2022/04/un-kurabiyesi-onecikan-yeni.jpg,620,388,True,https://cdn.yemek.com/mncrop/600/315/uploads/2022/04/un-kurabiyesi-onecikan-yeni.jpg,600,315,True,['fırın'],,,,,
466,121,Cemre Özgüzel,https://cdn.yemek.com/author/109/20200211010242_avatar.jpg,/profil/cemre-ozguzel/,"Kolay, Pratik, Tam Kıvamında: Kakaolu Kek",Kakaolu Kek,/tarif/kakaolu-kek/,35 dk,10 dk,"<p>Bir parça kakaolu <a href=""https://yemek.com/tarif/kek/"" target=""_blank"">kek</a>; göz doldurur, iştah açar, <a href=""https://yemek.com/tarif/iced-latte/"" target=""_blank"">kahvenin</a> yanında iyi gider, misafir kurtarır, evlat sevindirir, anne özlemini artırır. On diliminde on marifet kakaolu kek, yapması da kolay olduğundan öğrencilerin de yapabilecekleri en nefis ve pratik <a href=""https://yemek.com/tarif/kek/"" target=""_blank"">kek tariflerinden</a> biri.</p>
<p>Kek denince akla gelen ilk <a href=""https://yemek.com/tarif/tatli-kek/"" target=""_blank"">tatlı kek</a> tarif olan <a href=""https://yemek.com/kakaolu-kek-tarifleri/"" target=""_blank"">kakaolu kek tarifi</a>ni en kolay, pratik ve tam kıvamında bir şekilde yapmak mümkün! Bu pratik kakaolu kek yumuşacık ve yaptığınız en güzel kakaolu kek tarifi olacak.</p>
<p>Kakaolu kek <a href=""https://yemek.com/tarif/"" target=""_blank"">tarif</a>imizin videosu hemen aşağıda, afiyet olsun!</p>
",recipe,"['yumurta', 'toz şeker', 'süt', 'un', 'vanilya', 'kabartma tozu', 'kakao', 'maden suyu', 'sıvı yağ']","['Yumurtaları ve toz şekeri derin bir kapta, bir mikser yardımıyla şeker eriyene kadar çırpın.', 'Ardından sıvı yağ, süt ve\xa0 sodayı da üzerine ekleyip çırpmaya devam edin.', 'Kek harcına unu ve kakaoyu azar azar ilave edin. Kabartma tozu ve vanilini de ekledikten sonra spatula yardımıyla, pürüzsüz bir harç elde edene kadar karıştırmaya devam edin.', 'Hazırladığınız kakaolu kek karışımını yağladığınız kek kalıbına dökün.', 'Önceden ısıtılmış 180 derece fırında 30-35 dakika kadar pişirin. İçini çekmesi için beklettiğiniz keki, ılınınca kalıbından çıkartın.', 'Üzerine pudra şekeri serperek servis edin.']",TATLI KEK,239b56,/tarif/tatli-kek/,"['Kek', 'Video', 'Tatlı Kek']","['ekonomik', 'ara öğün']",['Çay Saati'],['Fırın'],['Ekonomik'],False,2100,600,2020-11-19T10:43:04Z,4.0,1321844,5041,False,True,True,0,,0,,,,2019/03/kakaolu-kek-one-cikan-yeni.jpg,0,0,https://cdn.yemek.com/mnresize/940/940/uploads/2019/03/kakaolu-kek-one-cikan-yeni.jpg,940,940,False,https://cdn.yemek.com/mncrop/300/200/uploads/2019/03/kakaolu-kek-one-cikan-yeni.jpg,300,200,True,https://cdn.yemek.com/mncrop/940/625/uploads/2019/03/kakaolu-kek-one-cikan-yeni.jpg,940,625,True,https://cdn.yemek.com/mncrop/620/388/uploads/2019/03/kakaolu-kek-one-cikan-yeni.jpg,620,388,True,https://cdn.yemek.com/mncrop/600/315/uploads/2019/03/kakaolu-kek-one-cikan-yeni.jpg,600,315,True,['fırın'],,,,,
467,302,Yasemin Özaltın,https://cdn.yemek.com/author/35533/20181219061403_avatar.jpg,/profil/yasemingursurer/,"Tüm Püf Noktalarıyla, Kolay: Şekerpare",Şekerpare,/tarif/sekerpare/,25 dk,30 dk,"<p>İrmik ile tatlanıp, kıtır bir kıvam alan tatlılarımızdan o. Evet doğru bildiniz, bayram tatlılarının da başında gelen, <a href=""https://yemek.com/tarif/serbetli-tatlilar/"" target=""_blank"">şerbetli tatlı</a> tariflerinin en sevilenlerinden şekerpare tarifinden bahsediyoruz. Pastanelerde yediğinizde tadı damağınızda kalan <strong>gerçek şekerparelerin sırları</strong>nı aldık, üzeri nefis bir şekilde kızarmış, şerbetini tam kıvamında çekmiş muhteşem bir şekerpare tatlısı hazırladık. Bu keyfe ortak olmak ve 'Şekerpare nasıl yapılır?', ""<strong>Şekerpare şerbeti nasıl yapılır?</strong>"" sorularına cevap bulmak, ""En güzel şekerpare <a href=""https://yemek.com/tarif/tatli/"" target=""_blank"">tatlısı</a> tarifini aradım aradım ama bulamadım"" diyenlerin derdine tam ölçülü ve ev yapımı bir şekerpare tarifiyle çözüm olmak istedik. İşte karşınızda, tüm püf noktalarıyla: Şekerpare <a href=""https://yemek.com/tarif/"" target=""_blank"">tarif</a>i!</p>
<p><a href=""https://yemek.com/tarif/sekerpare-2/"" target=""_blank"">Şekerpare tarifini </a>hazırlamak pek kolay, sonrası tam bir keyif... Üzerine mini mini fındıklar konan tatlılar fırında hafif bir renk alana kadar kızaracak, fırından çıkan sıcak tatlılar önceden hazırlanan soğuk şerbet azar azar eklenecek. Videolu, denenmiş en güzel şekerpare tarifi karşınızda!</p>
<p><a href=""https://yemek.com/ramazan-tatlilari/"" target=""_blank"">Ramazan sofralarında</a>, iftarda olmazsa olmaz tatlılardan biri olan şekerpare tatlısını yaparken işin biraz daha kolayına kaçmak isteyenler <a href=""https://yemek.com/tarif/kolay-sekerpare"" target=""_blank"">kolay şekerpare tarifimize</a>, klasik şekerpare tatlısı tarifi için de videolu tarifimizi davetlisiniz.</p>
",recipe,"['yumurta', 'toz şeker', 'un', 'kabartma tozu', 'su', 'irmik', 'pudra şekeri', 'fındık', 'limonun suyu', 'vanilin', 'Hindistan cevizi', 'margarin veya tuzsuz tereyağı']","['Şekerpare için öncelikle şerbeti hazırlıyoruz. 3 su bardağı suya 2 su bardağı şeker ekleyip karıştırıyoruz ve kaynamaya bırakıyoruz.', 'Kaynayan şerbetin içerisine bir iki damla limon suyu sıktıktan sonra koyu bir şerbet kıvamını alana kadar kısık ateşte bırakıyoruz ve ocaktan aldıktan sonra şerbeti ılımaya bırakıyoruz.', 'Hamurunu hazırlamak için derin bir karıştırma kasesine 1 su bardağı pudra şekeri, 125 gram margarin, 2 yumurta, 2 yemek kaşığı hindistan cevizi, 1 paket vanilin, 1 paket kabartma tozu, 4 yemek kaşığı irmik ve azar azar unu koyup güzelce yoğuruyoruz.', 'Yoğurduğumuz hamuru 15 dakika buzdolabında dinlendirdikten sonra cevizden biraz daha büyük parçalar koparıp elimizle yuvarlak şekil veriyoruz ve pişirme kağıdı serili fırın tepsisin üzerine aralıklı olarak yerleştiriyoruz.', 'Fındıkları şekerparelerin tam ortasına bastırarak yerleştiriyoruz.', 'Şekerpareleri önceden ısıtılmış 180 derece fırında 25 dakika pişiriyoruz.', 'Kurabiyeler sıcak şerbeti de soğukken şerbetini döküyoruz. Şerbeti de döktükten sonra iyice çekmesi için bekliyoruz ve servis ediyoruz. Afiyetler olsun!']",ŞERBETLİ TATLI,239b56,/tarif/serbetli-tatlilar/,"['Hamur İşi', 'Tatlı', 'Şerbetli Tatlı', 'Ramazan', 'Video']",['çay saati'],['Çay Saati'],"['Fırın', 'Tencere']",,False,1500,1800,2022-03-18T13:00:52Z,4.0,1282307,4569,False,True,True,0,,0,,,,2014/07/sekerpare-ytk-site.jpg,0,0,https://cdn.yemek.com/mnresize/940/940/uploads/2014/07/sekerpare-ytk-site.jpg,940,940,False,https://cdn.yemek.com/mncrop/300/200/uploads/2014/07/sekerpare-ytk-site.jpg,300,200,True,https://cdn.yemek.com/mncrop/940/625/uploads/2014/07/sekerpare-ytk-site.jpg,940,625,True,https://cdn.yemek.com/mncrop/620/388/uploads/2014/07/sekerpare-ytk-site.jpg,620,388,True,https://cdn.yemek.com/mncrop/600/315/uploads/2014/07/sekerpare-ytk-site.jpg,600,315,True,['fırın'],,,,,
468,3424,Ege Şahin,https://cdn.yemek.com/author/464113/20220221123420_avatar.jpg,/profil/egesahin/,Kıyır Kıyır: Üç Malzemeli Un Kurabiyesi,Üç Malzemeli Un Kurabiyesi,/tarif/uc-malzemeli-un-kurabiyesi/,15 dk,10 dk,"<p>Eşe dosta <a href=""https://yemek.com/tarif/un-kurabiyesi/"" target=""_blank"">un kurabiyesi</a> tarifi soranlar, telefonda un kurabiyesi nasıl yapılır diye dert yananlar, neredeyse rüyasında un kurabiyesi görenler... Hoş geldiniz, doğru yerdesiniz.</p>
<p>Günün en tatlı saatleri akşam üzeri olmuş, belki de tatlısıyla tuzlusuyla uzun uzadıya keyfi çıkacak bir <a href=""https://yemek.com/tarif/kahvaltiliklar/"" target=""_blank"">kahvaltı</a> sofrası hazırlıyorsunuz. Ya da akşam yemeği sonrası çay keyfinizi taçlandıracak tatlı bir hamur işi aradığınız. Öyleyse sadece 10 dakikada hazırlanan üç malzemeli un kurabiyesi <a href=""https://yemek.com/tarif/"" target=""_blank"">tarif</a>ine alalım sizi. Bu kurabiyeler bir şahane.</p>
<p>Sıvı yağ, pudra şekeri ve un ilavesiyle hazırlanan bu <a href=""https://yemek.com/tarif/tatli-kurabiyeler/"" target=""_blank"">tatlı kurabiye</a>ler, kaşıkla şekil alıp önceden ısıtılmış 175 derece fırında 15 dakika gibi kısa bir sürede pişiyor. Demleyin çayı, kurulun en sevdiğiniz koltuğa. Kurabiyeleriniz olmak üzere, afiyet olsun.</p>
",recipe,"['un', 'pudra şekeri', 'pudra şekeri', 'sıvı yağ']","['Sıvı yağ ve pudra şekerini derin bir kaba alın, karıştırın.', 'Ardından unu aşamalı olarak ekleyin.\xa0Hamuru toparlamak için iyice yoğurun. Hamurdan parçalar koparıp silindir şeklini verin.', 'Verev şekilde kesin.', 'Yağlı kağıt serilmiş fırın tepsisine aralıklı olarak yerleştirin.', 'Üzerlerini çatal ile çizin. Önceden ısıtılmış 175 derece fırında 15 dakika pişirin.', 'Arzuya göre üzerine pudra şekeri serperek servis edin. Afiyet olsun!']",TATLI KURABİYE,239b56,/tarif/tatli-kurabiyeler/,"['Kurabiye', 'Tatlı Kurabiye']",['çay saati'],['Çay Saati'],['Fırın'],['Ekonomik'],False,900,600,2022-12-28T11:10:00Z,4.0,1569331,4413,False,False,True,0,,0,,,,2015/09/uc-malzemeli-un-kurabiyesi-yemekcom.jpg,0,0,https://cdn.yemek.com/mnresize/940/940/uploads/2015/09/uc-malzemeli-un-kurabiyesi-yemekcom.jpg,940,940,False,https://cdn.yemek.com/mncrop/300/200/uploads/2015/09/uc-malzemeli-un-kurabiyesi-yemekcom.jpg,300,200,True,https://cdn.yemek.com/mncrop/940/625/uploads/2015/09/uc-malzemeli-un-kurabiyesi-yemekcom.jpg,940,625,True,https://cdn.yemek.com/mncrop/620/388/uploads/2015/09/uc-malzemeli-un-kurabiyesi-yemekcom.jpg,620,388,True,https://cdn.yemek.com/mncrop/600/315/uploads/2015/09/uc-malzemeli-un-kurabiyesi-yemekcom.jpg,600,315,True,,,,,,
469,4487,Gökçen Mutaf,https://cdn.yemek.com/author/23120/20181227103819_avatar.jpeg,/profil/gokcenmutaf/,Brownie'yi Andıran: Islak Kurabiye,Islak Kurabiye,/tarif/islak-kurabiye/,25 dk,15 dk,"<p>Kakaolu kurabiyenin şerbetle buluşmasından hazırlanan ıslak kurabiye, kakaolu tatlıları sevenlere göre. <strong>Sıcak kurabiyelerin ıslatılması kakao tadını yoğunlaştırıyor </strong>ve <a href=""https://yemek.com/tarif/kurabiye/"" target=""_blank"" rel=""noopener"">kurabiyeye</a> ağızda dağılan bir kıvam veriyor. Islak kurabiye tarifini çay saatleri için keyifle hazırlayabilir, bu esmer kurabiyeleri yanında bir fincan kahve eşliğinde tatlı bir atıştırmalık olarak da tüketebilirsiniz.</p>
<p><a href=""https://yemek.com/tarif/brownie/"" target=""_blank"" rel=""noopener"">Brownie</a>'yi andıran bu lezzetli <a href=""https://yemek.com/tarif/browni-kurabiye/"" target=""_blank"" rel=""noopener"">browni tadında kurabiye</a>leri kısa sürede hazırlayabilir, yorumlarınızı bizlerle paylaşabilirsiniz.</p>",recipe,"['yumurta', 'toz şeker', 'un', 'kabartma tozu', 'su', 'rendelenmiş Hindistan cevizi', 'kakao', 'pudra şekeri', 'tereyağı (oda sıcaklığında bekletilmiş)', 'vanilin', 'sıvı yağ']","['<div>\n<div>\n<div dir=""ltr"">\n<div>\n<div>Islak kurabiye için derince bir karıştırma kabına oda ısısındaki tereyağını, sıvı yağı, yumurtayı, pudra şekerini, kakaoyu, vanilin ve kabartma tozunu alın.</div>\n</div>\n</div>\n</div>\n</div>', '<p>Tüm malzemeleri özleşene\xa0kadar\xa0karıştırın.</p>', '<div>\n<div>\n<div dir=""ltr"">\n<div>\n<div>Ardından unu yavaş yavaş ekleyerek, ele yapışmayan bir hamur elde edin.</div>\n</div>\n</div>\n</div>\n</div>', '<div>\n<div>\n<div dir=""ltr"">\n<div>\n<div>Hazırladığınız hamurdan ceviz büyüklüğünde parçalar koparın.</div>\n</div>\n</div>\n</div>\n</div>', '<p>Avucunuzda yuvarlayın ve parmağınızla ortasına hafifçe bastırdıktan sonra, yağlı kağıt serilmiş bir fırın tepsisine dizin.\xa0Önceden ısıtılmış 180 derece fırında yaklaşık 20 dakika kadar pişirin.</p>', '<div>\n<div>\n<div dir=""ltr"">\n<div>\n<div>Kurabiyeleriniz fırındayken şerbeti için gerekli olan şeker ve suyu homojen karışana kadar kaynattıktan sonra bir kaseye alın ve soğutun.</div>\n</div>\n</div>\n</div>\n</div>', '<div>\n<div>\n<div dir=""ltr"">\n<div>\n<div>Kurabiyeler fırından çıkınca 2 dakika kadar bekletin ve ardından teker teker hazırladığınız şerbete atın, arkalı önlü çevirin ve bir servis tabağına dizin.</div>\n</div>\n</div>\n</div>\n</div>', '<div>\n<div>\n<div dir=""ltr"">\n<div>\n<div>Tüm kurabiyeleri bu şekilde şerbete batırdıktan sonra kalan şerbeti de üstlerine gezdirin ve tüm şerbeti çekene dek bekletin.</div>\n</div>\n</div>\n</div>\n</div>', '<div>\n<div>\n<div dir=""ltr"">\n<div>\n<div>Kurabiyeler şerbeti çektikten sonra üstlerini Hindistan cevizi ile süsleyin ve servis edin. Afiyet olsun.</div>\n</div>\n</div>\n</div>\n</div>']",TATLI KURABİYE,239b56,/tarif/tatli-kurabiyeler/,"['Kurabiye', 'Tatlı Kurabiye']",,['Çay Saati'],['Fırın'],['Ekonomik'],False,1500,900,2022-03-16T06:08:50Z,4.0,1542043,9538,False,False,True,0,,0,,,,2016/01/islak-kurabiye-tarifi-son.jpg,0,0,https://cdn.yemek.com/mnresize/940/940/uploads/2016/01/islak-kurabiye-tarifi-son.jpg,940,940,False,https://cdn.yemek.com/mncrop/300/200/uploads/2016/01/islak-kurabiye-tarifi-son.jpg,300,200,True,https://cdn.yemek.com/mncrop/940/625/uploads/2016/01/islak-kurabiye-tarifi-son.jpg,940,625,True,https://cdn.yemek.com/mncrop/620/388/uploads/2016/01/islak-kurabiye-tarifi-son.jpg,620,388,True,https://cdn.yemek.com/mncrop/600/315/uploads/2016/01/islak-kurabiye-tarifi-son.jpg,600,315,True,,,,,,
470,134,Yasemin Özaltın,https://cdn.yemek.com/author/35533/20181219061403_avatar.jpg,/profil/yasemingursurer/,Tüm Püf Noktalarıyla: Mercimek Köftesi,Mercimek Köftesi,/tarif/mercimek-koftesi/,20 dk,30 dk,"<p>Altın günlerinin vazgeçilmez lezzeti, bekarların ve öğrenci evlerinin gözdesi mercimekli köfte pratik olmasının yanı sıra besleyici ve lezzetli bir <a href=""https://yemek.com/tarif/"" target=""_blank"" rel=""noopener"">tarif</a>. <strong>Tam ölçülü, tam kıvamında mercimek köftesi</strong> nasıl yapılır diye merak edenlerden en güzel mercimek köftesi tarifini henüz bulamamış olanlara tüm püf noktalarıyla pratik tariflerin gözdesi mercimek köftesi karşınızda!</p>
<p>Mercimek köftesi sunumunu, mercimek köftesinin yanına ne gider ya da <strong>mercimek köftesi cıvık olursa</strong> ne yapılmalı sorularının cevabını artık başka yerde aramanız gerek yok. Çünkü en güzelini annenin yaptığı mercimek köftesi için mutfağa girerek biraz da biz hünerlerimizi göstereceğiz bugün. Güzel annelerimize selamlar yollayacağız bu tarifle.</p>
<p>Mercimek köftesi videomuzu aşağıya bırakıyoruz, afiyetler olsun şimdiden! <img class=""wp-smiley img-responsive"" src=""https://cdn.yemek.com/assets/images/smiley/smile.png""></p>
<p>Mercimek köftesini sevenler bunları da sevdi: <a href=""https://yemek.com/tarif/kisir"" target=""_blank"" rel=""noopener"">Kısır Tarifi</a></p>
<p>Klasik mercimekli köfte tariflerinden sıkılanlar, çıtır çıtır dokusuyla <a href=""https://yemek.com/tarif/firinda-mercimek-kofte/"" target=""_blank"" rel=""noopener"">fırında mercimekli köfte</a> tarifiyle misafirlerinizi şaşırtıyor.</p>",recipe,"['kırmızı mercimek', 'kuru soğan', 'biber salçası', 'sıcak su', 'tuz', 'pul biber', 'maydanoz', 'zeytinyağı', 'karabiber', 'domates salçası', 'ince bulgur', 'taze soğan', 'kimyon']","['<p>Mercimek köftesi için bol suda yıkadığınız kırmızı mercimeği sıcak suda kaynatın.</p>', '<p>Suyunu çekmeye yakın ince bulguru ekleyin, mercimeği ocaktan alın.</p>', '<p>Üzerine ince bulguru ekleyin.</p>', '<p>Kapağını kapattığınız tencerede ince bulguru şişmesi için mercimekle birlikte 15 dakika kadar bekletin.</p>', '<p>Zeytinyağını bir tavada kızdırın.</p>', '<p>Kuru soğanları küçük küpler halinde doğrayın ve tavaya aktarın.</p>', '<p>Doğradığınız soğanları 5 dakika kadar kavurun.</p>', '<p>Sırasıyla; biber salçası, domates salçası, tuz, pul biber ve kimyonu ekleyin.</p>', '<p>Soğanlı karışımı 3-4 dakika kadar kavurun.</p>', '<p>Şişen bulgurlu ve mercimekli harca salçalı, soğanlı harcı ekleyin.</p>', '<p>Taze soğanları ve maydanozu ince ince kıyın.\xa0 Doğranmış yeşillikleri ilave edin.</p>', '<p>Malzemeleri yoğurmaya başlayın.</p>', '<p>Tüm malzemeyi özleşene kadar yoğurun.</p>', '<p>Hazırladığınız harçtan ceviz büyüklüğünde parçalar alın ve avuç içinizde sıkarak şekil verin.</p>', '<p>Servis tabağına aldığınız mercimek köftelerini arzu ettiğiniz yeşilliklerle servis edin. Sevdiklerinizle paylaşın.</p>']",MEZE,239b56,/tarif/mezeler/,"['Özel Beslenme', 'Vejetaryen', 'Atıştırmalık', 'Meze', 'Vegan', 'Video', 'Tuzlu Atıştırmalık', 'Bakliyat']",,"['Öğle Yemeği', 'Çay Saati']","['Tencere', 'Tava']","['Vejetaryen', 'Bol Proteinli']",False,1200,1800,2022-03-10T11:30:12Z,4.0,1537793,11735,False,True,True,0,,0,,,,2014/06/mercimek-koftesi-yeni-ytk.jpg,0,0,https://cdn.yemek.com/mnresize/940/940/uploads/2014/06/mercimek-koftesi-yeni-ytk.jpg,940,940,False,https://cdn.yemek.com/mncrop/300/200/uploads/2014/06/mercimek-koftesi-yeni-ytk.jpg,300,200,True,https://cdn.yemek.com/mncrop/940/625/uploads/2014/06/mercimek-koftesi-yeni-ytk.jpg,940,625,True,https://cdn.yemek.com/mncrop/620/388/uploads/2014/06/mercimek-koftesi-yeni-ytk.jpg,620,388,True,https://cdn.yemek.com/mncrop/600/315/uploads/2014/06/mercimek-koftesi-yeni-ytk.jpg,600,315,True,,,,,,
471,13732,ipeksare,https://cdn.yemek.com/author/262494/20200820091315_avatar.jpg,/profil/ipeksare/,Bol Malzemeli: Ev Usulü Pizza,Ev Usulü Pizza,/tarif/ev-usulu-pizza/,30 dk,30 dk,"<p>Hafif kabarmış bir hamuru ve bol bol malzemesiyle <a href=""https://yemek.com/tarif/pizza/"" target=""_blank"">pizzaların</a> en güzellerinden biridir ev usulü pizza.</p>
<p>Dışarıda bayılarak yediğimiz pizzaları aslında evinizde de çok kolay bir şekilde yapabilirsiniz. Eğer siz de ""<strong>Evde pizza nasıl yapılır?</strong>"" diyorsanız fırında pişen, bu kolay ve pratik karışık pizza tarifini çok sevecek, her fırsatta yapmak isteyeceksiniz.</p>
<p>Lezzetine doyum olmaz bu pizza tarifinin sırrı hamurunda saklı. Bu şekilde ağzınıza attığınızda yumuşacık dokusuyla sizi çok mutlu edecek, bol bol malzemesiyle de damaklarınızı şenlendirecek bir tarife dönüşüyor. ""<strong>Pizza hamuru nasıl yapılır?</strong>"" diye soranlara da adım adım resimli anlatımıyla tam kıvamında bir <a href=""https://yemek.com/tarif/pizza-hamuru/"" target=""_blank"">pizza hamuru</a> tarifi hazırladık, püf noktalarını da <a href=""https://yemek.com/pizza-hamuru-yapmanin-puf-noktalari/"" target=""_blank"">şurada</a> anlattık. Mutlaka göz atın deriz.</p>
<p>Ev yapımı pizza tarifinin adım adım resimli tarifi karşınızda!</p>
",recipe,"['tuz', 'toz şeker', 'un', 'sarımsak', 'zeytinyağı', 'zeytinyağı', 'fesleğen', 'rendelenmiş kaşar peyniri', 'kekik', 'ılık su', 'konserve mısır', 'kuru maya', 'sucuk', 'domates sos', 'biber', 'zeytin', 'rendelenmiş mozarella peyniri']","['Bir kabın içerisine kuru mayayı dökün ve üzerine ılık su ve şekeri ekleyerek güzelce karıştırın.', 'Daha sonra mayalı karışıma zeytinyağını ve tuzu ekleyip tahta kaşıkla karıştırın.', 'Unu azar azar ekleyin.', 'Hamur kıvama gelince elinizle yoğurmaya başlayın ve ele yapışmayan, yumuşak bir hamur haline gelene kadar yoğurmaya devam edin.', 'Hamur istediğiniz yumuşaklığa ulaşınca, kabın üzerini bir streç film ile kaplayıp en az 30 dakika hamurunuzu dinlendirin.', 'Dinlenen hamurunuzu un serptiğiniz tezgaha alıp, katlayarak havasını çıkarın.\xa0Hamuru toparlayıp, 2 ya da 3 parçaya ayırın. İnce hamurlu ve orta boy pizza yapmak istiyorsanız hamurunuzu 3’e bölün. Daha büyük ve kalın hamurlu 2 pizza yapmak istiyorsanız, ikiye bölebilirsiniz.', 'Kestiğiniz parçayı beze haline getirip un serptiğiniz tezgahın üzerinde merdane yardımıyla açın.', 'Dilediğiniz inceliğe ulaştığınızda pişirme kağıdı serdiğiniz tepsinin üzerine alın. Bir çatal yardımıyla pizza hamurunun üzerinde delikler açın ve önceden ısıtılmış 200 derece fırında 10 dakika pişirin.', 'Pizza sosunu, domates sosuna, fesleğen, kekik, sarımsak ve zeytinyağı ekleyerek hazırlayabilirsiniz.', '10 dakika sonra hafif pişen hamuru fırından çıkarıp, hazırladığınız domates sosundan üzerine sürün.', 'Pizza sosunun üzerine bolca rendelenmiş kaşar ya da mozarella peyniri yerleştirdikten sonra üzerine dileğiniz malzemeleri ekleyin. Malzemeleri yerleştirdikten sonra en üste tekrar rendelenmiş kaşar ekleyin.', 'Tekrar fırına koyun ve 20 dakika daha pişirin. Peynirler güzelce eriyip tüm malzemeler piştiğinde pizzanızı fırından çıkarabilirsiniz.', 'Pizza kesiciyle dilimleyip tüketebilirsiniz.', 'Afiyet olsun!']",PİZZA,239b56,/tarif/pizza/,"['Hamur İşi', 'Pizza']","['akşam yemeği', 'kahvaltı', 'öğle yemeği']","['Öğle Yemeği', 'Akşam Yemeği']",['Fırın'],,False,1800,1800,2022-03-11T10:00:52Z,4.0,1518606,6252,False,True,True,0,,0,,,,2022/03/ev-usulu-pizza-yemekcom.jpg,0,0,https://cdn.yemek.com/mnresize/940/940/uploads/2022/03/ev-usulu-pizza-yemekcom.jpg,940,940,False,https://cdn.yemek.com/mncrop/300/200/uploads/2022/03/ev-usulu-pizza-yemekcom.jpg,300,200,True,https://cdn.yemek.com/mncrop/940/625/uploads/2022/03/ev-usulu-pizza-yemekcom.jpg,940,625,True,https://cdn.yemek.com/mncrop/620/388/uploads/2022/03/ev-usulu-pizza-yemekcom.jpg,620,388,True,https://cdn.yemek.com/mncrop/600/315/uploads/2022/03/ev-usulu-pizza-yemekcom.jpg,600,315,True,['fırın'],,,,,
472,180,Yasemin Özaltın,https://cdn.yemek.com/author/35533/20181219061403_avatar.jpg,/profil/yasemingursurer/,20 Dakikada Buzlukta: Mozaik Pasta,Mozaik Pasta,/tarif/mozaik-pasta/,20 dk,20 dk,"<p>Biz çocukken mutfaktaki hummalı çalışmanın sonucu annelerimizin lezzetli ellerinden tüm ömrümüz boyunca unutamayacağımız kadar lezzetli <a href=""https://yemek.com/tarif/tatli/"" target=""_blank"">tatlılar</a>, <a href=""https://yemek.com/tarif/pasta-tatli/"" target=""_blank"">pastalar</a> çıkardı. Bu pasta hiç şüphesiz mozaik pastanın ta kendisiydi! Bu kolay mozaik pasta, küçük büyük herkesin bayılarak yediği lezzeti her daim garantili olan oldukça kolay ve pratik bir <a href=""https://yemek.com/tarif/"" target=""_blank"">tarif</a>. Hadi gelin bisküvili mozaik pastanın sırlarını bir bir anlatalım size. Anılarımıza doğru tatlı bir yolculuğa çıkaran, <strong>petibör bisküvili</strong> mozaik pasta tarifiyle karşınızdayız!</p>
<p>Bisküvi, tereyağı, toz şeker ve kakaonun bir araya gelip yaptığı en lezzetli pasta tariflerinden biri o. Biz bu kez farklı malzemeler ekleyerek <strong>klasik mozaik pasta</strong> tarifinin tadına da tat kattık. Bu üçgen mozaik pastanın yapımı o kadar kolay, pratik ve bir o kadar lezzetli ki...</p>
<p>Hadi o zaman! Buyursunlar en güzel mozaik pasta tarifine ve yapılış adımlarını gösteren mozaik pasta videomuza. <img src=""https://cdn.yemek.com/assets/images/smiley/smile.png"" class=""wp-smiley img-responsive"" /></p>
",recipe,"['süt', 'kakao', 'pudra şekeri', 'tereyağ', 'Hindistan cevizi', 'petibör bisküvi']","['Tereyağını eritin.', 'Pudra şekerini karıştırma kabına aktarın.\xa0Pudra şekerinin üzerine erittiğiniz tereyağını ve sütü dökün.\xa0Kakaoyu da ilave edin.', 'Malzemeleri çırpın.', 'Üzerine bisküvileri kırın.', 'Bisküvileri de koyduktan sonra tüm malzemeleri spatula yardımıyla nazikçe karıştırın.', 'Servis edeceğiniz kalıbın içini streç film ile kaplayın.', 'Tüm harcı ekleyin ve üzerini kapatın.', 'Buzdolabının dondurucu bölümünde 4 saat bekletin. Hindistan cevizi serpin. Dilimleyerek soğuk olarak servis edin.', 'Afiyet olsun!']",PASTA,239b56,/tarif/pasta-tatli/,"['Tatlı', 'Pasta', 'Video']","['ara öğün', 'çay saati']",['Çay Saati'],['Tencere'],['Ekonomik'],False,1200,1200,2022-03-18T14:40:39Z,4.0,1512620,8912,False,True,True,0,,0,,,,2022/03/mozaik-pasta-tarifi-yemekcom.jpg,0,0,https://cdn.yemek.com/mnresize/940/940/uploads/2022/03/mozaik-pasta-tarifi-yemekcom.jpg,940,940,False,https://cdn.yemek.com/mncrop/300/200/uploads/2022/03/mozaik-pasta-tarifi-yemekcom.jpg,300,200,True,https://cdn.yemek.com/mncrop/940/625/uploads/2022/03/mozaik-pasta-tarifi-yemekcom.jpg,940,625,True,https://cdn.yemek.com/mncrop/620/388/uploads/2022/03/mozaik-pasta-tarifi-yemekcom.jpg,620,388,True,https://cdn.yemek.com/mncrop/600/315/uploads/2022/03/mozaik-pasta-tarifi-yemekcom.jpg,600,315,True,,,,,,
473,29467,Yasemin Özaltın,https://cdn.yemek.com/author/35533/20181219061403_avatar.jpg,/profil/yasemingursurer/,3-2-1 Ölçüsüyle: Bayatlamayan Kabartma Tozlu Poğaça,Bayatlamayan Kabartma Tozlu Poğaça,/tarif/bayatlamayan-kabartma-tozlu-pogaca/,15 dk,15 dk,"<p>Hem çok kolay, hem çok hızlı, hem de yemesi pek keyifli muhteşem bir <a href=""https://yemek.com/tarif/pogaca/"" target=""_blank"">poğaça</a>...Bayatlamayan kabartma tozlu poğaça tarifi, hazırlandıktan sonra tadına bakıp da beğenmeyenini, ikincisini istemeyenini zor bulursunuz. İçindeki malzemelerin miktarlarından dolayı “3-2-1 poğaça <a href=""https://yemek.com/tarif/"" target=""_blank"">tarif</a>i” diye de bilinen bu güzelliği hala denemeyenler varsa diye zevkle paylaşıyoruz.</p>
<p>3-2-1 poğaça tarifi, malzemeleri ile de ekonomik! İçinde 3 paket kabartma tozu, 2 bardak yoğurt ve 1 yumurta var. Kabartma tozu ne kadar da çokmuş acı olur o diyorsanız, hiç de öyle olmadığını, inanılmaz yumuşak, aşırı lezzetli olduğunu deneyince anlayacaksınız. Üstelik de bayatlamıyor, hoş gerçi bayatlamasını bekleyecek kadar uzun süre yemeden duramayacaksınız o da ayrı.  O zaman siz aşağıda yazan diğer malzemeleri de hazırlayıverin, <a href=""https://yemek.com/tarif/yumusak-pogaca/"" target=""_blank"">yumuşacık poğaça</a>mızı yapalım. Şimdiden afiyetler olsun.</p>
",recipe,"['tuz', 'toz şeker', 'un', 'kabartma tozu', 'yoğurt', 'yumurta sarısı', 'sirke', 'beyaz peynir', 'susam', 'yumurta beyazı', 'sıvı yağ']","['Bir yoğurma kabına; yağ, yoğurt ve yumurta beyazını alıp güzelce karıştırın.', 'Ardından kabartma tozları, tuz, şeker ve sirkeyi de ilave edip, tekrar karıştırın.', 'Unu azar azar ilave ederek yoğurmaya başlayın. Hafifçe ele yapışan bir hamur elde edeceksiniz.', 'Hazırladığınız hamurdan mandalinadan biraz küçük olacak parçalar kopartın. Elinizle yuvarlayın ve avucunuzla bastırıp yassılaştırın.', 'Yassılaştırdığınız hamur parçasının ortasına bir çatalla ezdiğiniz beyaz peynirden biraz koyun.', 'Kenarlarını birleştirip kapatın ve tekrar yuvarladıktan sonra yağlı kağıt serdiğiniz bir fırın tepsisine yerleştirin.', 'Tüm hamuru bu şekilde hazırlayıp tepsiye dizin.', 'Üstlerine bir fırça yardımıyla yumurta sarısı sürün ve susam serpin. Önceden ısıttığınız 200 derece fırında, üstleri kızarana dek yaklaşık 15 dakika pişirin.', 'Tepsiyi fırından aldıktan sonra ılıklaşmasını bekleyin ve ardından servis edin.']",POĞAÇA,239b56,/tarif/pogaca/,"['Hamur İşi', 'Kahvaltılık', 'Poğaça', 'Video']","['kahvaltı', 'çay saati']","['Kahvaltı', 'Çay Saati']",['Fırın'],['Vejetaryen'],False,900,900,2018-01-31T07:11:19Z,4.0,1443090,8543,False,True,False,0,,0,,,,2018/01/bayatlamayan-pofuduk-pogaca-yemekcom.jpg,0,0,https://cdn.yemek.com/mnresize/940/940/uploads/2018/01/bayatlamayan-pofuduk-pogaca-yemekcom.jpg,940,940,False,https://cdn.yemek.com/mncrop/300/200/uploads/2018/01/bayatlamayan-pofuduk-pogaca-yemekcom.jpg,300,200,True,https://cdn.yemek.com/mncrop/940/625/uploads/2018/01/bayatlamayan-pofuduk-pogaca-yemekcom.jpg,940,625,True,https://cdn.yemek.com/mncrop/620/388/uploads/2018/01/bayatlamayan-pofuduk-pogaca-yemekcom.jpg,620,388,True,https://cdn.yemek.com/mncrop/600/315/uploads/2018/01/bayatlamayan-pofuduk-pogaca-yemekcom.jpg,600,315,True,,,,,,
474,129,Yasemin Özaltın,https://cdn.yemek.com/author/35533/20181219061403_avatar.jpg,/profil/yasemingursurer/,Lokanta Usulü: Köri Soslu Tavuk,Köri Soslu Tavuk,/tarif/kori-soslu-tavuk/,20 dk,10 dk,"<p>Baharat sevenleri, her yaptığı <a href=""https://yemek.com/tarif/"" target=""_blank"">yemek tarifinin</a> içine tuz hariç mutlaka en az 2 baharat ekleyenleri, körinin kokusunu da tadını da çok sevenleri böyle alalım. Güneydoğu Asya Mutfağı'nın vazgeçilmez baharatı köri, içerisinde bulunan sumak, zencefil, kimyon, kişniş vb. baharatlarla tam bir şifa kaynağı olma özelliğini taşıyor. Beyaz etlerle harika bir uyum yakalayan köri, en çok <a href=""https://yemek.com/tarif/tavuk/"" target=""_blank"">tavuk etini</a> seviyor. Karşınızda nefis mi nefis: <strong>Köri soslu tavuk tarifi!</strong></p>
<p>Resimli anlatımıyla, en pratik ve yemelere doyum olmaz körili tavuk tarifini veriyor, köri sos nasıl yapılır tek tek anlatıyoruz. Yanına <a href=""https://yemek.com/tarif/patates-puresi/"" target=""_blank"">patates püresi</a>, <a href=""https://yemek.com/tarif/salata/"" target=""_blank"">salata</a> ya da <a href=""https://yemek.com/tarif/pilav/"" target=""_blank"">pilavla</a> servis edebilirsiniz. Lokantalarda sunulan köri soslu tavuklardan çok daha lezzetli oluyor, yiyen herkes tarifini istiyor. Bu lezzeti sık sık pişirmek isteyeceksiniz. Şimdiden ellerinize sağlık diyor, <a href=""https://yemek.com/soslu-tavuk-yemekleri/"" target=""_blank"">soslu tavuk yemekleri</a> arasında en çok sevilen bu kolay yemek tarifimize buyur ediyoruz.</p>
<p>Köri sosun tadını sevdiyseniz belki sonra <a href=""https://yemek.com/tarif/kremali-korili-tavuklu-makarna/"" target=""_blank"">köri soslu makarna tarifine</a> de şans vermek isteyebilirsiniz. Afiyet olsun!</p>
",recipe,"['tereyağı', 'sıcak su', 'tuz', 'un', 'maydanoz', 'karabiber', 'kuşbaşı tavuk göğsü', 'soğuk süt', 'köri', 'sıvı yağ']","['Sıvı yağını bir tavada kızdırın. Kuşbaşı\xa0doğranmış tavuk göğsünü aktarın.', 'Renk alıp, suyunu çekene kadar orta ateşte kavurun.', 'Köri sosu hazırlamak için; ayrı bir tavada tereyağını sos tenceresinde eritin.', 'Unu da üzerine ekleyin ve\xa0 kokusu çıkıp, renk alana kadar karıştırarak kavurun.', 'Kavrulan una soğuk sütü ekleyin ve unun topaklanmaması için bir çırpıcı yardımıyla hızlıca karıştırın.', 'Sıcak su, köri, tuz ve karabiberi katın.', 'Sosu, kısık ateşte koyu bir kıvam alana kadar sürekli karıştırarak 4- 5 dakika pişirin.', 'Hazırladığınız sosu, kavrulan tavuklara ekleyin ve harmanladıktan sonra pişirme işlemini 5 dakika kadar sürdürün.', 'İncecik kıyılmış bir avuç maydanozu, köri soslu tavuğa ilave ettikten sonra bekletmeden sıcak olarak servis edin.', 'Köri soslu tavuk tarifi hazır. Afiyet olsun!']",TAVUK,239b56,/tarif/tavuk/,"['Tavuk', 'Video']","['ekonomik', 'akşam yemeği', 'öğle yemeği']","['Öğle Yemeği', 'Akşam Yemeği']",['Tencere'],"['Ekonomik', 'Bol Proteinli']",False,1200,600,2019-05-14T13:24:40Z,4.0,1396751,11895,False,True,True,0,,0,,,,2014/06/kori-soslu-tavuk-yemekcom.jpg,0,0,https://cdn.yemek.com/mnresize/940/940/uploads/2014/06/kori-soslu-tavuk-yemekcom.jpg,940,940,False,https://cdn.yemek.com/mncrop/300/200/uploads/2014/06/kori-soslu-tavuk-yemekcom.jpg,300,200,True,https://cdn.yemek.com/mncrop/940/625/uploads/2014/06/kori-soslu-tavuk-yemekcom.jpg,940,625,True,https://cdn.yemek.com/mncrop/620/388/uploads/2014/06/kori-soslu-tavuk-yemekcom.jpg,620,388,True,https://cdn.yemek.com/mncrop/600/315/uploads/2014/06/kori-soslu-tavuk-yemekcom.jpg,600,315,True,"['tencere', 'bol proteinli']",,,,,
475,305,Gökçen Mutaf,https://cdn.yemek.com/author/23120/20181227103819_avatar.jpeg,/profil/gokcenmutaf/,Şaşmayan Tarif: Sade Kek,Sade Kek,/tarif/sade-kek/,40 dk,15 dk,"<p>Kocaman kabarmış, lezzetiyle herkesi kendine hayran bırakacak en klasik lezzetlerdendir sade kek tarifi. Süt, yumurta ve şekerin önderliğinde, misler gibi vanilya kokusunun büyüsünde hazırlanan harç fırının sıcacık kollarına teslim edilir. Kabarırken bile kendine hayran bırakan sade kek, çayın yanına hazırlanan en pratik kek olarak çıkar oradan. Karşınızda işte o enfes anların mimarı sade kek tarifi!</p>
<p>Birbirinden nefis <a href=""https://yemek.com/tarif/kek/"" target=""_blank"">kek tarifleri</a> arasında en baştan bize göz kırpan bu lezzet, kabarık ve yumuşak dokusuyla boyut atlıyor bu kez. Çaylarınızın, kahveleriniz hazırsa o yumuşacık sade kek tarifimiz geliyor. Şimdiden ellerinize sağlık.</p>
<p>Not: ""Sade kek de güzel ama kakaolu keki de çok seviyorum"" diyenler için yumuşacık kakaolu kek tarifimiz de hemen <a href=""https://yemek.com/tarif/kakaolu-kek/"" target=""_blank"">şurada</a>.</p>
",recipe,"['yumurta', 'toz şeker', 'süt', 'un', 'kabartma tozu', 'vanilin', 'sıvı yağ']","['Yumurtaları derince bir kaba kırın ve toz şekeri ekledikten sonra bir mikser ile 10 dakika boyunca çırpın.\xa0Krema kıvamına gelen karışıma sıvı yağı ve sütü ekleyip bir spatula ile karıştırın.', 'Üstüne unu, kabartma tozunu ve vanilini de ekledikten sonra tekrar karıştırın ve sıvı yağ ile yağladığınız bir kek kalıbına hazırladığınız karışımı dökün.', 'Önceden ısıtılmış 180 derecelik fırında 40 dakika kadar pişirin.\n\n&nbsp;', 'Kek kürdan testini geçince fırından alın ve tamamen soğuduktan sonra kalıbı ters çevirerek kalıptan çıkarın.', 'Dilimleyerek servis edin.\xa0 Afiyetler olsun!']",TATLI KEK,239b56,/tarif/tatli-kek/,"['Kek', 'Tatlı Kek']",['çay saati'],['Çay Saati'],['Fırın'],['Vejetaryen'],False,2400,900,2022-03-10T07:30:22Z,4.0,1356751,3356,False,False,True,0,,0,,,,2014/07/sade-kek-tarifi-yeni.jpg,0,0,https://cdn.yemek.com/mnresize/940/940/uploads/2014/07/sade-kek-tarifi-yeni.jpg,940,940,False,https://cdn.yemek.com/mncrop/300/200/uploads/2014/07/sade-kek-tarifi-yeni.jpg,300,200,True,https://cdn.yemek.com/mncrop/940/625/uploads/2014/07/sade-kek-tarifi-yeni.jpg,940,625,True,https://cdn.yemek.com/mncrop/620/388/uploads/2014/07/sade-kek-tarifi-yeni.jpg,620,388,True,https://cdn.yemek.com/mncrop/600/315/uploads/2014/07/sade-kek-tarifi-yeni.jpg,600,315,True,['fırın'],,,,,
476,183,Cemre Özgüzel,https://cdn.yemek.com/author/109/20200211010242_avatar.jpg,/profil/cemre-ozguzel/,Pastane Usulü: Un Kurabiyesi,Un Kurabiyesi,/tarif/un-kurabiyesi/,15 dk,25 dk,"<p>Kıyır kıyır dediğimiz <a href=""https://yemek.com/kurabiye-tarifleri/"" target=""_blank"">kurabiye tarifleri</a>nin şahı un kurabiyesidir. Uzun süre bozulmadan dayanabilmesi de bu lezzetli ve pratik kurabiyeyi popüler kılan noktalardan biridir. Kolay un kurabiyesi yapımında pudra şekeri elenerek servis edildiği için tarifinde çok az miktarda şeker kullanılır. Ağza gelmemesi için pudra şekeri tercih edilir. Hem kıvamı hem de dokusuyla, enfes mi enfes <strong>un kurabiyesi tarifi</strong> karşınızda!</p>
<p>""<a href=""https://yemek.com/agizda-dagilan-kurabiye-nasil-yapilir/"" target=""_blank"">Ağızda dağılan un kurabiyesi nasıl yapılır?</a>"" diyenler tarifin detaylarında açıklamalı anlatımını bulacak. Basit ve gerçek un kurabiyesinin tüm malzemeleri, yapılış adımları ve videosu ise hemen aşağıda. Hazırsanız en güzel un kurabiyesini yapmak için çalışmalara başlayalım! ''Un kurabiyesi tarifi nasıl yapılır?'' diyenlerinizi tarifimize alalım. Şimdiden ellerinize sağlık diyor, kolaylığı ve <strong>ağızda dağılan lezzetiyle un kurabiyesi</strong> <a href=""https://yemek.com/tarif/"" target=""_blank"">tarifi</a> karşınızda!</p>
",recipe,"['yumurta', 'un', 'vanilya', 'kabartma tozu', 'pudra şekeri', 'pudra şekeri', 'buğday nişastası', 'oda sıcaklığında tereyağı', 'sıvı yağ']","['Un kurabiyesi için 200 gram oda sıcaklığında bekletilmiş tereyağını derin bir yoğurma kasesine aktarın.', 'Üzerine 1 adet yumurta ve 1 çay bardağı sıvı yağını da ekledikten sonra pürüzsüz bir kıvam olana kadar çırpın.', '1 su bardağı pudra şekeri, 5 yemek kaşığı buğday nişastası, 1 paket kabartma tozu, 1 paket vanilin ve 3 su bardağı unu azar azar ekleyin.', 'Ele yapışmayacak kıvamda bir hamur elde edene kadar yoğurun.', 'Kurabiye hamurundan büyükçe bir parça alın ve tezgahın üzerinde yuvarlayarak 2 parmak kalınlığında rulo şekline getirin.', 'Kenar kısımlarını kesin. Ardından üzerinden çatal yardımıyla geçerek şekil verin.', 'Bıçak yardımıyla 3 parmak genişliğinde parçalar kesin. Fırın tepsisine aktarın.', 'Üzerleri hafif kızarıp renk alana kadar önceden ısıtılmış 170 derece fırında 15 dakika kadar pişirin.', 'Soğuttuktan sonra pudra şekeri eleyin.', 'Ardından un kurabiyelerini servis edin. Afiyetler olsun!']",TATLI KURABİYE,239b56,/tarif/tatli-kurabiyeler/,"['Kurabiye', 'Video', 'Tatlı Kurabiye']",['çay saati'],['Çay Saati'],['Fırın'],,False,900,1500,2022-04-01T07:45:01Z,4.0,1330455,3412,False,True,True,0,,0,,,,2022/04/un-kurabiyesi-onecikan-yeni.jpg,0,0,https://cdn.yemek.com/mnresize/940/940/uploads/2022/04/un-kurabiyesi-onecikan-yeni.jpg,940,940,False,https://cdn.yemek.com/mncrop/300/200/uploads/2022/04/un-kurabiyesi-onecikan-yeni.jpg,300,200,True,https://cdn.yemek.com/mncrop/940/625/uploads/2022/04/un-kurabiyesi-onecikan-yeni.jpg,940,625,True,https://cdn.yemek.com/mncrop/620/388/uploads/2022/04/un-kurabiyesi-onecikan-yeni.jpg,620,388,True,https://cdn.yemek.com/mncrop/600/315/uploads/2022/04/un-kurabiyesi-onecikan-yeni.jpg,600,315,True,['fırın'],,,,,
477,121,Cemre Özgüzel,https://cdn.yemek.com/author/109/20200211010242_avatar.jpg,/profil/cemre-ozguzel/,"Kolay, Pratik, Tam Kıvamında: Kakaolu Kek",Kakaolu Kek,/tarif/kakaolu-kek/,35 dk,10 dk,"<p>Bir parça kakaolu <a href=""https://yemek.com/tarif/kek/"" target=""_blank"">kek</a>; göz doldurur, iştah açar, <a href=""https://yemek.com/tarif/iced-latte/"" target=""_blank"">kahvenin</a> yanında iyi gider, misafir kurtarır, evlat sevindirir, anne özlemini artırır. On diliminde on marifet kakaolu kek, yapması da kolay olduğundan öğrencilerin de yapabilecekleri en nefis ve pratik <a href=""https://yemek.com/tarif/kek/"" target=""_blank"">kek tariflerinden</a> biri.</p>
<p>Kek denince akla gelen ilk <a href=""https://yemek.com/tarif/tatli-kek/"" target=""_blank"">tatlı kek</a> tarif olan <a href=""https://yemek.com/kakaolu-kek-tarifleri/"" target=""_blank"">kakaolu kek tarifi</a>ni en kolay, pratik ve tam kıvamında bir şekilde yapmak mümkün! Bu pratik kakaolu kek yumuşacık ve yaptığınız en güzel kakaolu kek tarifi olacak.</p>
<p>Kakaolu kek <a href=""https://yemek.com/tarif/"" target=""_blank"">tarif</a>imizin videosu hemen aşağıda, afiyet olsun!</p>
",recipe,"['yumurta', 'toz şeker', 'süt', 'un', 'vanilya', 'kabartma tozu', 'kakao', 'maden suyu', 'sıvı yağ']","['Yumurtaları ve toz şekeri derin bir kapta, bir mikser yardımıyla şeker eriyene kadar çırpın.', 'Ardından sıvı yağ, süt ve\xa0 sodayı da üzerine ekleyip çırpmaya devam edin.', 'Kek harcına unu ve kakaoyu azar azar ilave edin. Kabartma tozu ve vanilini de ekledikten sonra spatula yardımıyla, pürüzsüz bir harç elde edene kadar karıştırmaya devam edin.', 'Hazırladığınız kakaolu kek karışımını yağladığınız kek kalıbına dökün.', 'Önceden ısıtılmış 180 derece fırında 30-35 dakika kadar pişirin. İçini çekmesi için beklettiğiniz keki, ılınınca kalıbından çıkartın.', 'Üzerine pudra şekeri serperek servis edin.']",TATLI KEK,239b56,/tarif/tatli-kek/,"['Kek', 'Video', 'Tatlı Kek']","['ekonomik', 'ara öğün']",['Çay Saati'],['Fırın'],['Ekonomik'],False,2100,600,2020-11-19T10:43:04Z,4.0,1321844,5041,False,True,True,0,,0,,,,2019/03/kakaolu-kek-one-cikan-yeni.jpg,0,0,https://cdn.yemek.com/mnresize/940/940/uploads/2019/03/kakaolu-kek-one-cikan-yeni.jpg,940,940,False,https://cdn.yemek.com/mncrop/300/200/uploads/2019/03/kakaolu-kek-one-cikan-yeni.jpg,300,200,True,https://cdn.yemek.com/mncrop/940/625/uploads/2019/03/kakaolu-kek-one-cikan-yeni.jpg,940,625,True,https://cdn.yemek.com/mncrop/620/388/uploads/2019/03/kakaolu-kek-one-cikan-yeni.jpg,620,388,True,https://cdn.yemek.com/mncrop/600/315/uploads/2019/03/kakaolu-kek-one-cikan-yeni.jpg,600,315,True,['fırın'],,,,,
478,302,Yasemin Özaltın,https://cdn.yemek.com/author/35533/20181219061403_avatar.jpg,/profil/yasemingursurer/,"Tüm Püf Noktalarıyla, Kolay: Şekerpare",Şekerpare,/tarif/sekerpare/,25 dk,30 dk,"<p>İrmik ile tatlanıp, kıtır bir kıvam alan tatlılarımızdan o. Evet doğru bildiniz, bayram tatlılarının da başında gelen, <a href=""https://yemek.com/tarif/serbetli-tatlilar/"" target=""_blank"">şerbetli tatlı</a> tariflerinin en sevilenlerinden şekerpare tarifinden bahsediyoruz. Pastanelerde yediğinizde tadı damağınızda kalan <strong>gerçek şekerparelerin sırları</strong>nı aldık, üzeri nefis bir şekilde kızarmış, şerbetini tam kıvamında çekmiş muhteşem bir şekerpare tatlısı hazırladık. Bu keyfe ortak olmak ve 'Şekerpare nasıl yapılır?', ""<strong>Şekerpare şerbeti nasıl yapılır?</strong>"" sorularına cevap bulmak, ""En güzel şekerpare <a href=""https://yemek.com/tarif/tatli/"" target=""_blank"">tatlısı</a> tarifini aradım aradım ama bulamadım"" diyenlerin derdine tam ölçülü ve ev yapımı bir şekerpare tarifiyle çözüm olmak istedik. İşte karşınızda, tüm püf noktalarıyla: Şekerpare <a href=""https://yemek.com/tarif/"" target=""_blank"">tarif</a>i!</p>
<p><a href=""https://yemek.com/tarif/sekerpare-2/"" target=""_blank"">Şekerpare tarifini </a>hazırlamak pek kolay, sonrası tam bir keyif... Üzerine mini mini fındıklar konan tatlılar fırında hafif bir renk alana kadar kızaracak, fırından çıkan sıcak tatlılar önceden hazırlanan soğuk şerbet azar azar eklenecek. Videolu, denenmiş en güzel şekerpare tarifi karşınızda!</p>
<p><a href=""https://yemek.com/ramazan-tatlilari/"" target=""_blank"">Ramazan sofralarında</a>, iftarda olmazsa olmaz tatlılardan biri olan şekerpare tatlısını yaparken işin biraz daha kolayına kaçmak isteyenler <a href=""https://yemek.com/tarif/kolay-sekerpare"" target=""_blank"">kolay şekerpare tarifimize</a>, klasik şekerpare tatlısı tarifi için de videolu tarifimizi davetlisiniz.</p>
",recipe,"['yumurta', 'toz şeker', 'un', 'kabartma tozu', 'su', 'irmik', 'pudra şekeri', 'fındık', 'limonun suyu', 'vanilin', 'Hindistan cevizi', 'margarin veya tuzsuz tereyağı']","['Şekerpare için öncelikle şerbeti hazırlıyoruz. 3 su bardağı suya 2 su bardağı şeker ekleyip karıştırıyoruz ve kaynamaya bırakıyoruz.', 'Kaynayan şerbetin içerisine bir iki damla limon suyu sıktıktan sonra koyu bir şerbet kıvamını alana kadar kısık ateşte bırakıyoruz ve ocaktan aldıktan sonra şerbeti ılımaya bırakıyoruz.', 'Hamurunu hazırlamak için derin bir karıştırma kasesine 1 su bardağı pudra şekeri, 125 gram margarin, 2 yumurta, 2 yemek kaşığı hindistan cevizi, 1 paket vanilin, 1 paket kabartma tozu, 4 yemek kaşığı irmik ve azar azar unu koyup güzelce yoğuruyoruz.', 'Yoğurduğumuz hamuru 15 dakika buzdolabında dinlendirdikten sonra cevizden biraz daha büyük parçalar koparıp elimizle yuvarlak şekil veriyoruz ve pişirme kağıdı serili fırın tepsisin üzerine aralıklı olarak yerleştiriyoruz.', 'Fındıkları şekerparelerin tam ortasına bastırarak yerleştiriyoruz.', 'Şekerpareleri önceden ısıtılmış 180 derece fırında 25 dakika pişiriyoruz.', 'Kurabiyeler sıcak şerbeti de soğukken şerbetini döküyoruz. Şerbeti de döktükten sonra iyice çekmesi için bekliyoruz ve servis ediyoruz. Afiyetler olsun!']",ŞERBETLİ TATLI,239b56,/tarif/serbetli-tatlilar/,"['Hamur İşi', 'Tatlı', 'Şerbetli Tatlı', 'Ramazan', 'Video']",['çay saati'],['Çay Saati'],"['Fırın', 'Tencere']",,False,1500,1800,2022-03-18T13:00:52Z,4.0,1282307,4569,False,True,True,0,,0,,,,2014/07/sekerpare-ytk-site.jpg,0,0,https://cdn.yemek.com/mnresize/940/940/uploads/2014/07/sekerpare-ytk-site.jpg,940,940,False,https://cdn.yemek.com/mncrop/300/200/uploads/2014/07/sekerpare-ytk-site.jpg,300,200,True,https://cdn.yemek.com/mncrop/940/625/uploads/2014/07/sekerpare-ytk-site.jpg,940,625,True,https://cdn.yemek.com/mncrop/620/388/uploads/2014/07/sekerpare-ytk-site.jpg,620,388,True,https://cdn.yemek.com/mncrop/600/315/uploads/2014/07/sekerpare-ytk-site.jpg,600,315,True,['fırın'],,,,,
479,3178,Cemre Özgüzel,https://cdn.yemek.com/author/109/20200211010242_avatar.jpg,/profil/cemre-ozguzel/,Oldu Bile: Üç Malzemeli Kurabiye,Üç Malzemeli Kurabiye,/tarif/uc-malzemeli-kurabiye/,20 dk,15 dk,"<p>Ayçiçek yağı, elenmiş un ve toz krem şanti. Sadece üç malzemeyle hazırlanan <a href=""https://yemek.com/tarif/un-kurabiyesi/"" target=""_blank"">un kurabiyesi</a> gevrekliğinde pratik ve ekonomik bir <a href=""https://yemek.com/tarif/kurabiye/"" target=""_blank"">kurabiye tarifi</a>. Siz çayı demleyene kadar onlar pişmiş hatta dinlenmiş olacak, mutfağı mis gibi kurabiye kokusu saracak. Sonrası tam anlamıyla keyif.</p>
<p>Dilerseniz hazırladığınız hamuru atın buzdolabına 30 dakika dinlendirin elinizle gelişi güzel minik yuvarlaklar yaparak pişirin isterseniz de kaşık yardımıyla tepsiye dizin. Karar sizin.</p>
<p>Kurabiye canavarları da sizi sevecek. Afiyetler olsun.</p>
",recipe,"['ayçiçek yağı', 'un', 'toz krem şanti']","['1 su bardağı ayçiçek yağını derin bir karıştırma kabına alın.', '1 paket toz krem şantiyi ve unun 1 bardaklık kısmını ilave ederek karıştırmaya başlayın.', '2 su bardağı unu da azar azar ilave edin ve yumuşak, ele yapışmayan bir hamur elde edene kadar yoğurun.', 'Kıvam alan hamurunuzdan ceviz büyüklüğünde parçalar alın ve elinizle yuvarlayarak şekil verin. Ardından yağlı kağıt serili bir fırın tepsinin üzerine kurabiyelerinizi aktarın. 175 derecede ısıtılmış fırında rengi hafif değişene kadar 15-20 dakika arası pişirin.', 'Çıkarıp oda sıcaklığında soğuttuktan sonra afiyetle tüketin.']",TATLI KURABİYE,239b56,/tarif/tatli-kurabiyeler/,"['Kurabiye', 'Video', 'Tatlı Kurabiye']",['pratik yemek tarifleri'],['Çay Saati'],['Fırın'],,False,1200,900,2015-08-10T11:18:13Z,4.0,1278903,3887,False,True,False,0,,0,,,,2015/08/uc-malzemeli-kurabiye-yemekcom.jpg,0,0,https://cdn.yemek.com/mnresize/940/940/uploads/2015/08/uc-malzemeli-kurabiye-yemekcom.jpg,940,940,False,https://cdn.yemek.com/mncrop/300/200/uploads/2015/08/uc-malzemeli-kurabiye-yemekcom.jpg,300,200,True,https://cdn.yemek.com/mncrop/940/625/uploads/2015/08/uc-malzemeli-kurabiye-yemekcom.jpg,940,625,True,https://cdn.yemek.com/mncrop/620/388/uploads/2015/08/uc-malzemeli-kurabiye-yemekcom.jpg,620,388,True,https://cdn.yemek.com/mncrop/600/315/uploads/2015/08/uc-malzemeli-kurabiye-yemekcom.jpg,600,315,True,,,,,,
480,4487,Gökçen Mutaf,https://cdn.yemek.com/author/23120/20181227103819_avatar.jpeg,/profil/gokcenmutaf/,Brownie'yi Andıran: Islak Kurabiye,Islak Kurabiye,/tarif/islak-kurabiye/,25 dk,15 dk,"<p>Kakaolu kurabiyenin şerbetle buluşmasından hazırlanan ıslak kurabiye, kakaolu tatlıları sevenlere göre. <strong>Sıcak kurabiyelerin ıslatılması kakao tadını yoğunlaştırıyor </strong>ve <a href=""https://yemek.com/tarif/kurabiye/"" target=""_blank"" rel=""noopener"">kurabiyeye</a> ağızda dağılan bir kıvam veriyor. Islak kurabiye tarifini çay saatleri için keyifle hazırlayabilir, bu esmer kurabiyeleri yanında bir fincan kahve eşliğinde tatlı bir atıştırmalık olarak da tüketebilirsiniz.</p>
<p><a href=""https://yemek.com/tarif/brownie/"" target=""_blank"" rel=""noopener"">Brownie</a>'yi andıran bu lezzetli <a href=""https://yemek.com/tarif/browni-kurabiye/"" target=""_blank"" rel=""noopener"">browni tadında kurabiye</a>leri kısa sürede hazırlayabilir, yorumlarınızı bizlerle paylaşabilirsiniz.</p>",recipe,"['yumurta', 'toz şeker', 'un', 'kabartma tozu', 'su', 'rendelenmiş Hindistan cevizi', 'kakao', 'pudra şekeri', 'tereyağı (oda sıcaklığında bekletilmiş)', 'vanilin', 'sıvı yağ']","['<div>\n<div>\n<div dir=""ltr"">\n<div>\n<div>Islak kurabiye için derince bir karıştırma kabına oda ısısındaki tereyağını, sıvı yağı, yumurtayı, pudra şekerini, kakaoyu, vanilin ve kabartma tozunu alın.</div>\n</div>\n</div>\n</div>\n</div>', '<p>Tüm malzemeleri özleşene\xa0kadar\xa0karıştırın.</p>', '<div>\n<div>\n<div dir=""ltr"">\n<div>\n<div>Ardından unu yavaş yavaş ekleyerek, ele yapışmayan bir hamur elde edin.</div>\n</div>\n</div>\n</div>\n</div>', '<div>\n<div>\n<div dir=""ltr"">\n<div>\n<div>Hazırladığınız hamurdan ceviz büyüklüğünde parçalar koparın.</div>\n</div>\n</div>\n</div>\n</div>', '<p>Avucunuzda yuvarlayın ve parmağınızla ortasına hafifçe bastırdıktan sonra, yağlı kağıt serilmiş bir fırın tepsisine dizin.\xa0Önceden ısıtılmış 180 derece fırında yaklaşık 20 dakika kadar pişirin.</p>', '<div>\n<div>\n<div dir=""ltr"">\n<div>\n<div>Kurabiyeleriniz fırındayken şerbeti için gerekli olan şeker ve suyu homojen karışana kadar kaynattıktan sonra bir kaseye alın ve soğutun.</div>\n</div>\n</div>\n</div>\n</div>', '<div>\n<div>\n<div dir=""ltr"">\n<div>\n<div>Kurabiyeler fırından çıkınca 2 dakika kadar bekletin ve ardından teker teker hazırladığınız şerbete atın, arkalı önlü çevirin ve bir servis tabağına dizin.</div>\n</div>\n</div>\n</div>\n</div>', '<div>\n<div>\n<div dir=""ltr"">\n<div>\n<div>Tüm kurabiyeleri bu şekilde şerbete batırdıktan sonra kalan şerbeti de üstlerine gezdirin ve tüm şerbeti çekene dek bekletin.</div>\n</div>\n</div>\n</div>\n</div>', '<div>\n<div>\n<div dir=""ltr"">\n<div>\n<div>Kurabiyeler şerbeti çektikten sonra üstlerini Hindistan cevizi ile süsleyin ve servis edin. Afiyet olsun.</div>\n</div>\n</div>\n</div>\n</div>']",TATLI KURABİYE,239b56,/tarif/tatli-kurabiyeler/,"['Kurabiye', 'Tatlı Kurabiye']",,['Çay Saati'],['Fırın'],['Ekonomik'],False,1500,900,2022-03-16T06:08:50Z,4.0,1542043,9538,False,False,True,0,,0,,,,2016/01/islak-kurabiye-tarifi-son.jpg,0,0,https://cdn.yemek.com/mnresize/940/940/uploads/2016/01/islak-kurabiye-tarifi-son.jpg,940,940,False,https://cdn.yemek.com/mncrop/300/200/uploads/2016/01/islak-kurabiye-tarifi-son.jpg,300,200,True,https://cdn.yemek.com/mncrop/940/625/uploads/2016/01/islak-kurabiye-tarifi-son.jpg,940,625,True,https://cdn.yemek.com/mncrop/620/388/uploads/2016/01/islak-kurabiye-tarifi-son.jpg,620,388,True,https://cdn.yemek.com/mncrop/600/315/uploads/2016/01/islak-kurabiye-tarifi-son.jpg,600,315,True,,,,,,
481,134,Yasemin Özaltın,https://cdn.yemek.com/author/35533/20181219061403_avatar.jpg,/profil/yasemingursurer/,Tüm Püf Noktalarıyla: Mercimek Köftesi,Mercimek Köftesi,/tarif/mercimek-koftesi/,20 dk,30 dk,"<p>Altın günlerinin vazgeçilmez lezzeti, bekarların ve öğrenci evlerinin gözdesi mercimekli köfte pratik olmasının yanı sıra besleyici ve lezzetli bir <a href=""https://yemek.com/tarif/"" target=""_blank"" rel=""noopener"">tarif</a>. <strong>Tam ölçülü, tam kıvamında mercimek köftesi</strong> nasıl yapılır diye merak edenlerden en güzel mercimek köftesi tarifini henüz bulamamış olanlara tüm püf noktalarıyla pratik tariflerin gözdesi mercimek köftesi karşınızda!</p>
<p>Mercimek köftesi sunumunu, mercimek köftesinin yanına ne gider ya da <strong>mercimek köftesi cıvık olursa</strong> ne yapılmalı sorularının cevabını artık başka yerde aramanız gerek yok. Çünkü en güzelini annenin yaptığı mercimek köftesi için mutfağa girerek biraz da biz hünerlerimizi göstereceğiz bugün. Güzel annelerimize selamlar yollayacağız bu tarifle.</p>
<p>Mercimek köftesi videomuzu aşağıya bırakıyoruz, afiyetler olsun şimdiden! <img class=""wp-smiley img-responsive"" src=""https://cdn.yemek.com/assets/images/smiley/smile.png""></p>
<p>Mercimek köftesini sevenler bunları da sevdi: <a href=""https://yemek.com/tarif/kisir"" target=""_blank"" rel=""noopener"">Kısır Tarifi</a></p>
<p>Klasik mercimekli köfte tariflerinden sıkılanlar, çıtır çıtır dokusuyla <a href=""https://yemek.com/tarif/firinda-mercimek-kofte/"" target=""_blank"" rel=""noopener"">fırında mercimekli köfte</a> tarifiyle misafirlerinizi şaşırtıyor.</p>",recipe,"['kırmızı mercimek', 'kuru soğan', 'biber salçası', 'sıcak su', 'tuz', 'pul biber', 'maydanoz', 'zeytinyağı', 'karabiber', 'domates salçası', 'ince bulgur', 'taze soğan', 'kimyon']","['<p>Mercimek köftesi için bol suda yıkadığınız kırmızı mercimeği sıcak suda kaynatın.</p>', '<p>Suyunu çekmeye yakın ince bulguru ekleyin, mercimeği ocaktan alın.</p>', '<p>Üzerine ince bulguru ekleyin.</p>', '<p>Kapağını kapattığınız tencerede ince bulguru şişmesi için mercimekle birlikte 15 dakika kadar bekletin.</p>', '<p>Zeytinyağını bir tavada kızdırın.</p>', '<p>Kuru soğanları küçük küpler halinde doğrayın ve tavaya aktarın.</p>', '<p>Doğradığınız soğanları 5 dakika kadar kavurun.</p>', '<p>Sırasıyla; biber salçası, domates salçası, tuz, pul biber ve kimyonu ekleyin.</p>', '<p>Soğanlı karışımı 3-4 dakika kadar kavurun.</p>', '<p>Şişen bulgurlu ve mercimekli harca salçalı, soğanlı harcı ekleyin.</p>', '<p>Taze soğanları ve maydanozu ince ince kıyın.\xa0 Doğranmış yeşillikleri ilave edin.</p>', '<p>Malzemeleri yoğurmaya başlayın.</p>', '<p>Tüm malzemeyi özleşene kadar yoğurun.</p>', '<p>Hazırladığınız harçtan ceviz büyüklüğünde parçalar alın ve avuç içinizde sıkarak şekil verin.</p>', '<p>Servis tabağına aldığınız mercimek köftelerini arzu ettiğiniz yeşilliklerle servis edin. Sevdiklerinizle paylaşın.</p>']",MEZE,239b56,/tarif/mezeler/,"['Özel Beslenme', 'Vejetaryen', 'Atıştırmalık', 'Meze', 'Vegan', 'Video', 'Tuzlu Atıştırmalık', 'Bakliyat']",,"['Öğle Yemeği', 'Çay Saati']","['Tencere', 'Tava']","['Vejetaryen', 'Bol Proteinli']",False,1200,1800,2022-03-10T11:30:12Z,4.0,1537793,11735,False,True,True,0,,0,,,,2014/06/mercimek-koftesi-yeni-ytk.jpg,0,0,https://cdn.yemek.com/mnresize/940/940/uploads/2014/06/mercimek-koftesi-yeni-ytk.jpg,940,940,False,https://cdn.yemek.com/mncrop/300/200/uploads/2014/06/mercimek-koftesi-yeni-ytk.jpg,300,200,True,https://cdn.yemek.com/mncrop/940/625/uploads/2014/06/mercimek-koftesi-yeni-ytk.jpg,940,625,True,https://cdn.yemek.com/mncrop/620/388/uploads/2014/06/mercimek-koftesi-yeni-ytk.jpg,620,388,True,https://cdn.yemek.com/mncrop/600/315/uploads/2014/06/mercimek-koftesi-yeni-ytk.jpg,600,315,True,,,,,,
482,13732,ipeksare,https://cdn.yemek.com/author/262494/20200820091315_avatar.jpg,/profil/ipeksare/,Bol Malzemeli: Ev Usulü Pizza,Ev Usulü Pizza,/tarif/ev-usulu-pizza/,30 dk,30 dk,"<p>Hafif kabarmış bir hamuru ve bol bol malzemesiyle <a href=""https://yemek.com/tarif/pizza/"" target=""_blank"">pizzaların</a> en güzellerinden biridir ev usulü pizza.</p>
<p>Dışarıda bayılarak yediğimiz pizzaları aslında evinizde de çok kolay bir şekilde yapabilirsiniz. Eğer siz de ""<strong>Evde pizza nasıl yapılır?</strong>"" diyorsanız fırında pişen, bu kolay ve pratik karışık pizza tarifini çok sevecek, her fırsatta yapmak isteyeceksiniz.</p>
<p>Lezzetine doyum olmaz bu pizza tarifinin sırrı hamurunda saklı. Bu şekilde ağzınıza attığınızda yumuşacık dokusuyla sizi çok mutlu edecek, bol bol malzemesiyle de damaklarınızı şenlendirecek bir tarife dönüşüyor. ""<strong>Pizza hamuru nasıl yapılır?</strong>"" diye soranlara da adım adım resimli anlatımıyla tam kıvamında bir <a href=""https://yemek.com/tarif/pizza-hamuru/"" target=""_blank"">pizza hamuru</a> tarifi hazırladık, püf noktalarını da <a href=""https://yemek.com/pizza-hamuru-yapmanin-puf-noktalari/"" target=""_blank"">şurada</a> anlattık. Mutlaka göz atın deriz.</p>
<p>Ev yapımı pizza tarifinin adım adım resimli tarifi karşınızda!</p>
",recipe,"['tuz', 'toz şeker', 'un', 'sarımsak', 'zeytinyağı', 'zeytinyağı', 'fesleğen', 'rendelenmiş kaşar peyniri', 'kekik', 'ılık su', 'konserve mısır', 'kuru maya', 'sucuk', 'domates sos', 'biber', 'zeytin', 'rendelenmiş mozarella peyniri']","['Bir kabın içerisine kuru mayayı dökün ve üzerine ılık su ve şekeri ekleyerek güzelce karıştırın.', 'Daha sonra mayalı karışıma zeytinyağını ve tuzu ekleyip tahta kaşıkla karıştırın.', 'Unu azar azar ekleyin.', 'Hamur kıvama gelince elinizle yoğurmaya başlayın ve ele yapışmayan, yumuşak bir hamur haline gelene kadar yoğurmaya devam edin.', 'Hamur istediğiniz yumuşaklığa ulaşınca, kabın üzerini bir streç film ile kaplayıp en az 30 dakika hamurunuzu dinlendirin.', 'Dinlenen hamurunuzu un serptiğiniz tezgaha alıp, katlayarak havasını çıkarın.\xa0Hamuru toparlayıp, 2 ya da 3 parçaya ayırın. İnce hamurlu ve orta boy pizza yapmak istiyorsanız hamurunuzu 3’e bölün. Daha büyük ve kalın hamurlu 2 pizza yapmak istiyorsanız, ikiye bölebilirsiniz.', 'Kestiğiniz parçayı beze haline getirip un serptiğiniz tezgahın üzerinde merdane yardımıyla açın.', 'Dilediğiniz inceliğe ulaştığınızda pişirme kağıdı serdiğiniz tepsinin üzerine alın. Bir çatal yardımıyla pizza hamurunun üzerinde delikler açın ve önceden ısıtılmış 200 derece fırında 10 dakika pişirin.', 'Pizza sosunu, domates sosuna, fesleğen, kekik, sarımsak ve zeytinyağı ekleyerek hazırlayabilirsiniz.', '10 dakika sonra hafif pişen hamuru fırından çıkarıp, hazırladığınız domates sosundan üzerine sürün.', 'Pizza sosunun üzerine bolca rendelenmiş kaşar ya da mozarella peyniri yerleştirdikten sonra üzerine dileğiniz malzemeleri ekleyin. Malzemeleri yerleştirdikten sonra en üste tekrar rendelenmiş kaşar ekleyin.', 'Tekrar fırına koyun ve 20 dakika daha pişirin. Peynirler güzelce eriyip tüm malzemeler piştiğinde pizzanızı fırından çıkarabilirsiniz.', 'Pizza kesiciyle dilimleyip tüketebilirsiniz.', 'Afiyet olsun!']",PİZZA,239b56,/tarif/pizza/,"['Hamur İşi', 'Pizza']","['akşam yemeği', 'kahvaltı', 'öğle yemeği']","['Öğle Yemeği', 'Akşam Yemeği']",['Fırın'],,False,1800,1800,2022-03-11T10:00:52Z,4.0,1518606,6252,False,True,True,0,,0,,,,2022/03/ev-usulu-pizza-yemekcom.jpg,0,0,https://cdn.yemek.com/mnresize/940/940/uploads/2022/03/ev-usulu-pizza-yemekcom.jpg,940,940,False,https://cdn.yemek.com/mncrop/300/200/uploads/2022/03/ev-usulu-pizza-yemekcom.jpg,300,200,True,https://cdn.yemek.com/mncrop/940/625/uploads/2022/03/ev-usulu-pizza-yemekcom.jpg,940,625,True,https://cdn.yemek.com/mncrop/620/388/uploads/2022/03/ev-usulu-pizza-yemekcom.jpg,620,388,True,https://cdn.yemek.com/mncrop/600/315/uploads/2022/03/ev-usulu-pizza-yemekcom.jpg,600,315,True,['fırın'],,,,,
483,180,Yasemin Özaltın,https://cdn.yemek.com/author/35533/20181219061403_avatar.jpg,/profil/yasemingursurer/,20 Dakikada Buzlukta: Mozaik Pasta,Mozaik Pasta,/tarif/mozaik-pasta/,20 dk,20 dk,"<p>Biz çocukken mutfaktaki hummalı çalışmanın sonucu annelerimizin lezzetli ellerinden tüm ömrümüz boyunca unutamayacağımız kadar lezzetli <a href=""https://yemek.com/tarif/tatli/"" target=""_blank"">tatlılar</a>, <a href=""https://yemek.com/tarif/pasta-tatli/"" target=""_blank"">pastalar</a> çıkardı. Bu pasta hiç şüphesiz mozaik pastanın ta kendisiydi! Bu kolay mozaik pasta, küçük büyük herkesin bayılarak yediği lezzeti her daim garantili olan oldukça kolay ve pratik bir <a href=""https://yemek.com/tarif/"" target=""_blank"">tarif</a>. Hadi gelin bisküvili mozaik pastanın sırlarını bir bir anlatalım size. Anılarımıza doğru tatlı bir yolculuğa çıkaran, <strong>petibör bisküvili</strong> mozaik pasta tarifiyle karşınızdayız!</p>
<p>Bisküvi, tereyağı, toz şeker ve kakaonun bir araya gelip yaptığı en lezzetli pasta tariflerinden biri o. Biz bu kez farklı malzemeler ekleyerek <strong>klasik mozaik pasta</strong> tarifinin tadına da tat kattık. Bu üçgen mozaik pastanın yapımı o kadar kolay, pratik ve bir o kadar lezzetli ki...</p>
<p>Hadi o zaman! Buyursunlar en güzel mozaik pasta tarifine ve yapılış adımlarını gösteren mozaik pasta videomuza. <img src=""https://cdn.yemek.com/assets/images/smiley/smile.png"" class=""wp-smiley img-responsive"" /></p>
",recipe,"['süt', 'kakao', 'pudra şekeri', 'tereyağ', 'Hindistan cevizi', 'petibör bisküvi']","['Tereyağını eritin.', 'Pudra şekerini karıştırma kabına aktarın.\xa0Pudra şekerinin üzerine erittiğiniz tereyağını ve sütü dökün.\xa0Kakaoyu da ilave edin.', 'Malzemeleri çırpın.', 'Üzerine bisküvileri kırın.', 'Bisküvileri de koyduktan sonra tüm malzemeleri spatula yardımıyla nazikçe karıştırın.', 'Servis edeceğiniz kalıbın içini streç film ile kaplayın.', 'Tüm harcı ekleyin ve üzerini kapatın.', 'Buzdolabının dondurucu bölümünde 4 saat bekletin. Hindistan cevizi serpin. Dilimleyerek soğuk olarak servis edin.', 'Afiyet olsun!']",PASTA,239b56,/tarif/pasta-tatli/,"['Tatlı', 'Pasta', 'Video']","['ara öğün', 'çay saati']",['Çay Saati'],['Tencere'],['Ekonomik'],False,1200,1200,2022-03-18T14:40:39Z,4.0,1512620,8912,False,True,True,0,,0,,,,2022/03/mozaik-pasta-tarifi-yemekcom.jpg,0,0,https://cdn.yemek.com/mnresize/940/940/uploads/2022/03/mozaik-pasta-tarifi-yemekcom.jpg,940,940,False,https://cdn.yemek.com/mncrop/300/200/uploads/2022/03/mozaik-pasta-tarifi-yemekcom.jpg,300,200,True,https://cdn.yemek.com/mncrop/940/625/uploads/2022/03/mozaik-pasta-tarifi-yemekcom.jpg,940,625,True,https://cdn.yemek.com/mncrop/620/388/uploads/2022/03/mozaik-pasta-tarifi-yemekcom.jpg,620,388,True,https://cdn.yemek.com/mncrop/600/315/uploads/2022/03/mozaik-pasta-tarifi-yemekcom.jpg,600,315,True,,,,,,
484,29467,Yasemin Özaltın,https://cdn.yemek.com/author/35533/20181219061403_avatar.jpg,/profil/yasemingursurer/,3-2-1 Ölçüsüyle: Bayatlamayan Kabartma Tozlu Poğaça,Bayatlamayan Kabartma Tozlu Poğaça,/tarif/bayatlamayan-kabartma-tozlu-pogaca/,15 dk,15 dk,"<p>Hem çok kolay, hem çok hızlı, hem de yemesi pek keyifli muhteşem bir <a href=""https://yemek.com/tarif/pogaca/"" target=""_blank"">poğaça</a>...Bayatlamayan kabartma tozlu poğaça tarifi, hazırlandıktan sonra tadına bakıp da beğenmeyenini, ikincisini istemeyenini zor bulursunuz. İçindeki malzemelerin miktarlarından dolayı “3-2-1 poğaça <a href=""https://yemek.com/tarif/"" target=""_blank"">tarif</a>i” diye de bilinen bu güzelliği hala denemeyenler varsa diye zevkle paylaşıyoruz.</p>
<p>3-2-1 poğaça tarifi, malzemeleri ile de ekonomik! İçinde 3 paket kabartma tozu, 2 bardak yoğurt ve 1 yumurta var. Kabartma tozu ne kadar da çokmuş acı olur o diyorsanız, hiç de öyle olmadığını, inanılmaz yumuşak, aşırı lezzetli olduğunu deneyince anlayacaksınız. Üstelik de bayatlamıyor, hoş gerçi bayatlamasını bekleyecek kadar uzun süre yemeden duramayacaksınız o da ayrı.  O zaman siz aşağıda yazan diğer malzemeleri de hazırlayıverin, <a href=""https://yemek.com/tarif/yumusak-pogaca/"" target=""_blank"">yumuşacık poğaça</a>mızı yapalım. Şimdiden afiyetler olsun.</p>
",recipe,"['tuz', 'toz şeker', 'un', 'kabartma tozu', 'yoğurt', 'yumurta sarısı', 'sirke', 'beyaz peynir', 'susam', 'yumurta beyazı', 'sıvı yağ']","['Bir yoğurma kabına; yağ, yoğurt ve yumurta beyazını alıp güzelce karıştırın.', 'Ardından kabartma tozları, tuz, şeker ve sirkeyi de ilave edip, tekrar karıştırın.', 'Unu azar azar ilave ederek yoğurmaya başlayın. Hafifçe ele yapışan bir hamur elde edeceksiniz.', 'Hazırladığınız hamurdan mandalinadan biraz küçük olacak parçalar kopartın. Elinizle yuvarlayın ve avucunuzla bastırıp yassılaştırın.', 'Yassılaştırdığınız hamur parçasının ortasına bir çatalla ezdiğiniz beyaz peynirden biraz koyun.', 'Kenarlarını birleştirip kapatın ve tekrar yuvarladıktan sonra yağlı kağıt serdiğiniz bir fırın tepsisine yerleştirin.', 'Tüm hamuru bu şekilde hazırlayıp tepsiye dizin.', 'Üstlerine bir fırça yardımıyla yumurta sarısı sürün ve susam serpin. Önceden ısıttığınız 200 derece fırında, üstleri kızarana dek yaklaşık 15 dakika pişirin.', 'Tepsiyi fırından aldıktan sonra ılıklaşmasını bekleyin ve ardından servis edin.']",POĞAÇA,239b56,/tarif/pogaca/,"['Hamur İşi', 'Kahvaltılık', 'Poğaça', 'Video']","['kahvaltı', 'çay saati']","['Kahvaltı', 'Çay Saati']",['Fırın'],['Vejetaryen'],False,900,900,2018-01-31T07:11:19Z,4.0,1443090,8543,False,True,False,0,,0,,,,2018/01/bayatlamayan-pofuduk-pogaca-yemekcom.jpg,0,0,https://cdn.yemek.com/mnresize/940/940/uploads/2018/01/bayatlamayan-pofuduk-pogaca-yemekcom.jpg,940,940,False,https://cdn.yemek.com/mncrop/300/200/uploads/2018/01/bayatlamayan-pofuduk-pogaca-yemekcom.jpg,300,200,True,https://cdn.yemek.com/mncrop/940/625/uploads/2018/01/bayatlamayan-pofuduk-pogaca-yemekcom.jpg,940,625,True,https://cdn.yemek.com/mncrop/620/388/uploads/2018/01/bayatlamayan-pofuduk-pogaca-yemekcom.jpg,620,388,True,https://cdn.yemek.com/mncrop/600/315/uploads/2018/01/bayatlamayan-pofuduk-pogaca-yemekcom.jpg,600,315,True,,,,,,
485,129,Yasemin Özaltın,https://cdn.yemek.com/author/35533/20181219061403_avatar.jpg,/profil/yasemingursurer/,Lokanta Usulü: Köri Soslu Tavuk,Köri Soslu Tavuk,/tarif/kori-soslu-tavuk/,20 dk,10 dk,"<p>Baharat sevenleri, her yaptığı <a href=""https://yemek.com/tarif/"" target=""_blank"">yemek tarifinin</a> içine tuz hariç mutlaka en az 2 baharat ekleyenleri, körinin kokusunu da tadını da çok sevenleri böyle alalım. Güneydoğu Asya Mutfağı'nın vazgeçilmez baharatı köri, içerisinde bulunan sumak, zencefil, kimyon, kişniş vb. baharatlarla tam bir şifa kaynağı olma özelliğini taşıyor. Beyaz etlerle harika bir uyum yakalayan köri, en çok <a href=""https://yemek.com/tarif/tavuk/"" target=""_blank"">tavuk etini</a> seviyor. Karşınızda nefis mi nefis: <strong>Köri soslu tavuk tarifi!</strong></p>
<p>Resimli anlatımıyla, en pratik ve yemelere doyum olmaz körili tavuk tarifini veriyor, köri sos nasıl yapılır tek tek anlatıyoruz. Yanına <a href=""https://yemek.com/tarif/patates-puresi/"" target=""_blank"">patates püresi</a>, <a href=""https://yemek.com/tarif/salata/"" target=""_blank"">salata</a> ya da <a href=""https://yemek.com/tarif/pilav/"" target=""_blank"">pilavla</a> servis edebilirsiniz. Lokantalarda sunulan köri soslu tavuklardan çok daha lezzetli oluyor, yiyen herkes tarifini istiyor. Bu lezzeti sık sık pişirmek isteyeceksiniz. Şimdiden ellerinize sağlık diyor, <a href=""https://yemek.com/soslu-tavuk-yemekleri/"" target=""_blank"">soslu tavuk yemekleri</a> arasında en çok sevilen bu kolay yemek tarifimize buyur ediyoruz.</p>
<p>Köri sosun tadını sevdiyseniz belki sonra <a href=""https://yemek.com/tarif/kremali-korili-tavuklu-makarna/"" target=""_blank"">köri soslu makarna tarifine</a> de şans vermek isteyebilirsiniz. Afiyet olsun!</p>
",recipe,"['tereyağı', 'sıcak su', 'tuz', 'un', 'maydanoz', 'karabiber', 'kuşbaşı tavuk göğsü', 'soğuk süt', 'köri', 'sıvı yağ']","['Sıvı yağını bir tavada kızdırın. Kuşbaşı\xa0doğranmış tavuk göğsünü aktarın.', 'Renk alıp, suyunu çekene kadar orta ateşte kavurun.', 'Köri sosu hazırlamak için; ayrı bir tavada tereyağını sos tenceresinde eritin.', 'Unu da üzerine ekleyin ve\xa0 kokusu çıkıp, renk alana kadar karıştırarak kavurun.', 'Kavrulan una soğuk sütü ekleyin ve unun topaklanmaması için bir çırpıcı yardımıyla hızlıca karıştırın.', 'Sıcak su, köri, tuz ve karabiberi katın.', 'Sosu, kısık ateşte koyu bir kıvam alana kadar sürekli karıştırarak 4- 5 dakika pişirin.', 'Hazırladığınız sosu, kavrulan tavuklara ekleyin ve harmanladıktan sonra pişirme işlemini 5 dakika kadar sürdürün.', 'İncecik kıyılmış bir avuç maydanozu, köri soslu tavuğa ilave ettikten sonra bekletmeden sıcak olarak servis edin.', 'Köri soslu tavuk tarifi hazır. Afiyet olsun!']",TAVUK,239b56,/tarif/tavuk/,"['Tavuk', 'Video']","['ekonomik', 'akşam yemeği', 'öğle yemeği']","['Öğle Yemeği', 'Akşam Yemeği']",['Tencere'],"['Ekonomik', 'Bol Proteinli']",False,1200,600,2019-05-14T13:24:40Z,4.0,1396751,11895,False,True,True,0,,0,,,,2014/06/kori-soslu-tavuk-yemekcom.jpg,0,0,https://cdn.yemek.com/mnresize/940/940/uploads/2014/06/kori-soslu-tavuk-yemekcom.jpg,940,940,False,https://cdn.yemek.com/mncrop/300/200/uploads/2014/06/kori-soslu-tavuk-yemekcom.jpg,300,200,True,https://cdn.yemek.com/mncrop/940/625/uploads/2014/06/kori-soslu-tavuk-yemekcom.jpg,940,625,True,https://cdn.yemek.com/mncrop/620/388/uploads/2014/06/kori-soslu-tavuk-yemekcom.jpg,620,388,True,https://cdn.yemek.com/mncrop/600/315/uploads/2014/06/kori-soslu-tavuk-yemekcom.jpg,600,315,True,"['tencere', 'bol proteinli']",,,,,
486,305,Gökçen Mutaf,https://cdn.yemek.com/author/23120/20181227103819_avatar.jpeg,/profil/gokcenmutaf/,Şaşmayan Tarif: Sade Kek,Sade Kek,/tarif/sade-kek/,40 dk,15 dk,"<p>Kocaman kabarmış, lezzetiyle herkesi kendine hayran bırakacak en klasik lezzetlerdendir sade kek tarifi. Süt, yumurta ve şekerin önderliğinde, misler gibi vanilya kokusunun büyüsünde hazırlanan harç fırının sıcacık kollarına teslim edilir. Kabarırken bile kendine hayran bırakan sade kek, çayın yanına hazırlanan en pratik kek olarak çıkar oradan. Karşınızda işte o enfes anların mimarı sade kek tarifi!</p>
<p>Birbirinden nefis <a href=""https://yemek.com/tarif/kek/"" target=""_blank"">kek tarifleri</a> arasında en baştan bize göz kırpan bu lezzet, kabarık ve yumuşak dokusuyla boyut atlıyor bu kez. Çaylarınızın, kahveleriniz hazırsa o yumuşacık sade kek tarifimiz geliyor. Şimdiden ellerinize sağlık.</p>
<p>Not: ""Sade kek de güzel ama kakaolu keki de çok seviyorum"" diyenler için yumuşacık kakaolu kek tarifimiz de hemen <a href=""https://yemek.com/tarif/kakaolu-kek/"" target=""_blank"">şurada</a>.</p>
",recipe,"['yumurta', 'toz şeker', 'süt', 'un', 'kabartma tozu', 'vanilin', 'sıvı yağ']","['Yumurtaları derince bir kaba kırın ve toz şekeri ekledikten sonra bir mikser ile 10 dakika boyunca çırpın.\xa0Krema kıvamına gelen karışıma sıvı yağı ve sütü ekleyip bir spatula ile karıştırın.', 'Üstüne unu, kabartma tozunu ve vanilini de ekledikten sonra tekrar karıştırın ve sıvı yağ ile yağladığınız bir kek kalıbına hazırladığınız karışımı dökün.', 'Önceden ısıtılmış 180 derecelik fırında 40 dakika kadar pişirin.\n\n&nbsp;', 'Kek kürdan testini geçince fırından alın ve tamamen soğuduktan sonra kalıbı ters çevirerek kalıptan çıkarın.', 'Dilimleyerek servis edin.\xa0 Afiyetler olsun!']",TATLI KEK,239b56,/tarif/tatli-kek/,"['Kek', 'Tatlı Kek']",['çay saati'],['Çay Saati'],['Fırın'],['Vejetaryen'],False,2400,900,2022-03-10T07:30:22Z,4.0,1356751,3356,False,False,True,0,,0,,,,2014/07/sade-kek-tarifi-yeni.jpg,0,0,https://cdn.yemek.com/mnresize/940/940/uploads/2014/07/sade-kek-tarifi-yeni.jpg,940,940,False,https://cdn.yemek.com/mncrop/300/200/uploads/2014/07/sade-kek-tarifi-yeni.jpg,300,200,True,https://cdn.yemek.com/mncrop/940/625/uploads/2014/07/sade-kek-tarifi-yeni.jpg,940,625,True,https://cdn.yemek.com/mncrop/620/388/uploads/2014/07/sade-kek-tarifi-yeni.jpg,620,388,True,https://cdn.yemek.com/mncrop/600/315/uploads/2014/07/sade-kek-tarifi-yeni.jpg,600,315,True,['fırın'],,,,,
487,183,Cemre Özgüzel,https://cdn.yemek.com/author/109/20200211010242_avatar.jpg,/profil/cemre-ozguzel/,Pastane Usulü: Un Kurabiyesi,Un Kurabiyesi,/tarif/un-kurabiyesi/,15 dk,25 dk,"<p>Kıyır kıyır dediğimiz <a href=""https://yemek.com/kurabiye-tarifleri/"" target=""_blank"">kurabiye tarifleri</a>nin şahı un kurabiyesidir. Uzun süre bozulmadan dayanabilmesi de bu lezzetli ve pratik kurabiyeyi popüler kılan noktalardan biridir. Kolay un kurabiyesi yapımında pudra şekeri elenerek servis edildiği için tarifinde çok az miktarda şeker kullanılır. Ağza gelmemesi için pudra şekeri tercih edilir. Hem kıvamı hem de dokusuyla, enfes mi enfes <strong>un kurabiyesi tarifi</strong> karşınızda!</p>
<p>""<a href=""https://yemek.com/agizda-dagilan-kurabiye-nasil-yapilir/"" target=""_blank"">Ağızda dağılan un kurabiyesi nasıl yapılır?</a>"" diyenler tarifin detaylarında açıklamalı anlatımını bulacak. Basit ve gerçek un kurabiyesinin tüm malzemeleri, yapılış adımları ve videosu ise hemen aşağıda. Hazırsanız en güzel un kurabiyesini yapmak için çalışmalara başlayalım! ''Un kurabiyesi tarifi nasıl yapılır?'' diyenlerinizi tarifimize alalım. Şimdiden ellerinize sağlık diyor, kolaylığı ve <strong>ağızda dağılan lezzetiyle un kurabiyesi</strong> <a href=""https://yemek.com/tarif/"" target=""_blank"">tarifi</a> karşınızda!</p>
",recipe,"['yumurta', 'un', 'vanilya', 'kabartma tozu', 'pudra şekeri', 'pudra şekeri', 'buğday nişastası', 'oda sıcaklığında tereyağı', 'sıvı yağ']","['Un kurabiyesi için 200 gram oda sıcaklığında bekletilmiş tereyağını derin bir yoğurma kasesine aktarın.', 'Üzerine 1 adet yumurta ve 1 çay bardağı sıvı yağını da ekledikten sonra pürüzsüz bir kıvam olana kadar çırpın.', '1 su bardağı pudra şekeri, 5 yemek kaşığı buğday nişastası, 1 paket kabartma tozu, 1 paket vanilin ve 3 su bardağı unu azar azar ekleyin.', 'Ele yapışmayacak kıvamda bir hamur elde edene kadar yoğurun.', 'Kurabiye hamurundan büyükçe bir parça alın ve tezgahın üzerinde yuvarlayarak 2 parmak kalınlığında rulo şekline getirin.', 'Kenar kısımlarını kesin. Ardından üzerinden çatal yardımıyla geçerek şekil verin.', 'Bıçak yardımıyla 3 parmak genişliğinde parçalar kesin. Fırın tepsisine aktarın.', 'Üzerleri hafif kızarıp renk alana kadar önceden ısıtılmış 170 derece fırında 15 dakika kadar pişirin.', 'Soğuttuktan sonra pudra şekeri eleyin.', 'Ardından un kurabiyelerini servis edin. Afiyetler olsun!']",TATLI KURABİYE,239b56,/tarif/tatli-kurabiyeler/,"['Kurabiye', 'Video', 'Tatlı Kurabiye']",['çay saati'],['Çay Saati'],['Fırın'],,False,900,1500,2022-04-01T07:45:01Z,4.0,1330455,3412,False,True,True,0,,0,,,,2022/04/un-kurabiyesi-onecikan-yeni.jpg,0,0,https://cdn.yemek.com/mnresize/940/940/uploads/2022/04/un-kurabiyesi-onecikan-yeni.jpg,940,940,False,https://cdn.yemek.com/mncrop/300/200/uploads/2022/04/un-kurabiyesi-onecikan-yeni.jpg,300,200,True,https://cdn.yemek.com/mncrop/940/625/uploads/2022/04/un-kurabiyesi-onecikan-yeni.jpg,940,625,True,https://cdn.yemek.com/mncrop/620/388/uploads/2022/04/un-kurabiyesi-onecikan-yeni.jpg,620,388,True,https://cdn.yemek.com/mncrop/600/315/uploads/2022/04/un-kurabiyesi-onecikan-yeni.jpg,600,315,True,['fırın'],,,,,
488,121,Cemre Özgüzel,https://cdn.yemek.com/author/109/20200211010242_avatar.jpg,/profil/cemre-ozguzel/,"Kolay, Pratik, Tam Kıvamında: Kakaolu Kek",Kakaolu Kek,/tarif/kakaolu-kek/,35 dk,10 dk,"<p>Bir parça kakaolu <a href=""https://yemek.com/tarif/kek/"" target=""_blank"">kek</a>; göz doldurur, iştah açar, <a href=""https://yemek.com/tarif/iced-latte/"" target=""_blank"">kahvenin</a> yanında iyi gider, misafir kurtarır, evlat sevindirir, anne özlemini artırır. On diliminde on marifet kakaolu kek, yapması da kolay olduğundan öğrencilerin de yapabilecekleri en nefis ve pratik <a href=""https://yemek.com/tarif/kek/"" target=""_blank"">kek tariflerinden</a> biri.</p>
<p>Kek denince akla gelen ilk <a href=""https://yemek.com/tarif/tatli-kek/"" target=""_blank"">tatlı kek</a> tarif olan <a href=""https://yemek.com/kakaolu-kek-tarifleri/"" target=""_blank"">kakaolu kek tarifi</a>ni en kolay, pratik ve tam kıvamında bir şekilde yapmak mümkün! Bu pratik kakaolu kek yumuşacık ve yaptığınız en güzel kakaolu kek tarifi olacak.</p>
<p>Kakaolu kek <a href=""https://yemek.com/tarif/"" target=""_blank"">tarif</a>imizin videosu hemen aşağıda, afiyet olsun!</p>
",recipe,"['yumurta', 'toz şeker', 'süt', 'un', 'vanilya', 'kabartma tozu', 'kakao', 'maden suyu', 'sıvı yağ']","['Yumurtaları ve toz şekeri derin bir kapta, bir mikser yardımıyla şeker eriyene kadar çırpın.', 'Ardından sıvı yağ, süt ve\xa0 sodayı da üzerine ekleyip çırpmaya devam edin.', 'Kek harcına unu ve kakaoyu azar azar ilave edin. Kabartma tozu ve vanilini de ekledikten sonra spatula yardımıyla, pürüzsüz bir harç elde edene kadar karıştırmaya devam edin.', 'Hazırladığınız kakaolu kek karışımını yağladığınız kek kalıbına dökün.', 'Önceden ısıtılmış 180 derece fırında 30-35 dakika kadar pişirin. İçini çekmesi için beklettiğiniz keki, ılınınca kalıbından çıkartın.', 'Üzerine pudra şekeri serperek servis edin.']",TATLI KEK,239b56,/tarif/tatli-kek/,"['Kek', 'Video', 'Tatlı Kek']","['ekonomik', 'ara öğün']",['Çay Saati'],['Fırın'],['Ekonomik'],False,2100,600,2020-11-19T10:43:04Z,4.0,1321844,5041,False,True,True,0,,0,,,,2019/03/kakaolu-kek-one-cikan-yeni.jpg,0,0,https://cdn.yemek.com/mnresize/940/940/uploads/2019/03/kakaolu-kek-one-cikan-yeni.jpg,940,940,False,https://cdn.yemek.com/mncrop/300/200/uploads/2019/03/kakaolu-kek-one-cikan-yeni.jpg,300,200,True,https://cdn.yemek.com/mncrop/940/625/uploads/2019/03/kakaolu-kek-one-cikan-yeni.jpg,940,625,True,https://cdn.yemek.com/mncrop/620/388/uploads/2019/03/kakaolu-kek-one-cikan-yeni.jpg,620,388,True,https://cdn.yemek.com/mncrop/600/315/uploads/2019/03/kakaolu-kek-one-cikan-yeni.jpg,600,315,True,['fırın'],,,,,
489,302,Yasemin Özaltın,https://cdn.yemek.com/author/35533/20181219061403_avatar.jpg,/profil/yasemingursurer/,"Tüm Püf Noktalarıyla, Kolay: Şekerpare",Şekerpare,/tarif/sekerpare/,25 dk,30 dk,"<p>İrmik ile tatlanıp, kıtır bir kıvam alan tatlılarımızdan o. Evet doğru bildiniz, bayram tatlılarının da başında gelen, <a href=""https://yemek.com/tarif/serbetli-tatlilar/"" target=""_blank"">şerbetli tatlı</a> tariflerinin en sevilenlerinden şekerpare tarifinden bahsediyoruz. Pastanelerde yediğinizde tadı damağınızda kalan <strong>gerçek şekerparelerin sırları</strong>nı aldık, üzeri nefis bir şekilde kızarmış, şerbetini tam kıvamında çekmiş muhteşem bir şekerpare tatlısı hazırladık. Bu keyfe ortak olmak ve 'Şekerpare nasıl yapılır?', ""<strong>Şekerpare şerbeti nasıl yapılır?</strong>"" sorularına cevap bulmak, ""En güzel şekerpare <a href=""https://yemek.com/tarif/tatli/"" target=""_blank"">tatlısı</a> tarifini aradım aradım ama bulamadım"" diyenlerin derdine tam ölçülü ve ev yapımı bir şekerpare tarifiyle çözüm olmak istedik. İşte karşınızda, tüm püf noktalarıyla: Şekerpare <a href=""https://yemek.com/tarif/"" target=""_blank"">tarif</a>i!</p>
<p><a href=""https://yemek.com/tarif/sekerpare-2/"" target=""_blank"">Şekerpare tarifini </a>hazırlamak pek kolay, sonrası tam bir keyif... Üzerine mini mini fındıklar konan tatlılar fırında hafif bir renk alana kadar kızaracak, fırından çıkan sıcak tatlılar önceden hazırlanan soğuk şerbet azar azar eklenecek. Videolu, denenmiş en güzel şekerpare tarifi karşınızda!</p>
<p><a href=""https://yemek.com/ramazan-tatlilari/"" target=""_blank"">Ramazan sofralarında</a>, iftarda olmazsa olmaz tatlılardan biri olan şekerpare tatlısını yaparken işin biraz daha kolayına kaçmak isteyenler <a href=""https://yemek.com/tarif/kolay-sekerpare"" target=""_blank"">kolay şekerpare tarifimize</a>, klasik şekerpare tatlısı tarifi için de videolu tarifimizi davetlisiniz.</p>
",recipe,"['yumurta', 'toz şeker', 'un', 'kabartma tozu', 'su', 'irmik', 'pudra şekeri', 'fındık', 'limonun suyu', 'vanilin', 'Hindistan cevizi', 'margarin veya tuzsuz tereyağı']","['Şekerpare için öncelikle şerbeti hazırlıyoruz. 3 su bardağı suya 2 su bardağı şeker ekleyip karıştırıyoruz ve kaynamaya bırakıyoruz.', 'Kaynayan şerbetin içerisine bir iki damla limon suyu sıktıktan sonra koyu bir şerbet kıvamını alana kadar kısık ateşte bırakıyoruz ve ocaktan aldıktan sonra şerbeti ılımaya bırakıyoruz.', 'Hamurunu hazırlamak için derin bir karıştırma kasesine 1 su bardağı pudra şekeri, 125 gram margarin, 2 yumurta, 2 yemek kaşığı hindistan cevizi, 1 paket vanilin, 1 paket kabartma tozu, 4 yemek kaşığı irmik ve azar azar unu koyup güzelce yoğuruyoruz.', 'Yoğurduğumuz hamuru 15 dakika buzdolabında dinlendirdikten sonra cevizden biraz daha büyük parçalar koparıp elimizle yuvarlak şekil veriyoruz ve pişirme kağıdı serili fırın tepsisin üzerine aralıklı olarak yerleştiriyoruz.', 'Fındıkları şekerparelerin tam ortasına bastırarak yerleştiriyoruz.', 'Şekerpareleri önceden ısıtılmış 180 derece fırında 25 dakika pişiriyoruz.', 'Kurabiyeler sıcak şerbeti de soğukken şerbetini döküyoruz. Şerbeti de döktükten sonra iyice çekmesi için bekliyoruz ve servis ediyoruz. Afiyetler olsun!']",ŞERBETLİ TATLI,239b56,/tarif/serbetli-tatlilar/,"['Hamur İşi', 'Tatlı', 'Şerbetli Tatlı', 'Ramazan', 'Video']",['çay saati'],['Çay Saati'],"['Fırın', 'Tencere']",,False,1500,1800,2022-03-18T13:00:52Z,4.0,1282307,4569,False,True,True,0,,0,,,,2014/07/sekerpare-ytk-site.jpg,0,0,https://cdn.yemek.com/mnresize/940/940/uploads/2014/07/sekerpare-ytk-site.jpg,940,940,False,https://cdn.yemek.com/mncrop/300/200/uploads/2014/07/sekerpare-ytk-site.jpg,300,200,True,https://cdn.yemek.com/mncrop/940/625/uploads/2014/07/sekerpare-ytk-site.jpg,940,625,True,https://cdn.yemek.com/mncrop/620/388/uploads/2014/07/sekerpare-ytk-site.jpg,620,388,True,https://cdn.yemek.com/mncrop/600/315/uploads/2014/07/sekerpare-ytk-site.jpg,600,315,True,['fırın'],,,,,
490,3178,Cemre Özgüzel,https://cdn.yemek.com/author/109/20200211010242_avatar.jpg,/profil/cemre-ozguzel/,Oldu Bile: Üç Malzemeli Kurabiye,Üç Malzemeli Kurabiye,/tarif/uc-malzemeli-kurabiye/,20 dk,15 dk,"<p>Ayçiçek yağı, elenmiş un ve toz krem şanti. Sadece üç malzemeyle hazırlanan <a href=""https://yemek.com/tarif/un-kurabiyesi/"" target=""_blank"">un kurabiyesi</a> gevrekliğinde pratik ve ekonomik bir <a href=""https://yemek.com/tarif/kurabiye/"" target=""_blank"">kurabiye tarifi</a>. Siz çayı demleyene kadar onlar pişmiş hatta dinlenmiş olacak, mutfağı mis gibi kurabiye kokusu saracak. Sonrası tam anlamıyla keyif.</p>
<p>Dilerseniz hazırladığınız hamuru atın buzdolabına 30 dakika dinlendirin elinizle gelişi güzel minik yuvarlaklar yaparak pişirin isterseniz de kaşık yardımıyla tepsiye dizin. Karar sizin.</p>
<p>Kurabiye canavarları da sizi sevecek. Afiyetler olsun.</p>
",recipe,"['ayçiçek yağı', 'un', 'toz krem şanti']","['1 su bardağı ayçiçek yağını derin bir karıştırma kabına alın.', '1 paket toz krem şantiyi ve unun 1 bardaklık kısmını ilave ederek karıştırmaya başlayın.', '2 su bardağı unu da azar azar ilave edin ve yumuşak, ele yapışmayan bir hamur elde edene kadar yoğurun.', 'Kıvam alan hamurunuzdan ceviz büyüklüğünde parçalar alın ve elinizle yuvarlayarak şekil verin. Ardından yağlı kağıt serili bir fırın tepsinin üzerine kurabiyelerinizi aktarın. 175 derecede ısıtılmış fırında rengi hafif değişene kadar 15-20 dakika arası pişirin.', 'Çıkarıp oda sıcaklığında soğuttuktan sonra afiyetle tüketin.']",TATLI KURABİYE,239b56,/tarif/tatli-kurabiyeler/,"['Kurabiye', 'Video', 'Tatlı Kurabiye']",['pratik yemek tarifleri'],['Çay Saati'],['Fırın'],,False,1200,900,2015-08-10T11:18:13Z,4.0,1278903,3887,False,True,False,0,,0,,,,2015/08/uc-malzemeli-kurabiye-yemekcom.jpg,0,0,https://cdn.yemek.com/mnresize/940/940/uploads/2015/08/uc-malzemeli-kurabiye-yemekcom.jpg,940,940,False,https://cdn.yemek.com/mncrop/300/200/uploads/2015/08/uc-malzemeli-kurabiye-yemekcom.jpg,300,200,True,https://cdn.yemek.com/mncrop/940/625/uploads/2015/08/uc-malzemeli-kurabiye-yemekcom.jpg,940,625,True,https://cdn.yemek.com/mncrop/620/388/uploads/2015/08/uc-malzemeli-kurabiye-yemekcom.jpg,620,388,True,https://cdn.yemek.com/mncrop/600/315/uploads/2015/08/uc-malzemeli-kurabiye-yemekcom.jpg,600,315,True,,,,,,
491,2526,Yasemin Özaltın,https://cdn.yemek.com/author/35533/20181219061403_avatar.jpg,/profil/yasemingursurer/,Yumuşacık Etlerin Sırlarıyla: Hünkar Beğendi,Hünkar Beğendi,/tarif/hunkar-begendi/,1 sa,1 sa,"<p>Saray mutfağının önde gelen, hünkarın da midesini fetheden <a href=""https://yemek.com/tarif/"" target=""_blank"">yemek tariflerinden</a> biri hünkar beğendi. Pratik bir yemek tarifi sayılan, aşamaları biraz fazla olsa da lezzetli ana yemeklerden biri o! Tereyağında kavrulmuş un ve soğuk süt ilavesiyle hazırlanan beğendi bir yana dursun kısık ateşte pişen bol soğanlı et karışımı onu diğerlerinden ayırıyor. Karşınıza her haliyle övgüleri toplayacak, <a href=""https://yemek.com/tarif/et/"" target=""_blank"">et yemeklerinin</a> en görkemlisi hünkar beğendi yemeği çıkıyor.</p>
<p>Hünkarımızın bir bildiği olmalı diyerek sizi adım adım resimli ve videolu anlattığımız<strong> hünkar beğendi kebabı</strong> tarifimize alalım. ""<strong>Hünkar beğendinin yanına ne yapılır?</strong>"" diye soranlar için de cevabımız hemen tarifin sonunda. Şimdiden ellerinize sağlık diyor, lezzetine doyum olmaz hünkar beğendi tarifimize buyur ediyoruz. Yaptığım tarif en kusursuz haliyle olsun derseniz de <a href=""https://yemek.com/tarif/kusursuz-hunkar-begendi/"" target=""_blank"">kusursuz hünkar beğendi</a> tarifimize bekleriz. Keyfi ve lezzeti bol bol olsun. Afiyetler olsun!</p>
",recipe,"['tereyağı', 'sıcak su', 'tuz', 'tuz', 'süt', 'un', 'sarımsak', 'zeytinyağı', 'domates salçası', 'taze çekilmiş tane karabiber', 'kaşar peyniri', 'orta boy kuru soğan', 'orta boy domates', 'orta boy patlıcan', 'kuzu but (arzuya göre dana eti)']","['Hünkar beğendi tarifi için 4 adet orta boy patlıcana bıçakla delikler açın ve fırın tepsisine alın. 200 derecede yaklaşık 20 dakika fırınlayın.', 'Fırınlanmış patlıcanları bir kaba alın ve kabuklarının kolay soyulması için üzerini streçleyip, 15 dakika kadar bekledikten sonra kabukları soyun.', 'Bir tavada 3 yemek kaşığı zeytinyağını kızdırın. 2 adet yemeklik doğranmış kuru soğanı da üzerine ilave edip pembeleşinceye kadar kavurun.', '4 diş doğranmış sarımsağı da üzerine ekledikten sonra 600 gram kuşbaşı dana veya kuzu etini ilave edin.', ""Etler suyunu salıp çekene kadar pişmeye bırakın. 1 yemek kaşığı domates salçası, 1'er çay kaşığı tuz ve karabiber, 3 adet soyulmuş, doğranmış domates ekleyin."", '2 su bardağı sıcak su ekleyip etler yumuşayana kadar pişmeye bırakın.', 'Şimdi de beğendiyi hazırlayalım. 1 yemek kaşığı tereyağını bir tavada eritin. 1,5 yemek kaşığı unu üzerine ilave edip kokusu çıkana kadar kavurun.', ""Üzerine fırınladığınız ve kabuklarını soyduğunuz patlıcanları ekleyin. 1,5 su bardağı sütü de üzerine yavaş yavaş ilave edin ve sürekli olarak karıştırın. 1'er çay kaşığı tuz ve karabiberi de ekleyin."", 'Sonra son olarak yarım su bardağı rendelenmiş kaşar peyniri ekleyin ve karıştırıp ocaktan alın.', 'Beğendinin üzerine yumuşacık pişmiş etleri serpiştirin ve servis edin. Hünkar beğendi yemeği hazır, afiyet olsun!']",ET,239b56,/tarif/et/,"['Et', 'Ramazan', 'Video', 'Mevsiminde']","['akşam yemeği', 'öğle yemeği']","['Öğle Yemeği', 'Akşam Yemeği']",['Tencere'],['Ekonomik'],False,3600,3600,2021-03-22T08:32:29Z,4.0,1273470,10647,False,True,True,0,,0,,,,2021/03/hunkar-begendi-son-yemekcom.jpg,0,0,https://cdn.yemek.com/mnresize/940/940/uploads/2021/03/hunkar-begendi-son-yemekcom.jpg,940,940,False,https://cdn.yemek.com/mncrop/300/200/uploads/2021/03/hunkar-begendi-son-yemekcom.jpg,300,200,True,https://cdn.yemek.com/mncrop/940/625/uploads/2021/03/hunkar-begendi-son-yemekcom.jpg,940,625,True,https://cdn.yemek.com/mncrop/620/388/uploads/2021/03/hunkar-begendi-son-yemekcom.jpg,620,388,True,https://cdn.yemek.com/mncrop/600/315/uploads/2021/03/hunkar-begendi-son-yemekcom.jpg,600,315,True,"['tencere', 'bol proteinli', 'bol lifli']",,"['Haziran', 'Temmuz', 'Ağustos']",,,
492,134,Yasemin Özaltın,https://cdn.yemek.com/author/35533/20181219061403_avatar.jpg,/profil/yasemingursurer/,Tüm Püf Noktalarıyla: Mercimek Köftesi,Mercimek Köftesi,/tarif/mercimek-koftesi/,20 dk,30 dk,"<p>Altın günlerinin vazgeçilmez lezzeti, bekarların ve öğrenci evlerinin gözdesi mercimekli köfte pratik olmasının yanı sıra besleyici ve lezzetli bir <a href=""https://yemek.com/tarif/"" target=""_blank"" rel=""noopener"">tarif</a>. <strong>Tam ölçülü, tam kıvamında mercimek köftesi</strong> nasıl yapılır diye merak edenlerden en güzel mercimek köftesi tarifini henüz bulamamış olanlara tüm püf noktalarıyla pratik tariflerin gözdesi mercimek köftesi karşınızda!</p>
<p>Mercimek köftesi sunumunu, mercimek köftesinin yanına ne gider ya da <strong>mercimek köftesi cıvık olursa</strong> ne yapılmalı sorularının cevabını artık başka yerde aramanız gerek yok. Çünkü en güzelini annenin yaptığı mercimek köftesi için mutfağa girerek biraz da biz hünerlerimizi göstereceğiz bugün. Güzel annelerimize selamlar yollayacağız bu tarifle.</p>
<p>Mercimek köftesi videomuzu aşağıya bırakıyoruz, afiyetler olsun şimdiden! <img class=""wp-smiley img-responsive"" src=""https://cdn.yemek.com/assets/images/smiley/smile.png""></p>
<p>Mercimek köftesini sevenler bunları da sevdi: <a href=""https://yemek.com/tarif/kisir"" target=""_blank"" rel=""noopener"">Kısır Tarifi</a></p>
<p>Klasik mercimekli köfte tariflerinden sıkılanlar, çıtır çıtır dokusuyla <a href=""https://yemek.com/tarif/firinda-mercimek-kofte/"" target=""_blank"" rel=""noopener"">fırında mercimekli köfte</a> tarifiyle misafirlerinizi şaşırtıyor.</p>",recipe,"['kırmızı mercimek', 'kuru soğan', 'biber salçası', 'sıcak su', 'tuz', 'pul biber', 'maydanoz', 'zeytinyağı', 'karabiber', 'domates salçası', 'ince bulgur', 'taze soğan', 'kimyon']","['<p>Mercimek köftesi için bol suda yıkadığınız kırmızı mercimeği sıcak suda kaynatın.</p>', '<p>Suyunu çekmeye yakın ince bulguru ekleyin, mercimeği ocaktan alın.</p>', '<p>Üzerine ince bulguru ekleyin.</p>', '<p>Kapağını kapattığınız tencerede ince bulguru şişmesi için mercimekle birlikte 15 dakika kadar bekletin.</p>', '<p>Zeytinyağını bir tavada kızdırın.</p>', '<p>Kuru soğanları küçük küpler halinde doğrayın ve tavaya aktarın.</p>', '<p>Doğradığınız soğanları 5 dakika kadar kavurun.</p>', '<p>Sırasıyla; biber salçası, domates salçası, tuz, pul biber ve kimyonu ekleyin.</p>', '<p>Soğanlı karışımı 3-4 dakika kadar kavurun.</p>', '<p>Şişen bulgurlu ve mercimekli harca salçalı, soğanlı harcı ekleyin.</p>', '<p>Taze soğanları ve maydanozu ince ince kıyın.\xa0 Doğranmış yeşillikleri ilave edin.</p>', '<p>Malzemeleri yoğurmaya başlayın.</p>', '<p>Tüm malzemeyi özleşene kadar yoğurun.</p>', '<p>Hazırladığınız harçtan ceviz büyüklüğünde parçalar alın ve avuç içinizde sıkarak şekil verin.</p>', '<p>Servis tabağına aldığınız mercimek köftelerini arzu ettiğiniz yeşilliklerle servis edin. Sevdiklerinizle paylaşın.</p>']",MEZE,239b56,/tarif/mezeler/,"['Özel Beslenme', 'Vejetaryen', 'Atıştırmalık', 'Meze', 'Vegan', 'Video', 'Tuzlu Atıştırmalık', 'Bakliyat']",,"['Öğle Yemeği', 'Çay Saati']","['Tencere', 'Tava']","['Vejetaryen', 'Bol Proteinli']",False,1200,1800,2022-03-10T11:30:12Z,4.0,1537793,11735,False,True,True,0,,0,,,,2014/06/mercimek-koftesi-yeni-ytk.jpg,0,0,https://cdn.yemek.com/mnresize/940/940/uploads/2014/06/mercimek-koftesi-yeni-ytk.jpg,940,940,False,https://cdn.yemek.com/mncrop/300/200/uploads/2014/06/mercimek-koftesi-yeni-ytk.jpg,300,200,True,https://cdn.yemek.com/mncrop/940/625/uploads/2014/06/mercimek-koftesi-yeni-ytk.jpg,940,625,True,https://cdn.yemek.com/mncrop/620/388/uploads/2014/06/mercimek-koftesi-yeni-ytk.jpg,620,388,True,https://cdn.yemek.com/mncrop/600/315/uploads/2014/06/mercimek-koftesi-yeni-ytk.jpg,600,315,True,,,,,,
493,13732,ipeksare,https://cdn.yemek.com/author/262494/20200820091315_avatar.jpg,/profil/ipeksare/,Bol Malzemeli: Ev Usulü Pizza,Ev Usulü Pizza,/tarif/ev-usulu-pizza/,30 dk,30 dk,"<p>Hafif kabarmış bir hamuru ve bol bol malzemesiyle <a href=""https://yemek.com/tarif/pizza/"" target=""_blank"">pizzaların</a> en güzellerinden biridir ev usulü pizza.</p>
<p>Dışarıda bayılarak yediğimiz pizzaları aslında evinizde de çok kolay bir şekilde yapabilirsiniz. Eğer siz de ""<strong>Evde pizza nasıl yapılır?</strong>"" diyorsanız fırında pişen, bu kolay ve pratik karışık pizza tarifini çok sevecek, her fırsatta yapmak isteyeceksiniz.</p>
<p>Lezzetine doyum olmaz bu pizza tarifinin sırrı hamurunda saklı. Bu şekilde ağzınıza attığınızda yumuşacık dokusuyla sizi çok mutlu edecek, bol bol malzemesiyle de damaklarınızı şenlendirecek bir tarife dönüşüyor. ""<strong>Pizza hamuru nasıl yapılır?</strong>"" diye soranlara da adım adım resimli anlatımıyla tam kıvamında bir <a href=""https://yemek.com/tarif/pizza-hamuru/"" target=""_blank"">pizza hamuru</a> tarifi hazırladık, püf noktalarını da <a href=""https://yemek.com/pizza-hamuru-yapmanin-puf-noktalari/"" target=""_blank"">şurada</a> anlattık. Mutlaka göz atın deriz.</p>
<p>Ev yapımı pizza tarifinin adım adım resimli tarifi karşınızda!</p>
",recipe,"['tuz', 'toz şeker', 'un', 'sarımsak', 'zeytinyağı', 'zeytinyağı', 'fesleğen', 'rendelenmiş kaşar peyniri', 'kekik', 'ılık su', 'konserve mısır', 'kuru maya', 'sucuk', 'domates sos', 'biber', 'zeytin', 'rendelenmiş mozarella peyniri']","['Bir kabın içerisine kuru mayayı dökün ve üzerine ılık su ve şekeri ekleyerek güzelce karıştırın.', 'Daha sonra mayalı karışıma zeytinyağını ve tuzu ekleyip tahta kaşıkla karıştırın.', 'Unu azar azar ekleyin.', 'Hamur kıvama gelince elinizle yoğurmaya başlayın ve ele yapışmayan, yumuşak bir hamur haline gelene kadar yoğurmaya devam edin.', 'Hamur istediğiniz yumuşaklığa ulaşınca, kabın üzerini bir streç film ile kaplayıp en az 30 dakika hamurunuzu dinlendirin.', 'Dinlenen hamurunuzu un serptiğiniz tezgaha alıp, katlayarak havasını çıkarın.\xa0Hamuru toparlayıp, 2 ya da 3 parçaya ayırın. İnce hamurlu ve orta boy pizza yapmak istiyorsanız hamurunuzu 3’e bölün. Daha büyük ve kalın hamurlu 2 pizza yapmak istiyorsanız, ikiye bölebilirsiniz.', 'Kestiğiniz parçayı beze haline getirip un serptiğiniz tezgahın üzerinde merdane yardımıyla açın.', 'Dilediğiniz inceliğe ulaştığınızda pişirme kağıdı serdiğiniz tepsinin üzerine alın. Bir çatal yardımıyla pizza hamurunun üzerinde delikler açın ve önceden ısıtılmış 200 derece fırında 10 dakika pişirin.', 'Pizza sosunu, domates sosuna, fesleğen, kekik, sarımsak ve zeytinyağı ekleyerek hazırlayabilirsiniz.', '10 dakika sonra hafif pişen hamuru fırından çıkarıp, hazırladığınız domates sosundan üzerine sürün.', 'Pizza sosunun üzerine bolca rendelenmiş kaşar ya da mozarella peyniri yerleştirdikten sonra üzerine dileğiniz malzemeleri ekleyin. Malzemeleri yerleştirdikten sonra en üste tekrar rendelenmiş kaşar ekleyin.', 'Tekrar fırına koyun ve 20 dakika daha pişirin. Peynirler güzelce eriyip tüm malzemeler piştiğinde pizzanızı fırından çıkarabilirsiniz.', 'Pizza kesiciyle dilimleyip tüketebilirsiniz.', 'Afiyet olsun!']",PİZZA,239b56,/tarif/pizza/,"['Hamur İşi', 'Pizza']","['akşam yemeği', 'kahvaltı', 'öğle yemeği']","['Öğle Yemeği', 'Akşam Yemeği']",['Fırın'],,False,1800,1800,2022-03-11T10:00:52Z,4.0,1518606,6252,False,True,True,0,,0,,,,2022/03/ev-usulu-pizza-yemekcom.jpg,0,0,https://cdn.yemek.com/mnresize/940/940/uploads/2022/03/ev-usulu-pizza-yemekcom.jpg,940,940,False,https://cdn.yemek.com/mncrop/300/200/uploads/2022/03/ev-usulu-pizza-yemekcom.jpg,300,200,True,https://cdn.yemek.com/mncrop/940/625/uploads/2022/03/ev-usulu-pizza-yemekcom.jpg,940,625,True,https://cdn.yemek.com/mncrop/620/388/uploads/2022/03/ev-usulu-pizza-yemekcom.jpg,620,388,True,https://cdn.yemek.com/mncrop/600/315/uploads/2022/03/ev-usulu-pizza-yemekcom.jpg,600,315,True,['fırın'],,,,,
494,180,Yasemin Özaltın,https://cdn.yemek.com/author/35533/20181219061403_avatar.jpg,/profil/yasemingursurer/,20 Dakikada Buzlukta: Mozaik Pasta,Mozaik Pasta,/tarif/mozaik-pasta/,20 dk,20 dk,"<p>Biz çocukken mutfaktaki hummalı çalışmanın sonucu annelerimizin lezzetli ellerinden tüm ömrümüz boyunca unutamayacağımız kadar lezzetli <a href=""https://yemek.com/tarif/tatli/"" target=""_blank"">tatlılar</a>, <a href=""https://yemek.com/tarif/pasta-tatli/"" target=""_blank"">pastalar</a> çıkardı. Bu pasta hiç şüphesiz mozaik pastanın ta kendisiydi! Bu kolay mozaik pasta, küçük büyük herkesin bayılarak yediği lezzeti her daim garantili olan oldukça kolay ve pratik bir <a href=""https://yemek.com/tarif/"" target=""_blank"">tarif</a>. Hadi gelin bisküvili mozaik pastanın sırlarını bir bir anlatalım size. Anılarımıza doğru tatlı bir yolculuğa çıkaran, <strong>petibör bisküvili</strong> mozaik pasta tarifiyle karşınızdayız!</p>
<p>Bisküvi, tereyağı, toz şeker ve kakaonun bir araya gelip yaptığı en lezzetli pasta tariflerinden biri o. Biz bu kez farklı malzemeler ekleyerek <strong>klasik mozaik pasta</strong> tarifinin tadına da tat kattık. Bu üçgen mozaik pastanın yapımı o kadar kolay, pratik ve bir o kadar lezzetli ki...</p>
<p>Hadi o zaman! Buyursunlar en güzel mozaik pasta tarifine ve yapılış adımlarını gösteren mozaik pasta videomuza. <img src=""https://cdn.yemek.com/assets/images/smiley/smile.png"" class=""wp-smiley img-responsive"" /></p>
",recipe,"['süt', 'kakao', 'pudra şekeri', 'tereyağ', 'Hindistan cevizi', 'petibör bisküvi']","['Tereyağını eritin.', 'Pudra şekerini karıştırma kabına aktarın.\xa0Pudra şekerinin üzerine erittiğiniz tereyağını ve sütü dökün.\xa0Kakaoyu da ilave edin.', 'Malzemeleri çırpın.', 'Üzerine bisküvileri kırın.', 'Bisküvileri de koyduktan sonra tüm malzemeleri spatula yardımıyla nazikçe karıştırın.', 'Servis edeceğiniz kalıbın içini streç film ile kaplayın.', 'Tüm harcı ekleyin ve üzerini kapatın.', 'Buzdolabının dondurucu bölümünde 4 saat bekletin. Hindistan cevizi serpin. Dilimleyerek soğuk olarak servis edin.', 'Afiyet olsun!']",PASTA,239b56,/tarif/pasta-tatli/,"['Tatlı', 'Pasta', 'Video']","['ara öğün', 'çay saati']",['Çay Saati'],['Tencere'],['Ekonomik'],False,1200,1200,2022-03-18T14:40:39Z,4.0,1512620,8912,False,True,True,0,,0,,,,2022/03/mozaik-pasta-tarifi-yemekcom.jpg,0,0,https://cdn.yemek.com/mnresize/940/940/uploads/2022/03/mozaik-pasta-tarifi-yemekcom.jpg,940,940,False,https://cdn.yemek.com/mncrop/300/200/uploads/2022/03/mozaik-pasta-tarifi-yemekcom.jpg,300,200,True,https://cdn.yemek.com/mncrop/940/625/uploads/2022/03/mozaik-pasta-tarifi-yemekcom.jpg,940,625,True,https://cdn.yemek.com/mncrop/620/388/uploads/2022/03/mozaik-pasta-tarifi-yemekcom.jpg,620,388,True,https://cdn.yemek.com/mncrop/600/315/uploads/2022/03/mozaik-pasta-tarifi-yemekcom.jpg,600,315,True,,,,,,
495,29467,Yasemin Özaltın,https://cdn.yemek.com/author/35533/20181219061403_avatar.jpg,/profil/yasemingursurer/,3-2-1 Ölçüsüyle: Bayatlamayan Kabartma Tozlu Poğaça,Bayatlamayan Kabartma Tozlu Poğaça,/tarif/bayatlamayan-kabartma-tozlu-pogaca/,15 dk,15 dk,"<p>Hem çok kolay, hem çok hızlı, hem de yemesi pek keyifli muhteşem bir <a href=""https://yemek.com/tarif/pogaca/"" target=""_blank"">poğaça</a>...Bayatlamayan kabartma tozlu poğaça tarifi, hazırlandıktan sonra tadına bakıp da beğenmeyenini, ikincisini istemeyenini zor bulursunuz. İçindeki malzemelerin miktarlarından dolayı “3-2-1 poğaça <a href=""https://yemek.com/tarif/"" target=""_blank"">tarif</a>i” diye de bilinen bu güzelliği hala denemeyenler varsa diye zevkle paylaşıyoruz.</p>
<p>3-2-1 poğaça tarifi, malzemeleri ile de ekonomik! İçinde 3 paket kabartma tozu, 2 bardak yoğurt ve 1 yumurta var. Kabartma tozu ne kadar da çokmuş acı olur o diyorsanız, hiç de öyle olmadığını, inanılmaz yumuşak, aşırı lezzetli olduğunu deneyince anlayacaksınız. Üstelik de bayatlamıyor, hoş gerçi bayatlamasını bekleyecek kadar uzun süre yemeden duramayacaksınız o da ayrı.  O zaman siz aşağıda yazan diğer malzemeleri de hazırlayıverin, <a href=""https://yemek.com/tarif/yumusak-pogaca/"" target=""_blank"">yumuşacık poğaça</a>mızı yapalım. Şimdiden afiyetler olsun.</p>
",recipe,"['tuz', 'toz şeker', 'un', 'kabartma tozu', 'yoğurt', 'yumurta sarısı', 'sirke', 'beyaz peynir', 'susam', 'yumurta beyazı', 'sıvı yağ']","['Bir yoğurma kabına; yağ, yoğurt ve yumurta beyazını alıp güzelce karıştırın.', 'Ardından kabartma tozları, tuz, şeker ve sirkeyi de ilave edip, tekrar karıştırın.', 'Unu azar azar ilave ederek yoğurmaya başlayın. Hafifçe ele yapışan bir hamur elde edeceksiniz.', 'Hazırladığınız hamurdan mandalinadan biraz küçük olacak parçalar kopartın. Elinizle yuvarlayın ve avucunuzla bastırıp yassılaştırın.', 'Yassılaştırdığınız hamur parçasının ortasına bir çatalla ezdiğiniz beyaz peynirden biraz koyun.', 'Kenarlarını birleştirip kapatın ve tekrar yuvarladıktan sonra yağlı kağıt serdiğiniz bir fırın tepsisine yerleştirin.', 'Tüm hamuru bu şekilde hazırlayıp tepsiye dizin.', 'Üstlerine bir fırça yardımıyla yumurta sarısı sürün ve susam serpin. Önceden ısıttığınız 200 derece fırında, üstleri kızarana dek yaklaşık 15 dakika pişirin.', 'Tepsiyi fırından aldıktan sonra ılıklaşmasını bekleyin ve ardından servis edin.']",POĞAÇA,239b56,/tarif/pogaca/,"['Hamur İşi', 'Kahvaltılık', 'Poğaça', 'Video']","['kahvaltı', 'çay saati']","['Kahvaltı', 'Çay Saati']",['Fırın'],['Vejetaryen'],False,900,900,2018-01-31T07:11:19Z,4.0,1443090,8543,False,True,False,0,,0,,,,2018/01/bayatlamayan-pofuduk-pogaca-yemekcom.jpg,0,0,https://cdn.yemek.com/mnresize/940/940/uploads/2018/01/bayatlamayan-pofuduk-pogaca-yemekcom.jpg,940,940,False,https://cdn.yemek.com/mncrop/300/200/uploads/2018/01/bayatlamayan-pofuduk-pogaca-yemekcom.jpg,300,200,True,https://cdn.yemek.com/mncrop/940/625/uploads/2018/01/bayatlamayan-pofuduk-pogaca-yemekcom.jpg,940,625,True,https://cdn.yemek.com/mncrop/620/388/uploads/2018/01/bayatlamayan-pofuduk-pogaca-yemekcom.jpg,620,388,True,https://cdn.yemek.com/mncrop/600/315/uploads/2018/01/bayatlamayan-pofuduk-pogaca-yemekcom.jpg,600,315,True,,,,,,
496,129,Yasemin Özaltın,https://cdn.yemek.com/author/35533/20181219061403_avatar.jpg,/profil/yasemingursurer/,Lokanta Usulü: Köri Soslu Tavuk,Köri Soslu Tavuk,/tarif/kori-soslu-tavuk/,20 dk,10 dk,"<p>Baharat sevenleri, her yaptığı <a href=""https://yemek.com/tarif/"" target=""_blank"">yemek tarifinin</a> içine tuz hariç mutlaka en az 2 baharat ekleyenleri, körinin kokusunu da tadını da çok sevenleri böyle alalım. Güneydoğu Asya Mutfağı'nın vazgeçilmez baharatı köri, içerisinde bulunan sumak, zencefil, kimyon, kişniş vb. baharatlarla tam bir şifa kaynağı olma özelliğini taşıyor. Beyaz etlerle harika bir uyum yakalayan köri, en çok <a href=""https://yemek.com/tarif/tavuk/"" target=""_blank"">tavuk etini</a> seviyor. Karşınızda nefis mi nefis: <strong>Köri soslu tavuk tarifi!</strong></p>
<p>Resimli anlatımıyla, en pratik ve yemelere doyum olmaz körili tavuk tarifini veriyor, köri sos nasıl yapılır tek tek anlatıyoruz. Yanına <a href=""https://yemek.com/tarif/patates-puresi/"" target=""_blank"">patates püresi</a>, <a href=""https://yemek.com/tarif/salata/"" target=""_blank"">salata</a> ya da <a href=""https://yemek.com/tarif/pilav/"" target=""_blank"">pilavla</a> servis edebilirsiniz. Lokantalarda sunulan köri soslu tavuklardan çok daha lezzetli oluyor, yiyen herkes tarifini istiyor. Bu lezzeti sık sık pişirmek isteyeceksiniz. Şimdiden ellerinize sağlık diyor, <a href=""https://yemek.com/soslu-tavuk-yemekleri/"" target=""_blank"">soslu tavuk yemekleri</a> arasında en çok sevilen bu kolay yemek tarifimize buyur ediyoruz.</p>
<p>Köri sosun tadını sevdiyseniz belki sonra <a href=""https://yemek.com/tarif/kremali-korili-tavuklu-makarna/"" target=""_blank"">köri soslu makarna tarifine</a> de şans vermek isteyebilirsiniz. Afiyet olsun!</p>
",recipe,"['tereyağı', 'sıcak su', 'tuz', 'un', 'maydanoz', 'karabiber', 'kuşbaşı tavuk göğsü', 'soğuk süt', 'köri', 'sıvı yağ']","['Sıvı yağını bir tavada kızdırın. Kuşbaşı\xa0doğranmış tavuk göğsünü aktarın.', 'Renk alıp, suyunu çekene kadar orta ateşte kavurun.', 'Köri sosu hazırlamak için; ayrı bir tavada tereyağını sos tenceresinde eritin.', 'Unu da üzerine ekleyin ve\xa0 kokusu çıkıp, renk alana kadar karıştırarak kavurun.', 'Kavrulan una soğuk sütü ekleyin ve unun topaklanmaması için bir çırpıcı yardımıyla hızlıca karıştırın.', 'Sıcak su, köri, tuz ve karabiberi katın.', 'Sosu, kısık ateşte koyu bir kıvam alana kadar sürekli karıştırarak 4- 5 dakika pişirin.', 'Hazırladığınız sosu, kavrulan tavuklara ekleyin ve harmanladıktan sonra pişirme işlemini 5 dakika kadar sürdürün.', 'İncecik kıyılmış bir avuç maydanozu, köri soslu tavuğa ilave ettikten sonra bekletmeden sıcak olarak servis edin.', 'Köri soslu tavuk tarifi hazır. Afiyet olsun!']",TAVUK,239b56,/tarif/tavuk/,"['Tavuk', 'Video']","['ekonomik', 'akşam yemeği', 'öğle yemeği']","['Öğle Yemeği', 'Akşam Yemeği']",['Tencere'],"['Ekonomik', 'Bol Proteinli']",False,1200,600,2019-05-14T13:24:40Z,4.0,1396751,11895,False,True,True,0,,0,,,,2014/06/kori-soslu-tavuk-yemekcom.jpg,0,0,https://cdn.yemek.com/mnresize/940/940/uploads/2014/06/kori-soslu-tavuk-yemekcom.jpg,940,940,False,https://cdn.yemek.com/mncrop/300/200/uploads/2014/06/kori-soslu-tavuk-yemekcom.jpg,300,200,True,https://cdn.yemek.com/mncrop/940/625/uploads/2014/06/kori-soslu-tavuk-yemekcom.jpg,940,625,True,https://cdn.yemek.com/mncrop/620/388/uploads/2014/06/kori-soslu-tavuk-yemekcom.jpg,620,388,True,https://cdn.yemek.com/mncrop/600/315/uploads/2014/06/kori-soslu-tavuk-yemekcom.jpg,600,315,True,"['tencere', 'bol proteinli']",,,,,
497,305,Gökçen Mutaf,https://cdn.yemek.com/author/23120/20181227103819_avatar.jpeg,/profil/gokcenmutaf/,Şaşmayan Tarif: Sade Kek,Sade Kek,/tarif/sade-kek/,40 dk,15 dk,"<p>Kocaman kabarmış, lezzetiyle herkesi kendine hayran bırakacak en klasik lezzetlerdendir sade kek tarifi. Süt, yumurta ve şekerin önderliğinde, misler gibi vanilya kokusunun büyüsünde hazırlanan harç fırının sıcacık kollarına teslim edilir. Kabarırken bile kendine hayran bırakan sade kek, çayın yanına hazırlanan en pratik kek olarak çıkar oradan. Karşınızda işte o enfes anların mimarı sade kek tarifi!</p>
<p>Birbirinden nefis <a href=""https://yemek.com/tarif/kek/"" target=""_blank"">kek tarifleri</a> arasında en baştan bize göz kırpan bu lezzet, kabarık ve yumuşak dokusuyla boyut atlıyor bu kez. Çaylarınızın, kahveleriniz hazırsa o yumuşacık sade kek tarifimiz geliyor. Şimdiden ellerinize sağlık.</p>
<p>Not: ""Sade kek de güzel ama kakaolu keki de çok seviyorum"" diyenler için yumuşacık kakaolu kek tarifimiz de hemen <a href=""https://yemek.com/tarif/kakaolu-kek/"" target=""_blank"">şurada</a>.</p>
",recipe,"['yumurta', 'toz şeker', 'süt', 'un', 'kabartma tozu', 'vanilin', 'sıvı yağ']","['Yumurtaları derince bir kaba kırın ve toz şekeri ekledikten sonra bir mikser ile 10 dakika boyunca çırpın.\xa0Krema kıvamına gelen karışıma sıvı yağı ve sütü ekleyip bir spatula ile karıştırın.', 'Üstüne unu, kabartma tozunu ve vanilini de ekledikten sonra tekrar karıştırın ve sıvı yağ ile yağladığınız bir kek kalıbına hazırladığınız karışımı dökün.', 'Önceden ısıtılmış 180 derecelik fırında 40 dakika kadar pişirin.\n\n&nbsp;', 'Kek kürdan testini geçince fırından alın ve tamamen soğuduktan sonra kalıbı ters çevirerek kalıptan çıkarın.', 'Dilimleyerek servis edin.\xa0 Afiyetler olsun!']",TATLI KEK,239b56,/tarif/tatli-kek/,"['Kek', 'Tatlı Kek']",['çay saati'],['Çay Saati'],['Fırın'],['Vejetaryen'],False,2400,900,2022-03-10T07:30:22Z,4.0,1356751,3356,False,False,True,0,,0,,,,2014/07/sade-kek-tarifi-yeni.jpg,0,0,https://cdn.yemek.com/mnresize/940/940/uploads/2014/07/sade-kek-tarifi-yeni.jpg,940,940,False,https://cdn.yemek.com/mncrop/300/200/uploads/2014/07/sade-kek-tarifi-yeni.jpg,300,200,True,https://cdn.yemek.com/mncrop/940/625/uploads/2014/07/sade-kek-tarifi-yeni.jpg,940,625,True,https://cdn.yemek.com/mncrop/620/388/uploads/2014/07/sade-kek-tarifi-yeni.jpg,620,388,True,https://cdn.yemek.com/mncrop/600/315/uploads/2014/07/sade-kek-tarifi-yeni.jpg,600,315,True,['fırın'],,,,,
498,183,Cemre Özgüzel,https://cdn.yemek.com/author/109/20200211010242_avatar.jpg,/profil/cemre-ozguzel/,Pastane Usulü: Un Kurabiyesi,Un Kurabiyesi,/tarif/un-kurabiyesi/,15 dk,25 dk,"<p>Kıyır kıyır dediğimiz <a href=""https://yemek.com/kurabiye-tarifleri/"" target=""_blank"">kurabiye tarifleri</a>nin şahı un kurabiyesidir. Uzun süre bozulmadan dayanabilmesi de bu lezzetli ve pratik kurabiyeyi popüler kılan noktalardan biridir. Kolay un kurabiyesi yapımında pudra şekeri elenerek servis edildiği için tarifinde çok az miktarda şeker kullanılır. Ağza gelmemesi için pudra şekeri tercih edilir. Hem kıvamı hem de dokusuyla, enfes mi enfes <strong>un kurabiyesi tarifi</strong> karşınızda!</p>
<p>""<a href=""https://yemek.com/agizda-dagilan-kurabiye-nasil-yapilir/"" target=""_blank"">Ağızda dağılan un kurabiyesi nasıl yapılır?</a>"" diyenler tarifin detaylarında açıklamalı anlatımını bulacak. Basit ve gerçek un kurabiyesinin tüm malzemeleri, yapılış adımları ve videosu ise hemen aşağıda. Hazırsanız en güzel un kurabiyesini yapmak için çalışmalara başlayalım! ''Un kurabiyesi tarifi nasıl yapılır?'' diyenlerinizi tarifimize alalım. Şimdiden ellerinize sağlık diyor, kolaylığı ve <strong>ağızda dağılan lezzetiyle un kurabiyesi</strong> <a href=""https://yemek.com/tarif/"" target=""_blank"">tarifi</a> karşınızda!</p>
",recipe,"['yumurta', 'un', 'vanilya', 'kabartma tozu', 'pudra şekeri', 'pudra şekeri', 'buğday nişastası', 'oda sıcaklığında tereyağı', 'sıvı yağ']","['Un kurabiyesi için 200 gram oda sıcaklığında bekletilmiş tereyağını derin bir yoğurma kasesine aktarın.', 'Üzerine 1 adet yumurta ve 1 çay bardağı sıvı yağını da ekledikten sonra pürüzsüz bir kıvam olana kadar çırpın.', '1 su bardağı pudra şekeri, 5 yemek kaşığı buğday nişastası, 1 paket kabartma tozu, 1 paket vanilin ve 3 su bardağı unu azar azar ekleyin.', 'Ele yapışmayacak kıvamda bir hamur elde edene kadar yoğurun.', 'Kurabiye hamurundan büyükçe bir parça alın ve tezgahın üzerinde yuvarlayarak 2 parmak kalınlığında rulo şekline getirin.', 'Kenar kısımlarını kesin. Ardından üzerinden çatal yardımıyla geçerek şekil verin.', 'Bıçak yardımıyla 3 parmak genişliğinde parçalar kesin. Fırın tepsisine aktarın.', 'Üzerleri hafif kızarıp renk alana kadar önceden ısıtılmış 170 derece fırında 15 dakika kadar pişirin.', 'Soğuttuktan sonra pudra şekeri eleyin.', 'Ardından un kurabiyelerini servis edin. Afiyetler olsun!']",TATLI KURABİYE,239b56,/tarif/tatli-kurabiyeler/,"['Kurabiye', 'Video', 'Tatlı Kurabiye']",['çay saati'],['Çay Saati'],['Fırın'],,False,900,1500,2022-04-01T07:45:01Z,4.0,1330455,3412,False,True,True,0,,0,,,,2022/04/un-kurabiyesi-onecikan-yeni.jpg,0,0,https://cdn.yemek.com/mnresize/940/940/uploads/2022/04/un-kurabiyesi-onecikan-yeni.jpg,940,940,False,https://cdn.yemek.com/mncrop/300/200/uploads/2022/04/un-kurabiyesi-onecikan-yeni.jpg,300,200,True,https://cdn.yemek.com/mncrop/940/625/uploads/2022/04/un-kurabiyesi-onecikan-yeni.jpg,940,625,True,https://cdn.yemek.com/mncrop/620/388/uploads/2022/04/un-kurabiyesi-onecikan-yeni.jpg,620,388,True,https://cdn.yemek.com/mncrop/600/315/uploads/2022/04/un-kurabiyesi-onecikan-yeni.jpg,600,315,True,['fırın'],,,,,
499,121,Cemre Özgüzel,https://cdn.yemek.com/author/109/20200211010242_avatar.jpg,/profil/cemre-ozguzel/,"Kolay, Pratik, Tam Kıvamında: Kakaolu Kek",Kakaolu Kek,/tarif/kakaolu-kek/,35 dk,10 dk,"<p>Bir parça kakaolu <a href=""https://yemek.com/tarif/kek/"" target=""_blank"">kek</a>; göz doldurur, iştah açar, <a href=""https://yemek.com/tarif/iced-latte/"" target=""_blank"">kahvenin</a> yanında iyi gider, misafir kurtarır, evlat sevindirir, anne özlemini artırır. On diliminde on marifet kakaolu kek, yapması da kolay olduğundan öğrencilerin de yapabilecekleri en nefis ve pratik <a href=""https://yemek.com/tarif/kek/"" target=""_blank"">kek tariflerinden</a> biri.</p>
<p>Kek denince akla gelen ilk <a href=""https://yemek.com/tarif/tatli-kek/"" target=""_blank"">tatlı kek</a> tarif olan <a href=""https://yemek.com/kakaolu-kek-tarifleri/"" target=""_blank"">kakaolu kek tarifi</a>ni en kolay, pratik ve tam kıvamında bir şekilde yapmak mümkün! Bu pratik kakaolu kek yumuşacık ve yaptığınız en güzel kakaolu kek tarifi olacak.</p>
<p>Kakaolu kek <a href=""https://yemek.com/tarif/"" target=""_blank"">tarif</a>imizin videosu hemen aşağıda, afiyet olsun!</p>
",recipe,"['yumurta', 'toz şeker', 'süt', 'un', 'vanilya', 'kabartma tozu', 'kakao', 'maden suyu', 'sıvı yağ']","['Yumurtaları ve toz şekeri derin bir kapta, bir mikser yardımıyla şeker eriyene kadar çırpın.', 'Ardından sıvı yağ, süt ve\xa0 sodayı da üzerine ekleyip çırpmaya devam edin.', 'Kek harcına unu ve kakaoyu azar azar ilave edin. Kabartma tozu ve vanilini de ekledikten sonra spatula yardımıyla, pürüzsüz bir harç elde edene kadar karıştırmaya devam edin.', 'Hazırladığınız kakaolu kek karışımını yağladığınız kek kalıbına dökün.', 'Önceden ısıtılmış 180 derece fırında 30-35 dakika kadar pişirin. İçini çekmesi için beklettiğiniz keki, ılınınca kalıbından çıkartın.', 'Üzerine pudra şekeri serperek servis edin.']",TATLI KEK,239b56,/tarif/tatli-kek/,"['Kek', 'Video', 'Tatlı Kek']","['ekonomik', 'ara öğün']",['Çay Saati'],['Fırın'],['Ekonomik'],False,2100,600,2020-11-19T10:43:04Z,4.0,1321844,5041,False,True,True,0,,0,,,,2019/03/kakaolu-kek-one-cikan-yeni.jpg,0,0,https://cdn.yemek.com/mnresize/940/940/uploads/2019/03/kakaolu-kek-one-cikan-yeni.jpg,940,940,False,https://cdn.yemek.com/mncrop/300/200/uploads/2019/03/kakaolu-kek-one-cikan-yeni.jpg,300,200,True,https://cdn.yemek.com/mncrop/940/625/uploads/2019/03/kakaolu-kek-one-cikan-yeni.jpg,940,625,True,https://cdn.yemek.com/mncrop/620/388/uploads/2019/03/kakaolu-kek-one-cikan-yeni.jpg,620,388,True,https://cdn.yemek.com/mncrop/600/315/uploads/2019/03/kakaolu-kek-one-cikan-yeni.jpg,600,315,True,['fırın'],,,,,
500,302,Yasemin Özaltın,https://cdn.yemek.com/author/35533/20181219061403_avatar.jpg,/profil/yasemingursurer/,"Tüm Püf Noktalarıyla, Kolay: Şekerpare",Şekerpare,/tarif/sekerpare/,25 dk,30 dk,"<p>İrmik ile tatlanıp, kıtır bir kıvam alan tatlılarımızdan o. Evet doğru bildiniz, bayram tatlılarının da başında gelen, <a href=""https://yemek.com/tarif/serbetli-tatlilar/"" target=""_blank"">şerbetli tatlı</a> tariflerinin en sevilenlerinden şekerpare tarifinden bahsediyoruz. Pastanelerde yediğinizde tadı damağınızda kalan <strong>gerçek şekerparelerin sırları</strong>nı aldık, üzeri nefis bir şekilde kızarmış, şerbetini tam kıvamında çekmiş muhteşem bir şekerpare tatlısı hazırladık. Bu keyfe ortak olmak ve 'Şekerpare nasıl yapılır?', ""<strong>Şekerpare şerbeti nasıl yapılır?</strong>"" sorularına cevap bulmak, ""En güzel şekerpare <a href=""https://yemek.com/tarif/tatli/"" target=""_blank"">tatlısı</a> tarifini aradım aradım ama bulamadım"" diyenlerin derdine tam ölçülü ve ev yapımı bir şekerpare tarifiyle çözüm olmak istedik. İşte karşınızda, tüm püf noktalarıyla: Şekerpare <a href=""https://yemek.com/tarif/"" target=""_blank"">tarif</a>i!</p>
<p><a href=""https://yemek.com/tarif/sekerpare-2/"" target=""_blank"">Şekerpare tarifini </a>hazırlamak pek kolay, sonrası tam bir keyif... Üzerine mini mini fındıklar konan tatlılar fırında hafif bir renk alana kadar kızaracak, fırından çıkan sıcak tatlılar önceden hazırlanan soğuk şerbet azar azar eklenecek. Videolu, denenmiş en güzel şekerpare tarifi karşınızda!</p>
<p><a href=""https://yemek.com/ramazan-tatlilari/"" target=""_blank"">Ramazan sofralarında</a>, iftarda olmazsa olmaz tatlılardan biri olan şekerpare tatlısını yaparken işin biraz daha kolayına kaçmak isteyenler <a href=""https://yemek.com/tarif/kolay-sekerpare"" target=""_blank"">kolay şekerpare tarifimize</a>, klasik şekerpare tatlısı tarifi için de videolu tarifimizi davetlisiniz.</p>
",recipe,"['yumurta', 'toz şeker', 'un', 'kabartma tozu', 'su', 'irmik', 'pudra şekeri', 'fındık', 'limonun suyu', 'vanilin', 'Hindistan cevizi', 'margarin veya tuzsuz tereyağı']","['Şekerpare için öncelikle şerbeti hazırlıyoruz. 3 su bardağı suya 2 su bardağı şeker ekleyip karıştırıyoruz ve kaynamaya bırakıyoruz.', 'Kaynayan şerbetin içerisine bir iki damla limon suyu sıktıktan sonra koyu bir şerbet kıvamını alana kadar kısık ateşte bırakıyoruz ve ocaktan aldıktan sonra şerbeti ılımaya bırakıyoruz.', 'Hamurunu hazırlamak için derin bir karıştırma kasesine 1 su bardağı pudra şekeri, 125 gram margarin, 2 yumurta, 2 yemek kaşığı hindistan cevizi, 1 paket vanilin, 1 paket kabartma tozu, 4 yemek kaşığı irmik ve azar azar unu koyup güzelce yoğuruyoruz.', 'Yoğurduğumuz hamuru 15 dakika buzdolabında dinlendirdikten sonra cevizden biraz daha büyük parçalar koparıp elimizle yuvarlak şekil veriyoruz ve pişirme kağıdı serili fırın tepsisin üzerine aralıklı olarak yerleştiriyoruz.', 'Fındıkları şekerparelerin tam ortasına bastırarak yerleştiriyoruz.', 'Şekerpareleri önceden ısıtılmış 180 derece fırında 25 dakika pişiriyoruz.', 'Kurabiyeler sıcak şerbeti de soğukken şerbetini döküyoruz. Şerbeti de döktükten sonra iyice çekmesi için bekliyoruz ve servis ediyoruz. Afiyetler olsun!']",ŞERBETLİ TATLI,239b56,/tarif/serbetli-tatlilar/,"['Hamur İşi', 'Tatlı', 'Şerbetli Tatlı', 'Ramazan', 'Video']",['çay saati'],['Çay Saati'],"['Fırın', 'Tencere']",,False,1500,1800,2022-03-18T13:00:52Z,4.0,1282307,4569,False,True,True,0,,0,,,,2014/07/sekerpare-ytk-site.jpg,0,0,https://cdn.yemek.com/mnresize/940/940/uploads/2014/07/sekerpare-ytk-site.jpg,940,940,False,https://cdn.yemek.com/mncrop/300/200/uploads/2014/07/sekerpare-ytk-site.jpg,300,200,True,https://cdn.yemek.com/mncrop/940/625/uploads/2014/07/sekerpare-ytk-site.jpg,940,625,True,https://cdn.yemek.com/mncrop/620/388/uploads/2014/07/sekerpare-ytk-site.jpg,620,388,True,https://cdn.yemek.com/mncrop/600/315/uploads/2014/07/sekerpare-ytk-site.jpg,600,315,True,['fırın'],,,,,
501,3178,Cemre Özgüzel,https://cdn.yemek.com/author/109/20200211010242_avatar.jpg,/profil/cemre-ozguzel/,Oldu Bile: Üç Malzemeli Kurabiye,Üç Malzemeli Kurabiye,/tarif/uc-malzemeli-kurabiye/,20 dk,15 dk,"<p>Ayçiçek yağı, elenmiş un ve toz krem şanti. Sadece üç malzemeyle hazırlanan <a href=""https://yemek.com/tarif/un-kurabiyesi/"" target=""_blank"">un kurabiyesi</a> gevrekliğinde pratik ve ekonomik bir <a href=""https://yemek.com/tarif/kurabiye/"" target=""_blank"">kurabiye tarifi</a>. Siz çayı demleyene kadar onlar pişmiş hatta dinlenmiş olacak, mutfağı mis gibi kurabiye kokusu saracak. Sonrası tam anlamıyla keyif.</p>
<p>Dilerseniz hazırladığınız hamuru atın buzdolabına 30 dakika dinlendirin elinizle gelişi güzel minik yuvarlaklar yaparak pişirin isterseniz de kaşık yardımıyla tepsiye dizin. Karar sizin.</p>
<p>Kurabiye canavarları da sizi sevecek. Afiyetler olsun.</p>
",recipe,"['ayçiçek yağı', 'un', 'toz krem şanti']","['1 su bardağı ayçiçek yağını derin bir karıştırma kabına alın.', '1 paket toz krem şantiyi ve unun 1 bardaklık kısmını ilave ederek karıştırmaya başlayın.', '2 su bardağı unu da azar azar ilave edin ve yumuşak, ele yapışmayan bir hamur elde edene kadar yoğurun.', 'Kıvam alan hamurunuzdan ceviz büyüklüğünde parçalar alın ve elinizle yuvarlayarak şekil verin. Ardından yağlı kağıt serili bir fırın tepsinin üzerine kurabiyelerinizi aktarın. 175 derecede ısıtılmış fırında rengi hafif değişene kadar 15-20 dakika arası pişirin.', 'Çıkarıp oda sıcaklığında soğuttuktan sonra afiyetle tüketin.']",TATLI KURABİYE,239b56,/tarif/tatli-kurabiyeler/,"['Kurabiye', 'Video', 'Tatlı Kurabiye']",['pratik yemek tarifleri'],['Çay Saati'],['Fırın'],,False,1200,900,2015-08-10T11:18:13Z,4.0,1278903,3887,False,True,False,0,,0,,,,2015/08/uc-malzemeli-kurabiye-yemekcom.jpg,0,0,https://cdn.yemek.com/mnresize/940/940/uploads/2015/08/uc-malzemeli-kurabiye-yemekcom.jpg,940,940,False,https://cdn.yemek.com/mncrop/300/200/uploads/2015/08/uc-malzemeli-kurabiye-yemekcom.jpg,300,200,True,https://cdn.yemek.com/mncrop/940/625/uploads/2015/08/uc-malzemeli-kurabiye-yemekcom.jpg,940,625,True,https://cdn.yemek.com/mncrop/620/388/uploads/2015/08/uc-malzemeli-kurabiye-yemekcom.jpg,620,388,True,https://cdn.yemek.com/mncrop/600/315/uploads/2015/08/uc-malzemeli-kurabiye-yemekcom.jpg,600,315,True,,,,,,
502,2526,Yasemin Özaltın,https://cdn.yemek.com/author/35533/20181219061403_avatar.jpg,/profil/yasemingursurer/,Yumuşacık Etlerin Sırlarıyla: Hünkar Beğendi,Hünkar Beğendi,/tarif/hunkar-begendi/,1 sa,1 sa,"<p>Saray mutfağının önde gelen, hünkarın da midesini fetheden <a href=""https://yemek.com/tarif/"" target=""_blank"">yemek tariflerinden</a> biri hünkar beğendi. Pratik bir yemek tarifi sayılan, aşamaları biraz fazla olsa da lezzetli ana yemeklerden biri o! Tereyağında kavrulmuş un ve soğuk süt ilavesiyle hazırlanan beğendi bir yana dursun kısık ateşte pişen bol soğanlı et karışımı onu diğerlerinden ayırıyor. Karşınıza her haliyle övgüleri toplayacak, <a href=""https://yemek.com/tarif/et/"" target=""_blank"">et yemeklerinin</a> en görkemlisi hünkar beğendi yemeği çıkıyor.</p>
<p>Hünkarımızın bir bildiği olmalı diyerek sizi adım adım resimli ve videolu anlattığımız<strong> hünkar beğendi kebabı</strong> tarifimize alalım. ""<strong>Hünkar beğendinin yanına ne yapılır?</strong>"" diye soranlar için de cevabımız hemen tarifin sonunda. Şimdiden ellerinize sağlık diyor, lezzetine doyum olmaz hünkar beğendi tarifimize buyur ediyoruz. Yaptığım tarif en kusursuz haliyle olsun derseniz de <a href=""https://yemek.com/tarif/kusursuz-hunkar-begendi/"" target=""_blank"">kusursuz hünkar beğendi</a> tarifimize bekleriz. Keyfi ve lezzeti bol bol olsun. Afiyetler olsun!</p>
",recipe,"['tereyağı', 'sıcak su', 'tuz', 'tuz', 'süt', 'un', 'sarımsak', 'zeytinyağı', 'domates salçası', 'taze çekilmiş tane karabiber', 'kaşar peyniri', 'orta boy kuru soğan', 'orta boy domates', 'orta boy patlıcan', 'kuzu but (arzuya göre dana eti)']","['Hünkar beğendi tarifi için 4 adet orta boy patlıcana bıçakla delikler açın ve fırın tepsisine alın. 200 derecede yaklaşık 20 dakika fırınlayın.', 'Fırınlanmış patlıcanları bir kaba alın ve kabuklarının kolay soyulması için üzerini streçleyip, 15 dakika kadar bekledikten sonra kabukları soyun.', 'Bir tavada 3 yemek kaşığı zeytinyağını kızdırın. 2 adet yemeklik doğranmış kuru soğanı da üzerine ilave edip pembeleşinceye kadar kavurun.', '4 diş doğranmış sarımsağı da üzerine ekledikten sonra 600 gram kuşbaşı dana veya kuzu etini ilave edin.', ""Etler suyunu salıp çekene kadar pişmeye bırakın. 1 yemek kaşığı domates salçası, 1'er çay kaşığı tuz ve karabiber, 3 adet soyulmuş, doğranmış domates ekleyin."", '2 su bardağı sıcak su ekleyip etler yumuşayana kadar pişmeye bırakın.', 'Şimdi de beğendiyi hazırlayalım. 1 yemek kaşığı tereyağını bir tavada eritin. 1,5 yemek kaşığı unu üzerine ilave edip kokusu çıkana kadar kavurun.', ""Üzerine fırınladığınız ve kabuklarını soyduğunuz patlıcanları ekleyin. 1,5 su bardağı sütü de üzerine yavaş yavaş ilave edin ve sürekli olarak karıştırın. 1'er çay kaşığı tuz ve karabiberi de ekleyin."", 'Sonra son olarak yarım su bardağı rendelenmiş kaşar peyniri ekleyin ve karıştırıp ocaktan alın.', 'Beğendinin üzerine yumuşacık pişmiş etleri serpiştirin ve servis edin. Hünkar beğendi yemeği hazır, afiyet olsun!']",ET,239b56,/tarif/et/,"['Et', 'Ramazan', 'Video', 'Mevsiminde']","['akşam yemeği', 'öğle yemeği']","['Öğle Yemeği', 'Akşam Yemeği']",['Tencere'],['Ekonomik'],False,3600,3600,2021-03-22T08:32:29Z,4.0,1273470,10647,False,True,True,0,,0,,,,2021/03/hunkar-begendi-son-yemekcom.jpg,0,0,https://cdn.yemek.com/mnresize/940/940/uploads/2021/03/hunkar-begendi-son-yemekcom.jpg,940,940,False,https://cdn.yemek.com/mncrop/300/200/uploads/2021/03/hunkar-begendi-son-yemekcom.jpg,300,200,True,https://cdn.yemek.com/mncrop/940/625/uploads/2021/03/hunkar-begendi-son-yemekcom.jpg,940,625,True,https://cdn.yemek.com/mncrop/620/388/uploads/2021/03/hunkar-begendi-son-yemekcom.jpg,620,388,True,https://cdn.yemek.com/mncrop/600/315/uploads/2021/03/hunkar-begendi-son-yemekcom.jpg,600,315,True,"['tencere', 'bol proteinli', 'bol lifli']",,"['Haziran', 'Temmuz', 'Ağustos']",,,
503,410,Yasemin Özaltın,https://cdn.yemek.com/author/35533/20181219061403_avatar.jpg,/profil/yasemingursurer/,Yağdan Hafif: Fırında Baharatlı Patates,Fırında Baharatlı Patates,/tarif/baharatli-firin-patates/,30 dk,10 dk,"<p>Var mı patates sevmeyen? <a href=""https://yemek.com/tarif/kofte/"" target=""_blank"">Köfte</a>nin yanında patates kızartması yemeyi düşlemeyen, önceden kızarttığı patatesleri yumurtayla harmanlayıp yumurtalı patates haline getirmeyen? Yok yazın da bozuşmayalım şimdi. <a href=""https://yemek.com/tarif/kizartma/"" target=""_blank"">Kızartma</a>sı güzel olsa da bu meredin sağlıktan ödün vermeden de kızarmış patates yemek mümkün. Nasıl mı? Patatesleri fırında kızartarak elbette.</p>
<p><strong>Fırında patates kızartması tarifi</strong>nde o çok sevdiğimiz baharatları ekleyip eser miktarda <a href=""https://yemek.com/sozluk/zeytinyagi/"" target=""_blank"">zeytinyağı</a> ile harmanladığımız patates dilimlerini fırına alıyoruz. Onlar çıtır çıtır kızardıkça size de bu <a href=""https://yemek.com/tarif/atistirmaliklar/"" target=""_blank"">atıştırmalığın</a> keyfini uzun uzadıya çıkarmak kalıyor.</p>
",recipe,"['tuz', 'zeytinyağı', 'karabiber', 'biberiye', 'kekik', 'rendelenmiş sarımsak', 'büyük boy patates', 'toz kırmızı biber']","['Bir kasede zeytinyağı, tuz, toz kırmızı biber, sarımsak, kekik, taze biberiye ve karabiberi alın.', 'Tüm malzemeleri güzelce çırparak karıştırın.', 'Patatesleri elma dilim şeklinde kesin.', 'Tabanını yağlı kağıt ile kapladığınız fırın tepsisine patatesleri yayın. Hazırladığınız sosu patateslerin üzerine gezdirin ve her yerine gelecek şekilde karıştırın.', 'Önceden ısıtılmış 200 derece fırında 25- 30 dakika kızarana kadar fırından yükselen mis gibi kokuyu içinize çeke çeke bekleyin. Piştikten sonra afiyetle tüketin.']",TUZLU ATIŞTIRMALIK,239b56,/tarif/tuzlu-atistirmalik/,"['Sebze', 'Atıştırmalık', 'Video', 'Tuzlu Atıştırmalık', 'Mevsiminde']","['pratik yemek tarifleri', 'ekonomik', 'başlangıç', 'diyet']","['Öğle Yemeği', 'Akşam Yemeği']",['Fırın'],,False,1800,600,2014-08-04T13:30:26Z,4.0,1246823,7207,False,True,True,0,,0,,,,2014/08/baharatli-patates-yemekcom.jpg,0,0,https://cdn.yemek.com/mnresize/940/940/uploads/2014/08/baharatli-patates-yemekcom.jpg,940,940,False,https://cdn.yemek.com/mncrop/300/200/uploads/2014/08/baharatli-patates-yemekcom.jpg,300,200,True,https://cdn.yemek.com/mncrop/940/625/uploads/2014/08/baharatli-patates-yemekcom.jpg,940,625,True,https://cdn.yemek.com/mncrop/620/388/uploads/2014/08/baharatli-patates-yemekcom.jpg,620,388,True,https://cdn.yemek.com/mncrop/600/315/uploads/2014/08/baharatli-patates-yemekcom.jpg,600,315,True,"['vejetaryen', 'fırın', 'düşük karbonhidratlı']",,"['Haziran', 'Temmuz', 'Ağustos', 'Eylül']",,,
504,13732,ipeksare,https://cdn.yemek.com/author/262494/20200820091315_avatar.jpg,/profil/ipeksare/,Bol Malzemeli: Ev Usulü Pizza,Ev Usulü Pizza,/tarif/ev-usulu-pizza/,30 dk,30 dk,"<p>Hafif kabarmış bir hamuru ve bol bol malzemesiyle <a href=""https://yemek.com/tarif/pizza/"" target=""_blank"">pizzaların</a> en güzellerinden biridir ev usulü pizza.</p>
<p>Dışarıda bayılarak yediğimiz pizzaları aslında evinizde de çok kolay bir şekilde yapabilirsiniz. Eğer siz de ""<strong>Evde pizza nasıl yapılır?</strong>"" diyorsanız fırında pişen, bu kolay ve pratik karışık pizza tarifini çok sevecek, her fırsatta yapmak isteyeceksiniz.</p>
<p>Lezzetine doyum olmaz bu pizza tarifinin sırrı hamurunda saklı. Bu şekilde ağzınıza attığınızda yumuşacık dokusuyla sizi çok mutlu edecek, bol bol malzemesiyle de damaklarınızı şenlendirecek bir tarife dönüşüyor. ""<strong>Pizza hamuru nasıl yapılır?</strong>"" diye soranlara da adım adım resimli anlatımıyla tam kıvamında bir <a href=""https://yemek.com/tarif/pizza-hamuru/"" target=""_blank"">pizza hamuru</a> tarifi hazırladık, püf noktalarını da <a href=""https://yemek.com/pizza-hamuru-yapmanin-puf-noktalari/"" target=""_blank"">şurada</a> anlattık. Mutlaka göz atın deriz.</p>
<p>Ev yapımı pizza tarifinin adım adım resimli tarifi karşınızda!</p>
",recipe,"['tuz', 'toz şeker', 'un', 'sarımsak', 'zeytinyağı', 'zeytinyağı', 'fesleğen', 'rendelenmiş kaşar peyniri', 'kekik', 'ılık su', 'konserve mısır', 'kuru maya', 'sucuk', 'domates sos', 'biber', 'zeytin', 'rendelenmiş mozarella peyniri']","['Bir kabın içerisine kuru mayayı dökün ve üzerine ılık su ve şekeri ekleyerek güzelce karıştırın.', 'Daha sonra mayalı karışıma zeytinyağını ve tuzu ekleyip tahta kaşıkla karıştırın.', 'Unu azar azar ekleyin.', 'Hamur kıvama gelince elinizle yoğurmaya başlayın ve ele yapışmayan, yumuşak bir hamur haline gelene kadar yoğurmaya devam edin.', 'Hamur istediğiniz yumuşaklığa ulaşınca, kabın üzerini bir streç film ile kaplayıp en az 30 dakika hamurunuzu dinlendirin.', 'Dinlenen hamurunuzu un serptiğiniz tezgaha alıp, katlayarak havasını çıkarın.\xa0Hamuru toparlayıp, 2 ya da 3 parçaya ayırın. İnce hamurlu ve orta boy pizza yapmak istiyorsanız hamurunuzu 3’e bölün. Daha büyük ve kalın hamurlu 2 pizza yapmak istiyorsanız, ikiye bölebilirsiniz.', 'Kestiğiniz parçayı beze haline getirip un serptiğiniz tezgahın üzerinde merdane yardımıyla açın.', 'Dilediğiniz inceliğe ulaştığınızda pişirme kağıdı serdiğiniz tepsinin üzerine alın. Bir çatal yardımıyla pizza hamurunun üzerinde delikler açın ve önceden ısıtılmış 200 derece fırında 10 dakika pişirin.', 'Pizza sosunu, domates sosuna, fesleğen, kekik, sarımsak ve zeytinyağı ekleyerek hazırlayabilirsiniz.', '10 dakika sonra hafif pişen hamuru fırından çıkarıp, hazırladığınız domates sosundan üzerine sürün.', 'Pizza sosunun üzerine bolca rendelenmiş kaşar ya da mozarella peyniri yerleştirdikten sonra üzerine dileğiniz malzemeleri ekleyin. Malzemeleri yerleştirdikten sonra en üste tekrar rendelenmiş kaşar ekleyin.', 'Tekrar fırına koyun ve 20 dakika daha pişirin. Peynirler güzelce eriyip tüm malzemeler piştiğinde pizzanızı fırından çıkarabilirsiniz.', 'Pizza kesiciyle dilimleyip tüketebilirsiniz.', 'Afiyet olsun!']",PİZZA,239b56,/tarif/pizza/,"['Hamur İşi', 'Pizza']","['akşam yemeği', 'kahvaltı', 'öğle yemeği']","['Öğle Yemeği', 'Akşam Yemeği']",['Fırın'],,False,1800,1800,2022-03-11T10:00:52Z,4.0,1518606,6252,False,True,True,0,,0,,,,2022/03/ev-usulu-pizza-yemekcom.jpg,0,0,https://cdn.yemek.com/mnresize/940/940/uploads/2022/03/ev-usulu-pizza-yemekcom.jpg,940,940,False,https://cdn.yemek.com/mncrop/300/200/uploads/2022/03/ev-usulu-pizza-yemekcom.jpg,300,200,True,https://cdn.yemek.com/mncrop/940/625/uploads/2022/03/ev-usulu-pizza-yemekcom.jpg,940,625,True,https://cdn.yemek.com/mncrop/620/388/uploads/2022/03/ev-usulu-pizza-yemekcom.jpg,620,388,True,https://cdn.yemek.com/mncrop/600/315/uploads/2022/03/ev-usulu-pizza-yemekcom.jpg,600,315,True,['fırın'],,,,,
505,180,Yasemin Özaltın,https://cdn.yemek.com/author/35533/20181219061403_avatar.jpg,/profil/yasemingursurer/,20 Dakikada Buzlukta: Mozaik Pasta,Mozaik Pasta,/tarif/mozaik-pasta/,20 dk,20 dk,"<p>Biz çocukken mutfaktaki hummalı çalışmanın sonucu annelerimizin lezzetli ellerinden tüm ömrümüz boyunca unutamayacağımız kadar lezzetli <a href=""https://yemek.com/tarif/tatli/"" target=""_blank"">tatlılar</a>, <a href=""https://yemek.com/tarif/pasta-tatli/"" target=""_blank"">pastalar</a> çıkardı. Bu pasta hiç şüphesiz mozaik pastanın ta kendisiydi! Bu kolay mozaik pasta, küçük büyük herkesin bayılarak yediği lezzeti her daim garantili olan oldukça kolay ve pratik bir <a href=""https://yemek.com/tarif/"" target=""_blank"">tarif</a>. Hadi gelin bisküvili mozaik pastanın sırlarını bir bir anlatalım size. Anılarımıza doğru tatlı bir yolculuğa çıkaran, <strong>petibör bisküvili</strong> mozaik pasta tarifiyle karşınızdayız!</p>
<p>Bisküvi, tereyağı, toz şeker ve kakaonun bir araya gelip yaptığı en lezzetli pasta tariflerinden biri o. Biz bu kez farklı malzemeler ekleyerek <strong>klasik mozaik pasta</strong> tarifinin tadına da tat kattık. Bu üçgen mozaik pastanın yapımı o kadar kolay, pratik ve bir o kadar lezzetli ki...</p>
<p>Hadi o zaman! Buyursunlar en güzel mozaik pasta tarifine ve yapılış adımlarını gösteren mozaik pasta videomuza. <img src=""https://cdn.yemek.com/assets/images/smiley/smile.png"" class=""wp-smiley img-responsive"" /></p>
",recipe,"['süt', 'kakao', 'pudra şekeri', 'tereyağ', 'Hindistan cevizi', 'petibör bisküvi']","['Tereyağını eritin.', 'Pudra şekerini karıştırma kabına aktarın.\xa0Pudra şekerinin üzerine erittiğiniz tereyağını ve sütü dökün.\xa0Kakaoyu da ilave edin.', 'Malzemeleri çırpın.', 'Üzerine bisküvileri kırın.', 'Bisküvileri de koyduktan sonra tüm malzemeleri spatula yardımıyla nazikçe karıştırın.', 'Servis edeceğiniz kalıbın içini streç film ile kaplayın.', 'Tüm harcı ekleyin ve üzerini kapatın.', 'Buzdolabının dondurucu bölümünde 4 saat bekletin. Hindistan cevizi serpin. Dilimleyerek soğuk olarak servis edin.', 'Afiyet olsun!']",PASTA,239b56,/tarif/pasta-tatli/,"['Tatlı', 'Pasta', 'Video']","['ara öğün', 'çay saati']",['Çay Saati'],['Tencere'],['Ekonomik'],False,1200,1200,2022-03-18T14:40:39Z,4.0,1512620,8912,False,True,True,0,,0,,,,2022/03/mozaik-pasta-tarifi-yemekcom.jpg,0,0,https://cdn.yemek.com/mnresize/940/940/uploads/2022/03/mozaik-pasta-tarifi-yemekcom.jpg,940,940,False,https://cdn.yemek.com/mncrop/300/200/uploads/2022/03/mozaik-pasta-tarifi-yemekcom.jpg,300,200,True,https://cdn.yemek.com/mncrop/940/625/uploads/2022/03/mozaik-pasta-tarifi-yemekcom.jpg,940,625,True,https://cdn.yemek.com/mncrop/620/388/uploads/2022/03/mozaik-pasta-tarifi-yemekcom.jpg,620,388,True,https://cdn.yemek.com/mncrop/600/315/uploads/2022/03/mozaik-pasta-tarifi-yemekcom.jpg,600,315,True,,,,,,
506,29467,Yasemin Özaltın,https://cdn.yemek.com/author/35533/20181219061403_avatar.jpg,/profil/yasemingursurer/,3-2-1 Ölçüsüyle: Bayatlamayan Kabartma Tozlu Poğaça,Bayatlamayan Kabartma Tozlu Poğaça,/tarif/bayatlamayan-kabartma-tozlu-pogaca/,15 dk,15 dk,"<p>Hem çok kolay, hem çok hızlı, hem de yemesi pek keyifli muhteşem bir <a href=""https://yemek.com/tarif/pogaca/"" target=""_blank"">poğaça</a>...Bayatlamayan kabartma tozlu poğaça tarifi, hazırlandıktan sonra tadına bakıp da beğenmeyenini, ikincisini istemeyenini zor bulursunuz. İçindeki malzemelerin miktarlarından dolayı “3-2-1 poğaça <a href=""https://yemek.com/tarif/"" target=""_blank"">tarif</a>i” diye de bilinen bu güzelliği hala denemeyenler varsa diye zevkle paylaşıyoruz.</p>
<p>3-2-1 poğaça tarifi, malzemeleri ile de ekonomik! İçinde 3 paket kabartma tozu, 2 bardak yoğurt ve 1 yumurta var. Kabartma tozu ne kadar da çokmuş acı olur o diyorsanız, hiç de öyle olmadığını, inanılmaz yumuşak, aşırı lezzetli olduğunu deneyince anlayacaksınız. Üstelik de bayatlamıyor, hoş gerçi bayatlamasını bekleyecek kadar uzun süre yemeden duramayacaksınız o da ayrı.  O zaman siz aşağıda yazan diğer malzemeleri de hazırlayıverin, <a href=""https://yemek.com/tarif/yumusak-pogaca/"" target=""_blank"">yumuşacık poğaça</a>mızı yapalım. Şimdiden afiyetler olsun.</p>
",recipe,"['tuz', 'toz şeker', 'un', 'kabartma tozu', 'yoğurt', 'yumurta sarısı', 'sirke', 'beyaz peynir', 'susam', 'yumurta beyazı', 'sıvı yağ']","['Bir yoğurma kabına; yağ, yoğurt ve yumurta beyazını alıp güzelce karıştırın.', 'Ardından kabartma tozları, tuz, şeker ve sirkeyi de ilave edip, tekrar karıştırın.', 'Unu azar azar ilave ederek yoğurmaya başlayın. Hafifçe ele yapışan bir hamur elde edeceksiniz.', 'Hazırladığınız hamurdan mandalinadan biraz küçük olacak parçalar kopartın. Elinizle yuvarlayın ve avucunuzla bastırıp yassılaştırın.', 'Yassılaştırdığınız hamur parçasının ortasına bir çatalla ezdiğiniz beyaz peynirden biraz koyun.', 'Kenarlarını birleştirip kapatın ve tekrar yuvarladıktan sonra yağlı kağıt serdiğiniz bir fırın tepsisine yerleştirin.', 'Tüm hamuru bu şekilde hazırlayıp tepsiye dizin.', 'Üstlerine bir fırça yardımıyla yumurta sarısı sürün ve susam serpin. Önceden ısıttığınız 200 derece fırında, üstleri kızarana dek yaklaşık 15 dakika pişirin.', 'Tepsiyi fırından aldıktan sonra ılıklaşmasını bekleyin ve ardından servis edin.']",POĞAÇA,239b56,/tarif/pogaca/,"['Hamur İşi', 'Kahvaltılık', 'Poğaça', 'Video']","['kahvaltı', 'çay saati']","['Kahvaltı', 'Çay Saati']",['Fırın'],['Vejetaryen'],False,900,900,2018-01-31T07:11:19Z,4.0,1443090,8543,False,True,False,0,,0,,,,2018/01/bayatlamayan-pofuduk-pogaca-yemekcom.jpg,0,0,https://cdn.yemek.com/mnresize/940/940/uploads/2018/01/bayatlamayan-pofuduk-pogaca-yemekcom.jpg,940,940,False,https://cdn.yemek.com/mncrop/300/200/uploads/2018/01/bayatlamayan-pofuduk-pogaca-yemekcom.jpg,300,200,True,https://cdn.yemek.com/mncrop/940/625/uploads/2018/01/bayatlamayan-pofuduk-pogaca-yemekcom.jpg,940,625,True,https://cdn.yemek.com/mncrop/620/388/uploads/2018/01/bayatlamayan-pofuduk-pogaca-yemekcom.jpg,620,388,True,https://cdn.yemek.com/mncrop/600/315/uploads/2018/01/bayatlamayan-pofuduk-pogaca-yemekcom.jpg,600,315,True,,,,,,
507,129,Yasemin Özaltın,https://cdn.yemek.com/author/35533/20181219061403_avatar.jpg,/profil/yasemingursurer/,Lokanta Usulü: Köri Soslu Tavuk,Köri Soslu Tavuk,/tarif/kori-soslu-tavuk/,20 dk,10 dk,"<p>Baharat sevenleri, her yaptığı <a href=""https://yemek.com/tarif/"" target=""_blank"">yemek tarifinin</a> içine tuz hariç mutlaka en az 2 baharat ekleyenleri, körinin kokusunu da tadını da çok sevenleri böyle alalım. Güneydoğu Asya Mutfağı'nın vazgeçilmez baharatı köri, içerisinde bulunan sumak, zencefil, kimyon, kişniş vb. baharatlarla tam bir şifa kaynağı olma özelliğini taşıyor. Beyaz etlerle harika bir uyum yakalayan köri, en çok <a href=""https://yemek.com/tarif/tavuk/"" target=""_blank"">tavuk etini</a> seviyor. Karşınızda nefis mi nefis: <strong>Köri soslu tavuk tarifi!</strong></p>
<p>Resimli anlatımıyla, en pratik ve yemelere doyum olmaz körili tavuk tarifini veriyor, köri sos nasıl yapılır tek tek anlatıyoruz. Yanına <a href=""https://yemek.com/tarif/patates-puresi/"" target=""_blank"">patates püresi</a>, <a href=""https://yemek.com/tarif/salata/"" target=""_blank"">salata</a> ya da <a href=""https://yemek.com/tarif/pilav/"" target=""_blank"">pilavla</a> servis edebilirsiniz. Lokantalarda sunulan köri soslu tavuklardan çok daha lezzetli oluyor, yiyen herkes tarifini istiyor. Bu lezzeti sık sık pişirmek isteyeceksiniz. Şimdiden ellerinize sağlık diyor, <a href=""https://yemek.com/soslu-tavuk-yemekleri/"" target=""_blank"">soslu tavuk yemekleri</a> arasında en çok sevilen bu kolay yemek tarifimize buyur ediyoruz.</p>
<p>Köri sosun tadını sevdiyseniz belki sonra <a href=""https://yemek.com/tarif/kremali-korili-tavuklu-makarna/"" target=""_blank"">köri soslu makarna tarifine</a> de şans vermek isteyebilirsiniz. Afiyet olsun!</p>
",recipe,"['tereyağı', 'sıcak su', 'tuz', 'un', 'maydanoz', 'karabiber', 'kuşbaşı tavuk göğsü', 'soğuk süt', 'köri', 'sıvı yağ']","['Sıvı yağını bir tavada kızdırın. Kuşbaşı\xa0doğranmış tavuk göğsünü aktarın.', 'Renk alıp, suyunu çekene kadar orta ateşte kavurun.', 'Köri sosu hazırlamak için; ayrı bir tavada tereyağını sos tenceresinde eritin.', 'Unu da üzerine ekleyin ve\xa0 kokusu çıkıp, renk alana kadar karıştırarak kavurun.', 'Kavrulan una soğuk sütü ekleyin ve unun topaklanmaması için bir çırpıcı yardımıyla hızlıca karıştırın.', 'Sıcak su, köri, tuz ve karabiberi katın.', 'Sosu, kısık ateşte koyu bir kıvam alana kadar sürekli karıştırarak 4- 5 dakika pişirin.', 'Hazırladığınız sosu, kavrulan tavuklara ekleyin ve harmanladıktan sonra pişirme işlemini 5 dakika kadar sürdürün.', 'İncecik kıyılmış bir avuç maydanozu, köri soslu tavuğa ilave ettikten sonra bekletmeden sıcak olarak servis edin.', 'Köri soslu tavuk tarifi hazır. Afiyet olsun!']",TAVUK,239b56,/tarif/tavuk/,"['Tavuk', 'Video']","['ekonomik', 'akşam yemeği', 'öğle yemeği']","['Öğle Yemeği', 'Akşam Yemeği']",['Tencere'],"['Ekonomik', 'Bol Proteinli']",False,1200,600,2019-05-14T13:24:40Z,4.0,1396751,11895,False,True,True,0,,0,,,,2014/06/kori-soslu-tavuk-yemekcom.jpg,0,0,https://cdn.yemek.com/mnresize/940/940/uploads/2014/06/kori-soslu-tavuk-yemekcom.jpg,940,940,False,https://cdn.yemek.com/mncrop/300/200/uploads/2014/06/kori-soslu-tavuk-yemekcom.jpg,300,200,True,https://cdn.yemek.com/mncrop/940/625/uploads/2014/06/kori-soslu-tavuk-yemekcom.jpg,940,625,True,https://cdn.yemek.com/mncrop/620/388/uploads/2014/06/kori-soslu-tavuk-yemekcom.jpg,620,388,True,https://cdn.yemek.com/mncrop/600/315/uploads/2014/06/kori-soslu-tavuk-yemekcom.jpg,600,315,True,"['tencere', 'bol proteinli']",,,,,
508,305,Gökçen Mutaf,https://cdn.yemek.com/author/23120/20181227103819_avatar.jpeg,/profil/gokcenmutaf/,Şaşmayan Tarif: Sade Kek,Sade Kek,/tarif/sade-kek/,40 dk,15 dk,"<p>Kocaman kabarmış, lezzetiyle herkesi kendine hayran bırakacak en klasik lezzetlerdendir sade kek tarifi. Süt, yumurta ve şekerin önderliğinde, misler gibi vanilya kokusunun büyüsünde hazırlanan harç fırının sıcacık kollarına teslim edilir. Kabarırken bile kendine hayran bırakan sade kek, çayın yanına hazırlanan en pratik kek olarak çıkar oradan. Karşınızda işte o enfes anların mimarı sade kek tarifi!</p>
<p>Birbirinden nefis <a href=""https://yemek.com/tarif/kek/"" target=""_blank"">kek tarifleri</a> arasında en baştan bize göz kırpan bu lezzet, kabarık ve yumuşak dokusuyla boyut atlıyor bu kez. Çaylarınızın, kahveleriniz hazırsa o yumuşacık sade kek tarifimiz geliyor. Şimdiden ellerinize sağlık.</p>
<p>Not: ""Sade kek de güzel ama kakaolu keki de çok seviyorum"" diyenler için yumuşacık kakaolu kek tarifimiz de hemen <a href=""https://yemek.com/tarif/kakaolu-kek/"" target=""_blank"">şurada</a>.</p>
",recipe,"['yumurta', 'toz şeker', 'süt', 'un', 'kabartma tozu', 'vanilin', 'sıvı yağ']","['Yumurtaları derince bir kaba kırın ve toz şekeri ekledikten sonra bir mikser ile 10 dakika boyunca çırpın.\xa0Krema kıvamına gelen karışıma sıvı yağı ve sütü ekleyip bir spatula ile karıştırın.', 'Üstüne unu, kabartma tozunu ve vanilini de ekledikten sonra tekrar karıştırın ve sıvı yağ ile yağladığınız bir kek kalıbına hazırladığınız karışımı dökün.', 'Önceden ısıtılmış 180 derecelik fırında 40 dakika kadar pişirin.\n\n&nbsp;', 'Kek kürdan testini geçince fırından alın ve tamamen soğuduktan sonra kalıbı ters çevirerek kalıptan çıkarın.', 'Dilimleyerek servis edin.\xa0 Afiyetler olsun!']",TATLI KEK,239b56,/tarif/tatli-kek/,"['Kek', 'Tatlı Kek']",['çay saati'],['Çay Saati'],['Fırın'],['Vejetaryen'],False,2400,900,2022-03-10T07:30:22Z,4.0,1356751,3356,False,False,True,0,,0,,,,2014/07/sade-kek-tarifi-yeni.jpg,0,0,https://cdn.yemek.com/mnresize/940/940/uploads/2014/07/sade-kek-tarifi-yeni.jpg,940,940,False,https://cdn.yemek.com/mncrop/300/200/uploads/2014/07/sade-kek-tarifi-yeni.jpg,300,200,True,https://cdn.yemek.com/mncrop/940/625/uploads/2014/07/sade-kek-tarifi-yeni.jpg,940,625,True,https://cdn.yemek.com/mncrop/620/388/uploads/2014/07/sade-kek-tarifi-yeni.jpg,620,388,True,https://cdn.yemek.com/mncrop/600/315/uploads/2014/07/sade-kek-tarifi-yeni.jpg,600,315,True,['fırın'],,,,,
509,183,Cemre Özgüzel,https://cdn.yemek.com/author/109/20200211010242_avatar.jpg,/profil/cemre-ozguzel/,Pastane Usulü: Un Kurabiyesi,Un Kurabiyesi,/tarif/un-kurabiyesi/,15 dk,25 dk,"<p>Kıyır kıyır dediğimiz <a href=""https://yemek.com/kurabiye-tarifleri/"" target=""_blank"">kurabiye tarifleri</a>nin şahı un kurabiyesidir. Uzun süre bozulmadan dayanabilmesi de bu lezzetli ve pratik kurabiyeyi popüler kılan noktalardan biridir. Kolay un kurabiyesi yapımında pudra şekeri elenerek servis edildiği için tarifinde çok az miktarda şeker kullanılır. Ağza gelmemesi için pudra şekeri tercih edilir. Hem kıvamı hem de dokusuyla, enfes mi enfes <strong>un kurabiyesi tarifi</strong> karşınızda!</p>
<p>""<a href=""https://yemek.com/agizda-dagilan-kurabiye-nasil-yapilir/"" target=""_blank"">Ağızda dağılan un kurabiyesi nasıl yapılır?</a>"" diyenler tarifin detaylarında açıklamalı anlatımını bulacak. Basit ve gerçek un kurabiyesinin tüm malzemeleri, yapılış adımları ve videosu ise hemen aşağıda. Hazırsanız en güzel un kurabiyesini yapmak için çalışmalara başlayalım! ''Un kurabiyesi tarifi nasıl yapılır?'' diyenlerinizi tarifimize alalım. Şimdiden ellerinize sağlık diyor, kolaylığı ve <strong>ağızda dağılan lezzetiyle un kurabiyesi</strong> <a href=""https://yemek.com/tarif/"" target=""_blank"">tarifi</a> karşınızda!</p>
",recipe,"['yumurta', 'un', 'vanilya', 'kabartma tozu', 'pudra şekeri', 'pudra şekeri', 'buğday nişastası', 'oda sıcaklığında tereyağı', 'sıvı yağ']","['Un kurabiyesi için 200 gram oda sıcaklığında bekletilmiş tereyağını derin bir yoğurma kasesine aktarın.', 'Üzerine 1 adet yumurta ve 1 çay bardağı sıvı yağını da ekledikten sonra pürüzsüz bir kıvam olana kadar çırpın.', '1 su bardağı pudra şekeri, 5 yemek kaşığı buğday nişastası, 1 paket kabartma tozu, 1 paket vanilin ve 3 su bardağı unu azar azar ekleyin.', 'Ele yapışmayacak kıvamda bir hamur elde edene kadar yoğurun.', 'Kurabiye hamurundan büyükçe bir parça alın ve tezgahın üzerinde yuvarlayarak 2 parmak kalınlığında rulo şekline getirin.', 'Kenar kısımlarını kesin. Ardından üzerinden çatal yardımıyla geçerek şekil verin.', 'Bıçak yardımıyla 3 parmak genişliğinde parçalar kesin. Fırın tepsisine aktarın.', 'Üzerleri hafif kızarıp renk alana kadar önceden ısıtılmış 170 derece fırında 15 dakika kadar pişirin.', 'Soğuttuktan sonra pudra şekeri eleyin.', 'Ardından un kurabiyelerini servis edin. Afiyetler olsun!']",TATLI KURABİYE,239b56,/tarif/tatli-kurabiyeler/,"['Kurabiye', 'Video', 'Tatlı Kurabiye']",['çay saati'],['Çay Saati'],['Fırın'],,False,900,1500,2022-04-01T07:45:01Z,4.0,1330455,3412,False,True,True,0,,0,,,,2022/04/un-kurabiyesi-onecikan-yeni.jpg,0,0,https://cdn.yemek.com/mnresize/940/940/uploads/2022/04/un-kurabiyesi-onecikan-yeni.jpg,940,940,False,https://cdn.yemek.com/mncrop/300/200/uploads/2022/04/un-kurabiyesi-onecikan-yeni.jpg,300,200,True,https://cdn.yemek.com/mncrop/940/625/uploads/2022/04/un-kurabiyesi-onecikan-yeni.jpg,940,625,True,https://cdn.yemek.com/mncrop/620/388/uploads/2022/04/un-kurabiyesi-onecikan-yeni.jpg,620,388,True,https://cdn.yemek.com/mncrop/600/315/uploads/2022/04/un-kurabiyesi-onecikan-yeni.jpg,600,315,True,['fırın'],,,,,
510,121,Cemre Özgüzel,https://cdn.yemek.com/author/109/20200211010242_avatar.jpg,/profil/cemre-ozguzel/,"Kolay, Pratik, Tam Kıvamında: Kakaolu Kek",Kakaolu Kek,/tarif/kakaolu-kek/,35 dk,10 dk,"<p>Bir parça kakaolu <a href=""https://yemek.com/tarif/kek/"" target=""_blank"">kek</a>; göz doldurur, iştah açar, <a href=""https://yemek.com/tarif/iced-latte/"" target=""_blank"">kahvenin</a> yanında iyi gider, misafir kurtarır, evlat sevindirir, anne özlemini artırır. On diliminde on marifet kakaolu kek, yapması da kolay olduğundan öğrencilerin de yapabilecekleri en nefis ve pratik <a href=""https://yemek.com/tarif/kek/"" target=""_blank"">kek tariflerinden</a> biri.</p>
<p>Kek denince akla gelen ilk <a href=""https://yemek.com/tarif/tatli-kek/"" target=""_blank"">tatlı kek</a> tarif olan <a href=""https://yemek.com/kakaolu-kek-tarifleri/"" target=""_blank"">kakaolu kek tarifi</a>ni en kolay, pratik ve tam kıvamında bir şekilde yapmak mümkün! Bu pratik kakaolu kek yumuşacık ve yaptığınız en güzel kakaolu kek tarifi olacak.</p>
<p>Kakaolu kek <a href=""https://yemek.com/tarif/"" target=""_blank"">tarif</a>imizin videosu hemen aşağıda, afiyet olsun!</p>
",recipe,"['yumurta', 'toz şeker', 'süt', 'un', 'vanilya', 'kabartma tozu', 'kakao', 'maden suyu', 'sıvı yağ']","['Yumurtaları ve toz şekeri derin bir kapta, bir mikser yardımıyla şeker eriyene kadar çırpın.', 'Ardından sıvı yağ, süt ve\xa0 sodayı da üzerine ekleyip çırpmaya devam edin.', 'Kek harcına unu ve kakaoyu azar azar ilave edin. Kabartma tozu ve vanilini de ekledikten sonra spatula yardımıyla, pürüzsüz bir harç elde edene kadar karıştırmaya devam edin.', 'Hazırladığınız kakaolu kek karışımını yağladığınız kek kalıbına dökün.', 'Önceden ısıtılmış 180 derece fırında 30-35 dakika kadar pişirin. İçini çekmesi için beklettiğiniz keki, ılınınca kalıbından çıkartın.', 'Üzerine pudra şekeri serperek servis edin.']",TATLI KEK,239b56,/tarif/tatli-kek/,"['Kek', 'Video', 'Tatlı Kek']","['ekonomik', 'ara öğün']",['Çay Saati'],['Fırın'],['Ekonomik'],False,2100,600,2020-11-19T10:43:04Z,4.0,1321844,5041,False,True,True,0,,0,,,,2019/03/kakaolu-kek-one-cikan-yeni.jpg,0,0,https://cdn.yemek.com/mnresize/940/940/uploads/2019/03/kakaolu-kek-one-cikan-yeni.jpg,940,940,False,https://cdn.yemek.com/mncrop/300/200/uploads/2019/03/kakaolu-kek-one-cikan-yeni.jpg,300,200,True,https://cdn.yemek.com/mncrop/940/625/uploads/2019/03/kakaolu-kek-one-cikan-yeni.jpg,940,625,True,https://cdn.yemek.com/mncrop/620/388/uploads/2019/03/kakaolu-kek-one-cikan-yeni.jpg,620,388,True,https://cdn.yemek.com/mncrop/600/315/uploads/2019/03/kakaolu-kek-one-cikan-yeni.jpg,600,315,True,['fırın'],,,,,
511,302,Yasemin Özaltın,https://cdn.yemek.com/author/35533/20181219061403_avatar.jpg,/profil/yasemingursurer/,"Tüm Püf Noktalarıyla, Kolay: Şekerpare",Şekerpare,/tarif/sekerpare/,25 dk,30 dk,"<p>İrmik ile tatlanıp, kıtır bir kıvam alan tatlılarımızdan o. Evet doğru bildiniz, bayram tatlılarının da başında gelen, <a href=""https://yemek.com/tarif/serbetli-tatlilar/"" target=""_blank"">şerbetli tatlı</a> tariflerinin en sevilenlerinden şekerpare tarifinden bahsediyoruz. Pastanelerde yediğinizde tadı damağınızda kalan <strong>gerçek şekerparelerin sırları</strong>nı aldık, üzeri nefis bir şekilde kızarmış, şerbetini tam kıvamında çekmiş muhteşem bir şekerpare tatlısı hazırladık. Bu keyfe ortak olmak ve 'Şekerpare nasıl yapılır?', ""<strong>Şekerpare şerbeti nasıl yapılır?</strong>"" sorularına cevap bulmak, ""En güzel şekerpare <a href=""https://yemek.com/tarif/tatli/"" target=""_blank"">tatlısı</a> tarifini aradım aradım ama bulamadım"" diyenlerin derdine tam ölçülü ve ev yapımı bir şekerpare tarifiyle çözüm olmak istedik. İşte karşınızda, tüm püf noktalarıyla: Şekerpare <a href=""https://yemek.com/tarif/"" target=""_blank"">tarif</a>i!</p>
<p><a href=""https://yemek.com/tarif/sekerpare-2/"" target=""_blank"">Şekerpare tarifini </a>hazırlamak pek kolay, sonrası tam bir keyif... Üzerine mini mini fındıklar konan tatlılar fırında hafif bir renk alana kadar kızaracak, fırından çıkan sıcak tatlılar önceden hazırlanan soğuk şerbet azar azar eklenecek. Videolu, denenmiş en güzel şekerpare tarifi karşınızda!</p>
<p><a href=""https://yemek.com/ramazan-tatlilari/"" target=""_blank"">Ramazan sofralarında</a>, iftarda olmazsa olmaz tatlılardan biri olan şekerpare tatlısını yaparken işin biraz daha kolayına kaçmak isteyenler <a href=""https://yemek.com/tarif/kolay-sekerpare"" target=""_blank"">kolay şekerpare tarifimize</a>, klasik şekerpare tatlısı tarifi için de videolu tarifimizi davetlisiniz.</p>
",recipe,"['yumurta', 'toz şeker', 'un', 'kabartma tozu', 'su', 'irmik', 'pudra şekeri', 'fındık', 'limonun suyu', 'vanilin', 'Hindistan cevizi', 'margarin veya tuzsuz tereyağı']","['Şekerpare için öncelikle şerbeti hazırlıyoruz. 3 su bardağı suya 2 su bardağı şeker ekleyip karıştırıyoruz ve kaynamaya bırakıyoruz.', 'Kaynayan şerbetin içerisine bir iki damla limon suyu sıktıktan sonra koyu bir şerbet kıvamını alana kadar kısık ateşte bırakıyoruz ve ocaktan aldıktan sonra şerbeti ılımaya bırakıyoruz.', 'Hamurunu hazırlamak için derin bir karıştırma kasesine 1 su bardağı pudra şekeri, 125 gram margarin, 2 yumurta, 2 yemek kaşığı hindistan cevizi, 1 paket vanilin, 1 paket kabartma tozu, 4 yemek kaşığı irmik ve azar azar unu koyup güzelce yoğuruyoruz.', 'Yoğurduğumuz hamuru 15 dakika buzdolabında dinlendirdikten sonra cevizden biraz daha büyük parçalar koparıp elimizle yuvarlak şekil veriyoruz ve pişirme kağıdı serili fırın tepsisin üzerine aralıklı olarak yerleştiriyoruz.', 'Fındıkları şekerparelerin tam ortasına bastırarak yerleştiriyoruz.', 'Şekerpareleri önceden ısıtılmış 180 derece fırında 25 dakika pişiriyoruz.', 'Kurabiyeler sıcak şerbeti de soğukken şerbetini döküyoruz. Şerbeti de döktükten sonra iyice çekmesi için bekliyoruz ve servis ediyoruz. Afiyetler olsun!']",ŞERBETLİ TATLI,239b56,/tarif/serbetli-tatlilar/,"['Hamur İşi', 'Tatlı', 'Şerbetli Tatlı', 'Ramazan', 'Video']",['çay saati'],['Çay Saati'],"['Fırın', 'Tencere']",,False,1500,1800,2022-03-18T13:00:52Z,4.0,1282307,4569,False,True,True,0,,0,,,,2014/07/sekerpare-ytk-site.jpg,0,0,https://cdn.yemek.com/mnresize/940/940/uploads/2014/07/sekerpare-ytk-site.jpg,940,940,False,https://cdn.yemek.com/mncrop/300/200/uploads/2014/07/sekerpare-ytk-site.jpg,300,200,True,https://cdn.yemek.com/mncrop/940/625/uploads/2014/07/sekerpare-ytk-site.jpg,940,625,True,https://cdn.yemek.com/mncrop/620/388/uploads/2014/07/sekerpare-ytk-site.jpg,620,388,True,https://cdn.yemek.com/mncrop/600/315/uploads/2014/07/sekerpare-ytk-site.jpg,600,315,True,['fırın'],,,,,
512,3178,Cemre Özgüzel,https://cdn.yemek.com/author/109/20200211010242_avatar.jpg,/profil/cemre-ozguzel/,Oldu Bile: Üç Malzemeli Kurabiye,Üç Malzemeli Kurabiye,/tarif/uc-malzemeli-kurabiye/,20 dk,15 dk,"<p>Ayçiçek yağı, elenmiş un ve toz krem şanti. Sadece üç malzemeyle hazırlanan <a href=""https://yemek.com/tarif/un-kurabiyesi/"" target=""_blank"">un kurabiyesi</a> gevrekliğinde pratik ve ekonomik bir <a href=""https://yemek.com/tarif/kurabiye/"" target=""_blank"">kurabiye tarifi</a>. Siz çayı demleyene kadar onlar pişmiş hatta dinlenmiş olacak, mutfağı mis gibi kurabiye kokusu saracak. Sonrası tam anlamıyla keyif.</p>
<p>Dilerseniz hazırladığınız hamuru atın buzdolabına 30 dakika dinlendirin elinizle gelişi güzel minik yuvarlaklar yaparak pişirin isterseniz de kaşık yardımıyla tepsiye dizin. Karar sizin.</p>
<p>Kurabiye canavarları da sizi sevecek. Afiyetler olsun.</p>
",recipe,"['ayçiçek yağı', 'un', 'toz krem şanti']","['1 su bardağı ayçiçek yağını derin bir karıştırma kabına alın.', '1 paket toz krem şantiyi ve unun 1 bardaklık kısmını ilave ederek karıştırmaya başlayın.', '2 su bardağı unu da azar azar ilave edin ve yumuşak, ele yapışmayan bir hamur elde edene kadar yoğurun.', 'Kıvam alan hamurunuzdan ceviz büyüklüğünde parçalar alın ve elinizle yuvarlayarak şekil verin. Ardından yağlı kağıt serili bir fırın tepsinin üzerine kurabiyelerinizi aktarın. 175 derecede ısıtılmış fırında rengi hafif değişene kadar 15-20 dakika arası pişirin.', 'Çıkarıp oda sıcaklığında soğuttuktan sonra afiyetle tüketin.']",TATLI KURABİYE,239b56,/tarif/tatli-kurabiyeler/,"['Kurabiye', 'Video', 'Tatlı Kurabiye']",['pratik yemek tarifleri'],['Çay Saati'],['Fırın'],,False,1200,900,2015-08-10T11:18:13Z,4.0,1278903,3887,False,True,False,0,,0,,,,2015/08/uc-malzemeli-kurabiye-yemekcom.jpg,0,0,https://cdn.yemek.com/mnresize/940/940/uploads/2015/08/uc-malzemeli-kurabiye-yemekcom.jpg,940,940,False,https://cdn.yemek.com/mncrop/300/200/uploads/2015/08/uc-malzemeli-kurabiye-yemekcom.jpg,300,200,True,https://cdn.yemek.com/mncrop/940/625/uploads/2015/08/uc-malzemeli-kurabiye-yemekcom.jpg,940,625,True,https://cdn.yemek.com/mncrop/620/388/uploads/2015/08/uc-malzemeli-kurabiye-yemekcom.jpg,620,388,True,https://cdn.yemek.com/mncrop/600/315/uploads/2015/08/uc-malzemeli-kurabiye-yemekcom.jpg,600,315,True,,,,,,
513,2526,Yasemin Özaltın,https://cdn.yemek.com/author/35533/20181219061403_avatar.jpg,/profil/yasemingursurer/,Yumuşacık Etlerin Sırlarıyla: Hünkar Beğendi,Hünkar Beğendi,/tarif/hunkar-begendi/,1 sa,1 sa,"<p>Saray mutfağının önde gelen, hünkarın da midesini fetheden <a href=""https://yemek.com/tarif/"" target=""_blank"">yemek tariflerinden</a> biri hünkar beğendi. Pratik bir yemek tarifi sayılan, aşamaları biraz fazla olsa da lezzetli ana yemeklerden biri o! Tereyağında kavrulmuş un ve soğuk süt ilavesiyle hazırlanan beğendi bir yana dursun kısık ateşte pişen bol soğanlı et karışımı onu diğerlerinden ayırıyor. Karşınıza her haliyle övgüleri toplayacak, <a href=""https://yemek.com/tarif/et/"" target=""_blank"">et yemeklerinin</a> en görkemlisi hünkar beğendi yemeği çıkıyor.</p>
<p>Hünkarımızın bir bildiği olmalı diyerek sizi adım adım resimli ve videolu anlattığımız<strong> hünkar beğendi kebabı</strong> tarifimize alalım. ""<strong>Hünkar beğendinin yanına ne yapılır?</strong>"" diye soranlar için de cevabımız hemen tarifin sonunda. Şimdiden ellerinize sağlık diyor, lezzetine doyum olmaz hünkar beğendi tarifimize buyur ediyoruz. Yaptığım tarif en kusursuz haliyle olsun derseniz de <a href=""https://yemek.com/tarif/kusursuz-hunkar-begendi/"" target=""_blank"">kusursuz hünkar beğendi</a> tarifimize bekleriz. Keyfi ve lezzeti bol bol olsun. Afiyetler olsun!</p>
",recipe,"['tereyağı', 'sıcak su', 'tuz', 'tuz', 'süt', 'un', 'sarımsak', 'zeytinyağı', 'domates salçası', 'taze çekilmiş tane karabiber', 'kaşar peyniri', 'orta boy kuru soğan', 'orta boy domates', 'orta boy patlıcan', 'kuzu but (arzuya göre dana eti)']","['Hünkar beğendi tarifi için 4 adet orta boy patlıcana bıçakla delikler açın ve fırın tepsisine alın. 200 derecede yaklaşık 20 dakika fırınlayın.', 'Fırınlanmış patlıcanları bir kaba alın ve kabuklarının kolay soyulması için üzerini streçleyip, 15 dakika kadar bekledikten sonra kabukları soyun.', 'Bir tavada 3 yemek kaşığı zeytinyağını kızdırın. 2 adet yemeklik doğranmış kuru soğanı da üzerine ilave edip pembeleşinceye kadar kavurun.', '4 diş doğranmış sarımsağı da üzerine ekledikten sonra 600 gram kuşbaşı dana veya kuzu etini ilave edin.', ""Etler suyunu salıp çekene kadar pişmeye bırakın. 1 yemek kaşığı domates salçası, 1'er çay kaşığı tuz ve karabiber, 3 adet soyulmuş, doğranmış domates ekleyin."", '2 su bardağı sıcak su ekleyip etler yumuşayana kadar pişmeye bırakın.', 'Şimdi de beğendiyi hazırlayalım. 1 yemek kaşığı tereyağını bir tavada eritin. 1,5 yemek kaşığı unu üzerine ilave edip kokusu çıkana kadar kavurun.', ""Üzerine fırınladığınız ve kabuklarını soyduğunuz patlıcanları ekleyin. 1,5 su bardağı sütü de üzerine yavaş yavaş ilave edin ve sürekli olarak karıştırın. 1'er çay kaşığı tuz ve karabiberi de ekleyin."", 'Sonra son olarak yarım su bardağı rendelenmiş kaşar peyniri ekleyin ve karıştırıp ocaktan alın.', 'Beğendinin üzerine yumuşacık pişmiş etleri serpiştirin ve servis edin. Hünkar beğendi yemeği hazır, afiyet olsun!']",ET,239b56,/tarif/et/,"['Et', 'Ramazan', 'Video', 'Mevsiminde']","['akşam yemeği', 'öğle yemeği']","['Öğle Yemeği', 'Akşam Yemeği']",['Tencere'],['Ekonomik'],False,3600,3600,2021-03-22T08:32:29Z,4.0,1273470,10647,False,True,True,0,,0,,,,2021/03/hunkar-begendi-son-yemekcom.jpg,0,0,https://cdn.yemek.com/mnresize/940/940/uploads/2021/03/hunkar-begendi-son-yemekcom.jpg,940,940,False,https://cdn.yemek.com/mncrop/300/200/uploads/2021/03/hunkar-begendi-son-yemekcom.jpg,300,200,True,https://cdn.yemek.com/mncrop/940/625/uploads/2021/03/hunkar-begendi-son-yemekcom.jpg,940,625,True,https://cdn.yemek.com/mncrop/620/388/uploads/2021/03/hunkar-begendi-son-yemekcom.jpg,620,388,True,https://cdn.yemek.com/mncrop/600/315/uploads/2021/03/hunkar-begendi-son-yemekcom.jpg,600,315,True,"['tencere', 'bol proteinli', 'bol lifli']",,"['Haziran', 'Temmuz', 'Ağustos']",,,
514,410,Yasemin Özaltın,https://cdn.yemek.com/author/35533/20181219061403_avatar.jpg,/profil/yasemingursurer/,Yağdan Hafif: Fırında Baharatlı Patates,Fırında Baharatlı Patates,/tarif/baharatli-firin-patates/,30 dk,10 dk,"<p>Var mı patates sevmeyen? <a href=""https://yemek.com/tarif/kofte/"" target=""_blank"">Köfte</a>nin yanında patates kızartması yemeyi düşlemeyen, önceden kızarttığı patatesleri yumurtayla harmanlayıp yumurtalı patates haline getirmeyen? Yok yazın da bozuşmayalım şimdi. <a href=""https://yemek.com/tarif/kizartma/"" target=""_blank"">Kızartma</a>sı güzel olsa da bu meredin sağlıktan ödün vermeden de kızarmış patates yemek mümkün. Nasıl mı? Patatesleri fırında kızartarak elbette.</p>
<p><strong>Fırında patates kızartması tarifi</strong>nde o çok sevdiğimiz baharatları ekleyip eser miktarda <a href=""https://yemek.com/sozluk/zeytinyagi/"" target=""_blank"">zeytinyağı</a> ile harmanladığımız patates dilimlerini fırına alıyoruz. Onlar çıtır çıtır kızardıkça size de bu <a href=""https://yemek.com/tarif/atistirmaliklar/"" target=""_blank"">atıştırmalığın</a> keyfini uzun uzadıya çıkarmak kalıyor.</p>
",recipe,"['tuz', 'zeytinyağı', 'karabiber', 'biberiye', 'kekik', 'rendelenmiş sarımsak', 'büyük boy patates', 'toz kırmızı biber']","['Bir kasede zeytinyağı, tuz, toz kırmızı biber, sarımsak, kekik, taze biberiye ve karabiberi alın.', 'Tüm malzemeleri güzelce çırparak karıştırın.', 'Patatesleri elma dilim şeklinde kesin.', 'Tabanını yağlı kağıt ile kapladığınız fırın tepsisine patatesleri yayın. Hazırladığınız sosu patateslerin üzerine gezdirin ve her yerine gelecek şekilde karıştırın.', 'Önceden ısıtılmış 200 derece fırında 25- 30 dakika kızarana kadar fırından yükselen mis gibi kokuyu içinize çeke çeke bekleyin. Piştikten sonra afiyetle tüketin.']",TUZLU ATIŞTIRMALIK,239b56,/tarif/tuzlu-atistirmalik/,"['Sebze', 'Atıştırmalık', 'Video', 'Tuzlu Atıştırmalık', 'Mevsiminde']","['pratik yemek tarifleri', 'ekonomik', 'başlangıç', 'diyet']","['Öğle Yemeği', 'Akşam Yemeği']",['Fırın'],,False,1800,600,2014-08-04T13:30:26Z,4.0,1246823,7207,False,True,True,0,,0,,,,2014/08/baharatli-patates-yemekcom.jpg,0,0,https://cdn.yemek.com/mnresize/940/940/uploads/2014/08/baharatli-patates-yemekcom.jpg,940,940,False,https://cdn.yemek.com/mncrop/300/200/uploads/2014/08/baharatli-patates-yemekcom.jpg,300,200,True,https://cdn.yemek.com/mncrop/940/625/uploads/2014/08/baharatli-patates-yemekcom.jpg,940,625,True,https://cdn.yemek.com/mncrop/620/388/uploads/2014/08/baharatli-patates-yemekcom.jpg,620,388,True,https://cdn.yemek.com/mncrop/600/315/uploads/2014/08/baharatli-patates-yemekcom.jpg,600,315,True,"['vejetaryen', 'fırın', 'düşük karbonhidratlı']",,"['Haziran', 'Temmuz', 'Ağustos', 'Eylül']",,,
515,2040,Yasemin Özaltın,https://cdn.yemek.com/author/35533/20181219061403_avatar.jpg,/profil/yasemingursurer/,Üzeri Kızarmış: Fırın Sütlaç,Fırın Sütlaç,/tarif/firin-sutlac/,45 dk,30 dk,"<p><a href=""https://yemek.com/tarif/sutlu-tatlilar/"" target=""_blank"">Sütlü tatlı</a>ların en besleyici olanı, pirincin en güzel ve <a href=""https://yemek.com/tarif/tatli/"" target=""_blank"">tatlı</a> halidir <a href=""https://yemek.com/tarif/sutlac/"" target=""_blank"">sütlaç</a>. Bu sefer bizim yaptığımız gibi tarifinde küçük bir farklılık yapıp yumurta sarısı ilavesiyle pişirdiğinizde ve porsiyonluk fırın kaplarında pişirme işlemini sürdürdüğünüzde fırın sütlaç göz kırpar size.</p>
<p>Tarçın ilavesi ile soğuk soğuk yendiğinde tadına doyum olmaz. <strong>Tam ölçülü ve kıvamı asla şaşmayan</strong> bir <a href=""https://yemek.com/tarif/"" target=""_blank"">tarif</a> üstelik. Bir yiyenin lezzetine hayran kalacağı fırın sütlaçlar karşınızda! Bir kase yesek mi?</p>
",recipe,"['pirinç', 'toz şeker', 'süt', 'su', 'su', 'yumurta sarısı', 'buğday nişastası', 'vanilin']","['Fırın sütlaç için öncelikle bol suda yıkadığınız pirinçleri; bir tencerede, 2 su bardağı suyu ekleyerek orta ateşte suyunu çekene kadar haşlayın.', 'Soğuk süt ve toz şekeri ayrı bir geniş tencereye alın.\xa0Bir çırpma teliyle toz şeker eriyene kadar karıştırdıktan sonra ocağa alın. Kısık ateşte kaynamaya bırakın.', 'Vanilini toz şeker eriğinde süte ekleyin.', 'Haşlanan pirinçleri ocaktan alın ve fazla suyu kaldıysa süzün.', '1-2 dakika kadar kaynayan şekerli süte haşlanmış pirinçleri ilave edin.', 'Yumurta sarısını, buğday nişastası ve 1 bardak su ilavesiyle ayrı bir kabın içerisine alın.', 'Pürüzsüz bir kıvam alana kadar karıştırın.', 'Yumurta sarısının kesilmemesi için; kısık ateşte kaynamakta olan süt karışımından alıp nişastalı karışımı ılıştırın.', 'Hazırladığınız yumurta sarılı karışımı sütlaç tenceresine azar azar katıp hızlıca karıştırın.', 'Kıvam alan sütlacı, ısıya dayanıklı porsiyonluk güveç kaplarına eşit ölçüde boşaltın.', 'Sütlaç kaselerini, derin bir fırın tepsisine aralıklı olarak dizin. Kapların yarısına gelecek kadar soğuk suyu, sütlaçlara değdirmeden tepsiye dökün.', 'Fırına verdiğiniz sütlaçları, önceden ısıtılmış 200 derece fırında 12-15 dakika kadar pişirin.', 'Fırından bir mutfak eldiveni yardımıyla çıkardığınız sütlaç kaselerini, oda ısısında soğuttuktan sonra buzdolabına kaldırın. Soğuttuktan sonra fırın sütlaçları sevdiklerinizle paylaşın.']",SÜTLÜ TATLI,239b56,/tarif/sutlu-tatlilar/,"['Tatlı', 'Ramazan', 'Sütlü Tatlı', 'Video']","['ekonomik', 'ara öğün', 'çay saati']","['Ara Öğün', 'Çay Saati']","['Fırın', 'Tencere']",,False,2700,1800,2019-05-02T08:14:33Z,4.0,1200815,6587,False,True,True,0,,0,,,,2015/03/ytk-firin-sutlac-site.jpg,0,0,https://cdn.yemek.com/mnresize/940/940/uploads/2015/03/ytk-firin-sutlac-site.jpg,940,940,False,https://cdn.yemek.com/mncrop/300/200/uploads/2015/03/ytk-firin-sutlac-site.jpg,300,200,True,https://cdn.yemek.com/mncrop/940/625/uploads/2015/03/ytk-firin-sutlac-site.jpg,940,625,True,https://cdn.yemek.com/mncrop/620/388/uploads/2015/03/ytk-firin-sutlac-site.jpg,620,388,True,https://cdn.yemek.com/mncrop/600/315/uploads/2015/03/ytk-firin-sutlac-site.jpg,600,315,True,['fırın'],,,,,
516,180,Yasemin Özaltın,https://cdn.yemek.com/author/35533/20181219061403_avatar.jpg,/profil/yasemingursurer/,20 Dakikada Buzlukta: Mozaik Pasta,Mozaik Pasta,/tarif/mozaik-pasta/,20 dk,20 dk,"<p>Biz çocukken mutfaktaki hummalı çalışmanın sonucu annelerimizin lezzetli ellerinden tüm ömrümüz boyunca unutamayacağımız kadar lezzetli <a href=""https://yemek.com/tarif/tatli/"" target=""_blank"">tatlılar</a>, <a href=""https://yemek.com/tarif/pasta-tatli/"" target=""_blank"">pastalar</a> çıkardı. Bu pasta hiç şüphesiz mozaik pastanın ta kendisiydi! Bu kolay mozaik pasta, küçük büyük herkesin bayılarak yediği lezzeti her daim garantili olan oldukça kolay ve pratik bir <a href=""https://yemek.com/tarif/"" target=""_blank"">tarif</a>. Hadi gelin bisküvili mozaik pastanın sırlarını bir bir anlatalım size. Anılarımıza doğru tatlı bir yolculuğa çıkaran, <strong>petibör bisküvili</strong> mozaik pasta tarifiyle karşınızdayız!</p>
<p>Bisküvi, tereyağı, toz şeker ve kakaonun bir araya gelip yaptığı en lezzetli pasta tariflerinden biri o. Biz bu kez farklı malzemeler ekleyerek <strong>klasik mozaik pasta</strong> tarifinin tadına da tat kattık. Bu üçgen mozaik pastanın yapımı o kadar kolay, pratik ve bir o kadar lezzetli ki...</p>
<p>Hadi o zaman! Buyursunlar en güzel mozaik pasta tarifine ve yapılış adımlarını gösteren mozaik pasta videomuza. <img src=""https://cdn.yemek.com/assets/images/smiley/smile.png"" class=""wp-smiley img-responsive"" /></p>
",recipe,"['süt', 'kakao', 'pudra şekeri', 'tereyağ', 'Hindistan cevizi', 'petibör bisküvi']","['Tereyağını eritin.', 'Pudra şekerini karıştırma kabına aktarın.\xa0Pudra şekerinin üzerine erittiğiniz tereyağını ve sütü dökün.\xa0Kakaoyu da ilave edin.', 'Malzemeleri çırpın.', 'Üzerine bisküvileri kırın.', 'Bisküvileri de koyduktan sonra tüm malzemeleri spatula yardımıyla nazikçe karıştırın.', 'Servis edeceğiniz kalıbın içini streç film ile kaplayın.', 'Tüm harcı ekleyin ve üzerini kapatın.', 'Buzdolabının dondurucu bölümünde 4 saat bekletin. Hindistan cevizi serpin. Dilimleyerek soğuk olarak servis edin.', 'Afiyet olsun!']",PASTA,239b56,/tarif/pasta-tatli/,"['Tatlı', 'Pasta', 'Video']","['ara öğün', 'çay saati']",['Çay Saati'],['Tencere'],['Ekonomik'],False,1200,1200,2022-03-18T14:40:39Z,4.0,1512620,8912,False,True,True,0,,0,,,,2022/03/mozaik-pasta-tarifi-yemekcom.jpg,0,0,https://cdn.yemek.com/mnresize/940/940/uploads/2022/03/mozaik-pasta-tarifi-yemekcom.jpg,940,940,False,https://cdn.yemek.com/mncrop/300/200/uploads/2022/03/mozaik-pasta-tarifi-yemekcom.jpg,300,200,True,https://cdn.yemek.com/mncrop/940/625/uploads/2022/03/mozaik-pasta-tarifi-yemekcom.jpg,940,625,True,https://cdn.yemek.com/mncrop/620/388/uploads/2022/03/mozaik-pasta-tarifi-yemekcom.jpg,620,388,True,https://cdn.yemek.com/mncrop/600/315/uploads/2022/03/mozaik-pasta-tarifi-yemekcom.jpg,600,315,True,,,,,,
517,29467,Yasemin Özaltın,https://cdn.yemek.com/author/35533/20181219061403_avatar.jpg,/profil/yasemingursurer/,3-2-1 Ölçüsüyle: Bayatlamayan Kabartma Tozlu Poğaça,Bayatlamayan Kabartma Tozlu Poğaça,/tarif/bayatlamayan-kabartma-tozlu-pogaca/,15 dk,15 dk,"<p>Hem çok kolay, hem çok hızlı, hem de yemesi pek keyifli muhteşem bir <a href=""https://yemek.com/tarif/pogaca/"" target=""_blank"">poğaça</a>...Bayatlamayan kabartma tozlu poğaça tarifi, hazırlandıktan sonra tadına bakıp da beğenmeyenini, ikincisini istemeyenini zor bulursunuz. İçindeki malzemelerin miktarlarından dolayı “3-2-1 poğaça <a href=""https://yemek.com/tarif/"" target=""_blank"">tarif</a>i” diye de bilinen bu güzelliği hala denemeyenler varsa diye zevkle paylaşıyoruz.</p>
<p>3-2-1 poğaça tarifi, malzemeleri ile de ekonomik! İçinde 3 paket kabartma tozu, 2 bardak yoğurt ve 1 yumurta var. Kabartma tozu ne kadar da çokmuş acı olur o diyorsanız, hiç de öyle olmadığını, inanılmaz yumuşak, aşırı lezzetli olduğunu deneyince anlayacaksınız. Üstelik de bayatlamıyor, hoş gerçi bayatlamasını bekleyecek kadar uzun süre yemeden duramayacaksınız o da ayrı.  O zaman siz aşağıda yazan diğer malzemeleri de hazırlayıverin, <a href=""https://yemek.com/tarif/yumusak-pogaca/"" target=""_blank"">yumuşacık poğaça</a>mızı yapalım. Şimdiden afiyetler olsun.</p>
",recipe,"['tuz', 'toz şeker', 'un', 'kabartma tozu', 'yoğurt', 'yumurta sarısı', 'sirke', 'beyaz peynir', 'susam', 'yumurta beyazı', 'sıvı yağ']","['Bir yoğurma kabına; yağ, yoğurt ve yumurta beyazını alıp güzelce karıştırın.', 'Ardından kabartma tozları, tuz, şeker ve sirkeyi de ilave edip, tekrar karıştırın.', 'Unu azar azar ilave ederek yoğurmaya başlayın. Hafifçe ele yapışan bir hamur elde edeceksiniz.', 'Hazırladığınız hamurdan mandalinadan biraz küçük olacak parçalar kopartın. Elinizle yuvarlayın ve avucunuzla bastırıp yassılaştırın.', 'Yassılaştırdığınız hamur parçasının ortasına bir çatalla ezdiğiniz beyaz peynirden biraz koyun.', 'Kenarlarını birleştirip kapatın ve tekrar yuvarladıktan sonra yağlı kağıt serdiğiniz bir fırın tepsisine yerleştirin.', 'Tüm hamuru bu şekilde hazırlayıp tepsiye dizin.', 'Üstlerine bir fırça yardımıyla yumurta sarısı sürün ve susam serpin. Önceden ısıttığınız 200 derece fırında, üstleri kızarana dek yaklaşık 15 dakika pişirin.', 'Tepsiyi fırından aldıktan sonra ılıklaşmasını bekleyin ve ardından servis edin.']",POĞAÇA,239b56,/tarif/pogaca/,"['Hamur İşi', 'Kahvaltılık', 'Poğaça', 'Video']","['kahvaltı', 'çay saati']","['Kahvaltı', 'Çay Saati']",['Fırın'],['Vejetaryen'],False,900,900,2018-01-31T07:11:19Z,4.0,1443090,8543,False,True,False,0,,0,,,,2018/01/bayatlamayan-pofuduk-pogaca-yemekcom.jpg,0,0,https://cdn.yemek.com/mnresize/940/940/uploads/2018/01/bayatlamayan-pofuduk-pogaca-yemekcom.jpg,940,940,False,https://cdn.yemek.com/mncrop/300/200/uploads/2018/01/bayatlamayan-pofuduk-pogaca-yemekcom.jpg,300,200,True,https://cdn.yemek.com/mncrop/940/625/uploads/2018/01/bayatlamayan-pofuduk-pogaca-yemekcom.jpg,940,625,True,https://cdn.yemek.com/mncrop/620/388/uploads/2018/01/bayatlamayan-pofuduk-pogaca-yemekcom.jpg,620,388,True,https://cdn.yemek.com/mncrop/600/315/uploads/2018/01/bayatlamayan-pofuduk-pogaca-yemekcom.jpg,600,315,True,,,,,,
518,129,Yasemin Özaltın,https://cdn.yemek.com/author/35533/20181219061403_avatar.jpg,/profil/yasemingursurer/,Lokanta Usulü: Köri Soslu Tavuk,Köri Soslu Tavuk,/tarif/kori-soslu-tavuk/,20 dk,10 dk,"<p>Baharat sevenleri, her yaptığı <a href=""https://yemek.com/tarif/"" target=""_blank"">yemek tarifinin</a> içine tuz hariç mutlaka en az 2 baharat ekleyenleri, körinin kokusunu da tadını da çok sevenleri böyle alalım. Güneydoğu Asya Mutfağı'nın vazgeçilmez baharatı köri, içerisinde bulunan sumak, zencefil, kimyon, kişniş vb. baharatlarla tam bir şifa kaynağı olma özelliğini taşıyor. Beyaz etlerle harika bir uyum yakalayan köri, en çok <a href=""https://yemek.com/tarif/tavuk/"" target=""_blank"">tavuk etini</a> seviyor. Karşınızda nefis mi nefis: <strong>Köri soslu tavuk tarifi!</strong></p>
<p>Resimli anlatımıyla, en pratik ve yemelere doyum olmaz körili tavuk tarifini veriyor, köri sos nasıl yapılır tek tek anlatıyoruz. Yanına <a href=""https://yemek.com/tarif/patates-puresi/"" target=""_blank"">patates püresi</a>, <a href=""https://yemek.com/tarif/salata/"" target=""_blank"">salata</a> ya da <a href=""https://yemek.com/tarif/pilav/"" target=""_blank"">pilavla</a> servis edebilirsiniz. Lokantalarda sunulan köri soslu tavuklardan çok daha lezzetli oluyor, yiyen herkes tarifini istiyor. Bu lezzeti sık sık pişirmek isteyeceksiniz. Şimdiden ellerinize sağlık diyor, <a href=""https://yemek.com/soslu-tavuk-yemekleri/"" target=""_blank"">soslu tavuk yemekleri</a> arasında en çok sevilen bu kolay yemek tarifimize buyur ediyoruz.</p>
<p>Köri sosun tadını sevdiyseniz belki sonra <a href=""https://yemek.com/tarif/kremali-korili-tavuklu-makarna/"" target=""_blank"">köri soslu makarna tarifine</a> de şans vermek isteyebilirsiniz. Afiyet olsun!</p>
",recipe,"['tereyağı', 'sıcak su', 'tuz', 'un', 'maydanoz', 'karabiber', 'kuşbaşı tavuk göğsü', 'soğuk süt', 'köri', 'sıvı yağ']","['Sıvı yağını bir tavada kızdırın. Kuşbaşı\xa0doğranmış tavuk göğsünü aktarın.', 'Renk alıp, suyunu çekene kadar orta ateşte kavurun.', 'Köri sosu hazırlamak için; ayrı bir tavada tereyağını sos tenceresinde eritin.', 'Unu da üzerine ekleyin ve\xa0 kokusu çıkıp, renk alana kadar karıştırarak kavurun.', 'Kavrulan una soğuk sütü ekleyin ve unun topaklanmaması için bir çırpıcı yardımıyla hızlıca karıştırın.', 'Sıcak su, köri, tuz ve karabiberi katın.', 'Sosu, kısık ateşte koyu bir kıvam alana kadar sürekli karıştırarak 4- 5 dakika pişirin.', 'Hazırladığınız sosu, kavrulan tavuklara ekleyin ve harmanladıktan sonra pişirme işlemini 5 dakika kadar sürdürün.', 'İncecik kıyılmış bir avuç maydanozu, köri soslu tavuğa ilave ettikten sonra bekletmeden sıcak olarak servis edin.', 'Köri soslu tavuk tarifi hazır. Afiyet olsun!']",TAVUK,239b56,/tarif/tavuk/,"['Tavuk', 'Video']","['ekonomik', 'akşam yemeği', 'öğle yemeği']","['Öğle Yemeği', 'Akşam Yemeği']",['Tencere'],"['Ekonomik', 'Bol Proteinli']",False,1200,600,2019-05-14T13:24:40Z,4.0,1396751,11895,False,True,True,0,,0,,,,2014/06/kori-soslu-tavuk-yemekcom.jpg,0,0,https://cdn.yemek.com/mnresize/940/940/uploads/2014/06/kori-soslu-tavuk-yemekcom.jpg,940,940,False,https://cdn.yemek.com/mncrop/300/200/uploads/2014/06/kori-soslu-tavuk-yemekcom.jpg,300,200,True,https://cdn.yemek.com/mncrop/940/625/uploads/2014/06/kori-soslu-tavuk-yemekcom.jpg,940,625,True,https://cdn.yemek.com/mncrop/620/388/uploads/2014/06/kori-soslu-tavuk-yemekcom.jpg,620,388,True,https://cdn.yemek.com/mncrop/600/315/uploads/2014/06/kori-soslu-tavuk-yemekcom.jpg,600,315,True,"['tencere', 'bol proteinli']",,,,,
519,305,Gökçen Mutaf,https://cdn.yemek.com/author/23120/20181227103819_avatar.jpeg,/profil/gokcenmutaf/,Şaşmayan Tarif: Sade Kek,Sade Kek,/tarif/sade-kek/,40 dk,15 dk,"<p>Kocaman kabarmış, lezzetiyle herkesi kendine hayran bırakacak en klasik lezzetlerdendir sade kek tarifi. Süt, yumurta ve şekerin önderliğinde, misler gibi vanilya kokusunun büyüsünde hazırlanan harç fırının sıcacık kollarına teslim edilir. Kabarırken bile kendine hayran bırakan sade kek, çayın yanına hazırlanan en pratik kek olarak çıkar oradan. Karşınızda işte o enfes anların mimarı sade kek tarifi!</p>
<p>Birbirinden nefis <a href=""https://yemek.com/tarif/kek/"" target=""_blank"">kek tarifleri</a> arasında en baştan bize göz kırpan bu lezzet, kabarık ve yumuşak dokusuyla boyut atlıyor bu kez. Çaylarınızın, kahveleriniz hazırsa o yumuşacık sade kek tarifimiz geliyor. Şimdiden ellerinize sağlık.</p>
<p>Not: ""Sade kek de güzel ama kakaolu keki de çok seviyorum"" diyenler için yumuşacık kakaolu kek tarifimiz de hemen <a href=""https://yemek.com/tarif/kakaolu-kek/"" target=""_blank"">şurada</a>.</p>
",recipe,"['yumurta', 'toz şeker', 'süt', 'un', 'kabartma tozu', 'vanilin', 'sıvı yağ']","['Yumurtaları derince bir kaba kırın ve toz şekeri ekledikten sonra bir mikser ile 10 dakika boyunca çırpın.\xa0Krema kıvamına gelen karışıma sıvı yağı ve sütü ekleyip bir spatula ile karıştırın.', 'Üstüne unu, kabartma tozunu ve vanilini de ekledikten sonra tekrar karıştırın ve sıvı yağ ile yağladığınız bir kek kalıbına hazırladığınız karışımı dökün.', 'Önceden ısıtılmış 180 derecelik fırında 40 dakika kadar pişirin.\n\n&nbsp;', 'Kek kürdan testini geçince fırından alın ve tamamen soğuduktan sonra kalıbı ters çevirerek kalıptan çıkarın.', 'Dilimleyerek servis edin.\xa0 Afiyetler olsun!']",TATLI KEK,239b56,/tarif/tatli-kek/,"['Kek', 'Tatlı Kek']",['çay saati'],['Çay Saati'],['Fırın'],['Vejetaryen'],False,2400,900,2022-03-10T07:30:22Z,4.0,1356751,3356,False,False,True,0,,0,,,,2014/07/sade-kek-tarifi-yeni.jpg,0,0,https://cdn.yemek.com/mnresize/940/940/uploads/2014/07/sade-kek-tarifi-yeni.jpg,940,940,False,https://cdn.yemek.com/mncrop/300/200/uploads/2014/07/sade-kek-tarifi-yeni.jpg,300,200,True,https://cdn.yemek.com/mncrop/940/625/uploads/2014/07/sade-kek-tarifi-yeni.jpg,940,625,True,https://cdn.yemek.com/mncrop/620/388/uploads/2014/07/sade-kek-tarifi-yeni.jpg,620,388,True,https://cdn.yemek.com/mncrop/600/315/uploads/2014/07/sade-kek-tarifi-yeni.jpg,600,315,True,['fırın'],,,,,
520,183,Cemre Özgüzel,https://cdn.yemek.com/author/109/20200211010242_avatar.jpg,/profil/cemre-ozguzel/,Pastane Usulü: Un Kurabiyesi,Un Kurabiyesi,/tarif/un-kurabiyesi/,15 dk,25 dk,"<p>Kıyır kıyır dediğimiz <a href=""https://yemek.com/kurabiye-tarifleri/"" target=""_blank"">kurabiye tarifleri</a>nin şahı un kurabiyesidir. Uzun süre bozulmadan dayanabilmesi de bu lezzetli ve pratik kurabiyeyi popüler kılan noktalardan biridir. Kolay un kurabiyesi yapımında pudra şekeri elenerek servis edildiği için tarifinde çok az miktarda şeker kullanılır. Ağza gelmemesi için pudra şekeri tercih edilir. Hem kıvamı hem de dokusuyla, enfes mi enfes <strong>un kurabiyesi tarifi</strong> karşınızda!</p>
<p>""<a href=""https://yemek.com/agizda-dagilan-kurabiye-nasil-yapilir/"" target=""_blank"">Ağızda dağılan un kurabiyesi nasıl yapılır?</a>"" diyenler tarifin detaylarında açıklamalı anlatımını bulacak. Basit ve gerçek un kurabiyesinin tüm malzemeleri, yapılış adımları ve videosu ise hemen aşağıda. Hazırsanız en güzel un kurabiyesini yapmak için çalışmalara başlayalım! ''Un kurabiyesi tarifi nasıl yapılır?'' diyenlerinizi tarifimize alalım. Şimdiden ellerinize sağlık diyor, kolaylığı ve <strong>ağızda dağılan lezzetiyle un kurabiyesi</strong> <a href=""https://yemek.com/tarif/"" target=""_blank"">tarifi</a> karşınızda!</p>
",recipe,"['yumurta', 'un', 'vanilya', 'kabartma tozu', 'pudra şekeri', 'pudra şekeri', 'buğday nişastası', 'oda sıcaklığında tereyağı', 'sıvı yağ']","['Un kurabiyesi için 200 gram oda sıcaklığında bekletilmiş tereyağını derin bir yoğurma kasesine aktarın.', 'Üzerine 1 adet yumurta ve 1 çay bardağı sıvı yağını da ekledikten sonra pürüzsüz bir kıvam olana kadar çırpın.', '1 su bardağı pudra şekeri, 5 yemek kaşığı buğday nişastası, 1 paket kabartma tozu, 1 paket vanilin ve 3 su bardağı unu azar azar ekleyin.', 'Ele yapışmayacak kıvamda bir hamur elde edene kadar yoğurun.', 'Kurabiye hamurundan büyükçe bir parça alın ve tezgahın üzerinde yuvarlayarak 2 parmak kalınlığında rulo şekline getirin.', 'Kenar kısımlarını kesin. Ardından üzerinden çatal yardımıyla geçerek şekil verin.', 'Bıçak yardımıyla 3 parmak genişliğinde parçalar kesin. Fırın tepsisine aktarın.', 'Üzerleri hafif kızarıp renk alana kadar önceden ısıtılmış 170 derece fırında 15 dakika kadar pişirin.', 'Soğuttuktan sonra pudra şekeri eleyin.', 'Ardından un kurabiyelerini servis edin. Afiyetler olsun!']",TATLI KURABİYE,239b56,/tarif/tatli-kurabiyeler/,"['Kurabiye', 'Video', 'Tatlı Kurabiye']",['çay saati'],['Çay Saati'],['Fırın'],,False,900,1500,2022-04-01T07:45:01Z,4.0,1330455,3412,False,True,True,0,,0,,,,2022/04/un-kurabiyesi-onecikan-yeni.jpg,0,0,https://cdn.yemek.com/mnresize/940/940/uploads/2022/04/un-kurabiyesi-onecikan-yeni.jpg,940,940,False,https://cdn.yemek.com/mncrop/300/200/uploads/2022/04/un-kurabiyesi-onecikan-yeni.jpg,300,200,True,https://cdn.yemek.com/mncrop/940/625/uploads/2022/04/un-kurabiyesi-onecikan-yeni.jpg,940,625,True,https://cdn.yemek.com/mncrop/620/388/uploads/2022/04/un-kurabiyesi-onecikan-yeni.jpg,620,388,True,https://cdn.yemek.com/mncrop/600/315/uploads/2022/04/un-kurabiyesi-onecikan-yeni.jpg,600,315,True,['fırın'],,,,,
521,121,Cemre Özgüzel,https://cdn.yemek.com/author/109/20200211010242_avatar.jpg,/profil/cemre-ozguzel/,"Kolay, Pratik, Tam Kıvamında: Kakaolu Kek",Kakaolu Kek,/tarif/kakaolu-kek/,35 dk,10 dk,"<p>Bir parça kakaolu <a href=""https://yemek.com/tarif/kek/"" target=""_blank"">kek</a>; göz doldurur, iştah açar, <a href=""https://yemek.com/tarif/iced-latte/"" target=""_blank"">kahvenin</a> yanında iyi gider, misafir kurtarır, evlat sevindirir, anne özlemini artırır. On diliminde on marifet kakaolu kek, yapması da kolay olduğundan öğrencilerin de yapabilecekleri en nefis ve pratik <a href=""https://yemek.com/tarif/kek/"" target=""_blank"">kek tariflerinden</a> biri.</p>
<p>Kek denince akla gelen ilk <a href=""https://yemek.com/tarif/tatli-kek/"" target=""_blank"">tatlı kek</a> tarif olan <a href=""https://yemek.com/kakaolu-kek-tarifleri/"" target=""_blank"">kakaolu kek tarifi</a>ni en kolay, pratik ve tam kıvamında bir şekilde yapmak mümkün! Bu pratik kakaolu kek yumuşacık ve yaptığınız en güzel kakaolu kek tarifi olacak.</p>
<p>Kakaolu kek <a href=""https://yemek.com/tarif/"" target=""_blank"">tarif</a>imizin videosu hemen aşağıda, afiyet olsun!</p>
",recipe,"['yumurta', 'toz şeker', 'süt', 'un', 'vanilya', 'kabartma tozu', 'kakao', 'maden suyu', 'sıvı yağ']","['Yumurtaları ve toz şekeri derin bir kapta, bir mikser yardımıyla şeker eriyene kadar çırpın.', 'Ardından sıvı yağ, süt ve\xa0 sodayı da üzerine ekleyip çırpmaya devam edin.', 'Kek harcına unu ve kakaoyu azar azar ilave edin. Kabartma tozu ve vanilini de ekledikten sonra spatula yardımıyla, pürüzsüz bir harç elde edene kadar karıştırmaya devam edin.', 'Hazırladığınız kakaolu kek karışımını yağladığınız kek kalıbına dökün.', 'Önceden ısıtılmış 180 derece fırında 30-35 dakika kadar pişirin. İçini çekmesi için beklettiğiniz keki, ılınınca kalıbından çıkartın.', 'Üzerine pudra şekeri serperek servis edin.']",TATLI KEK,239b56,/tarif/tatli-kek/,"['Kek', 'Video', 'Tatlı Kek']","['ekonomik', 'ara öğün']",['Çay Saati'],['Fırın'],['Ekonomik'],False,2100,600,2020-11-19T10:43:04Z,4.0,1321844,5041,False,True,True,0,,0,,,,2019/03/kakaolu-kek-one-cikan-yeni.jpg,0,0,https://cdn.yemek.com/mnresize/940/940/uploads/2019/03/kakaolu-kek-one-cikan-yeni.jpg,940,940,False,https://cdn.yemek.com/mncrop/300/200/uploads/2019/03/kakaolu-kek-one-cikan-yeni.jpg,300,200,True,https://cdn.yemek.com/mncrop/940/625/uploads/2019/03/kakaolu-kek-one-cikan-yeni.jpg,940,625,True,https://cdn.yemek.com/mncrop/620/388/uploads/2019/03/kakaolu-kek-one-cikan-yeni.jpg,620,388,True,https://cdn.yemek.com/mncrop/600/315/uploads/2019/03/kakaolu-kek-one-cikan-yeni.jpg,600,315,True,['fırın'],,,,,
522,302,Yasemin Özaltın,https://cdn.yemek.com/author/35533/20181219061403_avatar.jpg,/profil/yasemingursurer/,"Tüm Püf Noktalarıyla, Kolay: Şekerpare",Şekerpare,/tarif/sekerpare/,25 dk,30 dk,"<p>İrmik ile tatlanıp, kıtır bir kıvam alan tatlılarımızdan o. Evet doğru bildiniz, bayram tatlılarının da başında gelen, <a href=""https://yemek.com/tarif/serbetli-tatlilar/"" target=""_blank"">şerbetli tatlı</a> tariflerinin en sevilenlerinden şekerpare tarifinden bahsediyoruz. Pastanelerde yediğinizde tadı damağınızda kalan <strong>gerçek şekerparelerin sırları</strong>nı aldık, üzeri nefis bir şekilde kızarmış, şerbetini tam kıvamında çekmiş muhteşem bir şekerpare tatlısı hazırladık. Bu keyfe ortak olmak ve 'Şekerpare nasıl yapılır?', ""<strong>Şekerpare şerbeti nasıl yapılır?</strong>"" sorularına cevap bulmak, ""En güzel şekerpare <a href=""https://yemek.com/tarif/tatli/"" target=""_blank"">tatlısı</a> tarifini aradım aradım ama bulamadım"" diyenlerin derdine tam ölçülü ve ev yapımı bir şekerpare tarifiyle çözüm olmak istedik. İşte karşınızda, tüm püf noktalarıyla: Şekerpare <a href=""https://yemek.com/tarif/"" target=""_blank"">tarif</a>i!</p>
<p><a href=""https://yemek.com/tarif/sekerpare-2/"" target=""_blank"">Şekerpare tarifini </a>hazırlamak pek kolay, sonrası tam bir keyif... Üzerine mini mini fındıklar konan tatlılar fırında hafif bir renk alana kadar kızaracak, fırından çıkan sıcak tatlılar önceden hazırlanan soğuk şerbet azar azar eklenecek. Videolu, denenmiş en güzel şekerpare tarifi karşınızda!</p>
<p><a href=""https://yemek.com/ramazan-tatlilari/"" target=""_blank"">Ramazan sofralarında</a>, iftarda olmazsa olmaz tatlılardan biri olan şekerpare tatlısını yaparken işin biraz daha kolayına kaçmak isteyenler <a href=""https://yemek.com/tarif/kolay-sekerpare"" target=""_blank"">kolay şekerpare tarifimize</a>, klasik şekerpare tatlısı tarifi için de videolu tarifimizi davetlisiniz.</p>
",recipe,"['yumurta', 'toz şeker', 'un', 'kabartma tozu', 'su', 'irmik', 'pudra şekeri', 'fındık', 'limonun suyu', 'vanilin', 'Hindistan cevizi', 'margarin veya tuzsuz tereyağı']","['Şekerpare için öncelikle şerbeti hazırlıyoruz. 3 su bardağı suya 2 su bardağı şeker ekleyip karıştırıyoruz ve kaynamaya bırakıyoruz.', 'Kaynayan şerbetin içerisine bir iki damla limon suyu sıktıktan sonra koyu bir şerbet kıvamını alana kadar kısık ateşte bırakıyoruz ve ocaktan aldıktan sonra şerbeti ılımaya bırakıyoruz.', 'Hamurunu hazırlamak için derin bir karıştırma kasesine 1 su bardağı pudra şekeri, 125 gram margarin, 2 yumurta, 2 yemek kaşığı hindistan cevizi, 1 paket vanilin, 1 paket kabartma tozu, 4 yemek kaşığı irmik ve azar azar unu koyup güzelce yoğuruyoruz.', 'Yoğurduğumuz hamuru 15 dakika buzdolabında dinlendirdikten sonra cevizden biraz daha büyük parçalar koparıp elimizle yuvarlak şekil veriyoruz ve pişirme kağıdı serili fırın tepsisin üzerine aralıklı olarak yerleştiriyoruz.', 'Fındıkları şekerparelerin tam ortasına bastırarak yerleştiriyoruz.', 'Şekerpareleri önceden ısıtılmış 180 derece fırında 25 dakika pişiriyoruz.', 'Kurabiyeler sıcak şerbeti de soğukken şerbetini döküyoruz. Şerbeti de döktükten sonra iyice çekmesi için bekliyoruz ve servis ediyoruz. Afiyetler olsun!']",ŞERBETLİ TATLI,239b56,/tarif/serbetli-tatlilar/,"['Hamur İşi', 'Tatlı', 'Şerbetli Tatlı', 'Ramazan', 'Video']",['çay saati'],['Çay Saati'],"['Fırın', 'Tencere']",,False,1500,1800,2022-03-18T13:00:52Z,4.0,1282307,4569,False,True,True,0,,0,,,,2014/07/sekerpare-ytk-site.jpg,0,0,https://cdn.yemek.com/mnresize/940/940/uploads/2014/07/sekerpare-ytk-site.jpg,940,940,False,https://cdn.yemek.com/mncrop/300/200/uploads/2014/07/sekerpare-ytk-site.jpg,300,200,True,https://cdn.yemek.com/mncrop/940/625/uploads/2014/07/sekerpare-ytk-site.jpg,940,625,True,https://cdn.yemek.com/mncrop/620/388/uploads/2014/07/sekerpare-ytk-site.jpg,620,388,True,https://cdn.yemek.com/mncrop/600/315/uploads/2014/07/sekerpare-ytk-site.jpg,600,315,True,['fırın'],,,,,
523,3178,Cemre Özgüzel,https://cdn.yemek.com/author/109/20200211010242_avatar.jpg,/profil/cemre-ozguzel/,Oldu Bile: Üç Malzemeli Kurabiye,Üç Malzemeli Kurabiye,/tarif/uc-malzemeli-kurabiye/,20 dk,15 dk,"<p>Ayçiçek yağı, elenmiş un ve toz krem şanti. Sadece üç malzemeyle hazırlanan <a href=""https://yemek.com/tarif/un-kurabiyesi/"" target=""_blank"">un kurabiyesi</a> gevrekliğinde pratik ve ekonomik bir <a href=""https://yemek.com/tarif/kurabiye/"" target=""_blank"">kurabiye tarifi</a>. Siz çayı demleyene kadar onlar pişmiş hatta dinlenmiş olacak, mutfağı mis gibi kurabiye kokusu saracak. Sonrası tam anlamıyla keyif.</p>
<p>Dilerseniz hazırladığınız hamuru atın buzdolabına 30 dakika dinlendirin elinizle gelişi güzel minik yuvarlaklar yaparak pişirin isterseniz de kaşık yardımıyla tepsiye dizin. Karar sizin.</p>
<p>Kurabiye canavarları da sizi sevecek. Afiyetler olsun.</p>
",recipe,"['ayçiçek yağı', 'un', 'toz krem şanti']","['1 su bardağı ayçiçek yağını derin bir karıştırma kabına alın.', '1 paket toz krem şantiyi ve unun 1 bardaklık kısmını ilave ederek karıştırmaya başlayın.', '2 su bardağı unu da azar azar ilave edin ve yumuşak, ele yapışmayan bir hamur elde edene kadar yoğurun.', 'Kıvam alan hamurunuzdan ceviz büyüklüğünde parçalar alın ve elinizle yuvarlayarak şekil verin. Ardından yağlı kağıt serili bir fırın tepsinin üzerine kurabiyelerinizi aktarın. 175 derecede ısıtılmış fırında rengi hafif değişene kadar 15-20 dakika arası pişirin.', 'Çıkarıp oda sıcaklığında soğuttuktan sonra afiyetle tüketin.']",TATLI KURABİYE,239b56,/tarif/tatli-kurabiyeler/,"['Kurabiye', 'Video', 'Tatlı Kurabiye']",['pratik yemek tarifleri'],['Çay Saati'],['Fırın'],,False,1200,900,2015-08-10T11:18:13Z,4.0,1278903,3887,False,True,False,0,,0,,,,2015/08/uc-malzemeli-kurabiye-yemekcom.jpg,0,0,https://cdn.yemek.com/mnresize/940/940/uploads/2015/08/uc-malzemeli-kurabiye-yemekcom.jpg,940,940,False,https://cdn.yemek.com/mncrop/300/200/uploads/2015/08/uc-malzemeli-kurabiye-yemekcom.jpg,300,200,True,https://cdn.yemek.com/mncrop/940/625/uploads/2015/08/uc-malzemeli-kurabiye-yemekcom.jpg,940,625,True,https://cdn.yemek.com/mncrop/620/388/uploads/2015/08/uc-malzemeli-kurabiye-yemekcom.jpg,620,388,True,https://cdn.yemek.com/mncrop/600/315/uploads/2015/08/uc-malzemeli-kurabiye-yemekcom.jpg,600,315,True,,,,,,
524,2526,Yasemin Özaltın,https://cdn.yemek.com/author/35533/20181219061403_avatar.jpg,/profil/yasemingursurer/,Yumuşacık Etlerin Sırlarıyla: Hünkar Beğendi,Hünkar Beğendi,/tarif/hunkar-begendi/,1 sa,1 sa,"<p>Saray mutfağının önde gelen, hünkarın da midesini fetheden <a href=""https://yemek.com/tarif/"" target=""_blank"">yemek tariflerinden</a> biri hünkar beğendi. Pratik bir yemek tarifi sayılan, aşamaları biraz fazla olsa da lezzetli ana yemeklerden biri o! Tereyağında kavrulmuş un ve soğuk süt ilavesiyle hazırlanan beğendi bir yana dursun kısık ateşte pişen bol soğanlı et karışımı onu diğerlerinden ayırıyor. Karşınıza her haliyle övgüleri toplayacak, <a href=""https://yemek.com/tarif/et/"" target=""_blank"">et yemeklerinin</a> en görkemlisi hünkar beğendi yemeği çıkıyor.</p>
<p>Hünkarımızın bir bildiği olmalı diyerek sizi adım adım resimli ve videolu anlattığımız<strong> hünkar beğendi kebabı</strong> tarifimize alalım. ""<strong>Hünkar beğendinin yanına ne yapılır?</strong>"" diye soranlar için de cevabımız hemen tarifin sonunda. Şimdiden ellerinize sağlık diyor, lezzetine doyum olmaz hünkar beğendi tarifimize buyur ediyoruz. Yaptığım tarif en kusursuz haliyle olsun derseniz de <a href=""https://yemek.com/tarif/kusursuz-hunkar-begendi/"" target=""_blank"">kusursuz hünkar beğendi</a> tarifimize bekleriz. Keyfi ve lezzeti bol bol olsun. Afiyetler olsun!</p>
",recipe,"['tereyağı', 'sıcak su', 'tuz', 'tuz', 'süt', 'un', 'sarımsak', 'zeytinyağı', 'domates salçası', 'taze çekilmiş tane karabiber', 'kaşar peyniri', 'orta boy kuru soğan', 'orta boy domates', 'orta boy patlıcan', 'kuzu but (arzuya göre dana eti)']","['Hünkar beğendi tarifi için 4 adet orta boy patlıcana bıçakla delikler açın ve fırın tepsisine alın. 200 derecede yaklaşık 20 dakika fırınlayın.', 'Fırınlanmış patlıcanları bir kaba alın ve kabuklarının kolay soyulması için üzerini streçleyip, 15 dakika kadar bekledikten sonra kabukları soyun.', 'Bir tavada 3 yemek kaşığı zeytinyağını kızdırın. 2 adet yemeklik doğranmış kuru soğanı da üzerine ilave edip pembeleşinceye kadar kavurun.', '4 diş doğranmış sarımsağı da üzerine ekledikten sonra 600 gram kuşbaşı dana veya kuzu etini ilave edin.', ""Etler suyunu salıp çekene kadar pişmeye bırakın. 1 yemek kaşığı domates salçası, 1'er çay kaşığı tuz ve karabiber, 3 adet soyulmuş, doğranmış domates ekleyin."", '2 su bardağı sıcak su ekleyip etler yumuşayana kadar pişmeye bırakın.', 'Şimdi de beğendiyi hazırlayalım. 1 yemek kaşığı tereyağını bir tavada eritin. 1,5 yemek kaşığı unu üzerine ilave edip kokusu çıkana kadar kavurun.', ""Üzerine fırınladığınız ve kabuklarını soyduğunuz patlıcanları ekleyin. 1,5 su bardağı sütü de üzerine yavaş yavaş ilave edin ve sürekli olarak karıştırın. 1'er çay kaşığı tuz ve karabiberi de ekleyin."", 'Sonra son olarak yarım su bardağı rendelenmiş kaşar peyniri ekleyin ve karıştırıp ocaktan alın.', 'Beğendinin üzerine yumuşacık pişmiş etleri serpiştirin ve servis edin. Hünkar beğendi yemeği hazır, afiyet olsun!']",ET,239b56,/tarif/et/,"['Et', 'Ramazan', 'Video', 'Mevsiminde']","['akşam yemeği', 'öğle yemeği']","['Öğle Yemeği', 'Akşam Yemeği']",['Tencere'],['Ekonomik'],False,3600,3600,2021-03-22T08:32:29Z,4.0,1273470,10647,False,True,True,0,,0,,,,2021/03/hunkar-begendi-son-yemekcom.jpg,0,0,https://cdn.yemek.com/mnresize/940/940/uploads/2021/03/hunkar-begendi-son-yemekcom.jpg,940,940,False,https://cdn.yemek.com/mncrop/300/200/uploads/2021/03/hunkar-begendi-son-yemekcom.jpg,300,200,True,https://cdn.yemek.com/mncrop/940/625/uploads/2021/03/hunkar-begendi-son-yemekcom.jpg,940,625,True,https://cdn.yemek.com/mncrop/620/388/uploads/2021/03/hunkar-begendi-son-yemekcom.jpg,620,388,True,https://cdn.yemek.com/mncrop/600/315/uploads/2021/03/hunkar-begendi-son-yemekcom.jpg,600,315,True,"['tencere', 'bol proteinli', 'bol lifli']",,"['Haziran', 'Temmuz', 'Ağustos']",,,
525,410,Yasemin Özaltın,https://cdn.yemek.com/author/35533/20181219061403_avatar.jpg,/profil/yasemingursurer/,Yağdan Hafif: Fırında Baharatlı Patates,Fırında Baharatlı Patates,/tarif/baharatli-firin-patates/,30 dk,10 dk,"<p>Var mı patates sevmeyen? <a href=""https://yemek.com/tarif/kofte/"" target=""_blank"">Köfte</a>nin yanında patates kızartması yemeyi düşlemeyen, önceden kızarttığı patatesleri yumurtayla harmanlayıp yumurtalı patates haline getirmeyen? Yok yazın da bozuşmayalım şimdi. <a href=""https://yemek.com/tarif/kizartma/"" target=""_blank"">Kızartma</a>sı güzel olsa da bu meredin sağlıktan ödün vermeden de kızarmış patates yemek mümkün. Nasıl mı? Patatesleri fırında kızartarak elbette.</p>
<p><strong>Fırında patates kızartması tarifi</strong>nde o çok sevdiğimiz baharatları ekleyip eser miktarda <a href=""https://yemek.com/sozluk/zeytinyagi/"" target=""_blank"">zeytinyağı</a> ile harmanladığımız patates dilimlerini fırına alıyoruz. Onlar çıtır çıtır kızardıkça size de bu <a href=""https://yemek.com/tarif/atistirmaliklar/"" target=""_blank"">atıştırmalığın</a> keyfini uzun uzadıya çıkarmak kalıyor.</p>
",recipe,"['tuz', 'zeytinyağı', 'karabiber', 'biberiye', 'kekik', 'rendelenmiş sarımsak', 'büyük boy patates', 'toz kırmızı biber']","['Bir kasede zeytinyağı, tuz, toz kırmızı biber, sarımsak, kekik, taze biberiye ve karabiberi alın.', 'Tüm malzemeleri güzelce çırparak karıştırın.', 'Patatesleri elma dilim şeklinde kesin.', 'Tabanını yağlı kağıt ile kapladığınız fırın tepsisine patatesleri yayın. Hazırladığınız sosu patateslerin üzerine gezdirin ve her yerine gelecek şekilde karıştırın.', 'Önceden ısıtılmış 200 derece fırında 25- 30 dakika kızarana kadar fırından yükselen mis gibi kokuyu içinize çeke çeke bekleyin. Piştikten sonra afiyetle tüketin.']",TUZLU ATIŞTIRMALIK,239b56,/tarif/tuzlu-atistirmalik/,"['Sebze', 'Atıştırmalık', 'Video', 'Tuzlu Atıştırmalık', 'Mevsiminde']","['pratik yemek tarifleri', 'ekonomik', 'başlangıç', 'diyet']","['Öğle Yemeği', 'Akşam Yemeği']",['Fırın'],,False,1800,600,2014-08-04T13:30:26Z,4.0,1246823,7207,False,True,True,0,,0,,,,2014/08/baharatli-patates-yemekcom.jpg,0,0,https://cdn.yemek.com/mnresize/940/940/uploads/2014/08/baharatli-patates-yemekcom.jpg,940,940,False,https://cdn.yemek.com/mncrop/300/200/uploads/2014/08/baharatli-patates-yemekcom.jpg,300,200,True,https://cdn.yemek.com/mncrop/940/625/uploads/2014/08/baharatli-patates-yemekcom.jpg,940,625,True,https://cdn.yemek.com/mncrop/620/388/uploads/2014/08/baharatli-patates-yemekcom.jpg,620,388,True,https://cdn.yemek.com/mncrop/600/315/uploads/2014/08/baharatli-patates-yemekcom.jpg,600,315,True,"['vejetaryen', 'fırın', 'düşük karbonhidratlı']",,"['Haziran', 'Temmuz', 'Ağustos', 'Eylül']",,,
526,2040,Yasemin Özaltın,https://cdn.yemek.com/author/35533/20181219061403_avatar.jpg,/profil/yasemingursurer/,Üzeri Kızarmış: Fırın Sütlaç,Fırın Sütlaç,/tarif/firin-sutlac/,45 dk,30 dk,"<p><a href=""https://yemek.com/tarif/sutlu-tatlilar/"" target=""_blank"">Sütlü tatlı</a>ların en besleyici olanı, pirincin en güzel ve <a href=""https://yemek.com/tarif/tatli/"" target=""_blank"">tatlı</a> halidir <a href=""https://yemek.com/tarif/sutlac/"" target=""_blank"">sütlaç</a>. Bu sefer bizim yaptığımız gibi tarifinde küçük bir farklılık yapıp yumurta sarısı ilavesiyle pişirdiğinizde ve porsiyonluk fırın kaplarında pişirme işlemini sürdürdüğünüzde fırın sütlaç göz kırpar size.</p>
<p>Tarçın ilavesi ile soğuk soğuk yendiğinde tadına doyum olmaz. <strong>Tam ölçülü ve kıvamı asla şaşmayan</strong> bir <a href=""https://yemek.com/tarif/"" target=""_blank"">tarif</a> üstelik. Bir yiyenin lezzetine hayran kalacağı fırın sütlaçlar karşınızda! Bir kase yesek mi?</p>
",recipe,"['pirinç', 'toz şeker', 'süt', 'su', 'su', 'yumurta sarısı', 'buğday nişastası', 'vanilin']","['Fırın sütlaç için öncelikle bol suda yıkadığınız pirinçleri; bir tencerede, 2 su bardağı suyu ekleyerek orta ateşte suyunu çekene kadar haşlayın.', 'Soğuk süt ve toz şekeri ayrı bir geniş tencereye alın.\xa0Bir çırpma teliyle toz şeker eriyene kadar karıştırdıktan sonra ocağa alın. Kısık ateşte kaynamaya bırakın.', 'Vanilini toz şeker eriğinde süte ekleyin.', 'Haşlanan pirinçleri ocaktan alın ve fazla suyu kaldıysa süzün.', '1-2 dakika kadar kaynayan şekerli süte haşlanmış pirinçleri ilave edin.', 'Yumurta sarısını, buğday nişastası ve 1 bardak su ilavesiyle ayrı bir kabın içerisine alın.', 'Pürüzsüz bir kıvam alana kadar karıştırın.', 'Yumurta sarısının kesilmemesi için; kısık ateşte kaynamakta olan süt karışımından alıp nişastalı karışımı ılıştırın.', 'Hazırladığınız yumurta sarılı karışımı sütlaç tenceresine azar azar katıp hızlıca karıştırın.', 'Kıvam alan sütlacı, ısıya dayanıklı porsiyonluk güveç kaplarına eşit ölçüde boşaltın.', 'Sütlaç kaselerini, derin bir fırın tepsisine aralıklı olarak dizin. Kapların yarısına gelecek kadar soğuk suyu, sütlaçlara değdirmeden tepsiye dökün.', 'Fırına verdiğiniz sütlaçları, önceden ısıtılmış 200 derece fırında 12-15 dakika kadar pişirin.', 'Fırından bir mutfak eldiveni yardımıyla çıkardığınız sütlaç kaselerini, oda ısısında soğuttuktan sonra buzdolabına kaldırın. Soğuttuktan sonra fırın sütlaçları sevdiklerinizle paylaşın.']",SÜTLÜ TATLI,239b56,/tarif/sutlu-tatlilar/,"['Tatlı', 'Ramazan', 'Sütlü Tatlı', 'Video']","['ekonomik', 'ara öğün', 'çay saati']","['Ara Öğün', 'Çay Saati']","['Fırın', 'Tencere']",,False,2700,1800,2019-05-02T08:14:33Z,4.0,1200815,6587,False,True,True,0,,0,,,,2015/03/ytk-firin-sutlac-site.jpg,0,0,https://cdn.yemek.com/mnresize/940/940/uploads/2015/03/ytk-firin-sutlac-site.jpg,940,940,False,https://cdn.yemek.com/mncrop/300/200/uploads/2015/03/ytk-firin-sutlac-site.jpg,300,200,True,https://cdn.yemek.com/mncrop/940/625/uploads/2015/03/ytk-firin-sutlac-site.jpg,940,625,True,https://cdn.yemek.com/mncrop/620/388/uploads/2015/03/ytk-firin-sutlac-site.jpg,620,388,True,https://cdn.yemek.com/mncrop/600/315/uploads/2015/03/ytk-firin-sutlac-site.jpg,600,315,True,['fırın'],,,,,
527,85,Yasemin Özaltın,https://cdn.yemek.com/author/35533/20181219061403_avatar.jpg,/profil/yasemingursurer/,Terbiyesinin Kesilme Derdi Yok: Yayla Çorbası,Yayla Çorbası,/tarif/yayla-corbasi/,35 dk,15 dk,"<p>Yayla çorbasının tadına varmak için yaz ya da kış fark etmez! Anadolu’nun geleneksel çorbalarından ve <a href=""https://yemek.com/tarif/"" target=""_blank"">yemek tariflerinden</a> biri olan bu lezzet size de nane <strong>ferahlığını</strong> çağrıştırmıyor mu?</p>
<p><a href=""https://yemek.com/tarif/kahvaltiliklar/"" target=""_blank"">Kahvaltı</a>dan akşam yemeğine günün her saati tüketebileceğiniz bu <strong>pratik</strong> ve besleyici <a href=""https://yemek.com/tarif/corba/"" target=""_blank"">çorba tarifi</a>ni püf noktalarına dikkat ederek birlikte hazırlayalım.</p>
<p>En güzel çorba <strong>tariflerinden</strong> biri olan yayla çorbası tarifinde bulunan yoğurt sayesinde bir vitamin kaynağıdır. Hatta bu yüzden yoğurt çorbası olarak bile anılır.</p>
<p>Pirinçli, yoğurtlu bu yayla çorbasının tarifi hem videolu hem de adım adım resimli olarak tüm <strong>püf noktalarıyla</strong> karşınızda. Farklı yayla çorbası tarifi arayanlar için <a href=""https://yemek.com/tarif/yumurtasiz-yayla-corbasi/"" target=""_blank"">yumurtasız yayla çorbası</a> ve <a href=""https://yemek.com/tarif/kolay-yayla-corbasi/"" target=""_blank"">kolay yayla çorbası</a> tarifimizi de öneririz.</p>
",recipe,"['pirinç', 'tereyağı', 'tuz', 'pul biber', 'un', 'su', 'yoğurt', 'yumurta sarısı', 'zeytinyağı', 'kuru nane', 'limonun suyu']","['Çorbayı pişireceğiniz tencereye 2 su bardağı yoğurt, 1,5 yemek kaşığı un, 2 yemek kaşığı limon suyu ekleyip pürüzsüz bir kıvama gelene kadar karıştırın.', '1 yumurta sarısını da karışımın üzerine ekledikten sonra tekrar karıştırın.', '6 su bardağı soğuk suyu da ilave edip orta ateşte kaynamaya bırakın.', 'Çorba kaynamaya başlayınca yıkayıp süzdüğünüz 1 çay bardağı pirinci ekleyin ve tekrar kaynamaya bırakın.', ""Bu sırada ayrı bir tavada 2'şer yemek kaşığı zeytinyağı ve tereyağını kızdırın. 1 yemek kaşığı kuru naneyi de üzerine ekleyip karıştırın ve ocaktan alın."", 'Hazırladığınız yağı kaynamakta olan çorbanın üzerine dökün. Pul biberi ve tuzu da ekleyin.', 'Güzelce karıştırıp ocağın altını kapatın.', 'Yayla çorbanız hazır, afiyet olsun!']",ÇORBA,,/tarif/corba/,"['Çorba', 'Ramazan', 'Video']","['pratik yemek tarifleri', 'ekonomik', 'başlangıç', 'akşam yemeği', 'öğle yemeği']","['Başlangıç', 'Öğle Yemeği', 'Ara Öğün', 'Akşam Yemeği']",['Tencere'],"['Ekonomik', 'Vejetaryen', 'Düşük Karbonhidratlı']",False,2100,900,2019-05-17T08:15:01Z,4.0,1190925,10054,False,True,True,0,,0,,,,2014/06/yayla-corbasi-yemekcom.jpg,0,0,https://cdn.yemek.com/mnresize/940/940/uploads/2014/06/yayla-corbasi-yemekcom.jpg,940,940,False,https://cdn.yemek.com/mncrop/300/200/uploads/2014/06/yayla-corbasi-yemekcom.jpg,300,200,True,https://cdn.yemek.com/mncrop/940/625/uploads/2014/06/yayla-corbasi-yemekcom.jpg,940,625,True,https://cdn.yemek.com/mncrop/620/388/uploads/2014/06/yayla-corbasi-yemekcom.jpg,620,388,True,https://cdn.yemek.com/mncrop/600/315/uploads/2014/06/yayla-corbasi-yemekcom.jpg,600,315,True,"['tencere', 'düşük karbonhidratlı']",greenLight,,,,
528,29467,Yasemin Özaltın,https://cdn.yemek.com/author/35533/20181219061403_avatar.jpg,/profil/yasemingursurer/,3-2-1 Ölçüsüyle: Bayatlamayan Kabartma Tozlu Poğaça,Bayatlamayan Kabartma Tozlu Poğaça,/tarif/bayatlamayan-kabartma-tozlu-pogaca/,15 dk,15 dk,"<p>Hem çok kolay, hem çok hızlı, hem de yemesi pek keyifli muhteşem bir <a href=""https://yemek.com/tarif/pogaca/"" target=""_blank"">poğaça</a>...Bayatlamayan kabartma tozlu poğaça tarifi, hazırlandıktan sonra tadına bakıp da beğenmeyenini, ikincisini istemeyenini zor bulursunuz. İçindeki malzemelerin miktarlarından dolayı “3-2-1 poğaça <a href=""https://yemek.com/tarif/"" target=""_blank"">tarif</a>i” diye de bilinen bu güzelliği hala denemeyenler varsa diye zevkle paylaşıyoruz.</p>
<p>3-2-1 poğaça tarifi, malzemeleri ile de ekonomik! İçinde 3 paket kabartma tozu, 2 bardak yoğurt ve 1 yumurta var. Kabartma tozu ne kadar da çokmuş acı olur o diyorsanız, hiç de öyle olmadığını, inanılmaz yumuşak, aşırı lezzetli olduğunu deneyince anlayacaksınız. Üstelik de bayatlamıyor, hoş gerçi bayatlamasını bekleyecek kadar uzun süre yemeden duramayacaksınız o da ayrı.  O zaman siz aşağıda yazan diğer malzemeleri de hazırlayıverin, <a href=""https://yemek.com/tarif/yumusak-pogaca/"" target=""_blank"">yumuşacık poğaça</a>mızı yapalım. Şimdiden afiyetler olsun.</p>
",recipe,"['tuz', 'toz şeker', 'un', 'kabartma tozu', 'yoğurt', 'yumurta sarısı', 'sirke', 'beyaz peynir', 'susam', 'yumurta beyazı', 'sıvı yağ']","['Bir yoğurma kabına; yağ, yoğurt ve yumurta beyazını alıp güzelce karıştırın.', 'Ardından kabartma tozları, tuz, şeker ve sirkeyi de ilave edip, tekrar karıştırın.', 'Unu azar azar ilave ederek yoğurmaya başlayın. Hafifçe ele yapışan bir hamur elde edeceksiniz.', 'Hazırladığınız hamurdan mandalinadan biraz küçük olacak parçalar kopartın. Elinizle yuvarlayın ve avucunuzla bastırıp yassılaştırın.', 'Yassılaştırdığınız hamur parçasının ortasına bir çatalla ezdiğiniz beyaz peynirden biraz koyun.', 'Kenarlarını birleştirip kapatın ve tekrar yuvarladıktan sonra yağlı kağıt serdiğiniz bir fırın tepsisine yerleştirin.', 'Tüm hamuru bu şekilde hazırlayıp tepsiye dizin.', 'Üstlerine bir fırça yardımıyla yumurta sarısı sürün ve susam serpin. Önceden ısıttığınız 200 derece fırında, üstleri kızarana dek yaklaşık 15 dakika pişirin.', 'Tepsiyi fırından aldıktan sonra ılıklaşmasını bekleyin ve ardından servis edin.']",POĞAÇA,239b56,/tarif/pogaca/,"['Hamur İşi', 'Kahvaltılık', 'Poğaça', 'Video']","['kahvaltı', 'çay saati']","['Kahvaltı', 'Çay Saati']",['Fırın'],['Vejetaryen'],False,900,900,2018-01-31T07:11:19Z,4.0,1443090,8543,False,True,False,0,,0,,,,2018/01/bayatlamayan-pofuduk-pogaca-yemekcom.jpg,0,0,https://cdn.yemek.com/mnresize/940/940/uploads/2018/01/bayatlamayan-pofuduk-pogaca-yemekcom.jpg,940,940,False,https://cdn.yemek.com/mncrop/300/200/uploads/2018/01/bayatlamayan-pofuduk-pogaca-yemekcom.jpg,300,200,True,https://cdn.yemek.com/mncrop/940/625/uploads/2018/01/bayatlamayan-pofuduk-pogaca-yemekcom.jpg,940,625,True,https://cdn.yemek.com/mncrop/620/388/uploads/2018/01/bayatlamayan-pofuduk-pogaca-yemekcom.jpg,620,388,True,https://cdn.yemek.com/mncrop/600/315/uploads/2018/01/bayatlamayan-pofuduk-pogaca-yemekcom.jpg,600,315,True,,,,,,
529,129,Yasemin Özaltın,https://cdn.yemek.com/author/35533/20181219061403_avatar.jpg,/profil/yasemingursurer/,Lokanta Usulü: Köri Soslu Tavuk,Köri Soslu Tavuk,/tarif/kori-soslu-tavuk/,20 dk,10 dk,"<p>Baharat sevenleri, her yaptığı <a href=""https://yemek.com/tarif/"" target=""_blank"">yemek tarifinin</a> içine tuz hariç mutlaka en az 2 baharat ekleyenleri, körinin kokusunu da tadını da çok sevenleri böyle alalım. Güneydoğu Asya Mutfağı'nın vazgeçilmez baharatı köri, içerisinde bulunan sumak, zencefil, kimyon, kişniş vb. baharatlarla tam bir şifa kaynağı olma özelliğini taşıyor. Beyaz etlerle harika bir uyum yakalayan köri, en çok <a href=""https://yemek.com/tarif/tavuk/"" target=""_blank"">tavuk etini</a> seviyor. Karşınızda nefis mi nefis: <strong>Köri soslu tavuk tarifi!</strong></p>
<p>Resimli anlatımıyla, en pratik ve yemelere doyum olmaz körili tavuk tarifini veriyor, köri sos nasıl yapılır tek tek anlatıyoruz. Yanına <a href=""https://yemek.com/tarif/patates-puresi/"" target=""_blank"">patates püresi</a>, <a href=""https://yemek.com/tarif/salata/"" target=""_blank"">salata</a> ya da <a href=""https://yemek.com/tarif/pilav/"" target=""_blank"">pilavla</a> servis edebilirsiniz. Lokantalarda sunulan köri soslu tavuklardan çok daha lezzetli oluyor, yiyen herkes tarifini istiyor. Bu lezzeti sık sık pişirmek isteyeceksiniz. Şimdiden ellerinize sağlık diyor, <a href=""https://yemek.com/soslu-tavuk-yemekleri/"" target=""_blank"">soslu tavuk yemekleri</a> arasında en çok sevilen bu kolay yemek tarifimize buyur ediyoruz.</p>
<p>Köri sosun tadını sevdiyseniz belki sonra <a href=""https://yemek.com/tarif/kremali-korili-tavuklu-makarna/"" target=""_blank"">köri soslu makarna tarifine</a> de şans vermek isteyebilirsiniz. Afiyet olsun!</p>
",recipe,"['tereyağı', 'sıcak su', 'tuz', 'un', 'maydanoz', 'karabiber', 'kuşbaşı tavuk göğsü', 'soğuk süt', 'köri', 'sıvı yağ']","['Sıvı yağını bir tavada kızdırın. Kuşbaşı\xa0doğranmış tavuk göğsünü aktarın.', 'Renk alıp, suyunu çekene kadar orta ateşte kavurun.', 'Köri sosu hazırlamak için; ayrı bir tavada tereyağını sos tenceresinde eritin.', 'Unu da üzerine ekleyin ve\xa0 kokusu çıkıp, renk alana kadar karıştırarak kavurun.', 'Kavrulan una soğuk sütü ekleyin ve unun topaklanmaması için bir çırpıcı yardımıyla hızlıca karıştırın.', 'Sıcak su, köri, tuz ve karabiberi katın.', 'Sosu, kısık ateşte koyu bir kıvam alana kadar sürekli karıştırarak 4- 5 dakika pişirin.', 'Hazırladığınız sosu, kavrulan tavuklara ekleyin ve harmanladıktan sonra pişirme işlemini 5 dakika kadar sürdürün.', 'İncecik kıyılmış bir avuç maydanozu, köri soslu tavuğa ilave ettikten sonra bekletmeden sıcak olarak servis edin.', 'Köri soslu tavuk tarifi hazır. Afiyet olsun!']",TAVUK,239b56,/tarif/tavuk/,"['Tavuk', 'Video']","['ekonomik', 'akşam yemeği', 'öğle yemeği']","['Öğle Yemeği', 'Akşam Yemeği']",['Tencere'],"['Ekonomik', 'Bol Proteinli']",False,1200,600,2019-05-14T13:24:40Z,4.0,1396751,11895,False,True,True,0,,0,,,,2014/06/kori-soslu-tavuk-yemekcom.jpg,0,0,https://cdn.yemek.com/mnresize/940/940/uploads/2014/06/kori-soslu-tavuk-yemekcom.jpg,940,940,False,https://cdn.yemek.com/mncrop/300/200/uploads/2014/06/kori-soslu-tavuk-yemekcom.jpg,300,200,True,https://cdn.yemek.com/mncrop/940/625/uploads/2014/06/kori-soslu-tavuk-yemekcom.jpg,940,625,True,https://cdn.yemek.com/mncrop/620/388/uploads/2014/06/kori-soslu-tavuk-yemekcom.jpg,620,388,True,https://cdn.yemek.com/mncrop/600/315/uploads/2014/06/kori-soslu-tavuk-yemekcom.jpg,600,315,True,"['tencere', 'bol proteinli']",,,,,
530,305,Gökçen Mutaf,https://cdn.yemek.com/author/23120/20181227103819_avatar.jpeg,/profil/gokcenmutaf/,Şaşmayan Tarif: Sade Kek,Sade Kek,/tarif/sade-kek/,40 dk,15 dk,"<p>Kocaman kabarmış, lezzetiyle herkesi kendine hayran bırakacak en klasik lezzetlerdendir sade kek tarifi. Süt, yumurta ve şekerin önderliğinde, misler gibi vanilya kokusunun büyüsünde hazırlanan harç fırının sıcacık kollarına teslim edilir. Kabarırken bile kendine hayran bırakan sade kek, çayın yanına hazırlanan en pratik kek olarak çıkar oradan. Karşınızda işte o enfes anların mimarı sade kek tarifi!</p>
<p>Birbirinden nefis <a href=""https://yemek.com/tarif/kek/"" target=""_blank"">kek tarifleri</a> arasında en baştan bize göz kırpan bu lezzet, kabarık ve yumuşak dokusuyla boyut atlıyor bu kez. Çaylarınızın, kahveleriniz hazırsa o yumuşacık sade kek tarifimiz geliyor. Şimdiden ellerinize sağlık.</p>
<p>Not: ""Sade kek de güzel ama kakaolu keki de çok seviyorum"" diyenler için yumuşacık kakaolu kek tarifimiz de hemen <a href=""https://yemek.com/tarif/kakaolu-kek/"" target=""_blank"">şurada</a>.</p>
",recipe,"['yumurta', 'toz şeker', 'süt', 'un', 'kabartma tozu', 'vanilin', 'sıvı yağ']","['Yumurtaları derince bir kaba kırın ve toz şekeri ekledikten sonra bir mikser ile 10 dakika boyunca çırpın.\xa0Krema kıvamına gelen karışıma sıvı yağı ve sütü ekleyip bir spatula ile karıştırın.', 'Üstüne unu, kabartma tozunu ve vanilini de ekledikten sonra tekrar karıştırın ve sıvı yağ ile yağladığınız bir kek kalıbına hazırladığınız karışımı dökün.', 'Önceden ısıtılmış 180 derecelik fırında 40 dakika kadar pişirin.\n\n&nbsp;', 'Kek kürdan testini geçince fırından alın ve tamamen soğuduktan sonra kalıbı ters çevirerek kalıptan çıkarın.', 'Dilimleyerek servis edin.\xa0 Afiyetler olsun!']",TATLI KEK,239b56,/tarif/tatli-kek/,"['Kek', 'Tatlı Kek']",['çay saati'],['Çay Saati'],['Fırın'],['Vejetaryen'],False,2400,900,2022-03-10T07:30:22Z,4.0,1356751,3356,False,False,True,0,,0,,,,2014/07/sade-kek-tarifi-yeni.jpg,0,0,https://cdn.yemek.com/mnresize/940/940/uploads/2014/07/sade-kek-tarifi-yeni.jpg,940,940,False,https://cdn.yemek.com/mncrop/300/200/uploads/2014/07/sade-kek-tarifi-yeni.jpg,300,200,True,https://cdn.yemek.com/mncrop/940/625/uploads/2014/07/sade-kek-tarifi-yeni.jpg,940,625,True,https://cdn.yemek.com/mncrop/620/388/uploads/2014/07/sade-kek-tarifi-yeni.jpg,620,388,True,https://cdn.yemek.com/mncrop/600/315/uploads/2014/07/sade-kek-tarifi-yeni.jpg,600,315,True,['fırın'],,,,,
531,183,Cemre Özgüzel,https://cdn.yemek.com/author/109/20200211010242_avatar.jpg,/profil/cemre-ozguzel/,Pastane Usulü: Un Kurabiyesi,Un Kurabiyesi,/tarif/un-kurabiyesi/,15 dk,25 dk,"<p>Kıyır kıyır dediğimiz <a href=""https://yemek.com/kurabiye-tarifleri/"" target=""_blank"">kurabiye tarifleri</a>nin şahı un kurabiyesidir. Uzun süre bozulmadan dayanabilmesi de bu lezzetli ve pratik kurabiyeyi popüler kılan noktalardan biridir. Kolay un kurabiyesi yapımında pudra şekeri elenerek servis edildiği için tarifinde çok az miktarda şeker kullanılır. Ağza gelmemesi için pudra şekeri tercih edilir. Hem kıvamı hem de dokusuyla, enfes mi enfes <strong>un kurabiyesi tarifi</strong> karşınızda!</p>
<p>""<a href=""https://yemek.com/agizda-dagilan-kurabiye-nasil-yapilir/"" target=""_blank"">Ağızda dağılan un kurabiyesi nasıl yapılır?</a>"" diyenler tarifin detaylarında açıklamalı anlatımını bulacak. Basit ve gerçek un kurabiyesinin tüm malzemeleri, yapılış adımları ve videosu ise hemen aşağıda. Hazırsanız en güzel un kurabiyesini yapmak için çalışmalara başlayalım! ''Un kurabiyesi tarifi nasıl yapılır?'' diyenlerinizi tarifimize alalım. Şimdiden ellerinize sağlık diyor, kolaylığı ve <strong>ağızda dağılan lezzetiyle un kurabiyesi</strong> <a href=""https://yemek.com/tarif/"" target=""_blank"">tarifi</a> karşınızda!</p>
",recipe,"['yumurta', 'un', 'vanilya', 'kabartma tozu', 'pudra şekeri', 'pudra şekeri', 'buğday nişastası', 'oda sıcaklığında tereyağı', 'sıvı yağ']","['Un kurabiyesi için 200 gram oda sıcaklığında bekletilmiş tereyağını derin bir yoğurma kasesine aktarın.', 'Üzerine 1 adet yumurta ve 1 çay bardağı sıvı yağını da ekledikten sonra pürüzsüz bir kıvam olana kadar çırpın.', '1 su bardağı pudra şekeri, 5 yemek kaşığı buğday nişastası, 1 paket kabartma tozu, 1 paket vanilin ve 3 su bardağı unu azar azar ekleyin.', 'Ele yapışmayacak kıvamda bir hamur elde edene kadar yoğurun.', 'Kurabiye hamurundan büyükçe bir parça alın ve tezgahın üzerinde yuvarlayarak 2 parmak kalınlığında rulo şekline getirin.', 'Kenar kısımlarını kesin. Ardından üzerinden çatal yardımıyla geçerek şekil verin.', 'Bıçak yardımıyla 3 parmak genişliğinde parçalar kesin. Fırın tepsisine aktarın.', 'Üzerleri hafif kızarıp renk alana kadar önceden ısıtılmış 170 derece fırında 15 dakika kadar pişirin.', 'Soğuttuktan sonra pudra şekeri eleyin.', 'Ardından un kurabiyelerini servis edin. Afiyetler olsun!']",TATLI KURABİYE,239b56,/tarif/tatli-kurabiyeler/,"['Kurabiye', 'Video', 'Tatlı Kurabiye']",['çay saati'],['Çay Saati'],['Fırın'],,False,900,1500,2022-04-01T07:45:01Z,4.0,1330455,3412,False,True,True,0,,0,,,,2022/04/un-kurabiyesi-onecikan-yeni.jpg,0,0,https://cdn.yemek.com/mnresize/940/940/uploads/2022/04/un-kurabiyesi-onecikan-yeni.jpg,940,940,False,https://cdn.yemek.com/mncrop/300/200/uploads/2022/04/un-kurabiyesi-onecikan-yeni.jpg,300,200,True,https://cdn.yemek.com/mncrop/940/625/uploads/2022/04/un-kurabiyesi-onecikan-yeni.jpg,940,625,True,https://cdn.yemek.com/mncrop/620/388/uploads/2022/04/un-kurabiyesi-onecikan-yeni.jpg,620,388,True,https://cdn.yemek.com/mncrop/600/315/uploads/2022/04/un-kurabiyesi-onecikan-yeni.jpg,600,315,True,['fırın'],,,,,
532,121,Cemre Özgüzel,https://cdn.yemek.com/author/109/20200211010242_avatar.jpg,/profil/cemre-ozguzel/,"Kolay, Pratik, Tam Kıvamında: Kakaolu Kek",Kakaolu Kek,/tarif/kakaolu-kek/,35 dk,10 dk,"<p>Bir parça kakaolu <a href=""https://yemek.com/tarif/kek/"" target=""_blank"">kek</a>; göz doldurur, iştah açar, <a href=""https://yemek.com/tarif/iced-latte/"" target=""_blank"">kahvenin</a> yanında iyi gider, misafir kurtarır, evlat sevindirir, anne özlemini artırır. On diliminde on marifet kakaolu kek, yapması da kolay olduğundan öğrencilerin de yapabilecekleri en nefis ve pratik <a href=""https://yemek.com/tarif/kek/"" target=""_blank"">kek tariflerinden</a> biri.</p>
<p>Kek denince akla gelen ilk <a href=""https://yemek.com/tarif/tatli-kek/"" target=""_blank"">tatlı kek</a> tarif olan <a href=""https://yemek.com/kakaolu-kek-tarifleri/"" target=""_blank"">kakaolu kek tarifi</a>ni en kolay, pratik ve tam kıvamında bir şekilde yapmak mümkün! Bu pratik kakaolu kek yumuşacık ve yaptığınız en güzel kakaolu kek tarifi olacak.</p>
<p>Kakaolu kek <a href=""https://yemek.com/tarif/"" target=""_blank"">tarif</a>imizin videosu hemen aşağıda, afiyet olsun!</p>
",recipe,"['yumurta', 'toz şeker', 'süt', 'un', 'vanilya', 'kabartma tozu', 'kakao', 'maden suyu', 'sıvı yağ']","['Yumurtaları ve toz şekeri derin bir kapta, bir mikser yardımıyla şeker eriyene kadar çırpın.', 'Ardından sıvı yağ, süt ve\xa0 sodayı da üzerine ekleyip çırpmaya devam edin.', 'Kek harcına unu ve kakaoyu azar azar ilave edin. Kabartma tozu ve vanilini de ekledikten sonra spatula yardımıyla, pürüzsüz bir harç elde edene kadar karıştırmaya devam edin.', 'Hazırladığınız kakaolu kek karışımını yağladığınız kek kalıbına dökün.', 'Önceden ısıtılmış 180 derece fırında 30-35 dakika kadar pişirin. İçini çekmesi için beklettiğiniz keki, ılınınca kalıbından çıkartın.', 'Üzerine pudra şekeri serperek servis edin.']",TATLI KEK,239b56,/tarif/tatli-kek/,"['Kek', 'Video', 'Tatlı Kek']","['ekonomik', 'ara öğün']",['Çay Saati'],['Fırın'],['Ekonomik'],False,2100,600,2020-11-19T10:43:04Z,4.0,1321844,5041,False,True,True,0,,0,,,,2019/03/kakaolu-kek-one-cikan-yeni.jpg,0,0,https://cdn.yemek.com/mnresize/940/940/uploads/2019/03/kakaolu-kek-one-cikan-yeni.jpg,940,940,False,https://cdn.yemek.com/mncrop/300/200/uploads/2019/03/kakaolu-kek-one-cikan-yeni.jpg,300,200,True,https://cdn.yemek.com/mncrop/940/625/uploads/2019/03/kakaolu-kek-one-cikan-yeni.jpg,940,625,True,https://cdn.yemek.com/mncrop/620/388/uploads/2019/03/kakaolu-kek-one-cikan-yeni.jpg,620,388,True,https://cdn.yemek.com/mncrop/600/315/uploads/2019/03/kakaolu-kek-one-cikan-yeni.jpg,600,315,True,['fırın'],,,,,
533,302,Yasemin Özaltın,https://cdn.yemek.com/author/35533/20181219061403_avatar.jpg,/profil/yasemingursurer/,"Tüm Püf Noktalarıyla, Kolay: Şekerpare",Şekerpare,/tarif/sekerpare/,25 dk,30 dk,"<p>İrmik ile tatlanıp, kıtır bir kıvam alan tatlılarımızdan o. Evet doğru bildiniz, bayram tatlılarının da başında gelen, <a href=""https://yemek.com/tarif/serbetli-tatlilar/"" target=""_blank"">şerbetli tatlı</a> tariflerinin en sevilenlerinden şekerpare tarifinden bahsediyoruz. Pastanelerde yediğinizde tadı damağınızda kalan <strong>gerçek şekerparelerin sırları</strong>nı aldık, üzeri nefis bir şekilde kızarmış, şerbetini tam kıvamında çekmiş muhteşem bir şekerpare tatlısı hazırladık. Bu keyfe ortak olmak ve 'Şekerpare nasıl yapılır?', ""<strong>Şekerpare şerbeti nasıl yapılır?</strong>"" sorularına cevap bulmak, ""En güzel şekerpare <a href=""https://yemek.com/tarif/tatli/"" target=""_blank"">tatlısı</a> tarifini aradım aradım ama bulamadım"" diyenlerin derdine tam ölçülü ve ev yapımı bir şekerpare tarifiyle çözüm olmak istedik. İşte karşınızda, tüm püf noktalarıyla: Şekerpare <a href=""https://yemek.com/tarif/"" target=""_blank"">tarif</a>i!</p>
<p><a href=""https://yemek.com/tarif/sekerpare-2/"" target=""_blank"">Şekerpare tarifini </a>hazırlamak pek kolay, sonrası tam bir keyif... Üzerine mini mini fındıklar konan tatlılar fırında hafif bir renk alana kadar kızaracak, fırından çıkan sıcak tatlılar önceden hazırlanan soğuk şerbet azar azar eklenecek. Videolu, denenmiş en güzel şekerpare tarifi karşınızda!</p>
<p><a href=""https://yemek.com/ramazan-tatlilari/"" target=""_blank"">Ramazan sofralarında</a>, iftarda olmazsa olmaz tatlılardan biri olan şekerpare tatlısını yaparken işin biraz daha kolayına kaçmak isteyenler <a href=""https://yemek.com/tarif/kolay-sekerpare"" target=""_blank"">kolay şekerpare tarifimize</a>, klasik şekerpare tatlısı tarifi için de videolu tarifimizi davetlisiniz.</p>
",recipe,"['yumurta', 'toz şeker', 'un', 'kabartma tozu', 'su', 'irmik', 'pudra şekeri', 'fındık', 'limonun suyu', 'vanilin', 'Hindistan cevizi', 'margarin veya tuzsuz tereyağı']","['Şekerpare için öncelikle şerbeti hazırlıyoruz. 3 su bardağı suya 2 su bardağı şeker ekleyip karıştırıyoruz ve kaynamaya bırakıyoruz.', 'Kaynayan şerbetin içerisine bir iki damla limon suyu sıktıktan sonra koyu bir şerbet kıvamını alana kadar kısık ateşte bırakıyoruz ve ocaktan aldıktan sonra şerbeti ılımaya bırakıyoruz.', 'Hamurunu hazırlamak için derin bir karıştırma kasesine 1 su bardağı pudra şekeri, 125 gram margarin, 2 yumurta, 2 yemek kaşığı hindistan cevizi, 1 paket vanilin, 1 paket kabartma tozu, 4 yemek kaşığı irmik ve azar azar unu koyup güzelce yoğuruyoruz.', 'Yoğurduğumuz hamuru 15 dakika buzdolabında dinlendirdikten sonra cevizden biraz daha büyük parçalar koparıp elimizle yuvarlak şekil veriyoruz ve pişirme kağıdı serili fırın tepsisin üzerine aralıklı olarak yerleştiriyoruz.', 'Fındıkları şekerparelerin tam ortasına bastırarak yerleştiriyoruz.', 'Şekerpareleri önceden ısıtılmış 180 derece fırında 25 dakika pişiriyoruz.', 'Kurabiyeler sıcak şerbeti de soğukken şerbetini döküyoruz. Şerbeti de döktükten sonra iyice çekmesi için bekliyoruz ve servis ediyoruz. Afiyetler olsun!']",ŞERBETLİ TATLI,239b56,/tarif/serbetli-tatlilar/,"['Hamur İşi', 'Tatlı', 'Şerbetli Tatlı', 'Ramazan', 'Video']",['çay saati'],['Çay Saati'],"['Fırın', 'Tencere']",,False,1500,1800,2022-03-18T13:00:52Z,4.0,1282307,4569,False,True,True,0,,0,,,,2014/07/sekerpare-ytk-site.jpg,0,0,https://cdn.yemek.com/mnresize/940/940/uploads/2014/07/sekerpare-ytk-site.jpg,940,940,False,https://cdn.yemek.com/mncrop/300/200/uploads/2014/07/sekerpare-ytk-site.jpg,300,200,True,https://cdn.yemek.com/mncrop/940/625/uploads/2014/07/sekerpare-ytk-site.jpg,940,625,True,https://cdn.yemek.com/mncrop/620/388/uploads/2014/07/sekerpare-ytk-site.jpg,620,388,True,https://cdn.yemek.com/mncrop/600/315/uploads/2014/07/sekerpare-ytk-site.jpg,600,315,True,['fırın'],,,,,
534,3178,Cemre Özgüzel,https://cdn.yemek.com/author/109/20200211010242_avatar.jpg,/profil/cemre-ozguzel/,Oldu Bile: Üç Malzemeli Kurabiye,Üç Malzemeli Kurabiye,/tarif/uc-malzemeli-kurabiye/,20 dk,15 dk,"<p>Ayçiçek yağı, elenmiş un ve toz krem şanti. Sadece üç malzemeyle hazırlanan <a href=""https://yemek.com/tarif/un-kurabiyesi/"" target=""_blank"">un kurabiyesi</a> gevrekliğinde pratik ve ekonomik bir <a href=""https://yemek.com/tarif/kurabiye/"" target=""_blank"">kurabiye tarifi</a>. Siz çayı demleyene kadar onlar pişmiş hatta dinlenmiş olacak, mutfağı mis gibi kurabiye kokusu saracak. Sonrası tam anlamıyla keyif.</p>
<p>Dilerseniz hazırladığınız hamuru atın buzdolabına 30 dakika dinlendirin elinizle gelişi güzel minik yuvarlaklar yaparak pişirin isterseniz de kaşık yardımıyla tepsiye dizin. Karar sizin.</p>
<p>Kurabiye canavarları da sizi sevecek. Afiyetler olsun.</p>
",recipe,"['ayçiçek yağı', 'un', 'toz krem şanti']","['1 su bardağı ayçiçek yağını derin bir karıştırma kabına alın.', '1 paket toz krem şantiyi ve unun 1 bardaklık kısmını ilave ederek karıştırmaya başlayın.', '2 su bardağı unu da azar azar ilave edin ve yumuşak, ele yapışmayan bir hamur elde edene kadar yoğurun.', 'Kıvam alan hamurunuzdan ceviz büyüklüğünde parçalar alın ve elinizle yuvarlayarak şekil verin. Ardından yağlı kağıt serili bir fırın tepsinin üzerine kurabiyelerinizi aktarın. 175 derecede ısıtılmış fırında rengi hafif değişene kadar 15-20 dakika arası pişirin.', 'Çıkarıp oda sıcaklığında soğuttuktan sonra afiyetle tüketin.']",TATLI KURABİYE,239b56,/tarif/tatli-kurabiyeler/,"['Kurabiye', 'Video', 'Tatlı Kurabiye']",['pratik yemek tarifleri'],['Çay Saati'],['Fırın'],,False,1200,900,2015-08-10T11:18:13Z,4.0,1278903,3887,False,True,False,0,,0,,,,2015/08/uc-malzemeli-kurabiye-yemekcom.jpg,0,0,https://cdn.yemek.com/mnresize/940/940/uploads/2015/08/uc-malzemeli-kurabiye-yemekcom.jpg,940,940,False,https://cdn.yemek.com/mncrop/300/200/uploads/2015/08/uc-malzemeli-kurabiye-yemekcom.jpg,300,200,True,https://cdn.yemek.com/mncrop/940/625/uploads/2015/08/uc-malzemeli-kurabiye-yemekcom.jpg,940,625,True,https://cdn.yemek.com/mncrop/620/388/uploads/2015/08/uc-malzemeli-kurabiye-yemekcom.jpg,620,388,True,https://cdn.yemek.com/mncrop/600/315/uploads/2015/08/uc-malzemeli-kurabiye-yemekcom.jpg,600,315,True,,,,,,
535,2526,Yasemin Özaltın,https://cdn.yemek.com/author/35533/20181219061403_avatar.jpg,/profil/yasemingursurer/,Yumuşacık Etlerin Sırlarıyla: Hünkar Beğendi,Hünkar Beğendi,/tarif/hunkar-begendi/,1 sa,1 sa,"<p>Saray mutfağının önde gelen, hünkarın da midesini fetheden <a href=""https://yemek.com/tarif/"" target=""_blank"">yemek tariflerinden</a> biri hünkar beğendi. Pratik bir yemek tarifi sayılan, aşamaları biraz fazla olsa da lezzetli ana yemeklerden biri o! Tereyağında kavrulmuş un ve soğuk süt ilavesiyle hazırlanan beğendi bir yana dursun kısık ateşte pişen bol soğanlı et karışımı onu diğerlerinden ayırıyor. Karşınıza her haliyle övgüleri toplayacak, <a href=""https://yemek.com/tarif/et/"" target=""_blank"">et yemeklerinin</a> en görkemlisi hünkar beğendi yemeği çıkıyor.</p>
<p>Hünkarımızın bir bildiği olmalı diyerek sizi adım adım resimli ve videolu anlattığımız<strong> hünkar beğendi kebabı</strong> tarifimize alalım. ""<strong>Hünkar beğendinin yanına ne yapılır?</strong>"" diye soranlar için de cevabımız hemen tarifin sonunda. Şimdiden ellerinize sağlık diyor, lezzetine doyum olmaz hünkar beğendi tarifimize buyur ediyoruz. Yaptığım tarif en kusursuz haliyle olsun derseniz de <a href=""https://yemek.com/tarif/kusursuz-hunkar-begendi/"" target=""_blank"">kusursuz hünkar beğendi</a> tarifimize bekleriz. Keyfi ve lezzeti bol bol olsun. Afiyetler olsun!</p>
",recipe,"['tereyağı', 'sıcak su', 'tuz', 'tuz', 'süt', 'un', 'sarımsak', 'zeytinyağı', 'domates salçası', 'taze çekilmiş tane karabiber', 'kaşar peyniri', 'orta boy kuru soğan', 'orta boy domates', 'orta boy patlıcan', 'kuzu but (arzuya göre dana eti)']","['Hünkar beğendi tarifi için 4 adet orta boy patlıcana bıçakla delikler açın ve fırın tepsisine alın. 200 derecede yaklaşık 20 dakika fırınlayın.', 'Fırınlanmış patlıcanları bir kaba alın ve kabuklarının kolay soyulması için üzerini streçleyip, 15 dakika kadar bekledikten sonra kabukları soyun.', 'Bir tavada 3 yemek kaşığı zeytinyağını kızdırın. 2 adet yemeklik doğranmış kuru soğanı da üzerine ilave edip pembeleşinceye kadar kavurun.', '4 diş doğranmış sarımsağı da üzerine ekledikten sonra 600 gram kuşbaşı dana veya kuzu etini ilave edin.', ""Etler suyunu salıp çekene kadar pişmeye bırakın. 1 yemek kaşığı domates salçası, 1'er çay kaşığı tuz ve karabiber, 3 adet soyulmuş, doğranmış domates ekleyin."", '2 su bardağı sıcak su ekleyip etler yumuşayana kadar pişmeye bırakın.', 'Şimdi de beğendiyi hazırlayalım. 1 yemek kaşığı tereyağını bir tavada eritin. 1,5 yemek kaşığı unu üzerine ilave edip kokusu çıkana kadar kavurun.', ""Üzerine fırınladığınız ve kabuklarını soyduğunuz patlıcanları ekleyin. 1,5 su bardağı sütü de üzerine yavaş yavaş ilave edin ve sürekli olarak karıştırın. 1'er çay kaşığı tuz ve karabiberi de ekleyin."", 'Sonra son olarak yarım su bardağı rendelenmiş kaşar peyniri ekleyin ve karıştırıp ocaktan alın.', 'Beğendinin üzerine yumuşacık pişmiş etleri serpiştirin ve servis edin. Hünkar beğendi yemeği hazır, afiyet olsun!']",ET,239b56,/tarif/et/,"['Et', 'Ramazan', 'Video', 'Mevsiminde']","['akşam yemeği', 'öğle yemeği']","['Öğle Yemeği', 'Akşam Yemeği']",['Tencere'],['Ekonomik'],False,3600,3600,2021-03-22T08:32:29Z,4.0,1273470,10647,False,True,True,0,,0,,,,2021/03/hunkar-begendi-son-yemekcom.jpg,0,0,https://cdn.yemek.com/mnresize/940/940/uploads/2021/03/hunkar-begendi-son-yemekcom.jpg,940,940,False,https://cdn.yemek.com/mncrop/300/200/uploads/2021/03/hunkar-begendi-son-yemekcom.jpg,300,200,True,https://cdn.yemek.com/mncrop/940/625/uploads/2021/03/hunkar-begendi-son-yemekcom.jpg,940,625,True,https://cdn.yemek.com/mncrop/620/388/uploads/2021/03/hunkar-begendi-son-yemekcom.jpg,620,388,True,https://cdn.yemek.com/mncrop/600/315/uploads/2021/03/hunkar-begendi-son-yemekcom.jpg,600,315,True,"['tencere', 'bol proteinli', 'bol lifli']",,"['Haziran', 'Temmuz', 'Ağustos']",,,
536,410,Yasemin Özaltın,https://cdn.yemek.com/author/35533/20181219061403_avatar.jpg,/profil/yasemingursurer/,Yağdan Hafif: Fırında Baharatlı Patates,Fırında Baharatlı Patates,/tarif/baharatli-firin-patates/,30 dk,10 dk,"<p>Var mı patates sevmeyen? <a href=""https://yemek.com/tarif/kofte/"" target=""_blank"">Köfte</a>nin yanında patates kızartması yemeyi düşlemeyen, önceden kızarttığı patatesleri yumurtayla harmanlayıp yumurtalı patates haline getirmeyen? Yok yazın da bozuşmayalım şimdi. <a href=""https://yemek.com/tarif/kizartma/"" target=""_blank"">Kızartma</a>sı güzel olsa da bu meredin sağlıktan ödün vermeden de kızarmış patates yemek mümkün. Nasıl mı? Patatesleri fırında kızartarak elbette.</p>
<p><strong>Fırında patates kızartması tarifi</strong>nde o çok sevdiğimiz baharatları ekleyip eser miktarda <a href=""https://yemek.com/sozluk/zeytinyagi/"" target=""_blank"">zeytinyağı</a> ile harmanladığımız patates dilimlerini fırına alıyoruz. Onlar çıtır çıtır kızardıkça size de bu <a href=""https://yemek.com/tarif/atistirmaliklar/"" target=""_blank"">atıştırmalığın</a> keyfini uzun uzadıya çıkarmak kalıyor.</p>
",recipe,"['tuz', 'zeytinyağı', 'karabiber', 'biberiye', 'kekik', 'rendelenmiş sarımsak', 'büyük boy patates', 'toz kırmızı biber']","['Bir kasede zeytinyağı, tuz, toz kırmızı biber, sarımsak, kekik, taze biberiye ve karabiberi alın.', 'Tüm malzemeleri güzelce çırparak karıştırın.', 'Patatesleri elma dilim şeklinde kesin.', 'Tabanını yağlı kağıt ile kapladığınız fırın tepsisine patatesleri yayın. Hazırladığınız sosu patateslerin üzerine gezdirin ve her yerine gelecek şekilde karıştırın.', 'Önceden ısıtılmış 200 derece fırında 25- 30 dakika kızarana kadar fırından yükselen mis gibi kokuyu içinize çeke çeke bekleyin. Piştikten sonra afiyetle tüketin.']",TUZLU ATIŞTIRMALIK,239b56,/tarif/tuzlu-atistirmalik/,"['Sebze', 'Atıştırmalık', 'Video', 'Tuzlu Atıştırmalık', 'Mevsiminde']","['pratik yemek tarifleri', 'ekonomik', 'başlangıç', 'diyet']","['Öğle Yemeği', 'Akşam Yemeği']",['Fırın'],,False,1800,600,2014-08-04T13:30:26Z,4.0,1246823,7207,False,True,True,0,,0,,,,2014/08/baharatli-patates-yemekcom.jpg,0,0,https://cdn.yemek.com/mnresize/940/940/uploads/2014/08/baharatli-patates-yemekcom.jpg,940,940,False,https://cdn.yemek.com/mncrop/300/200/uploads/2014/08/baharatli-patates-yemekcom.jpg,300,200,True,https://cdn.yemek.com/mncrop/940/625/uploads/2014/08/baharatli-patates-yemekcom.jpg,940,625,True,https://cdn.yemek.com/mncrop/620/388/uploads/2014/08/baharatli-patates-yemekcom.jpg,620,388,True,https://cdn.yemek.com/mncrop/600/315/uploads/2014/08/baharatli-patates-yemekcom.jpg,600,315,True,"['vejetaryen', 'fırın', 'düşük karbonhidratlı']",,"['Haziran', 'Temmuz', 'Ağustos', 'Eylül']",,,
537,2040,Yasemin Özaltın,https://cdn.yemek.com/author/35533/20181219061403_avatar.jpg,/profil/yasemingursurer/,Üzeri Kızarmış: Fırın Sütlaç,Fırın Sütlaç,/tarif/firin-sutlac/,45 dk,30 dk,"<p><a href=""https://yemek.com/tarif/sutlu-tatlilar/"" target=""_blank"">Sütlü tatlı</a>ların en besleyici olanı, pirincin en güzel ve <a href=""https://yemek.com/tarif/tatli/"" target=""_blank"">tatlı</a> halidir <a href=""https://yemek.com/tarif/sutlac/"" target=""_blank"">sütlaç</a>. Bu sefer bizim yaptığımız gibi tarifinde küçük bir farklılık yapıp yumurta sarısı ilavesiyle pişirdiğinizde ve porsiyonluk fırın kaplarında pişirme işlemini sürdürdüğünüzde fırın sütlaç göz kırpar size.</p>
<p>Tarçın ilavesi ile soğuk soğuk yendiğinde tadına doyum olmaz. <strong>Tam ölçülü ve kıvamı asla şaşmayan</strong> bir <a href=""https://yemek.com/tarif/"" target=""_blank"">tarif</a> üstelik. Bir yiyenin lezzetine hayran kalacağı fırın sütlaçlar karşınızda! Bir kase yesek mi?</p>
",recipe,"['pirinç', 'toz şeker', 'süt', 'su', 'su', 'yumurta sarısı', 'buğday nişastası', 'vanilin']","['Fırın sütlaç için öncelikle bol suda yıkadığınız pirinçleri; bir tencerede, 2 su bardağı suyu ekleyerek orta ateşte suyunu çekene kadar haşlayın.', 'Soğuk süt ve toz şekeri ayrı bir geniş tencereye alın.\xa0Bir çırpma teliyle toz şeker eriyene kadar karıştırdıktan sonra ocağa alın. Kısık ateşte kaynamaya bırakın.', 'Vanilini toz şeker eriğinde süte ekleyin.', 'Haşlanan pirinçleri ocaktan alın ve fazla suyu kaldıysa süzün.', '1-2 dakika kadar kaynayan şekerli süte haşlanmış pirinçleri ilave edin.', 'Yumurta sarısını, buğday nişastası ve 1 bardak su ilavesiyle ayrı bir kabın içerisine alın.', 'Pürüzsüz bir kıvam alana kadar karıştırın.', 'Yumurta sarısının kesilmemesi için; kısık ateşte kaynamakta olan süt karışımından alıp nişastalı karışımı ılıştırın.', 'Hazırladığınız yumurta sarılı karışımı sütlaç tenceresine azar azar katıp hızlıca karıştırın.', 'Kıvam alan sütlacı, ısıya dayanıklı porsiyonluk güveç kaplarına eşit ölçüde boşaltın.', 'Sütlaç kaselerini, derin bir fırın tepsisine aralıklı olarak dizin. Kapların yarısına gelecek kadar soğuk suyu, sütlaçlara değdirmeden tepsiye dökün.', 'Fırına verdiğiniz sütlaçları, önceden ısıtılmış 200 derece fırında 12-15 dakika kadar pişirin.', 'Fırından bir mutfak eldiveni yardımıyla çıkardığınız sütlaç kaselerini, oda ısısında soğuttuktan sonra buzdolabına kaldırın. Soğuttuktan sonra fırın sütlaçları sevdiklerinizle paylaşın.']",SÜTLÜ TATLI,239b56,/tarif/sutlu-tatlilar/,"['Tatlı', 'Ramazan', 'Sütlü Tatlı', 'Video']","['ekonomik', 'ara öğün', 'çay saati']","['Ara Öğün', 'Çay Saati']","['Fırın', 'Tencere']",,False,2700,1800,2019-05-02T08:14:33Z,4.0,1200815,6587,False,True,True,0,,0,,,,2015/03/ytk-firin-sutlac-site.jpg,0,0,https://cdn.yemek.com/mnresize/940/940/uploads/2015/03/ytk-firin-sutlac-site.jpg,940,940,False,https://cdn.yemek.com/mncrop/300/200/uploads/2015/03/ytk-firin-sutlac-site.jpg,300,200,True,https://cdn.yemek.com/mncrop/940/625/uploads/2015/03/ytk-firin-sutlac-site.jpg,940,625,True,https://cdn.yemek.com/mncrop/620/388/uploads/2015/03/ytk-firin-sutlac-site.jpg,620,388,True,https://cdn.yemek.com/mncrop/600/315/uploads/2015/03/ytk-firin-sutlac-site.jpg,600,315,True,['fırın'],,,,,
538,85,Yasemin Özaltın,https://cdn.yemek.com/author/35533/20181219061403_avatar.jpg,/profil/yasemingursurer/,Terbiyesinin Kesilme Derdi Yok: Yayla Çorbası,Yayla Çorbası,/tarif/yayla-corbasi/,35 dk,15 dk,"<p>Yayla çorbasının tadına varmak için yaz ya da kış fark etmez! Anadolu’nun geleneksel çorbalarından ve <a href=""https://yemek.com/tarif/"" target=""_blank"">yemek tariflerinden</a> biri olan bu lezzet size de nane <strong>ferahlığını</strong> çağrıştırmıyor mu?</p>
<p><a href=""https://yemek.com/tarif/kahvaltiliklar/"" target=""_blank"">Kahvaltı</a>dan akşam yemeğine günün her saati tüketebileceğiniz bu <strong>pratik</strong> ve besleyici <a href=""https://yemek.com/tarif/corba/"" target=""_blank"">çorba tarifi</a>ni püf noktalarına dikkat ederek birlikte hazırlayalım.</p>
<p>En güzel çorba <strong>tariflerinden</strong> biri olan yayla çorbası tarifinde bulunan yoğurt sayesinde bir vitamin kaynağıdır. Hatta bu yüzden yoğurt çorbası olarak bile anılır.</p>
<p>Pirinçli, yoğurtlu bu yayla çorbasının tarifi hem videolu hem de adım adım resimli olarak tüm <strong>püf noktalarıyla</strong> karşınızda. Farklı yayla çorbası tarifi arayanlar için <a href=""https://yemek.com/tarif/yumurtasiz-yayla-corbasi/"" target=""_blank"">yumurtasız yayla çorbası</a> ve <a href=""https://yemek.com/tarif/kolay-yayla-corbasi/"" target=""_blank"">kolay yayla çorbası</a> tarifimizi de öneririz.</p>
",recipe,"['pirinç', 'tereyağı', 'tuz', 'pul biber', 'un', 'su', 'yoğurt', 'yumurta sarısı', 'zeytinyağı', 'kuru nane', 'limonun suyu']","['Çorbayı pişireceğiniz tencereye 2 su bardağı yoğurt, 1,5 yemek kaşığı un, 2 yemek kaşığı limon suyu ekleyip pürüzsüz bir kıvama gelene kadar karıştırın.', '1 yumurta sarısını da karışımın üzerine ekledikten sonra tekrar karıştırın.', '6 su bardağı soğuk suyu da ilave edip orta ateşte kaynamaya bırakın.', 'Çorba kaynamaya başlayınca yıkayıp süzdüğünüz 1 çay bardağı pirinci ekleyin ve tekrar kaynamaya bırakın.', ""Bu sırada ayrı bir tavada 2'şer yemek kaşığı zeytinyağı ve tereyağını kızdırın. 1 yemek kaşığı kuru naneyi de üzerine ekleyip karıştırın ve ocaktan alın."", 'Hazırladığınız yağı kaynamakta olan çorbanın üzerine dökün. Pul biberi ve tuzu da ekleyin.', 'Güzelce karıştırıp ocağın altını kapatın.', 'Yayla çorbanız hazır, afiyet olsun!']",ÇORBA,,/tarif/corba/,"['Çorba', 'Ramazan', 'Video']","['pratik yemek tarifleri', 'ekonomik', 'başlangıç', 'akşam yemeği', 'öğle yemeği']","['Başlangıç', 'Öğle Yemeği', 'Ara Öğün', 'Akşam Yemeği']",['Tencere'],"['Ekonomik', 'Vejetaryen', 'Düşük Karbonhidratlı']",False,2100,900,2019-05-17T08:15:01Z,4.0,1190925,10054,False,True,True,0,,0,,,,2014/06/yayla-corbasi-yemekcom.jpg,0,0,https://cdn.yemek.com/mnresize/940/940/uploads/2014/06/yayla-corbasi-yemekcom.jpg,940,940,False,https://cdn.yemek.com/mncrop/300/200/uploads/2014/06/yayla-corbasi-yemekcom.jpg,300,200,True,https://cdn.yemek.com/mncrop/940/625/uploads/2014/06/yayla-corbasi-yemekcom.jpg,940,625,True,https://cdn.yemek.com/mncrop/620/388/uploads/2014/06/yayla-corbasi-yemekcom.jpg,620,388,True,https://cdn.yemek.com/mncrop/600/315/uploads/2014/06/yayla-corbasi-yemekcom.jpg,600,315,True,"['tencere', 'düşük karbonhidratlı']",greenLight,,,,
539,761,Yasemin Özaltın,https://cdn.yemek.com/author/35533/20181219061403_avatar.jpg,/profil/yasemingursurer/,Anne Usulü: Karnıyarık,Karnıyarık,/tarif/karniyarik/,50 dk,30 dk,"<p>Sofraların olmazsa olmazı, <a href=""https://yemek.com/tarif/pirinc-pilavi/"" target=""_blank"" rel=""noopener"">pilavın</a> sevdalısı, <a href=""https://yemek.com/tarif/cacik/"" target=""_blank"" rel=""noopener"">cacığın</a> en iyi dostu, <a href=""https://yemek.com/tarif/"" target=""_blank"" rel=""noopener"">yemek tariflerinin</a> gözdesi, anneye bolca sipariş verilen karnıyarık hazırlıyoruz. Duymayan kalmasın. Arzu eden bize katılsın. Patlıcanları kızartmak istemeyen fırınını önceden ısıtsın.</p>
<p>Karnıyarık tarifinde başrol malzememiz her zaman olduğu gibi sebzelerin en çok kıskanılanı patlıcan. Kendisi malumunuz üzerine binlerce yazıda en çok sevilen sebze olarak yer almıştır. Yine karnıyarık tarifinde öne çıkan bir diğer malzeme ise, karnıyarığı imam bayıldıdan ayıran kıyma. Kendisi karnıyarık tarifini de lezzet getiriyor.</p>
<p>Biz de bu <strong>fırında karnıyarık</strong> tarifinde karnıyarık içinin tencerede nasıl hazırlanacağından karnıyarık yemeğinin adım adım resimli aşamalarıyla nasıl yapıldığına hepsini tek tek anlatmak istedik.</p>
<p>Vejetaryen karnıyarık olan <a href=""https://yemek.com/imam-bayildinin-hikayesi/"" target=""_blank"" rel=""noopener"">imam bayıldı</a> gibi hikayelere konuk olmasa da kendisi başlı başına bir hikaye karnıyarığın. İnanmayan pilava, cacığa, yanında kırılan soğana sorsun. Tüm lokanta yemekleri tarifleri karnıyarığa olan aşkını anlatacaktır.</p>
<p>O yüzden hazır edin patlıcanı, <a href=""https://yemek.com/tarif/kiyma-kavurma/"" target=""_blank"" rel=""noopener"">kıyma</a>yı, soğanı, zeytinyağını bu akşam misler gibi karnıyarık yapmak için mutfağa giresimiz var.</p>
<p>Yapanların ellerine sağlık.</p>",recipe,"['biber salçası', 'tuz', 'ayçiçek yağı', 'sarımsak', 'maydanoz', 'zeytinyağı', 'karabiber', 'domates salçası', 'domates', 'yeşil biber', 'kıyma', 'büyük boy kuru soğan', 'orta boy patlıcan', 'orta boy yeşil sivri biber']","['<p>Bol suda yıkadığınız patlıcanları, pijamalı şekilde soyun ve tuzlu suda bekletin. 3 yemek kaşığı zeytinyağını bir tavada kızdırın. Yemeklik doğradığınız 1 adet soğanı da üzerine ekleyip pembeleşene kadar kavurun. 2 adet doğranmış yeşil biberi ilave edip kavurmaya devam edin.</p>', '<p>350 gram orta yağlı kıymayı da ekleyin ve kavrulmakta olan soğanlarla birlikte renk alıp, suyunu çekene kadar pişirin.</p>', ""<p>Aralarda karıştırıp pişirme işlemine devam ederek sırasıyla; 2 diş sarımsak, yarım tatlı kaşığı domates salçası, yarım tatlı kaşığı biber salçası, 1'er çay kaşığı tuz ve karabiber ekleyin.\xa0</p>"", '<p>2 adet küp doğranmış domatesi ekleyin, 5 dakika kadar pişirdikten sonra ocağın altını kısın ve bir avuç doğranmış maydanozu ekleyip son kez karıştırarak ocaktan alın.</p>', '<p>Acısını alıp, pijamalı soyduğunuz 6 adet patlıcanı kızartın.</p>', '<p>Fırına dayanıklı bir kaba yerleştirin.</p>', '<p>Orta kısımlarından patlıcanları yarın.</p>', '<p>Hazırladığınız iç harçtan bol bol ekleyin.</p>', '<p>Patlıcanların üzerine birer cherry domates ve biber dilimleri ekleyin.</p>', '<p>Karnıyarıkları önceden ısıtılmış 170 derece fırında 20-25 dakika kadar pişirdikten sonra, sıcak olarak, dilerseniz tereyağlı pirinç pilavı eşliğinde servis edin, afiyet olsun!</p>']",SEBZE,239b56,/tarif/sebze/,"['Sebze', 'Ramazan', 'Video', 'Sulu Yemek', 'Mevsiminde']",,"['Öğle Yemeği', 'Akşam Yemeği']","['Fırın', 'Kızartma', 'Tencere']",,False,3000,1800,2019-05-14T11:19:27Z,4.0,1185751,6345,False,True,True,0,,0,,,,2014/10/karniyarik-yemekcom.jpg,0,0,https://cdn.yemek.com/mnresize/940/940/uploads/2014/10/karniyarik-yemekcom.jpg,940,940,False,https://cdn.yemek.com/mncrop/300/200/uploads/2014/10/karniyarik-yemekcom.jpg,300,200,True,https://cdn.yemek.com/mncrop/940/625/uploads/2014/10/karniyarik-yemekcom.jpg,940,625,True,https://cdn.yemek.com/mncrop/620/388/uploads/2014/10/karniyarik-yemekcom.jpg,620,388,True,https://cdn.yemek.com/mncrop/600/315/uploads/2014/10/karniyarik-yemekcom.jpg,600,315,True,,,"['Haziran', 'Temmuz', 'Ağustos']",,,
540,129,Yasemin Özaltın,https://cdn.yemek.com/author/35533/20181219061403_avatar.jpg,/profil/yasemingursurer/,Lokanta Usulü: Köri Soslu Tavuk,Köri Soslu Tavuk,/tarif/kori-soslu-tavuk/,20 dk,10 dk,"<p>Baharat sevenleri, her yaptığı <a href=""https://yemek.com/tarif/"" target=""_blank"">yemek tarifinin</a> içine tuz hariç mutlaka en az 2 baharat ekleyenleri, körinin kokusunu da tadını da çok sevenleri böyle alalım. Güneydoğu Asya Mutfağı'nın vazgeçilmez baharatı köri, içerisinde bulunan sumak, zencefil, kimyon, kişniş vb. baharatlarla tam bir şifa kaynağı olma özelliğini taşıyor. Beyaz etlerle harika bir uyum yakalayan köri, en çok <a href=""https://yemek.com/tarif/tavuk/"" target=""_blank"">tavuk etini</a> seviyor. Karşınızda nefis mi nefis: <strong>Köri soslu tavuk tarifi!</strong></p>
<p>Resimli anlatımıyla, en pratik ve yemelere doyum olmaz körili tavuk tarifini veriyor, köri sos nasıl yapılır tek tek anlatıyoruz. Yanına <a href=""https://yemek.com/tarif/patates-puresi/"" target=""_blank"">patates püresi</a>, <a href=""https://yemek.com/tarif/salata/"" target=""_blank"">salata</a> ya da <a href=""https://yemek.com/tarif/pilav/"" target=""_blank"">pilavla</a> servis edebilirsiniz. Lokantalarda sunulan köri soslu tavuklardan çok daha lezzetli oluyor, yiyen herkes tarifini istiyor. Bu lezzeti sık sık pişirmek isteyeceksiniz. Şimdiden ellerinize sağlık diyor, <a href=""https://yemek.com/soslu-tavuk-yemekleri/"" target=""_blank"">soslu tavuk yemekleri</a> arasında en çok sevilen bu kolay yemek tarifimize buyur ediyoruz.</p>
<p>Köri sosun tadını sevdiyseniz belki sonra <a href=""https://yemek.com/tarif/kremali-korili-tavuklu-makarna/"" target=""_blank"">köri soslu makarna tarifine</a> de şans vermek isteyebilirsiniz. Afiyet olsun!</p>
",recipe,"['tereyağı', 'sıcak su', 'tuz', 'un', 'maydanoz', 'karabiber', 'kuşbaşı tavuk göğsü', 'soğuk süt', 'köri', 'sıvı yağ']","['Sıvı yağını bir tavada kızdırın. Kuşbaşı\xa0doğranmış tavuk göğsünü aktarın.', 'Renk alıp, suyunu çekene kadar orta ateşte kavurun.', 'Köri sosu hazırlamak için; ayrı bir tavada tereyağını sos tenceresinde eritin.', 'Unu da üzerine ekleyin ve\xa0 kokusu çıkıp, renk alana kadar karıştırarak kavurun.', 'Kavrulan una soğuk sütü ekleyin ve unun topaklanmaması için bir çırpıcı yardımıyla hızlıca karıştırın.', 'Sıcak su, köri, tuz ve karabiberi katın.', 'Sosu, kısık ateşte koyu bir kıvam alana kadar sürekli karıştırarak 4- 5 dakika pişirin.', 'Hazırladığınız sosu, kavrulan tavuklara ekleyin ve harmanladıktan sonra pişirme işlemini 5 dakika kadar sürdürün.', 'İncecik kıyılmış bir avuç maydanozu, köri soslu tavuğa ilave ettikten sonra bekletmeden sıcak olarak servis edin.', 'Köri soslu tavuk tarifi hazır. Afiyet olsun!']",TAVUK,239b56,/tarif/tavuk/,"['Tavuk', 'Video']","['ekonomik', 'akşam yemeği', 'öğle yemeği']","['Öğle Yemeği', 'Akşam Yemeği']",['Tencere'],"['Ekonomik', 'Bol Proteinli']",False,1200,600,2019-05-14T13:24:40Z,4.0,1396751,11895,False,True,True,0,,0,,,,2014/06/kori-soslu-tavuk-yemekcom.jpg,0,0,https://cdn.yemek.com/mnresize/940/940/uploads/2014/06/kori-soslu-tavuk-yemekcom.jpg,940,940,False,https://cdn.yemek.com/mncrop/300/200/uploads/2014/06/kori-soslu-tavuk-yemekcom.jpg,300,200,True,https://cdn.yemek.com/mncrop/940/625/uploads/2014/06/kori-soslu-tavuk-yemekcom.jpg,940,625,True,https://cdn.yemek.com/mncrop/620/388/uploads/2014/06/kori-soslu-tavuk-yemekcom.jpg,620,388,True,https://cdn.yemek.com/mncrop/600/315/uploads/2014/06/kori-soslu-tavuk-yemekcom.jpg,600,315,True,"['tencere', 'bol proteinli']",,,,,
541,305,Gökçen Mutaf,https://cdn.yemek.com/author/23120/20181227103819_avatar.jpeg,/profil/gokcenmutaf/,Şaşmayan Tarif: Sade Kek,Sade Kek,/tarif/sade-kek/,40 dk,15 dk,"<p>Kocaman kabarmış, lezzetiyle herkesi kendine hayran bırakacak en klasik lezzetlerdendir sade kek tarifi. Süt, yumurta ve şekerin önderliğinde, misler gibi vanilya kokusunun büyüsünde hazırlanan harç fırının sıcacık kollarına teslim edilir. Kabarırken bile kendine hayran bırakan sade kek, çayın yanına hazırlanan en pratik kek olarak çıkar oradan. Karşınızda işte o enfes anların mimarı sade kek tarifi!</p>
<p>Birbirinden nefis <a href=""https://yemek.com/tarif/kek/"" target=""_blank"">kek tarifleri</a> arasında en baştan bize göz kırpan bu lezzet, kabarık ve yumuşak dokusuyla boyut atlıyor bu kez. Çaylarınızın, kahveleriniz hazırsa o yumuşacık sade kek tarifimiz geliyor. Şimdiden ellerinize sağlık.</p>
<p>Not: ""Sade kek de güzel ama kakaolu keki de çok seviyorum"" diyenler için yumuşacık kakaolu kek tarifimiz de hemen <a href=""https://yemek.com/tarif/kakaolu-kek/"" target=""_blank"">şurada</a>.</p>
",recipe,"['yumurta', 'toz şeker', 'süt', 'un', 'kabartma tozu', 'vanilin', 'sıvı yağ']","['Yumurtaları derince bir kaba kırın ve toz şekeri ekledikten sonra bir mikser ile 10 dakika boyunca çırpın.\xa0Krema kıvamına gelen karışıma sıvı yağı ve sütü ekleyip bir spatula ile karıştırın.', 'Üstüne unu, kabartma tozunu ve vanilini de ekledikten sonra tekrar karıştırın ve sıvı yağ ile yağladığınız bir kek kalıbına hazırladığınız karışımı dökün.', 'Önceden ısıtılmış 180 derecelik fırında 40 dakika kadar pişirin.\n\n&nbsp;', 'Kek kürdan testini geçince fırından alın ve tamamen soğuduktan sonra kalıbı ters çevirerek kalıptan çıkarın.', 'Dilimleyerek servis edin.\xa0 Afiyetler olsun!']",TATLI KEK,239b56,/tarif/tatli-kek/,"['Kek', 'Tatlı Kek']",['çay saati'],['Çay Saati'],['Fırın'],['Vejetaryen'],False,2400,900,2022-03-10T07:30:22Z,4.0,1356751,3356,False,False,True,0,,0,,,,2014/07/sade-kek-tarifi-yeni.jpg,0,0,https://cdn.yemek.com/mnresize/940/940/uploads/2014/07/sade-kek-tarifi-yeni.jpg,940,940,False,https://cdn.yemek.com/mncrop/300/200/uploads/2014/07/sade-kek-tarifi-yeni.jpg,300,200,True,https://cdn.yemek.com/mncrop/940/625/uploads/2014/07/sade-kek-tarifi-yeni.jpg,940,625,True,https://cdn.yemek.com/mncrop/620/388/uploads/2014/07/sade-kek-tarifi-yeni.jpg,620,388,True,https://cdn.yemek.com/mncrop/600/315/uploads/2014/07/sade-kek-tarifi-yeni.jpg,600,315,True,['fırın'],,,,,
542,183,Cemre Özgüzel,https://cdn.yemek.com/author/109/20200211010242_avatar.jpg,/profil/cemre-ozguzel/,Pastane Usulü: Un Kurabiyesi,Un Kurabiyesi,/tarif/un-kurabiyesi/,15 dk,25 dk,"<p>Kıyır kıyır dediğimiz <a href=""https://yemek.com/kurabiye-tarifleri/"" target=""_blank"">kurabiye tarifleri</a>nin şahı un kurabiyesidir. Uzun süre bozulmadan dayanabilmesi de bu lezzetli ve pratik kurabiyeyi popüler kılan noktalardan biridir. Kolay un kurabiyesi yapımında pudra şekeri elenerek servis edildiği için tarifinde çok az miktarda şeker kullanılır. Ağza gelmemesi için pudra şekeri tercih edilir. Hem kıvamı hem de dokusuyla, enfes mi enfes <strong>un kurabiyesi tarifi</strong> karşınızda!</p>
<p>""<a href=""https://yemek.com/agizda-dagilan-kurabiye-nasil-yapilir/"" target=""_blank"">Ağızda dağılan un kurabiyesi nasıl yapılır?</a>"" diyenler tarifin detaylarında açıklamalı anlatımını bulacak. Basit ve gerçek un kurabiyesinin tüm malzemeleri, yapılış adımları ve videosu ise hemen aşağıda. Hazırsanız en güzel un kurabiyesini yapmak için çalışmalara başlayalım! ''Un kurabiyesi tarifi nasıl yapılır?'' diyenlerinizi tarifimize alalım. Şimdiden ellerinize sağlık diyor, kolaylığı ve <strong>ağızda dağılan lezzetiyle un kurabiyesi</strong> <a href=""https://yemek.com/tarif/"" target=""_blank"">tarifi</a> karşınızda!</p>
",recipe,"['yumurta', 'un', 'vanilya', 'kabartma tozu', 'pudra şekeri', 'pudra şekeri', 'buğday nişastası', 'oda sıcaklığında tereyağı', 'sıvı yağ']","['Un kurabiyesi için 200 gram oda sıcaklığında bekletilmiş tereyağını derin bir yoğurma kasesine aktarın.', 'Üzerine 1 adet yumurta ve 1 çay bardağı sıvı yağını da ekledikten sonra pürüzsüz bir kıvam olana kadar çırpın.', '1 su bardağı pudra şekeri, 5 yemek kaşığı buğday nişastası, 1 paket kabartma tozu, 1 paket vanilin ve 3 su bardağı unu azar azar ekleyin.', 'Ele yapışmayacak kıvamda bir hamur elde edene kadar yoğurun.', 'Kurabiye hamurundan büyükçe bir parça alın ve tezgahın üzerinde yuvarlayarak 2 parmak kalınlığında rulo şekline getirin.', 'Kenar kısımlarını kesin. Ardından üzerinden çatal yardımıyla geçerek şekil verin.', 'Bıçak yardımıyla 3 parmak genişliğinde parçalar kesin. Fırın tepsisine aktarın.', 'Üzerleri hafif kızarıp renk alana kadar önceden ısıtılmış 170 derece fırında 15 dakika kadar pişirin.', 'Soğuttuktan sonra pudra şekeri eleyin.', 'Ardından un kurabiyelerini servis edin. Afiyetler olsun!']",TATLI KURABİYE,239b56,/tarif/tatli-kurabiyeler/,"['Kurabiye', 'Video', 'Tatlı Kurabiye']",['çay saati'],['Çay Saati'],['Fırın'],,False,900,1500,2022-04-01T07:45:01Z,4.0,1330455,3412,False,True,True,0,,0,,,,2022/04/un-kurabiyesi-onecikan-yeni.jpg,0,0,https://cdn.yemek.com/mnresize/940/940/uploads/2022/04/un-kurabiyesi-onecikan-yeni.jpg,940,940,False,https://cdn.yemek.com/mncrop/300/200/uploads/2022/04/un-kurabiyesi-onecikan-yeni.jpg,300,200,True,https://cdn.yemek.com/mncrop/940/625/uploads/2022/04/un-kurabiyesi-onecikan-yeni.jpg,940,625,True,https://cdn.yemek.com/mncrop/620/388/uploads/2022/04/un-kurabiyesi-onecikan-yeni.jpg,620,388,True,https://cdn.yemek.com/mncrop/600/315/uploads/2022/04/un-kurabiyesi-onecikan-yeni.jpg,600,315,True,['fırın'],,,,,
543,121,Cemre Özgüzel,https://cdn.yemek.com/author/109/20200211010242_avatar.jpg,/profil/cemre-ozguzel/,"Kolay, Pratik, Tam Kıvamında: Kakaolu Kek",Kakaolu Kek,/tarif/kakaolu-kek/,35 dk,10 dk,"<p>Bir parça kakaolu <a href=""https://yemek.com/tarif/kek/"" target=""_blank"">kek</a>; göz doldurur, iştah açar, <a href=""https://yemek.com/tarif/iced-latte/"" target=""_blank"">kahvenin</a> yanında iyi gider, misafir kurtarır, evlat sevindirir, anne özlemini artırır. On diliminde on marifet kakaolu kek, yapması da kolay olduğundan öğrencilerin de yapabilecekleri en nefis ve pratik <a href=""https://yemek.com/tarif/kek/"" target=""_blank"">kek tariflerinden</a> biri.</p>
<p>Kek denince akla gelen ilk <a href=""https://yemek.com/tarif/tatli-kek/"" target=""_blank"">tatlı kek</a> tarif olan <a href=""https://yemek.com/kakaolu-kek-tarifleri/"" target=""_blank"">kakaolu kek tarifi</a>ni en kolay, pratik ve tam kıvamında bir şekilde yapmak mümkün! Bu pratik kakaolu kek yumuşacık ve yaptığınız en güzel kakaolu kek tarifi olacak.</p>
<p>Kakaolu kek <a href=""https://yemek.com/tarif/"" target=""_blank"">tarif</a>imizin videosu hemen aşağıda, afiyet olsun!</p>
",recipe,"['yumurta', 'toz şeker', 'süt', 'un', 'vanilya', 'kabartma tozu', 'kakao', 'maden suyu', 'sıvı yağ']","['Yumurtaları ve toz şekeri derin bir kapta, bir mikser yardımıyla şeker eriyene kadar çırpın.', 'Ardından sıvı yağ, süt ve\xa0 sodayı da üzerine ekleyip çırpmaya devam edin.', 'Kek harcına unu ve kakaoyu azar azar ilave edin. Kabartma tozu ve vanilini de ekledikten sonra spatula yardımıyla, pürüzsüz bir harç elde edene kadar karıştırmaya devam edin.', 'Hazırladığınız kakaolu kek karışımını yağladığınız kek kalıbına dökün.', 'Önceden ısıtılmış 180 derece fırında 30-35 dakika kadar pişirin. İçini çekmesi için beklettiğiniz keki, ılınınca kalıbından çıkartın.', 'Üzerine pudra şekeri serperek servis edin.']",TATLI KEK,239b56,/tarif/tatli-kek/,"['Kek', 'Video', 'Tatlı Kek']","['ekonomik', 'ara öğün']",['Çay Saati'],['Fırın'],['Ekonomik'],False,2100,600,2020-11-19T10:43:04Z,4.0,1321844,5041,False,True,True,0,,0,,,,2019/03/kakaolu-kek-one-cikan-yeni.jpg,0,0,https://cdn.yemek.com/mnresize/940/940/uploads/2019/03/kakaolu-kek-one-cikan-yeni.jpg,940,940,False,https://cdn.yemek.com/mncrop/300/200/uploads/2019/03/kakaolu-kek-one-cikan-yeni.jpg,300,200,True,https://cdn.yemek.com/mncrop/940/625/uploads/2019/03/kakaolu-kek-one-cikan-yeni.jpg,940,625,True,https://cdn.yemek.com/mncrop/620/388/uploads/2019/03/kakaolu-kek-one-cikan-yeni.jpg,620,388,True,https://cdn.yemek.com/mncrop/600/315/uploads/2019/03/kakaolu-kek-one-cikan-yeni.jpg,600,315,True,['fırın'],,,,,
544,302,Yasemin Özaltın,https://cdn.yemek.com/author/35533/20181219061403_avatar.jpg,/profil/yasemingursurer/,"Tüm Püf Noktalarıyla, Kolay: Şekerpare",Şekerpare,/tarif/sekerpare/,25 dk,30 dk,"<p>İrmik ile tatlanıp, kıtır bir kıvam alan tatlılarımızdan o. Evet doğru bildiniz, bayram tatlılarının da başında gelen, <a href=""https://yemek.com/tarif/serbetli-tatlilar/"" target=""_blank"">şerbetli tatlı</a> tariflerinin en sevilenlerinden şekerpare tarifinden bahsediyoruz. Pastanelerde yediğinizde tadı damağınızda kalan <strong>gerçek şekerparelerin sırları</strong>nı aldık, üzeri nefis bir şekilde kızarmış, şerbetini tam kıvamında çekmiş muhteşem bir şekerpare tatlısı hazırladık. Bu keyfe ortak olmak ve 'Şekerpare nasıl yapılır?', ""<strong>Şekerpare şerbeti nasıl yapılır?</strong>"" sorularına cevap bulmak, ""En güzel şekerpare <a href=""https://yemek.com/tarif/tatli/"" target=""_blank"">tatlısı</a> tarifini aradım aradım ama bulamadım"" diyenlerin derdine tam ölçülü ve ev yapımı bir şekerpare tarifiyle çözüm olmak istedik. İşte karşınızda, tüm püf noktalarıyla: Şekerpare <a href=""https://yemek.com/tarif/"" target=""_blank"">tarif</a>i!</p>
<p><a href=""https://yemek.com/tarif/sekerpare-2/"" target=""_blank"">Şekerpare tarifini </a>hazırlamak pek kolay, sonrası tam bir keyif... Üzerine mini mini fındıklar konan tatlılar fırında hafif bir renk alana kadar kızaracak, fırından çıkan sıcak tatlılar önceden hazırlanan soğuk şerbet azar azar eklenecek. Videolu, denenmiş en güzel şekerpare tarifi karşınızda!</p>
<p><a href=""https://yemek.com/ramazan-tatlilari/"" target=""_blank"">Ramazan sofralarında</a>, iftarda olmazsa olmaz tatlılardan biri olan şekerpare tatlısını yaparken işin biraz daha kolayına kaçmak isteyenler <a href=""https://yemek.com/tarif/kolay-sekerpare"" target=""_blank"">kolay şekerpare tarifimize</a>, klasik şekerpare tatlısı tarifi için de videolu tarifimizi davetlisiniz.</p>
",recipe,"['yumurta', 'toz şeker', 'un', 'kabartma tozu', 'su', 'irmik', 'pudra şekeri', 'fındık', 'limonun suyu', 'vanilin', 'Hindistan cevizi', 'margarin veya tuzsuz tereyağı']","['Şekerpare için öncelikle şerbeti hazırlıyoruz. 3 su bardağı suya 2 su bardağı şeker ekleyip karıştırıyoruz ve kaynamaya bırakıyoruz.', 'Kaynayan şerbetin içerisine bir iki damla limon suyu sıktıktan sonra koyu bir şerbet kıvamını alana kadar kısık ateşte bırakıyoruz ve ocaktan aldıktan sonra şerbeti ılımaya bırakıyoruz.', 'Hamurunu hazırlamak için derin bir karıştırma kasesine 1 su bardağı pudra şekeri, 125 gram margarin, 2 yumurta, 2 yemek kaşığı hindistan cevizi, 1 paket vanilin, 1 paket kabartma tozu, 4 yemek kaşığı irmik ve azar azar unu koyup güzelce yoğuruyoruz.', 'Yoğurduğumuz hamuru 15 dakika buzdolabında dinlendirdikten sonra cevizden biraz daha büyük parçalar koparıp elimizle yuvarlak şekil veriyoruz ve pişirme kağıdı serili fırın tepsisin üzerine aralıklı olarak yerleştiriyoruz.', 'Fındıkları şekerparelerin tam ortasına bastırarak yerleştiriyoruz.', 'Şekerpareleri önceden ısıtılmış 180 derece fırında 25 dakika pişiriyoruz.', 'Kurabiyeler sıcak şerbeti de soğukken şerbetini döküyoruz. Şerbeti de döktükten sonra iyice çekmesi için bekliyoruz ve servis ediyoruz. Afiyetler olsun!']",ŞERBETLİ TATLI,239b56,/tarif/serbetli-tatlilar/,"['Hamur İşi', 'Tatlı', 'Şerbetli Tatlı', 'Ramazan', 'Video']",['çay saati'],['Çay Saati'],"['Fırın', 'Tencere']",,False,1500,1800,2022-03-18T13:00:52Z,4.0,1282307,4569,False,True,True,0,,0,,,,2014/07/sekerpare-ytk-site.jpg,0,0,https://cdn.yemek.com/mnresize/940/940/uploads/2014/07/sekerpare-ytk-site.jpg,940,940,False,https://cdn.yemek.com/mncrop/300/200/uploads/2014/07/sekerpare-ytk-site.jpg,300,200,True,https://cdn.yemek.com/mncrop/940/625/uploads/2014/07/sekerpare-ytk-site.jpg,940,625,True,https://cdn.yemek.com/mncrop/620/388/uploads/2014/07/sekerpare-ytk-site.jpg,620,388,True,https://cdn.yemek.com/mncrop/600/315/uploads/2014/07/sekerpare-ytk-site.jpg,600,315,True,['fırın'],,,,,
545,3178,Cemre Özgüzel,https://cdn.yemek.com/author/109/20200211010242_avatar.jpg,/profil/cemre-ozguzel/,Oldu Bile: Üç Malzemeli Kurabiye,Üç Malzemeli Kurabiye,/tarif/uc-malzemeli-kurabiye/,20 dk,15 dk,"<p>Ayçiçek yağı, elenmiş un ve toz krem şanti. Sadece üç malzemeyle hazırlanan <a href=""https://yemek.com/tarif/un-kurabiyesi/"" target=""_blank"">un kurabiyesi</a> gevrekliğinde pratik ve ekonomik bir <a href=""https://yemek.com/tarif/kurabiye/"" target=""_blank"">kurabiye tarifi</a>. Siz çayı demleyene kadar onlar pişmiş hatta dinlenmiş olacak, mutfağı mis gibi kurabiye kokusu saracak. Sonrası tam anlamıyla keyif.</p>
<p>Dilerseniz hazırladığınız hamuru atın buzdolabına 30 dakika dinlendirin elinizle gelişi güzel minik yuvarlaklar yaparak pişirin isterseniz de kaşık yardımıyla tepsiye dizin. Karar sizin.</p>
<p>Kurabiye canavarları da sizi sevecek. Afiyetler olsun.</p>
",recipe,"['ayçiçek yağı', 'un', 'toz krem şanti']","['1 su bardağı ayçiçek yağını derin bir karıştırma kabına alın.', '1 paket toz krem şantiyi ve unun 1 bardaklık kısmını ilave ederek karıştırmaya başlayın.', '2 su bardağı unu da azar azar ilave edin ve yumuşak, ele yapışmayan bir hamur elde edene kadar yoğurun.', 'Kıvam alan hamurunuzdan ceviz büyüklüğünde parçalar alın ve elinizle yuvarlayarak şekil verin. Ardından yağlı kağıt serili bir fırın tepsinin üzerine kurabiyelerinizi aktarın. 175 derecede ısıtılmış fırında rengi hafif değişene kadar 15-20 dakika arası pişirin.', 'Çıkarıp oda sıcaklığında soğuttuktan sonra afiyetle tüketin.']",TATLI KURABİYE,239b56,/tarif/tatli-kurabiyeler/,"['Kurabiye', 'Video', 'Tatlı Kurabiye']",['pratik yemek tarifleri'],['Çay Saati'],['Fırın'],,False,1200,900,2015-08-10T11:18:13Z,4.0,1278903,3887,False,True,False,0,,0,,,,2015/08/uc-malzemeli-kurabiye-yemekcom.jpg,0,0,https://cdn.yemek.com/mnresize/940/940/uploads/2015/08/uc-malzemeli-kurabiye-yemekcom.jpg,940,940,False,https://cdn.yemek.com/mncrop/300/200/uploads/2015/08/uc-malzemeli-kurabiye-yemekcom.jpg,300,200,True,https://cdn.yemek.com/mncrop/940/625/uploads/2015/08/uc-malzemeli-kurabiye-yemekcom.jpg,940,625,True,https://cdn.yemek.com/mncrop/620/388/uploads/2015/08/uc-malzemeli-kurabiye-yemekcom.jpg,620,388,True,https://cdn.yemek.com/mncrop/600/315/uploads/2015/08/uc-malzemeli-kurabiye-yemekcom.jpg,600,315,True,,,,,,
546,2526,Yasemin Özaltın,https://cdn.yemek.com/author/35533/20181219061403_avatar.jpg,/profil/yasemingursurer/,Yumuşacık Etlerin Sırlarıyla: Hünkar Beğendi,Hünkar Beğendi,/tarif/hunkar-begendi/,1 sa,1 sa,"<p>Saray mutfağının önde gelen, hünkarın da midesini fetheden <a href=""https://yemek.com/tarif/"" target=""_blank"">yemek tariflerinden</a> biri hünkar beğendi. Pratik bir yemek tarifi sayılan, aşamaları biraz fazla olsa da lezzetli ana yemeklerden biri o! Tereyağında kavrulmuş un ve soğuk süt ilavesiyle hazırlanan beğendi bir yana dursun kısık ateşte pişen bol soğanlı et karışımı onu diğerlerinden ayırıyor. Karşınıza her haliyle övgüleri toplayacak, <a href=""https://yemek.com/tarif/et/"" target=""_blank"">et yemeklerinin</a> en görkemlisi hünkar beğendi yemeği çıkıyor.</p>
<p>Hünkarımızın bir bildiği olmalı diyerek sizi adım adım resimli ve videolu anlattığımız<strong> hünkar beğendi kebabı</strong> tarifimize alalım. ""<strong>Hünkar beğendinin yanına ne yapılır?</strong>"" diye soranlar için de cevabımız hemen tarifin sonunda. Şimdiden ellerinize sağlık diyor, lezzetine doyum olmaz hünkar beğendi tarifimize buyur ediyoruz. Yaptığım tarif en kusursuz haliyle olsun derseniz de <a href=""https://yemek.com/tarif/kusursuz-hunkar-begendi/"" target=""_blank"">kusursuz hünkar beğendi</a> tarifimize bekleriz. Keyfi ve lezzeti bol bol olsun. Afiyetler olsun!</p>
",recipe,"['tereyağı', 'sıcak su', 'tuz', 'tuz', 'süt', 'un', 'sarımsak', 'zeytinyağı', 'domates salçası', 'taze çekilmiş tane karabiber', 'kaşar peyniri', 'orta boy kuru soğan', 'orta boy domates', 'orta boy patlıcan', 'kuzu but (arzuya göre dana eti)']","['Hünkar beğendi tarifi için 4 adet orta boy patlıcana bıçakla delikler açın ve fırın tepsisine alın. 200 derecede yaklaşık 20 dakika fırınlayın.', 'Fırınlanmış patlıcanları bir kaba alın ve kabuklarının kolay soyulması için üzerini streçleyip, 15 dakika kadar bekledikten sonra kabukları soyun.', 'Bir tavada 3 yemek kaşığı zeytinyağını kızdırın. 2 adet yemeklik doğranmış kuru soğanı da üzerine ilave edip pembeleşinceye kadar kavurun.', '4 diş doğranmış sarımsağı da üzerine ekledikten sonra 600 gram kuşbaşı dana veya kuzu etini ilave edin.', ""Etler suyunu salıp çekene kadar pişmeye bırakın. 1 yemek kaşığı domates salçası, 1'er çay kaşığı tuz ve karabiber, 3 adet soyulmuş, doğranmış domates ekleyin."", '2 su bardağı sıcak su ekleyip etler yumuşayana kadar pişmeye bırakın.', 'Şimdi de beğendiyi hazırlayalım. 1 yemek kaşığı tereyağını bir tavada eritin. 1,5 yemek kaşığı unu üzerine ilave edip kokusu çıkana kadar kavurun.', ""Üzerine fırınladığınız ve kabuklarını soyduğunuz patlıcanları ekleyin. 1,5 su bardağı sütü de üzerine yavaş yavaş ilave edin ve sürekli olarak karıştırın. 1'er çay kaşığı tuz ve karabiberi de ekleyin."", 'Sonra son olarak yarım su bardağı rendelenmiş kaşar peyniri ekleyin ve karıştırıp ocaktan alın.', 'Beğendinin üzerine yumuşacık pişmiş etleri serpiştirin ve servis edin. Hünkar beğendi yemeği hazır, afiyet olsun!']",ET,239b56,/tarif/et/,"['Et', 'Ramazan', 'Video', 'Mevsiminde']","['akşam yemeği', 'öğle yemeği']","['Öğle Yemeği', 'Akşam Yemeği']",['Tencere'],['Ekonomik'],False,3600,3600,2021-03-22T08:32:29Z,4.0,1273470,10647,False,True,True,0,,0,,,,2021/03/hunkar-begendi-son-yemekcom.jpg,0,0,https://cdn.yemek.com/mnresize/940/940/uploads/2021/03/hunkar-begendi-son-yemekcom.jpg,940,940,False,https://cdn.yemek.com/mncrop/300/200/uploads/2021/03/hunkar-begendi-son-yemekcom.jpg,300,200,True,https://cdn.yemek.com/mncrop/940/625/uploads/2021/03/hunkar-begendi-son-yemekcom.jpg,940,625,True,https://cdn.yemek.com/mncrop/620/388/uploads/2021/03/hunkar-begendi-son-yemekcom.jpg,620,388,True,https://cdn.yemek.com/mncrop/600/315/uploads/2021/03/hunkar-begendi-son-yemekcom.jpg,600,315,True,"['tencere', 'bol proteinli', 'bol lifli']",,"['Haziran', 'Temmuz', 'Ağustos']",,,
547,410,Yasemin Özaltın,https://cdn.yemek.com/author/35533/20181219061403_avatar.jpg,/profil/yasemingursurer/,Yağdan Hafif: Fırında Baharatlı Patates,Fırında Baharatlı Patates,/tarif/baharatli-firin-patates/,30 dk,10 dk,"<p>Var mı patates sevmeyen? <a href=""https://yemek.com/tarif/kofte/"" target=""_blank"">Köfte</a>nin yanında patates kızartması yemeyi düşlemeyen, önceden kızarttığı patatesleri yumurtayla harmanlayıp yumurtalı patates haline getirmeyen? Yok yazın da bozuşmayalım şimdi. <a href=""https://yemek.com/tarif/kizartma/"" target=""_blank"">Kızartma</a>sı güzel olsa da bu meredin sağlıktan ödün vermeden de kızarmış patates yemek mümkün. Nasıl mı? Patatesleri fırında kızartarak elbette.</p>
<p><strong>Fırında patates kızartması tarifi</strong>nde o çok sevdiğimiz baharatları ekleyip eser miktarda <a href=""https://yemek.com/sozluk/zeytinyagi/"" target=""_blank"">zeytinyağı</a> ile harmanladığımız patates dilimlerini fırına alıyoruz. Onlar çıtır çıtır kızardıkça size de bu <a href=""https://yemek.com/tarif/atistirmaliklar/"" target=""_blank"">atıştırmalığın</a> keyfini uzun uzadıya çıkarmak kalıyor.</p>
",recipe,"['tuz', 'zeytinyağı', 'karabiber', 'biberiye', 'kekik', 'rendelenmiş sarımsak', 'büyük boy patates', 'toz kırmızı biber']","['Bir kasede zeytinyağı, tuz, toz kırmızı biber, sarımsak, kekik, taze biberiye ve karabiberi alın.', 'Tüm malzemeleri güzelce çırparak karıştırın.', 'Patatesleri elma dilim şeklinde kesin.', 'Tabanını yağlı kağıt ile kapladığınız fırın tepsisine patatesleri yayın. Hazırladığınız sosu patateslerin üzerine gezdirin ve her yerine gelecek şekilde karıştırın.', 'Önceden ısıtılmış 200 derece fırında 25- 30 dakika kızarana kadar fırından yükselen mis gibi kokuyu içinize çeke çeke bekleyin. Piştikten sonra afiyetle tüketin.']",TUZLU ATIŞTIRMALIK,239b56,/tarif/tuzlu-atistirmalik/,"['Sebze', 'Atıştırmalık', 'Video', 'Tuzlu Atıştırmalık', 'Mevsiminde']","['pratik yemek tarifleri', 'ekonomik', 'başlangıç', 'diyet']","['Öğle Yemeği', 'Akşam Yemeği']",['Fırın'],,False,1800,600,2014-08-04T13:30:26Z,4.0,1246823,7207,False,True,True,0,,0,,,,2014/08/baharatli-patates-yemekcom.jpg,0,0,https://cdn.yemek.com/mnresize/940/940/uploads/2014/08/baharatli-patates-yemekcom.jpg,940,940,False,https://cdn.yemek.com/mncrop/300/200/uploads/2014/08/baharatli-patates-yemekcom.jpg,300,200,True,https://cdn.yemek.com/mncrop/940/625/uploads/2014/08/baharatli-patates-yemekcom.jpg,940,625,True,https://cdn.yemek.com/mncrop/620/388/uploads/2014/08/baharatli-patates-yemekcom.jpg,620,388,True,https://cdn.yemek.com/mncrop/600/315/uploads/2014/08/baharatli-patates-yemekcom.jpg,600,315,True,"['vejetaryen', 'fırın', 'düşük karbonhidratlı']",,"['Haziran', 'Temmuz', 'Ağustos', 'Eylül']",,,
548,2040,Yasemin Özaltın,https://cdn.yemek.com/author/35533/20181219061403_avatar.jpg,/profil/yasemingursurer/,Üzeri Kızarmış: Fırın Sütlaç,Fırın Sütlaç,/tarif/firin-sutlac/,45 dk,30 dk,"<p><a href=""https://yemek.com/tarif/sutlu-tatlilar/"" target=""_blank"">Sütlü tatlı</a>ların en besleyici olanı, pirincin en güzel ve <a href=""https://yemek.com/tarif/tatli/"" target=""_blank"">tatlı</a> halidir <a href=""https://yemek.com/tarif/sutlac/"" target=""_blank"">sütlaç</a>. Bu sefer bizim yaptığımız gibi tarifinde küçük bir farklılık yapıp yumurta sarısı ilavesiyle pişirdiğinizde ve porsiyonluk fırın kaplarında pişirme işlemini sürdürdüğünüzde fırın sütlaç göz kırpar size.</p>
<p>Tarçın ilavesi ile soğuk soğuk yendiğinde tadına doyum olmaz. <strong>Tam ölçülü ve kıvamı asla şaşmayan</strong> bir <a href=""https://yemek.com/tarif/"" target=""_blank"">tarif</a> üstelik. Bir yiyenin lezzetine hayran kalacağı fırın sütlaçlar karşınızda! Bir kase yesek mi?</p>
",recipe,"['pirinç', 'toz şeker', 'süt', 'su', 'su', 'yumurta sarısı', 'buğday nişastası', 'vanilin']","['Fırın sütlaç için öncelikle bol suda yıkadığınız pirinçleri; bir tencerede, 2 su bardağı suyu ekleyerek orta ateşte suyunu çekene kadar haşlayın.', 'Soğuk süt ve toz şekeri ayrı bir geniş tencereye alın.\xa0Bir çırpma teliyle toz şeker eriyene kadar karıştırdıktan sonra ocağa alın. Kısık ateşte kaynamaya bırakın.', 'Vanilini toz şeker eriğinde süte ekleyin.', 'Haşlanan pirinçleri ocaktan alın ve fazla suyu kaldıysa süzün.', '1-2 dakika kadar kaynayan şekerli süte haşlanmış pirinçleri ilave edin.', 'Yumurta sarısını, buğday nişastası ve 1 bardak su ilavesiyle ayrı bir kabın içerisine alın.', 'Pürüzsüz bir kıvam alana kadar karıştırın.', 'Yumurta sarısının kesilmemesi için; kısık ateşte kaynamakta olan süt karışımından alıp nişastalı karışımı ılıştırın.', 'Hazırladığınız yumurta sarılı karışımı sütlaç tenceresine azar azar katıp hızlıca karıştırın.', 'Kıvam alan sütlacı, ısıya dayanıklı porsiyonluk güveç kaplarına eşit ölçüde boşaltın.', 'Sütlaç kaselerini, derin bir fırın tepsisine aralıklı olarak dizin. Kapların yarısına gelecek kadar soğuk suyu, sütlaçlara değdirmeden tepsiye dökün.', 'Fırına verdiğiniz sütlaçları, önceden ısıtılmış 200 derece fırında 12-15 dakika kadar pişirin.', 'Fırından bir mutfak eldiveni yardımıyla çıkardığınız sütlaç kaselerini, oda ısısında soğuttuktan sonra buzdolabına kaldırın. Soğuttuktan sonra fırın sütlaçları sevdiklerinizle paylaşın.']",SÜTLÜ TATLI,239b56,/tarif/sutlu-tatlilar/,"['Tatlı', 'Ramazan', 'Sütlü Tatlı', 'Video']","['ekonomik', 'ara öğün', 'çay saati']","['Ara Öğün', 'Çay Saati']","['Fırın', 'Tencere']",,False,2700,1800,2019-05-02T08:14:33Z,4.0,1200815,6587,False,True,True,0,,0,,,,2015/03/ytk-firin-sutlac-site.jpg,0,0,https://cdn.yemek.com/mnresize/940/940/uploads/2015/03/ytk-firin-sutlac-site.jpg,940,940,False,https://cdn.yemek.com/mncrop/300/200/uploads/2015/03/ytk-firin-sutlac-site.jpg,300,200,True,https://cdn.yemek.com/mncrop/940/625/uploads/2015/03/ytk-firin-sutlac-site.jpg,940,625,True,https://cdn.yemek.com/mncrop/620/388/uploads/2015/03/ytk-firin-sutlac-site.jpg,620,388,True,https://cdn.yemek.com/mncrop/600/315/uploads/2015/03/ytk-firin-sutlac-site.jpg,600,315,True,['fırın'],,,,,
549,85,Yasemin Özaltın,https://cdn.yemek.com/author/35533/20181219061403_avatar.jpg,/profil/yasemingursurer/,Terbiyesinin Kesilme Derdi Yok: Yayla Çorbası,Yayla Çorbası,/tarif/yayla-corbasi/,35 dk,15 dk,"<p>Yayla çorbasının tadına varmak için yaz ya da kış fark etmez! Anadolu’nun geleneksel çorbalarından ve <a href=""https://yemek.com/tarif/"" target=""_blank"">yemek tariflerinden</a> biri olan bu lezzet size de nane <strong>ferahlığını</strong> çağrıştırmıyor mu?</p>
<p><a href=""https://yemek.com/tarif/kahvaltiliklar/"" target=""_blank"">Kahvaltı</a>dan akşam yemeğine günün her saati tüketebileceğiniz bu <strong>pratik</strong> ve besleyici <a href=""https://yemek.com/tarif/corba/"" target=""_blank"">çorba tarifi</a>ni püf noktalarına dikkat ederek birlikte hazırlayalım.</p>
<p>En güzel çorba <strong>tariflerinden</strong> biri olan yayla çorbası tarifinde bulunan yoğurt sayesinde bir vitamin kaynağıdır. Hatta bu yüzden yoğurt çorbası olarak bile anılır.</p>
<p>Pirinçli, yoğurtlu bu yayla çorbasının tarifi hem videolu hem de adım adım resimli olarak tüm <strong>püf noktalarıyla</strong> karşınızda. Farklı yayla çorbası tarifi arayanlar için <a href=""https://yemek.com/tarif/yumurtasiz-yayla-corbasi/"" target=""_blank"">yumurtasız yayla çorbası</a> ve <a href=""https://yemek.com/tarif/kolay-yayla-corbasi/"" target=""_blank"">kolay yayla çorbası</a> tarifimizi de öneririz.</p>
",recipe,"['pirinç', 'tereyağı', 'tuz', 'pul biber', 'un', 'su', 'yoğurt', 'yumurta sarısı', 'zeytinyağı', 'kuru nane', 'limonun suyu']","['Çorbayı pişireceğiniz tencereye 2 su bardağı yoğurt, 1,5 yemek kaşığı un, 2 yemek kaşığı limon suyu ekleyip pürüzsüz bir kıvama gelene kadar karıştırın.', '1 yumurta sarısını da karışımın üzerine ekledikten sonra tekrar karıştırın.', '6 su bardağı soğuk suyu da ilave edip orta ateşte kaynamaya bırakın.', 'Çorba kaynamaya başlayınca yıkayıp süzdüğünüz 1 çay bardağı pirinci ekleyin ve tekrar kaynamaya bırakın.', ""Bu sırada ayrı bir tavada 2'şer yemek kaşığı zeytinyağı ve tereyağını kızdırın. 1 yemek kaşığı kuru naneyi de üzerine ekleyip karıştırın ve ocaktan alın."", 'Hazırladığınız yağı kaynamakta olan çorbanın üzerine dökün. Pul biberi ve tuzu da ekleyin.', 'Güzelce karıştırıp ocağın altını kapatın.', 'Yayla çorbanız hazır, afiyet olsun!']",ÇORBA,,/tarif/corba/,"['Çorba', 'Ramazan', 'Video']","['pratik yemek tarifleri', 'ekonomik', 'başlangıç', 'akşam yemeği', 'öğle yemeği']","['Başlangıç', 'Öğle Yemeği', 'Ara Öğün', 'Akşam Yemeği']",['Tencere'],"['Ekonomik', 'Vejetaryen', 'Düşük Karbonhidratlı']",False,2100,900,2019-05-17T08:15:01Z,4.0,1190925,10054,False,True,True,0,,0,,,,2014/06/yayla-corbasi-yemekcom.jpg,0,0,https://cdn.yemek.com/mnresize/940/940/uploads/2014/06/yayla-corbasi-yemekcom.jpg,940,940,False,https://cdn.yemek.com/mncrop/300/200/uploads/2014/06/yayla-corbasi-yemekcom.jpg,300,200,True,https://cdn.yemek.com/mncrop/940/625/uploads/2014/06/yayla-corbasi-yemekcom.jpg,940,625,True,https://cdn.yemek.com/mncrop/620/388/uploads/2014/06/yayla-corbasi-yemekcom.jpg,620,388,True,https://cdn.yemek.com/mncrop/600/315/uploads/2014/06/yayla-corbasi-yemekcom.jpg,600,315,True,"['tencere', 'düşük karbonhidratlı']",greenLight,,,,
550,761,Yasemin Özaltın,https://cdn.yemek.com/author/35533/20181219061403_avatar.jpg,/profil/yasemingursurer/,Anne Usulü: Karnıyarık,Karnıyarık,/tarif/karniyarik/,50 dk,30 dk,"<p>Sofraların olmazsa olmazı, <a href=""https://yemek.com/tarif/pirinc-pilavi/"" target=""_blank"" rel=""noopener"">pilavın</a> sevdalısı, <a href=""https://yemek.com/tarif/cacik/"" target=""_blank"" rel=""noopener"">cacığın</a> en iyi dostu, <a href=""https://yemek.com/tarif/"" target=""_blank"" rel=""noopener"">yemek tariflerinin</a> gözdesi, anneye bolca sipariş verilen karnıyarık hazırlıyoruz. Duymayan kalmasın. Arzu eden bize katılsın. Patlıcanları kızartmak istemeyen fırınını önceden ısıtsın.</p>
<p>Karnıyarık tarifinde başrol malzememiz her zaman olduğu gibi sebzelerin en çok kıskanılanı patlıcan. Kendisi malumunuz üzerine binlerce yazıda en çok sevilen sebze olarak yer almıştır. Yine karnıyarık tarifinde öne çıkan bir diğer malzeme ise, karnıyarığı imam bayıldıdan ayıran kıyma. Kendisi karnıyarık tarifini de lezzet getiriyor.</p>
<p>Biz de bu <strong>fırında karnıyarık</strong> tarifinde karnıyarık içinin tencerede nasıl hazırlanacağından karnıyarık yemeğinin adım adım resimli aşamalarıyla nasıl yapıldığına hepsini tek tek anlatmak istedik.</p>
<p>Vejetaryen karnıyarık olan <a href=""https://yemek.com/imam-bayildinin-hikayesi/"" target=""_blank"" rel=""noopener"">imam bayıldı</a> gibi hikayelere konuk olmasa da kendisi başlı başına bir hikaye karnıyarığın. İnanmayan pilava, cacığa, yanında kırılan soğana sorsun. Tüm lokanta yemekleri tarifleri karnıyarığa olan aşkını anlatacaktır.</p>
<p>O yüzden hazır edin patlıcanı, <a href=""https://yemek.com/tarif/kiyma-kavurma/"" target=""_blank"" rel=""noopener"">kıyma</a>yı, soğanı, zeytinyağını bu akşam misler gibi karnıyarık yapmak için mutfağa giresimiz var.</p>
<p>Yapanların ellerine sağlık.</p>",recipe,"['biber salçası', 'tuz', 'ayçiçek yağı', 'sarımsak', 'maydanoz', 'zeytinyağı', 'karabiber', 'domates salçası', 'domates', 'yeşil biber', 'kıyma', 'büyük boy kuru soğan', 'orta boy patlıcan', 'orta boy yeşil sivri biber']","['<p>Bol suda yıkadığınız patlıcanları, pijamalı şekilde soyun ve tuzlu suda bekletin. 3 yemek kaşığı zeytinyağını bir tavada kızdırın. Yemeklik doğradığınız 1 adet soğanı da üzerine ekleyip pembeleşene kadar kavurun. 2 adet doğranmış yeşil biberi ilave edip kavurmaya devam edin.</p>', '<p>350 gram orta yağlı kıymayı da ekleyin ve kavrulmakta olan soğanlarla birlikte renk alıp, suyunu çekene kadar pişirin.</p>', ""<p>Aralarda karıştırıp pişirme işlemine devam ederek sırasıyla; 2 diş sarımsak, yarım tatlı kaşığı domates salçası, yarım tatlı kaşığı biber salçası, 1'er çay kaşığı tuz ve karabiber ekleyin.\xa0</p>"", '<p>2 adet küp doğranmış domatesi ekleyin, 5 dakika kadar pişirdikten sonra ocağın altını kısın ve bir avuç doğranmış maydanozu ekleyip son kez karıştırarak ocaktan alın.</p>', '<p>Acısını alıp, pijamalı soyduğunuz 6 adet patlıcanı kızartın.</p>', '<p>Fırına dayanıklı bir kaba yerleştirin.</p>', '<p>Orta kısımlarından patlıcanları yarın.</p>', '<p>Hazırladığınız iç harçtan bol bol ekleyin.</p>', '<p>Patlıcanların üzerine birer cherry domates ve biber dilimleri ekleyin.</p>', '<p>Karnıyarıkları önceden ısıtılmış 170 derece fırında 20-25 dakika kadar pişirdikten sonra, sıcak olarak, dilerseniz tereyağlı pirinç pilavı eşliğinde servis edin, afiyet olsun!</p>']",SEBZE,239b56,/tarif/sebze/,"['Sebze', 'Ramazan', 'Video', 'Sulu Yemek', 'Mevsiminde']",,"['Öğle Yemeği', 'Akşam Yemeği']","['Fırın', 'Kızartma', 'Tencere']",,False,3000,1800,2019-05-14T11:19:27Z,4.0,1185751,6345,False,True,True,0,,0,,,,2014/10/karniyarik-yemekcom.jpg,0,0,https://cdn.yemek.com/mnresize/940/940/uploads/2014/10/karniyarik-yemekcom.jpg,940,940,False,https://cdn.yemek.com/mncrop/300/200/uploads/2014/10/karniyarik-yemekcom.jpg,300,200,True,https://cdn.yemek.com/mncrop/940/625/uploads/2014/10/karniyarik-yemekcom.jpg,940,625,True,https://cdn.yemek.com/mncrop/620/388/uploads/2014/10/karniyarik-yemekcom.jpg,620,388,True,https://cdn.yemek.com/mncrop/600/315/uploads/2014/10/karniyarik-yemekcom.jpg,600,315,True,,,"['Haziran', 'Temmuz', 'Ağustos']",,,
551,24660,Yasemin Özaltın,https://cdn.yemek.com/author/35533/20181219061403_avatar.jpg,/profil/yasemingursurer/,Evdeki Malzemelerle: Fincan Tatlısı,Fincan Tatlısı,/tarif/fincan-tatlisi/,15 dk,5 dk,"<p>Pratik lezzetlerden vazgeçemeyenlere, yemeklerin sunumuna önem verenlere müjdemiz var! Evdeki malzemelerle hızlıca yapabileceğiniz fincan tatlısı, Hindistan cevizi ve meyveler ile süslenerek adeta evde bir dekor olarak kullanabileceğiniz güzellikte oluyor. Yemeyip yanında yatasınız geliyor <img src=""https://cdn.yemek.com/assets/images/smiley/smile.png"" class=""wp-smiley img-responsive"" /></p>
<p>Bu pratik <a href=""https://yemek.com/tarif/"" target=""_blank"">tarifte</a> zevkinize göre değişiklikler yapabilirsiniz. Çoğunlukla vanilya aromalı hazırlanan muhallebiyi dilerseniz kakaolu, çilekli veya muzlu yaparak, farklı ve şık bir sunum elde edebilirsiniz. Hatta iki renkli hazırlamak bile müthiş bir hava katacaktır. Videoyu aşağıya iliştirdik. Çay saatleriniz ve özel davetleriniz için oldukça kolay hazırlanacak bu <a href=""https://yemek.com/tarif/sutlu-tatlilar/"" target=""_blank"">sütlü</a> <a href=""https://yemek.com/tarif/tatli/"" target=""_blank"">tatlıyı</a> mutlaka denemenizi öneriyoruz. Afiyet olsun!</p>
",recipe,"['toz şeker', 'süt', 'un', 'margarin', 'çilek (arzuya göre muz)', 'vanilin', 'Hindistan cevizi rendesi']","['Derin bir tencereye süt, un ve şekeri ekleyip çırpma teli yardımıyla karıştırarak muhallebi kıvamına gelene kadar pişirin.', 'Muhallebi koyu kıvam alıp göz göz\xa0 fokurdamaya başlayınca margarin ve vanilini ekleyin ve tekrar karıştırın.Pişen muhallebiyi ocaktan alın.', 'Orta boy kahve fincanına 2 parmak boşluk bırakacak şekilde, kepçe yardımıyla muhallebiyi dökün.', 'Fincandaki muhallebileri önce oda sıcaklığına getirdikten sonra buzdolabında en az 4 saat soğumaya bırakın.', 'Soğuyan muhallebileri fincandan yavaşça çıkarın ve Hindistan cevizine bulayın.', 'Hindistan cevizine bulanan muhallebileri servis tabağına alın ve üzerini dilediğiniz meyve ile süsleyip servis edin.']",SÜTLÜ TATLI,239b56,/tarif/sutlu-tatlilar/,"['Tatlı', 'Sütlü Tatlı', 'Video']","['ekonomik', 'çay saati']",['Çay Saati'],['Tencere'],"['Ekonomik', 'Vejetaryen', 'Bol Proteinli']",False,900,300,2020-11-09T07:31:32Z,4.0,1167935,7485,False,True,True,0,,0,,,,2017/10/fincan-tatlisi-tarifi.jpg,0,0,https://cdn.yemek.com/mnresize/940/940/uploads/2017/10/fincan-tatlisi-tarifi.jpg,940,940,False,https://cdn.yemek.com/mncrop/300/200/uploads/2017/10/fincan-tatlisi-tarifi.jpg,300,200,True,https://cdn.yemek.com/mncrop/940/625/uploads/2017/10/fincan-tatlisi-tarifi.jpg,940,625,True,https://cdn.yemek.com/mncrop/620/388/uploads/2017/10/fincan-tatlisi-tarifi.jpg,620,388,True,https://cdn.yemek.com/mncrop/600/315/uploads/2017/10/fincan-tatlisi-tarifi.jpg,600,315,True,['tencere'],,,,,
552,305,Gökçen Mutaf,https://cdn.yemek.com/author/23120/20181227103819_avatar.jpeg,/profil/gokcenmutaf/,Şaşmayan Tarif: Sade Kek,Sade Kek,/tarif/sade-kek/,40 dk,15 dk,"<p>Kocaman kabarmış, lezzetiyle herkesi kendine hayran bırakacak en klasik lezzetlerdendir sade kek tarifi. Süt, yumurta ve şekerin önderliğinde, misler gibi vanilya kokusunun büyüsünde hazırlanan harç fırının sıcacık kollarına teslim edilir. Kabarırken bile kendine hayran bırakan sade kek, çayın yanına hazırlanan en pratik kek olarak çıkar oradan. Karşınızda işte o enfes anların mimarı sade kek tarifi!</p>
<p>Birbirinden nefis <a href=""https://yemek.com/tarif/kek/"" target=""_blank"">kek tarifleri</a> arasında en baştan bize göz kırpan bu lezzet, kabarık ve yumuşak dokusuyla boyut atlıyor bu kez. Çaylarınızın, kahveleriniz hazırsa o yumuşacık sade kek tarifimiz geliyor. Şimdiden ellerinize sağlık.</p>
<p>Not: ""Sade kek de güzel ama kakaolu keki de çok seviyorum"" diyenler için yumuşacık kakaolu kek tarifimiz de hemen <a href=""https://yemek.com/tarif/kakaolu-kek/"" target=""_blank"">şurada</a>.</p>
",recipe,"['yumurta', 'toz şeker', 'süt', 'un', 'kabartma tozu', 'vanilin', 'sıvı yağ']","['Yumurtaları derince bir kaba kırın ve toz şekeri ekledikten sonra bir mikser ile 10 dakika boyunca çırpın.\xa0Krema kıvamına gelen karışıma sıvı yağı ve sütü ekleyip bir spatula ile karıştırın.', 'Üstüne unu, kabartma tozunu ve vanilini de ekledikten sonra tekrar karıştırın ve sıvı yağ ile yağladığınız bir kek kalıbına hazırladığınız karışımı dökün.', 'Önceden ısıtılmış 180 derecelik fırında 40 dakika kadar pişirin.\n\n&nbsp;', 'Kek kürdan testini geçince fırından alın ve tamamen soğuduktan sonra kalıbı ters çevirerek kalıptan çıkarın.', 'Dilimleyerek servis edin.\xa0 Afiyetler olsun!']",TATLI KEK,239b56,/tarif/tatli-kek/,"['Kek', 'Tatlı Kek']",['çay saati'],['Çay Saati'],['Fırın'],['Vejetaryen'],False,2400,900,2022-03-10T07:30:22Z,4.0,1356751,3356,False,False,True,0,,0,,,,2014/07/sade-kek-tarifi-yeni.jpg,0,0,https://cdn.yemek.com/mnresize/940/940/uploads/2014/07/sade-kek-tarifi-yeni.jpg,940,940,False,https://cdn.yemek.com/mncrop/300/200/uploads/2014/07/sade-kek-tarifi-yeni.jpg,300,200,True,https://cdn.yemek.com/mncrop/940/625/uploads/2014/07/sade-kek-tarifi-yeni.jpg,940,625,True,https://cdn.yemek.com/mncrop/620/388/uploads/2014/07/sade-kek-tarifi-yeni.jpg,620,388,True,https://cdn.yemek.com/mncrop/600/315/uploads/2014/07/sade-kek-tarifi-yeni.jpg,600,315,True,['fırın'],,,,,
553,183,Cemre Özgüzel,https://cdn.yemek.com/author/109/20200211010242_avatar.jpg,/profil/cemre-ozguzel/,Pastane Usulü: Un Kurabiyesi,Un Kurabiyesi,/tarif/un-kurabiyesi/,15 dk,25 dk,"<p>Kıyır kıyır dediğimiz <a href=""https://yemek.com/kurabiye-tarifleri/"" target=""_blank"">kurabiye tarifleri</a>nin şahı un kurabiyesidir. Uzun süre bozulmadan dayanabilmesi de bu lezzetli ve pratik kurabiyeyi popüler kılan noktalardan biridir. Kolay un kurabiyesi yapımında pudra şekeri elenerek servis edildiği için tarifinde çok az miktarda şeker kullanılır. Ağza gelmemesi için pudra şekeri tercih edilir. Hem kıvamı hem de dokusuyla, enfes mi enfes <strong>un kurabiyesi tarifi</strong> karşınızda!</p>
<p>""<a href=""https://yemek.com/agizda-dagilan-kurabiye-nasil-yapilir/"" target=""_blank"">Ağızda dağılan un kurabiyesi nasıl yapılır?</a>"" diyenler tarifin detaylarında açıklamalı anlatımını bulacak. Basit ve gerçek un kurabiyesinin tüm malzemeleri, yapılış adımları ve videosu ise hemen aşağıda. Hazırsanız en güzel un kurabiyesini yapmak için çalışmalara başlayalım! ''Un kurabiyesi tarifi nasıl yapılır?'' diyenlerinizi tarifimize alalım. Şimdiden ellerinize sağlık diyor, kolaylığı ve <strong>ağızda dağılan lezzetiyle un kurabiyesi</strong> <a href=""https://yemek.com/tarif/"" target=""_blank"">tarifi</a> karşınızda!</p>
",recipe,"['yumurta', 'un', 'vanilya', 'kabartma tozu', 'pudra şekeri', 'pudra şekeri', 'buğday nişastası', 'oda sıcaklığında tereyağı', 'sıvı yağ']","['Un kurabiyesi için 200 gram oda sıcaklığında bekletilmiş tereyağını derin bir yoğurma kasesine aktarın.', 'Üzerine 1 adet yumurta ve 1 çay bardağı sıvı yağını da ekledikten sonra pürüzsüz bir kıvam olana kadar çırpın.', '1 su bardağı pudra şekeri, 5 yemek kaşığı buğday nişastası, 1 paket kabartma tozu, 1 paket vanilin ve 3 su bardağı unu azar azar ekleyin.', 'Ele yapışmayacak kıvamda bir hamur elde edene kadar yoğurun.', 'Kurabiye hamurundan büyükçe bir parça alın ve tezgahın üzerinde yuvarlayarak 2 parmak kalınlığında rulo şekline getirin.', 'Kenar kısımlarını kesin. Ardından üzerinden çatal yardımıyla geçerek şekil verin.', 'Bıçak yardımıyla 3 parmak genişliğinde parçalar kesin. Fırın tepsisine aktarın.', 'Üzerleri hafif kızarıp renk alana kadar önceden ısıtılmış 170 derece fırında 15 dakika kadar pişirin.', 'Soğuttuktan sonra pudra şekeri eleyin.', 'Ardından un kurabiyelerini servis edin. Afiyetler olsun!']",TATLI KURABİYE,239b56,/tarif/tatli-kurabiyeler/,"['Kurabiye', 'Video', 'Tatlı Kurabiye']",['çay saati'],['Çay Saati'],['Fırın'],,False,900,1500,2022-04-01T07:45:01Z,4.0,1330455,3412,False,True,True,0,,0,,,,2022/04/un-kurabiyesi-onecikan-yeni.jpg,0,0,https://cdn.yemek.com/mnresize/940/940/uploads/2022/04/un-kurabiyesi-onecikan-yeni.jpg,940,940,False,https://cdn.yemek.com/mncrop/300/200/uploads/2022/04/un-kurabiyesi-onecikan-yeni.jpg,300,200,True,https://cdn.yemek.com/mncrop/940/625/uploads/2022/04/un-kurabiyesi-onecikan-yeni.jpg,940,625,True,https://cdn.yemek.com/mncrop/620/388/uploads/2022/04/un-kurabiyesi-onecikan-yeni.jpg,620,388,True,https://cdn.yemek.com/mncrop/600/315/uploads/2022/04/un-kurabiyesi-onecikan-yeni.jpg,600,315,True,['fırın'],,,,,
554,121,Cemre Özgüzel,https://cdn.yemek.com/author/109/20200211010242_avatar.jpg,/profil/cemre-ozguzel/,"Kolay, Pratik, Tam Kıvamında: Kakaolu Kek",Kakaolu Kek,/tarif/kakaolu-kek/,35 dk,10 dk,"<p>Bir parça kakaolu <a href=""https://yemek.com/tarif/kek/"" target=""_blank"">kek</a>; göz doldurur, iştah açar, <a href=""https://yemek.com/tarif/iced-latte/"" target=""_blank"">kahvenin</a> yanında iyi gider, misafir kurtarır, evlat sevindirir, anne özlemini artırır. On diliminde on marifet kakaolu kek, yapması da kolay olduğundan öğrencilerin de yapabilecekleri en nefis ve pratik <a href=""https://yemek.com/tarif/kek/"" target=""_blank"">kek tariflerinden</a> biri.</p>
<p>Kek denince akla gelen ilk <a href=""https://yemek.com/tarif/tatli-kek/"" target=""_blank"">tatlı kek</a> tarif olan <a href=""https://yemek.com/kakaolu-kek-tarifleri/"" target=""_blank"">kakaolu kek tarifi</a>ni en kolay, pratik ve tam kıvamında bir şekilde yapmak mümkün! Bu pratik kakaolu kek yumuşacık ve yaptığınız en güzel kakaolu kek tarifi olacak.</p>
<p>Kakaolu kek <a href=""https://yemek.com/tarif/"" target=""_blank"">tarif</a>imizin videosu hemen aşağıda, afiyet olsun!</p>
",recipe,"['yumurta', 'toz şeker', 'süt', 'un', 'vanilya', 'kabartma tozu', 'kakao', 'maden suyu', 'sıvı yağ']","['Yumurtaları ve toz şekeri derin bir kapta, bir mikser yardımıyla şeker eriyene kadar çırpın.', 'Ardından sıvı yağ, süt ve\xa0 sodayı da üzerine ekleyip çırpmaya devam edin.', 'Kek harcına unu ve kakaoyu azar azar ilave edin. Kabartma tozu ve vanilini de ekledikten sonra spatula yardımıyla, pürüzsüz bir harç elde edene kadar karıştırmaya devam edin.', 'Hazırladığınız kakaolu kek karışımını yağladığınız kek kalıbına dökün.', 'Önceden ısıtılmış 180 derece fırında 30-35 dakika kadar pişirin. İçini çekmesi için beklettiğiniz keki, ılınınca kalıbından çıkartın.', 'Üzerine pudra şekeri serperek servis edin.']",TATLI KEK,239b56,/tarif/tatli-kek/,"['Kek', 'Video', 'Tatlı Kek']","['ekonomik', 'ara öğün']",['Çay Saati'],['Fırın'],['Ekonomik'],False,2100,600,2020-11-19T10:43:04Z,4.0,1321844,5041,False,True,True,0,,0,,,,2019/03/kakaolu-kek-one-cikan-yeni.jpg,0,0,https://cdn.yemek.com/mnresize/940/940/uploads/2019/03/kakaolu-kek-one-cikan-yeni.jpg,940,940,False,https://cdn.yemek.com/mncrop/300/200/uploads/2019/03/kakaolu-kek-one-cikan-yeni.jpg,300,200,True,https://cdn.yemek.com/mncrop/940/625/uploads/2019/03/kakaolu-kek-one-cikan-yeni.jpg,940,625,True,https://cdn.yemek.com/mncrop/620/388/uploads/2019/03/kakaolu-kek-one-cikan-yeni.jpg,620,388,True,https://cdn.yemek.com/mncrop/600/315/uploads/2019/03/kakaolu-kek-one-cikan-yeni.jpg,600,315,True,['fırın'],,,,,
555,302,Yasemin Özaltın,https://cdn.yemek.com/author/35533/20181219061403_avatar.jpg,/profil/yasemingursurer/,"Tüm Püf Noktalarıyla, Kolay: Şekerpare",Şekerpare,/tarif/sekerpare/,25 dk,30 dk,"<p>İrmik ile tatlanıp, kıtır bir kıvam alan tatlılarımızdan o. Evet doğru bildiniz, bayram tatlılarının da başında gelen, <a href=""https://yemek.com/tarif/serbetli-tatlilar/"" target=""_blank"">şerbetli tatlı</a> tariflerinin en sevilenlerinden şekerpare tarifinden bahsediyoruz. Pastanelerde yediğinizde tadı damağınızda kalan <strong>gerçek şekerparelerin sırları</strong>nı aldık, üzeri nefis bir şekilde kızarmış, şerbetini tam kıvamında çekmiş muhteşem bir şekerpare tatlısı hazırladık. Bu keyfe ortak olmak ve 'Şekerpare nasıl yapılır?', ""<strong>Şekerpare şerbeti nasıl yapılır?</strong>"" sorularına cevap bulmak, ""En güzel şekerpare <a href=""https://yemek.com/tarif/tatli/"" target=""_blank"">tatlısı</a> tarifini aradım aradım ama bulamadım"" diyenlerin derdine tam ölçülü ve ev yapımı bir şekerpare tarifiyle çözüm olmak istedik. İşte karşınızda, tüm püf noktalarıyla: Şekerpare <a href=""https://yemek.com/tarif/"" target=""_blank"">tarif</a>i!</p>
<p><a href=""https://yemek.com/tarif/sekerpare-2/"" target=""_blank"">Şekerpare tarifini </a>hazırlamak pek kolay, sonrası tam bir keyif... Üzerine mini mini fındıklar konan tatlılar fırında hafif bir renk alana kadar kızaracak, fırından çıkan sıcak tatlılar önceden hazırlanan soğuk şerbet azar azar eklenecek. Videolu, denenmiş en güzel şekerpare tarifi karşınızda!</p>
<p><a href=""https://yemek.com/ramazan-tatlilari/"" target=""_blank"">Ramazan sofralarında</a>, iftarda olmazsa olmaz tatlılardan biri olan şekerpare tatlısını yaparken işin biraz daha kolayına kaçmak isteyenler <a href=""https://yemek.com/tarif/kolay-sekerpare"" target=""_blank"">kolay şekerpare tarifimize</a>, klasik şekerpare tatlısı tarifi için de videolu tarifimizi davetlisiniz.</p>
",recipe,"['yumurta', 'toz şeker', 'un', 'kabartma tozu', 'su', 'irmik', 'pudra şekeri', 'fındık', 'limonun suyu', 'vanilin', 'Hindistan cevizi', 'margarin veya tuzsuz tereyağı']","['Şekerpare için öncelikle şerbeti hazırlıyoruz. 3 su bardağı suya 2 su bardağı şeker ekleyip karıştırıyoruz ve kaynamaya bırakıyoruz.', 'Kaynayan şerbetin içerisine bir iki damla limon suyu sıktıktan sonra koyu bir şerbet kıvamını alana kadar kısık ateşte bırakıyoruz ve ocaktan aldıktan sonra şerbeti ılımaya bırakıyoruz.', 'Hamurunu hazırlamak için derin bir karıştırma kasesine 1 su bardağı pudra şekeri, 125 gram margarin, 2 yumurta, 2 yemek kaşığı hindistan cevizi, 1 paket vanilin, 1 paket kabartma tozu, 4 yemek kaşığı irmik ve azar azar unu koyup güzelce yoğuruyoruz.', 'Yoğurduğumuz hamuru 15 dakika buzdolabında dinlendirdikten sonra cevizden biraz daha büyük parçalar koparıp elimizle yuvarlak şekil veriyoruz ve pişirme kağıdı serili fırın tepsisin üzerine aralıklı olarak yerleştiriyoruz.', 'Fındıkları şekerparelerin tam ortasına bastırarak yerleştiriyoruz.', 'Şekerpareleri önceden ısıtılmış 180 derece fırında 25 dakika pişiriyoruz.', 'Kurabiyeler sıcak şerbeti de soğukken şerbetini döküyoruz. Şerbeti de döktükten sonra iyice çekmesi için bekliyoruz ve servis ediyoruz. Afiyetler olsun!']",ŞERBETLİ TATLI,239b56,/tarif/serbetli-tatlilar/,"['Hamur İşi', 'Tatlı', 'Şerbetli Tatlı', 'Ramazan', 'Video']",['çay saati'],['Çay Saati'],"['Fırın', 'Tencere']",,False,1500,1800,2022-03-18T13:00:52Z,4.0,1282307,4569,False,True,True,0,,0,,,,2014/07/sekerpare-ytk-site.jpg,0,0,https://cdn.yemek.com/mnresize/940/940/uploads/2014/07/sekerpare-ytk-site.jpg,940,940,False,https://cdn.yemek.com/mncrop/300/200/uploads/2014/07/sekerpare-ytk-site.jpg,300,200,True,https://cdn.yemek.com/mncrop/940/625/uploads/2014/07/sekerpare-ytk-site.jpg,940,625,True,https://cdn.yemek.com/mncrop/620/388/uploads/2014/07/sekerpare-ytk-site.jpg,620,388,True,https://cdn.yemek.com/mncrop/600/315/uploads/2014/07/sekerpare-ytk-site.jpg,600,315,True,['fırın'],,,,,
556,3178,Cemre Özgüzel,https://cdn.yemek.com/author/109/20200211010242_avatar.jpg,/profil/cemre-ozguzel/,Oldu Bile: Üç Malzemeli Kurabiye,Üç Malzemeli Kurabiye,/tarif/uc-malzemeli-kurabiye/,20 dk,15 dk,"<p>Ayçiçek yağı, elenmiş un ve toz krem şanti. Sadece üç malzemeyle hazırlanan <a href=""https://yemek.com/tarif/un-kurabiyesi/"" target=""_blank"">un kurabiyesi</a> gevrekliğinde pratik ve ekonomik bir <a href=""https://yemek.com/tarif/kurabiye/"" target=""_blank"">kurabiye tarifi</a>. Siz çayı demleyene kadar onlar pişmiş hatta dinlenmiş olacak, mutfağı mis gibi kurabiye kokusu saracak. Sonrası tam anlamıyla keyif.</p>
<p>Dilerseniz hazırladığınız hamuru atın buzdolabına 30 dakika dinlendirin elinizle gelişi güzel minik yuvarlaklar yaparak pişirin isterseniz de kaşık yardımıyla tepsiye dizin. Karar sizin.</p>
<p>Kurabiye canavarları da sizi sevecek. Afiyetler olsun.</p>
",recipe,"['ayçiçek yağı', 'un', 'toz krem şanti']","['1 su bardağı ayçiçek yağını derin bir karıştırma kabına alın.', '1 paket toz krem şantiyi ve unun 1 bardaklık kısmını ilave ederek karıştırmaya başlayın.', '2 su bardağı unu da azar azar ilave edin ve yumuşak, ele yapışmayan bir hamur elde edene kadar yoğurun.', 'Kıvam alan hamurunuzdan ceviz büyüklüğünde parçalar alın ve elinizle yuvarlayarak şekil verin. Ardından yağlı kağıt serili bir fırın tepsinin üzerine kurabiyelerinizi aktarın. 175 derecede ısıtılmış fırında rengi hafif değişene kadar 15-20 dakika arası pişirin.', 'Çıkarıp oda sıcaklığında soğuttuktan sonra afiyetle tüketin.']",TATLI KURABİYE,239b56,/tarif/tatli-kurabiyeler/,"['Kurabiye', 'Video', 'Tatlı Kurabiye']",['pratik yemek tarifleri'],['Çay Saati'],['Fırın'],,False,1200,900,2015-08-10T11:18:13Z,4.0,1278903,3887,False,True,False,0,,0,,,,2015/08/uc-malzemeli-kurabiye-yemekcom.jpg,0,0,https://cdn.yemek.com/mnresize/940/940/uploads/2015/08/uc-malzemeli-kurabiye-yemekcom.jpg,940,940,False,https://cdn.yemek.com/mncrop/300/200/uploads/2015/08/uc-malzemeli-kurabiye-yemekcom.jpg,300,200,True,https://cdn.yemek.com/mncrop/940/625/uploads/2015/08/uc-malzemeli-kurabiye-yemekcom.jpg,940,625,True,https://cdn.yemek.com/mncrop/620/388/uploads/2015/08/uc-malzemeli-kurabiye-yemekcom.jpg,620,388,True,https://cdn.yemek.com/mncrop/600/315/uploads/2015/08/uc-malzemeli-kurabiye-yemekcom.jpg,600,315,True,,,,,,
557,2526,Yasemin Özaltın,https://cdn.yemek.com/author/35533/20181219061403_avatar.jpg,/profil/yasemingursurer/,Yumuşacık Etlerin Sırlarıyla: Hünkar Beğendi,Hünkar Beğendi,/tarif/hunkar-begendi/,1 sa,1 sa,"<p>Saray mutfağının önde gelen, hünkarın da midesini fetheden <a href=""https://yemek.com/tarif/"" target=""_blank"">yemek tariflerinden</a> biri hünkar beğendi. Pratik bir yemek tarifi sayılan, aşamaları biraz fazla olsa da lezzetli ana yemeklerden biri o! Tereyağında kavrulmuş un ve soğuk süt ilavesiyle hazırlanan beğendi bir yana dursun kısık ateşte pişen bol soğanlı et karışımı onu diğerlerinden ayırıyor. Karşınıza her haliyle övgüleri toplayacak, <a href=""https://yemek.com/tarif/et/"" target=""_blank"">et yemeklerinin</a> en görkemlisi hünkar beğendi yemeği çıkıyor.</p>
<p>Hünkarımızın bir bildiği olmalı diyerek sizi adım adım resimli ve videolu anlattığımız<strong> hünkar beğendi kebabı</strong> tarifimize alalım. ""<strong>Hünkar beğendinin yanına ne yapılır?</strong>"" diye soranlar için de cevabımız hemen tarifin sonunda. Şimdiden ellerinize sağlık diyor, lezzetine doyum olmaz hünkar beğendi tarifimize buyur ediyoruz. Yaptığım tarif en kusursuz haliyle olsun derseniz de <a href=""https://yemek.com/tarif/kusursuz-hunkar-begendi/"" target=""_blank"">kusursuz hünkar beğendi</a> tarifimize bekleriz. Keyfi ve lezzeti bol bol olsun. Afiyetler olsun!</p>
",recipe,"['tereyağı', 'sıcak su', 'tuz', 'tuz', 'süt', 'un', 'sarımsak', 'zeytinyağı', 'domates salçası', 'taze çekilmiş tane karabiber', 'kaşar peyniri', 'orta boy kuru soğan', 'orta boy domates', 'orta boy patlıcan', 'kuzu but (arzuya göre dana eti)']","['Hünkar beğendi tarifi için 4 adet orta boy patlıcana bıçakla delikler açın ve fırın tepsisine alın. 200 derecede yaklaşık 20 dakika fırınlayın.', 'Fırınlanmış patlıcanları bir kaba alın ve kabuklarının kolay soyulması için üzerini streçleyip, 15 dakika kadar bekledikten sonra kabukları soyun.', 'Bir tavada 3 yemek kaşığı zeytinyağını kızdırın. 2 adet yemeklik doğranmış kuru soğanı da üzerine ilave edip pembeleşinceye kadar kavurun.', '4 diş doğranmış sarımsağı da üzerine ekledikten sonra 600 gram kuşbaşı dana veya kuzu etini ilave edin.', ""Etler suyunu salıp çekene kadar pişmeye bırakın. 1 yemek kaşığı domates salçası, 1'er çay kaşığı tuz ve karabiber, 3 adet soyulmuş, doğranmış domates ekleyin."", '2 su bardağı sıcak su ekleyip etler yumuşayana kadar pişmeye bırakın.', 'Şimdi de beğendiyi hazırlayalım. 1 yemek kaşığı tereyağını bir tavada eritin. 1,5 yemek kaşığı unu üzerine ilave edip kokusu çıkana kadar kavurun.', ""Üzerine fırınladığınız ve kabuklarını soyduğunuz patlıcanları ekleyin. 1,5 su bardağı sütü de üzerine yavaş yavaş ilave edin ve sürekli olarak karıştırın. 1'er çay kaşığı tuz ve karabiberi de ekleyin."", 'Sonra son olarak yarım su bardağı rendelenmiş kaşar peyniri ekleyin ve karıştırıp ocaktan alın.', 'Beğendinin üzerine yumuşacık pişmiş etleri serpiştirin ve servis edin. Hünkar beğendi yemeği hazır, afiyet olsun!']",ET,239b56,/tarif/et/,"['Et', 'Ramazan', 'Video', 'Mevsiminde']","['akşam yemeği', 'öğle yemeği']","['Öğle Yemeği', 'Akşam Yemeği']",['Tencere'],['Ekonomik'],False,3600,3600,2021-03-22T08:32:29Z,4.0,1273470,10647,False,True,True,0,,0,,,,2021/03/hunkar-begendi-son-yemekcom.jpg,0,0,https://cdn.yemek.com/mnresize/940/940/uploads/2021/03/hunkar-begendi-son-yemekcom.jpg,940,940,False,https://cdn.yemek.com/mncrop/300/200/uploads/2021/03/hunkar-begendi-son-yemekcom.jpg,300,200,True,https://cdn.yemek.com/mncrop/940/625/uploads/2021/03/hunkar-begendi-son-yemekcom.jpg,940,625,True,https://cdn.yemek.com/mncrop/620/388/uploads/2021/03/hunkar-begendi-son-yemekcom.jpg,620,388,True,https://cdn.yemek.com/mncrop/600/315/uploads/2021/03/hunkar-begendi-son-yemekcom.jpg,600,315,True,"['tencere', 'bol proteinli', 'bol lifli']",,"['Haziran', 'Temmuz', 'Ağustos']",,,
558,410,Yasemin Özaltın,https://cdn.yemek.com/author/35533/20181219061403_avatar.jpg,/profil/yasemingursurer/,Yağdan Hafif: Fırında Baharatlı Patates,Fırında Baharatlı Patates,/tarif/baharatli-firin-patates/,30 dk,10 dk,"<p>Var mı patates sevmeyen? <a href=""https://yemek.com/tarif/kofte/"" target=""_blank"">Köfte</a>nin yanında patates kızartması yemeyi düşlemeyen, önceden kızarttığı patatesleri yumurtayla harmanlayıp yumurtalı patates haline getirmeyen? Yok yazın da bozuşmayalım şimdi. <a href=""https://yemek.com/tarif/kizartma/"" target=""_blank"">Kızartma</a>sı güzel olsa da bu meredin sağlıktan ödün vermeden de kızarmış patates yemek mümkün. Nasıl mı? Patatesleri fırında kızartarak elbette.</p>
<p><strong>Fırında patates kızartması tarifi</strong>nde o çok sevdiğimiz baharatları ekleyip eser miktarda <a href=""https://yemek.com/sozluk/zeytinyagi/"" target=""_blank"">zeytinyağı</a> ile harmanladığımız patates dilimlerini fırına alıyoruz. Onlar çıtır çıtır kızardıkça size de bu <a href=""https://yemek.com/tarif/atistirmaliklar/"" target=""_blank"">atıştırmalığın</a> keyfini uzun uzadıya çıkarmak kalıyor.</p>
",recipe,"['tuz', 'zeytinyağı', 'karabiber', 'biberiye', 'kekik', 'rendelenmiş sarımsak', 'büyük boy patates', 'toz kırmızı biber']","['Bir kasede zeytinyağı, tuz, toz kırmızı biber, sarımsak, kekik, taze biberiye ve karabiberi alın.', 'Tüm malzemeleri güzelce çırparak karıştırın.', 'Patatesleri elma dilim şeklinde kesin.', 'Tabanını yağlı kağıt ile kapladığınız fırın tepsisine patatesleri yayın. Hazırladığınız sosu patateslerin üzerine gezdirin ve her yerine gelecek şekilde karıştırın.', 'Önceden ısıtılmış 200 derece fırında 25- 30 dakika kızarana kadar fırından yükselen mis gibi kokuyu içinize çeke çeke bekleyin. Piştikten sonra afiyetle tüketin.']",TUZLU ATIŞTIRMALIK,239b56,/tarif/tuzlu-atistirmalik/,"['Sebze', 'Atıştırmalık', 'Video', 'Tuzlu Atıştırmalık', 'Mevsiminde']","['pratik yemek tarifleri', 'ekonomik', 'başlangıç', 'diyet']","['Öğle Yemeği', 'Akşam Yemeği']",['Fırın'],,False,1800,600,2014-08-04T13:30:26Z,4.0,1246823,7207,False,True,True,0,,0,,,,2014/08/baharatli-patates-yemekcom.jpg,0,0,https://cdn.yemek.com/mnresize/940/940/uploads/2014/08/baharatli-patates-yemekcom.jpg,940,940,False,https://cdn.yemek.com/mncrop/300/200/uploads/2014/08/baharatli-patates-yemekcom.jpg,300,200,True,https://cdn.yemek.com/mncrop/940/625/uploads/2014/08/baharatli-patates-yemekcom.jpg,940,625,True,https://cdn.yemek.com/mncrop/620/388/uploads/2014/08/baharatli-patates-yemekcom.jpg,620,388,True,https://cdn.yemek.com/mncrop/600/315/uploads/2014/08/baharatli-patates-yemekcom.jpg,600,315,True,"['vejetaryen', 'fırın', 'düşük karbonhidratlı']",,"['Haziran', 'Temmuz', 'Ağustos', 'Eylül']",,,
559,2040,Yasemin Özaltın,https://cdn.yemek.com/author/35533/20181219061403_avatar.jpg,/profil/yasemingursurer/,Üzeri Kızarmış: Fırın Sütlaç,Fırın Sütlaç,/tarif/firin-sutlac/,45 dk,30 dk,"<p><a href=""https://yemek.com/tarif/sutlu-tatlilar/"" target=""_blank"">Sütlü tatlı</a>ların en besleyici olanı, pirincin en güzel ve <a href=""https://yemek.com/tarif/tatli/"" target=""_blank"">tatlı</a> halidir <a href=""https://yemek.com/tarif/sutlac/"" target=""_blank"">sütlaç</a>. Bu sefer bizim yaptığımız gibi tarifinde küçük bir farklılık yapıp yumurta sarısı ilavesiyle pişirdiğinizde ve porsiyonluk fırın kaplarında pişirme işlemini sürdürdüğünüzde fırın sütlaç göz kırpar size.</p>
<p>Tarçın ilavesi ile soğuk soğuk yendiğinde tadına doyum olmaz. <strong>Tam ölçülü ve kıvamı asla şaşmayan</strong> bir <a href=""https://yemek.com/tarif/"" target=""_blank"">tarif</a> üstelik. Bir yiyenin lezzetine hayran kalacağı fırın sütlaçlar karşınızda! Bir kase yesek mi?</p>
",recipe,"['pirinç', 'toz şeker', 'süt', 'su', 'su', 'yumurta sarısı', 'buğday nişastası', 'vanilin']","['Fırın sütlaç için öncelikle bol suda yıkadığınız pirinçleri; bir tencerede, 2 su bardağı suyu ekleyerek orta ateşte suyunu çekene kadar haşlayın.', 'Soğuk süt ve toz şekeri ayrı bir geniş tencereye alın.\xa0Bir çırpma teliyle toz şeker eriyene kadar karıştırdıktan sonra ocağa alın. Kısık ateşte kaynamaya bırakın.', 'Vanilini toz şeker eriğinde süte ekleyin.', 'Haşlanan pirinçleri ocaktan alın ve fazla suyu kaldıysa süzün.', '1-2 dakika kadar kaynayan şekerli süte haşlanmış pirinçleri ilave edin.', 'Yumurta sarısını, buğday nişastası ve 1 bardak su ilavesiyle ayrı bir kabın içerisine alın.', 'Pürüzsüz bir kıvam alana kadar karıştırın.', 'Yumurta sarısının kesilmemesi için; kısık ateşte kaynamakta olan süt karışımından alıp nişastalı karışımı ılıştırın.', 'Hazırladığınız yumurta sarılı karışımı sütlaç tenceresine azar azar katıp hızlıca karıştırın.', 'Kıvam alan sütlacı, ısıya dayanıklı porsiyonluk güveç kaplarına eşit ölçüde boşaltın.', 'Sütlaç kaselerini, derin bir fırın tepsisine aralıklı olarak dizin. Kapların yarısına gelecek kadar soğuk suyu, sütlaçlara değdirmeden tepsiye dökün.', 'Fırına verdiğiniz sütlaçları, önceden ısıtılmış 200 derece fırında 12-15 dakika kadar pişirin.', 'Fırından bir mutfak eldiveni yardımıyla çıkardığınız sütlaç kaselerini, oda ısısında soğuttuktan sonra buzdolabına kaldırın. Soğuttuktan sonra fırın sütlaçları sevdiklerinizle paylaşın.']",SÜTLÜ TATLI,239b56,/tarif/sutlu-tatlilar/,"['Tatlı', 'Ramazan', 'Sütlü Tatlı', 'Video']","['ekonomik', 'ara öğün', 'çay saati']","['Ara Öğün', 'Çay Saati']","['Fırın', 'Tencere']",,False,2700,1800,2019-05-02T08:14:33Z,4.0,1200815,6587,False,True,True,0,,0,,,,2015/03/ytk-firin-sutlac-site.jpg,0,0,https://cdn.yemek.com/mnresize/940/940/uploads/2015/03/ytk-firin-sutlac-site.jpg,940,940,False,https://cdn.yemek.com/mncrop/300/200/uploads/2015/03/ytk-firin-sutlac-site.jpg,300,200,True,https://cdn.yemek.com/mncrop/940/625/uploads/2015/03/ytk-firin-sutlac-site.jpg,940,625,True,https://cdn.yemek.com/mncrop/620/388/uploads/2015/03/ytk-firin-sutlac-site.jpg,620,388,True,https://cdn.yemek.com/mncrop/600/315/uploads/2015/03/ytk-firin-sutlac-site.jpg,600,315,True,['fırın'],,,,,
560,85,Yasemin Özaltın,https://cdn.yemek.com/author/35533/20181219061403_avatar.jpg,/profil/yasemingursurer/,Terbiyesinin Kesilme Derdi Yok: Yayla Çorbası,Yayla Çorbası,/tarif/yayla-corbasi/,35 dk,15 dk,"<p>Yayla çorbasının tadına varmak için yaz ya da kış fark etmez! Anadolu’nun geleneksel çorbalarından ve <a href=""https://yemek.com/tarif/"" target=""_blank"">yemek tariflerinden</a> biri olan bu lezzet size de nane <strong>ferahlığını</strong> çağrıştırmıyor mu?</p>
<p><a href=""https://yemek.com/tarif/kahvaltiliklar/"" target=""_blank"">Kahvaltı</a>dan akşam yemeğine günün her saati tüketebileceğiniz bu <strong>pratik</strong> ve besleyici <a href=""https://yemek.com/tarif/corba/"" target=""_blank"">çorba tarifi</a>ni püf noktalarına dikkat ederek birlikte hazırlayalım.</p>
<p>En güzel çorba <strong>tariflerinden</strong> biri olan yayla çorbası tarifinde bulunan yoğurt sayesinde bir vitamin kaynağıdır. Hatta bu yüzden yoğurt çorbası olarak bile anılır.</p>
<p>Pirinçli, yoğurtlu bu yayla çorbasının tarifi hem videolu hem de adım adım resimli olarak tüm <strong>püf noktalarıyla</strong> karşınızda. Farklı yayla çorbası tarifi arayanlar için <a href=""https://yemek.com/tarif/yumurtasiz-yayla-corbasi/"" target=""_blank"">yumurtasız yayla çorbası</a> ve <a href=""https://yemek.com/tarif/kolay-yayla-corbasi/"" target=""_blank"">kolay yayla çorbası</a> tarifimizi de öneririz.</p>
",recipe,"['pirinç', 'tereyağı', 'tuz', 'pul biber', 'un', 'su', 'yoğurt', 'yumurta sarısı', 'zeytinyağı', 'kuru nane', 'limonun suyu']","['Çorbayı pişireceğiniz tencereye 2 su bardağı yoğurt, 1,5 yemek kaşığı un, 2 yemek kaşığı limon suyu ekleyip pürüzsüz bir kıvama gelene kadar karıştırın.', '1 yumurta sarısını da karışımın üzerine ekledikten sonra tekrar karıştırın.', '6 su bardağı soğuk suyu da ilave edip orta ateşte kaynamaya bırakın.', 'Çorba kaynamaya başlayınca yıkayıp süzdüğünüz 1 çay bardağı pirinci ekleyin ve tekrar kaynamaya bırakın.', ""Bu sırada ayrı bir tavada 2'şer yemek kaşığı zeytinyağı ve tereyağını kızdırın. 1 yemek kaşığı kuru naneyi de üzerine ekleyip karıştırın ve ocaktan alın."", 'Hazırladığınız yağı kaynamakta olan çorbanın üzerine dökün. Pul biberi ve tuzu da ekleyin.', 'Güzelce karıştırıp ocağın altını kapatın.', 'Yayla çorbanız hazır, afiyet olsun!']",ÇORBA,,/tarif/corba/,"['Çorba', 'Ramazan', 'Video']","['pratik yemek tarifleri', 'ekonomik', 'başlangıç', 'akşam yemeği', 'öğle yemeği']","['Başlangıç', 'Öğle Yemeği', 'Ara Öğün', 'Akşam Yemeği']",['Tencere'],"['Ekonomik', 'Vejetaryen', 'Düşük Karbonhidratlı']",False,2100,900,2019-05-17T08:15:01Z,4.0,1190925,10054,False,True,True,0,,0,,,,2014/06/yayla-corbasi-yemekcom.jpg,0,0,https://cdn.yemek.com/mnresize/940/940/uploads/2014/06/yayla-corbasi-yemekcom.jpg,940,940,False,https://cdn.yemek.com/mncrop/300/200/uploads/2014/06/yayla-corbasi-yemekcom.jpg,300,200,True,https://cdn.yemek.com/mncrop/940/625/uploads/2014/06/yayla-corbasi-yemekcom.jpg,940,625,True,https://cdn.yemek.com/mncrop/620/388/uploads/2014/06/yayla-corbasi-yemekcom.jpg,620,388,True,https://cdn.yemek.com/mncrop/600/315/uploads/2014/06/yayla-corbasi-yemekcom.jpg,600,315,True,"['tencere', 'düşük karbonhidratlı']",greenLight,,,,
561,761,Yasemin Özaltın,https://cdn.yemek.com/author/35533/20181219061403_avatar.jpg,/profil/yasemingursurer/,Anne Usulü: Karnıyarık,Karnıyarık,/tarif/karniyarik/,50 dk,30 dk,"<p>Sofraların olmazsa olmazı, <a href=""https://yemek.com/tarif/pirinc-pilavi/"" target=""_blank"" rel=""noopener"">pilavın</a> sevdalısı, <a href=""https://yemek.com/tarif/cacik/"" target=""_blank"" rel=""noopener"">cacığın</a> en iyi dostu, <a href=""https://yemek.com/tarif/"" target=""_blank"" rel=""noopener"">yemek tariflerinin</a> gözdesi, anneye bolca sipariş verilen karnıyarık hazırlıyoruz. Duymayan kalmasın. Arzu eden bize katılsın. Patlıcanları kızartmak istemeyen fırınını önceden ısıtsın.</p>
<p>Karnıyarık tarifinde başrol malzememiz her zaman olduğu gibi sebzelerin en çok kıskanılanı patlıcan. Kendisi malumunuz üzerine binlerce yazıda en çok sevilen sebze olarak yer almıştır. Yine karnıyarık tarifinde öne çıkan bir diğer malzeme ise, karnıyarığı imam bayıldıdan ayıran kıyma. Kendisi karnıyarık tarifini de lezzet getiriyor.</p>
<p>Biz de bu <strong>fırında karnıyarık</strong> tarifinde karnıyarık içinin tencerede nasıl hazırlanacağından karnıyarık yemeğinin adım adım resimli aşamalarıyla nasıl yapıldığına hepsini tek tek anlatmak istedik.</p>
<p>Vejetaryen karnıyarık olan <a href=""https://yemek.com/imam-bayildinin-hikayesi/"" target=""_blank"" rel=""noopener"">imam bayıldı</a> gibi hikayelere konuk olmasa da kendisi başlı başına bir hikaye karnıyarığın. İnanmayan pilava, cacığa, yanında kırılan soğana sorsun. Tüm lokanta yemekleri tarifleri karnıyarığa olan aşkını anlatacaktır.</p>
<p>O yüzden hazır edin patlıcanı, <a href=""https://yemek.com/tarif/kiyma-kavurma/"" target=""_blank"" rel=""noopener"">kıyma</a>yı, soğanı, zeytinyağını bu akşam misler gibi karnıyarık yapmak için mutfağa giresimiz var.</p>
<p>Yapanların ellerine sağlık.</p>",recipe,"['biber salçası', 'tuz', 'ayçiçek yağı', 'sarımsak', 'maydanoz', 'zeytinyağı', 'karabiber', 'domates salçası', 'domates', 'yeşil biber', 'kıyma', 'büyük boy kuru soğan', 'orta boy patlıcan', 'orta boy yeşil sivri biber']","['<p>Bol suda yıkadığınız patlıcanları, pijamalı şekilde soyun ve tuzlu suda bekletin. 3 yemek kaşığı zeytinyağını bir tavada kızdırın. Yemeklik doğradığınız 1 adet soğanı da üzerine ekleyip pembeleşene kadar kavurun. 2 adet doğranmış yeşil biberi ilave edip kavurmaya devam edin.</p>', '<p>350 gram orta yağlı kıymayı da ekleyin ve kavrulmakta olan soğanlarla birlikte renk alıp, suyunu çekene kadar pişirin.</p>', ""<p>Aralarda karıştırıp pişirme işlemine devam ederek sırasıyla; 2 diş sarımsak, yarım tatlı kaşığı domates salçası, yarım tatlı kaşığı biber salçası, 1'er çay kaşığı tuz ve karabiber ekleyin.\xa0</p>"", '<p>2 adet küp doğranmış domatesi ekleyin, 5 dakika kadar pişirdikten sonra ocağın altını kısın ve bir avuç doğranmış maydanozu ekleyip son kez karıştırarak ocaktan alın.</p>', '<p>Acısını alıp, pijamalı soyduğunuz 6 adet patlıcanı kızartın.</p>', '<p>Fırına dayanıklı bir kaba yerleştirin.</p>', '<p>Orta kısımlarından patlıcanları yarın.</p>', '<p>Hazırladığınız iç harçtan bol bol ekleyin.</p>', '<p>Patlıcanların üzerine birer cherry domates ve biber dilimleri ekleyin.</p>', '<p>Karnıyarıkları önceden ısıtılmış 170 derece fırında 20-25 dakika kadar pişirdikten sonra, sıcak olarak, dilerseniz tereyağlı pirinç pilavı eşliğinde servis edin, afiyet olsun!</p>']",SEBZE,239b56,/tarif/sebze/,"['Sebze', 'Ramazan', 'Video', 'Sulu Yemek', 'Mevsiminde']",,"['Öğle Yemeği', 'Akşam Yemeği']","['Fırın', 'Kızartma', 'Tencere']",,False,3000,1800,2019-05-14T11:19:27Z,4.0,1185751,6345,False,True,True,0,,0,,,,2014/10/karniyarik-yemekcom.jpg,0,0,https://cdn.yemek.com/mnresize/940/940/uploads/2014/10/karniyarik-yemekcom.jpg,940,940,False,https://cdn.yemek.com/mncrop/300/200/uploads/2014/10/karniyarik-yemekcom.jpg,300,200,True,https://cdn.yemek.com/mncrop/940/625/uploads/2014/10/karniyarik-yemekcom.jpg,940,625,True,https://cdn.yemek.com/mncrop/620/388/uploads/2014/10/karniyarik-yemekcom.jpg,620,388,True,https://cdn.yemek.com/mncrop/600/315/uploads/2014/10/karniyarik-yemekcom.jpg,600,315,True,,,"['Haziran', 'Temmuz', 'Ağustos']",,,
562,24660,Yasemin Özaltın,https://cdn.yemek.com/author/35533/20181219061403_avatar.jpg,/profil/yasemingursurer/,Evdeki Malzemelerle: Fincan Tatlısı,Fincan Tatlısı,/tarif/fincan-tatlisi/,15 dk,5 dk,"<p>Pratik lezzetlerden vazgeçemeyenlere, yemeklerin sunumuna önem verenlere müjdemiz var! Evdeki malzemelerle hızlıca yapabileceğiniz fincan tatlısı, Hindistan cevizi ve meyveler ile süslenerek adeta evde bir dekor olarak kullanabileceğiniz güzellikte oluyor. Yemeyip yanında yatasınız geliyor <img src=""https://cdn.yemek.com/assets/images/smiley/smile.png"" class=""wp-smiley img-responsive"" /></p>
<p>Bu pratik <a href=""https://yemek.com/tarif/"" target=""_blank"">tarifte</a> zevkinize göre değişiklikler yapabilirsiniz. Çoğunlukla vanilya aromalı hazırlanan muhallebiyi dilerseniz kakaolu, çilekli veya muzlu yaparak, farklı ve şık bir sunum elde edebilirsiniz. Hatta iki renkli hazırlamak bile müthiş bir hava katacaktır. Videoyu aşağıya iliştirdik. Çay saatleriniz ve özel davetleriniz için oldukça kolay hazırlanacak bu <a href=""https://yemek.com/tarif/sutlu-tatlilar/"" target=""_blank"">sütlü</a> <a href=""https://yemek.com/tarif/tatli/"" target=""_blank"">tatlıyı</a> mutlaka denemenizi öneriyoruz. Afiyet olsun!</p>
",recipe,"['toz şeker', 'süt', 'un', 'margarin', 'çilek (arzuya göre muz)', 'vanilin', 'Hindistan cevizi rendesi']","['Derin bir tencereye süt, un ve şekeri ekleyip çırpma teli yardımıyla karıştırarak muhallebi kıvamına gelene kadar pişirin.', 'Muhallebi koyu kıvam alıp göz göz\xa0 fokurdamaya başlayınca margarin ve vanilini ekleyin ve tekrar karıştırın.Pişen muhallebiyi ocaktan alın.', 'Orta boy kahve fincanına 2 parmak boşluk bırakacak şekilde, kepçe yardımıyla muhallebiyi dökün.', 'Fincandaki muhallebileri önce oda sıcaklığına getirdikten sonra buzdolabında en az 4 saat soğumaya bırakın.', 'Soğuyan muhallebileri fincandan yavaşça çıkarın ve Hindistan cevizine bulayın.', 'Hindistan cevizine bulanan muhallebileri servis tabağına alın ve üzerini dilediğiniz meyve ile süsleyip servis edin.']",SÜTLÜ TATLI,239b56,/tarif/sutlu-tatlilar/,"['Tatlı', 'Sütlü Tatlı', 'Video']","['ekonomik', 'çay saati']",['Çay Saati'],['Tencere'],"['Ekonomik', 'Vejetaryen', 'Bol Proteinli']",False,900,300,2020-11-09T07:31:32Z,4.0,1167935,7485,False,True,True,0,,0,,,,2017/10/fincan-tatlisi-tarifi.jpg,0,0,https://cdn.yemek.com/mnresize/940/940/uploads/2017/10/fincan-tatlisi-tarifi.jpg,940,940,False,https://cdn.yemek.com/mncrop/300/200/uploads/2017/10/fincan-tatlisi-tarifi.jpg,300,200,True,https://cdn.yemek.com/mncrop/940/625/uploads/2017/10/fincan-tatlisi-tarifi.jpg,940,625,True,https://cdn.yemek.com/mncrop/620/388/uploads/2017/10/fincan-tatlisi-tarifi.jpg,620,388,True,https://cdn.yemek.com/mncrop/600/315/uploads/2017/10/fincan-tatlisi-tarifi.jpg,600,315,True,['tencere'],,,,,
563,119,Yasemin Özaltın,https://cdn.yemek.com/author/35533/20181219061403_avatar.jpg,/profil/yasemingursurer/,Tam Ölçülü Mükemmel Lezzet: Şerbetli İrmik Tatlısı,Şerbetli İrmik Tatlısı,/tarif/serbetli-irmik-tatlisi/,1 sa,20 dk,"<p>İrmik tatlısının ne kadar efsane bir lezzet olduğuna değinmiş ve <a href=""https://yemek.com/tarif/irmik-tatlisi/"" target=""_blank"">irmik tatlısı tarifi</a>ni sizlerle paylaşmıştık. İrmik tatlısının lezzetini bir kat daha arttırmak ve damaklarda kalıcı bir tat bırakmak üzere bu sefer tarifine şerbet ekliyor ve fırında pişiriyoruz. <a href=""https://yemek.com/tarif/tatli/"" target=""_blank"">Tatlı tarifleri</a> arasında ona ayrı bir yer ayıracaksınız. <a href=""https://yemek.com/az-malzemeli-serbetli-tatlilar/"" target=""_blank"">Az malzemeli şerbetli tatlılar</a> arasında en çok sevilen tatlılardan biri olmaya da aday kendileri. Karşınızda çay saatlerinizin vazgeçilmezlerinden biri olacak şerbetli irmik tatlısı tarifi!</p>
<p>Mutfağa yeni yeni girmeye başlayanların bile kolaylıkla yapabileceği bir tarif üstelik. Sünger gibi kıvamı sayesinde tüm şerbetini içine çekiyor. Yumuşacık dokulu mükemmel bir lezzete dönüşüyor. Dilerseniz üzerine fıstık, file badem gibi malzemeler ilave ederek süsleyebilirsiniz. Çayınızın yanına hemen hazır! Şimdiden ellerinize sağlık.</p>
<p>Adım adım resimli ve videolu anlatımıyla irmik tatlısı <a href=""https://yemek.com/tarif/"" target=""_blank"">tarifi</a> karşınızda!</p>
<p>İrmikli tatlı tarifleri arasında özel bir yere koyacağınız <a href=""https://yemek.com/tarif/serbetli-tatlilar/"" target=""_blank"">şerbetli</a> irmik tatlısından sonra daha hafif bir alternatif isterseniz <a href=""https://yemek.com/tarif/sutlu-irmik-tatlisi/"" target=""_blank"">sütlü irmik tatlısına</a> da şans verebilirsiniz.</p>
",recipe,"['tereyağı', 'limon suyu', 'yumurta', 'toz şeker', 'toz şeker', 'süt', 'un', 'kabartma tozu', 'su', 'yoğurt', 'irmik', 'vanilin']","['3 adet yumurta, 9 yemek kaşığı toz şeker ve 1 çay bardağı yoğurdu derin bir kapta mikser yardımıyla toz şeker eriyene kadar çırpın.', '1 su bardağı süt, 1 paket vanilini ekleyin.', '1,5 su bardağı elenmiş un, 9 yemek kaşığı irmik ve 1 paket kabartma tozunu sırasıyla ekleyin.\xa0 Ardından güzelce karıştırın.', 'Fırın kabını tereyağı ile yağlayın ve tatlı harcını kalıba aldıktan sonra üzerini bir spatula yardımıyla düzeltin.', 'Tatlıyı önceden ısıtılmış 175 derece fırında 35 dakika kadar pişirin.', 'Tatlının şerbeti için; 2 su bardağı toz şeker ve 2 su bardağı suyu 10 dakika kadar kaynatın. 3-4 damla limon suyunu katın ve kaynayan şerbeti 5 dakika sonra ocaktan alın, ılınması için bekletin.', 'Fırından aldığınız sıcak tatlının üzerine ılık şerbeti dökün, şerbetini içine çekmesi için 10 dakika kadar bekledikten.', 'Sonra dilimleyin.', 'Ardından servis edin.\xa0Afiyet olsun!']",ŞERBETLİ TATLI,239b56,/tarif/serbetli-tatlilar/,"['Tatlı', 'Şerbetli Tatlı', 'Ramazan', 'Video']","['ekonomik', 'çay saati']",['Çay Saati'],"['Fırın', 'Tencere']","['Ekonomik', 'Vejetaryen']",False,3600,1200,2019-05-06T08:58:21Z,4.0,1133250,2164,False,True,True,0,,0,,,,2014/06/serbetli-irmik-tatlisi-yemekcom.jpg,0,0,https://cdn.yemek.com/mnresize/940/940/uploads/2014/06/serbetli-irmik-tatlisi-yemekcom.jpg,940,940,False,https://cdn.yemek.com/mncrop/300/200/uploads/2014/06/serbetli-irmik-tatlisi-yemekcom.jpg,300,200,True,https://cdn.yemek.com/mncrop/940/625/uploads/2014/06/serbetli-irmik-tatlisi-yemekcom.jpg,940,625,True,https://cdn.yemek.com/mncrop/620/388/uploads/2014/06/serbetli-irmik-tatlisi-yemekcom.jpg,620,388,True,https://cdn.yemek.com/mncrop/600/315/uploads/2014/06/serbetli-irmik-tatlisi-yemekcom.jpg,600,315,True,['fırın'],,,,,
564,183,Cemre Özgüzel,https://cdn.yemek.com/author/109/20200211010242_avatar.jpg,/profil/cemre-ozguzel/,Pastane Usulü: Un Kurabiyesi,Un Kurabiyesi,/tarif/un-kurabiyesi/,15 dk,25 dk,"<p>Kıyır kıyır dediğimiz <a href=""https://yemek.com/kurabiye-tarifleri/"" target=""_blank"">kurabiye tarifleri</a>nin şahı un kurabiyesidir. Uzun süre bozulmadan dayanabilmesi de bu lezzetli ve pratik kurabiyeyi popüler kılan noktalardan biridir. Kolay un kurabiyesi yapımında pudra şekeri elenerek servis edildiği için tarifinde çok az miktarda şeker kullanılır. Ağza gelmemesi için pudra şekeri tercih edilir. Hem kıvamı hem de dokusuyla, enfes mi enfes <strong>un kurabiyesi tarifi</strong> karşınızda!</p>
<p>""<a href=""https://yemek.com/agizda-dagilan-kurabiye-nasil-yapilir/"" target=""_blank"">Ağızda dağılan un kurabiyesi nasıl yapılır?</a>"" diyenler tarifin detaylarında açıklamalı anlatımını bulacak. Basit ve gerçek un kurabiyesinin tüm malzemeleri, yapılış adımları ve videosu ise hemen aşağıda. Hazırsanız en güzel un kurabiyesini yapmak için çalışmalara başlayalım! ''Un kurabiyesi tarifi nasıl yapılır?'' diyenlerinizi tarifimize alalım. Şimdiden ellerinize sağlık diyor, kolaylığı ve <strong>ağızda dağılan lezzetiyle un kurabiyesi</strong> <a href=""https://yemek.com/tarif/"" target=""_blank"">tarifi</a> karşınızda!</p>
",recipe,"['yumurta', 'un', 'vanilya', 'kabartma tozu', 'pudra şekeri', 'pudra şekeri', 'buğday nişastası', 'oda sıcaklığında tereyağı', 'sıvı yağ']","['Un kurabiyesi için 200 gram oda sıcaklığında bekletilmiş tereyağını derin bir yoğurma kasesine aktarın.', 'Üzerine 1 adet yumurta ve 1 çay bardağı sıvı yağını da ekledikten sonra pürüzsüz bir kıvam olana kadar çırpın.', '1 su bardağı pudra şekeri, 5 yemek kaşığı buğday nişastası, 1 paket kabartma tozu, 1 paket vanilin ve 3 su bardağı unu azar azar ekleyin.', 'Ele yapışmayacak kıvamda bir hamur elde edene kadar yoğurun.', 'Kurabiye hamurundan büyükçe bir parça alın ve tezgahın üzerinde yuvarlayarak 2 parmak kalınlığında rulo şekline getirin.', 'Kenar kısımlarını kesin. Ardından üzerinden çatal yardımıyla geçerek şekil verin.', 'Bıçak yardımıyla 3 parmak genişliğinde parçalar kesin. Fırın tepsisine aktarın.', 'Üzerleri hafif kızarıp renk alana kadar önceden ısıtılmış 170 derece fırında 15 dakika kadar pişirin.', 'Soğuttuktan sonra pudra şekeri eleyin.', 'Ardından un kurabiyelerini servis edin. Afiyetler olsun!']",TATLI KURABİYE,239b56,/tarif/tatli-kurabiyeler/,"['Kurabiye', 'Video', 'Tatlı Kurabiye']",['çay saati'],['Çay Saati'],['Fırın'],,False,900,1500,2022-04-01T07:45:01Z,4.0,1330455,3412,False,True,True,0,,0,,,,2022/04/un-kurabiyesi-onecikan-yeni.jpg,0,0,https://cdn.yemek.com/mnresize/940/940/uploads/2022/04/un-kurabiyesi-onecikan-yeni.jpg,940,940,False,https://cdn.yemek.com/mncrop/300/200/uploads/2022/04/un-kurabiyesi-onecikan-yeni.jpg,300,200,True,https://cdn.yemek.com/mncrop/940/625/uploads/2022/04/un-kurabiyesi-onecikan-yeni.jpg,940,625,True,https://cdn.yemek.com/mncrop/620/388/uploads/2022/04/un-kurabiyesi-onecikan-yeni.jpg,620,388,True,https://cdn.yemek.com/mncrop/600/315/uploads/2022/04/un-kurabiyesi-onecikan-yeni.jpg,600,315,True,['fırın'],,,,,
565,121,Cemre Özgüzel,https://cdn.yemek.com/author/109/20200211010242_avatar.jpg,/profil/cemre-ozguzel/,"Kolay, Pratik, Tam Kıvamında: Kakaolu Kek",Kakaolu Kek,/tarif/kakaolu-kek/,35 dk,10 dk,"<p>Bir parça kakaolu <a href=""https://yemek.com/tarif/kek/"" target=""_blank"">kek</a>; göz doldurur, iştah açar, <a href=""https://yemek.com/tarif/iced-latte/"" target=""_blank"">kahvenin</a> yanında iyi gider, misafir kurtarır, evlat sevindirir, anne özlemini artırır. On diliminde on marifet kakaolu kek, yapması da kolay olduğundan öğrencilerin de yapabilecekleri en nefis ve pratik <a href=""https://yemek.com/tarif/kek/"" target=""_blank"">kek tariflerinden</a> biri.</p>
<p>Kek denince akla gelen ilk <a href=""https://yemek.com/tarif/tatli-kek/"" target=""_blank"">tatlı kek</a> tarif olan <a href=""https://yemek.com/kakaolu-kek-tarifleri/"" target=""_blank"">kakaolu kek tarifi</a>ni en kolay, pratik ve tam kıvamında bir şekilde yapmak mümkün! Bu pratik kakaolu kek yumuşacık ve yaptığınız en güzel kakaolu kek tarifi olacak.</p>
<p>Kakaolu kek <a href=""https://yemek.com/tarif/"" target=""_blank"">tarif</a>imizin videosu hemen aşağıda, afiyet olsun!</p>
",recipe,"['yumurta', 'toz şeker', 'süt', 'un', 'vanilya', 'kabartma tozu', 'kakao', 'maden suyu', 'sıvı yağ']","['Yumurtaları ve toz şekeri derin bir kapta, bir mikser yardımıyla şeker eriyene kadar çırpın.', 'Ardından sıvı yağ, süt ve\xa0 sodayı da üzerine ekleyip çırpmaya devam edin.', 'Kek harcına unu ve kakaoyu azar azar ilave edin. Kabartma tozu ve vanilini de ekledikten sonra spatula yardımıyla, pürüzsüz bir harç elde edene kadar karıştırmaya devam edin.', 'Hazırladığınız kakaolu kek karışımını yağladığınız kek kalıbına dökün.', 'Önceden ısıtılmış 180 derece fırında 30-35 dakika kadar pişirin. İçini çekmesi için beklettiğiniz keki, ılınınca kalıbından çıkartın.', 'Üzerine pudra şekeri serperek servis edin.']",TATLI KEK,239b56,/tarif/tatli-kek/,"['Kek', 'Video', 'Tatlı Kek']","['ekonomik', 'ara öğün']",['Çay Saati'],['Fırın'],['Ekonomik'],False,2100,600,2020-11-19T10:43:04Z,4.0,1321844,5041,False,True,True,0,,0,,,,2019/03/kakaolu-kek-one-cikan-yeni.jpg,0,0,https://cdn.yemek.com/mnresize/940/940/uploads/2019/03/kakaolu-kek-one-cikan-yeni.jpg,940,940,False,https://cdn.yemek.com/mncrop/300/200/uploads/2019/03/kakaolu-kek-one-cikan-yeni.jpg,300,200,True,https://cdn.yemek.com/mncrop/940/625/uploads/2019/03/kakaolu-kek-one-cikan-yeni.jpg,940,625,True,https://cdn.yemek.com/mncrop/620/388/uploads/2019/03/kakaolu-kek-one-cikan-yeni.jpg,620,388,True,https://cdn.yemek.com/mncrop/600/315/uploads/2019/03/kakaolu-kek-one-cikan-yeni.jpg,600,315,True,['fırın'],,,,,
566,302,Yasemin Özaltın,https://cdn.yemek.com/author/35533/20181219061403_avatar.jpg,/profil/yasemingursurer/,"Tüm Püf Noktalarıyla, Kolay: Şekerpare",Şekerpare,/tarif/sekerpare/,25 dk,30 dk,"<p>İrmik ile tatlanıp, kıtır bir kıvam alan tatlılarımızdan o. Evet doğru bildiniz, bayram tatlılarının da başında gelen, <a href=""https://yemek.com/tarif/serbetli-tatlilar/"" target=""_blank"">şerbetli tatlı</a> tariflerinin en sevilenlerinden şekerpare tarifinden bahsediyoruz. Pastanelerde yediğinizde tadı damağınızda kalan <strong>gerçek şekerparelerin sırları</strong>nı aldık, üzeri nefis bir şekilde kızarmış, şerbetini tam kıvamında çekmiş muhteşem bir şekerpare tatlısı hazırladık. Bu keyfe ortak olmak ve 'Şekerpare nasıl yapılır?', ""<strong>Şekerpare şerbeti nasıl yapılır?</strong>"" sorularına cevap bulmak, ""En güzel şekerpare <a href=""https://yemek.com/tarif/tatli/"" target=""_blank"">tatlısı</a> tarifini aradım aradım ama bulamadım"" diyenlerin derdine tam ölçülü ve ev yapımı bir şekerpare tarifiyle çözüm olmak istedik. İşte karşınızda, tüm püf noktalarıyla: Şekerpare <a href=""https://yemek.com/tarif/"" target=""_blank"">tarif</a>i!</p>
<p><a href=""https://yemek.com/tarif/sekerpare-2/"" target=""_blank"">Şekerpare tarifini </a>hazırlamak pek kolay, sonrası tam bir keyif... Üzerine mini mini fındıklar konan tatlılar fırında hafif bir renk alana kadar kızaracak, fırından çıkan sıcak tatlılar önceden hazırlanan soğuk şerbet azar azar eklenecek. Videolu, denenmiş en güzel şekerpare tarifi karşınızda!</p>
<p><a href=""https://yemek.com/ramazan-tatlilari/"" target=""_blank"">Ramazan sofralarında</a>, iftarda olmazsa olmaz tatlılardan biri olan şekerpare tatlısını yaparken işin biraz daha kolayına kaçmak isteyenler <a href=""https://yemek.com/tarif/kolay-sekerpare"" target=""_blank"">kolay şekerpare tarifimize</a>, klasik şekerpare tatlısı tarifi için de videolu tarifimizi davetlisiniz.</p>
",recipe,"['yumurta', 'toz şeker', 'un', 'kabartma tozu', 'su', 'irmik', 'pudra şekeri', 'fındık', 'limonun suyu', 'vanilin', 'Hindistan cevizi', 'margarin veya tuzsuz tereyağı']","['Şekerpare için öncelikle şerbeti hazırlıyoruz. 3 su bardağı suya 2 su bardağı şeker ekleyip karıştırıyoruz ve kaynamaya bırakıyoruz.', 'Kaynayan şerbetin içerisine bir iki damla limon suyu sıktıktan sonra koyu bir şerbet kıvamını alana kadar kısık ateşte bırakıyoruz ve ocaktan aldıktan sonra şerbeti ılımaya bırakıyoruz.', 'Hamurunu hazırlamak için derin bir karıştırma kasesine 1 su bardağı pudra şekeri, 125 gram margarin, 2 yumurta, 2 yemek kaşığı hindistan cevizi, 1 paket vanilin, 1 paket kabartma tozu, 4 yemek kaşığı irmik ve azar azar unu koyup güzelce yoğuruyoruz.', 'Yoğurduğumuz hamuru 15 dakika buzdolabında dinlendirdikten sonra cevizden biraz daha büyük parçalar koparıp elimizle yuvarlak şekil veriyoruz ve pişirme kağıdı serili fırın tepsisin üzerine aralıklı olarak yerleştiriyoruz.', 'Fındıkları şekerparelerin tam ortasına bastırarak yerleştiriyoruz.', 'Şekerpareleri önceden ısıtılmış 180 derece fırında 25 dakika pişiriyoruz.', 'Kurabiyeler sıcak şerbeti de soğukken şerbetini döküyoruz. Şerbeti de döktükten sonra iyice çekmesi için bekliyoruz ve servis ediyoruz. Afiyetler olsun!']",ŞERBETLİ TATLI,239b56,/tarif/serbetli-tatlilar/,"['Hamur İşi', 'Tatlı', 'Şerbetli Tatlı', 'Ramazan', 'Video']",['çay saati'],['Çay Saati'],"['Fırın', 'Tencere']",,False,1500,1800,2022-03-18T13:00:52Z,4.0,1282307,4569,False,True,True,0,,0,,,,2014/07/sekerpare-ytk-site.jpg,0,0,https://cdn.yemek.com/mnresize/940/940/uploads/2014/07/sekerpare-ytk-site.jpg,940,940,False,https://cdn.yemek.com/mncrop/300/200/uploads/2014/07/sekerpare-ytk-site.jpg,300,200,True,https://cdn.yemek.com/mncrop/940/625/uploads/2014/07/sekerpare-ytk-site.jpg,940,625,True,https://cdn.yemek.com/mncrop/620/388/uploads/2014/07/sekerpare-ytk-site.jpg,620,388,True,https://cdn.yemek.com/mncrop/600/315/uploads/2014/07/sekerpare-ytk-site.jpg,600,315,True,['fırın'],,,,,
567,3178,Cemre Özgüzel,https://cdn.yemek.com/author/109/20200211010242_avatar.jpg,/profil/cemre-ozguzel/,Oldu Bile: Üç Malzemeli Kurabiye,Üç Malzemeli Kurabiye,/tarif/uc-malzemeli-kurabiye/,20 dk,15 dk,"<p>Ayçiçek yağı, elenmiş un ve toz krem şanti. Sadece üç malzemeyle hazırlanan <a href=""https://yemek.com/tarif/un-kurabiyesi/"" target=""_blank"">un kurabiyesi</a> gevrekliğinde pratik ve ekonomik bir <a href=""https://yemek.com/tarif/kurabiye/"" target=""_blank"">kurabiye tarifi</a>. Siz çayı demleyene kadar onlar pişmiş hatta dinlenmiş olacak, mutfağı mis gibi kurabiye kokusu saracak. Sonrası tam anlamıyla keyif.</p>
<p>Dilerseniz hazırladığınız hamuru atın buzdolabına 30 dakika dinlendirin elinizle gelişi güzel minik yuvarlaklar yaparak pişirin isterseniz de kaşık yardımıyla tepsiye dizin. Karar sizin.</p>
<p>Kurabiye canavarları da sizi sevecek. Afiyetler olsun.</p>
",recipe,"['ayçiçek yağı', 'un', 'toz krem şanti']","['1 su bardağı ayçiçek yağını derin bir karıştırma kabına alın.', '1 paket toz krem şantiyi ve unun 1 bardaklık kısmını ilave ederek karıştırmaya başlayın.', '2 su bardağı unu da azar azar ilave edin ve yumuşak, ele yapışmayan bir hamur elde edene kadar yoğurun.', 'Kıvam alan hamurunuzdan ceviz büyüklüğünde parçalar alın ve elinizle yuvarlayarak şekil verin. Ardından yağlı kağıt serili bir fırın tepsinin üzerine kurabiyelerinizi aktarın. 175 derecede ısıtılmış fırında rengi hafif değişene kadar 15-20 dakika arası pişirin.', 'Çıkarıp oda sıcaklığında soğuttuktan sonra afiyetle tüketin.']",TATLI KURABİYE,239b56,/tarif/tatli-kurabiyeler/,"['Kurabiye', 'Video', 'Tatlı Kurabiye']",['pratik yemek tarifleri'],['Çay Saati'],['Fırın'],,False,1200,900,2015-08-10T11:18:13Z,4.0,1278903,3887,False,True,False,0,,0,,,,2015/08/uc-malzemeli-kurabiye-yemekcom.jpg,0,0,https://cdn.yemek.com/mnresize/940/940/uploads/2015/08/uc-malzemeli-kurabiye-yemekcom.jpg,940,940,False,https://cdn.yemek.com/mncrop/300/200/uploads/2015/08/uc-malzemeli-kurabiye-yemekcom.jpg,300,200,True,https://cdn.yemek.com/mncrop/940/625/uploads/2015/08/uc-malzemeli-kurabiye-yemekcom.jpg,940,625,True,https://cdn.yemek.com/mncrop/620/388/uploads/2015/08/uc-malzemeli-kurabiye-yemekcom.jpg,620,388,True,https://cdn.yemek.com/mncrop/600/315/uploads/2015/08/uc-malzemeli-kurabiye-yemekcom.jpg,600,315,True,,,,,,
568,2526,Yasemin Özaltın,https://cdn.yemek.com/author/35533/20181219061403_avatar.jpg,/profil/yasemingursurer/,Yumuşacık Etlerin Sırlarıyla: Hünkar Beğendi,Hünkar Beğendi,/tarif/hunkar-begendi/,1 sa,1 sa,"<p>Saray mutfağının önde gelen, hünkarın da midesini fetheden <a href=""https://yemek.com/tarif/"" target=""_blank"">yemek tariflerinden</a> biri hünkar beğendi. Pratik bir yemek tarifi sayılan, aşamaları biraz fazla olsa da lezzetli ana yemeklerden biri o! Tereyağında kavrulmuş un ve soğuk süt ilavesiyle hazırlanan beğendi bir yana dursun kısık ateşte pişen bol soğanlı et karışımı onu diğerlerinden ayırıyor. Karşınıza her haliyle övgüleri toplayacak, <a href=""https://yemek.com/tarif/et/"" target=""_blank"">et yemeklerinin</a> en görkemlisi hünkar beğendi yemeği çıkıyor.</p>
<p>Hünkarımızın bir bildiği olmalı diyerek sizi adım adım resimli ve videolu anlattığımız<strong> hünkar beğendi kebabı</strong> tarifimize alalım. ""<strong>Hünkar beğendinin yanına ne yapılır?</strong>"" diye soranlar için de cevabımız hemen tarifin sonunda. Şimdiden ellerinize sağlık diyor, lezzetine doyum olmaz hünkar beğendi tarifimize buyur ediyoruz. Yaptığım tarif en kusursuz haliyle olsun derseniz de <a href=""https://yemek.com/tarif/kusursuz-hunkar-begendi/"" target=""_blank"">kusursuz hünkar beğendi</a> tarifimize bekleriz. Keyfi ve lezzeti bol bol olsun. Afiyetler olsun!</p>
",recipe,"['tereyağı', 'sıcak su', 'tuz', 'tuz', 'süt', 'un', 'sarımsak', 'zeytinyağı', 'domates salçası', 'taze çekilmiş tane karabiber', 'kaşar peyniri', 'orta boy kuru soğan', 'orta boy domates', 'orta boy patlıcan', 'kuzu but (arzuya göre dana eti)']","['Hünkar beğendi tarifi için 4 adet orta boy patlıcana bıçakla delikler açın ve fırın tepsisine alın. 200 derecede yaklaşık 20 dakika fırınlayın.', 'Fırınlanmış patlıcanları bir kaba alın ve kabuklarının kolay soyulması için üzerini streçleyip, 15 dakika kadar bekledikten sonra kabukları soyun.', 'Bir tavada 3 yemek kaşığı zeytinyağını kızdırın. 2 adet yemeklik doğranmış kuru soğanı da üzerine ilave edip pembeleşinceye kadar kavurun.', '4 diş doğranmış sarımsağı da üzerine ekledikten sonra 600 gram kuşbaşı dana veya kuzu etini ilave edin.', ""Etler suyunu salıp çekene kadar pişmeye bırakın. 1 yemek kaşığı domates salçası, 1'er çay kaşığı tuz ve karabiber, 3 adet soyulmuş, doğranmış domates ekleyin."", '2 su bardağı sıcak su ekleyip etler yumuşayana kadar pişmeye bırakın.', 'Şimdi de beğendiyi hazırlayalım. 1 yemek kaşığı tereyağını bir tavada eritin. 1,5 yemek kaşığı unu üzerine ilave edip kokusu çıkana kadar kavurun.', ""Üzerine fırınladığınız ve kabuklarını soyduğunuz patlıcanları ekleyin. 1,5 su bardağı sütü de üzerine yavaş yavaş ilave edin ve sürekli olarak karıştırın. 1'er çay kaşığı tuz ve karabiberi de ekleyin."", 'Sonra son olarak yarım su bardağı rendelenmiş kaşar peyniri ekleyin ve karıştırıp ocaktan alın.', 'Beğendinin üzerine yumuşacık pişmiş etleri serpiştirin ve servis edin. Hünkar beğendi yemeği hazır, afiyet olsun!']",ET,239b56,/tarif/et/,"['Et', 'Ramazan', 'Video', 'Mevsiminde']","['akşam yemeği', 'öğle yemeği']","['Öğle Yemeği', 'Akşam Yemeği']",['Tencere'],['Ekonomik'],False,3600,3600,2021-03-22T08:32:29Z,4.0,1273470,10647,False,True,True,0,,0,,,,2021/03/hunkar-begendi-son-yemekcom.jpg,0,0,https://cdn.yemek.com/mnresize/940/940/uploads/2021/03/hunkar-begendi-son-yemekcom.jpg,940,940,False,https://cdn.yemek.com/mncrop/300/200/uploads/2021/03/hunkar-begendi-son-yemekcom.jpg,300,200,True,https://cdn.yemek.com/mncrop/940/625/uploads/2021/03/hunkar-begendi-son-yemekcom.jpg,940,625,True,https://cdn.yemek.com/mncrop/620/388/uploads/2021/03/hunkar-begendi-son-yemekcom.jpg,620,388,True,https://cdn.yemek.com/mncrop/600/315/uploads/2021/03/hunkar-begendi-son-yemekcom.jpg,600,315,True,"['tencere', 'bol proteinli', 'bol lifli']",,"['Haziran', 'Temmuz', 'Ağustos']",,,
569,410,Yasemin Özaltın,https://cdn.yemek.com/author/35533/20181219061403_avatar.jpg,/profil/yasemingursurer/,Yağdan Hafif: Fırında Baharatlı Patates,Fırında Baharatlı Patates,/tarif/baharatli-firin-patates/,30 dk,10 dk,"<p>Var mı patates sevmeyen? <a href=""https://yemek.com/tarif/kofte/"" target=""_blank"">Köfte</a>nin yanında patates kızartması yemeyi düşlemeyen, önceden kızarttığı patatesleri yumurtayla harmanlayıp yumurtalı patates haline getirmeyen? Yok yazın da bozuşmayalım şimdi. <a href=""https://yemek.com/tarif/kizartma/"" target=""_blank"">Kızartma</a>sı güzel olsa da bu meredin sağlıktan ödün vermeden de kızarmış patates yemek mümkün. Nasıl mı? Patatesleri fırında kızartarak elbette.</p>
<p><strong>Fırında patates kızartması tarifi</strong>nde o çok sevdiğimiz baharatları ekleyip eser miktarda <a href=""https://yemek.com/sozluk/zeytinyagi/"" target=""_blank"">zeytinyağı</a> ile harmanladığımız patates dilimlerini fırına alıyoruz. Onlar çıtır çıtır kızardıkça size de bu <a href=""https://yemek.com/tarif/atistirmaliklar/"" target=""_blank"">atıştırmalığın</a> keyfini uzun uzadıya çıkarmak kalıyor.</p>
",recipe,"['tuz', 'zeytinyağı', 'karabiber', 'biberiye', 'kekik', 'rendelenmiş sarımsak', 'büyük boy patates', 'toz kırmızı biber']","['Bir kasede zeytinyağı, tuz, toz kırmızı biber, sarımsak, kekik, taze biberiye ve karabiberi alın.', 'Tüm malzemeleri güzelce çırparak karıştırın.', 'Patatesleri elma dilim şeklinde kesin.', 'Tabanını yağlı kağıt ile kapladığınız fırın tepsisine patatesleri yayın. Hazırladığınız sosu patateslerin üzerine gezdirin ve her yerine gelecek şekilde karıştırın.', 'Önceden ısıtılmış 200 derece fırında 25- 30 dakika kızarana kadar fırından yükselen mis gibi kokuyu içinize çeke çeke bekleyin. Piştikten sonra afiyetle tüketin.']",TUZLU ATIŞTIRMALIK,239b56,/tarif/tuzlu-atistirmalik/,"['Sebze', 'Atıştırmalık', 'Video', 'Tuzlu Atıştırmalık', 'Mevsiminde']","['pratik yemek tarifleri', 'ekonomik', 'başlangıç', 'diyet']","['Öğle Yemeği', 'Akşam Yemeği']",['Fırın'],,False,1800,600,2014-08-04T13:30:26Z,4.0,1246823,7207,False,True,True,0,,0,,,,2014/08/baharatli-patates-yemekcom.jpg,0,0,https://cdn.yemek.com/mnresize/940/940/uploads/2014/08/baharatli-patates-yemekcom.jpg,940,940,False,https://cdn.yemek.com/mncrop/300/200/uploads/2014/08/baharatli-patates-yemekcom.jpg,300,200,True,https://cdn.yemek.com/mncrop/940/625/uploads/2014/08/baharatli-patates-yemekcom.jpg,940,625,True,https://cdn.yemek.com/mncrop/620/388/uploads/2014/08/baharatli-patates-yemekcom.jpg,620,388,True,https://cdn.yemek.com/mncrop/600/315/uploads/2014/08/baharatli-patates-yemekcom.jpg,600,315,True,"['vejetaryen', 'fırın', 'düşük karbonhidratlı']",,"['Haziran', 'Temmuz', 'Ağustos', 'Eylül']",,,
570,2040,Yasemin Özaltın,https://cdn.yemek.com/author/35533/20181219061403_avatar.jpg,/profil/yasemingursurer/,Üzeri Kızarmış: Fırın Sütlaç,Fırın Sütlaç,/tarif/firin-sutlac/,45 dk,30 dk,"<p><a href=""https://yemek.com/tarif/sutlu-tatlilar/"" target=""_blank"">Sütlü tatlı</a>ların en besleyici olanı, pirincin en güzel ve <a href=""https://yemek.com/tarif/tatli/"" target=""_blank"">tatlı</a> halidir <a href=""https://yemek.com/tarif/sutlac/"" target=""_blank"">sütlaç</a>. Bu sefer bizim yaptığımız gibi tarifinde küçük bir farklılık yapıp yumurta sarısı ilavesiyle pişirdiğinizde ve porsiyonluk fırın kaplarında pişirme işlemini sürdürdüğünüzde fırın sütlaç göz kırpar size.</p>
<p>Tarçın ilavesi ile soğuk soğuk yendiğinde tadına doyum olmaz. <strong>Tam ölçülü ve kıvamı asla şaşmayan</strong> bir <a href=""https://yemek.com/tarif/"" target=""_blank"">tarif</a> üstelik. Bir yiyenin lezzetine hayran kalacağı fırın sütlaçlar karşınızda! Bir kase yesek mi?</p>
",recipe,"['pirinç', 'toz şeker', 'süt', 'su', 'su', 'yumurta sarısı', 'buğday nişastası', 'vanilin']","['Fırın sütlaç için öncelikle bol suda yıkadığınız pirinçleri; bir tencerede, 2 su bardağı suyu ekleyerek orta ateşte suyunu çekene kadar haşlayın.', 'Soğuk süt ve toz şekeri ayrı bir geniş tencereye alın.\xa0Bir çırpma teliyle toz şeker eriyene kadar karıştırdıktan sonra ocağa alın. Kısık ateşte kaynamaya bırakın.', 'Vanilini toz şeker eriğinde süte ekleyin.', 'Haşlanan pirinçleri ocaktan alın ve fazla suyu kaldıysa süzün.', '1-2 dakika kadar kaynayan şekerli süte haşlanmış pirinçleri ilave edin.', 'Yumurta sarısını, buğday nişastası ve 1 bardak su ilavesiyle ayrı bir kabın içerisine alın.', 'Pürüzsüz bir kıvam alana kadar karıştırın.', 'Yumurta sarısının kesilmemesi için; kısık ateşte kaynamakta olan süt karışımından alıp nişastalı karışımı ılıştırın.', 'Hazırladığınız yumurta sarılı karışımı sütlaç tenceresine azar azar katıp hızlıca karıştırın.', 'Kıvam alan sütlacı, ısıya dayanıklı porsiyonluk güveç kaplarına eşit ölçüde boşaltın.', 'Sütlaç kaselerini, derin bir fırın tepsisine aralıklı olarak dizin. Kapların yarısına gelecek kadar soğuk suyu, sütlaçlara değdirmeden tepsiye dökün.', 'Fırına verdiğiniz sütlaçları, önceden ısıtılmış 200 derece fırında 12-15 dakika kadar pişirin.', 'Fırından bir mutfak eldiveni yardımıyla çıkardığınız sütlaç kaselerini, oda ısısında soğuttuktan sonra buzdolabına kaldırın. Soğuttuktan sonra fırın sütlaçları sevdiklerinizle paylaşın.']",SÜTLÜ TATLI,239b56,/tarif/sutlu-tatlilar/,"['Tatlı', 'Ramazan', 'Sütlü Tatlı', 'Video']","['ekonomik', 'ara öğün', 'çay saati']","['Ara Öğün', 'Çay Saati']","['Fırın', 'Tencere']",,False,2700,1800,2019-05-02T08:14:33Z,4.0,1200815,6587,False,True,True,0,,0,,,,2015/03/ytk-firin-sutlac-site.jpg,0,0,https://cdn.yemek.com/mnresize/940/940/uploads/2015/03/ytk-firin-sutlac-site.jpg,940,940,False,https://cdn.yemek.com/mncrop/300/200/uploads/2015/03/ytk-firin-sutlac-site.jpg,300,200,True,https://cdn.yemek.com/mncrop/940/625/uploads/2015/03/ytk-firin-sutlac-site.jpg,940,625,True,https://cdn.yemek.com/mncrop/620/388/uploads/2015/03/ytk-firin-sutlac-site.jpg,620,388,True,https://cdn.yemek.com/mncrop/600/315/uploads/2015/03/ytk-firin-sutlac-site.jpg,600,315,True,['fırın'],,,,,
571,85,Yasemin Özaltın,https://cdn.yemek.com/author/35533/20181219061403_avatar.jpg,/profil/yasemingursurer/,Terbiyesinin Kesilme Derdi Yok: Yayla Çorbası,Yayla Çorbası,/tarif/yayla-corbasi/,35 dk,15 dk,"<p>Yayla çorbasının tadına varmak için yaz ya da kış fark etmez! Anadolu’nun geleneksel çorbalarından ve <a href=""https://yemek.com/tarif/"" target=""_blank"">yemek tariflerinden</a> biri olan bu lezzet size de nane <strong>ferahlığını</strong> çağrıştırmıyor mu?</p>
<p><a href=""https://yemek.com/tarif/kahvaltiliklar/"" target=""_blank"">Kahvaltı</a>dan akşam yemeğine günün her saati tüketebileceğiniz bu <strong>pratik</strong> ve besleyici <a href=""https://yemek.com/tarif/corba/"" target=""_blank"">çorba tarifi</a>ni püf noktalarına dikkat ederek birlikte hazırlayalım.</p>
<p>En güzel çorba <strong>tariflerinden</strong> biri olan yayla çorbası tarifinde bulunan yoğurt sayesinde bir vitamin kaynağıdır. Hatta bu yüzden yoğurt çorbası olarak bile anılır.</p>
<p>Pirinçli, yoğurtlu bu yayla çorbasının tarifi hem videolu hem de adım adım resimli olarak tüm <strong>püf noktalarıyla</strong> karşınızda. Farklı yayla çorbası tarifi arayanlar için <a href=""https://yemek.com/tarif/yumurtasiz-yayla-corbasi/"" target=""_blank"">yumurtasız yayla çorbası</a> ve <a href=""https://yemek.com/tarif/kolay-yayla-corbasi/"" target=""_blank"">kolay yayla çorbası</a> tarifimizi de öneririz.</p>
",recipe,"['pirinç', 'tereyağı', 'tuz', 'pul biber', 'un', 'su', 'yoğurt', 'yumurta sarısı', 'zeytinyağı', 'kuru nane', 'limonun suyu']","['Çorbayı pişireceğiniz tencereye 2 su bardağı yoğurt, 1,5 yemek kaşığı un, 2 yemek kaşığı limon suyu ekleyip pürüzsüz bir kıvama gelene kadar karıştırın.', '1 yumurta sarısını da karışımın üzerine ekledikten sonra tekrar karıştırın.', '6 su bardağı soğuk suyu da ilave edip orta ateşte kaynamaya bırakın.', 'Çorba kaynamaya başlayınca yıkayıp süzdüğünüz 1 çay bardağı pirinci ekleyin ve tekrar kaynamaya bırakın.', ""Bu sırada ayrı bir tavada 2'şer yemek kaşığı zeytinyağı ve tereyağını kızdırın. 1 yemek kaşığı kuru naneyi de üzerine ekleyip karıştırın ve ocaktan alın."", 'Hazırladığınız yağı kaynamakta olan çorbanın üzerine dökün. Pul biberi ve tuzu da ekleyin.', 'Güzelce karıştırıp ocağın altını kapatın.', 'Yayla çorbanız hazır, afiyet olsun!']",ÇORBA,,/tarif/corba/,"['Çorba', 'Ramazan', 'Video']","['pratik yemek tarifleri', 'ekonomik', 'başlangıç', 'akşam yemeği', 'öğle yemeği']","['Başlangıç', 'Öğle Yemeği', 'Ara Öğün', 'Akşam Yemeği']",['Tencere'],"['Ekonomik', 'Vejetaryen', 'Düşük Karbonhidratlı']",False,2100,900,2019-05-17T08:15:01Z,4.0,1190925,10054,False,True,True,0,,0,,,,2014/06/yayla-corbasi-yemekcom.jpg,0,0,https://cdn.yemek.com/mnresize/940/940/uploads/2014/06/yayla-corbasi-yemekcom.jpg,940,940,False,https://cdn.yemek.com/mncrop/300/200/uploads/2014/06/yayla-corbasi-yemekcom.jpg,300,200,True,https://cdn.yemek.com/mncrop/940/625/uploads/2014/06/yayla-corbasi-yemekcom.jpg,940,625,True,https://cdn.yemek.com/mncrop/620/388/uploads/2014/06/yayla-corbasi-yemekcom.jpg,620,388,True,https://cdn.yemek.com/mncrop/600/315/uploads/2014/06/yayla-corbasi-yemekcom.jpg,600,315,True,"['tencere', 'düşük karbonhidratlı']",greenLight,,,,
572,761,Yasemin Özaltın,https://cdn.yemek.com/author/35533/20181219061403_avatar.jpg,/profil/yasemingursurer/,Anne Usulü: Karnıyarık,Karnıyarık,/tarif/karniyarik/,50 dk,30 dk,"<p>Sofraların olmazsa olmazı, <a href=""https://yemek.com/tarif/pirinc-pilavi/"" target=""_blank"" rel=""noopener"">pilavın</a> sevdalısı, <a href=""https://yemek.com/tarif/cacik/"" target=""_blank"" rel=""noopener"">cacığın</a> en iyi dostu, <a href=""https://yemek.com/tarif/"" target=""_blank"" rel=""noopener"">yemek tariflerinin</a> gözdesi, anneye bolca sipariş verilen karnıyarık hazırlıyoruz. Duymayan kalmasın. Arzu eden bize katılsın. Patlıcanları kızartmak istemeyen fırınını önceden ısıtsın.</p>
<p>Karnıyarık tarifinde başrol malzememiz her zaman olduğu gibi sebzelerin en çok kıskanılanı patlıcan. Kendisi malumunuz üzerine binlerce yazıda en çok sevilen sebze olarak yer almıştır. Yine karnıyarık tarifinde öne çıkan bir diğer malzeme ise, karnıyarığı imam bayıldıdan ayıran kıyma. Kendisi karnıyarık tarifini de lezzet getiriyor.</p>
<p>Biz de bu <strong>fırında karnıyarık</strong> tarifinde karnıyarık içinin tencerede nasıl hazırlanacağından karnıyarık yemeğinin adım adım resimli aşamalarıyla nasıl yapıldığına hepsini tek tek anlatmak istedik.</p>
<p>Vejetaryen karnıyarık olan <a href=""https://yemek.com/imam-bayildinin-hikayesi/"" target=""_blank"" rel=""noopener"">imam bayıldı</a> gibi hikayelere konuk olmasa da kendisi başlı başına bir hikaye karnıyarığın. İnanmayan pilava, cacığa, yanında kırılan soğana sorsun. Tüm lokanta yemekleri tarifleri karnıyarığa olan aşkını anlatacaktır.</p>
<p>O yüzden hazır edin patlıcanı, <a href=""https://yemek.com/tarif/kiyma-kavurma/"" target=""_blank"" rel=""noopener"">kıyma</a>yı, soğanı, zeytinyağını bu akşam misler gibi karnıyarık yapmak için mutfağa giresimiz var.</p>
<p>Yapanların ellerine sağlık.</p>",recipe,"['biber salçası', 'tuz', 'ayçiçek yağı', 'sarımsak', 'maydanoz', 'zeytinyağı', 'karabiber', 'domates salçası', 'domates', 'yeşil biber', 'kıyma', 'büyük boy kuru soğan', 'orta boy patlıcan', 'orta boy yeşil sivri biber']","['<p>Bol suda yıkadığınız patlıcanları, pijamalı şekilde soyun ve tuzlu suda bekletin. 3 yemek kaşığı zeytinyağını bir tavada kızdırın. Yemeklik doğradığınız 1 adet soğanı da üzerine ekleyip pembeleşene kadar kavurun. 2 adet doğranmış yeşil biberi ilave edip kavurmaya devam edin.</p>', '<p>350 gram orta yağlı kıymayı da ekleyin ve kavrulmakta olan soğanlarla birlikte renk alıp, suyunu çekene kadar pişirin.</p>', ""<p>Aralarda karıştırıp pişirme işlemine devam ederek sırasıyla; 2 diş sarımsak, yarım tatlı kaşığı domates salçası, yarım tatlı kaşığı biber salçası, 1'er çay kaşığı tuz ve karabiber ekleyin.\xa0</p>"", '<p>2 adet küp doğranmış domatesi ekleyin, 5 dakika kadar pişirdikten sonra ocağın altını kısın ve bir avuç doğranmış maydanozu ekleyip son kez karıştırarak ocaktan alın.</p>', '<p>Acısını alıp, pijamalı soyduğunuz 6 adet patlıcanı kızartın.</p>', '<p>Fırına dayanıklı bir kaba yerleştirin.</p>', '<p>Orta kısımlarından patlıcanları yarın.</p>', '<p>Hazırladığınız iç harçtan bol bol ekleyin.</p>', '<p>Patlıcanların üzerine birer cherry domates ve biber dilimleri ekleyin.</p>', '<p>Karnıyarıkları önceden ısıtılmış 170 derece fırında 20-25 dakika kadar pişirdikten sonra, sıcak olarak, dilerseniz tereyağlı pirinç pilavı eşliğinde servis edin, afiyet olsun!</p>']",SEBZE,239b56,/tarif/sebze/,"['Sebze', 'Ramazan', 'Video', 'Sulu Yemek', 'Mevsiminde']",,"['Öğle Yemeği', 'Akşam Yemeği']","['Fırın', 'Kızartma', 'Tencere']",,False,3000,1800,2019-05-14T11:19:27Z,4.0,1185751,6345,False,True,True,0,,0,,,,2014/10/karniyarik-yemekcom.jpg,0,0,https://cdn.yemek.com/mnresize/940/940/uploads/2014/10/karniyarik-yemekcom.jpg,940,940,False,https://cdn.yemek.com/mncrop/300/200/uploads/2014/10/karniyarik-yemekcom.jpg,300,200,True,https://cdn.yemek.com/mncrop/940/625/uploads/2014/10/karniyarik-yemekcom.jpg,940,625,True,https://cdn.yemek.com/mncrop/620/388/uploads/2014/10/karniyarik-yemekcom.jpg,620,388,True,https://cdn.yemek.com/mncrop/600/315/uploads/2014/10/karniyarik-yemekcom.jpg,600,315,True,,,"['Haziran', 'Temmuz', 'Ağustos']",,,
573,24660,Yasemin Özaltın,https://cdn.yemek.com/author/35533/20181219061403_avatar.jpg,/profil/yasemingursurer/,Evdeki Malzemelerle: Fincan Tatlısı,Fincan Tatlısı,/tarif/fincan-tatlisi/,15 dk,5 dk,"<p>Pratik lezzetlerden vazgeçemeyenlere, yemeklerin sunumuna önem verenlere müjdemiz var! Evdeki malzemelerle hızlıca yapabileceğiniz fincan tatlısı, Hindistan cevizi ve meyveler ile süslenerek adeta evde bir dekor olarak kullanabileceğiniz güzellikte oluyor. Yemeyip yanında yatasınız geliyor <img src=""https://cdn.yemek.com/assets/images/smiley/smile.png"" class=""wp-smiley img-responsive"" /></p>
<p>Bu pratik <a href=""https://yemek.com/tarif/"" target=""_blank"">tarifte</a> zevkinize göre değişiklikler yapabilirsiniz. Çoğunlukla vanilya aromalı hazırlanan muhallebiyi dilerseniz kakaolu, çilekli veya muzlu yaparak, farklı ve şık bir sunum elde edebilirsiniz. Hatta iki renkli hazırlamak bile müthiş bir hava katacaktır. Videoyu aşağıya iliştirdik. Çay saatleriniz ve özel davetleriniz için oldukça kolay hazırlanacak bu <a href=""https://yemek.com/tarif/sutlu-tatlilar/"" target=""_blank"">sütlü</a> <a href=""https://yemek.com/tarif/tatli/"" target=""_blank"">tatlıyı</a> mutlaka denemenizi öneriyoruz. Afiyet olsun!</p>
",recipe,"['toz şeker', 'süt', 'un', 'margarin', 'çilek (arzuya göre muz)', 'vanilin', 'Hindistan cevizi rendesi']","['Derin bir tencereye süt, un ve şekeri ekleyip çırpma teli yardımıyla karıştırarak muhallebi kıvamına gelene kadar pişirin.', 'Muhallebi koyu kıvam alıp göz göz\xa0 fokurdamaya başlayınca margarin ve vanilini ekleyin ve tekrar karıştırın.Pişen muhallebiyi ocaktan alın.', 'Orta boy kahve fincanına 2 parmak boşluk bırakacak şekilde, kepçe yardımıyla muhallebiyi dökün.', 'Fincandaki muhallebileri önce oda sıcaklığına getirdikten sonra buzdolabında en az 4 saat soğumaya bırakın.', 'Soğuyan muhallebileri fincandan yavaşça çıkarın ve Hindistan cevizine bulayın.', 'Hindistan cevizine bulanan muhallebileri servis tabağına alın ve üzerini dilediğiniz meyve ile süsleyip servis edin.']",SÜTLÜ TATLI,239b56,/tarif/sutlu-tatlilar/,"['Tatlı', 'Sütlü Tatlı', 'Video']","['ekonomik', 'çay saati']",['Çay Saati'],['Tencere'],"['Ekonomik', 'Vejetaryen', 'Bol Proteinli']",False,900,300,2020-11-09T07:31:32Z,4.0,1167935,7485,False,True,True,0,,0,,,,2017/10/fincan-tatlisi-tarifi.jpg,0,0,https://cdn.yemek.com/mnresize/940/940/uploads/2017/10/fincan-tatlisi-tarifi.jpg,940,940,False,https://cdn.yemek.com/mncrop/300/200/uploads/2017/10/fincan-tatlisi-tarifi.jpg,300,200,True,https://cdn.yemek.com/mncrop/940/625/uploads/2017/10/fincan-tatlisi-tarifi.jpg,940,625,True,https://cdn.yemek.com/mncrop/620/388/uploads/2017/10/fincan-tatlisi-tarifi.jpg,620,388,True,https://cdn.yemek.com/mncrop/600/315/uploads/2017/10/fincan-tatlisi-tarifi.jpg,600,315,True,['tencere'],,,,,
574,119,Yasemin Özaltın,https://cdn.yemek.com/author/35533/20181219061403_avatar.jpg,/profil/yasemingursurer/,Tam Ölçülü Mükemmel Lezzet: Şerbetli İrmik Tatlısı,Şerbetli İrmik Tatlısı,/tarif/serbetli-irmik-tatlisi/,1 sa,20 dk,"<p>İrmik tatlısının ne kadar efsane bir lezzet olduğuna değinmiş ve <a href=""https://yemek.com/tarif/irmik-tatlisi/"" target=""_blank"">irmik tatlısı tarifi</a>ni sizlerle paylaşmıştık. İrmik tatlısının lezzetini bir kat daha arttırmak ve damaklarda kalıcı bir tat bırakmak üzere bu sefer tarifine şerbet ekliyor ve fırında pişiriyoruz. <a href=""https://yemek.com/tarif/tatli/"" target=""_blank"">Tatlı tarifleri</a> arasında ona ayrı bir yer ayıracaksınız. <a href=""https://yemek.com/az-malzemeli-serbetli-tatlilar/"" target=""_blank"">Az malzemeli şerbetli tatlılar</a> arasında en çok sevilen tatlılardan biri olmaya da aday kendileri. Karşınızda çay saatlerinizin vazgeçilmezlerinden biri olacak şerbetli irmik tatlısı tarifi!</p>
<p>Mutfağa yeni yeni girmeye başlayanların bile kolaylıkla yapabileceği bir tarif üstelik. Sünger gibi kıvamı sayesinde tüm şerbetini içine çekiyor. Yumuşacık dokulu mükemmel bir lezzete dönüşüyor. Dilerseniz üzerine fıstık, file badem gibi malzemeler ilave ederek süsleyebilirsiniz. Çayınızın yanına hemen hazır! Şimdiden ellerinize sağlık.</p>
<p>Adım adım resimli ve videolu anlatımıyla irmik tatlısı <a href=""https://yemek.com/tarif/"" target=""_blank"">tarifi</a> karşınızda!</p>
<p>İrmikli tatlı tarifleri arasında özel bir yere koyacağınız <a href=""https://yemek.com/tarif/serbetli-tatlilar/"" target=""_blank"">şerbetli</a> irmik tatlısından sonra daha hafif bir alternatif isterseniz <a href=""https://yemek.com/tarif/sutlu-irmik-tatlisi/"" target=""_blank"">sütlü irmik tatlısına</a> da şans verebilirsiniz.</p>
",recipe,"['tereyağı', 'limon suyu', 'yumurta', 'toz şeker', 'toz şeker', 'süt', 'un', 'kabartma tozu', 'su', 'yoğurt', 'irmik', 'vanilin']","['3 adet yumurta, 9 yemek kaşığı toz şeker ve 1 çay bardağı yoğurdu derin bir kapta mikser yardımıyla toz şeker eriyene kadar çırpın.', '1 su bardağı süt, 1 paket vanilini ekleyin.', '1,5 su bardağı elenmiş un, 9 yemek kaşığı irmik ve 1 paket kabartma tozunu sırasıyla ekleyin.\xa0 Ardından güzelce karıştırın.', 'Fırın kabını tereyağı ile yağlayın ve tatlı harcını kalıba aldıktan sonra üzerini bir spatula yardımıyla düzeltin.', 'Tatlıyı önceden ısıtılmış 175 derece fırında 35 dakika kadar pişirin.', 'Tatlının şerbeti için; 2 su bardağı toz şeker ve 2 su bardağı suyu 10 dakika kadar kaynatın. 3-4 damla limon suyunu katın ve kaynayan şerbeti 5 dakika sonra ocaktan alın, ılınması için bekletin.', 'Fırından aldığınız sıcak tatlının üzerine ılık şerbeti dökün, şerbetini içine çekmesi için 10 dakika kadar bekledikten.', 'Sonra dilimleyin.', 'Ardından servis edin.\xa0Afiyet olsun!']",ŞERBETLİ TATLI,239b56,/tarif/serbetli-tatlilar/,"['Tatlı', 'Şerbetli Tatlı', 'Ramazan', 'Video']","['ekonomik', 'çay saati']",['Çay Saati'],"['Fırın', 'Tencere']","['Ekonomik', 'Vejetaryen']",False,3600,1200,2019-05-06T08:58:21Z,4.0,1133250,2164,False,True,True,0,,0,,,,2014/06/serbetli-irmik-tatlisi-yemekcom.jpg,0,0,https://cdn.yemek.com/mnresize/940/940/uploads/2014/06/serbetli-irmik-tatlisi-yemekcom.jpg,940,940,False,https://cdn.yemek.com/mncrop/300/200/uploads/2014/06/serbetli-irmik-tatlisi-yemekcom.jpg,300,200,True,https://cdn.yemek.com/mncrop/940/625/uploads/2014/06/serbetli-irmik-tatlisi-yemekcom.jpg,940,625,True,https://cdn.yemek.com/mncrop/620/388/uploads/2014/06/serbetli-irmik-tatlisi-yemekcom.jpg,620,388,True,https://cdn.yemek.com/mncrop/600/315/uploads/2014/06/serbetli-irmik-tatlisi-yemekcom.jpg,600,315,True,['fırın'],,,,,
575,1681,Yasemin Özaltın,https://cdn.yemek.com/author/35533/20181219061403_avatar.jpg,/profil/yasemingursurer/,En Pratik ve En Yumuşacık Kıvamlı: Ağlayan Pasta,Ağlayan Pasta,/tarif/aglayan-pasta/,25 dk,20 dk,"<p><a href=""https://yemek.com/tarif/kakaolu-islak-kek/"" target=""_blank"">Kakaolu ıslak kek</a> ya da <a href=""https://yemek.com/tarif/gercek-browni/"" target=""_blank"">brownie</a>'yi andıran kek tabanı üzerinde yer alan çırpılmış krem şanti ve akışkan çikolata sosla birlikte ağlayan pasta, oldukça davetkar! Yumuşacık keki, bol kakaolu <a href=""https://yemek.com/tarif/cikolata-sosu/#gref"">çikolata sosu</a> ve krem şantinin müthiş uyumuna şahit olacağınız bu kolay ve pratik, büyük tepside ağlayan pasta tarifini mutlaka denemelisiniz.</p>
<p>Tam kıvamında bir ağlayan pasta yapmak, o hafif ıslak dokusunu da yakalamak bazen bir hayli zor olabiliyor. Ama vereceğimiz nefis <a href=""https://yemek.com/tarif/"" target=""_blank"">tarifle</a> pastanızı kolaylıkla yapmanız mümkün. Biz klasik ağlayan pastaya kendi yorumumuzu katarak hazırladık. Siz de muhallebili ağlayan pasta,  kedi dili ağlayan pasta, çilekli ağlayan pasta, muzlu ağlayan pasta gibi farklı çeşitlerini tarifimizden yola çıkarak uyarlayabilirsiniz!</p>
<p>Küçükten büyüğe herkesin bayılarak tüketeceği, bol çikolatalı olmasına rağmen oldukça hafif olan, <a href=""https://yemek.com/tarif/pasta-tatli/"" target=""_blank"">pasta tariflerinin</a> en hüzünlüsü ağlayan pastanın videolu ve resimli tarifini aşağıya bırakıyoruz, sevdiklerinizle bu <a href=""https://yemek.com/tarif/tatli/"" target=""_blank"">tatlıyı</a> keyifle tüketmeniz dileğiyle <img src=""https://cdn.yemek.com/assets/images/smiley/smile.png"" class=""wp-smiley img-responsive"" /></p>
",recipe,"['tereyağı', 'yumurta', 'toz şeker', 'süt', 'süt', 'un', 'kabartma tozu', 'toz krem şanti', 'kakao', 'soğuk süt', 'portakal suyu', 'krema', 'bitter çikolata', 'sıvı yağ']","['Pastanın kekini hazırlamak için; karıştırma kabına alıp toz şeker ve yumurtayı aktarın.', 'Hafif beyaz bir renk alana kadar mikser yardımıyla karıştırın.', 'Süt ve ayçiçek yağı ekledikten sonra tüm sıvı malzemeleri kısa bir süre daha çırpın.', 'Un, kabartma tozu ve kakaoyu eleyin.', 'Harca ekleyin.', 'Kattığınız kek harcını mikser yardımıyla homojen bir hal alana kadar karıştırmayı sürdürün.', 'Portakal suyunu da ilave edip çırpın.', 'Isıya dayanıklı dikdörtgen bir fırın kabını tereyağıyla yağladıktan sonra kek harcını kaba aktarın. Önceden ısıtılmış 180 derece fırında yaklaşık\xa025 dakika kadar pişirin.', 'Pastanın kreması için; toz krem şantiyi, soğuk sütle çırptıktan sonra kıvam alması için buzdolabında bekletin.', 'Çikolata sosu hazırlamak için; bitter çikolatayı küçük küpler halinde kesin. Kaynatın. Soğuması için oda sıcaklığında dinlendirin.', 'Fırından çıkan kekin üzerine sütü azar azar gezdirin ve kekin içine çekmesi için kısa bir süre bekleyin.', 'Hazırladığınız krem şantiyi spatula yardımıyla kekin üzerine sürün.', 'Akışkan durumda olan oda sıcaklığındaki çikolata sosu pastanın üzerine gezdirdikten sonra dilimleyerek servis edin.', 'Üzerinden çikolata akan pastayı, arzu ettiğiniz gibi süsledikten sonra sevdiklerinizle paylaşın.']",PASTA,239b56,/tarif/pasta-tatli/,"['Tatlı', 'Pasta', 'Video']",['çay saati'],['Çay Saati'],"['Fırın', 'Tencere']",,False,1500,1200,2021-03-21T11:18:54Z,4.0,1109401,3523,False,True,True,0,,0,,,,2021/03/aglayan-pasta-yemekcom.jpg,0,0,https://cdn.yemek.com/mnresize/940/940/uploads/2021/03/aglayan-pasta-yemekcom.jpg,940,940,False,https://cdn.yemek.com/mncrop/300/200/uploads/2021/03/aglayan-pasta-yemekcom.jpg,300,200,True,https://cdn.yemek.com/mncrop/940/625/uploads/2021/03/aglayan-pasta-yemekcom.jpg,940,625,True,https://cdn.yemek.com/mncrop/620/388/uploads/2021/03/aglayan-pasta-yemekcom.jpg,620,388,True,https://cdn.yemek.com/mncrop/600/315/uploads/2021/03/aglayan-pasta-yemekcom.jpg,600,315,True,['fırın'],,,,,
576,121,Cemre Özgüzel,https://cdn.yemek.com/author/109/20200211010242_avatar.jpg,/profil/cemre-ozguzel/,"Kolay, Pratik, Tam Kıvamında: Kakaolu Kek",Kakaolu Kek,/tarif/kakaolu-kek/,35 dk,10 dk,"<p>Bir parça kakaolu <a href=""https://yemek.com/tarif/kek/"" target=""_blank"">kek</a>; göz doldurur, iştah açar, <a href=""https://yemek.com/tarif/iced-latte/"" target=""_blank"">kahvenin</a> yanında iyi gider, misafir kurtarır, evlat sevindirir, anne özlemini artırır. On diliminde on marifet kakaolu kek, yapması da kolay olduğundan öğrencilerin de yapabilecekleri en nefis ve pratik <a href=""https://yemek.com/tarif/kek/"" target=""_blank"">kek tariflerinden</a> biri.</p>
<p>Kek denince akla gelen ilk <a href=""https://yemek.com/tarif/tatli-kek/"" target=""_blank"">tatlı kek</a> tarif olan <a href=""https://yemek.com/kakaolu-kek-tarifleri/"" target=""_blank"">kakaolu kek tarifi</a>ni en kolay, pratik ve tam kıvamında bir şekilde yapmak mümkün! Bu pratik kakaolu kek yumuşacık ve yaptığınız en güzel kakaolu kek tarifi olacak.</p>
<p>Kakaolu kek <a href=""https://yemek.com/tarif/"" target=""_blank"">tarif</a>imizin videosu hemen aşağıda, afiyet olsun!</p>
",recipe,"['yumurta', 'toz şeker', 'süt', 'un', 'vanilya', 'kabartma tozu', 'kakao', 'maden suyu', 'sıvı yağ']","['Yumurtaları ve toz şekeri derin bir kapta, bir mikser yardımıyla şeker eriyene kadar çırpın.', 'Ardından sıvı yağ, süt ve\xa0 sodayı da üzerine ekleyip çırpmaya devam edin.', 'Kek harcına unu ve kakaoyu azar azar ilave edin. Kabartma tozu ve vanilini de ekledikten sonra spatula yardımıyla, pürüzsüz bir harç elde edene kadar karıştırmaya devam edin.', 'Hazırladığınız kakaolu kek karışımını yağladığınız kek kalıbına dökün.', 'Önceden ısıtılmış 180 derece fırında 30-35 dakika kadar pişirin. İçini çekmesi için beklettiğiniz keki, ılınınca kalıbından çıkartın.', 'Üzerine pudra şekeri serperek servis edin.']",TATLI KEK,239b56,/tarif/tatli-kek/,"['Kek', 'Video', 'Tatlı Kek']","['ekonomik', 'ara öğün']",['Çay Saati'],['Fırın'],['Ekonomik'],False,2100,600,2020-11-19T10:43:04Z,4.0,1321844,5041,False,True,True,0,,0,,,,2019/03/kakaolu-kek-one-cikan-yeni.jpg,0,0,https://cdn.yemek.com/mnresize/940/940/uploads/2019/03/kakaolu-kek-one-cikan-yeni.jpg,940,940,False,https://cdn.yemek.com/mncrop/300/200/uploads/2019/03/kakaolu-kek-one-cikan-yeni.jpg,300,200,True,https://cdn.yemek.com/mncrop/940/625/uploads/2019/03/kakaolu-kek-one-cikan-yeni.jpg,940,625,True,https://cdn.yemek.com/mncrop/620/388/uploads/2019/03/kakaolu-kek-one-cikan-yeni.jpg,620,388,True,https://cdn.yemek.com/mncrop/600/315/uploads/2019/03/kakaolu-kek-one-cikan-yeni.jpg,600,315,True,['fırın'],,,,,
577,302,Yasemin Özaltın,https://cdn.yemek.com/author/35533/20181219061403_avatar.jpg,/profil/yasemingursurer/,"Tüm Püf Noktalarıyla, Kolay: Şekerpare",Şekerpare,/tarif/sekerpare/,25 dk,30 dk,"<p>İrmik ile tatlanıp, kıtır bir kıvam alan tatlılarımızdan o. Evet doğru bildiniz, bayram tatlılarının da başında gelen, <a href=""https://yemek.com/tarif/serbetli-tatlilar/"" target=""_blank"">şerbetli tatlı</a> tariflerinin en sevilenlerinden şekerpare tarifinden bahsediyoruz. Pastanelerde yediğinizde tadı damağınızda kalan <strong>gerçek şekerparelerin sırları</strong>nı aldık, üzeri nefis bir şekilde kızarmış, şerbetini tam kıvamında çekmiş muhteşem bir şekerpare tatlısı hazırladık. Bu keyfe ortak olmak ve 'Şekerpare nasıl yapılır?', ""<strong>Şekerpare şerbeti nasıl yapılır?</strong>"" sorularına cevap bulmak, ""En güzel şekerpare <a href=""https://yemek.com/tarif/tatli/"" target=""_blank"">tatlısı</a> tarifini aradım aradım ama bulamadım"" diyenlerin derdine tam ölçülü ve ev yapımı bir şekerpare tarifiyle çözüm olmak istedik. İşte karşınızda, tüm püf noktalarıyla: Şekerpare <a href=""https://yemek.com/tarif/"" target=""_blank"">tarif</a>i!</p>
<p><a href=""https://yemek.com/tarif/sekerpare-2/"" target=""_blank"">Şekerpare tarifini </a>hazırlamak pek kolay, sonrası tam bir keyif... Üzerine mini mini fındıklar konan tatlılar fırında hafif bir renk alana kadar kızaracak, fırından çıkan sıcak tatlılar önceden hazırlanan soğuk şerbet azar azar eklenecek. Videolu, denenmiş en güzel şekerpare tarifi karşınızda!</p>
<p><a href=""https://yemek.com/ramazan-tatlilari/"" target=""_blank"">Ramazan sofralarında</a>, iftarda olmazsa olmaz tatlılardan biri olan şekerpare tatlısını yaparken işin biraz daha kolayına kaçmak isteyenler <a href=""https://yemek.com/tarif/kolay-sekerpare"" target=""_blank"">kolay şekerpare tarifimize</a>, klasik şekerpare tatlısı tarifi için de videolu tarifimizi davetlisiniz.</p>
",recipe,"['yumurta', 'toz şeker', 'un', 'kabartma tozu', 'su', 'irmik', 'pudra şekeri', 'fındık', 'limonun suyu', 'vanilin', 'Hindistan cevizi', 'margarin veya tuzsuz tereyağı']","['Şekerpare için öncelikle şerbeti hazırlıyoruz. 3 su bardağı suya 2 su bardağı şeker ekleyip karıştırıyoruz ve kaynamaya bırakıyoruz.', 'Kaynayan şerbetin içerisine bir iki damla limon suyu sıktıktan sonra koyu bir şerbet kıvamını alana kadar kısık ateşte bırakıyoruz ve ocaktan aldıktan sonra şerbeti ılımaya bırakıyoruz.', 'Hamurunu hazırlamak için derin bir karıştırma kasesine 1 su bardağı pudra şekeri, 125 gram margarin, 2 yumurta, 2 yemek kaşığı hindistan cevizi, 1 paket vanilin, 1 paket kabartma tozu, 4 yemek kaşığı irmik ve azar azar unu koyup güzelce yoğuruyoruz.', 'Yoğurduğumuz hamuru 15 dakika buzdolabında dinlendirdikten sonra cevizden biraz daha büyük parçalar koparıp elimizle yuvarlak şekil veriyoruz ve pişirme kağıdı serili fırın tepsisin üzerine aralıklı olarak yerleştiriyoruz.', 'Fındıkları şekerparelerin tam ortasına bastırarak yerleştiriyoruz.', 'Şekerpareleri önceden ısıtılmış 180 derece fırında 25 dakika pişiriyoruz.', 'Kurabiyeler sıcak şerbeti de soğukken şerbetini döküyoruz. Şerbeti de döktükten sonra iyice çekmesi için bekliyoruz ve servis ediyoruz. Afiyetler olsun!']",ŞERBETLİ TATLI,239b56,/tarif/serbetli-tatlilar/,"['Hamur İşi', 'Tatlı', 'Şerbetli Tatlı', 'Ramazan', 'Video']",['çay saati'],['Çay Saati'],"['Fırın', 'Tencere']",,False,1500,1800,2022-03-18T13:00:52Z,4.0,1282307,4569,False,True,True,0,,0,,,,2014/07/sekerpare-ytk-site.jpg,0,0,https://cdn.yemek.com/mnresize/940/940/uploads/2014/07/sekerpare-ytk-site.jpg,940,940,False,https://cdn.yemek.com/mncrop/300/200/uploads/2014/07/sekerpare-ytk-site.jpg,300,200,True,https://cdn.yemek.com/mncrop/940/625/uploads/2014/07/sekerpare-ytk-site.jpg,940,625,True,https://cdn.yemek.com/mncrop/620/388/uploads/2014/07/sekerpare-ytk-site.jpg,620,388,True,https://cdn.yemek.com/mncrop/600/315/uploads/2014/07/sekerpare-ytk-site.jpg,600,315,True,['fırın'],,,,,
578,3178,Cemre Özgüzel,https://cdn.yemek.com/author/109/20200211010242_avatar.jpg,/profil/cemre-ozguzel/,Oldu Bile: Üç Malzemeli Kurabiye,Üç Malzemeli Kurabiye,/tarif/uc-malzemeli-kurabiye/,20 dk,15 dk,"<p>Ayçiçek yağı, elenmiş un ve toz krem şanti. Sadece üç malzemeyle hazırlanan <a href=""https://yemek.com/tarif/un-kurabiyesi/"" target=""_blank"">un kurabiyesi</a> gevrekliğinde pratik ve ekonomik bir <a href=""https://yemek.com/tarif/kurabiye/"" target=""_blank"">kurabiye tarifi</a>. Siz çayı demleyene kadar onlar pişmiş hatta dinlenmiş olacak, mutfağı mis gibi kurabiye kokusu saracak. Sonrası tam anlamıyla keyif.</p>
<p>Dilerseniz hazırladığınız hamuru atın buzdolabına 30 dakika dinlendirin elinizle gelişi güzel minik yuvarlaklar yaparak pişirin isterseniz de kaşık yardımıyla tepsiye dizin. Karar sizin.</p>
<p>Kurabiye canavarları da sizi sevecek. Afiyetler olsun.</p>
",recipe,"['ayçiçek yağı', 'un', 'toz krem şanti']","['1 su bardağı ayçiçek yağını derin bir karıştırma kabına alın.', '1 paket toz krem şantiyi ve unun 1 bardaklık kısmını ilave ederek karıştırmaya başlayın.', '2 su bardağı unu da azar azar ilave edin ve yumuşak, ele yapışmayan bir hamur elde edene kadar yoğurun.', 'Kıvam alan hamurunuzdan ceviz büyüklüğünde parçalar alın ve elinizle yuvarlayarak şekil verin. Ardından yağlı kağıt serili bir fırın tepsinin üzerine kurabiyelerinizi aktarın. 175 derecede ısıtılmış fırında rengi hafif değişene kadar 15-20 dakika arası pişirin.', 'Çıkarıp oda sıcaklığında soğuttuktan sonra afiyetle tüketin.']",TATLI KURABİYE,239b56,/tarif/tatli-kurabiyeler/,"['Kurabiye', 'Video', 'Tatlı Kurabiye']",['pratik yemek tarifleri'],['Çay Saati'],['Fırın'],,False,1200,900,2015-08-10T11:18:13Z,4.0,1278903,3887,False,True,False,0,,0,,,,2015/08/uc-malzemeli-kurabiye-yemekcom.jpg,0,0,https://cdn.yemek.com/mnresize/940/940/uploads/2015/08/uc-malzemeli-kurabiye-yemekcom.jpg,940,940,False,https://cdn.yemek.com/mncrop/300/200/uploads/2015/08/uc-malzemeli-kurabiye-yemekcom.jpg,300,200,True,https://cdn.yemek.com/mncrop/940/625/uploads/2015/08/uc-malzemeli-kurabiye-yemekcom.jpg,940,625,True,https://cdn.yemek.com/mncrop/620/388/uploads/2015/08/uc-malzemeli-kurabiye-yemekcom.jpg,620,388,True,https://cdn.yemek.com/mncrop/600/315/uploads/2015/08/uc-malzemeli-kurabiye-yemekcom.jpg,600,315,True,,,,,,
579,2526,Yasemin Özaltın,https://cdn.yemek.com/author/35533/20181219061403_avatar.jpg,/profil/yasemingursurer/,Yumuşacık Etlerin Sırlarıyla: Hünkar Beğendi,Hünkar Beğendi,/tarif/hunkar-begendi/,1 sa,1 sa,"<p>Saray mutfağının önde gelen, hünkarın da midesini fetheden <a href=""https://yemek.com/tarif/"" target=""_blank"">yemek tariflerinden</a> biri hünkar beğendi. Pratik bir yemek tarifi sayılan, aşamaları biraz fazla olsa da lezzetli ana yemeklerden biri o! Tereyağında kavrulmuş un ve soğuk süt ilavesiyle hazırlanan beğendi bir yana dursun kısık ateşte pişen bol soğanlı et karışımı onu diğerlerinden ayırıyor. Karşınıza her haliyle övgüleri toplayacak, <a href=""https://yemek.com/tarif/et/"" target=""_blank"">et yemeklerinin</a> en görkemlisi hünkar beğendi yemeği çıkıyor.</p>
<p>Hünkarımızın bir bildiği olmalı diyerek sizi adım adım resimli ve videolu anlattığımız<strong> hünkar beğendi kebabı</strong> tarifimize alalım. ""<strong>Hünkar beğendinin yanına ne yapılır?</strong>"" diye soranlar için de cevabımız hemen tarifin sonunda. Şimdiden ellerinize sağlık diyor, lezzetine doyum olmaz hünkar beğendi tarifimize buyur ediyoruz. Yaptığım tarif en kusursuz haliyle olsun derseniz de <a href=""https://yemek.com/tarif/kusursuz-hunkar-begendi/"" target=""_blank"">kusursuz hünkar beğendi</a> tarifimize bekleriz. Keyfi ve lezzeti bol bol olsun. Afiyetler olsun!</p>
",recipe,"['tereyağı', 'sıcak su', 'tuz', 'tuz', 'süt', 'un', 'sarımsak', 'zeytinyağı', 'domates salçası', 'taze çekilmiş tane karabiber', 'kaşar peyniri', 'orta boy kuru soğan', 'orta boy domates', 'orta boy patlıcan', 'kuzu but (arzuya göre dana eti)']","['Hünkar beğendi tarifi için 4 adet orta boy patlıcana bıçakla delikler açın ve fırın tepsisine alın. 200 derecede yaklaşık 20 dakika fırınlayın.', 'Fırınlanmış patlıcanları bir kaba alın ve kabuklarının kolay soyulması için üzerini streçleyip, 15 dakika kadar bekledikten sonra kabukları soyun.', 'Bir tavada 3 yemek kaşığı zeytinyağını kızdırın. 2 adet yemeklik doğranmış kuru soğanı da üzerine ilave edip pembeleşinceye kadar kavurun.', '4 diş doğranmış sarımsağı da üzerine ekledikten sonra 600 gram kuşbaşı dana veya kuzu etini ilave edin.', ""Etler suyunu salıp çekene kadar pişmeye bırakın. 1 yemek kaşığı domates salçası, 1'er çay kaşığı tuz ve karabiber, 3 adet soyulmuş, doğranmış domates ekleyin."", '2 su bardağı sıcak su ekleyip etler yumuşayana kadar pişmeye bırakın.', 'Şimdi de beğendiyi hazırlayalım. 1 yemek kaşığı tereyağını bir tavada eritin. 1,5 yemek kaşığı unu üzerine ilave edip kokusu çıkana kadar kavurun.', ""Üzerine fırınladığınız ve kabuklarını soyduğunuz patlıcanları ekleyin. 1,5 su bardağı sütü de üzerine yavaş yavaş ilave edin ve sürekli olarak karıştırın. 1'er çay kaşığı tuz ve karabiberi de ekleyin."", 'Sonra son olarak yarım su bardağı rendelenmiş kaşar peyniri ekleyin ve karıştırıp ocaktan alın.', 'Beğendinin üzerine yumuşacık pişmiş etleri serpiştirin ve servis edin. Hünkar beğendi yemeği hazır, afiyet olsun!']",ET,239b56,/tarif/et/,"['Et', 'Ramazan', 'Video', 'Mevsiminde']","['akşam yemeği', 'öğle yemeği']","['Öğle Yemeği', 'Akşam Yemeği']",['Tencere'],['Ekonomik'],False,3600,3600,2021-03-22T08:32:29Z,4.0,1273470,10647,False,True,True,0,,0,,,,2021/03/hunkar-begendi-son-yemekcom.jpg,0,0,https://cdn.yemek.com/mnresize/940/940/uploads/2021/03/hunkar-begendi-son-yemekcom.jpg,940,940,False,https://cdn.yemek.com/mncrop/300/200/uploads/2021/03/hunkar-begendi-son-yemekcom.jpg,300,200,True,https://cdn.yemek.com/mncrop/940/625/uploads/2021/03/hunkar-begendi-son-yemekcom.jpg,940,625,True,https://cdn.yemek.com/mncrop/620/388/uploads/2021/03/hunkar-begendi-son-yemekcom.jpg,620,388,True,https://cdn.yemek.com/mncrop/600/315/uploads/2021/03/hunkar-begendi-son-yemekcom.jpg,600,315,True,"['tencere', 'bol proteinli', 'bol lifli']",,"['Haziran', 'Temmuz', 'Ağustos']",,,
580,410,Yasemin Özaltın,https://cdn.yemek.com/author/35533/20181219061403_avatar.jpg,/profil/yasemingursurer/,Yağdan Hafif: Fırında Baharatlı Patates,Fırında Baharatlı Patates,/tarif/baharatli-firin-patates/,30 dk,10 dk,"<p>Var mı patates sevmeyen? <a href=""https://yemek.com/tarif/kofte/"" target=""_blank"">Köfte</a>nin yanında patates kızartması yemeyi düşlemeyen, önceden kızarttığı patatesleri yumurtayla harmanlayıp yumurtalı patates haline getirmeyen? Yok yazın da bozuşmayalım şimdi. <a href=""https://yemek.com/tarif/kizartma/"" target=""_blank"">Kızartma</a>sı güzel olsa da bu meredin sağlıktan ödün vermeden de kızarmış patates yemek mümkün. Nasıl mı? Patatesleri fırında kızartarak elbette.</p>
<p><strong>Fırında patates kızartması tarifi</strong>nde o çok sevdiğimiz baharatları ekleyip eser miktarda <a href=""https://yemek.com/sozluk/zeytinyagi/"" target=""_blank"">zeytinyağı</a> ile harmanladığımız patates dilimlerini fırına alıyoruz. Onlar çıtır çıtır kızardıkça size de bu <a href=""https://yemek.com/tarif/atistirmaliklar/"" target=""_blank"">atıştırmalığın</a> keyfini uzun uzadıya çıkarmak kalıyor.</p>
",recipe,"['tuz', 'zeytinyağı', 'karabiber', 'biberiye', 'kekik', 'rendelenmiş sarımsak', 'büyük boy patates', 'toz kırmızı biber']","['Bir kasede zeytinyağı, tuz, toz kırmızı biber, sarımsak, kekik, taze biberiye ve karabiberi alın.', 'Tüm malzemeleri güzelce çırparak karıştırın.', 'Patatesleri elma dilim şeklinde kesin.', 'Tabanını yağlı kağıt ile kapladığınız fırın tepsisine patatesleri yayın. Hazırladığınız sosu patateslerin üzerine gezdirin ve her yerine gelecek şekilde karıştırın.', 'Önceden ısıtılmış 200 derece fırında 25- 30 dakika kızarana kadar fırından yükselen mis gibi kokuyu içinize çeke çeke bekleyin. Piştikten sonra afiyetle tüketin.']",TUZLU ATIŞTIRMALIK,239b56,/tarif/tuzlu-atistirmalik/,"['Sebze', 'Atıştırmalık', 'Video', 'Tuzlu Atıştırmalık', 'Mevsiminde']","['pratik yemek tarifleri', 'ekonomik', 'başlangıç', 'diyet']","['Öğle Yemeği', 'Akşam Yemeği']",['Fırın'],,False,1800,600,2014-08-04T13:30:26Z,4.0,1246823,7207,False,True,True,0,,0,,,,2014/08/baharatli-patates-yemekcom.jpg,0,0,https://cdn.yemek.com/mnresize/940/940/uploads/2014/08/baharatli-patates-yemekcom.jpg,940,940,False,https://cdn.yemek.com/mncrop/300/200/uploads/2014/08/baharatli-patates-yemekcom.jpg,300,200,True,https://cdn.yemek.com/mncrop/940/625/uploads/2014/08/baharatli-patates-yemekcom.jpg,940,625,True,https://cdn.yemek.com/mncrop/620/388/uploads/2014/08/baharatli-patates-yemekcom.jpg,620,388,True,https://cdn.yemek.com/mncrop/600/315/uploads/2014/08/baharatli-patates-yemekcom.jpg,600,315,True,"['vejetaryen', 'fırın', 'düşük karbonhidratlı']",,"['Haziran', 'Temmuz', 'Ağustos', 'Eylül']",,,
581,2040,Yasemin Özaltın,https://cdn.yemek.com/author/35533/20181219061403_avatar.jpg,/profil/yasemingursurer/,Üzeri Kızarmış: Fırın Sütlaç,Fırın Sütlaç,/tarif/firin-sutlac/,45 dk,30 dk,"<p><a href=""https://yemek.com/tarif/sutlu-tatlilar/"" target=""_blank"">Sütlü tatlı</a>ların en besleyici olanı, pirincin en güzel ve <a href=""https://yemek.com/tarif/tatli/"" target=""_blank"">tatlı</a> halidir <a href=""https://yemek.com/tarif/sutlac/"" target=""_blank"">sütlaç</a>. Bu sefer bizim yaptığımız gibi tarifinde küçük bir farklılık yapıp yumurta sarısı ilavesiyle pişirdiğinizde ve porsiyonluk fırın kaplarında pişirme işlemini sürdürdüğünüzde fırın sütlaç göz kırpar size.</p>
<p>Tarçın ilavesi ile soğuk soğuk yendiğinde tadına doyum olmaz. <strong>Tam ölçülü ve kıvamı asla şaşmayan</strong> bir <a href=""https://yemek.com/tarif/"" target=""_blank"">tarif</a> üstelik. Bir yiyenin lezzetine hayran kalacağı fırın sütlaçlar karşınızda! Bir kase yesek mi?</p>
",recipe,"['pirinç', 'toz şeker', 'süt', 'su', 'su', 'yumurta sarısı', 'buğday nişastası', 'vanilin']","['Fırın sütlaç için öncelikle bol suda yıkadığınız pirinçleri; bir tencerede, 2 su bardağı suyu ekleyerek orta ateşte suyunu çekene kadar haşlayın.', 'Soğuk süt ve toz şekeri ayrı bir geniş tencereye alın.\xa0Bir çırpma teliyle toz şeker eriyene kadar karıştırdıktan sonra ocağa alın. Kısık ateşte kaynamaya bırakın.', 'Vanilini toz şeker eriğinde süte ekleyin.', 'Haşlanan pirinçleri ocaktan alın ve fazla suyu kaldıysa süzün.', '1-2 dakika kadar kaynayan şekerli süte haşlanmış pirinçleri ilave edin.', 'Yumurta sarısını, buğday nişastası ve 1 bardak su ilavesiyle ayrı bir kabın içerisine alın.', 'Pürüzsüz bir kıvam alana kadar karıştırın.', 'Yumurta sarısının kesilmemesi için; kısık ateşte kaynamakta olan süt karışımından alıp nişastalı karışımı ılıştırın.', 'Hazırladığınız yumurta sarılı karışımı sütlaç tenceresine azar azar katıp hızlıca karıştırın.', 'Kıvam alan sütlacı, ısıya dayanıklı porsiyonluk güveç kaplarına eşit ölçüde boşaltın.', 'Sütlaç kaselerini, derin bir fırın tepsisine aralıklı olarak dizin. Kapların yarısına gelecek kadar soğuk suyu, sütlaçlara değdirmeden tepsiye dökün.', 'Fırına verdiğiniz sütlaçları, önceden ısıtılmış 200 derece fırında 12-15 dakika kadar pişirin.', 'Fırından bir mutfak eldiveni yardımıyla çıkardığınız sütlaç kaselerini, oda ısısında soğuttuktan sonra buzdolabına kaldırın. Soğuttuktan sonra fırın sütlaçları sevdiklerinizle paylaşın.']",SÜTLÜ TATLI,239b56,/tarif/sutlu-tatlilar/,"['Tatlı', 'Ramazan', 'Sütlü Tatlı', 'Video']","['ekonomik', 'ara öğün', 'çay saati']","['Ara Öğün', 'Çay Saati']","['Fırın', 'Tencere']",,False,2700,1800,2019-05-02T08:14:33Z,4.0,1200815,6587,False,True,True,0,,0,,,,2015/03/ytk-firin-sutlac-site.jpg,0,0,https://cdn.yemek.com/mnresize/940/940/uploads/2015/03/ytk-firin-sutlac-site.jpg,940,940,False,https://cdn.yemek.com/mncrop/300/200/uploads/2015/03/ytk-firin-sutlac-site.jpg,300,200,True,https://cdn.yemek.com/mncrop/940/625/uploads/2015/03/ytk-firin-sutlac-site.jpg,940,625,True,https://cdn.yemek.com/mncrop/620/388/uploads/2015/03/ytk-firin-sutlac-site.jpg,620,388,True,https://cdn.yemek.com/mncrop/600/315/uploads/2015/03/ytk-firin-sutlac-site.jpg,600,315,True,['fırın'],,,,,
582,85,Yasemin Özaltın,https://cdn.yemek.com/author/35533/20181219061403_avatar.jpg,/profil/yasemingursurer/,Terbiyesinin Kesilme Derdi Yok: Yayla Çorbası,Yayla Çorbası,/tarif/yayla-corbasi/,35 dk,15 dk,"<p>Yayla çorbasının tadına varmak için yaz ya da kış fark etmez! Anadolu’nun geleneksel çorbalarından ve <a href=""https://yemek.com/tarif/"" target=""_blank"">yemek tariflerinden</a> biri olan bu lezzet size de nane <strong>ferahlığını</strong> çağrıştırmıyor mu?</p>
<p><a href=""https://yemek.com/tarif/kahvaltiliklar/"" target=""_blank"">Kahvaltı</a>dan akşam yemeğine günün her saati tüketebileceğiniz bu <strong>pratik</strong> ve besleyici <a href=""https://yemek.com/tarif/corba/"" target=""_blank"">çorba tarifi</a>ni püf noktalarına dikkat ederek birlikte hazırlayalım.</p>
<p>En güzel çorba <strong>tariflerinden</strong> biri olan yayla çorbası tarifinde bulunan yoğurt sayesinde bir vitamin kaynağıdır. Hatta bu yüzden yoğurt çorbası olarak bile anılır.</p>
<p>Pirinçli, yoğurtlu bu yayla çorbasının tarifi hem videolu hem de adım adım resimli olarak tüm <strong>püf noktalarıyla</strong> karşınızda. Farklı yayla çorbası tarifi arayanlar için <a href=""https://yemek.com/tarif/yumurtasiz-yayla-corbasi/"" target=""_blank"">yumurtasız yayla çorbası</a> ve <a href=""https://yemek.com/tarif/kolay-yayla-corbasi/"" target=""_blank"">kolay yayla çorbası</a> tarifimizi de öneririz.</p>
",recipe,"['pirinç', 'tereyağı', 'tuz', 'pul biber', 'un', 'su', 'yoğurt', 'yumurta sarısı', 'zeytinyağı', 'kuru nane', 'limonun suyu']","['Çorbayı pişireceğiniz tencereye 2 su bardağı yoğurt, 1,5 yemek kaşığı un, 2 yemek kaşığı limon suyu ekleyip pürüzsüz bir kıvama gelene kadar karıştırın.', '1 yumurta sarısını da karışımın üzerine ekledikten sonra tekrar karıştırın.', '6 su bardağı soğuk suyu da ilave edip orta ateşte kaynamaya bırakın.', 'Çorba kaynamaya başlayınca yıkayıp süzdüğünüz 1 çay bardağı pirinci ekleyin ve tekrar kaynamaya bırakın.', ""Bu sırada ayrı bir tavada 2'şer yemek kaşığı zeytinyağı ve tereyağını kızdırın. 1 yemek kaşığı kuru naneyi de üzerine ekleyip karıştırın ve ocaktan alın."", 'Hazırladığınız yağı kaynamakta olan çorbanın üzerine dökün. Pul biberi ve tuzu da ekleyin.', 'Güzelce karıştırıp ocağın altını kapatın.', 'Yayla çorbanız hazır, afiyet olsun!']",ÇORBA,,/tarif/corba/,"['Çorba', 'Ramazan', 'Video']","['pratik yemek tarifleri', 'ekonomik', 'başlangıç', 'akşam yemeği', 'öğle yemeği']","['Başlangıç', 'Öğle Yemeği', 'Ara Öğün', 'Akşam Yemeği']",['Tencere'],"['Ekonomik', 'Vejetaryen', 'Düşük Karbonhidratlı']",False,2100,900,2019-05-17T08:15:01Z,4.0,1190925,10054,False,True,True,0,,0,,,,2014/06/yayla-corbasi-yemekcom.jpg,0,0,https://cdn.yemek.com/mnresize/940/940/uploads/2014/06/yayla-corbasi-yemekcom.jpg,940,940,False,https://cdn.yemek.com/mncrop/300/200/uploads/2014/06/yayla-corbasi-yemekcom.jpg,300,200,True,https://cdn.yemek.com/mncrop/940/625/uploads/2014/06/yayla-corbasi-yemekcom.jpg,940,625,True,https://cdn.yemek.com/mncrop/620/388/uploads/2014/06/yayla-corbasi-yemekcom.jpg,620,388,True,https://cdn.yemek.com/mncrop/600/315/uploads/2014/06/yayla-corbasi-yemekcom.jpg,600,315,True,"['tencere', 'düşük karbonhidratlı']",greenLight,,,,
583,761,Yasemin Özaltın,https://cdn.yemek.com/author/35533/20181219061403_avatar.jpg,/profil/yasemingursurer/,Anne Usulü: Karnıyarık,Karnıyarık,/tarif/karniyarik/,50 dk,30 dk,"<p>Sofraların olmazsa olmazı, <a href=""https://yemek.com/tarif/pirinc-pilavi/"" target=""_blank"" rel=""noopener"">pilavın</a> sevdalısı, <a href=""https://yemek.com/tarif/cacik/"" target=""_blank"" rel=""noopener"">cacığın</a> en iyi dostu, <a href=""https://yemek.com/tarif/"" target=""_blank"" rel=""noopener"">yemek tariflerinin</a> gözdesi, anneye bolca sipariş verilen karnıyarık hazırlıyoruz. Duymayan kalmasın. Arzu eden bize katılsın. Patlıcanları kızartmak istemeyen fırınını önceden ısıtsın.</p>
<p>Karnıyarık tarifinde başrol malzememiz her zaman olduğu gibi sebzelerin en çok kıskanılanı patlıcan. Kendisi malumunuz üzerine binlerce yazıda en çok sevilen sebze olarak yer almıştır. Yine karnıyarık tarifinde öne çıkan bir diğer malzeme ise, karnıyarığı imam bayıldıdan ayıran kıyma. Kendisi karnıyarık tarifini de lezzet getiriyor.</p>
<p>Biz de bu <strong>fırında karnıyarık</strong> tarifinde karnıyarık içinin tencerede nasıl hazırlanacağından karnıyarık yemeğinin adım adım resimli aşamalarıyla nasıl yapıldığına hepsini tek tek anlatmak istedik.</p>
<p>Vejetaryen karnıyarık olan <a href=""https://yemek.com/imam-bayildinin-hikayesi/"" target=""_blank"" rel=""noopener"">imam bayıldı</a> gibi hikayelere konuk olmasa da kendisi başlı başına bir hikaye karnıyarığın. İnanmayan pilava, cacığa, yanında kırılan soğana sorsun. Tüm lokanta yemekleri tarifleri karnıyarığa olan aşkını anlatacaktır.</p>
<p>O yüzden hazır edin patlıcanı, <a href=""https://yemek.com/tarif/kiyma-kavurma/"" target=""_blank"" rel=""noopener"">kıyma</a>yı, soğanı, zeytinyağını bu akşam misler gibi karnıyarık yapmak için mutfağa giresimiz var.</p>
<p>Yapanların ellerine sağlık.</p>",recipe,"['biber salçası', 'tuz', 'ayçiçek yağı', 'sarımsak', 'maydanoz', 'zeytinyağı', 'karabiber', 'domates salçası', 'domates', 'yeşil biber', 'kıyma', 'büyük boy kuru soğan', 'orta boy patlıcan', 'orta boy yeşil sivri biber']","['<p>Bol suda yıkadığınız patlıcanları, pijamalı şekilde soyun ve tuzlu suda bekletin. 3 yemek kaşığı zeytinyağını bir tavada kızdırın. Yemeklik doğradığınız 1 adet soğanı da üzerine ekleyip pembeleşene kadar kavurun. 2 adet doğranmış yeşil biberi ilave edip kavurmaya devam edin.</p>', '<p>350 gram orta yağlı kıymayı da ekleyin ve kavrulmakta olan soğanlarla birlikte renk alıp, suyunu çekene kadar pişirin.</p>', ""<p>Aralarda karıştırıp pişirme işlemine devam ederek sırasıyla; 2 diş sarımsak, yarım tatlı kaşığı domates salçası, yarım tatlı kaşığı biber salçası, 1'er çay kaşığı tuz ve karabiber ekleyin.\xa0</p>"", '<p>2 adet küp doğranmış domatesi ekleyin, 5 dakika kadar pişirdikten sonra ocağın altını kısın ve bir avuç doğranmış maydanozu ekleyip son kez karıştırarak ocaktan alın.</p>', '<p>Acısını alıp, pijamalı soyduğunuz 6 adet patlıcanı kızartın.</p>', '<p>Fırına dayanıklı bir kaba yerleştirin.</p>', '<p>Orta kısımlarından patlıcanları yarın.</p>', '<p>Hazırladığınız iç harçtan bol bol ekleyin.</p>', '<p>Patlıcanların üzerine birer cherry domates ve biber dilimleri ekleyin.</p>', '<p>Karnıyarıkları önceden ısıtılmış 170 derece fırında 20-25 dakika kadar pişirdikten sonra, sıcak olarak, dilerseniz tereyağlı pirinç pilavı eşliğinde servis edin, afiyet olsun!</p>']",SEBZE,239b56,/tarif/sebze/,"['Sebze', 'Ramazan', 'Video', 'Sulu Yemek', 'Mevsiminde']",,"['Öğle Yemeği', 'Akşam Yemeği']","['Fırın', 'Kızartma', 'Tencere']",,False,3000,1800,2019-05-14T11:19:27Z,4.0,1185751,6345,False,True,True,0,,0,,,,2014/10/karniyarik-yemekcom.jpg,0,0,https://cdn.yemek.com/mnresize/940/940/uploads/2014/10/karniyarik-yemekcom.jpg,940,940,False,https://cdn.yemek.com/mncrop/300/200/uploads/2014/10/karniyarik-yemekcom.jpg,300,200,True,https://cdn.yemek.com/mncrop/940/625/uploads/2014/10/karniyarik-yemekcom.jpg,940,625,True,https://cdn.yemek.com/mncrop/620/388/uploads/2014/10/karniyarik-yemekcom.jpg,620,388,True,https://cdn.yemek.com/mncrop/600/315/uploads/2014/10/karniyarik-yemekcom.jpg,600,315,True,,,"['Haziran', 'Temmuz', 'Ağustos']",,,
584,24660,Yasemin Özaltın,https://cdn.yemek.com/author/35533/20181219061403_avatar.jpg,/profil/yasemingursurer/,Evdeki Malzemelerle: Fincan Tatlısı,Fincan Tatlısı,/tarif/fincan-tatlisi/,15 dk,5 dk,"<p>Pratik lezzetlerden vazgeçemeyenlere, yemeklerin sunumuna önem verenlere müjdemiz var! Evdeki malzemelerle hızlıca yapabileceğiniz fincan tatlısı, Hindistan cevizi ve meyveler ile süslenerek adeta evde bir dekor olarak kullanabileceğiniz güzellikte oluyor. Yemeyip yanında yatasınız geliyor <img src=""https://cdn.yemek.com/assets/images/smiley/smile.png"" class=""wp-smiley img-responsive"" /></p>
<p>Bu pratik <a href=""https://yemek.com/tarif/"" target=""_blank"">tarifte</a> zevkinize göre değişiklikler yapabilirsiniz. Çoğunlukla vanilya aromalı hazırlanan muhallebiyi dilerseniz kakaolu, çilekli veya muzlu yaparak, farklı ve şık bir sunum elde edebilirsiniz. Hatta iki renkli hazırlamak bile müthiş bir hava katacaktır. Videoyu aşağıya iliştirdik. Çay saatleriniz ve özel davetleriniz için oldukça kolay hazırlanacak bu <a href=""https://yemek.com/tarif/sutlu-tatlilar/"" target=""_blank"">sütlü</a> <a href=""https://yemek.com/tarif/tatli/"" target=""_blank"">tatlıyı</a> mutlaka denemenizi öneriyoruz. Afiyet olsun!</p>
",recipe,"['toz şeker', 'süt', 'un', 'margarin', 'çilek (arzuya göre muz)', 'vanilin', 'Hindistan cevizi rendesi']","['Derin bir tencereye süt, un ve şekeri ekleyip çırpma teli yardımıyla karıştırarak muhallebi kıvamına gelene kadar pişirin.', 'Muhallebi koyu kıvam alıp göz göz\xa0 fokurdamaya başlayınca margarin ve vanilini ekleyin ve tekrar karıştırın.Pişen muhallebiyi ocaktan alın.', 'Orta boy kahve fincanına 2 parmak boşluk bırakacak şekilde, kepçe yardımıyla muhallebiyi dökün.', 'Fincandaki muhallebileri önce oda sıcaklığına getirdikten sonra buzdolabında en az 4 saat soğumaya bırakın.', 'Soğuyan muhallebileri fincandan yavaşça çıkarın ve Hindistan cevizine bulayın.', 'Hindistan cevizine bulanan muhallebileri servis tabağına alın ve üzerini dilediğiniz meyve ile süsleyip servis edin.']",SÜTLÜ TATLI,239b56,/tarif/sutlu-tatlilar/,"['Tatlı', 'Sütlü Tatlı', 'Video']","['ekonomik', 'çay saati']",['Çay Saati'],['Tencere'],"['Ekonomik', 'Vejetaryen', 'Bol Proteinli']",False,900,300,2020-11-09T07:31:32Z,4.0,1167935,7485,False,True,True,0,,0,,,,2017/10/fincan-tatlisi-tarifi.jpg,0,0,https://cdn.yemek.com/mnresize/940/940/uploads/2017/10/fincan-tatlisi-tarifi.jpg,940,940,False,https://cdn.yemek.com/mncrop/300/200/uploads/2017/10/fincan-tatlisi-tarifi.jpg,300,200,True,https://cdn.yemek.com/mncrop/940/625/uploads/2017/10/fincan-tatlisi-tarifi.jpg,940,625,True,https://cdn.yemek.com/mncrop/620/388/uploads/2017/10/fincan-tatlisi-tarifi.jpg,620,388,True,https://cdn.yemek.com/mncrop/600/315/uploads/2017/10/fincan-tatlisi-tarifi.jpg,600,315,True,['tencere'],,,,,
585,119,Yasemin Özaltın,https://cdn.yemek.com/author/35533/20181219061403_avatar.jpg,/profil/yasemingursurer/,Tam Ölçülü Mükemmel Lezzet: Şerbetli İrmik Tatlısı,Şerbetli İrmik Tatlısı,/tarif/serbetli-irmik-tatlisi/,1 sa,20 dk,"<p>İrmik tatlısının ne kadar efsane bir lezzet olduğuna değinmiş ve <a href=""https://yemek.com/tarif/irmik-tatlisi/"" target=""_blank"">irmik tatlısı tarifi</a>ni sizlerle paylaşmıştık. İrmik tatlısının lezzetini bir kat daha arttırmak ve damaklarda kalıcı bir tat bırakmak üzere bu sefer tarifine şerbet ekliyor ve fırında pişiriyoruz. <a href=""https://yemek.com/tarif/tatli/"" target=""_blank"">Tatlı tarifleri</a> arasında ona ayrı bir yer ayıracaksınız. <a href=""https://yemek.com/az-malzemeli-serbetli-tatlilar/"" target=""_blank"">Az malzemeli şerbetli tatlılar</a> arasında en çok sevilen tatlılardan biri olmaya da aday kendileri. Karşınızda çay saatlerinizin vazgeçilmezlerinden biri olacak şerbetli irmik tatlısı tarifi!</p>
<p>Mutfağa yeni yeni girmeye başlayanların bile kolaylıkla yapabileceği bir tarif üstelik. Sünger gibi kıvamı sayesinde tüm şerbetini içine çekiyor. Yumuşacık dokulu mükemmel bir lezzete dönüşüyor. Dilerseniz üzerine fıstık, file badem gibi malzemeler ilave ederek süsleyebilirsiniz. Çayınızın yanına hemen hazır! Şimdiden ellerinize sağlık.</p>
<p>Adım adım resimli ve videolu anlatımıyla irmik tatlısı <a href=""https://yemek.com/tarif/"" target=""_blank"">tarifi</a> karşınızda!</p>
<p>İrmikli tatlı tarifleri arasında özel bir yere koyacağınız <a href=""https://yemek.com/tarif/serbetli-tatlilar/"" target=""_blank"">şerbetli</a> irmik tatlısından sonra daha hafif bir alternatif isterseniz <a href=""https://yemek.com/tarif/sutlu-irmik-tatlisi/"" target=""_blank"">sütlü irmik tatlısına</a> da şans verebilirsiniz.</p>
",recipe,"['tereyağı', 'limon suyu', 'yumurta', 'toz şeker', 'toz şeker', 'süt', 'un', 'kabartma tozu', 'su', 'yoğurt', 'irmik', 'vanilin']","['3 adet yumurta, 9 yemek kaşığı toz şeker ve 1 çay bardağı yoğurdu derin bir kapta mikser yardımıyla toz şeker eriyene kadar çırpın.', '1 su bardağı süt, 1 paket vanilini ekleyin.', '1,5 su bardağı elenmiş un, 9 yemek kaşığı irmik ve 1 paket kabartma tozunu sırasıyla ekleyin.\xa0 Ardından güzelce karıştırın.', 'Fırın kabını tereyağı ile yağlayın ve tatlı harcını kalıba aldıktan sonra üzerini bir spatula yardımıyla düzeltin.', 'Tatlıyı önceden ısıtılmış 175 derece fırında 35 dakika kadar pişirin.', 'Tatlının şerbeti için; 2 su bardağı toz şeker ve 2 su bardağı suyu 10 dakika kadar kaynatın. 3-4 damla limon suyunu katın ve kaynayan şerbeti 5 dakika sonra ocaktan alın, ılınması için bekletin.', 'Fırından aldığınız sıcak tatlının üzerine ılık şerbeti dökün, şerbetini içine çekmesi için 10 dakika kadar bekledikten.', 'Sonra dilimleyin.', 'Ardından servis edin.\xa0Afiyet olsun!']",ŞERBETLİ TATLI,239b56,/tarif/serbetli-tatlilar/,"['Tatlı', 'Şerbetli Tatlı', 'Ramazan', 'Video']","['ekonomik', 'çay saati']",['Çay Saati'],"['Fırın', 'Tencere']","['Ekonomik', 'Vejetaryen']",False,3600,1200,2019-05-06T08:58:21Z,4.0,1133250,2164,False,True,True,0,,0,,,,2014/06/serbetli-irmik-tatlisi-yemekcom.jpg,0,0,https://cdn.yemek.com/mnresize/940/940/uploads/2014/06/serbetli-irmik-tatlisi-yemekcom.jpg,940,940,False,https://cdn.yemek.com/mncrop/300/200/uploads/2014/06/serbetli-irmik-tatlisi-yemekcom.jpg,300,200,True,https://cdn.yemek.com/mncrop/940/625/uploads/2014/06/serbetli-irmik-tatlisi-yemekcom.jpg,940,625,True,https://cdn.yemek.com/mncrop/620/388/uploads/2014/06/serbetli-irmik-tatlisi-yemekcom.jpg,620,388,True,https://cdn.yemek.com/mncrop/600/315/uploads/2014/06/serbetli-irmik-tatlisi-yemekcom.jpg,600,315,True,['fırın'],,,,,
586,1681,Yasemin Özaltın,https://cdn.yemek.com/author/35533/20181219061403_avatar.jpg,/profil/yasemingursurer/,En Pratik ve En Yumuşacık Kıvamlı: Ağlayan Pasta,Ağlayan Pasta,/tarif/aglayan-pasta/,25 dk,20 dk,"<p><a href=""https://yemek.com/tarif/kakaolu-islak-kek/"" target=""_blank"">Kakaolu ıslak kek</a> ya da <a href=""https://yemek.com/tarif/gercek-browni/"" target=""_blank"">brownie</a>'yi andıran kek tabanı üzerinde yer alan çırpılmış krem şanti ve akışkan çikolata sosla birlikte ağlayan pasta, oldukça davetkar! Yumuşacık keki, bol kakaolu <a href=""https://yemek.com/tarif/cikolata-sosu/#gref"">çikolata sosu</a> ve krem şantinin müthiş uyumuna şahit olacağınız bu kolay ve pratik, büyük tepside ağlayan pasta tarifini mutlaka denemelisiniz.</p>
<p>Tam kıvamında bir ağlayan pasta yapmak, o hafif ıslak dokusunu da yakalamak bazen bir hayli zor olabiliyor. Ama vereceğimiz nefis <a href=""https://yemek.com/tarif/"" target=""_blank"">tarifle</a> pastanızı kolaylıkla yapmanız mümkün. Biz klasik ağlayan pastaya kendi yorumumuzu katarak hazırladık. Siz de muhallebili ağlayan pasta,  kedi dili ağlayan pasta, çilekli ağlayan pasta, muzlu ağlayan pasta gibi farklı çeşitlerini tarifimizden yola çıkarak uyarlayabilirsiniz!</p>
<p>Küçükten büyüğe herkesin bayılarak tüketeceği, bol çikolatalı olmasına rağmen oldukça hafif olan, <a href=""https://yemek.com/tarif/pasta-tatli/"" target=""_blank"">pasta tariflerinin</a> en hüzünlüsü ağlayan pastanın videolu ve resimli tarifini aşağıya bırakıyoruz, sevdiklerinizle bu <a href=""https://yemek.com/tarif/tatli/"" target=""_blank"">tatlıyı</a> keyifle tüketmeniz dileğiyle <img src=""https://cdn.yemek.com/assets/images/smiley/smile.png"" class=""wp-smiley img-responsive"" /></p>
",recipe,"['tereyağı', 'yumurta', 'toz şeker', 'süt', 'süt', 'un', 'kabartma tozu', 'toz krem şanti', 'kakao', 'soğuk süt', 'portakal suyu', 'krema', 'bitter çikolata', 'sıvı yağ']","['Pastanın kekini hazırlamak için; karıştırma kabına alıp toz şeker ve yumurtayı aktarın.', 'Hafif beyaz bir renk alana kadar mikser yardımıyla karıştırın.', 'Süt ve ayçiçek yağı ekledikten sonra tüm sıvı malzemeleri kısa bir süre daha çırpın.', 'Un, kabartma tozu ve kakaoyu eleyin.', 'Harca ekleyin.', 'Kattığınız kek harcını mikser yardımıyla homojen bir hal alana kadar karıştırmayı sürdürün.', 'Portakal suyunu da ilave edip çırpın.', 'Isıya dayanıklı dikdörtgen bir fırın kabını tereyağıyla yağladıktan sonra kek harcını kaba aktarın. Önceden ısıtılmış 180 derece fırında yaklaşık\xa025 dakika kadar pişirin.', 'Pastanın kreması için; toz krem şantiyi, soğuk sütle çırptıktan sonra kıvam alması için buzdolabında bekletin.', 'Çikolata sosu hazırlamak için; bitter çikolatayı küçük küpler halinde kesin. Kaynatın. Soğuması için oda sıcaklığında dinlendirin.', 'Fırından çıkan kekin üzerine sütü azar azar gezdirin ve kekin içine çekmesi için kısa bir süre bekleyin.', 'Hazırladığınız krem şantiyi spatula yardımıyla kekin üzerine sürün.', 'Akışkan durumda olan oda sıcaklığındaki çikolata sosu pastanın üzerine gezdirdikten sonra dilimleyerek servis edin.', 'Üzerinden çikolata akan pastayı, arzu ettiğiniz gibi süsledikten sonra sevdiklerinizle paylaşın.']",PASTA,239b56,/tarif/pasta-tatli/,"['Tatlı', 'Pasta', 'Video']",['çay saati'],['Çay Saati'],"['Fırın', 'Tencere']",,False,1500,1200,2021-03-21T11:18:54Z,4.0,1109401,3523,False,True,True,0,,0,,,,2021/03/aglayan-pasta-yemekcom.jpg,0,0,https://cdn.yemek.com/mnresize/940/940/uploads/2021/03/aglayan-pasta-yemekcom.jpg,940,940,False,https://cdn.yemek.com/mncrop/300/200/uploads/2021/03/aglayan-pasta-yemekcom.jpg,300,200,True,https://cdn.yemek.com/mncrop/940/625/uploads/2021/03/aglayan-pasta-yemekcom.jpg,940,625,True,https://cdn.yemek.com/mncrop/620/388/uploads/2021/03/aglayan-pasta-yemekcom.jpg,620,388,True,https://cdn.yemek.com/mncrop/600/315/uploads/2021/03/aglayan-pasta-yemekcom.jpg,600,315,True,['fırın'],,,,,
587,773,evdekendinpisir,https://cdn.yemek.com/author/347367/20220304085040_avatar.jpg,/profil/evdekendinpisir/,Tam Ölçülü: Kalburabastı,Kalburabastı,/tarif/kalburabasti/,45 dk,30 dk,"<p><a href=""https://yemek.com/tarif/serbetli-tatlilarlar/"" target=""_blank"">Şerbetli tatlılar</a>dan olan kalburabastı tatlısı, ismini aldığı şeklinden dolayı hazırlaması zor gibi dursa da elinizin altında metal ya da hasır bir kalbur olduktan sonra gayet kolay aslında. <a href=""https://yemek.com/tarif/"" target=""_blank"">Yemek tariflerinin</a> tamamlayıcısı olan kalburabastı tatlı tarifini hazırlamak bu kadar basit aslında.</p>
<p>Bu nefis <a href=""https://yemek.com/tarif/tatli/"" target=""_blank"">tatlıyı</a> genelde <a href=""https://yemek.com/ramazan/"" target=""_blank"">ramazanda</a> ya da bayramda sofralarımıza konuk etmeyi çok seviyoruz ama bize kalırsa kalburabastı dilediğiniz her an mutfağınızda olmalı. Çünkü bu cevizli, irmikli ve <strong>ağızda dağılan</strong> <strong>kalburabastı tatlısı tarifi</strong> en kolay kalburabastı tariflerinden biri. Tabii sizin hamarat ellerinizden çıkması kaydıyla.</p>
<p>Unutmadan, kalbur yoksa rendenin kalın tarafını kullanabilirsiniz, aklınızda bulunsun.</p>
",recipe,"['limon suyu', 'yumurta', 'toz şeker', 'un', 'su', 'yoğurt', 'irmik', 'toz Antep fıstığı', 'limon', 'oda sıcaklığında tereyağı', 'ceviz içi', 'karbonat', 'sıvı yağ']","['Öncelikle şerbeti hazırlayın. Şeker ve suyu karıştırarak kaynamaya bırakın, kaynadıktan sonra limon suyu sıkarak kısık ateşte 10 dakika kadar kaynatmaya devam edin. Ardından ocaktan alıp ılınmaya bırakın.', 'Tatlı için, un hariç bütün malzemeleri bir araya getirin ve güzelce karıştırın.', 'Karbonatın üzerine limonu sıkın ve köpürmesini sağlayın.', 'Azar azar unu ilave edin. Kıvamına göre 3,5-4 su bardağı kadar alacaktır.', 'Ele yapışmayacak kıvama gelene kadar yoğurun.', 'Cevizden biraz daha büyük olacak şekilde parçalar koparın ve yuvarlayın. İsterseniz süzgeçte ya da kullandığımız gibi bir kesme aparatının üzerine b<span class=""il"">astı</span>rarak şekil almasını sağlayın.', 'Cevizi ortasına koyarak nazikçe birleştirin.', 'Fırın tepsinize dizin, önceden ısıtılmış fırında iyice kızarana kadar 25- 30 dakika pişirin.', 'Fırından çıkınca sıcak tatlının üzerine soğuk şerbeti dökün. Şerbeti iyice çekince servis edin. Afiyetler olsun.']",ŞERBETLİ TATLI,239b56,/tarif/serbetli-tatlilar/,"['Tatlı', 'Şerbetli Tatlı', 'Ramazan']",['çay saati'],['Çay Saati'],"['Fırın', 'Tencere']",,False,2700,1800,2022-04-27T11:10:50Z,3.0,1108463,2563,False,False,True,0,,0,,,,2022/04/kalburabasti-yeni-onecikan.jpg,0,0,https://cdn.yemek.com/mnresize/940/940/uploads/2022/04/kalburabasti-yeni-onecikan.jpg,940,940,False,https://cdn.yemek.com/mncrop/300/200/uploads/2022/04/kalburabasti-yeni-onecikan.jpg,300,200,True,https://cdn.yemek.com/mncrop/940/625/uploads/2022/04/kalburabasti-yeni-onecikan.jpg,940,625,True,https://cdn.yemek.com/mncrop/620/388/uploads/2022/04/kalburabasti-yeni-onecikan.jpg,620,388,True,https://cdn.yemek.com/mncrop/600/315/uploads/2022/04/kalburabasti-yeni-onecikan.jpg,600,315,True,,,,,,
588,302,Yasemin Özaltın,https://cdn.yemek.com/author/35533/20181219061403_avatar.jpg,/profil/yasemingursurer/,"Tüm Püf Noktalarıyla, Kolay: Şekerpare",Şekerpare,/tarif/sekerpare/,25 dk,30 dk,"<p>İrmik ile tatlanıp, kıtır bir kıvam alan tatlılarımızdan o. Evet doğru bildiniz, bayram tatlılarının da başında gelen, <a href=""https://yemek.com/tarif/serbetli-tatlilar/"" target=""_blank"">şerbetli tatlı</a> tariflerinin en sevilenlerinden şekerpare tarifinden bahsediyoruz. Pastanelerde yediğinizde tadı damağınızda kalan <strong>gerçek şekerparelerin sırları</strong>nı aldık, üzeri nefis bir şekilde kızarmış, şerbetini tam kıvamında çekmiş muhteşem bir şekerpare tatlısı hazırladık. Bu keyfe ortak olmak ve 'Şekerpare nasıl yapılır?', ""<strong>Şekerpare şerbeti nasıl yapılır?</strong>"" sorularına cevap bulmak, ""En güzel şekerpare <a href=""https://yemek.com/tarif/tatli/"" target=""_blank"">tatlısı</a> tarifini aradım aradım ama bulamadım"" diyenlerin derdine tam ölçülü ve ev yapımı bir şekerpare tarifiyle çözüm olmak istedik. İşte karşınızda, tüm püf noktalarıyla: Şekerpare <a href=""https://yemek.com/tarif/"" target=""_blank"">tarif</a>i!</p>
<p><a href=""https://yemek.com/tarif/sekerpare-2/"" target=""_blank"">Şekerpare tarifini </a>hazırlamak pek kolay, sonrası tam bir keyif... Üzerine mini mini fındıklar konan tatlılar fırında hafif bir renk alana kadar kızaracak, fırından çıkan sıcak tatlılar önceden hazırlanan soğuk şerbet azar azar eklenecek. Videolu, denenmiş en güzel şekerpare tarifi karşınızda!</p>
<p><a href=""https://yemek.com/ramazan-tatlilari/"" target=""_blank"">Ramazan sofralarında</a>, iftarda olmazsa olmaz tatlılardan biri olan şekerpare tatlısını yaparken işin biraz daha kolayına kaçmak isteyenler <a href=""https://yemek.com/tarif/kolay-sekerpare"" target=""_blank"">kolay şekerpare tarifimize</a>, klasik şekerpare tatlısı tarifi için de videolu tarifimizi davetlisiniz.</p>
",recipe,"['yumurta', 'toz şeker', 'un', 'kabartma tozu', 'su', 'irmik', 'pudra şekeri', 'fındık', 'limonun suyu', 'vanilin', 'Hindistan cevizi', 'margarin veya tuzsuz tereyağı']","['Şekerpare için öncelikle şerbeti hazırlıyoruz. 3 su bardağı suya 2 su bardağı şeker ekleyip karıştırıyoruz ve kaynamaya bırakıyoruz.', 'Kaynayan şerbetin içerisine bir iki damla limon suyu sıktıktan sonra koyu bir şerbet kıvamını alana kadar kısık ateşte bırakıyoruz ve ocaktan aldıktan sonra şerbeti ılımaya bırakıyoruz.', 'Hamurunu hazırlamak için derin bir karıştırma kasesine 1 su bardağı pudra şekeri, 125 gram margarin, 2 yumurta, 2 yemek kaşığı hindistan cevizi, 1 paket vanilin, 1 paket kabartma tozu, 4 yemek kaşığı irmik ve azar azar unu koyup güzelce yoğuruyoruz.', 'Yoğurduğumuz hamuru 15 dakika buzdolabında dinlendirdikten sonra cevizden biraz daha büyük parçalar koparıp elimizle yuvarlak şekil veriyoruz ve pişirme kağıdı serili fırın tepsisin üzerine aralıklı olarak yerleştiriyoruz.', 'Fındıkları şekerparelerin tam ortasına bastırarak yerleştiriyoruz.', 'Şekerpareleri önceden ısıtılmış 180 derece fırında 25 dakika pişiriyoruz.', 'Kurabiyeler sıcak şerbeti de soğukken şerbetini döküyoruz. Şerbeti de döktükten sonra iyice çekmesi için bekliyoruz ve servis ediyoruz. Afiyetler olsun!']",ŞERBETLİ TATLI,239b56,/tarif/serbetli-tatlilar/,"['Hamur İşi', 'Tatlı', 'Şerbetli Tatlı', 'Ramazan', 'Video']",['çay saati'],['Çay Saati'],"['Fırın', 'Tencere']",,False,1500,1800,2022-03-18T13:00:52Z,4.0,1282307,4569,False,True,True,0,,0,,,,2014/07/sekerpare-ytk-site.jpg,0,0,https://cdn.yemek.com/mnresize/940/940/uploads/2014/07/sekerpare-ytk-site.jpg,940,940,False,https://cdn.yemek.com/mncrop/300/200/uploads/2014/07/sekerpare-ytk-site.jpg,300,200,True,https://cdn.yemek.com/mncrop/940/625/uploads/2014/07/sekerpare-ytk-site.jpg,940,625,True,https://cdn.yemek.com/mncrop/620/388/uploads/2014/07/sekerpare-ytk-site.jpg,620,388,True,https://cdn.yemek.com/mncrop/600/315/uploads/2014/07/sekerpare-ytk-site.jpg,600,315,True,['fırın'],,,,,
589,3178,Cemre Özgüzel,https://cdn.yemek.com/author/109/20200211010242_avatar.jpg,/profil/cemre-ozguzel/,Oldu Bile: Üç Malzemeli Kurabiye,Üç Malzemeli Kurabiye,/tarif/uc-malzemeli-kurabiye/,20 dk,15 dk,"<p>Ayçiçek yağı, elenmiş un ve toz krem şanti. Sadece üç malzemeyle hazırlanan <a href=""https://yemek.com/tarif/un-kurabiyesi/"" target=""_blank"">un kurabiyesi</a> gevrekliğinde pratik ve ekonomik bir <a href=""https://yemek.com/tarif/kurabiye/"" target=""_blank"">kurabiye tarifi</a>. Siz çayı demleyene kadar onlar pişmiş hatta dinlenmiş olacak, mutfağı mis gibi kurabiye kokusu saracak. Sonrası tam anlamıyla keyif.</p>
<p>Dilerseniz hazırladığınız hamuru atın buzdolabına 30 dakika dinlendirin elinizle gelişi güzel minik yuvarlaklar yaparak pişirin isterseniz de kaşık yardımıyla tepsiye dizin. Karar sizin.</p>
<p>Kurabiye canavarları da sizi sevecek. Afiyetler olsun.</p>
",recipe,"['ayçiçek yağı', 'un', 'toz krem şanti']","['1 su bardağı ayçiçek yağını derin bir karıştırma kabına alın.', '1 paket toz krem şantiyi ve unun 1 bardaklık kısmını ilave ederek karıştırmaya başlayın.', '2 su bardağı unu da azar azar ilave edin ve yumuşak, ele yapışmayan bir hamur elde edene kadar yoğurun.', 'Kıvam alan hamurunuzdan ceviz büyüklüğünde parçalar alın ve elinizle yuvarlayarak şekil verin. Ardından yağlı kağıt serili bir fırın tepsinin üzerine kurabiyelerinizi aktarın. 175 derecede ısıtılmış fırında rengi hafif değişene kadar 15-20 dakika arası pişirin.', 'Çıkarıp oda sıcaklığında soğuttuktan sonra afiyetle tüketin.']",TATLI KURABİYE,239b56,/tarif/tatli-kurabiyeler/,"['Kurabiye', 'Video', 'Tatlı Kurabiye']",['pratik yemek tarifleri'],['Çay Saati'],['Fırın'],,False,1200,900,2015-08-10T11:18:13Z,4.0,1278903,3887,False,True,False,0,,0,,,,2015/08/uc-malzemeli-kurabiye-yemekcom.jpg,0,0,https://cdn.yemek.com/mnresize/940/940/uploads/2015/08/uc-malzemeli-kurabiye-yemekcom.jpg,940,940,False,https://cdn.yemek.com/mncrop/300/200/uploads/2015/08/uc-malzemeli-kurabiye-yemekcom.jpg,300,200,True,https://cdn.yemek.com/mncrop/940/625/uploads/2015/08/uc-malzemeli-kurabiye-yemekcom.jpg,940,625,True,https://cdn.yemek.com/mncrop/620/388/uploads/2015/08/uc-malzemeli-kurabiye-yemekcom.jpg,620,388,True,https://cdn.yemek.com/mncrop/600/315/uploads/2015/08/uc-malzemeli-kurabiye-yemekcom.jpg,600,315,True,,,,,,
590,2526,Yasemin Özaltın,https://cdn.yemek.com/author/35533/20181219061403_avatar.jpg,/profil/yasemingursurer/,Yumuşacık Etlerin Sırlarıyla: Hünkar Beğendi,Hünkar Beğendi,/tarif/hunkar-begendi/,1 sa,1 sa,"<p>Saray mutfağının önde gelen, hünkarın da midesini fetheden <a href=""https://yemek.com/tarif/"" target=""_blank"">yemek tariflerinden</a> biri hünkar beğendi. Pratik bir yemek tarifi sayılan, aşamaları biraz fazla olsa da lezzetli ana yemeklerden biri o! Tereyağında kavrulmuş un ve soğuk süt ilavesiyle hazırlanan beğendi bir yana dursun kısık ateşte pişen bol soğanlı et karışımı onu diğerlerinden ayırıyor. Karşınıza her haliyle övgüleri toplayacak, <a href=""https://yemek.com/tarif/et/"" target=""_blank"">et yemeklerinin</a> en görkemlisi hünkar beğendi yemeği çıkıyor.</p>
<p>Hünkarımızın bir bildiği olmalı diyerek sizi adım adım resimli ve videolu anlattığımız<strong> hünkar beğendi kebabı</strong> tarifimize alalım. ""<strong>Hünkar beğendinin yanına ne yapılır?</strong>"" diye soranlar için de cevabımız hemen tarifin sonunda. Şimdiden ellerinize sağlık diyor, lezzetine doyum olmaz hünkar beğendi tarifimize buyur ediyoruz. Yaptığım tarif en kusursuz haliyle olsun derseniz de <a href=""https://yemek.com/tarif/kusursuz-hunkar-begendi/"" target=""_blank"">kusursuz hünkar beğendi</a> tarifimize bekleriz. Keyfi ve lezzeti bol bol olsun. Afiyetler olsun!</p>
",recipe,"['tereyağı', 'sıcak su', 'tuz', 'tuz', 'süt', 'un', 'sarımsak', 'zeytinyağı', 'domates salçası', 'taze çekilmiş tane karabiber', 'kaşar peyniri', 'orta boy kuru soğan', 'orta boy domates', 'orta boy patlıcan', 'kuzu but (arzuya göre dana eti)']","['Hünkar beğendi tarifi için 4 adet orta boy patlıcana bıçakla delikler açın ve fırın tepsisine alın. 200 derecede yaklaşık 20 dakika fırınlayın.', 'Fırınlanmış patlıcanları bir kaba alın ve kabuklarının kolay soyulması için üzerini streçleyip, 15 dakika kadar bekledikten sonra kabukları soyun.', 'Bir tavada 3 yemek kaşığı zeytinyağını kızdırın. 2 adet yemeklik doğranmış kuru soğanı da üzerine ilave edip pembeleşinceye kadar kavurun.', '4 diş doğranmış sarımsağı da üzerine ekledikten sonra 600 gram kuşbaşı dana veya kuzu etini ilave edin.', ""Etler suyunu salıp çekene kadar pişmeye bırakın. 1 yemek kaşığı domates salçası, 1'er çay kaşığı tuz ve karabiber, 3 adet soyulmuş, doğranmış domates ekleyin."", '2 su bardağı sıcak su ekleyip etler yumuşayana kadar pişmeye bırakın.', 'Şimdi de beğendiyi hazırlayalım. 1 yemek kaşığı tereyağını bir tavada eritin. 1,5 yemek kaşığı unu üzerine ilave edip kokusu çıkana kadar kavurun.', ""Üzerine fırınladığınız ve kabuklarını soyduğunuz patlıcanları ekleyin. 1,5 su bardağı sütü de üzerine yavaş yavaş ilave edin ve sürekli olarak karıştırın. 1'er çay kaşığı tuz ve karabiberi de ekleyin."", 'Sonra son olarak yarım su bardağı rendelenmiş kaşar peyniri ekleyin ve karıştırıp ocaktan alın.', 'Beğendinin üzerine yumuşacık pişmiş etleri serpiştirin ve servis edin. Hünkar beğendi yemeği hazır, afiyet olsun!']",ET,239b56,/tarif/et/,"['Et', 'Ramazan', 'Video', 'Mevsiminde']","['akşam yemeği', 'öğle yemeği']","['Öğle Yemeği', 'Akşam Yemeği']",['Tencere'],['Ekonomik'],False,3600,3600,2021-03-22T08:32:29Z,4.0,1273470,10647,False,True,True,0,,0,,,,2021/03/hunkar-begendi-son-yemekcom.jpg,0,0,https://cdn.yemek.com/mnresize/940/940/uploads/2021/03/hunkar-begendi-son-yemekcom.jpg,940,940,False,https://cdn.yemek.com/mncrop/300/200/uploads/2021/03/hunkar-begendi-son-yemekcom.jpg,300,200,True,https://cdn.yemek.com/mncrop/940/625/uploads/2021/03/hunkar-begendi-son-yemekcom.jpg,940,625,True,https://cdn.yemek.com/mncrop/620/388/uploads/2021/03/hunkar-begendi-son-yemekcom.jpg,620,388,True,https://cdn.yemek.com/mncrop/600/315/uploads/2021/03/hunkar-begendi-son-yemekcom.jpg,600,315,True,"['tencere', 'bol proteinli', 'bol lifli']",,"['Haziran', 'Temmuz', 'Ağustos']",,,
591,410,Yasemin Özaltın,https://cdn.yemek.com/author/35533/20181219061403_avatar.jpg,/profil/yasemingursurer/,Yağdan Hafif: Fırında Baharatlı Patates,Fırında Baharatlı Patates,/tarif/baharatli-firin-patates/,30 dk,10 dk,"<p>Var mı patates sevmeyen? <a href=""https://yemek.com/tarif/kofte/"" target=""_blank"">Köfte</a>nin yanında patates kızartması yemeyi düşlemeyen, önceden kızarttığı patatesleri yumurtayla harmanlayıp yumurtalı patates haline getirmeyen? Yok yazın da bozuşmayalım şimdi. <a href=""https://yemek.com/tarif/kizartma/"" target=""_blank"">Kızartma</a>sı güzel olsa da bu meredin sağlıktan ödün vermeden de kızarmış patates yemek mümkün. Nasıl mı? Patatesleri fırında kızartarak elbette.</p>
<p><strong>Fırında patates kızartması tarifi</strong>nde o çok sevdiğimiz baharatları ekleyip eser miktarda <a href=""https://yemek.com/sozluk/zeytinyagi/"" target=""_blank"">zeytinyağı</a> ile harmanladığımız patates dilimlerini fırına alıyoruz. Onlar çıtır çıtır kızardıkça size de bu <a href=""https://yemek.com/tarif/atistirmaliklar/"" target=""_blank"">atıştırmalığın</a> keyfini uzun uzadıya çıkarmak kalıyor.</p>
",recipe,"['tuz', 'zeytinyağı', 'karabiber', 'biberiye', 'kekik', 'rendelenmiş sarımsak', 'büyük boy patates', 'toz kırmızı biber']","['Bir kasede zeytinyağı, tuz, toz kırmızı biber, sarımsak, kekik, taze biberiye ve karabiberi alın.', 'Tüm malzemeleri güzelce çırparak karıştırın.', 'Patatesleri elma dilim şeklinde kesin.', 'Tabanını yağlı kağıt ile kapladığınız fırın tepsisine patatesleri yayın. Hazırladığınız sosu patateslerin üzerine gezdirin ve her yerine gelecek şekilde karıştırın.', 'Önceden ısıtılmış 200 derece fırında 25- 30 dakika kızarana kadar fırından yükselen mis gibi kokuyu içinize çeke çeke bekleyin. Piştikten sonra afiyetle tüketin.']",TUZLU ATIŞTIRMALIK,239b56,/tarif/tuzlu-atistirmalik/,"['Sebze', 'Atıştırmalık', 'Video', 'Tuzlu Atıştırmalık', 'Mevsiminde']","['pratik yemek tarifleri', 'ekonomik', 'başlangıç', 'diyet']","['Öğle Yemeği', 'Akşam Yemeği']",['Fırın'],,False,1800,600,2014-08-04T13:30:26Z,4.0,1246823,7207,False,True,True,0,,0,,,,2014/08/baharatli-patates-yemekcom.jpg,0,0,https://cdn.yemek.com/mnresize/940/940/uploads/2014/08/baharatli-patates-yemekcom.jpg,940,940,False,https://cdn.yemek.com/mncrop/300/200/uploads/2014/08/baharatli-patates-yemekcom.jpg,300,200,True,https://cdn.yemek.com/mncrop/940/625/uploads/2014/08/baharatli-patates-yemekcom.jpg,940,625,True,https://cdn.yemek.com/mncrop/620/388/uploads/2014/08/baharatli-patates-yemekcom.jpg,620,388,True,https://cdn.yemek.com/mncrop/600/315/uploads/2014/08/baharatli-patates-yemekcom.jpg,600,315,True,"['vejetaryen', 'fırın', 'düşük karbonhidratlı']",,"['Haziran', 'Temmuz', 'Ağustos', 'Eylül']",,,
592,2040,Yasemin Özaltın,https://cdn.yemek.com/author/35533/20181219061403_avatar.jpg,/profil/yasemingursurer/,Üzeri Kızarmış: Fırın Sütlaç,Fırın Sütlaç,/tarif/firin-sutlac/,45 dk,30 dk,"<p><a href=""https://yemek.com/tarif/sutlu-tatlilar/"" target=""_blank"">Sütlü tatlı</a>ların en besleyici olanı, pirincin en güzel ve <a href=""https://yemek.com/tarif/tatli/"" target=""_blank"">tatlı</a> halidir <a href=""https://yemek.com/tarif/sutlac/"" target=""_blank"">sütlaç</a>. Bu sefer bizim yaptığımız gibi tarifinde küçük bir farklılık yapıp yumurta sarısı ilavesiyle pişirdiğinizde ve porsiyonluk fırın kaplarında pişirme işlemini sürdürdüğünüzde fırın sütlaç göz kırpar size.</p>
<p>Tarçın ilavesi ile soğuk soğuk yendiğinde tadına doyum olmaz. <strong>Tam ölçülü ve kıvamı asla şaşmayan</strong> bir <a href=""https://yemek.com/tarif/"" target=""_blank"">tarif</a> üstelik. Bir yiyenin lezzetine hayran kalacağı fırın sütlaçlar karşınızda! Bir kase yesek mi?</p>
",recipe,"['pirinç', 'toz şeker', 'süt', 'su', 'su', 'yumurta sarısı', 'buğday nişastası', 'vanilin']","['Fırın sütlaç için öncelikle bol suda yıkadığınız pirinçleri; bir tencerede, 2 su bardağı suyu ekleyerek orta ateşte suyunu çekene kadar haşlayın.', 'Soğuk süt ve toz şekeri ayrı bir geniş tencereye alın.\xa0Bir çırpma teliyle toz şeker eriyene kadar karıştırdıktan sonra ocağa alın. Kısık ateşte kaynamaya bırakın.', 'Vanilini toz şeker eriğinde süte ekleyin.', 'Haşlanan pirinçleri ocaktan alın ve fazla suyu kaldıysa süzün.', '1-2 dakika kadar kaynayan şekerli süte haşlanmış pirinçleri ilave edin.', 'Yumurta sarısını, buğday nişastası ve 1 bardak su ilavesiyle ayrı bir kabın içerisine alın.', 'Pürüzsüz bir kıvam alana kadar karıştırın.', 'Yumurta sarısının kesilmemesi için; kısık ateşte kaynamakta olan süt karışımından alıp nişastalı karışımı ılıştırın.', 'Hazırladığınız yumurta sarılı karışımı sütlaç tenceresine azar azar katıp hızlıca karıştırın.', 'Kıvam alan sütlacı, ısıya dayanıklı porsiyonluk güveç kaplarına eşit ölçüde boşaltın.', 'Sütlaç kaselerini, derin bir fırın tepsisine aralıklı olarak dizin. Kapların yarısına gelecek kadar soğuk suyu, sütlaçlara değdirmeden tepsiye dökün.', 'Fırına verdiğiniz sütlaçları, önceden ısıtılmış 200 derece fırında 12-15 dakika kadar pişirin.', 'Fırından bir mutfak eldiveni yardımıyla çıkardığınız sütlaç kaselerini, oda ısısında soğuttuktan sonra buzdolabına kaldırın. Soğuttuktan sonra fırın sütlaçları sevdiklerinizle paylaşın.']",SÜTLÜ TATLI,239b56,/tarif/sutlu-tatlilar/,"['Tatlı', 'Ramazan', 'Sütlü Tatlı', 'Video']","['ekonomik', 'ara öğün', 'çay saati']","['Ara Öğün', 'Çay Saati']","['Fırın', 'Tencere']",,False,2700,1800,2019-05-02T08:14:33Z,4.0,1200815,6587,False,True,True,0,,0,,,,2015/03/ytk-firin-sutlac-site.jpg,0,0,https://cdn.yemek.com/mnresize/940/940/uploads/2015/03/ytk-firin-sutlac-site.jpg,940,940,False,https://cdn.yemek.com/mncrop/300/200/uploads/2015/03/ytk-firin-sutlac-site.jpg,300,200,True,https://cdn.yemek.com/mncrop/940/625/uploads/2015/03/ytk-firin-sutlac-site.jpg,940,625,True,https://cdn.yemek.com/mncrop/620/388/uploads/2015/03/ytk-firin-sutlac-site.jpg,620,388,True,https://cdn.yemek.com/mncrop/600/315/uploads/2015/03/ytk-firin-sutlac-site.jpg,600,315,True,['fırın'],,,,,
593,85,Yasemin Özaltın,https://cdn.yemek.com/author/35533/20181219061403_avatar.jpg,/profil/yasemingursurer/,Terbiyesinin Kesilme Derdi Yok: Yayla Çorbası,Yayla Çorbası,/tarif/yayla-corbasi/,35 dk,15 dk,"<p>Yayla çorbasının tadına varmak için yaz ya da kış fark etmez! Anadolu’nun geleneksel çorbalarından ve <a href=""https://yemek.com/tarif/"" target=""_blank"">yemek tariflerinden</a> biri olan bu lezzet size de nane <strong>ferahlığını</strong> çağrıştırmıyor mu?</p>
<p><a href=""https://yemek.com/tarif/kahvaltiliklar/"" target=""_blank"">Kahvaltı</a>dan akşam yemeğine günün her saati tüketebileceğiniz bu <strong>pratik</strong> ve besleyici <a href=""https://yemek.com/tarif/corba/"" target=""_blank"">çorba tarifi</a>ni püf noktalarına dikkat ederek birlikte hazırlayalım.</p>
<p>En güzel çorba <strong>tariflerinden</strong> biri olan yayla çorbası tarifinde bulunan yoğurt sayesinde bir vitamin kaynağıdır. Hatta bu yüzden yoğurt çorbası olarak bile anılır.</p>
<p>Pirinçli, yoğurtlu bu yayla çorbasının tarifi hem videolu hem de adım adım resimli olarak tüm <strong>püf noktalarıyla</strong> karşınızda. Farklı yayla çorbası tarifi arayanlar için <a href=""https://yemek.com/tarif/yumurtasiz-yayla-corbasi/"" target=""_blank"">yumurtasız yayla çorbası</a> ve <a href=""https://yemek.com/tarif/kolay-yayla-corbasi/"" target=""_blank"">kolay yayla çorbası</a> tarifimizi de öneririz.</p>
",recipe,"['pirinç', 'tereyağı', 'tuz', 'pul biber', 'un', 'su', 'yoğurt', 'yumurta sarısı', 'zeytinyağı', 'kuru nane', 'limonun suyu']","['Çorbayı pişireceğiniz tencereye 2 su bardağı yoğurt, 1,5 yemek kaşığı un, 2 yemek kaşığı limon suyu ekleyip pürüzsüz bir kıvama gelene kadar karıştırın.', '1 yumurta sarısını da karışımın üzerine ekledikten sonra tekrar karıştırın.', '6 su bardağı soğuk suyu da ilave edip orta ateşte kaynamaya bırakın.', 'Çorba kaynamaya başlayınca yıkayıp süzdüğünüz 1 çay bardağı pirinci ekleyin ve tekrar kaynamaya bırakın.', ""Bu sırada ayrı bir tavada 2'şer yemek kaşığı zeytinyağı ve tereyağını kızdırın. 1 yemek kaşığı kuru naneyi de üzerine ekleyip karıştırın ve ocaktan alın."", 'Hazırladığınız yağı kaynamakta olan çorbanın üzerine dökün. Pul biberi ve tuzu da ekleyin.', 'Güzelce karıştırıp ocağın altını kapatın.', 'Yayla çorbanız hazır, afiyet olsun!']",ÇORBA,,/tarif/corba/,"['Çorba', 'Ramazan', 'Video']","['pratik yemek tarifleri', 'ekonomik', 'başlangıç', 'akşam yemeği', 'öğle yemeği']","['Başlangıç', 'Öğle Yemeği', 'Ara Öğün', 'Akşam Yemeği']",['Tencere'],"['Ekonomik', 'Vejetaryen', 'Düşük Karbonhidratlı']",False,2100,900,2019-05-17T08:15:01Z,4.0,1190925,10054,False,True,True,0,,0,,,,2014/06/yayla-corbasi-yemekcom.jpg,0,0,https://cdn.yemek.com/mnresize/940/940/uploads/2014/06/yayla-corbasi-yemekcom.jpg,940,940,False,https://cdn.yemek.com/mncrop/300/200/uploads/2014/06/yayla-corbasi-yemekcom.jpg,300,200,True,https://cdn.yemek.com/mncrop/940/625/uploads/2014/06/yayla-corbasi-yemekcom.jpg,940,625,True,https://cdn.yemek.com/mncrop/620/388/uploads/2014/06/yayla-corbasi-yemekcom.jpg,620,388,True,https://cdn.yemek.com/mncrop/600/315/uploads/2014/06/yayla-corbasi-yemekcom.jpg,600,315,True,"['tencere', 'düşük karbonhidratlı']",greenLight,,,,
594,761,Yasemin Özaltın,https://cdn.yemek.com/author/35533/20181219061403_avatar.jpg,/profil/yasemingursurer/,Anne Usulü: Karnıyarık,Karnıyarık,/tarif/karniyarik/,50 dk,30 dk,"<p>Sofraların olmazsa olmazı, <a href=""https://yemek.com/tarif/pirinc-pilavi/"" target=""_blank"" rel=""noopener"">pilavın</a> sevdalısı, <a href=""https://yemek.com/tarif/cacik/"" target=""_blank"" rel=""noopener"">cacığın</a> en iyi dostu, <a href=""https://yemek.com/tarif/"" target=""_blank"" rel=""noopener"">yemek tariflerinin</a> gözdesi, anneye bolca sipariş verilen karnıyarık hazırlıyoruz. Duymayan kalmasın. Arzu eden bize katılsın. Patlıcanları kızartmak istemeyen fırınını önceden ısıtsın.</p>
<p>Karnıyarık tarifinde başrol malzememiz her zaman olduğu gibi sebzelerin en çok kıskanılanı patlıcan. Kendisi malumunuz üzerine binlerce yazıda en çok sevilen sebze olarak yer almıştır. Yine karnıyarık tarifinde öne çıkan bir diğer malzeme ise, karnıyarığı imam bayıldıdan ayıran kıyma. Kendisi karnıyarık tarifini de lezzet getiriyor.</p>
<p>Biz de bu <strong>fırında karnıyarık</strong> tarifinde karnıyarık içinin tencerede nasıl hazırlanacağından karnıyarık yemeğinin adım adım resimli aşamalarıyla nasıl yapıldığına hepsini tek tek anlatmak istedik.</p>
<p>Vejetaryen karnıyarık olan <a href=""https://yemek.com/imam-bayildinin-hikayesi/"" target=""_blank"" rel=""noopener"">imam bayıldı</a> gibi hikayelere konuk olmasa da kendisi başlı başına bir hikaye karnıyarığın. İnanmayan pilava, cacığa, yanında kırılan soğana sorsun. Tüm lokanta yemekleri tarifleri karnıyarığa olan aşkını anlatacaktır.</p>
<p>O yüzden hazır edin patlıcanı, <a href=""https://yemek.com/tarif/kiyma-kavurma/"" target=""_blank"" rel=""noopener"">kıyma</a>yı, soğanı, zeytinyağını bu akşam misler gibi karnıyarık yapmak için mutfağa giresimiz var.</p>
<p>Yapanların ellerine sağlık.</p>",recipe,"['biber salçası', 'tuz', 'ayçiçek yağı', 'sarımsak', 'maydanoz', 'zeytinyağı', 'karabiber', 'domates salçası', 'domates', 'yeşil biber', 'kıyma', 'büyük boy kuru soğan', 'orta boy patlıcan', 'orta boy yeşil sivri biber']","['<p>Bol suda yıkadığınız patlıcanları, pijamalı şekilde soyun ve tuzlu suda bekletin. 3 yemek kaşığı zeytinyağını bir tavada kızdırın. Yemeklik doğradığınız 1 adet soğanı da üzerine ekleyip pembeleşene kadar kavurun. 2 adet doğranmış yeşil biberi ilave edip kavurmaya devam edin.</p>', '<p>350 gram orta yağlı kıymayı da ekleyin ve kavrulmakta olan soğanlarla birlikte renk alıp, suyunu çekene kadar pişirin.</p>', ""<p>Aralarda karıştırıp pişirme işlemine devam ederek sırasıyla; 2 diş sarımsak, yarım tatlı kaşığı domates salçası, yarım tatlı kaşığı biber salçası, 1'er çay kaşığı tuz ve karabiber ekleyin.\xa0</p>"", '<p>2 adet küp doğranmış domatesi ekleyin, 5 dakika kadar pişirdikten sonra ocağın altını kısın ve bir avuç doğranmış maydanozu ekleyip son kez karıştırarak ocaktan alın.</p>', '<p>Acısını alıp, pijamalı soyduğunuz 6 adet patlıcanı kızartın.</p>', '<p>Fırına dayanıklı bir kaba yerleştirin.</p>', '<p>Orta kısımlarından patlıcanları yarın.</p>', '<p>Hazırladığınız iç harçtan bol bol ekleyin.</p>', '<p>Patlıcanların üzerine birer cherry domates ve biber dilimleri ekleyin.</p>', '<p>Karnıyarıkları önceden ısıtılmış 170 derece fırında 20-25 dakika kadar pişirdikten sonra, sıcak olarak, dilerseniz tereyağlı pirinç pilavı eşliğinde servis edin, afiyet olsun!</p>']",SEBZE,239b56,/tarif/sebze/,"['Sebze', 'Ramazan', 'Video', 'Sulu Yemek', 'Mevsiminde']",,"['Öğle Yemeği', 'Akşam Yemeği']","['Fırın', 'Kızartma', 'Tencere']",,False,3000,1800,2019-05-14T11:19:27Z,4.0,1185751,6345,False,True,True,0,,0,,,,2014/10/karniyarik-yemekcom.jpg,0,0,https://cdn.yemek.com/mnresize/940/940/uploads/2014/10/karniyarik-yemekcom.jpg,940,940,False,https://cdn.yemek.com/mncrop/300/200/uploads/2014/10/karniyarik-yemekcom.jpg,300,200,True,https://cdn.yemek.com/mncrop/940/625/uploads/2014/10/karniyarik-yemekcom.jpg,940,625,True,https://cdn.yemek.com/mncrop/620/388/uploads/2014/10/karniyarik-yemekcom.jpg,620,388,True,https://cdn.yemek.com/mncrop/600/315/uploads/2014/10/karniyarik-yemekcom.jpg,600,315,True,,,"['Haziran', 'Temmuz', 'Ağustos']",,,
595,24660,Yasemin Özaltın,https://cdn.yemek.com/author/35533/20181219061403_avatar.jpg,/profil/yasemingursurer/,Evdeki Malzemelerle: Fincan Tatlısı,Fincan Tatlısı,/tarif/fincan-tatlisi/,15 dk,5 dk,"<p>Pratik lezzetlerden vazgeçemeyenlere, yemeklerin sunumuna önem verenlere müjdemiz var! Evdeki malzemelerle hızlıca yapabileceğiniz fincan tatlısı, Hindistan cevizi ve meyveler ile süslenerek adeta evde bir dekor olarak kullanabileceğiniz güzellikte oluyor. Yemeyip yanında yatasınız geliyor <img src=""https://cdn.yemek.com/assets/images/smiley/smile.png"" class=""wp-smiley img-responsive"" /></p>
<p>Bu pratik <a href=""https://yemek.com/tarif/"" target=""_blank"">tarifte</a> zevkinize göre değişiklikler yapabilirsiniz. Çoğunlukla vanilya aromalı hazırlanan muhallebiyi dilerseniz kakaolu, çilekli veya muzlu yaparak, farklı ve şık bir sunum elde edebilirsiniz. Hatta iki renkli hazırlamak bile müthiş bir hava katacaktır. Videoyu aşağıya iliştirdik. Çay saatleriniz ve özel davetleriniz için oldukça kolay hazırlanacak bu <a href=""https://yemek.com/tarif/sutlu-tatlilar/"" target=""_blank"">sütlü</a> <a href=""https://yemek.com/tarif/tatli/"" target=""_blank"">tatlıyı</a> mutlaka denemenizi öneriyoruz. Afiyet olsun!</p>
",recipe,"['toz şeker', 'süt', 'un', 'margarin', 'çilek (arzuya göre muz)', 'vanilin', 'Hindistan cevizi rendesi']","['Derin bir tencereye süt, un ve şekeri ekleyip çırpma teli yardımıyla karıştırarak muhallebi kıvamına gelene kadar pişirin.', 'Muhallebi koyu kıvam alıp göz göz\xa0 fokurdamaya başlayınca margarin ve vanilini ekleyin ve tekrar karıştırın.Pişen muhallebiyi ocaktan alın.', 'Orta boy kahve fincanına 2 parmak boşluk bırakacak şekilde, kepçe yardımıyla muhallebiyi dökün.', 'Fincandaki muhallebileri önce oda sıcaklığına getirdikten sonra buzdolabında en az 4 saat soğumaya bırakın.', 'Soğuyan muhallebileri fincandan yavaşça çıkarın ve Hindistan cevizine bulayın.', 'Hindistan cevizine bulanan muhallebileri servis tabağına alın ve üzerini dilediğiniz meyve ile süsleyip servis edin.']",SÜTLÜ TATLI,239b56,/tarif/sutlu-tatlilar/,"['Tatlı', 'Sütlü Tatlı', 'Video']","['ekonomik', 'çay saati']",['Çay Saati'],['Tencere'],"['Ekonomik', 'Vejetaryen', 'Bol Proteinli']",False,900,300,2020-11-09T07:31:32Z,4.0,1167935,7485,False,True,True,0,,0,,,,2017/10/fincan-tatlisi-tarifi.jpg,0,0,https://cdn.yemek.com/mnresize/940/940/uploads/2017/10/fincan-tatlisi-tarifi.jpg,940,940,False,https://cdn.yemek.com/mncrop/300/200/uploads/2017/10/fincan-tatlisi-tarifi.jpg,300,200,True,https://cdn.yemek.com/mncrop/940/625/uploads/2017/10/fincan-tatlisi-tarifi.jpg,940,625,True,https://cdn.yemek.com/mncrop/620/388/uploads/2017/10/fincan-tatlisi-tarifi.jpg,620,388,True,https://cdn.yemek.com/mncrop/600/315/uploads/2017/10/fincan-tatlisi-tarifi.jpg,600,315,True,['tencere'],,,,,
596,119,Yasemin Özaltın,https://cdn.yemek.com/author/35533/20181219061403_avatar.jpg,/profil/yasemingursurer/,Tam Ölçülü Mükemmel Lezzet: Şerbetli İrmik Tatlısı,Şerbetli İrmik Tatlısı,/tarif/serbetli-irmik-tatlisi/,1 sa,20 dk,"<p>İrmik tatlısının ne kadar efsane bir lezzet olduğuna değinmiş ve <a href=""https://yemek.com/tarif/irmik-tatlisi/"" target=""_blank"">irmik tatlısı tarifi</a>ni sizlerle paylaşmıştık. İrmik tatlısının lezzetini bir kat daha arttırmak ve damaklarda kalıcı bir tat bırakmak üzere bu sefer tarifine şerbet ekliyor ve fırında pişiriyoruz. <a href=""https://yemek.com/tarif/tatli/"" target=""_blank"">Tatlı tarifleri</a> arasında ona ayrı bir yer ayıracaksınız. <a href=""https://yemek.com/az-malzemeli-serbetli-tatlilar/"" target=""_blank"">Az malzemeli şerbetli tatlılar</a> arasında en çok sevilen tatlılardan biri olmaya da aday kendileri. Karşınızda çay saatlerinizin vazgeçilmezlerinden biri olacak şerbetli irmik tatlısı tarifi!</p>
<p>Mutfağa yeni yeni girmeye başlayanların bile kolaylıkla yapabileceği bir tarif üstelik. Sünger gibi kıvamı sayesinde tüm şerbetini içine çekiyor. Yumuşacık dokulu mükemmel bir lezzete dönüşüyor. Dilerseniz üzerine fıstık, file badem gibi malzemeler ilave ederek süsleyebilirsiniz. Çayınızın yanına hemen hazır! Şimdiden ellerinize sağlık.</p>
<p>Adım adım resimli ve videolu anlatımıyla irmik tatlısı <a href=""https://yemek.com/tarif/"" target=""_blank"">tarifi</a> karşınızda!</p>
<p>İrmikli tatlı tarifleri arasında özel bir yere koyacağınız <a href=""https://yemek.com/tarif/serbetli-tatlilar/"" target=""_blank"">şerbetli</a> irmik tatlısından sonra daha hafif bir alternatif isterseniz <a href=""https://yemek.com/tarif/sutlu-irmik-tatlisi/"" target=""_blank"">sütlü irmik tatlısına</a> da şans verebilirsiniz.</p>
",recipe,"['tereyağı', 'limon suyu', 'yumurta', 'toz şeker', 'toz şeker', 'süt', 'un', 'kabartma tozu', 'su', 'yoğurt', 'irmik', 'vanilin']","['3 adet yumurta, 9 yemek kaşığı toz şeker ve 1 çay bardağı yoğurdu derin bir kapta mikser yardımıyla toz şeker eriyene kadar çırpın.', '1 su bardağı süt, 1 paket vanilini ekleyin.', '1,5 su bardağı elenmiş un, 9 yemek kaşığı irmik ve 1 paket kabartma tozunu sırasıyla ekleyin.\xa0 Ardından güzelce karıştırın.', 'Fırın kabını tereyağı ile yağlayın ve tatlı harcını kalıba aldıktan sonra üzerini bir spatula yardımıyla düzeltin.', 'Tatlıyı önceden ısıtılmış 175 derece fırında 35 dakika kadar pişirin.', 'Tatlının şerbeti için; 2 su bardağı toz şeker ve 2 su bardağı suyu 10 dakika kadar kaynatın. 3-4 damla limon suyunu katın ve kaynayan şerbeti 5 dakika sonra ocaktan alın, ılınması için bekletin.', 'Fırından aldığınız sıcak tatlının üzerine ılık şerbeti dökün, şerbetini içine çekmesi için 10 dakika kadar bekledikten.', 'Sonra dilimleyin.', 'Ardından servis edin.\xa0Afiyet olsun!']",ŞERBETLİ TATLI,239b56,/tarif/serbetli-tatlilar/,"['Tatlı', 'Şerbetli Tatlı', 'Ramazan', 'Video']","['ekonomik', 'çay saati']",['Çay Saati'],"['Fırın', 'Tencere']","['Ekonomik', 'Vejetaryen']",False,3600,1200,2019-05-06T08:58:21Z,4.0,1133250,2164,False,True,True,0,,0,,,,2014/06/serbetli-irmik-tatlisi-yemekcom.jpg,0,0,https://cdn.yemek.com/mnresize/940/940/uploads/2014/06/serbetli-irmik-tatlisi-yemekcom.jpg,940,940,False,https://cdn.yemek.com/mncrop/300/200/uploads/2014/06/serbetli-irmik-tatlisi-yemekcom.jpg,300,200,True,https://cdn.yemek.com/mncrop/940/625/uploads/2014/06/serbetli-irmik-tatlisi-yemekcom.jpg,940,625,True,https://cdn.yemek.com/mncrop/620/388/uploads/2014/06/serbetli-irmik-tatlisi-yemekcom.jpg,620,388,True,https://cdn.yemek.com/mncrop/600/315/uploads/2014/06/serbetli-irmik-tatlisi-yemekcom.jpg,600,315,True,['fırın'],,,,,
597,1681,Yasemin Özaltın,https://cdn.yemek.com/author/35533/20181219061403_avatar.jpg,/profil/yasemingursurer/,En Pratik ve En Yumuşacık Kıvamlı: Ağlayan Pasta,Ağlayan Pasta,/tarif/aglayan-pasta/,25 dk,20 dk,"<p><a href=""https://yemek.com/tarif/kakaolu-islak-kek/"" target=""_blank"">Kakaolu ıslak kek</a> ya da <a href=""https://yemek.com/tarif/gercek-browni/"" target=""_blank"">brownie</a>'yi andıran kek tabanı üzerinde yer alan çırpılmış krem şanti ve akışkan çikolata sosla birlikte ağlayan pasta, oldukça davetkar! Yumuşacık keki, bol kakaolu <a href=""https://yemek.com/tarif/cikolata-sosu/#gref"">çikolata sosu</a> ve krem şantinin müthiş uyumuna şahit olacağınız bu kolay ve pratik, büyük tepside ağlayan pasta tarifini mutlaka denemelisiniz.</p>
<p>Tam kıvamında bir ağlayan pasta yapmak, o hafif ıslak dokusunu da yakalamak bazen bir hayli zor olabiliyor. Ama vereceğimiz nefis <a href=""https://yemek.com/tarif/"" target=""_blank"">tarifle</a> pastanızı kolaylıkla yapmanız mümkün. Biz klasik ağlayan pastaya kendi yorumumuzu katarak hazırladık. Siz de muhallebili ağlayan pasta,  kedi dili ağlayan pasta, çilekli ağlayan pasta, muzlu ağlayan pasta gibi farklı çeşitlerini tarifimizden yola çıkarak uyarlayabilirsiniz!</p>
<p>Küçükten büyüğe herkesin bayılarak tüketeceği, bol çikolatalı olmasına rağmen oldukça hafif olan, <a href=""https://yemek.com/tarif/pasta-tatli/"" target=""_blank"">pasta tariflerinin</a> en hüzünlüsü ağlayan pastanın videolu ve resimli tarifini aşağıya bırakıyoruz, sevdiklerinizle bu <a href=""https://yemek.com/tarif/tatli/"" target=""_blank"">tatlıyı</a> keyifle tüketmeniz dileğiyle <img src=""https://cdn.yemek.com/assets/images/smiley/smile.png"" class=""wp-smiley img-responsive"" /></p>
",recipe,"['tereyağı', 'yumurta', 'toz şeker', 'süt', 'süt', 'un', 'kabartma tozu', 'toz krem şanti', 'kakao', 'soğuk süt', 'portakal suyu', 'krema', 'bitter çikolata', 'sıvı yağ']","['Pastanın kekini hazırlamak için; karıştırma kabına alıp toz şeker ve yumurtayı aktarın.', 'Hafif beyaz bir renk alana kadar mikser yardımıyla karıştırın.', 'Süt ve ayçiçek yağı ekledikten sonra tüm sıvı malzemeleri kısa bir süre daha çırpın.', 'Un, kabartma tozu ve kakaoyu eleyin.', 'Harca ekleyin.', 'Kattığınız kek harcını mikser yardımıyla homojen bir hal alana kadar karıştırmayı sürdürün.', 'Portakal suyunu da ilave edip çırpın.', 'Isıya dayanıklı dikdörtgen bir fırın kabını tereyağıyla yağladıktan sonra kek harcını kaba aktarın. Önceden ısıtılmış 180 derece fırında yaklaşık\xa025 dakika kadar pişirin.', 'Pastanın kreması için; toz krem şantiyi, soğuk sütle çırptıktan sonra kıvam alması için buzdolabında bekletin.', 'Çikolata sosu hazırlamak için; bitter çikolatayı küçük küpler halinde kesin. Kaynatın. Soğuması için oda sıcaklığında dinlendirin.', 'Fırından çıkan kekin üzerine sütü azar azar gezdirin ve kekin içine çekmesi için kısa bir süre bekleyin.', 'Hazırladığınız krem şantiyi spatula yardımıyla kekin üzerine sürün.', 'Akışkan durumda olan oda sıcaklığındaki çikolata sosu pastanın üzerine gezdirdikten sonra dilimleyerek servis edin.', 'Üzerinden çikolata akan pastayı, arzu ettiğiniz gibi süsledikten sonra sevdiklerinizle paylaşın.']",PASTA,239b56,/tarif/pasta-tatli/,"['Tatlı', 'Pasta', 'Video']",['çay saati'],['Çay Saati'],"['Fırın', 'Tencere']",,False,1500,1200,2021-03-21T11:18:54Z,4.0,1109401,3523,False,True,True,0,,0,,,,2021/03/aglayan-pasta-yemekcom.jpg,0,0,https://cdn.yemek.com/mnresize/940/940/uploads/2021/03/aglayan-pasta-yemekcom.jpg,940,940,False,https://cdn.yemek.com/mncrop/300/200/uploads/2021/03/aglayan-pasta-yemekcom.jpg,300,200,True,https://cdn.yemek.com/mncrop/940/625/uploads/2021/03/aglayan-pasta-yemekcom.jpg,940,625,True,https://cdn.yemek.com/mncrop/620/388/uploads/2021/03/aglayan-pasta-yemekcom.jpg,620,388,True,https://cdn.yemek.com/mncrop/600/315/uploads/2021/03/aglayan-pasta-yemekcom.jpg,600,315,True,['fırın'],,,,,
598,773,evdekendinpisir,https://cdn.yemek.com/author/347367/20220304085040_avatar.jpg,/profil/evdekendinpisir/,Tam Ölçülü: Kalburabastı,Kalburabastı,/tarif/kalburabasti/,45 dk,30 dk,"<p><a href=""https://yemek.com/tarif/serbetli-tatlilarlar/"" target=""_blank"">Şerbetli tatlılar</a>dan olan kalburabastı tatlısı, ismini aldığı şeklinden dolayı hazırlaması zor gibi dursa da elinizin altında metal ya da hasır bir kalbur olduktan sonra gayet kolay aslında. <a href=""https://yemek.com/tarif/"" target=""_blank"">Yemek tariflerinin</a> tamamlayıcısı olan kalburabastı tatlı tarifini hazırlamak bu kadar basit aslında.</p>
<p>Bu nefis <a href=""https://yemek.com/tarif/tatli/"" target=""_blank"">tatlıyı</a> genelde <a href=""https://yemek.com/ramazan/"" target=""_blank"">ramazanda</a> ya da bayramda sofralarımıza konuk etmeyi çok seviyoruz ama bize kalırsa kalburabastı dilediğiniz her an mutfağınızda olmalı. Çünkü bu cevizli, irmikli ve <strong>ağızda dağılan</strong> <strong>kalburabastı tatlısı tarifi</strong> en kolay kalburabastı tariflerinden biri. Tabii sizin hamarat ellerinizden çıkması kaydıyla.</p>
<p>Unutmadan, kalbur yoksa rendenin kalın tarafını kullanabilirsiniz, aklınızda bulunsun.</p>
",recipe,"['limon suyu', 'yumurta', 'toz şeker', 'un', 'su', 'yoğurt', 'irmik', 'toz Antep fıstığı', 'limon', 'oda sıcaklığında tereyağı', 'ceviz içi', 'karbonat', 'sıvı yağ']","['Öncelikle şerbeti hazırlayın. Şeker ve suyu karıştırarak kaynamaya bırakın, kaynadıktan sonra limon suyu sıkarak kısık ateşte 10 dakika kadar kaynatmaya devam edin. Ardından ocaktan alıp ılınmaya bırakın.', 'Tatlı için, un hariç bütün malzemeleri bir araya getirin ve güzelce karıştırın.', 'Karbonatın üzerine limonu sıkın ve köpürmesini sağlayın.', 'Azar azar unu ilave edin. Kıvamına göre 3,5-4 su bardağı kadar alacaktır.', 'Ele yapışmayacak kıvama gelene kadar yoğurun.', 'Cevizden biraz daha büyük olacak şekilde parçalar koparın ve yuvarlayın. İsterseniz süzgeçte ya da kullandığımız gibi bir kesme aparatının üzerine b<span class=""il"">astı</span>rarak şekil almasını sağlayın.', 'Cevizi ortasına koyarak nazikçe birleştirin.', 'Fırın tepsinize dizin, önceden ısıtılmış fırında iyice kızarana kadar 25- 30 dakika pişirin.', 'Fırından çıkınca sıcak tatlının üzerine soğuk şerbeti dökün. Şerbeti iyice çekince servis edin. Afiyetler olsun.']",ŞERBETLİ TATLI,239b56,/tarif/serbetli-tatlilar/,"['Tatlı', 'Şerbetli Tatlı', 'Ramazan']",['çay saati'],['Çay Saati'],"['Fırın', 'Tencere']",,False,2700,1800,2022-04-27T11:10:50Z,3.0,1108463,2563,False,False,True,0,,0,,,,2022/04/kalburabasti-yeni-onecikan.jpg,0,0,https://cdn.yemek.com/mnresize/940/940/uploads/2022/04/kalburabasti-yeni-onecikan.jpg,940,940,False,https://cdn.yemek.com/mncrop/300/200/uploads/2022/04/kalburabasti-yeni-onecikan.jpg,300,200,True,https://cdn.yemek.com/mncrop/940/625/uploads/2022/04/kalburabasti-yeni-onecikan.jpg,940,625,True,https://cdn.yemek.com/mncrop/620/388/uploads/2022/04/kalburabasti-yeni-onecikan.jpg,620,388,True,https://cdn.yemek.com/mncrop/600/315/uploads/2022/04/kalburabasti-yeni-onecikan.jpg,600,315,True,,,,,,
599,696,Yasemin Özaltın,https://cdn.yemek.com/author/35533/20181219061403_avatar.jpg,/profil/yasemingursurer/,En Garanti Tarif: Tas Kebabı,Tas Kebabı,/tarif/tas-kebabi/,50 dk,20 dk,"<p>Suyuna ekmek banılacak yemekleri sevenler ve <a href=""https://yemek.com/tarif/et"" target=""_blank"">etten</a> vazgeçemeyenler için bir klasiktir tas kebabı tarifi. Olmazsa olmazı dana eti, soğan ve suyuna lezzet veren salçadır. Daha da bereketli ve doyurucu hale gelmesi adına içerisine patates ve havuç gibi kök sebzeler eklenir.</p>
<p>Kuşbaşı dana etiyle yapılan en güzel yemeklerden olan, sulu et yemeklerinin en sevileni tas kebabında etleri yumuşacık, lokum gibi pişiriyoruz. Tüm püf noktalarını da sesli olarak videomuzda adım adım anlatıyoruz.</p>
<p>Ayrıca sevdiğiniz baharatları eklemek ve lezzetine lezzet katmak elinizde. Tas kebabını çok sayıda rendelenmiş kuru soğan, salça ve belli başlı baharatlar ile de hazırlayanlar var, yok değil. Belki siz onlardan birisiniz ama tarifi bir de böyle deneyin, yorumlarınızı bizlerle paylaşın.</p>
<p>Küçük bir hatırlatma: Yanına da <a href=""https://yemek.com/tarif/pirinc-pilavi"" target=""_blank"">pirinç pilavı</a> yapmayı unutmayın.</p>
<p>Küçük bir hatırlatma daha, farklı yemek tarifleri için: <a href=""https://yemek.com/tarif/"" target=""_blank"">Yemek Tarifleri</a></p>
",recipe,"['tereyağı', 'sıcak su', 'tuz', 'ayçiçek yağı', 'un', 'sarımsak', 'orta boy havuç', 'orta boy patates', 'orta boy kuru soğan', 'tane karabiber', 'kuşbaşı dana eti', 'kaşığı domates salçası']","['1 yemek kaşığı sıvı yağ ve 2 yemek kaşığı tereyağını tencerede kızdırın.Üzerine 800 gram dana kuşbaşı etini ekleyin ve etler suyunu salıp çekene kadar\xa0kavurun.', 'Yemeklik doğranmış 1 adet soğanı ve 3 diş doğranmış sarımsağı da ekledikten sonra etlerle beraber kavurmaya devam edin.', 'Bu aşamada ekleyeceğiniz 1 yemek kaşığı unu, kokusu çıkana kadar yaklaşık 2-3 dakika etlerle birlikte kavurun. 1 tatlı kaşığı salçayı ekleyin ve karıştırın.', 'Ardından 1 tatlı kaşığı tuz, 1 adet küp doğranmış patates, 1 adet küp doğranmış havuç ve 1 çay kaşığı karabiberi de ekleyip 3 su bardağı su ilave\xa0edin.', 'Kapağını kapattığınız tencerede, kısık ateşte 30 dakika kadar pişirin.', 'Kıvamlı bir sos halini alan suyu ve sebzelerle birlikte pişen eti, sıcak olarak bekletmeden servis edin. Afiyetler olsun!']",ET,239b56,/tarif/et/,"['Et', 'Ramazan', 'Video']","['akşam yemeği', 'öğle yemeği']",['Akşam Yemeği'],['Ocak'],,False,3000,1200,2021-03-24T08:00:17Z,4.0,1107172,7329,False,True,True,0,,0,,,,2014/10/tas-kebabi-yemekcom.jpg,0,0,https://cdn.yemek.com/mnresize/940/940/uploads/2014/10/tas-kebabi-yemekcom.jpg,940,940,False,https://cdn.yemek.com/mncrop/300/200/uploads/2014/10/tas-kebabi-yemekcom.jpg,300,200,True,https://cdn.yemek.com/mncrop/940/625/uploads/2014/10/tas-kebabi-yemekcom.jpg,940,625,True,https://cdn.yemek.com/mncrop/620/388/uploads/2014/10/tas-kebabi-yemekcom.jpg,620,388,True,https://cdn.yemek.com/mncrop/600/315/uploads/2014/10/tas-kebabi-yemekcom.jpg,600,315,True,"['tencere', 'bol proteinli']",,,,,
600,3178,Cemre Özgüzel,https://cdn.yemek.com/author/109/20200211010242_avatar.jpg,/profil/cemre-ozguzel/,Oldu Bile: Üç Malzemeli Kurabiye,Üç Malzemeli Kurabiye,/tarif/uc-malzemeli-kurabiye/,20 dk,15 dk,"<p>Ayçiçek yağı, elenmiş un ve toz krem şanti. Sadece üç malzemeyle hazırlanan <a href=""https://yemek.com/tarif/un-kurabiyesi/"" target=""_blank"">un kurabiyesi</a> gevrekliğinde pratik ve ekonomik bir <a href=""https://yemek.com/tarif/kurabiye/"" target=""_blank"">kurabiye tarifi</a>. Siz çayı demleyene kadar onlar pişmiş hatta dinlenmiş olacak, mutfağı mis gibi kurabiye kokusu saracak. Sonrası tam anlamıyla keyif.</p>
<p>Dilerseniz hazırladığınız hamuru atın buzdolabına 30 dakika dinlendirin elinizle gelişi güzel minik yuvarlaklar yaparak pişirin isterseniz de kaşık yardımıyla tepsiye dizin. Karar sizin.</p>
<p>Kurabiye canavarları da sizi sevecek. Afiyetler olsun.</p>
",recipe,"['ayçiçek yağı', 'un', 'toz krem şanti']","['1 su bardağı ayçiçek yağını derin bir karıştırma kabına alın.', '1 paket toz krem şantiyi ve unun 1 bardaklık kısmını ilave ederek karıştırmaya başlayın.', '2 su bardağı unu da azar azar ilave edin ve yumuşak, ele yapışmayan bir hamur elde edene kadar yoğurun.', 'Kıvam alan hamurunuzdan ceviz büyüklüğünde parçalar alın ve elinizle yuvarlayarak şekil verin. Ardından yağlı kağıt serili bir fırın tepsinin üzerine kurabiyelerinizi aktarın. 175 derecede ısıtılmış fırında rengi hafif değişene kadar 15-20 dakika arası pişirin.', 'Çıkarıp oda sıcaklığında soğuttuktan sonra afiyetle tüketin.']",TATLI KURABİYE,239b56,/tarif/tatli-kurabiyeler/,"['Kurabiye', 'Video', 'Tatlı Kurabiye']",['pratik yemek tarifleri'],['Çay Saati'],['Fırın'],,False,1200,900,2015-08-10T11:18:13Z,4.0,1278903,3887,False,True,False,0,,0,,,,2015/08/uc-malzemeli-kurabiye-yemekcom.jpg,0,0,https://cdn.yemek.com/mnresize/940/940/uploads/2015/08/uc-malzemeli-kurabiye-yemekcom.jpg,940,940,False,https://cdn.yemek.com/mncrop/300/200/uploads/2015/08/uc-malzemeli-kurabiye-yemekcom.jpg,300,200,True,https://cdn.yemek.com/mncrop/940/625/uploads/2015/08/uc-malzemeli-kurabiye-yemekcom.jpg,940,625,True,https://cdn.yemek.com/mncrop/620/388/uploads/2015/08/uc-malzemeli-kurabiye-yemekcom.jpg,620,388,True,https://cdn.yemek.com/mncrop/600/315/uploads/2015/08/uc-malzemeli-kurabiye-yemekcom.jpg,600,315,True,,,,,,
601,2526,Yasemin Özaltın,https://cdn.yemek.com/author/35533/20181219061403_avatar.jpg,/profil/yasemingursurer/,Yumuşacık Etlerin Sırlarıyla: Hünkar Beğendi,Hünkar Beğendi,/tarif/hunkar-begendi/,1 sa,1 sa,"<p>Saray mutfağının önde gelen, hünkarın da midesini fetheden <a href=""https://yemek.com/tarif/"" target=""_blank"">yemek tariflerinden</a> biri hünkar beğendi. Pratik bir yemek tarifi sayılan, aşamaları biraz fazla olsa da lezzetli ana yemeklerden biri o! Tereyağında kavrulmuş un ve soğuk süt ilavesiyle hazırlanan beğendi bir yana dursun kısık ateşte pişen bol soğanlı et karışımı onu diğerlerinden ayırıyor. Karşınıza her haliyle övgüleri toplayacak, <a href=""https://yemek.com/tarif/et/"" target=""_blank"">et yemeklerinin</a> en görkemlisi hünkar beğendi yemeği çıkıyor.</p>
<p>Hünkarımızın bir bildiği olmalı diyerek sizi adım adım resimli ve videolu anlattığımız<strong> hünkar beğendi kebabı</strong> tarifimize alalım. ""<strong>Hünkar beğendinin yanına ne yapılır?</strong>"" diye soranlar için de cevabımız hemen tarifin sonunda. Şimdiden ellerinize sağlık diyor, lezzetine doyum olmaz hünkar beğendi tarifimize buyur ediyoruz. Yaptığım tarif en kusursuz haliyle olsun derseniz de <a href=""https://yemek.com/tarif/kusursuz-hunkar-begendi/"" target=""_blank"">kusursuz hünkar beğendi</a> tarifimize bekleriz. Keyfi ve lezzeti bol bol olsun. Afiyetler olsun!</p>
",recipe,"['tereyağı', 'sıcak su', 'tuz', 'tuz', 'süt', 'un', 'sarımsak', 'zeytinyağı', 'domates salçası', 'taze çekilmiş tane karabiber', 'kaşar peyniri', 'orta boy kuru soğan', 'orta boy domates', 'orta boy patlıcan', 'kuzu but (arzuya göre dana eti)']","['Hünkar beğendi tarifi için 4 adet orta boy patlıcana bıçakla delikler açın ve fırın tepsisine alın. 200 derecede yaklaşık 20 dakika fırınlayın.', 'Fırınlanmış patlıcanları bir kaba alın ve kabuklarının kolay soyulması için üzerini streçleyip, 15 dakika kadar bekledikten sonra kabukları soyun.', 'Bir tavada 3 yemek kaşığı zeytinyağını kızdırın. 2 adet yemeklik doğranmış kuru soğanı da üzerine ilave edip pembeleşinceye kadar kavurun.', '4 diş doğranmış sarımsağı da üzerine ekledikten sonra 600 gram kuşbaşı dana veya kuzu etini ilave edin.', ""Etler suyunu salıp çekene kadar pişmeye bırakın. 1 yemek kaşığı domates salçası, 1'er çay kaşığı tuz ve karabiber, 3 adet soyulmuş, doğranmış domates ekleyin."", '2 su bardağı sıcak su ekleyip etler yumuşayana kadar pişmeye bırakın.', 'Şimdi de beğendiyi hazırlayalım. 1 yemek kaşığı tereyağını bir tavada eritin. 1,5 yemek kaşığı unu üzerine ilave edip kokusu çıkana kadar kavurun.', ""Üzerine fırınladığınız ve kabuklarını soyduğunuz patlıcanları ekleyin. 1,5 su bardağı sütü de üzerine yavaş yavaş ilave edin ve sürekli olarak karıştırın. 1'er çay kaşığı tuz ve karabiberi de ekleyin."", 'Sonra son olarak yarım su bardağı rendelenmiş kaşar peyniri ekleyin ve karıştırıp ocaktan alın.', 'Beğendinin üzerine yumuşacık pişmiş etleri serpiştirin ve servis edin. Hünkar beğendi yemeği hazır, afiyet olsun!']",ET,239b56,/tarif/et/,"['Et', 'Ramazan', 'Video', 'Mevsiminde']","['akşam yemeği', 'öğle yemeği']","['Öğle Yemeği', 'Akşam Yemeği']",['Tencere'],['Ekonomik'],False,3600,3600,2021-03-22T08:32:29Z,4.0,1273470,10647,False,True,True,0,,0,,,,2021/03/hunkar-begendi-son-yemekcom.jpg,0,0,https://cdn.yemek.com/mnresize/940/940/uploads/2021/03/hunkar-begendi-son-yemekcom.jpg,940,940,False,https://cdn.yemek.com/mncrop/300/200/uploads/2021/03/hunkar-begendi-son-yemekcom.jpg,300,200,True,https://cdn.yemek.com/mncrop/940/625/uploads/2021/03/hunkar-begendi-son-yemekcom.jpg,940,625,True,https://cdn.yemek.com/mncrop/620/388/uploads/2021/03/hunkar-begendi-son-yemekcom.jpg,620,388,True,https://cdn.yemek.com/mncrop/600/315/uploads/2021/03/hunkar-begendi-son-yemekcom.jpg,600,315,True,"['tencere', 'bol proteinli', 'bol lifli']",,"['Haziran', 'Temmuz', 'Ağustos']",,,
602,410,Yasemin Özaltın,https://cdn.yemek.com/author/35533/20181219061403_avatar.jpg,/profil/yasemingursurer/,Yağdan Hafif: Fırında Baharatlı Patates,Fırında Baharatlı Patates,/tarif/baharatli-firin-patates/,30 dk,10 dk,"<p>Var mı patates sevmeyen? <a href=""https://yemek.com/tarif/kofte/"" target=""_blank"">Köfte</a>nin yanında patates kızartması yemeyi düşlemeyen, önceden kızarttığı patatesleri yumurtayla harmanlayıp yumurtalı patates haline getirmeyen? Yok yazın da bozuşmayalım şimdi. <a href=""https://yemek.com/tarif/kizartma/"" target=""_blank"">Kızartma</a>sı güzel olsa da bu meredin sağlıktan ödün vermeden de kızarmış patates yemek mümkün. Nasıl mı? Patatesleri fırında kızartarak elbette.</p>
<p><strong>Fırında patates kızartması tarifi</strong>nde o çok sevdiğimiz baharatları ekleyip eser miktarda <a href=""https://yemek.com/sozluk/zeytinyagi/"" target=""_blank"">zeytinyağı</a> ile harmanladığımız patates dilimlerini fırına alıyoruz. Onlar çıtır çıtır kızardıkça size de bu <a href=""https://yemek.com/tarif/atistirmaliklar/"" target=""_blank"">atıştırmalığın</a> keyfini uzun uzadıya çıkarmak kalıyor.</p>
",recipe,"['tuz', 'zeytinyağı', 'karabiber', 'biberiye', 'kekik', 'rendelenmiş sarımsak', 'büyük boy patates', 'toz kırmızı biber']","['Bir kasede zeytinyağı, tuz, toz kırmızı biber, sarımsak, kekik, taze biberiye ve karabiberi alın.', 'Tüm malzemeleri güzelce çırparak karıştırın.', 'Patatesleri elma dilim şeklinde kesin.', 'Tabanını yağlı kağıt ile kapladığınız fırın tepsisine patatesleri yayın. Hazırladığınız sosu patateslerin üzerine gezdirin ve her yerine gelecek şekilde karıştırın.', 'Önceden ısıtılmış 200 derece fırında 25- 30 dakika kızarana kadar fırından yükselen mis gibi kokuyu içinize çeke çeke bekleyin. Piştikten sonra afiyetle tüketin.']",TUZLU ATIŞTIRMALIK,239b56,/tarif/tuzlu-atistirmalik/,"['Sebze', 'Atıştırmalık', 'Video', 'Tuzlu Atıştırmalık', 'Mevsiminde']","['pratik yemek tarifleri', 'ekonomik', 'başlangıç', 'diyet']","['Öğle Yemeği', 'Akşam Yemeği']",['Fırın'],,False,1800,600,2014-08-04T13:30:26Z,4.0,1246823,7207,False,True,True,0,,0,,,,2014/08/baharatli-patates-yemekcom.jpg,0,0,https://cdn.yemek.com/mnresize/940/940/uploads/2014/08/baharatli-patates-yemekcom.jpg,940,940,False,https://cdn.yemek.com/mncrop/300/200/uploads/2014/08/baharatli-patates-yemekcom.jpg,300,200,True,https://cdn.yemek.com/mncrop/940/625/uploads/2014/08/baharatli-patates-yemekcom.jpg,940,625,True,https://cdn.yemek.com/mncrop/620/388/uploads/2014/08/baharatli-patates-yemekcom.jpg,620,388,True,https://cdn.yemek.com/mncrop/600/315/uploads/2014/08/baharatli-patates-yemekcom.jpg,600,315,True,"['vejetaryen', 'fırın', 'düşük karbonhidratlı']",,"['Haziran', 'Temmuz', 'Ağustos', 'Eylül']",,,
603,2040,Yasemin Özaltın,https://cdn.yemek.com/author/35533/20181219061403_avatar.jpg,/profil/yasemingursurer/,Üzeri Kızarmış: Fırın Sütlaç,Fırın Sütlaç,/tarif/firin-sutlac/,45 dk,30 dk,"<p><a href=""https://yemek.com/tarif/sutlu-tatlilar/"" target=""_blank"">Sütlü tatlı</a>ların en besleyici olanı, pirincin en güzel ve <a href=""https://yemek.com/tarif/tatli/"" target=""_blank"">tatlı</a> halidir <a href=""https://yemek.com/tarif/sutlac/"" target=""_blank"">sütlaç</a>. Bu sefer bizim yaptığımız gibi tarifinde küçük bir farklılık yapıp yumurta sarısı ilavesiyle pişirdiğinizde ve porsiyonluk fırın kaplarında pişirme işlemini sürdürdüğünüzde fırın sütlaç göz kırpar size.</p>
<p>Tarçın ilavesi ile soğuk soğuk yendiğinde tadına doyum olmaz. <strong>Tam ölçülü ve kıvamı asla şaşmayan</strong> bir <a href=""https://yemek.com/tarif/"" target=""_blank"">tarif</a> üstelik. Bir yiyenin lezzetine hayran kalacağı fırın sütlaçlar karşınızda! Bir kase yesek mi?</p>
",recipe,"['pirinç', 'toz şeker', 'süt', 'su', 'su', 'yumurta sarısı', 'buğday nişastası', 'vanilin']","['Fırın sütlaç için öncelikle bol suda yıkadığınız pirinçleri; bir tencerede, 2 su bardağı suyu ekleyerek orta ateşte suyunu çekene kadar haşlayın.', 'Soğuk süt ve toz şekeri ayrı bir geniş tencereye alın.\xa0Bir çırpma teliyle toz şeker eriyene kadar karıştırdıktan sonra ocağa alın. Kısık ateşte kaynamaya bırakın.', 'Vanilini toz şeker eriğinde süte ekleyin.', 'Haşlanan pirinçleri ocaktan alın ve fazla suyu kaldıysa süzün.', '1-2 dakika kadar kaynayan şekerli süte haşlanmış pirinçleri ilave edin.', 'Yumurta sarısını, buğday nişastası ve 1 bardak su ilavesiyle ayrı bir kabın içerisine alın.', 'Pürüzsüz bir kıvam alana kadar karıştırın.', 'Yumurta sarısının kesilmemesi için; kısık ateşte kaynamakta olan süt karışımından alıp nişastalı karışımı ılıştırın.', 'Hazırladığınız yumurta sarılı karışımı sütlaç tenceresine azar azar katıp hızlıca karıştırın.', 'Kıvam alan sütlacı, ısıya dayanıklı porsiyonluk güveç kaplarına eşit ölçüde boşaltın.', 'Sütlaç kaselerini, derin bir fırın tepsisine aralıklı olarak dizin. Kapların yarısına gelecek kadar soğuk suyu, sütlaçlara değdirmeden tepsiye dökün.', 'Fırına verdiğiniz sütlaçları, önceden ısıtılmış 200 derece fırında 12-15 dakika kadar pişirin.', 'Fırından bir mutfak eldiveni yardımıyla çıkardığınız sütlaç kaselerini, oda ısısında soğuttuktan sonra buzdolabına kaldırın. Soğuttuktan sonra fırın sütlaçları sevdiklerinizle paylaşın.']",SÜTLÜ TATLI,239b56,/tarif/sutlu-tatlilar/,"['Tatlı', 'Ramazan', 'Sütlü Tatlı', 'Video']","['ekonomik', 'ara öğün', 'çay saati']","['Ara Öğün', 'Çay Saati']","['Fırın', 'Tencere']",,False,2700,1800,2019-05-02T08:14:33Z,4.0,1200815,6587,False,True,True,0,,0,,,,2015/03/ytk-firin-sutlac-site.jpg,0,0,https://cdn.yemek.com/mnresize/940/940/uploads/2015/03/ytk-firin-sutlac-site.jpg,940,940,False,https://cdn.yemek.com/mncrop/300/200/uploads/2015/03/ytk-firin-sutlac-site.jpg,300,200,True,https://cdn.yemek.com/mncrop/940/625/uploads/2015/03/ytk-firin-sutlac-site.jpg,940,625,True,https://cdn.yemek.com/mncrop/620/388/uploads/2015/03/ytk-firin-sutlac-site.jpg,620,388,True,https://cdn.yemek.com/mncrop/600/315/uploads/2015/03/ytk-firin-sutlac-site.jpg,600,315,True,['fırın'],,,,,
604,85,Yasemin Özaltın,https://cdn.yemek.com/author/35533/20181219061403_avatar.jpg,/profil/yasemingursurer/,Terbiyesinin Kesilme Derdi Yok: Yayla Çorbası,Yayla Çorbası,/tarif/yayla-corbasi/,35 dk,15 dk,"<p>Yayla çorbasının tadına varmak için yaz ya da kış fark etmez! Anadolu’nun geleneksel çorbalarından ve <a href=""https://yemek.com/tarif/"" target=""_blank"">yemek tariflerinden</a> biri olan bu lezzet size de nane <strong>ferahlığını</strong> çağrıştırmıyor mu?</p>
<p><a href=""https://yemek.com/tarif/kahvaltiliklar/"" target=""_blank"">Kahvaltı</a>dan akşam yemeğine günün her saati tüketebileceğiniz bu <strong>pratik</strong> ve besleyici <a href=""https://yemek.com/tarif/corba/"" target=""_blank"">çorba tarifi</a>ni püf noktalarına dikkat ederek birlikte hazırlayalım.</p>
<p>En güzel çorba <strong>tariflerinden</strong> biri olan yayla çorbası tarifinde bulunan yoğurt sayesinde bir vitamin kaynağıdır. Hatta bu yüzden yoğurt çorbası olarak bile anılır.</p>
<p>Pirinçli, yoğurtlu bu yayla çorbasının tarifi hem videolu hem de adım adım resimli olarak tüm <strong>püf noktalarıyla</strong> karşınızda. Farklı yayla çorbası tarifi arayanlar için <a href=""https://yemek.com/tarif/yumurtasiz-yayla-corbasi/"" target=""_blank"">yumurtasız yayla çorbası</a> ve <a href=""https://yemek.com/tarif/kolay-yayla-corbasi/"" target=""_blank"">kolay yayla çorbası</a> tarifimizi de öneririz.</p>
",recipe,"['pirinç', 'tereyağı', 'tuz', 'pul biber', 'un', 'su', 'yoğurt', 'yumurta sarısı', 'zeytinyağı', 'kuru nane', 'limonun suyu']","['Çorbayı pişireceğiniz tencereye 2 su bardağı yoğurt, 1,5 yemek kaşığı un, 2 yemek kaşığı limon suyu ekleyip pürüzsüz bir kıvama gelene kadar karıştırın.', '1 yumurta sarısını da karışımın üzerine ekledikten sonra tekrar karıştırın.', '6 su bardağı soğuk suyu da ilave edip orta ateşte kaynamaya bırakın.', 'Çorba kaynamaya başlayınca yıkayıp süzdüğünüz 1 çay bardağı pirinci ekleyin ve tekrar kaynamaya bırakın.', ""Bu sırada ayrı bir tavada 2'şer yemek kaşığı zeytinyağı ve tereyağını kızdırın. 1 yemek kaşığı kuru naneyi de üzerine ekleyip karıştırın ve ocaktan alın."", 'Hazırladığınız yağı kaynamakta olan çorbanın üzerine dökün. Pul biberi ve tuzu da ekleyin.', 'Güzelce karıştırıp ocağın altını kapatın.', 'Yayla çorbanız hazır, afiyet olsun!']",ÇORBA,,/tarif/corba/,"['Çorba', 'Ramazan', 'Video']","['pratik yemek tarifleri', 'ekonomik', 'başlangıç', 'akşam yemeği', 'öğle yemeği']","['Başlangıç', 'Öğle Yemeği', 'Ara Öğün', 'Akşam Yemeği']",['Tencere'],"['Ekonomik', 'Vejetaryen', 'Düşük Karbonhidratlı']",False,2100,900,2019-05-17T08:15:01Z,4.0,1190925,10054,False,True,True,0,,0,,,,2014/06/yayla-corbasi-yemekcom.jpg,0,0,https://cdn.yemek.com/mnresize/940/940/uploads/2014/06/yayla-corbasi-yemekcom.jpg,940,940,False,https://cdn.yemek.com/mncrop/300/200/uploads/2014/06/yayla-corbasi-yemekcom.jpg,300,200,True,https://cdn.yemek.com/mncrop/940/625/uploads/2014/06/yayla-corbasi-yemekcom.jpg,940,625,True,https://cdn.yemek.com/mncrop/620/388/uploads/2014/06/yayla-corbasi-yemekcom.jpg,620,388,True,https://cdn.yemek.com/mncrop/600/315/uploads/2014/06/yayla-corbasi-yemekcom.jpg,600,315,True,"['tencere', 'düşük karbonhidratlı']",greenLight,,,,
605,761,Yasemin Özaltın,https://cdn.yemek.com/author/35533/20181219061403_avatar.jpg,/profil/yasemingursurer/,Anne Usulü: Karnıyarık,Karnıyarık,/tarif/karniyarik/,50 dk,30 dk,"<p>Sofraların olmazsa olmazı, <a href=""https://yemek.com/tarif/pirinc-pilavi/"" target=""_blank"" rel=""noopener"">pilavın</a> sevdalısı, <a href=""https://yemek.com/tarif/cacik/"" target=""_blank"" rel=""noopener"">cacığın</a> en iyi dostu, <a href=""https://yemek.com/tarif/"" target=""_blank"" rel=""noopener"">yemek tariflerinin</a> gözdesi, anneye bolca sipariş verilen karnıyarık hazırlıyoruz. Duymayan kalmasın. Arzu eden bize katılsın. Patlıcanları kızartmak istemeyen fırınını önceden ısıtsın.</p>
<p>Karnıyarık tarifinde başrol malzememiz her zaman olduğu gibi sebzelerin en çok kıskanılanı patlıcan. Kendisi malumunuz üzerine binlerce yazıda en çok sevilen sebze olarak yer almıştır. Yine karnıyarık tarifinde öne çıkan bir diğer malzeme ise, karnıyarığı imam bayıldıdan ayıran kıyma. Kendisi karnıyarık tarifini de lezzet getiriyor.</p>
<p>Biz de bu <strong>fırında karnıyarık</strong> tarifinde karnıyarık içinin tencerede nasıl hazırlanacağından karnıyarık yemeğinin adım adım resimli aşamalarıyla nasıl yapıldığına hepsini tek tek anlatmak istedik.</p>
<p>Vejetaryen karnıyarık olan <a href=""https://yemek.com/imam-bayildinin-hikayesi/"" target=""_blank"" rel=""noopener"">imam bayıldı</a> gibi hikayelere konuk olmasa da kendisi başlı başına bir hikaye karnıyarığın. İnanmayan pilava, cacığa, yanında kırılan soğana sorsun. Tüm lokanta yemekleri tarifleri karnıyarığa olan aşkını anlatacaktır.</p>
<p>O yüzden hazır edin patlıcanı, <a href=""https://yemek.com/tarif/kiyma-kavurma/"" target=""_blank"" rel=""noopener"">kıyma</a>yı, soğanı, zeytinyağını bu akşam misler gibi karnıyarık yapmak için mutfağa giresimiz var.</p>
<p>Yapanların ellerine sağlık.</p>",recipe,"['biber salçası', 'tuz', 'ayçiçek yağı', 'sarımsak', 'maydanoz', 'zeytinyağı', 'karabiber', 'domates salçası', 'domates', 'yeşil biber', 'kıyma', 'büyük boy kuru soğan', 'orta boy patlıcan', 'orta boy yeşil sivri biber']","['<p>Bol suda yıkadığınız patlıcanları, pijamalı şekilde soyun ve tuzlu suda bekletin. 3 yemek kaşığı zeytinyağını bir tavada kızdırın. Yemeklik doğradığınız 1 adet soğanı da üzerine ekleyip pembeleşene kadar kavurun. 2 adet doğranmış yeşil biberi ilave edip kavurmaya devam edin.</p>', '<p>350 gram orta yağlı kıymayı da ekleyin ve kavrulmakta olan soğanlarla birlikte renk alıp, suyunu çekene kadar pişirin.</p>', ""<p>Aralarda karıştırıp pişirme işlemine devam ederek sırasıyla; 2 diş sarımsak, yarım tatlı kaşığı domates salçası, yarım tatlı kaşığı biber salçası, 1'er çay kaşığı tuz ve karabiber ekleyin.\xa0</p>"", '<p>2 adet küp doğranmış domatesi ekleyin, 5 dakika kadar pişirdikten sonra ocağın altını kısın ve bir avuç doğranmış maydanozu ekleyip son kez karıştırarak ocaktan alın.</p>', '<p>Acısını alıp, pijamalı soyduğunuz 6 adet patlıcanı kızartın.</p>', '<p>Fırına dayanıklı bir kaba yerleştirin.</p>', '<p>Orta kısımlarından patlıcanları yarın.</p>', '<p>Hazırladığınız iç harçtan bol bol ekleyin.</p>', '<p>Patlıcanların üzerine birer cherry domates ve biber dilimleri ekleyin.</p>', '<p>Karnıyarıkları önceden ısıtılmış 170 derece fırında 20-25 dakika kadar pişirdikten sonra, sıcak olarak, dilerseniz tereyağlı pirinç pilavı eşliğinde servis edin, afiyet olsun!</p>']",SEBZE,239b56,/tarif/sebze/,"['Sebze', 'Ramazan', 'Video', 'Sulu Yemek', 'Mevsiminde']",,"['Öğle Yemeği', 'Akşam Yemeği']","['Fırın', 'Kızartma', 'Tencere']",,False,3000,1800,2019-05-14T11:19:27Z,4.0,1185751,6345,False,True,True,0,,0,,,,2014/10/karniyarik-yemekcom.jpg,0,0,https://cdn.yemek.com/mnresize/940/940/uploads/2014/10/karniyarik-yemekcom.jpg,940,940,False,https://cdn.yemek.com/mncrop/300/200/uploads/2014/10/karniyarik-yemekcom.jpg,300,200,True,https://cdn.yemek.com/mncrop/940/625/uploads/2014/10/karniyarik-yemekcom.jpg,940,625,True,https://cdn.yemek.com/mncrop/620/388/uploads/2014/10/karniyarik-yemekcom.jpg,620,388,True,https://cdn.yemek.com/mncrop/600/315/uploads/2014/10/karniyarik-yemekcom.jpg,600,315,True,,,"['Haziran', 'Temmuz', 'Ağustos']",,,
606,24660,Yasemin Özaltın,https://cdn.yemek.com/author/35533/20181219061403_avatar.jpg,/profil/yasemingursurer/,Evdeki Malzemelerle: Fincan Tatlısı,Fincan Tatlısı,/tarif/fincan-tatlisi/,15 dk,5 dk,"<p>Pratik lezzetlerden vazgeçemeyenlere, yemeklerin sunumuna önem verenlere müjdemiz var! Evdeki malzemelerle hızlıca yapabileceğiniz fincan tatlısı, Hindistan cevizi ve meyveler ile süslenerek adeta evde bir dekor olarak kullanabileceğiniz güzellikte oluyor. Yemeyip yanında yatasınız geliyor <img src=""https://cdn.yemek.com/assets/images/smiley/smile.png"" class=""wp-smiley img-responsive"" /></p>
<p>Bu pratik <a href=""https://yemek.com/tarif/"" target=""_blank"">tarifte</a> zevkinize göre değişiklikler yapabilirsiniz. Çoğunlukla vanilya aromalı hazırlanan muhallebiyi dilerseniz kakaolu, çilekli veya muzlu yaparak, farklı ve şık bir sunum elde edebilirsiniz. Hatta iki renkli hazırlamak bile müthiş bir hava katacaktır. Videoyu aşağıya iliştirdik. Çay saatleriniz ve özel davetleriniz için oldukça kolay hazırlanacak bu <a href=""https://yemek.com/tarif/sutlu-tatlilar/"" target=""_blank"">sütlü</a> <a href=""https://yemek.com/tarif/tatli/"" target=""_blank"">tatlıyı</a> mutlaka denemenizi öneriyoruz. Afiyet olsun!</p>
",recipe,"['toz şeker', 'süt', 'un', 'margarin', 'çilek (arzuya göre muz)', 'vanilin', 'Hindistan cevizi rendesi']","['Derin bir tencereye süt, un ve şekeri ekleyip çırpma teli yardımıyla karıştırarak muhallebi kıvamına gelene kadar pişirin.', 'Muhallebi koyu kıvam alıp göz göz\xa0 fokurdamaya başlayınca margarin ve vanilini ekleyin ve tekrar karıştırın.Pişen muhallebiyi ocaktan alın.', 'Orta boy kahve fincanına 2 parmak boşluk bırakacak şekilde, kepçe yardımıyla muhallebiyi dökün.', 'Fincandaki muhallebileri önce oda sıcaklığına getirdikten sonra buzdolabında en az 4 saat soğumaya bırakın.', 'Soğuyan muhallebileri fincandan yavaşça çıkarın ve Hindistan cevizine bulayın.', 'Hindistan cevizine bulanan muhallebileri servis tabağına alın ve üzerini dilediğiniz meyve ile süsleyip servis edin.']",SÜTLÜ TATLI,239b56,/tarif/sutlu-tatlilar/,"['Tatlı', 'Sütlü Tatlı', 'Video']","['ekonomik', 'çay saati']",['Çay Saati'],['Tencere'],"['Ekonomik', 'Vejetaryen', 'Bol Proteinli']",False,900,300,2020-11-09T07:31:32Z,4.0,1167935,7485,False,True,True,0,,0,,,,2017/10/fincan-tatlisi-tarifi.jpg,0,0,https://cdn.yemek.com/mnresize/940/940/uploads/2017/10/fincan-tatlisi-tarifi.jpg,940,940,False,https://cdn.yemek.com/mncrop/300/200/uploads/2017/10/fincan-tatlisi-tarifi.jpg,300,200,True,https://cdn.yemek.com/mncrop/940/625/uploads/2017/10/fincan-tatlisi-tarifi.jpg,940,625,True,https://cdn.yemek.com/mncrop/620/388/uploads/2017/10/fincan-tatlisi-tarifi.jpg,620,388,True,https://cdn.yemek.com/mncrop/600/315/uploads/2017/10/fincan-tatlisi-tarifi.jpg,600,315,True,['tencere'],,,,,
607,119,Yasemin Özaltın,https://cdn.yemek.com/author/35533/20181219061403_avatar.jpg,/profil/yasemingursurer/,Tam Ölçülü Mükemmel Lezzet: Şerbetli İrmik Tatlısı,Şerbetli İrmik Tatlısı,/tarif/serbetli-irmik-tatlisi/,1 sa,20 dk,"<p>İrmik tatlısının ne kadar efsane bir lezzet olduğuna değinmiş ve <a href=""https://yemek.com/tarif/irmik-tatlisi/"" target=""_blank"">irmik tatlısı tarifi</a>ni sizlerle paylaşmıştık. İrmik tatlısının lezzetini bir kat daha arttırmak ve damaklarda kalıcı bir tat bırakmak üzere bu sefer tarifine şerbet ekliyor ve fırında pişiriyoruz. <a href=""https://yemek.com/tarif/tatli/"" target=""_blank"">Tatlı tarifleri</a> arasında ona ayrı bir yer ayıracaksınız. <a href=""https://yemek.com/az-malzemeli-serbetli-tatlilar/"" target=""_blank"">Az malzemeli şerbetli tatlılar</a> arasında en çok sevilen tatlılardan biri olmaya da aday kendileri. Karşınızda çay saatlerinizin vazgeçilmezlerinden biri olacak şerbetli irmik tatlısı tarifi!</p>
<p>Mutfağa yeni yeni girmeye başlayanların bile kolaylıkla yapabileceği bir tarif üstelik. Sünger gibi kıvamı sayesinde tüm şerbetini içine çekiyor. Yumuşacık dokulu mükemmel bir lezzete dönüşüyor. Dilerseniz üzerine fıstık, file badem gibi malzemeler ilave ederek süsleyebilirsiniz. Çayınızın yanına hemen hazır! Şimdiden ellerinize sağlık.</p>
<p>Adım adım resimli ve videolu anlatımıyla irmik tatlısı <a href=""https://yemek.com/tarif/"" target=""_blank"">tarifi</a> karşınızda!</p>
<p>İrmikli tatlı tarifleri arasında özel bir yere koyacağınız <a href=""https://yemek.com/tarif/serbetli-tatlilar/"" target=""_blank"">şerbetli</a> irmik tatlısından sonra daha hafif bir alternatif isterseniz <a href=""https://yemek.com/tarif/sutlu-irmik-tatlisi/"" target=""_blank"">sütlü irmik tatlısına</a> da şans verebilirsiniz.</p>
",recipe,"['tereyağı', 'limon suyu', 'yumurta', 'toz şeker', 'toz şeker', 'süt', 'un', 'kabartma tozu', 'su', 'yoğurt', 'irmik', 'vanilin']","['3 adet yumurta, 9 yemek kaşığı toz şeker ve 1 çay bardağı yoğurdu derin bir kapta mikser yardımıyla toz şeker eriyene kadar çırpın.', '1 su bardağı süt, 1 paket vanilini ekleyin.', '1,5 su bardağı elenmiş un, 9 yemek kaşığı irmik ve 1 paket kabartma tozunu sırasıyla ekleyin.\xa0 Ardından güzelce karıştırın.', 'Fırın kabını tereyağı ile yağlayın ve tatlı harcını kalıba aldıktan sonra üzerini bir spatula yardımıyla düzeltin.', 'Tatlıyı önceden ısıtılmış 175 derece fırında 35 dakika kadar pişirin.', 'Tatlının şerbeti için; 2 su bardağı toz şeker ve 2 su bardağı suyu 10 dakika kadar kaynatın. 3-4 damla limon suyunu katın ve kaynayan şerbeti 5 dakika sonra ocaktan alın, ılınması için bekletin.', 'Fırından aldığınız sıcak tatlının üzerine ılık şerbeti dökün, şerbetini içine çekmesi için 10 dakika kadar bekledikten.', 'Sonra dilimleyin.', 'Ardından servis edin.\xa0Afiyet olsun!']",ŞERBETLİ TATLI,239b56,/tarif/serbetli-tatlilar/,"['Tatlı', 'Şerbetli Tatlı', 'Ramazan', 'Video']","['ekonomik', 'çay saati']",['Çay Saati'],"['Fırın', 'Tencere']","['Ekonomik', 'Vejetaryen']",False,3600,1200,2019-05-06T08:58:21Z,4.0,1133250,2164,False,True,True,0,,0,,,,2014/06/serbetli-irmik-tatlisi-yemekcom.jpg,0,0,https://cdn.yemek.com/mnresize/940/940/uploads/2014/06/serbetli-irmik-tatlisi-yemekcom.jpg,940,940,False,https://cdn.yemek.com/mncrop/300/200/uploads/2014/06/serbetli-irmik-tatlisi-yemekcom.jpg,300,200,True,https://cdn.yemek.com/mncrop/940/625/uploads/2014/06/serbetli-irmik-tatlisi-yemekcom.jpg,940,625,True,https://cdn.yemek.com/mncrop/620/388/uploads/2014/06/serbetli-irmik-tatlisi-yemekcom.jpg,620,388,True,https://cdn.yemek.com/mncrop/600/315/uploads/2014/06/serbetli-irmik-tatlisi-yemekcom.jpg,600,315,True,['fırın'],,,,,
608,1681,Yasemin Özaltın,https://cdn.yemek.com/author/35533/20181219061403_avatar.jpg,/profil/yasemingursurer/,En Pratik ve En Yumuşacık Kıvamlı: Ağlayan Pasta,Ağlayan Pasta,/tarif/aglayan-pasta/,25 dk,20 dk,"<p><a href=""https://yemek.com/tarif/kakaolu-islak-kek/"" target=""_blank"">Kakaolu ıslak kek</a> ya da <a href=""https://yemek.com/tarif/gercek-browni/"" target=""_blank"">brownie</a>'yi andıran kek tabanı üzerinde yer alan çırpılmış krem şanti ve akışkan çikolata sosla birlikte ağlayan pasta, oldukça davetkar! Yumuşacık keki, bol kakaolu <a href=""https://yemek.com/tarif/cikolata-sosu/#gref"">çikolata sosu</a> ve krem şantinin müthiş uyumuna şahit olacağınız bu kolay ve pratik, büyük tepside ağlayan pasta tarifini mutlaka denemelisiniz.</p>
<p>Tam kıvamında bir ağlayan pasta yapmak, o hafif ıslak dokusunu da yakalamak bazen bir hayli zor olabiliyor. Ama vereceğimiz nefis <a href=""https://yemek.com/tarif/"" target=""_blank"">tarifle</a> pastanızı kolaylıkla yapmanız mümkün. Biz klasik ağlayan pastaya kendi yorumumuzu katarak hazırladık. Siz de muhallebili ağlayan pasta,  kedi dili ağlayan pasta, çilekli ağlayan pasta, muzlu ağlayan pasta gibi farklı çeşitlerini tarifimizden yola çıkarak uyarlayabilirsiniz!</p>
<p>Küçükten büyüğe herkesin bayılarak tüketeceği, bol çikolatalı olmasına rağmen oldukça hafif olan, <a href=""https://yemek.com/tarif/pasta-tatli/"" target=""_blank"">pasta tariflerinin</a> en hüzünlüsü ağlayan pastanın videolu ve resimli tarifini aşağıya bırakıyoruz, sevdiklerinizle bu <a href=""https://yemek.com/tarif/tatli/"" target=""_blank"">tatlıyı</a> keyifle tüketmeniz dileğiyle <img src=""https://cdn.yemek.com/assets/images/smiley/smile.png"" class=""wp-smiley img-responsive"" /></p>
",recipe,"['tereyağı', 'yumurta', 'toz şeker', 'süt', 'süt', 'un', 'kabartma tozu', 'toz krem şanti', 'kakao', 'soğuk süt', 'portakal suyu', 'krema', 'bitter çikolata', 'sıvı yağ']","['Pastanın kekini hazırlamak için; karıştırma kabına alıp toz şeker ve yumurtayı aktarın.', 'Hafif beyaz bir renk alana kadar mikser yardımıyla karıştırın.', 'Süt ve ayçiçek yağı ekledikten sonra tüm sıvı malzemeleri kısa bir süre daha çırpın.', 'Un, kabartma tozu ve kakaoyu eleyin.', 'Harca ekleyin.', 'Kattığınız kek harcını mikser yardımıyla homojen bir hal alana kadar karıştırmayı sürdürün.', 'Portakal suyunu da ilave edip çırpın.', 'Isıya dayanıklı dikdörtgen bir fırın kabını tereyağıyla yağladıktan sonra kek harcını kaba aktarın. Önceden ısıtılmış 180 derece fırında yaklaşık\xa025 dakika kadar pişirin.', 'Pastanın kreması için; toz krem şantiyi, soğuk sütle çırptıktan sonra kıvam alması için buzdolabında bekletin.', 'Çikolata sosu hazırlamak için; bitter çikolatayı küçük küpler halinde kesin. Kaynatın. Soğuması için oda sıcaklığında dinlendirin.', 'Fırından çıkan kekin üzerine sütü azar azar gezdirin ve kekin içine çekmesi için kısa bir süre bekleyin.', 'Hazırladığınız krem şantiyi spatula yardımıyla kekin üzerine sürün.', 'Akışkan durumda olan oda sıcaklığındaki çikolata sosu pastanın üzerine gezdirdikten sonra dilimleyerek servis edin.', 'Üzerinden çikolata akan pastayı, arzu ettiğiniz gibi süsledikten sonra sevdiklerinizle paylaşın.']",PASTA,239b56,/tarif/pasta-tatli/,"['Tatlı', 'Pasta', 'Video']",['çay saati'],['Çay Saati'],"['Fırın', 'Tencere']",,False,1500,1200,2021-03-21T11:18:54Z,4.0,1109401,3523,False,True,True,0,,0,,,,2021/03/aglayan-pasta-yemekcom.jpg,0,0,https://cdn.yemek.com/mnresize/940/940/uploads/2021/03/aglayan-pasta-yemekcom.jpg,940,940,False,https://cdn.yemek.com/mncrop/300/200/uploads/2021/03/aglayan-pasta-yemekcom.jpg,300,200,True,https://cdn.yemek.com/mncrop/940/625/uploads/2021/03/aglayan-pasta-yemekcom.jpg,940,625,True,https://cdn.yemek.com/mncrop/620/388/uploads/2021/03/aglayan-pasta-yemekcom.jpg,620,388,True,https://cdn.yemek.com/mncrop/600/315/uploads/2021/03/aglayan-pasta-yemekcom.jpg,600,315,True,['fırın'],,,,,
609,773,evdekendinpisir,https://cdn.yemek.com/author/347367/20220304085040_avatar.jpg,/profil/evdekendinpisir/,Tam Ölçülü: Kalburabastı,Kalburabastı,/tarif/kalburabasti/,45 dk,30 dk,"<p><a href=""https://yemek.com/tarif/serbetli-tatlilarlar/"" target=""_blank"">Şerbetli tatlılar</a>dan olan kalburabastı tatlısı, ismini aldığı şeklinden dolayı hazırlaması zor gibi dursa da elinizin altında metal ya da hasır bir kalbur olduktan sonra gayet kolay aslında. <a href=""https://yemek.com/tarif/"" target=""_blank"">Yemek tariflerinin</a> tamamlayıcısı olan kalburabastı tatlı tarifini hazırlamak bu kadar basit aslında.</p>
<p>Bu nefis <a href=""https://yemek.com/tarif/tatli/"" target=""_blank"">tatlıyı</a> genelde <a href=""https://yemek.com/ramazan/"" target=""_blank"">ramazanda</a> ya da bayramda sofralarımıza konuk etmeyi çok seviyoruz ama bize kalırsa kalburabastı dilediğiniz her an mutfağınızda olmalı. Çünkü bu cevizli, irmikli ve <strong>ağızda dağılan</strong> <strong>kalburabastı tatlısı tarifi</strong> en kolay kalburabastı tariflerinden biri. Tabii sizin hamarat ellerinizden çıkması kaydıyla.</p>
<p>Unutmadan, kalbur yoksa rendenin kalın tarafını kullanabilirsiniz, aklınızda bulunsun.</p>
",recipe,"['limon suyu', 'yumurta', 'toz şeker', 'un', 'su', 'yoğurt', 'irmik', 'toz Antep fıstığı', 'limon', 'oda sıcaklığında tereyağı', 'ceviz içi', 'karbonat', 'sıvı yağ']","['Öncelikle şerbeti hazırlayın. Şeker ve suyu karıştırarak kaynamaya bırakın, kaynadıktan sonra limon suyu sıkarak kısık ateşte 10 dakika kadar kaynatmaya devam edin. Ardından ocaktan alıp ılınmaya bırakın.', 'Tatlı için, un hariç bütün malzemeleri bir araya getirin ve güzelce karıştırın.', 'Karbonatın üzerine limonu sıkın ve köpürmesini sağlayın.', 'Azar azar unu ilave edin. Kıvamına göre 3,5-4 su bardağı kadar alacaktır.', 'Ele yapışmayacak kıvama gelene kadar yoğurun.', 'Cevizden biraz daha büyük olacak şekilde parçalar koparın ve yuvarlayın. İsterseniz süzgeçte ya da kullandığımız gibi bir kesme aparatının üzerine b<span class=""il"">astı</span>rarak şekil almasını sağlayın.', 'Cevizi ortasına koyarak nazikçe birleştirin.', 'Fırın tepsinize dizin, önceden ısıtılmış fırında iyice kızarana kadar 25- 30 dakika pişirin.', 'Fırından çıkınca sıcak tatlının üzerine soğuk şerbeti dökün. Şerbeti iyice çekince servis edin. Afiyetler olsun.']",ŞERBETLİ TATLI,239b56,/tarif/serbetli-tatlilar/,"['Tatlı', 'Şerbetli Tatlı', 'Ramazan']",['çay saati'],['Çay Saati'],"['Fırın', 'Tencere']",,False,2700,1800,2022-04-27T11:10:50Z,3.0,1108463,2563,False,False,True,0,,0,,,,2022/04/kalburabasti-yeni-onecikan.jpg,0,0,https://cdn.yemek.com/mnresize/940/940/uploads/2022/04/kalburabasti-yeni-onecikan.jpg,940,940,False,https://cdn.yemek.com/mncrop/300/200/uploads/2022/04/kalburabasti-yeni-onecikan.jpg,300,200,True,https://cdn.yemek.com/mncrop/940/625/uploads/2022/04/kalburabasti-yeni-onecikan.jpg,940,625,True,https://cdn.yemek.com/mncrop/620/388/uploads/2022/04/kalburabasti-yeni-onecikan.jpg,620,388,True,https://cdn.yemek.com/mncrop/600/315/uploads/2022/04/kalburabasti-yeni-onecikan.jpg,600,315,True,,,,,,
610,696,Yasemin Özaltın,https://cdn.yemek.com/author/35533/20181219061403_avatar.jpg,/profil/yasemingursurer/,En Garanti Tarif: Tas Kebabı,Tas Kebabı,/tarif/tas-kebabi/,50 dk,20 dk,"<p>Suyuna ekmek banılacak yemekleri sevenler ve <a href=""https://yemek.com/tarif/et"" target=""_blank"">etten</a> vazgeçemeyenler için bir klasiktir tas kebabı tarifi. Olmazsa olmazı dana eti, soğan ve suyuna lezzet veren salçadır. Daha da bereketli ve doyurucu hale gelmesi adına içerisine patates ve havuç gibi kök sebzeler eklenir.</p>
<p>Kuşbaşı dana etiyle yapılan en güzel yemeklerden olan, sulu et yemeklerinin en sevileni tas kebabında etleri yumuşacık, lokum gibi pişiriyoruz. Tüm püf noktalarını da sesli olarak videomuzda adım adım anlatıyoruz.</p>
<p>Ayrıca sevdiğiniz baharatları eklemek ve lezzetine lezzet katmak elinizde. Tas kebabını çok sayıda rendelenmiş kuru soğan, salça ve belli başlı baharatlar ile de hazırlayanlar var, yok değil. Belki siz onlardan birisiniz ama tarifi bir de böyle deneyin, yorumlarınızı bizlerle paylaşın.</p>
<p>Küçük bir hatırlatma: Yanına da <a href=""https://yemek.com/tarif/pirinc-pilavi"" target=""_blank"">pirinç pilavı</a> yapmayı unutmayın.</p>
<p>Küçük bir hatırlatma daha, farklı yemek tarifleri için: <a href=""https://yemek.com/tarif/"" target=""_blank"">Yemek Tarifleri</a></p>
",recipe,"['tereyağı', 'sıcak su', 'tuz', 'ayçiçek yağı', 'un', 'sarımsak', 'orta boy havuç', 'orta boy patates', 'orta boy kuru soğan', 'tane karabiber', 'kuşbaşı dana eti', 'kaşığı domates salçası']","['1 yemek kaşığı sıvı yağ ve 2 yemek kaşığı tereyağını tencerede kızdırın.Üzerine 800 gram dana kuşbaşı etini ekleyin ve etler suyunu salıp çekene kadar\xa0kavurun.', 'Yemeklik doğranmış 1 adet soğanı ve 3 diş doğranmış sarımsağı da ekledikten sonra etlerle beraber kavurmaya devam edin.', 'Bu aşamada ekleyeceğiniz 1 yemek kaşığı unu, kokusu çıkana kadar yaklaşık 2-3 dakika etlerle birlikte kavurun. 1 tatlı kaşığı salçayı ekleyin ve karıştırın.', 'Ardından 1 tatlı kaşığı tuz, 1 adet küp doğranmış patates, 1 adet küp doğranmış havuç ve 1 çay kaşığı karabiberi de ekleyip 3 su bardağı su ilave\xa0edin.', 'Kapağını kapattığınız tencerede, kısık ateşte 30 dakika kadar pişirin.', 'Kıvamlı bir sos halini alan suyu ve sebzelerle birlikte pişen eti, sıcak olarak bekletmeden servis edin. Afiyetler olsun!']",ET,239b56,/tarif/et/,"['Et', 'Ramazan', 'Video']","['akşam yemeği', 'öğle yemeği']",['Akşam Yemeği'],['Ocak'],,False,3000,1200,2021-03-24T08:00:17Z,4.0,1107172,7329,False,True,True,0,,0,,,,2014/10/tas-kebabi-yemekcom.jpg,0,0,https://cdn.yemek.com/mnresize/940/940/uploads/2014/10/tas-kebabi-yemekcom.jpg,940,940,False,https://cdn.yemek.com/mncrop/300/200/uploads/2014/10/tas-kebabi-yemekcom.jpg,300,200,True,https://cdn.yemek.com/mncrop/940/625/uploads/2014/10/tas-kebabi-yemekcom.jpg,940,625,True,https://cdn.yemek.com/mncrop/620/388/uploads/2014/10/tas-kebabi-yemekcom.jpg,620,388,True,https://cdn.yemek.com/mncrop/600/315/uploads/2014/10/tas-kebabi-yemekcom.jpg,600,315,True,"['tencere', 'bol proteinli']",,,,,
611,304,Yasemin Özaltın,https://cdn.yemek.com/author/35533/20181219061403_avatar.jpg,/profil/yasemingursurer/,Kafelerde Yediklerinizden Farksız: Çikolatalı Sufle,Çikolatalı Sufle,/tarif/cikolatali-sufle/,10 dk,8 dk,"<p><a href=""https://yemek.com/tarif/cikolatali-tatlilar/"" target=""_blank"">Çikolatalı tatlıların</a> en kısa sürede pişenlerinden, akışkan içi sayesinde öncelikle görsel şölen yaşatan ve yedikçe yemek isteyeceğiniz sufleyi hazırlamak, püf noktalarını dikkatlice okursanız oldukça pratik. Böylece her seferinde dışarı çıkıp bir kafede yediğiniz o harika sufleyi evde kendiniz yapabilecek, <a href=""https://yemek.com/tarif/"" target=""_blank"">yemek tariflerinizin</a> yanında sunabileceksiniz.</p>
<p><a href=""https://yemek.com/tarif/tatli/"" target=""_blank"">Tatlı</a> tariflerinin en sevilenlerinden bu sufle tarifinde her kaşıkta çikolatanın yoğun lezzetini hissedecek, akışkan kıvamına her seferinde yeniden hayran olacaksınız.</p>
",recipe,"['tereyağı', 'tereyağı', 'tuz', 'yumurta', 'toz şeker', 'süt', 'un', 'kakao', 'pudra şekeri', 'bitter çikolata']","['125 mililitre sütü bir sos tenceresine alın ve kaynama noktasına gelinceye kadar ısıtın.', 'İçerisine çikolatayı ilave edin.\xa0Çikolata eridikten sonra ocaktan alın.', 'Ayrı bir sos tenceresinde 2 yemek kaşığı tereyağını eritin.', 'Üzerine 1,5 yemek kaşığı unu ilave ederek, kokusu çıkana kadar kavurun.', 'Unun kokusu çıktıktan sonra çikolatalı süt karışımının içerisine ilave edin ve 2 yemek kaşığı toz şekeri ilave ederek sürekli olarak karıştırın.', '3 adet yumurta sarılarını da ilave edin, 2 dakika daha karıştırdıktan sonra ocaktan alın ve soğumaya bırakın.', 'Derin bir kasede 3 adet yumurta beyazlarını bir çimdik tuz ile birlikte kaseyi ters çevirdiğinizde akmayacak kıvama gelinceye kadar çırpın.', 'Soğumuş olan çikolatalı karışım ile köpük haline gelmiş yumurta aklarını birleştirin ve spatula yardımıyla karıştırın.', 'Yağlanmış ve kakao ile kaplanmış sufle kaplarına bir parmak boşluk kalacak şekilde harcı bölüştürün ve önceden ısıtılmış 200 derece fırında 10 dakika pişirin.', 'Fırından çıkar çıkmaz üzerine pudra şekeri serpiştirip servis edin, afiyet olsun!']",ÇİKOLATALI TATLI,239b56,/tarif/cikolatali-tatlilar/,"['Tatlı', 'Video', 'Dünya Mutfakları', 'Çikolatalı Tatlı']","['ekonomik', 'ara öğün', 'çay saati']",['Çay Saati'],['Fırın'],,False,600,480,2022-03-25T08:05:24Z,4.0,1091967,8162,False,True,True,0,,0,,,,2014/09/cikolatali-sufle-yemekcom.jpg,0,0,https://cdn.yemek.com/mnresize/940/940/uploads/2014/09/cikolatali-sufle-yemekcom.jpg,940,940,False,https://cdn.yemek.com/mncrop/300/200/uploads/2014/09/cikolatali-sufle-yemekcom.jpg,300,200,True,https://cdn.yemek.com/mncrop/940/625/uploads/2014/09/cikolatali-sufle-yemekcom.jpg,940,625,True,https://cdn.yemek.com/mncrop/620/388/uploads/2014/09/cikolatali-sufle-yemekcom.jpg,620,388,True,https://cdn.yemek.com/mncrop/600/315/uploads/2014/09/cikolatali-sufle-yemekcom.jpg,600,315,True,['fırın'],,,['Fransa'],,
612,2526,Yasemin Özaltın,https://cdn.yemek.com/author/35533/20181219061403_avatar.jpg,/profil/yasemingursurer/,Yumuşacık Etlerin Sırlarıyla: Hünkar Beğendi,Hünkar Beğendi,/tarif/hunkar-begendi/,1 sa,1 sa,"<p>Saray mutfağının önde gelen, hünkarın da midesini fetheden <a href=""https://yemek.com/tarif/"" target=""_blank"">yemek tariflerinden</a> biri hünkar beğendi. Pratik bir yemek tarifi sayılan, aşamaları biraz fazla olsa da lezzetli ana yemeklerden biri o! Tereyağında kavrulmuş un ve soğuk süt ilavesiyle hazırlanan beğendi bir yana dursun kısık ateşte pişen bol soğanlı et karışımı onu diğerlerinden ayırıyor. Karşınıza her haliyle övgüleri toplayacak, <a href=""https://yemek.com/tarif/et/"" target=""_blank"">et yemeklerinin</a> en görkemlisi hünkar beğendi yemeği çıkıyor.</p>
<p>Hünkarımızın bir bildiği olmalı diyerek sizi adım adım resimli ve videolu anlattığımız<strong> hünkar beğendi kebabı</strong> tarifimize alalım. ""<strong>Hünkar beğendinin yanına ne yapılır?</strong>"" diye soranlar için de cevabımız hemen tarifin sonunda. Şimdiden ellerinize sağlık diyor, lezzetine doyum olmaz hünkar beğendi tarifimize buyur ediyoruz. Yaptığım tarif en kusursuz haliyle olsun derseniz de <a href=""https://yemek.com/tarif/kusursuz-hunkar-begendi/"" target=""_blank"">kusursuz hünkar beğendi</a> tarifimize bekleriz. Keyfi ve lezzeti bol bol olsun. Afiyetler olsun!</p>
",recipe,"['tereyağı', 'sıcak su', 'tuz', 'tuz', 'süt', 'un', 'sarımsak', 'zeytinyağı', 'domates salçası', 'taze çekilmiş tane karabiber', 'kaşar peyniri', 'orta boy kuru soğan', 'orta boy domates', 'orta boy patlıcan', 'kuzu but (arzuya göre dana eti)']","['Hünkar beğendi tarifi için 4 adet orta boy patlıcana bıçakla delikler açın ve fırın tepsisine alın. 200 derecede yaklaşık 20 dakika fırınlayın.', 'Fırınlanmış patlıcanları bir kaba alın ve kabuklarının kolay soyulması için üzerini streçleyip, 15 dakika kadar bekledikten sonra kabukları soyun.', 'Bir tavada 3 yemek kaşığı zeytinyağını kızdırın. 2 adet yemeklik doğranmış kuru soğanı da üzerine ilave edip pembeleşinceye kadar kavurun.', '4 diş doğranmış sarımsağı da üzerine ekledikten sonra 600 gram kuşbaşı dana veya kuzu etini ilave edin.', ""Etler suyunu salıp çekene kadar pişmeye bırakın. 1 yemek kaşığı domates salçası, 1'er çay kaşığı tuz ve karabiber, 3 adet soyulmuş, doğranmış domates ekleyin."", '2 su bardağı sıcak su ekleyip etler yumuşayana kadar pişmeye bırakın.', 'Şimdi de beğendiyi hazırlayalım. 1 yemek kaşığı tereyağını bir tavada eritin. 1,5 yemek kaşığı unu üzerine ilave edip kokusu çıkana kadar kavurun.', ""Üzerine fırınladığınız ve kabuklarını soyduğunuz patlıcanları ekleyin. 1,5 su bardağı sütü de üzerine yavaş yavaş ilave edin ve sürekli olarak karıştırın. 1'er çay kaşığı tuz ve karabiberi de ekleyin."", 'Sonra son olarak yarım su bardağı rendelenmiş kaşar peyniri ekleyin ve karıştırıp ocaktan alın.', 'Beğendinin üzerine yumuşacık pişmiş etleri serpiştirin ve servis edin. Hünkar beğendi yemeği hazır, afiyet olsun!']",ET,239b56,/tarif/et/,"['Et', 'Ramazan', 'Video', 'Mevsiminde']","['akşam yemeği', 'öğle yemeği']","['Öğle Yemeği', 'Akşam Yemeği']",['Tencere'],['Ekonomik'],False,3600,3600,2021-03-22T08:32:29Z,4.0,1273470,10647,False,True,True,0,,0,,,,2021/03/hunkar-begendi-son-yemekcom.jpg,0,0,https://cdn.yemek.com/mnresize/940/940/uploads/2021/03/hunkar-begendi-son-yemekcom.jpg,940,940,False,https://cdn.yemek.com/mncrop/300/200/uploads/2021/03/hunkar-begendi-son-yemekcom.jpg,300,200,True,https://cdn.yemek.com/mncrop/940/625/uploads/2021/03/hunkar-begendi-son-yemekcom.jpg,940,625,True,https://cdn.yemek.com/mncrop/620/388/uploads/2021/03/hunkar-begendi-son-yemekcom.jpg,620,388,True,https://cdn.yemek.com/mncrop/600/315/uploads/2021/03/hunkar-begendi-son-yemekcom.jpg,600,315,True,"['tencere', 'bol proteinli', 'bol lifli']",,"['Haziran', 'Temmuz', 'Ağustos']",,,
613,410,Yasemin Özaltın,https://cdn.yemek.com/author/35533/20181219061403_avatar.jpg,/profil/yasemingursurer/,Yağdan Hafif: Fırında Baharatlı Patates,Fırında Baharatlı Patates,/tarif/baharatli-firin-patates/,30 dk,10 dk,"<p>Var mı patates sevmeyen? <a href=""https://yemek.com/tarif/kofte/"" target=""_blank"">Köfte</a>nin yanında patates kızartması yemeyi düşlemeyen, önceden kızarttığı patatesleri yumurtayla harmanlayıp yumurtalı patates haline getirmeyen? Yok yazın da bozuşmayalım şimdi. <a href=""https://yemek.com/tarif/kizartma/"" target=""_blank"">Kızartma</a>sı güzel olsa da bu meredin sağlıktan ödün vermeden de kızarmış patates yemek mümkün. Nasıl mı? Patatesleri fırında kızartarak elbette.</p>
<p><strong>Fırında patates kızartması tarifi</strong>nde o çok sevdiğimiz baharatları ekleyip eser miktarda <a href=""https://yemek.com/sozluk/zeytinyagi/"" target=""_blank"">zeytinyağı</a> ile harmanladığımız patates dilimlerini fırına alıyoruz. Onlar çıtır çıtır kızardıkça size de bu <a href=""https://yemek.com/tarif/atistirmaliklar/"" target=""_blank"">atıştırmalığın</a> keyfini uzun uzadıya çıkarmak kalıyor.</p>
",recipe,"['tuz', 'zeytinyağı', 'karabiber', 'biberiye', 'kekik', 'rendelenmiş sarımsak', 'büyük boy patates', 'toz kırmızı biber']","['Bir kasede zeytinyağı, tuz, toz kırmızı biber, sarımsak, kekik, taze biberiye ve karabiberi alın.', 'Tüm malzemeleri güzelce çırparak karıştırın.', 'Patatesleri elma dilim şeklinde kesin.', 'Tabanını yağlı kağıt ile kapladığınız fırın tepsisine patatesleri yayın. Hazırladığınız sosu patateslerin üzerine gezdirin ve her yerine gelecek şekilde karıştırın.', 'Önceden ısıtılmış 200 derece fırında 25- 30 dakika kızarana kadar fırından yükselen mis gibi kokuyu içinize çeke çeke bekleyin. Piştikten sonra afiyetle tüketin.']",TUZLU ATIŞTIRMALIK,239b56,/tarif/tuzlu-atistirmalik/,"['Sebze', 'Atıştırmalık', 'Video', 'Tuzlu Atıştırmalık', 'Mevsiminde']","['pratik yemek tarifleri', 'ekonomik', 'başlangıç', 'diyet']","['Öğle Yemeği', 'Akşam Yemeği']",['Fırın'],,False,1800,600,2014-08-04T13:30:26Z,4.0,1246823,7207,False,True,True,0,,0,,,,2014/08/baharatli-patates-yemekcom.jpg,0,0,https://cdn.yemek.com/mnresize/940/940/uploads/2014/08/baharatli-patates-yemekcom.jpg,940,940,False,https://cdn.yemek.com/mncrop/300/200/uploads/2014/08/baharatli-patates-yemekcom.jpg,300,200,True,https://cdn.yemek.com/mncrop/940/625/uploads/2014/08/baharatli-patates-yemekcom.jpg,940,625,True,https://cdn.yemek.com/mncrop/620/388/uploads/2014/08/baharatli-patates-yemekcom.jpg,620,388,True,https://cdn.yemek.com/mncrop/600/315/uploads/2014/08/baharatli-patates-yemekcom.jpg,600,315,True,"['vejetaryen', 'fırın', 'düşük karbonhidratlı']",,"['Haziran', 'Temmuz', 'Ağustos', 'Eylül']",,,
614,2040,Yasemin Özaltın,https://cdn.yemek.com/author/35533/20181219061403_avatar.jpg,/profil/yasemingursurer/,Üzeri Kızarmış: Fırın Sütlaç,Fırın Sütlaç,/tarif/firin-sutlac/,45 dk,30 dk,"<p><a href=""https://yemek.com/tarif/sutlu-tatlilar/"" target=""_blank"">Sütlü tatlı</a>ların en besleyici olanı, pirincin en güzel ve <a href=""https://yemek.com/tarif/tatli/"" target=""_blank"">tatlı</a> halidir <a href=""https://yemek.com/tarif/sutlac/"" target=""_blank"">sütlaç</a>. Bu sefer bizim yaptığımız gibi tarifinde küçük bir farklılık yapıp yumurta sarısı ilavesiyle pişirdiğinizde ve porsiyonluk fırın kaplarında pişirme işlemini sürdürdüğünüzde fırın sütlaç göz kırpar size.</p>
<p>Tarçın ilavesi ile soğuk soğuk yendiğinde tadına doyum olmaz. <strong>Tam ölçülü ve kıvamı asla şaşmayan</strong> bir <a href=""https://yemek.com/tarif/"" target=""_blank"">tarif</a> üstelik. Bir yiyenin lezzetine hayran kalacağı fırın sütlaçlar karşınızda! Bir kase yesek mi?</p>
",recipe,"['pirinç', 'toz şeker', 'süt', 'su', 'su', 'yumurta sarısı', 'buğday nişastası', 'vanilin']","['Fırın sütlaç için öncelikle bol suda yıkadığınız pirinçleri; bir tencerede, 2 su bardağı suyu ekleyerek orta ateşte suyunu çekene kadar haşlayın.', 'Soğuk süt ve toz şekeri ayrı bir geniş tencereye alın.\xa0Bir çırpma teliyle toz şeker eriyene kadar karıştırdıktan sonra ocağa alın. Kısık ateşte kaynamaya bırakın.', 'Vanilini toz şeker eriğinde süte ekleyin.', 'Haşlanan pirinçleri ocaktan alın ve fazla suyu kaldıysa süzün.', '1-2 dakika kadar kaynayan şekerli süte haşlanmış pirinçleri ilave edin.', 'Yumurta sarısını, buğday nişastası ve 1 bardak su ilavesiyle ayrı bir kabın içerisine alın.', 'Pürüzsüz bir kıvam alana kadar karıştırın.', 'Yumurta sarısının kesilmemesi için; kısık ateşte kaynamakta olan süt karışımından alıp nişastalı karışımı ılıştırın.', 'Hazırladığınız yumurta sarılı karışımı sütlaç tenceresine azar azar katıp hızlıca karıştırın.', 'Kıvam alan sütlacı, ısıya dayanıklı porsiyonluk güveç kaplarına eşit ölçüde boşaltın.', 'Sütlaç kaselerini, derin bir fırın tepsisine aralıklı olarak dizin. Kapların yarısına gelecek kadar soğuk suyu, sütlaçlara değdirmeden tepsiye dökün.', 'Fırına verdiğiniz sütlaçları, önceden ısıtılmış 200 derece fırında 12-15 dakika kadar pişirin.', 'Fırından bir mutfak eldiveni yardımıyla çıkardığınız sütlaç kaselerini, oda ısısında soğuttuktan sonra buzdolabına kaldırın. Soğuttuktan sonra fırın sütlaçları sevdiklerinizle paylaşın.']",SÜTLÜ TATLI,239b56,/tarif/sutlu-tatlilar/,"['Tatlı', 'Ramazan', 'Sütlü Tatlı', 'Video']","['ekonomik', 'ara öğün', 'çay saati']","['Ara Öğün', 'Çay Saati']","['Fırın', 'Tencere']",,False,2700,1800,2019-05-02T08:14:33Z,4.0,1200815,6587,False,True,True,0,,0,,,,2015/03/ytk-firin-sutlac-site.jpg,0,0,https://cdn.yemek.com/mnresize/940/940/uploads/2015/03/ytk-firin-sutlac-site.jpg,940,940,False,https://cdn.yemek.com/mncrop/300/200/uploads/2015/03/ytk-firin-sutlac-site.jpg,300,200,True,https://cdn.yemek.com/mncrop/940/625/uploads/2015/03/ytk-firin-sutlac-site.jpg,940,625,True,https://cdn.yemek.com/mncrop/620/388/uploads/2015/03/ytk-firin-sutlac-site.jpg,620,388,True,https://cdn.yemek.com/mncrop/600/315/uploads/2015/03/ytk-firin-sutlac-site.jpg,600,315,True,['fırın'],,,,,
615,85,Yasemin Özaltın,https://cdn.yemek.com/author/35533/20181219061403_avatar.jpg,/profil/yasemingursurer/,Terbiyesinin Kesilme Derdi Yok: Yayla Çorbası,Yayla Çorbası,/tarif/yayla-corbasi/,35 dk,15 dk,"<p>Yayla çorbasının tadına varmak için yaz ya da kış fark etmez! Anadolu’nun geleneksel çorbalarından ve <a href=""https://yemek.com/tarif/"" target=""_blank"">yemek tariflerinden</a> biri olan bu lezzet size de nane <strong>ferahlığını</strong> çağrıştırmıyor mu?</p>
<p><a href=""https://yemek.com/tarif/kahvaltiliklar/"" target=""_blank"">Kahvaltı</a>dan akşam yemeğine günün her saati tüketebileceğiniz bu <strong>pratik</strong> ve besleyici <a href=""https://yemek.com/tarif/corba/"" target=""_blank"">çorba tarifi</a>ni püf noktalarına dikkat ederek birlikte hazırlayalım.</p>
<p>En güzel çorba <strong>tariflerinden</strong> biri olan yayla çorbası tarifinde bulunan yoğurt sayesinde bir vitamin kaynağıdır. Hatta bu yüzden yoğurt çorbası olarak bile anılır.</p>
<p>Pirinçli, yoğurtlu bu yayla çorbasının tarifi hem videolu hem de adım adım resimli olarak tüm <strong>püf noktalarıyla</strong> karşınızda. Farklı yayla çorbası tarifi arayanlar için <a href=""https://yemek.com/tarif/yumurtasiz-yayla-corbasi/"" target=""_blank"">yumurtasız yayla çorbası</a> ve <a href=""https://yemek.com/tarif/kolay-yayla-corbasi/"" target=""_blank"">kolay yayla çorbası</a> tarifimizi de öneririz.</p>
",recipe,"['pirinç', 'tereyağı', 'tuz', 'pul biber', 'un', 'su', 'yoğurt', 'yumurta sarısı', 'zeytinyağı', 'kuru nane', 'limonun suyu']","['Çorbayı pişireceğiniz tencereye 2 su bardağı yoğurt, 1,5 yemek kaşığı un, 2 yemek kaşığı limon suyu ekleyip pürüzsüz bir kıvama gelene kadar karıştırın.', '1 yumurta sarısını da karışımın üzerine ekledikten sonra tekrar karıştırın.', '6 su bardağı soğuk suyu da ilave edip orta ateşte kaynamaya bırakın.', 'Çorba kaynamaya başlayınca yıkayıp süzdüğünüz 1 çay bardağı pirinci ekleyin ve tekrar kaynamaya bırakın.', ""Bu sırada ayrı bir tavada 2'şer yemek kaşığı zeytinyağı ve tereyağını kızdırın. 1 yemek kaşığı kuru naneyi de üzerine ekleyip karıştırın ve ocaktan alın."", 'Hazırladığınız yağı kaynamakta olan çorbanın üzerine dökün. Pul biberi ve tuzu da ekleyin.', 'Güzelce karıştırıp ocağın altını kapatın.', 'Yayla çorbanız hazır, afiyet olsun!']",ÇORBA,,/tarif/corba/,"['Çorba', 'Ramazan', 'Video']","['pratik yemek tarifleri', 'ekonomik', 'başlangıç', 'akşam yemeği', 'öğle yemeği']","['Başlangıç', 'Öğle Yemeği', 'Ara Öğün', 'Akşam Yemeği']",['Tencere'],"['Ekonomik', 'Vejetaryen', 'Düşük Karbonhidratlı']",False,2100,900,2019-05-17T08:15:01Z,4.0,1190925,10054,False,True,True,0,,0,,,,2014/06/yayla-corbasi-yemekcom.jpg,0,0,https://cdn.yemek.com/mnresize/940/940/uploads/2014/06/yayla-corbasi-yemekcom.jpg,940,940,False,https://cdn.yemek.com/mncrop/300/200/uploads/2014/06/yayla-corbasi-yemekcom.jpg,300,200,True,https://cdn.yemek.com/mncrop/940/625/uploads/2014/06/yayla-corbasi-yemekcom.jpg,940,625,True,https://cdn.yemek.com/mncrop/620/388/uploads/2014/06/yayla-corbasi-yemekcom.jpg,620,388,True,https://cdn.yemek.com/mncrop/600/315/uploads/2014/06/yayla-corbasi-yemekcom.jpg,600,315,True,"['tencere', 'düşük karbonhidratlı']",greenLight,,,,
616,761,Yasemin Özaltın,https://cdn.yemek.com/author/35533/20181219061403_avatar.jpg,/profil/yasemingursurer/,Anne Usulü: Karnıyarık,Karnıyarık,/tarif/karniyarik/,50 dk,30 dk,"<p>Sofraların olmazsa olmazı, <a href=""https://yemek.com/tarif/pirinc-pilavi/"" target=""_blank"" rel=""noopener"">pilavın</a> sevdalısı, <a href=""https://yemek.com/tarif/cacik/"" target=""_blank"" rel=""noopener"">cacığın</a> en iyi dostu, <a href=""https://yemek.com/tarif/"" target=""_blank"" rel=""noopener"">yemek tariflerinin</a> gözdesi, anneye bolca sipariş verilen karnıyarık hazırlıyoruz. Duymayan kalmasın. Arzu eden bize katılsın. Patlıcanları kızartmak istemeyen fırınını önceden ısıtsın.</p>
<p>Karnıyarık tarifinde başrol malzememiz her zaman olduğu gibi sebzelerin en çok kıskanılanı patlıcan. Kendisi malumunuz üzerine binlerce yazıda en çok sevilen sebze olarak yer almıştır. Yine karnıyarık tarifinde öne çıkan bir diğer malzeme ise, karnıyarığı imam bayıldıdan ayıran kıyma. Kendisi karnıyarık tarifini de lezzet getiriyor.</p>
<p>Biz de bu <strong>fırında karnıyarık</strong> tarifinde karnıyarık içinin tencerede nasıl hazırlanacağından karnıyarık yemeğinin adım adım resimli aşamalarıyla nasıl yapıldığına hepsini tek tek anlatmak istedik.</p>
<p>Vejetaryen karnıyarık olan <a href=""https://yemek.com/imam-bayildinin-hikayesi/"" target=""_blank"" rel=""noopener"">imam bayıldı</a> gibi hikayelere konuk olmasa da kendisi başlı başına bir hikaye karnıyarığın. İnanmayan pilava, cacığa, yanında kırılan soğana sorsun. Tüm lokanta yemekleri tarifleri karnıyarığa olan aşkını anlatacaktır.</p>
<p>O yüzden hazır edin patlıcanı, <a href=""https://yemek.com/tarif/kiyma-kavurma/"" target=""_blank"" rel=""noopener"">kıyma</a>yı, soğanı, zeytinyağını bu akşam misler gibi karnıyarık yapmak için mutfağa giresimiz var.</p>
<p>Yapanların ellerine sağlık.</p>",recipe,"['biber salçası', 'tuz', 'ayçiçek yağı', 'sarımsak', 'maydanoz', 'zeytinyağı', 'karabiber', 'domates salçası', 'domates', 'yeşil biber', 'kıyma', 'büyük boy kuru soğan', 'orta boy patlıcan', 'orta boy yeşil sivri biber']","['<p>Bol suda yıkadığınız patlıcanları, pijamalı şekilde soyun ve tuzlu suda bekletin. 3 yemek kaşığı zeytinyağını bir tavada kızdırın. Yemeklik doğradığınız 1 adet soğanı da üzerine ekleyip pembeleşene kadar kavurun. 2 adet doğranmış yeşil biberi ilave edip kavurmaya devam edin.</p>', '<p>350 gram orta yağlı kıymayı da ekleyin ve kavrulmakta olan soğanlarla birlikte renk alıp, suyunu çekene kadar pişirin.</p>', ""<p>Aralarda karıştırıp pişirme işlemine devam ederek sırasıyla; 2 diş sarımsak, yarım tatlı kaşığı domates salçası, yarım tatlı kaşığı biber salçası, 1'er çay kaşığı tuz ve karabiber ekleyin.\xa0</p>"", '<p>2 adet küp doğranmış domatesi ekleyin, 5 dakika kadar pişirdikten sonra ocağın altını kısın ve bir avuç doğranmış maydanozu ekleyip son kez karıştırarak ocaktan alın.</p>', '<p>Acısını alıp, pijamalı soyduğunuz 6 adet patlıcanı kızartın.</p>', '<p>Fırına dayanıklı bir kaba yerleştirin.</p>', '<p>Orta kısımlarından patlıcanları yarın.</p>', '<p>Hazırladığınız iç harçtan bol bol ekleyin.</p>', '<p>Patlıcanların üzerine birer cherry domates ve biber dilimleri ekleyin.</p>', '<p>Karnıyarıkları önceden ısıtılmış 170 derece fırında 20-25 dakika kadar pişirdikten sonra, sıcak olarak, dilerseniz tereyağlı pirinç pilavı eşliğinde servis edin, afiyet olsun!</p>']",SEBZE,239b56,/tarif/sebze/,"['Sebze', 'Ramazan', 'Video', 'Sulu Yemek', 'Mevsiminde']",,"['Öğle Yemeği', 'Akşam Yemeği']","['Fırın', 'Kızartma', 'Tencere']",,False,3000,1800,2019-05-14T11:19:27Z,4.0,1185751,6345,False,True,True,0,,0,,,,2014/10/karniyarik-yemekcom.jpg,0,0,https://cdn.yemek.com/mnresize/940/940/uploads/2014/10/karniyarik-yemekcom.jpg,940,940,False,https://cdn.yemek.com/mncrop/300/200/uploads/2014/10/karniyarik-yemekcom.jpg,300,200,True,https://cdn.yemek.com/mncrop/940/625/uploads/2014/10/karniyarik-yemekcom.jpg,940,625,True,https://cdn.yemek.com/mncrop/620/388/uploads/2014/10/karniyarik-yemekcom.jpg,620,388,True,https://cdn.yemek.com/mncrop/600/315/uploads/2014/10/karniyarik-yemekcom.jpg,600,315,True,,,"['Haziran', 'Temmuz', 'Ağustos']",,,
617,24660,Yasemin Özaltın,https://cdn.yemek.com/author/35533/20181219061403_avatar.jpg,/profil/yasemingursurer/,Evdeki Malzemelerle: Fincan Tatlısı,Fincan Tatlısı,/tarif/fincan-tatlisi/,15 dk,5 dk,"<p>Pratik lezzetlerden vazgeçemeyenlere, yemeklerin sunumuna önem verenlere müjdemiz var! Evdeki malzemelerle hızlıca yapabileceğiniz fincan tatlısı, Hindistan cevizi ve meyveler ile süslenerek adeta evde bir dekor olarak kullanabileceğiniz güzellikte oluyor. Yemeyip yanında yatasınız geliyor <img src=""https://cdn.yemek.com/assets/images/smiley/smile.png"" class=""wp-smiley img-responsive"" /></p>
<p>Bu pratik <a href=""https://yemek.com/tarif/"" target=""_blank"">tarifte</a> zevkinize göre değişiklikler yapabilirsiniz. Çoğunlukla vanilya aromalı hazırlanan muhallebiyi dilerseniz kakaolu, çilekli veya muzlu yaparak, farklı ve şık bir sunum elde edebilirsiniz. Hatta iki renkli hazırlamak bile müthiş bir hava katacaktır. Videoyu aşağıya iliştirdik. Çay saatleriniz ve özel davetleriniz için oldukça kolay hazırlanacak bu <a href=""https://yemek.com/tarif/sutlu-tatlilar/"" target=""_blank"">sütlü</a> <a href=""https://yemek.com/tarif/tatli/"" target=""_blank"">tatlıyı</a> mutlaka denemenizi öneriyoruz. Afiyet olsun!</p>
",recipe,"['toz şeker', 'süt', 'un', 'margarin', 'çilek (arzuya göre muz)', 'vanilin', 'Hindistan cevizi rendesi']","['Derin bir tencereye süt, un ve şekeri ekleyip çırpma teli yardımıyla karıştırarak muhallebi kıvamına gelene kadar pişirin.', 'Muhallebi koyu kıvam alıp göz göz\xa0 fokurdamaya başlayınca margarin ve vanilini ekleyin ve tekrar karıştırın.Pişen muhallebiyi ocaktan alın.', 'Orta boy kahve fincanına 2 parmak boşluk bırakacak şekilde, kepçe yardımıyla muhallebiyi dökün.', 'Fincandaki muhallebileri önce oda sıcaklığına getirdikten sonra buzdolabında en az 4 saat soğumaya bırakın.', 'Soğuyan muhallebileri fincandan yavaşça çıkarın ve Hindistan cevizine bulayın.', 'Hindistan cevizine bulanan muhallebileri servis tabağına alın ve üzerini dilediğiniz meyve ile süsleyip servis edin.']",SÜTLÜ TATLI,239b56,/tarif/sutlu-tatlilar/,"['Tatlı', 'Sütlü Tatlı', 'Video']","['ekonomik', 'çay saati']",['Çay Saati'],['Tencere'],"['Ekonomik', 'Vejetaryen', 'Bol Proteinli']",False,900,300,2020-11-09T07:31:32Z,4.0,1167935,7485,False,True,True,0,,0,,,,2017/10/fincan-tatlisi-tarifi.jpg,0,0,https://cdn.yemek.com/mnresize/940/940/uploads/2017/10/fincan-tatlisi-tarifi.jpg,940,940,False,https://cdn.yemek.com/mncrop/300/200/uploads/2017/10/fincan-tatlisi-tarifi.jpg,300,200,True,https://cdn.yemek.com/mncrop/940/625/uploads/2017/10/fincan-tatlisi-tarifi.jpg,940,625,True,https://cdn.yemek.com/mncrop/620/388/uploads/2017/10/fincan-tatlisi-tarifi.jpg,620,388,True,https://cdn.yemek.com/mncrop/600/315/uploads/2017/10/fincan-tatlisi-tarifi.jpg,600,315,True,['tencere'],,,,,
618,119,Yasemin Özaltın,https://cdn.yemek.com/author/35533/20181219061403_avatar.jpg,/profil/yasemingursurer/,Tam Ölçülü Mükemmel Lezzet: Şerbetli İrmik Tatlısı,Şerbetli İrmik Tatlısı,/tarif/serbetli-irmik-tatlisi/,1 sa,20 dk,"<p>İrmik tatlısının ne kadar efsane bir lezzet olduğuna değinmiş ve <a href=""https://yemek.com/tarif/irmik-tatlisi/"" target=""_blank"">irmik tatlısı tarifi</a>ni sizlerle paylaşmıştık. İrmik tatlısının lezzetini bir kat daha arttırmak ve damaklarda kalıcı bir tat bırakmak üzere bu sefer tarifine şerbet ekliyor ve fırında pişiriyoruz. <a href=""https://yemek.com/tarif/tatli/"" target=""_blank"">Tatlı tarifleri</a> arasında ona ayrı bir yer ayıracaksınız. <a href=""https://yemek.com/az-malzemeli-serbetli-tatlilar/"" target=""_blank"">Az malzemeli şerbetli tatlılar</a> arasında en çok sevilen tatlılardan biri olmaya da aday kendileri. Karşınızda çay saatlerinizin vazgeçilmezlerinden biri olacak şerbetli irmik tatlısı tarifi!</p>
<p>Mutfağa yeni yeni girmeye başlayanların bile kolaylıkla yapabileceği bir tarif üstelik. Sünger gibi kıvamı sayesinde tüm şerbetini içine çekiyor. Yumuşacık dokulu mükemmel bir lezzete dönüşüyor. Dilerseniz üzerine fıstık, file badem gibi malzemeler ilave ederek süsleyebilirsiniz. Çayınızın yanına hemen hazır! Şimdiden ellerinize sağlık.</p>
<p>Adım adım resimli ve videolu anlatımıyla irmik tatlısı <a href=""https://yemek.com/tarif/"" target=""_blank"">tarifi</a> karşınızda!</p>
<p>İrmikli tatlı tarifleri arasında özel bir yere koyacağınız <a href=""https://yemek.com/tarif/serbetli-tatlilar/"" target=""_blank"">şerbetli</a> irmik tatlısından sonra daha hafif bir alternatif isterseniz <a href=""https://yemek.com/tarif/sutlu-irmik-tatlisi/"" target=""_blank"">sütlü irmik tatlısına</a> da şans verebilirsiniz.</p>
",recipe,"['tereyağı', 'limon suyu', 'yumurta', 'toz şeker', 'toz şeker', 'süt', 'un', 'kabartma tozu', 'su', 'yoğurt', 'irmik', 'vanilin']","['3 adet yumurta, 9 yemek kaşığı toz şeker ve 1 çay bardağı yoğurdu derin bir kapta mikser yardımıyla toz şeker eriyene kadar çırpın.', '1 su bardağı süt, 1 paket vanilini ekleyin.', '1,5 su bardağı elenmiş un, 9 yemek kaşığı irmik ve 1 paket kabartma tozunu sırasıyla ekleyin.\xa0 Ardından güzelce karıştırın.', 'Fırın kabını tereyağı ile yağlayın ve tatlı harcını kalıba aldıktan sonra üzerini bir spatula yardımıyla düzeltin.', 'Tatlıyı önceden ısıtılmış 175 derece fırında 35 dakika kadar pişirin.', 'Tatlının şerbeti için; 2 su bardağı toz şeker ve 2 su bardağı suyu 10 dakika kadar kaynatın. 3-4 damla limon suyunu katın ve kaynayan şerbeti 5 dakika sonra ocaktan alın, ılınması için bekletin.', 'Fırından aldığınız sıcak tatlının üzerine ılık şerbeti dökün, şerbetini içine çekmesi için 10 dakika kadar bekledikten.', 'Sonra dilimleyin.', 'Ardından servis edin.\xa0Afiyet olsun!']",ŞERBETLİ TATLI,239b56,/tarif/serbetli-tatlilar/,"['Tatlı', 'Şerbetli Tatlı', 'Ramazan', 'Video']","['ekonomik', 'çay saati']",['Çay Saati'],"['Fırın', 'Tencere']","['Ekonomik', 'Vejetaryen']",False,3600,1200,2019-05-06T08:58:21Z,4.0,1133250,2164,False,True,True,0,,0,,,,2014/06/serbetli-irmik-tatlisi-yemekcom.jpg,0,0,https://cdn.yemek.com/mnresize/940/940/uploads/2014/06/serbetli-irmik-tatlisi-yemekcom.jpg,940,940,False,https://cdn.yemek.com/mncrop/300/200/uploads/2014/06/serbetli-irmik-tatlisi-yemekcom.jpg,300,200,True,https://cdn.yemek.com/mncrop/940/625/uploads/2014/06/serbetli-irmik-tatlisi-yemekcom.jpg,940,625,True,https://cdn.yemek.com/mncrop/620/388/uploads/2014/06/serbetli-irmik-tatlisi-yemekcom.jpg,620,388,True,https://cdn.yemek.com/mncrop/600/315/uploads/2014/06/serbetli-irmik-tatlisi-yemekcom.jpg,600,315,True,['fırın'],,,,,
619,1681,Yasemin Özaltın,https://cdn.yemek.com/author/35533/20181219061403_avatar.jpg,/profil/yasemingursurer/,En Pratik ve En Yumuşacık Kıvamlı: Ağlayan Pasta,Ağlayan Pasta,/tarif/aglayan-pasta/,25 dk,20 dk,"<p><a href=""https://yemek.com/tarif/kakaolu-islak-kek/"" target=""_blank"">Kakaolu ıslak kek</a> ya da <a href=""https://yemek.com/tarif/gercek-browni/"" target=""_blank"">brownie</a>'yi andıran kek tabanı üzerinde yer alan çırpılmış krem şanti ve akışkan çikolata sosla birlikte ağlayan pasta, oldukça davetkar! Yumuşacık keki, bol kakaolu <a href=""https://yemek.com/tarif/cikolata-sosu/#gref"">çikolata sosu</a> ve krem şantinin müthiş uyumuna şahit olacağınız bu kolay ve pratik, büyük tepside ağlayan pasta tarifini mutlaka denemelisiniz.</p>
<p>Tam kıvamında bir ağlayan pasta yapmak, o hafif ıslak dokusunu da yakalamak bazen bir hayli zor olabiliyor. Ama vereceğimiz nefis <a href=""https://yemek.com/tarif/"" target=""_blank"">tarifle</a> pastanızı kolaylıkla yapmanız mümkün. Biz klasik ağlayan pastaya kendi yorumumuzu katarak hazırladık. Siz de muhallebili ağlayan pasta,  kedi dili ağlayan pasta, çilekli ağlayan pasta, muzlu ağlayan pasta gibi farklı çeşitlerini tarifimizden yola çıkarak uyarlayabilirsiniz!</p>
<p>Küçükten büyüğe herkesin bayılarak tüketeceği, bol çikolatalı olmasına rağmen oldukça hafif olan, <a href=""https://yemek.com/tarif/pasta-tatli/"" target=""_blank"">pasta tariflerinin</a> en hüzünlüsü ağlayan pastanın videolu ve resimli tarifini aşağıya bırakıyoruz, sevdiklerinizle bu <a href=""https://yemek.com/tarif/tatli/"" target=""_blank"">tatlıyı</a> keyifle tüketmeniz dileğiyle <img src=""https://cdn.yemek.com/assets/images/smiley/smile.png"" class=""wp-smiley img-responsive"" /></p>
",recipe,"['tereyağı', 'yumurta', 'toz şeker', 'süt', 'süt', 'un', 'kabartma tozu', 'toz krem şanti', 'kakao', 'soğuk süt', 'portakal suyu', 'krema', 'bitter çikolata', 'sıvı yağ']","['Pastanın kekini hazırlamak için; karıştırma kabına alıp toz şeker ve yumurtayı aktarın.', 'Hafif beyaz bir renk alana kadar mikser yardımıyla karıştırın.', 'Süt ve ayçiçek yağı ekledikten sonra tüm sıvı malzemeleri kısa bir süre daha çırpın.', 'Un, kabartma tozu ve kakaoyu eleyin.', 'Harca ekleyin.', 'Kattığınız kek harcını mikser yardımıyla homojen bir hal alana kadar karıştırmayı sürdürün.', 'Portakal suyunu da ilave edip çırpın.', 'Isıya dayanıklı dikdörtgen bir fırın kabını tereyağıyla yağladıktan sonra kek harcını kaba aktarın. Önceden ısıtılmış 180 derece fırında yaklaşık\xa025 dakika kadar pişirin.', 'Pastanın kreması için; toz krem şantiyi, soğuk sütle çırptıktan sonra kıvam alması için buzdolabında bekletin.', 'Çikolata sosu hazırlamak için; bitter çikolatayı küçük küpler halinde kesin. Kaynatın. Soğuması için oda sıcaklığında dinlendirin.', 'Fırından çıkan kekin üzerine sütü azar azar gezdirin ve kekin içine çekmesi için kısa bir süre bekleyin.', 'Hazırladığınız krem şantiyi spatula yardımıyla kekin üzerine sürün.', 'Akışkan durumda olan oda sıcaklığındaki çikolata sosu pastanın üzerine gezdirdikten sonra dilimleyerek servis edin.', 'Üzerinden çikolata akan pastayı, arzu ettiğiniz gibi süsledikten sonra sevdiklerinizle paylaşın.']",PASTA,239b56,/tarif/pasta-tatli/,"['Tatlı', 'Pasta', 'Video']",['çay saati'],['Çay Saati'],"['Fırın', 'Tencere']",,False,1500,1200,2021-03-21T11:18:54Z,4.0,1109401,3523,False,True,True,0,,0,,,,2021/03/aglayan-pasta-yemekcom.jpg,0,0,https://cdn.yemek.com/mnresize/940/940/uploads/2021/03/aglayan-pasta-yemekcom.jpg,940,940,False,https://cdn.yemek.com/mncrop/300/200/uploads/2021/03/aglayan-pasta-yemekcom.jpg,300,200,True,https://cdn.yemek.com/mncrop/940/625/uploads/2021/03/aglayan-pasta-yemekcom.jpg,940,625,True,https://cdn.yemek.com/mncrop/620/388/uploads/2021/03/aglayan-pasta-yemekcom.jpg,620,388,True,https://cdn.yemek.com/mncrop/600/315/uploads/2021/03/aglayan-pasta-yemekcom.jpg,600,315,True,['fırın'],,,,,
620,773,evdekendinpisir,https://cdn.yemek.com/author/347367/20220304085040_avatar.jpg,/profil/evdekendinpisir/,Tam Ölçülü: Kalburabastı,Kalburabastı,/tarif/kalburabasti/,45 dk,30 dk,"<p><a href=""https://yemek.com/tarif/serbetli-tatlilarlar/"" target=""_blank"">Şerbetli tatlılar</a>dan olan kalburabastı tatlısı, ismini aldığı şeklinden dolayı hazırlaması zor gibi dursa da elinizin altında metal ya da hasır bir kalbur olduktan sonra gayet kolay aslında. <a href=""https://yemek.com/tarif/"" target=""_blank"">Yemek tariflerinin</a> tamamlayıcısı olan kalburabastı tatlı tarifini hazırlamak bu kadar basit aslında.</p>
<p>Bu nefis <a href=""https://yemek.com/tarif/tatli/"" target=""_blank"">tatlıyı</a> genelde <a href=""https://yemek.com/ramazan/"" target=""_blank"">ramazanda</a> ya da bayramda sofralarımıza konuk etmeyi çok seviyoruz ama bize kalırsa kalburabastı dilediğiniz her an mutfağınızda olmalı. Çünkü bu cevizli, irmikli ve <strong>ağızda dağılan</strong> <strong>kalburabastı tatlısı tarifi</strong> en kolay kalburabastı tariflerinden biri. Tabii sizin hamarat ellerinizden çıkması kaydıyla.</p>
<p>Unutmadan, kalbur yoksa rendenin kalın tarafını kullanabilirsiniz, aklınızda bulunsun.</p>
",recipe,"['limon suyu', 'yumurta', 'toz şeker', 'un', 'su', 'yoğurt', 'irmik', 'toz Antep fıstığı', 'limon', 'oda sıcaklığında tereyağı', 'ceviz içi', 'karbonat', 'sıvı yağ']","['Öncelikle şerbeti hazırlayın. Şeker ve suyu karıştırarak kaynamaya bırakın, kaynadıktan sonra limon suyu sıkarak kısık ateşte 10 dakika kadar kaynatmaya devam edin. Ardından ocaktan alıp ılınmaya bırakın.', 'Tatlı için, un hariç bütün malzemeleri bir araya getirin ve güzelce karıştırın.', 'Karbonatın üzerine limonu sıkın ve köpürmesini sağlayın.', 'Azar azar unu ilave edin. Kıvamına göre 3,5-4 su bardağı kadar alacaktır.', 'Ele yapışmayacak kıvama gelene kadar yoğurun.', 'Cevizden biraz daha büyük olacak şekilde parçalar koparın ve yuvarlayın. İsterseniz süzgeçte ya da kullandığımız gibi bir kesme aparatının üzerine b<span class=""il"">astı</span>rarak şekil almasını sağlayın.', 'Cevizi ortasına koyarak nazikçe birleştirin.', 'Fırın tepsinize dizin, önceden ısıtılmış fırında iyice kızarana kadar 25- 30 dakika pişirin.', 'Fırından çıkınca sıcak tatlının üzerine soğuk şerbeti dökün. Şerbeti iyice çekince servis edin. Afiyetler olsun.']",ŞERBETLİ TATLI,239b56,/tarif/serbetli-tatlilar/,"['Tatlı', 'Şerbetli Tatlı', 'Ramazan']",['çay saati'],['Çay Saati'],"['Fırın', 'Tencere']",,False,2700,1800,2022-04-27T11:10:50Z,3.0,1108463,2563,False,False,True,0,,0,,,,2022/04/kalburabasti-yeni-onecikan.jpg,0,0,https://cdn.yemek.com/mnresize/940/940/uploads/2022/04/kalburabasti-yeni-onecikan.jpg,940,940,False,https://cdn.yemek.com/mncrop/300/200/uploads/2022/04/kalburabasti-yeni-onecikan.jpg,300,200,True,https://cdn.yemek.com/mncrop/940/625/uploads/2022/04/kalburabasti-yeni-onecikan.jpg,940,625,True,https://cdn.yemek.com/mncrop/620/388/uploads/2022/04/kalburabasti-yeni-onecikan.jpg,620,388,True,https://cdn.yemek.com/mncrop/600/315/uploads/2022/04/kalburabasti-yeni-onecikan.jpg,600,315,True,,,,,,
621,696,Yasemin Özaltın,https://cdn.yemek.com/author/35533/20181219061403_avatar.jpg,/profil/yasemingursurer/,En Garanti Tarif: Tas Kebabı,Tas Kebabı,/tarif/tas-kebabi/,50 dk,20 dk,"<p>Suyuna ekmek banılacak yemekleri sevenler ve <a href=""https://yemek.com/tarif/et"" target=""_blank"">etten</a> vazgeçemeyenler için bir klasiktir tas kebabı tarifi. Olmazsa olmazı dana eti, soğan ve suyuna lezzet veren salçadır. Daha da bereketli ve doyurucu hale gelmesi adına içerisine patates ve havuç gibi kök sebzeler eklenir.</p>
<p>Kuşbaşı dana etiyle yapılan en güzel yemeklerden olan, sulu et yemeklerinin en sevileni tas kebabında etleri yumuşacık, lokum gibi pişiriyoruz. Tüm püf noktalarını da sesli olarak videomuzda adım adım anlatıyoruz.</p>
<p>Ayrıca sevdiğiniz baharatları eklemek ve lezzetine lezzet katmak elinizde. Tas kebabını çok sayıda rendelenmiş kuru soğan, salça ve belli başlı baharatlar ile de hazırlayanlar var, yok değil. Belki siz onlardan birisiniz ama tarifi bir de böyle deneyin, yorumlarınızı bizlerle paylaşın.</p>
<p>Küçük bir hatırlatma: Yanına da <a href=""https://yemek.com/tarif/pirinc-pilavi"" target=""_blank"">pirinç pilavı</a> yapmayı unutmayın.</p>
<p>Küçük bir hatırlatma daha, farklı yemek tarifleri için: <a href=""https://yemek.com/tarif/"" target=""_blank"">Yemek Tarifleri</a></p>
",recipe,"['tereyağı', 'sıcak su', 'tuz', 'ayçiçek yağı', 'un', 'sarımsak', 'orta boy havuç', 'orta boy patates', 'orta boy kuru soğan', 'tane karabiber', 'kuşbaşı dana eti', 'kaşığı domates salçası']","['1 yemek kaşığı sıvı yağ ve 2 yemek kaşığı tereyağını tencerede kızdırın.Üzerine 800 gram dana kuşbaşı etini ekleyin ve etler suyunu salıp çekene kadar\xa0kavurun.', 'Yemeklik doğranmış 1 adet soğanı ve 3 diş doğranmış sarımsağı da ekledikten sonra etlerle beraber kavurmaya devam edin.', 'Bu aşamada ekleyeceğiniz 1 yemek kaşığı unu, kokusu çıkana kadar yaklaşık 2-3 dakika etlerle birlikte kavurun. 1 tatlı kaşığı salçayı ekleyin ve karıştırın.', 'Ardından 1 tatlı kaşığı tuz, 1 adet küp doğranmış patates, 1 adet küp doğranmış havuç ve 1 çay kaşığı karabiberi de ekleyip 3 su bardağı su ilave\xa0edin.', 'Kapağını kapattığınız tencerede, kısık ateşte 30 dakika kadar pişirin.', 'Kıvamlı bir sos halini alan suyu ve sebzelerle birlikte pişen eti, sıcak olarak bekletmeden servis edin. Afiyetler olsun!']",ET,239b56,/tarif/et/,"['Et', 'Ramazan', 'Video']","['akşam yemeği', 'öğle yemeği']",['Akşam Yemeği'],['Ocak'],,False,3000,1200,2021-03-24T08:00:17Z,4.0,1107172,7329,False,True,True,0,,0,,,,2014/10/tas-kebabi-yemekcom.jpg,0,0,https://cdn.yemek.com/mnresize/940/940/uploads/2014/10/tas-kebabi-yemekcom.jpg,940,940,False,https://cdn.yemek.com/mncrop/300/200/uploads/2014/10/tas-kebabi-yemekcom.jpg,300,200,True,https://cdn.yemek.com/mncrop/940/625/uploads/2014/10/tas-kebabi-yemekcom.jpg,940,625,True,https://cdn.yemek.com/mncrop/620/388/uploads/2014/10/tas-kebabi-yemekcom.jpg,620,388,True,https://cdn.yemek.com/mncrop/600/315/uploads/2014/10/tas-kebabi-yemekcom.jpg,600,315,True,"['tencere', 'bol proteinli']",,,,,
622,304,Yasemin Özaltın,https://cdn.yemek.com/author/35533/20181219061403_avatar.jpg,/profil/yasemingursurer/,Kafelerde Yediklerinizden Farksız: Çikolatalı Sufle,Çikolatalı Sufle,/tarif/cikolatali-sufle/,10 dk,8 dk,"<p><a href=""https://yemek.com/tarif/cikolatali-tatlilar/"" target=""_blank"">Çikolatalı tatlıların</a> en kısa sürede pişenlerinden, akışkan içi sayesinde öncelikle görsel şölen yaşatan ve yedikçe yemek isteyeceğiniz sufleyi hazırlamak, püf noktalarını dikkatlice okursanız oldukça pratik. Böylece her seferinde dışarı çıkıp bir kafede yediğiniz o harika sufleyi evde kendiniz yapabilecek, <a href=""https://yemek.com/tarif/"" target=""_blank"">yemek tariflerinizin</a> yanında sunabileceksiniz.</p>
<p><a href=""https://yemek.com/tarif/tatli/"" target=""_blank"">Tatlı</a> tariflerinin en sevilenlerinden bu sufle tarifinde her kaşıkta çikolatanın yoğun lezzetini hissedecek, akışkan kıvamına her seferinde yeniden hayran olacaksınız.</p>
",recipe,"['tereyağı', 'tereyağı', 'tuz', 'yumurta', 'toz şeker', 'süt', 'un', 'kakao', 'pudra şekeri', 'bitter çikolata']","['125 mililitre sütü bir sos tenceresine alın ve kaynama noktasına gelinceye kadar ısıtın.', 'İçerisine çikolatayı ilave edin.\xa0Çikolata eridikten sonra ocaktan alın.', 'Ayrı bir sos tenceresinde 2 yemek kaşığı tereyağını eritin.', 'Üzerine 1,5 yemek kaşığı unu ilave ederek, kokusu çıkana kadar kavurun.', 'Unun kokusu çıktıktan sonra çikolatalı süt karışımının içerisine ilave edin ve 2 yemek kaşığı toz şekeri ilave ederek sürekli olarak karıştırın.', '3 adet yumurta sarılarını da ilave edin, 2 dakika daha karıştırdıktan sonra ocaktan alın ve soğumaya bırakın.', 'Derin bir kasede 3 adet yumurta beyazlarını bir çimdik tuz ile birlikte kaseyi ters çevirdiğinizde akmayacak kıvama gelinceye kadar çırpın.', 'Soğumuş olan çikolatalı karışım ile köpük haline gelmiş yumurta aklarını birleştirin ve spatula yardımıyla karıştırın.', 'Yağlanmış ve kakao ile kaplanmış sufle kaplarına bir parmak boşluk kalacak şekilde harcı bölüştürün ve önceden ısıtılmış 200 derece fırında 10 dakika pişirin.', 'Fırından çıkar çıkmaz üzerine pudra şekeri serpiştirip servis edin, afiyet olsun!']",ÇİKOLATALI TATLI,239b56,/tarif/cikolatali-tatlilar/,"['Tatlı', 'Video', 'Dünya Mutfakları', 'Çikolatalı Tatlı']","['ekonomik', 'ara öğün', 'çay saati']",['Çay Saati'],['Fırın'],,False,600,480,2022-03-25T08:05:24Z,4.0,1091967,8162,False,True,True,0,,0,,,,2014/09/cikolatali-sufle-yemekcom.jpg,0,0,https://cdn.yemek.com/mnresize/940/940/uploads/2014/09/cikolatali-sufle-yemekcom.jpg,940,940,False,https://cdn.yemek.com/mncrop/300/200/uploads/2014/09/cikolatali-sufle-yemekcom.jpg,300,200,True,https://cdn.yemek.com/mncrop/940/625/uploads/2014/09/cikolatali-sufle-yemekcom.jpg,940,625,True,https://cdn.yemek.com/mncrop/620/388/uploads/2014/09/cikolatali-sufle-yemekcom.jpg,620,388,True,https://cdn.yemek.com/mncrop/600/315/uploads/2014/09/cikolatali-sufle-yemekcom.jpg,600,315,True,['fırın'],,,['Fransa'],,
623,827,Yasemin Özaltın,https://cdn.yemek.com/author/35533/20181219061403_avatar.jpg,/profil/yasemingursurer/,Lokum Tadında: Et Sote,Et Sote,/tarif/et-sote/,50 dk,20 dk,"<p>''Etim pişirirken sertleşiyor'' sorununu çözmeye geliyor bu nefis <a href=""https://yemek.com/tarif/"" target=""_blank"">yemek tarifimiz</a>. <a href=""https://yemek.com/tarif/et"" target=""_blank"">Et tarifleri</a> arasında en klasiklerden sayılan et sote tarifi buyurun. Bu tarifle et sote denediğinizde pişirdiğiniz <strong>etler lokum kıvamında ve yumuşacık</strong> oluyor. Lezzet seviyesi içerisine konan domates, soğan ve biberle birlikte zirveye çıkıyor. Bu zamana kadar denediğiniz hiçbir et sote tarifinden bu denli iyi bir sonuç almadığınızdan eminiz. Karşınızda tüm püf noktaları ve lezzet sırlarıyla yumuşacık pişen et sote tarifi.</p>
<p>Etli yemeklerin en kolay ve en dikkatli şekilde pişirilmesi de şart olan tariflerinin başında geliyor kendileri. <strong>Yüksek ısıda mühürlemek</strong>, soğan ve domatesini mutlaka ilave etmek şart. Yanına bir pilav ve salatayla en şahane öğüne dönüşüyor. Adım adım resimli anlatımıyla et sote tarifimizi denemeye davetlisiniz.</p>
",recipe,"['biber salçası', 'sıcak su', 'tuz', 'zeytinyağı', 'domates salçası', 'kekik', 'taze çekilmiş tane karabiber', 'orta boy kuru soğan', 'orta boy domates', 'orta boy yeşil biber', 'sotelik dana eti']","['Döküm bir tavada 4 yemek kaşığı zeytinyağını kızdırın. 1 adet yemeklik ince doğradığınız soğanları tavaya ekleyin.', 'Renk alan soğanların üzerine 3 adet doğranmış yeşil biber ekleyin ve sotelemeye devam edin.', 'Sotelik doğradığınız 600 gram dana etini ilave edin.', 'Suyunu salmaması, lezzet ve vitamin değerini hapsetmesi için; yüksek ateşte, yaklaşık 2-3 dakika hiç karıştırmadan mühürleyin.', 'Dış kısmı renk alan etleri aralarda karıştırarak yüksek ateşte sotelemeye devam edin.', '3 adet soyulmuş, doğranmış domatesi\xa0ekleyerek karıştırın. Ardından 1 çay kaşığı tuz, karabiber, 1 tatlı kaşığı kekiği de ekleyin.', 'Bir tatlı kaşığı domates ve yarım tatlı kaşığı biber salçasını 1 su bardağı sıcak su ile sulandırdıktan sonra azar azar tavaya ekleyin.', 'Kısık ateşte etler yumuşayana kadar pişirin.', 'Etleri yumuşayan soteyi, lezzetli suyuyla birlikte servis tabaklarına alın ve sıcak sıcak servis edin. Afiyet olsun!']",ET,239b56,/tarif/et/,"['Et', 'Ramazan', 'Video']","['akşam yemeği', 'öğle yemeği']","['Öğle Yemeği', 'Akşam Yemeği']","['Tencere', 'Ocak']",['Ekonomik'],False,3000,1200,2021-06-27T08:43:24Z,4.0,1064923,6300,False,True,True,0,,0,,,,2014/10/etsote-yemekcom.jpg,0,0,https://cdn.yemek.com/mnresize/940/940/uploads/2014/10/etsote-yemekcom.jpg,940,940,False,https://cdn.yemek.com/mncrop/300/200/uploads/2014/10/etsote-yemekcom.jpg,300,200,True,https://cdn.yemek.com/mncrop/940/625/uploads/2014/10/etsote-yemekcom.jpg,940,625,True,https://cdn.yemek.com/mncrop/620/388/uploads/2014/10/etsote-yemekcom.jpg,620,388,True,https://cdn.yemek.com/mncrop/600/315/uploads/2014/10/etsote-yemekcom.jpg,600,315,True,"['tencere', 'bol proteinli', 'glutensiz']",,,,,
624,410,Yasemin Özaltın,https://cdn.yemek.com/author/35533/20181219061403_avatar.jpg,/profil/yasemingursurer/,Yağdan Hafif: Fırında Baharatlı Patates,Fırında Baharatlı Patates,/tarif/baharatli-firin-patates/,30 dk,10 dk,"<p>Var mı patates sevmeyen? <a href=""https://yemek.com/tarif/kofte/"" target=""_blank"">Köfte</a>nin yanında patates kızartması yemeyi düşlemeyen, önceden kızarttığı patatesleri yumurtayla harmanlayıp yumurtalı patates haline getirmeyen? Yok yazın da bozuşmayalım şimdi. <a href=""https://yemek.com/tarif/kizartma/"" target=""_blank"">Kızartma</a>sı güzel olsa da bu meredin sağlıktan ödün vermeden de kızarmış patates yemek mümkün. Nasıl mı? Patatesleri fırında kızartarak elbette.</p>
<p><strong>Fırında patates kızartması tarifi</strong>nde o çok sevdiğimiz baharatları ekleyip eser miktarda <a href=""https://yemek.com/sozluk/zeytinyagi/"" target=""_blank"">zeytinyağı</a> ile harmanladığımız patates dilimlerini fırına alıyoruz. Onlar çıtır çıtır kızardıkça size de bu <a href=""https://yemek.com/tarif/atistirmaliklar/"" target=""_blank"">atıştırmalığın</a> keyfini uzun uzadıya çıkarmak kalıyor.</p>
",recipe,"['tuz', 'zeytinyağı', 'karabiber', 'biberiye', 'kekik', 'rendelenmiş sarımsak', 'büyük boy patates', 'toz kırmızı biber']","['Bir kasede zeytinyağı, tuz, toz kırmızı biber, sarımsak, kekik, taze biberiye ve karabiberi alın.', 'Tüm malzemeleri güzelce çırparak karıştırın.', 'Patatesleri elma dilim şeklinde kesin.', 'Tabanını yağlı kağıt ile kapladığınız fırın tepsisine patatesleri yayın. Hazırladığınız sosu patateslerin üzerine gezdirin ve her yerine gelecek şekilde karıştırın.', 'Önceden ısıtılmış 200 derece fırında 25- 30 dakika kızarana kadar fırından yükselen mis gibi kokuyu içinize çeke çeke bekleyin. Piştikten sonra afiyetle tüketin.']",TUZLU ATIŞTIRMALIK,239b56,/tarif/tuzlu-atistirmalik/,"['Sebze', 'Atıştırmalık', 'Video', 'Tuzlu Atıştırmalık', 'Mevsiminde']","['pratik yemek tarifleri', 'ekonomik', 'başlangıç', 'diyet']","['Öğle Yemeği', 'Akşam Yemeği']",['Fırın'],,False,1800,600,2014-08-04T13:30:26Z,4.0,1246823,7207,False,True,True,0,,0,,,,2014/08/baharatli-patates-yemekcom.jpg,0,0,https://cdn.yemek.com/mnresize/940/940/uploads/2014/08/baharatli-patates-yemekcom.jpg,940,940,False,https://cdn.yemek.com/mncrop/300/200/uploads/2014/08/baharatli-patates-yemekcom.jpg,300,200,True,https://cdn.yemek.com/mncrop/940/625/uploads/2014/08/baharatli-patates-yemekcom.jpg,940,625,True,https://cdn.yemek.com/mncrop/620/388/uploads/2014/08/baharatli-patates-yemekcom.jpg,620,388,True,https://cdn.yemek.com/mncrop/600/315/uploads/2014/08/baharatli-patates-yemekcom.jpg,600,315,True,"['vejetaryen', 'fırın', 'düşük karbonhidratlı']",,"['Haziran', 'Temmuz', 'Ağustos', 'Eylül']",,,
625,2040,Yasemin Özaltın,https://cdn.yemek.com/author/35533/20181219061403_avatar.jpg,/profil/yasemingursurer/,Üzeri Kızarmış: Fırın Sütlaç,Fırın Sütlaç,/tarif/firin-sutlac/,45 dk,30 dk,"<p><a href=""https://yemek.com/tarif/sutlu-tatlilar/"" target=""_blank"">Sütlü tatlı</a>ların en besleyici olanı, pirincin en güzel ve <a href=""https://yemek.com/tarif/tatli/"" target=""_blank"">tatlı</a> halidir <a href=""https://yemek.com/tarif/sutlac/"" target=""_blank"">sütlaç</a>. Bu sefer bizim yaptığımız gibi tarifinde küçük bir farklılık yapıp yumurta sarısı ilavesiyle pişirdiğinizde ve porsiyonluk fırın kaplarında pişirme işlemini sürdürdüğünüzde fırın sütlaç göz kırpar size.</p>
<p>Tarçın ilavesi ile soğuk soğuk yendiğinde tadına doyum olmaz. <strong>Tam ölçülü ve kıvamı asla şaşmayan</strong> bir <a href=""https://yemek.com/tarif/"" target=""_blank"">tarif</a> üstelik. Bir yiyenin lezzetine hayran kalacağı fırın sütlaçlar karşınızda! Bir kase yesek mi?</p>
",recipe,"['pirinç', 'toz şeker', 'süt', 'su', 'su', 'yumurta sarısı', 'buğday nişastası', 'vanilin']","['Fırın sütlaç için öncelikle bol suda yıkadığınız pirinçleri; bir tencerede, 2 su bardağı suyu ekleyerek orta ateşte suyunu çekene kadar haşlayın.', 'Soğuk süt ve toz şekeri ayrı bir geniş tencereye alın.\xa0Bir çırpma teliyle toz şeker eriyene kadar karıştırdıktan sonra ocağa alın. Kısık ateşte kaynamaya bırakın.', 'Vanilini toz şeker eriğinde süte ekleyin.', 'Haşlanan pirinçleri ocaktan alın ve fazla suyu kaldıysa süzün.', '1-2 dakika kadar kaynayan şekerli süte haşlanmış pirinçleri ilave edin.', 'Yumurta sarısını, buğday nişastası ve 1 bardak su ilavesiyle ayrı bir kabın içerisine alın.', 'Pürüzsüz bir kıvam alana kadar karıştırın.', 'Yumurta sarısının kesilmemesi için; kısık ateşte kaynamakta olan süt karışımından alıp nişastalı karışımı ılıştırın.', 'Hazırladığınız yumurta sarılı karışımı sütlaç tenceresine azar azar katıp hızlıca karıştırın.', 'Kıvam alan sütlacı, ısıya dayanıklı porsiyonluk güveç kaplarına eşit ölçüde boşaltın.', 'Sütlaç kaselerini, derin bir fırın tepsisine aralıklı olarak dizin. Kapların yarısına gelecek kadar soğuk suyu, sütlaçlara değdirmeden tepsiye dökün.', 'Fırına verdiğiniz sütlaçları, önceden ısıtılmış 200 derece fırında 12-15 dakika kadar pişirin.', 'Fırından bir mutfak eldiveni yardımıyla çıkardığınız sütlaç kaselerini, oda ısısında soğuttuktan sonra buzdolabına kaldırın. Soğuttuktan sonra fırın sütlaçları sevdiklerinizle paylaşın.']",SÜTLÜ TATLI,239b56,/tarif/sutlu-tatlilar/,"['Tatlı', 'Ramazan', 'Sütlü Tatlı', 'Video']","['ekonomik', 'ara öğün', 'çay saati']","['Ara Öğün', 'Çay Saati']","['Fırın', 'Tencere']",,False,2700,1800,2019-05-02T08:14:33Z,4.0,1200815,6587,False,True,True,0,,0,,,,2015/03/ytk-firin-sutlac-site.jpg,0,0,https://cdn.yemek.com/mnresize/940/940/uploads/2015/03/ytk-firin-sutlac-site.jpg,940,940,False,https://cdn.yemek.com/mncrop/300/200/uploads/2015/03/ytk-firin-sutlac-site.jpg,300,200,True,https://cdn.yemek.com/mncrop/940/625/uploads/2015/03/ytk-firin-sutlac-site.jpg,940,625,True,https://cdn.yemek.com/mncrop/620/388/uploads/2015/03/ytk-firin-sutlac-site.jpg,620,388,True,https://cdn.yemek.com/mncrop/600/315/uploads/2015/03/ytk-firin-sutlac-site.jpg,600,315,True,['fırın'],,,,,
626,85,Yasemin Özaltın,https://cdn.yemek.com/author/35533/20181219061403_avatar.jpg,/profil/yasemingursurer/,Terbiyesinin Kesilme Derdi Yok: Yayla Çorbası,Yayla Çorbası,/tarif/yayla-corbasi/,35 dk,15 dk,"<p>Yayla çorbasının tadına varmak için yaz ya da kış fark etmez! Anadolu’nun geleneksel çorbalarından ve <a href=""https://yemek.com/tarif/"" target=""_blank"">yemek tariflerinden</a> biri olan bu lezzet size de nane <strong>ferahlığını</strong> çağrıştırmıyor mu?</p>
<p><a href=""https://yemek.com/tarif/kahvaltiliklar/"" target=""_blank"">Kahvaltı</a>dan akşam yemeğine günün her saati tüketebileceğiniz bu <strong>pratik</strong> ve besleyici <a href=""https://yemek.com/tarif/corba/"" target=""_blank"">çorba tarifi</a>ni püf noktalarına dikkat ederek birlikte hazırlayalım.</p>
<p>En güzel çorba <strong>tariflerinden</strong> biri olan yayla çorbası tarifinde bulunan yoğurt sayesinde bir vitamin kaynağıdır. Hatta bu yüzden yoğurt çorbası olarak bile anılır.</p>
<p>Pirinçli, yoğurtlu bu yayla çorbasının tarifi hem videolu hem de adım adım resimli olarak tüm <strong>püf noktalarıyla</strong> karşınızda. Farklı yayla çorbası tarifi arayanlar için <a href=""https://yemek.com/tarif/yumurtasiz-yayla-corbasi/"" target=""_blank"">yumurtasız yayla çorbası</a> ve <a href=""https://yemek.com/tarif/kolay-yayla-corbasi/"" target=""_blank"">kolay yayla çorbası</a> tarifimizi de öneririz.</p>
",recipe,"['pirinç', 'tereyağı', 'tuz', 'pul biber', 'un', 'su', 'yoğurt', 'yumurta sarısı', 'zeytinyağı', 'kuru nane', 'limonun suyu']","['Çorbayı pişireceğiniz tencereye 2 su bardağı yoğurt, 1,5 yemek kaşığı un, 2 yemek kaşığı limon suyu ekleyip pürüzsüz bir kıvama gelene kadar karıştırın.', '1 yumurta sarısını da karışımın üzerine ekledikten sonra tekrar karıştırın.', '6 su bardağı soğuk suyu da ilave edip orta ateşte kaynamaya bırakın.', 'Çorba kaynamaya başlayınca yıkayıp süzdüğünüz 1 çay bardağı pirinci ekleyin ve tekrar kaynamaya bırakın.', ""Bu sırada ayrı bir tavada 2'şer yemek kaşığı zeytinyağı ve tereyağını kızdırın. 1 yemek kaşığı kuru naneyi de üzerine ekleyip karıştırın ve ocaktan alın."", 'Hazırladığınız yağı kaynamakta olan çorbanın üzerine dökün. Pul biberi ve tuzu da ekleyin.', 'Güzelce karıştırıp ocağın altını kapatın.', 'Yayla çorbanız hazır, afiyet olsun!']",ÇORBA,,/tarif/corba/,"['Çorba', 'Ramazan', 'Video']","['pratik yemek tarifleri', 'ekonomik', 'başlangıç', 'akşam yemeği', 'öğle yemeği']","['Başlangıç', 'Öğle Yemeği', 'Ara Öğün', 'Akşam Yemeği']",['Tencere'],"['Ekonomik', 'Vejetaryen', 'Düşük Karbonhidratlı']",False,2100,900,2019-05-17T08:15:01Z,4.0,1190925,10054,False,True,True,0,,0,,,,2014/06/yayla-corbasi-yemekcom.jpg,0,0,https://cdn.yemek.com/mnresize/940/940/uploads/2014/06/yayla-corbasi-yemekcom.jpg,940,940,False,https://cdn.yemek.com/mncrop/300/200/uploads/2014/06/yayla-corbasi-yemekcom.jpg,300,200,True,https://cdn.yemek.com/mncrop/940/625/uploads/2014/06/yayla-corbasi-yemekcom.jpg,940,625,True,https://cdn.yemek.com/mncrop/620/388/uploads/2014/06/yayla-corbasi-yemekcom.jpg,620,388,True,https://cdn.yemek.com/mncrop/600/315/uploads/2014/06/yayla-corbasi-yemekcom.jpg,600,315,True,"['tencere', 'düşük karbonhidratlı']",greenLight,,,,
627,761,Yasemin Özaltın,https://cdn.yemek.com/author/35533/20181219061403_avatar.jpg,/profil/yasemingursurer/,Anne Usulü: Karnıyarık,Karnıyarık,/tarif/karniyarik/,50 dk,30 dk,"<p>Sofraların olmazsa olmazı, <a href=""https://yemek.com/tarif/pirinc-pilavi/"" target=""_blank"" rel=""noopener"">pilavın</a> sevdalısı, <a href=""https://yemek.com/tarif/cacik/"" target=""_blank"" rel=""noopener"">cacığın</a> en iyi dostu, <a href=""https://yemek.com/tarif/"" target=""_blank"" rel=""noopener"">yemek tariflerinin</a> gözdesi, anneye bolca sipariş verilen karnıyarık hazırlıyoruz. Duymayan kalmasın. Arzu eden bize katılsın. Patlıcanları kızartmak istemeyen fırınını önceden ısıtsın.</p>
<p>Karnıyarık tarifinde başrol malzememiz her zaman olduğu gibi sebzelerin en çok kıskanılanı patlıcan. Kendisi malumunuz üzerine binlerce yazıda en çok sevilen sebze olarak yer almıştır. Yine karnıyarık tarifinde öne çıkan bir diğer malzeme ise, karnıyarığı imam bayıldıdan ayıran kıyma. Kendisi karnıyarık tarifini de lezzet getiriyor.</p>
<p>Biz de bu <strong>fırında karnıyarık</strong> tarifinde karnıyarık içinin tencerede nasıl hazırlanacağından karnıyarık yemeğinin adım adım resimli aşamalarıyla nasıl yapıldığına hepsini tek tek anlatmak istedik.</p>
<p>Vejetaryen karnıyarık olan <a href=""https://yemek.com/imam-bayildinin-hikayesi/"" target=""_blank"" rel=""noopener"">imam bayıldı</a> gibi hikayelere konuk olmasa da kendisi başlı başına bir hikaye karnıyarığın. İnanmayan pilava, cacığa, yanında kırılan soğana sorsun. Tüm lokanta yemekleri tarifleri karnıyarığa olan aşkını anlatacaktır.</p>
<p>O yüzden hazır edin patlıcanı, <a href=""https://yemek.com/tarif/kiyma-kavurma/"" target=""_blank"" rel=""noopener"">kıyma</a>yı, soğanı, zeytinyağını bu akşam misler gibi karnıyarık yapmak için mutfağa giresimiz var.</p>
<p>Yapanların ellerine sağlık.</p>",recipe,"['biber salçası', 'tuz', 'ayçiçek yağı', 'sarımsak', 'maydanoz', 'zeytinyağı', 'karabiber', 'domates salçası', 'domates', 'yeşil biber', 'kıyma', 'büyük boy kuru soğan', 'orta boy patlıcan', 'orta boy yeşil sivri biber']","['<p>Bol suda yıkadığınız patlıcanları, pijamalı şekilde soyun ve tuzlu suda bekletin. 3 yemek kaşığı zeytinyağını bir tavada kızdırın. Yemeklik doğradığınız 1 adet soğanı da üzerine ekleyip pembeleşene kadar kavurun. 2 adet doğranmış yeşil biberi ilave edip kavurmaya devam edin.</p>', '<p>350 gram orta yağlı kıymayı da ekleyin ve kavrulmakta olan soğanlarla birlikte renk alıp, suyunu çekene kadar pişirin.</p>', ""<p>Aralarda karıştırıp pişirme işlemine devam ederek sırasıyla; 2 diş sarımsak, yarım tatlı kaşığı domates salçası, yarım tatlı kaşığı biber salçası, 1'er çay kaşığı tuz ve karabiber ekleyin.\xa0</p>"", '<p>2 adet küp doğranmış domatesi ekleyin, 5 dakika kadar pişirdikten sonra ocağın altını kısın ve bir avuç doğranmış maydanozu ekleyip son kez karıştırarak ocaktan alın.</p>', '<p>Acısını alıp, pijamalı soyduğunuz 6 adet patlıcanı kızartın.</p>', '<p>Fırına dayanıklı bir kaba yerleştirin.</p>', '<p>Orta kısımlarından patlıcanları yarın.</p>', '<p>Hazırladığınız iç harçtan bol bol ekleyin.</p>', '<p>Patlıcanların üzerine birer cherry domates ve biber dilimleri ekleyin.</p>', '<p>Karnıyarıkları önceden ısıtılmış 170 derece fırında 20-25 dakika kadar pişirdikten sonra, sıcak olarak, dilerseniz tereyağlı pirinç pilavı eşliğinde servis edin, afiyet olsun!</p>']",SEBZE,239b56,/tarif/sebze/,"['Sebze', 'Ramazan', 'Video', 'Sulu Yemek', 'Mevsiminde']",,"['Öğle Yemeği', 'Akşam Yemeği']","['Fırın', 'Kızartma', 'Tencere']",,False,3000,1800,2019-05-14T11:19:27Z,4.0,1185751,6345,False,True,True,0,,0,,,,2014/10/karniyarik-yemekcom.jpg,0,0,https://cdn.yemek.com/mnresize/940/940/uploads/2014/10/karniyarik-yemekcom.jpg,940,940,False,https://cdn.yemek.com/mncrop/300/200/uploads/2014/10/karniyarik-yemekcom.jpg,300,200,True,https://cdn.yemek.com/mncrop/940/625/uploads/2014/10/karniyarik-yemekcom.jpg,940,625,True,https://cdn.yemek.com/mncrop/620/388/uploads/2014/10/karniyarik-yemekcom.jpg,620,388,True,https://cdn.yemek.com/mncrop/600/315/uploads/2014/10/karniyarik-yemekcom.jpg,600,315,True,,,"['Haziran', 'Temmuz', 'Ağustos']",,,
628,24660,Yasemin Özaltın,https://cdn.yemek.com/author/35533/20181219061403_avatar.jpg,/profil/yasemingursurer/,Evdeki Malzemelerle: Fincan Tatlısı,Fincan Tatlısı,/tarif/fincan-tatlisi/,15 dk,5 dk,"<p>Pratik lezzetlerden vazgeçemeyenlere, yemeklerin sunumuna önem verenlere müjdemiz var! Evdeki malzemelerle hızlıca yapabileceğiniz fincan tatlısı, Hindistan cevizi ve meyveler ile süslenerek adeta evde bir dekor olarak kullanabileceğiniz güzellikte oluyor. Yemeyip yanında yatasınız geliyor <img src=""https://cdn.yemek.com/assets/images/smiley/smile.png"" class=""wp-smiley img-responsive"" /></p>
<p>Bu pratik <a href=""https://yemek.com/tarif/"" target=""_blank"">tarifte</a> zevkinize göre değişiklikler yapabilirsiniz. Çoğunlukla vanilya aromalı hazırlanan muhallebiyi dilerseniz kakaolu, çilekli veya muzlu yaparak, farklı ve şık bir sunum elde edebilirsiniz. Hatta iki renkli hazırlamak bile müthiş bir hava katacaktır. Videoyu aşağıya iliştirdik. Çay saatleriniz ve özel davetleriniz için oldukça kolay hazırlanacak bu <a href=""https://yemek.com/tarif/sutlu-tatlilar/"" target=""_blank"">sütlü</a> <a href=""https://yemek.com/tarif/tatli/"" target=""_blank"">tatlıyı</a> mutlaka denemenizi öneriyoruz. Afiyet olsun!</p>
",recipe,"['toz şeker', 'süt', 'un', 'margarin', 'çilek (arzuya göre muz)', 'vanilin', 'Hindistan cevizi rendesi']","['Derin bir tencereye süt, un ve şekeri ekleyip çırpma teli yardımıyla karıştırarak muhallebi kıvamına gelene kadar pişirin.', 'Muhallebi koyu kıvam alıp göz göz\xa0 fokurdamaya başlayınca margarin ve vanilini ekleyin ve tekrar karıştırın.Pişen muhallebiyi ocaktan alın.', 'Orta boy kahve fincanına 2 parmak boşluk bırakacak şekilde, kepçe yardımıyla muhallebiyi dökün.', 'Fincandaki muhallebileri önce oda sıcaklığına getirdikten sonra buzdolabında en az 4 saat soğumaya bırakın.', 'Soğuyan muhallebileri fincandan yavaşça çıkarın ve Hindistan cevizine bulayın.', 'Hindistan cevizine bulanan muhallebileri servis tabağına alın ve üzerini dilediğiniz meyve ile süsleyip servis edin.']",SÜTLÜ TATLI,239b56,/tarif/sutlu-tatlilar/,"['Tatlı', 'Sütlü Tatlı', 'Video']","['ekonomik', 'çay saati']",['Çay Saati'],['Tencere'],"['Ekonomik', 'Vejetaryen', 'Bol Proteinli']",False,900,300,2020-11-09T07:31:32Z,4.0,1167935,7485,False,True,True,0,,0,,,,2017/10/fincan-tatlisi-tarifi.jpg,0,0,https://cdn.yemek.com/mnresize/940/940/uploads/2017/10/fincan-tatlisi-tarifi.jpg,940,940,False,https://cdn.yemek.com/mncrop/300/200/uploads/2017/10/fincan-tatlisi-tarifi.jpg,300,200,True,https://cdn.yemek.com/mncrop/940/625/uploads/2017/10/fincan-tatlisi-tarifi.jpg,940,625,True,https://cdn.yemek.com/mncrop/620/388/uploads/2017/10/fincan-tatlisi-tarifi.jpg,620,388,True,https://cdn.yemek.com/mncrop/600/315/uploads/2017/10/fincan-tatlisi-tarifi.jpg,600,315,True,['tencere'],,,,,
629,119,Yasemin Özaltın,https://cdn.yemek.com/author/35533/20181219061403_avatar.jpg,/profil/yasemingursurer/,Tam Ölçülü Mükemmel Lezzet: Şerbetli İrmik Tatlısı,Şerbetli İrmik Tatlısı,/tarif/serbetli-irmik-tatlisi/,1 sa,20 dk,"<p>İrmik tatlısının ne kadar efsane bir lezzet olduğuna değinmiş ve <a href=""https://yemek.com/tarif/irmik-tatlisi/"" target=""_blank"">irmik tatlısı tarifi</a>ni sizlerle paylaşmıştık. İrmik tatlısının lezzetini bir kat daha arttırmak ve damaklarda kalıcı bir tat bırakmak üzere bu sefer tarifine şerbet ekliyor ve fırında pişiriyoruz. <a href=""https://yemek.com/tarif/tatli/"" target=""_blank"">Tatlı tarifleri</a> arasında ona ayrı bir yer ayıracaksınız. <a href=""https://yemek.com/az-malzemeli-serbetli-tatlilar/"" target=""_blank"">Az malzemeli şerbetli tatlılar</a> arasında en çok sevilen tatlılardan biri olmaya da aday kendileri. Karşınızda çay saatlerinizin vazgeçilmezlerinden biri olacak şerbetli irmik tatlısı tarifi!</p>
<p>Mutfağa yeni yeni girmeye başlayanların bile kolaylıkla yapabileceği bir tarif üstelik. Sünger gibi kıvamı sayesinde tüm şerbetini içine çekiyor. Yumuşacık dokulu mükemmel bir lezzete dönüşüyor. Dilerseniz üzerine fıstık, file badem gibi malzemeler ilave ederek süsleyebilirsiniz. Çayınızın yanına hemen hazır! Şimdiden ellerinize sağlık.</p>
<p>Adım adım resimli ve videolu anlatımıyla irmik tatlısı <a href=""https://yemek.com/tarif/"" target=""_blank"">tarifi</a> karşınızda!</p>
<p>İrmikli tatlı tarifleri arasında özel bir yere koyacağınız <a href=""https://yemek.com/tarif/serbetli-tatlilar/"" target=""_blank"">şerbetli</a> irmik tatlısından sonra daha hafif bir alternatif isterseniz <a href=""https://yemek.com/tarif/sutlu-irmik-tatlisi/"" target=""_blank"">sütlü irmik tatlısına</a> da şans verebilirsiniz.</p>
",recipe,"['tereyağı', 'limon suyu', 'yumurta', 'toz şeker', 'toz şeker', 'süt', 'un', 'kabartma tozu', 'su', 'yoğurt', 'irmik', 'vanilin']","['3 adet yumurta, 9 yemek kaşığı toz şeker ve 1 çay bardağı yoğurdu derin bir kapta mikser yardımıyla toz şeker eriyene kadar çırpın.', '1 su bardağı süt, 1 paket vanilini ekleyin.', '1,5 su bardağı elenmiş un, 9 yemek kaşığı irmik ve 1 paket kabartma tozunu sırasıyla ekleyin.\xa0 Ardından güzelce karıştırın.', 'Fırın kabını tereyağı ile yağlayın ve tatlı harcını kalıba aldıktan sonra üzerini bir spatula yardımıyla düzeltin.', 'Tatlıyı önceden ısıtılmış 175 derece fırında 35 dakika kadar pişirin.', 'Tatlının şerbeti için; 2 su bardağı toz şeker ve 2 su bardağı suyu 10 dakika kadar kaynatın. 3-4 damla limon suyunu katın ve kaynayan şerbeti 5 dakika sonra ocaktan alın, ılınması için bekletin.', 'Fırından aldığınız sıcak tatlının üzerine ılık şerbeti dökün, şerbetini içine çekmesi için 10 dakika kadar bekledikten.', 'Sonra dilimleyin.', 'Ardından servis edin.\xa0Afiyet olsun!']",ŞERBETLİ TATLI,239b56,/tarif/serbetli-tatlilar/,"['Tatlı', 'Şerbetli Tatlı', 'Ramazan', 'Video']","['ekonomik', 'çay saati']",['Çay Saati'],"['Fırın', 'Tencere']","['Ekonomik', 'Vejetaryen']",False,3600,1200,2019-05-06T08:58:21Z,4.0,1133250,2164,False,True,True,0,,0,,,,2014/06/serbetli-irmik-tatlisi-yemekcom.jpg,0,0,https://cdn.yemek.com/mnresize/940/940/uploads/2014/06/serbetli-irmik-tatlisi-yemekcom.jpg,940,940,False,https://cdn.yemek.com/mncrop/300/200/uploads/2014/06/serbetli-irmik-tatlisi-yemekcom.jpg,300,200,True,https://cdn.yemek.com/mncrop/940/625/uploads/2014/06/serbetli-irmik-tatlisi-yemekcom.jpg,940,625,True,https://cdn.yemek.com/mncrop/620/388/uploads/2014/06/serbetli-irmik-tatlisi-yemekcom.jpg,620,388,True,https://cdn.yemek.com/mncrop/600/315/uploads/2014/06/serbetli-irmik-tatlisi-yemekcom.jpg,600,315,True,['fırın'],,,,,
630,1681,Yasemin Özaltın,https://cdn.yemek.com/author/35533/20181219061403_avatar.jpg,/profil/yasemingursurer/,En Pratik ve En Yumuşacık Kıvamlı: Ağlayan Pasta,Ağlayan Pasta,/tarif/aglayan-pasta/,25 dk,20 dk,"<p><a href=""https://yemek.com/tarif/kakaolu-islak-kek/"" target=""_blank"">Kakaolu ıslak kek</a> ya da <a href=""https://yemek.com/tarif/gercek-browni/"" target=""_blank"">brownie</a>'yi andıran kek tabanı üzerinde yer alan çırpılmış krem şanti ve akışkan çikolata sosla birlikte ağlayan pasta, oldukça davetkar! Yumuşacık keki, bol kakaolu <a href=""https://yemek.com/tarif/cikolata-sosu/#gref"">çikolata sosu</a> ve krem şantinin müthiş uyumuna şahit olacağınız bu kolay ve pratik, büyük tepside ağlayan pasta tarifini mutlaka denemelisiniz.</p>
<p>Tam kıvamında bir ağlayan pasta yapmak, o hafif ıslak dokusunu da yakalamak bazen bir hayli zor olabiliyor. Ama vereceğimiz nefis <a href=""https://yemek.com/tarif/"" target=""_blank"">tarifle</a> pastanızı kolaylıkla yapmanız mümkün. Biz klasik ağlayan pastaya kendi yorumumuzu katarak hazırladık. Siz de muhallebili ağlayan pasta,  kedi dili ağlayan pasta, çilekli ağlayan pasta, muzlu ağlayan pasta gibi farklı çeşitlerini tarifimizden yola çıkarak uyarlayabilirsiniz!</p>
<p>Küçükten büyüğe herkesin bayılarak tüketeceği, bol çikolatalı olmasına rağmen oldukça hafif olan, <a href=""https://yemek.com/tarif/pasta-tatli/"" target=""_blank"">pasta tariflerinin</a> en hüzünlüsü ağlayan pastanın videolu ve resimli tarifini aşağıya bırakıyoruz, sevdiklerinizle bu <a href=""https://yemek.com/tarif/tatli/"" target=""_blank"">tatlıyı</a> keyifle tüketmeniz dileğiyle <img src=""https://cdn.yemek.com/assets/images/smiley/smile.png"" class=""wp-smiley img-responsive"" /></p>
",recipe,"['tereyağı', 'yumurta', 'toz şeker', 'süt', 'süt', 'un', 'kabartma tozu', 'toz krem şanti', 'kakao', 'soğuk süt', 'portakal suyu', 'krema', 'bitter çikolata', 'sıvı yağ']","['Pastanın kekini hazırlamak için; karıştırma kabına alıp toz şeker ve yumurtayı aktarın.', 'Hafif beyaz bir renk alana kadar mikser yardımıyla karıştırın.', 'Süt ve ayçiçek yağı ekledikten sonra tüm sıvı malzemeleri kısa bir süre daha çırpın.', 'Un, kabartma tozu ve kakaoyu eleyin.', 'Harca ekleyin.', 'Kattığınız kek harcını mikser yardımıyla homojen bir hal alana kadar karıştırmayı sürdürün.', 'Portakal suyunu da ilave edip çırpın.', 'Isıya dayanıklı dikdörtgen bir fırın kabını tereyağıyla yağladıktan sonra kek harcını kaba aktarın. Önceden ısıtılmış 180 derece fırında yaklaşık\xa025 dakika kadar pişirin.', 'Pastanın kreması için; toz krem şantiyi, soğuk sütle çırptıktan sonra kıvam alması için buzdolabında bekletin.', 'Çikolata sosu hazırlamak için; bitter çikolatayı küçük küpler halinde kesin. Kaynatın. Soğuması için oda sıcaklığında dinlendirin.', 'Fırından çıkan kekin üzerine sütü azar azar gezdirin ve kekin içine çekmesi için kısa bir süre bekleyin.', 'Hazırladığınız krem şantiyi spatula yardımıyla kekin üzerine sürün.', 'Akışkan durumda olan oda sıcaklığındaki çikolata sosu pastanın üzerine gezdirdikten sonra dilimleyerek servis edin.', 'Üzerinden çikolata akan pastayı, arzu ettiğiniz gibi süsledikten sonra sevdiklerinizle paylaşın.']",PASTA,239b56,/tarif/pasta-tatli/,"['Tatlı', 'Pasta', 'Video']",['çay saati'],['Çay Saati'],"['Fırın', 'Tencere']",,False,1500,1200,2021-03-21T11:18:54Z,4.0,1109401,3523,False,True,True,0,,0,,,,2021/03/aglayan-pasta-yemekcom.jpg,0,0,https://cdn.yemek.com/mnresize/940/940/uploads/2021/03/aglayan-pasta-yemekcom.jpg,940,940,False,https://cdn.yemek.com/mncrop/300/200/uploads/2021/03/aglayan-pasta-yemekcom.jpg,300,200,True,https://cdn.yemek.com/mncrop/940/625/uploads/2021/03/aglayan-pasta-yemekcom.jpg,940,625,True,https://cdn.yemek.com/mncrop/620/388/uploads/2021/03/aglayan-pasta-yemekcom.jpg,620,388,True,https://cdn.yemek.com/mncrop/600/315/uploads/2021/03/aglayan-pasta-yemekcom.jpg,600,315,True,['fırın'],,,,,
631,773,evdekendinpisir,https://cdn.yemek.com/author/347367/20220304085040_avatar.jpg,/profil/evdekendinpisir/,Tam Ölçülü: Kalburabastı,Kalburabastı,/tarif/kalburabasti/,45 dk,30 dk,"<p><a href=""https://yemek.com/tarif/serbetli-tatlilarlar/"" target=""_blank"">Şerbetli tatlılar</a>dan olan kalburabastı tatlısı, ismini aldığı şeklinden dolayı hazırlaması zor gibi dursa da elinizin altında metal ya da hasır bir kalbur olduktan sonra gayet kolay aslında. <a href=""https://yemek.com/tarif/"" target=""_blank"">Yemek tariflerinin</a> tamamlayıcısı olan kalburabastı tatlı tarifini hazırlamak bu kadar basit aslında.</p>
<p>Bu nefis <a href=""https://yemek.com/tarif/tatli/"" target=""_blank"">tatlıyı</a> genelde <a href=""https://yemek.com/ramazan/"" target=""_blank"">ramazanda</a> ya da bayramda sofralarımıza konuk etmeyi çok seviyoruz ama bize kalırsa kalburabastı dilediğiniz her an mutfağınızda olmalı. Çünkü bu cevizli, irmikli ve <strong>ağızda dağılan</strong> <strong>kalburabastı tatlısı tarifi</strong> en kolay kalburabastı tariflerinden biri. Tabii sizin hamarat ellerinizden çıkması kaydıyla.</p>
<p>Unutmadan, kalbur yoksa rendenin kalın tarafını kullanabilirsiniz, aklınızda bulunsun.</p>
",recipe,"['limon suyu', 'yumurta', 'toz şeker', 'un', 'su', 'yoğurt', 'irmik', 'toz Antep fıstığı', 'limon', 'oda sıcaklığında tereyağı', 'ceviz içi', 'karbonat', 'sıvı yağ']","['Öncelikle şerbeti hazırlayın. Şeker ve suyu karıştırarak kaynamaya bırakın, kaynadıktan sonra limon suyu sıkarak kısık ateşte 10 dakika kadar kaynatmaya devam edin. Ardından ocaktan alıp ılınmaya bırakın.', 'Tatlı için, un hariç bütün malzemeleri bir araya getirin ve güzelce karıştırın.', 'Karbonatın üzerine limonu sıkın ve köpürmesini sağlayın.', 'Azar azar unu ilave edin. Kıvamına göre 3,5-4 su bardağı kadar alacaktır.', 'Ele yapışmayacak kıvama gelene kadar yoğurun.', 'Cevizden biraz daha büyük olacak şekilde parçalar koparın ve yuvarlayın. İsterseniz süzgeçte ya da kullandığımız gibi bir kesme aparatının üzerine b<span class=""il"">astı</span>rarak şekil almasını sağlayın.', 'Cevizi ortasına koyarak nazikçe birleştirin.', 'Fırın tepsinize dizin, önceden ısıtılmış fırında iyice kızarana kadar 25- 30 dakika pişirin.', 'Fırından çıkınca sıcak tatlının üzerine soğuk şerbeti dökün. Şerbeti iyice çekince servis edin. Afiyetler olsun.']",ŞERBETLİ TATLI,239b56,/tarif/serbetli-tatlilar/,"['Tatlı', 'Şerbetli Tatlı', 'Ramazan']",['çay saati'],['Çay Saati'],"['Fırın', 'Tencere']",,False,2700,1800,2022-04-27T11:10:50Z,3.0,1108463,2563,False,False,True,0,,0,,,,2022/04/kalburabasti-yeni-onecikan.jpg,0,0,https://cdn.yemek.com/mnresize/940/940/uploads/2022/04/kalburabasti-yeni-onecikan.jpg,940,940,False,https://cdn.yemek.com/mncrop/300/200/uploads/2022/04/kalburabasti-yeni-onecikan.jpg,300,200,True,https://cdn.yemek.com/mncrop/940/625/uploads/2022/04/kalburabasti-yeni-onecikan.jpg,940,625,True,https://cdn.yemek.com/mncrop/620/388/uploads/2022/04/kalburabasti-yeni-onecikan.jpg,620,388,True,https://cdn.yemek.com/mncrop/600/315/uploads/2022/04/kalburabasti-yeni-onecikan.jpg,600,315,True,,,,,,
632,696,Yasemin Özaltın,https://cdn.yemek.com/author/35533/20181219061403_avatar.jpg,/profil/yasemingursurer/,En Garanti Tarif: Tas Kebabı,Tas Kebabı,/tarif/tas-kebabi/,50 dk,20 dk,"<p>Suyuna ekmek banılacak yemekleri sevenler ve <a href=""https://yemek.com/tarif/et"" target=""_blank"">etten</a> vazgeçemeyenler için bir klasiktir tas kebabı tarifi. Olmazsa olmazı dana eti, soğan ve suyuna lezzet veren salçadır. Daha da bereketli ve doyurucu hale gelmesi adına içerisine patates ve havuç gibi kök sebzeler eklenir.</p>
<p>Kuşbaşı dana etiyle yapılan en güzel yemeklerden olan, sulu et yemeklerinin en sevileni tas kebabında etleri yumuşacık, lokum gibi pişiriyoruz. Tüm püf noktalarını da sesli olarak videomuzda adım adım anlatıyoruz.</p>
<p>Ayrıca sevdiğiniz baharatları eklemek ve lezzetine lezzet katmak elinizde. Tas kebabını çok sayıda rendelenmiş kuru soğan, salça ve belli başlı baharatlar ile de hazırlayanlar var, yok değil. Belki siz onlardan birisiniz ama tarifi bir de böyle deneyin, yorumlarınızı bizlerle paylaşın.</p>
<p>Küçük bir hatırlatma: Yanına da <a href=""https://yemek.com/tarif/pirinc-pilavi"" target=""_blank"">pirinç pilavı</a> yapmayı unutmayın.</p>
<p>Küçük bir hatırlatma daha, farklı yemek tarifleri için: <a href=""https://yemek.com/tarif/"" target=""_blank"">Yemek Tarifleri</a></p>
",recipe,"['tereyağı', 'sıcak su', 'tuz', 'ayçiçek yağı', 'un', 'sarımsak', 'orta boy havuç', 'orta boy patates', 'orta boy kuru soğan', 'tane karabiber', 'kuşbaşı dana eti', 'kaşığı domates salçası']","['1 yemek kaşığı sıvı yağ ve 2 yemek kaşığı tereyağını tencerede kızdırın.Üzerine 800 gram dana kuşbaşı etini ekleyin ve etler suyunu salıp çekene kadar\xa0kavurun.', 'Yemeklik doğranmış 1 adet soğanı ve 3 diş doğranmış sarımsağı da ekledikten sonra etlerle beraber kavurmaya devam edin.', 'Bu aşamada ekleyeceğiniz 1 yemek kaşığı unu, kokusu çıkana kadar yaklaşık 2-3 dakika etlerle birlikte kavurun. 1 tatlı kaşığı salçayı ekleyin ve karıştırın.', 'Ardından 1 tatlı kaşığı tuz, 1 adet küp doğranmış patates, 1 adet küp doğranmış havuç ve 1 çay kaşığı karabiberi de ekleyip 3 su bardağı su ilave\xa0edin.', 'Kapağını kapattığınız tencerede, kısık ateşte 30 dakika kadar pişirin.', 'Kıvamlı bir sos halini alan suyu ve sebzelerle birlikte pişen eti, sıcak olarak bekletmeden servis edin. Afiyetler olsun!']",ET,239b56,/tarif/et/,"['Et', 'Ramazan', 'Video']","['akşam yemeği', 'öğle yemeği']",['Akşam Yemeği'],['Ocak'],,False,3000,1200,2021-03-24T08:00:17Z,4.0,1107172,7329,False,True,True,0,,0,,,,2014/10/tas-kebabi-yemekcom.jpg,0,0,https://cdn.yemek.com/mnresize/940/940/uploads/2014/10/tas-kebabi-yemekcom.jpg,940,940,False,https://cdn.yemek.com/mncrop/300/200/uploads/2014/10/tas-kebabi-yemekcom.jpg,300,200,True,https://cdn.yemek.com/mncrop/940/625/uploads/2014/10/tas-kebabi-yemekcom.jpg,940,625,True,https://cdn.yemek.com/mncrop/620/388/uploads/2014/10/tas-kebabi-yemekcom.jpg,620,388,True,https://cdn.yemek.com/mncrop/600/315/uploads/2014/10/tas-kebabi-yemekcom.jpg,600,315,True,"['tencere', 'bol proteinli']",,,,,
633,304,Yasemin Özaltın,https://cdn.yemek.com/author/35533/20181219061403_avatar.jpg,/profil/yasemingursurer/,Kafelerde Yediklerinizden Farksız: Çikolatalı Sufle,Çikolatalı Sufle,/tarif/cikolatali-sufle/,10 dk,8 dk,"<p><a href=""https://yemek.com/tarif/cikolatali-tatlilar/"" target=""_blank"">Çikolatalı tatlıların</a> en kısa sürede pişenlerinden, akışkan içi sayesinde öncelikle görsel şölen yaşatan ve yedikçe yemek isteyeceğiniz sufleyi hazırlamak, püf noktalarını dikkatlice okursanız oldukça pratik. Böylece her seferinde dışarı çıkıp bir kafede yediğiniz o harika sufleyi evde kendiniz yapabilecek, <a href=""https://yemek.com/tarif/"" target=""_blank"">yemek tariflerinizin</a> yanında sunabileceksiniz.</p>
<p><a href=""https://yemek.com/tarif/tatli/"" target=""_blank"">Tatlı</a> tariflerinin en sevilenlerinden bu sufle tarifinde her kaşıkta çikolatanın yoğun lezzetini hissedecek, akışkan kıvamına her seferinde yeniden hayran olacaksınız.</p>
",recipe,"['tereyağı', 'tereyağı', 'tuz', 'yumurta', 'toz şeker', 'süt', 'un', 'kakao', 'pudra şekeri', 'bitter çikolata']","['125 mililitre sütü bir sos tenceresine alın ve kaynama noktasına gelinceye kadar ısıtın.', 'İçerisine çikolatayı ilave edin.\xa0Çikolata eridikten sonra ocaktan alın.', 'Ayrı bir sos tenceresinde 2 yemek kaşığı tereyağını eritin.', 'Üzerine 1,5 yemek kaşığı unu ilave ederek, kokusu çıkana kadar kavurun.', 'Unun kokusu çıktıktan sonra çikolatalı süt karışımının içerisine ilave edin ve 2 yemek kaşığı toz şekeri ilave ederek sürekli olarak karıştırın.', '3 adet yumurta sarılarını da ilave edin, 2 dakika daha karıştırdıktan sonra ocaktan alın ve soğumaya bırakın.', 'Derin bir kasede 3 adet yumurta beyazlarını bir çimdik tuz ile birlikte kaseyi ters çevirdiğinizde akmayacak kıvama gelinceye kadar çırpın.', 'Soğumuş olan çikolatalı karışım ile köpük haline gelmiş yumurta aklarını birleştirin ve spatula yardımıyla karıştırın.', 'Yağlanmış ve kakao ile kaplanmış sufle kaplarına bir parmak boşluk kalacak şekilde harcı bölüştürün ve önceden ısıtılmış 200 derece fırında 10 dakika pişirin.', 'Fırından çıkar çıkmaz üzerine pudra şekeri serpiştirip servis edin, afiyet olsun!']",ÇİKOLATALI TATLI,239b56,/tarif/cikolatali-tatlilar/,"['Tatlı', 'Video', 'Dünya Mutfakları', 'Çikolatalı Tatlı']","['ekonomik', 'ara öğün', 'çay saati']",['Çay Saati'],['Fırın'],,False,600,480,2022-03-25T08:05:24Z,4.0,1091967,8162,False,True,True,0,,0,,,,2014/09/cikolatali-sufle-yemekcom.jpg,0,0,https://cdn.yemek.com/mnresize/940/940/uploads/2014/09/cikolatali-sufle-yemekcom.jpg,940,940,False,https://cdn.yemek.com/mncrop/300/200/uploads/2014/09/cikolatali-sufle-yemekcom.jpg,300,200,True,https://cdn.yemek.com/mncrop/940/625/uploads/2014/09/cikolatali-sufle-yemekcom.jpg,940,625,True,https://cdn.yemek.com/mncrop/620/388/uploads/2014/09/cikolatali-sufle-yemekcom.jpg,620,388,True,https://cdn.yemek.com/mncrop/600/315/uploads/2014/09/cikolatali-sufle-yemekcom.jpg,600,315,True,['fırın'],,,['Fransa'],,
634,827,Yasemin Özaltın,https://cdn.yemek.com/author/35533/20181219061403_avatar.jpg,/profil/yasemingursurer/,Lokum Tadında: Et Sote,Et Sote,/tarif/et-sote/,50 dk,20 dk,"<p>''Etim pişirirken sertleşiyor'' sorununu çözmeye geliyor bu nefis <a href=""https://yemek.com/tarif/"" target=""_blank"">yemek tarifimiz</a>. <a href=""https://yemek.com/tarif/et"" target=""_blank"">Et tarifleri</a> arasında en klasiklerden sayılan et sote tarifi buyurun. Bu tarifle et sote denediğinizde pişirdiğiniz <strong>etler lokum kıvamında ve yumuşacık</strong> oluyor. Lezzet seviyesi içerisine konan domates, soğan ve biberle birlikte zirveye çıkıyor. Bu zamana kadar denediğiniz hiçbir et sote tarifinden bu denli iyi bir sonuç almadığınızdan eminiz. Karşınızda tüm püf noktaları ve lezzet sırlarıyla yumuşacık pişen et sote tarifi.</p>
<p>Etli yemeklerin en kolay ve en dikkatli şekilde pişirilmesi de şart olan tariflerinin başında geliyor kendileri. <strong>Yüksek ısıda mühürlemek</strong>, soğan ve domatesini mutlaka ilave etmek şart. Yanına bir pilav ve salatayla en şahane öğüne dönüşüyor. Adım adım resimli anlatımıyla et sote tarifimizi denemeye davetlisiniz.</p>
",recipe,"['biber salçası', 'sıcak su', 'tuz', 'zeytinyağı', 'domates salçası', 'kekik', 'taze çekilmiş tane karabiber', 'orta boy kuru soğan', 'orta boy domates', 'orta boy yeşil biber', 'sotelik dana eti']","['Döküm bir tavada 4 yemek kaşığı zeytinyağını kızdırın. 1 adet yemeklik ince doğradığınız soğanları tavaya ekleyin.', 'Renk alan soğanların üzerine 3 adet doğranmış yeşil biber ekleyin ve sotelemeye devam edin.', 'Sotelik doğradığınız 600 gram dana etini ilave edin.', 'Suyunu salmaması, lezzet ve vitamin değerini hapsetmesi için; yüksek ateşte, yaklaşık 2-3 dakika hiç karıştırmadan mühürleyin.', 'Dış kısmı renk alan etleri aralarda karıştırarak yüksek ateşte sotelemeye devam edin.', '3 adet soyulmuş, doğranmış domatesi\xa0ekleyerek karıştırın. Ardından 1 çay kaşığı tuz, karabiber, 1 tatlı kaşığı kekiği de ekleyin.', 'Bir tatlı kaşığı domates ve yarım tatlı kaşığı biber salçasını 1 su bardağı sıcak su ile sulandırdıktan sonra azar azar tavaya ekleyin.', 'Kısık ateşte etler yumuşayana kadar pişirin.', 'Etleri yumuşayan soteyi, lezzetli suyuyla birlikte servis tabaklarına alın ve sıcak sıcak servis edin. Afiyet olsun!']",ET,239b56,/tarif/et/,"['Et', 'Ramazan', 'Video']","['akşam yemeği', 'öğle yemeği']","['Öğle Yemeği', 'Akşam Yemeği']","['Tencere', 'Ocak']",['Ekonomik'],False,3000,1200,2021-06-27T08:43:24Z,4.0,1064923,6300,False,True,True,0,,0,,,,2014/10/etsote-yemekcom.jpg,0,0,https://cdn.yemek.com/mnresize/940/940/uploads/2014/10/etsote-yemekcom.jpg,940,940,False,https://cdn.yemek.com/mncrop/300/200/uploads/2014/10/etsote-yemekcom.jpg,300,200,True,https://cdn.yemek.com/mncrop/940/625/uploads/2014/10/etsote-yemekcom.jpg,940,625,True,https://cdn.yemek.com/mncrop/620/388/uploads/2014/10/etsote-yemekcom.jpg,620,388,True,https://cdn.yemek.com/mncrop/600/315/uploads/2014/10/etsote-yemekcom.jpg,600,315,True,"['tencere', 'bol proteinli', 'glutensiz']",,,,,
635,23805,Cemre Özgüzel,https://cdn.yemek.com/author/109/20200211010242_avatar.jpg,/profil/cemre-ozguzel/,İşin Sırrı Hamurunda: Pofuduk Poğaça,Pofuduk Poğaça,/tarif/pofuduk-pogaca/,25 dk,15 dk,"<p>Üzerine bastırdığınızda içine göçüp sonra hemencecik eski formuna dönen, iç dokusu yumuşacık bir <a href=""https://yemek.com/tarif/pogaca"" target=""_blank"">poğaçayı</a> misafir ediyoruz. Bu poğaçaların en önemli sırlarının başında içerisinde ılık malzemeler kullanmak geliyor. Kullanacağınız tüm sıvı malzemelerin ılık olması ve diğer malzemelerin oda sıcaklığına olması o pofuduk kıvamı yakalamanıza yardımcı oluyor.</p>
<p>En önemli ikinci püf noktası ise mayalandırma kısmı. Hamurunuzu önce oda sıcaklığında mayalandırın mutlaka. Şekil verdikten sonra bırakın biraz daha dinlensin, güzelleşsin. Yumuşacık kıvamının sırrı malzemelerse, pişerken puf puf olmasının sırrı mayalandırma işlemi. Bu noktalara dikkat edin, gerisini hiç düşünmeyin. <img src=""https://cdn.yemek.com/assets/images/smiley/wink.png"" class=""wp-smiley img-responsive"" /></p>
<p>Herkesin sırlarının peşinden koşacağı <a href=""https://yemek.com/tarif/"" target=""_blank"">tarif</a>imize bekleniyorsunuz.</p>
",recipe,"['tereyağı', 'tuz', 'yumurta', 'toz şeker', 'un', 'yumurta sarısı', 'ılık su', 'susam', 'ılık süt', 'instant maya']","['Tereyağını minik bir sos tenceresinin içerisinde eritin.', 'Erittikten sonra birkaç dakika soğumaya bırakın.', 'Soğuduktan sonra derin bir kabın içerisine ılık süt, yumurta, mayayı, suyun bir kısmı, ertilmiş tereyağı ve şekeri aktarın.', 'Güzelce karıştırdıktan sonra azar azar un ilave ederek yoğurmaya başlayın. Bu aşamada eğer ihtiyacınız varsa suyun geriye kalanını da ilave edin.\xa0 Tuzu da ekleyerek ele yapışmayan yumuşacık bir hamur elde edin.', 'Elde ettiğiniz hamuru temiz bir kaba aktarın ve üzerini streç film ile hava almayacak şekilde güzelce kapatın. 1 saat kadar oda sıcaklığında mayalandırın.', 'Mayalanan poğaçaları dilediğiniz iç harcı koyarak lezzetlendirin ya da sade bir biçimde şekil vererek yağlı kağıt serili fırın tepsisinin üzerine dizin.', 'Üzerini streç filme kapatın ve oda sıcaklığında 15-20 dakika kadar ikinci mayalandırma için bekletin.', 'Ardından üzerine yumurta sarısı sürün, susam serpin ve 180 derecede ısıtılmış fırında üzeri de kızarana kadar 20-25 dakika kadar pişirin.', 'Çıkarıp oda sıcaklığında bir süre dinlendirdikten sonra afiyetle tüketin.']",POĞAÇA,239b56,/tarif/pogaca/,"['Hamur İşi', 'Poğaça']",['çay saati'],"['Kahvaltı', 'Çay Saati']",['Fırın'],"['Ekonomik', 'Vejetaryen']",False,1500,900,2017-10-11T07:06:16Z,4.0,1016294,3366,False,False,False,0,,0,,,,2017/10/pofuduk-pogaca-tarifi.jpg,0,0,https://cdn.yemek.com/mnresize/940/940/uploads/2017/10/pofuduk-pogaca-tarifi.jpg,940,940,False,https://cdn.yemek.com/mncrop/300/200/uploads/2017/10/pofuduk-pogaca-tarifi.jpg,300,200,True,https://cdn.yemek.com/mncrop/940/625/uploads/2017/10/pofuduk-pogaca-tarifi.jpg,940,625,True,https://cdn.yemek.com/mncrop/620/388/uploads/2017/10/pofuduk-pogaca-tarifi.jpg,620,388,True,https://cdn.yemek.com/mncrop/600/315/uploads/2017/10/pofuduk-pogaca-tarifi.jpg,600,315,True,['fırın'],,,,,
636,2040,Yasemin Özaltın,https://cdn.yemek.com/author/35533/20181219061403_avatar.jpg,/profil/yasemingursurer/,Üzeri Kızarmış: Fırın Sütlaç,Fırın Sütlaç,/tarif/firin-sutlac/,45 dk,30 dk,"<p><a href=""https://yemek.com/tarif/sutlu-tatlilar/"" target=""_blank"">Sütlü tatlı</a>ların en besleyici olanı, pirincin en güzel ve <a href=""https://yemek.com/tarif/tatli/"" target=""_blank"">tatlı</a> halidir <a href=""https://yemek.com/tarif/sutlac/"" target=""_blank"">sütlaç</a>. Bu sefer bizim yaptığımız gibi tarifinde küçük bir farklılık yapıp yumurta sarısı ilavesiyle pişirdiğinizde ve porsiyonluk fırın kaplarında pişirme işlemini sürdürdüğünüzde fırın sütlaç göz kırpar size.</p>
<p>Tarçın ilavesi ile soğuk soğuk yendiğinde tadına doyum olmaz. <strong>Tam ölçülü ve kıvamı asla şaşmayan</strong> bir <a href=""https://yemek.com/tarif/"" target=""_blank"">tarif</a> üstelik. Bir yiyenin lezzetine hayran kalacağı fırın sütlaçlar karşınızda! Bir kase yesek mi?</p>
",recipe,"['pirinç', 'toz şeker', 'süt', 'su', 'su', 'yumurta sarısı', 'buğday nişastası', 'vanilin']","['Fırın sütlaç için öncelikle bol suda yıkadığınız pirinçleri; bir tencerede, 2 su bardağı suyu ekleyerek orta ateşte suyunu çekene kadar haşlayın.', 'Soğuk süt ve toz şekeri ayrı bir geniş tencereye alın.\xa0Bir çırpma teliyle toz şeker eriyene kadar karıştırdıktan sonra ocağa alın. Kısık ateşte kaynamaya bırakın.', 'Vanilini toz şeker eriğinde süte ekleyin.', 'Haşlanan pirinçleri ocaktan alın ve fazla suyu kaldıysa süzün.', '1-2 dakika kadar kaynayan şekerli süte haşlanmış pirinçleri ilave edin.', 'Yumurta sarısını, buğday nişastası ve 1 bardak su ilavesiyle ayrı bir kabın içerisine alın.', 'Pürüzsüz bir kıvam alana kadar karıştırın.', 'Yumurta sarısının kesilmemesi için; kısık ateşte kaynamakta olan süt karışımından alıp nişastalı karışımı ılıştırın.', 'Hazırladığınız yumurta sarılı karışımı sütlaç tenceresine azar azar katıp hızlıca karıştırın.', 'Kıvam alan sütlacı, ısıya dayanıklı porsiyonluk güveç kaplarına eşit ölçüde boşaltın.', 'Sütlaç kaselerini, derin bir fırın tepsisine aralıklı olarak dizin. Kapların yarısına gelecek kadar soğuk suyu, sütlaçlara değdirmeden tepsiye dökün.', 'Fırına verdiğiniz sütlaçları, önceden ısıtılmış 200 derece fırında 12-15 dakika kadar pişirin.', 'Fırından bir mutfak eldiveni yardımıyla çıkardığınız sütlaç kaselerini, oda ısısında soğuttuktan sonra buzdolabına kaldırın. Soğuttuktan sonra fırın sütlaçları sevdiklerinizle paylaşın.']",SÜTLÜ TATLI,239b56,/tarif/sutlu-tatlilar/,"['Tatlı', 'Ramazan', 'Sütlü Tatlı', 'Video']","['ekonomik', 'ara öğün', 'çay saati']","['Ara Öğün', 'Çay Saati']","['Fırın', 'Tencere']",,False,2700,1800,2019-05-02T08:14:33Z,4.0,1200815,6587,False,True,True,0,,0,,,,2015/03/ytk-firin-sutlac-site.jpg,0,0,https://cdn.yemek.com/mnresize/940/940/uploads/2015/03/ytk-firin-sutlac-site.jpg,940,940,False,https://cdn.yemek.com/mncrop/300/200/uploads/2015/03/ytk-firin-sutlac-site.jpg,300,200,True,https://cdn.yemek.com/mncrop/940/625/uploads/2015/03/ytk-firin-sutlac-site.jpg,940,625,True,https://cdn.yemek.com/mncrop/620/388/uploads/2015/03/ytk-firin-sutlac-site.jpg,620,388,True,https://cdn.yemek.com/mncrop/600/315/uploads/2015/03/ytk-firin-sutlac-site.jpg,600,315,True,['fırın'],,,,,
637,85,Yasemin Özaltın,https://cdn.yemek.com/author/35533/20181219061403_avatar.jpg,/profil/yasemingursurer/,Terbiyesinin Kesilme Derdi Yok: Yayla Çorbası,Yayla Çorbası,/tarif/yayla-corbasi/,35 dk,15 dk,"<p>Yayla çorbasının tadına varmak için yaz ya da kış fark etmez! Anadolu’nun geleneksel çorbalarından ve <a href=""https://yemek.com/tarif/"" target=""_blank"">yemek tariflerinden</a> biri olan bu lezzet size de nane <strong>ferahlığını</strong> çağrıştırmıyor mu?</p>
<p><a href=""https://yemek.com/tarif/kahvaltiliklar/"" target=""_blank"">Kahvaltı</a>dan akşam yemeğine günün her saati tüketebileceğiniz bu <strong>pratik</strong> ve besleyici <a href=""https://yemek.com/tarif/corba/"" target=""_blank"">çorba tarifi</a>ni püf noktalarına dikkat ederek birlikte hazırlayalım.</p>
<p>En güzel çorba <strong>tariflerinden</strong> biri olan yayla çorbası tarifinde bulunan yoğurt sayesinde bir vitamin kaynağıdır. Hatta bu yüzden yoğurt çorbası olarak bile anılır.</p>
<p>Pirinçli, yoğurtlu bu yayla çorbasının tarifi hem videolu hem de adım adım resimli olarak tüm <strong>püf noktalarıyla</strong> karşınızda. Farklı yayla çorbası tarifi arayanlar için <a href=""https://yemek.com/tarif/yumurtasiz-yayla-corbasi/"" target=""_blank"">yumurtasız yayla çorbası</a> ve <a href=""https://yemek.com/tarif/kolay-yayla-corbasi/"" target=""_blank"">kolay yayla çorbası</a> tarifimizi de öneririz.</p>
",recipe,"['pirinç', 'tereyağı', 'tuz', 'pul biber', 'un', 'su', 'yoğurt', 'yumurta sarısı', 'zeytinyağı', 'kuru nane', 'limonun suyu']","['Çorbayı pişireceğiniz tencereye 2 su bardağı yoğurt, 1,5 yemek kaşığı un, 2 yemek kaşığı limon suyu ekleyip pürüzsüz bir kıvama gelene kadar karıştırın.', '1 yumurta sarısını da karışımın üzerine ekledikten sonra tekrar karıştırın.', '6 su bardağı soğuk suyu da ilave edip orta ateşte kaynamaya bırakın.', 'Çorba kaynamaya başlayınca yıkayıp süzdüğünüz 1 çay bardağı pirinci ekleyin ve tekrar kaynamaya bırakın.', ""Bu sırada ayrı bir tavada 2'şer yemek kaşığı zeytinyağı ve tereyağını kızdırın. 1 yemek kaşığı kuru naneyi de üzerine ekleyip karıştırın ve ocaktan alın."", 'Hazırladığınız yağı kaynamakta olan çorbanın üzerine dökün. Pul biberi ve tuzu da ekleyin.', 'Güzelce karıştırıp ocağın altını kapatın.', 'Yayla çorbanız hazır, afiyet olsun!']",ÇORBA,,/tarif/corba/,"['Çorba', 'Ramazan', 'Video']","['pratik yemek tarifleri', 'ekonomik', 'başlangıç', 'akşam yemeği', 'öğle yemeği']","['Başlangıç', 'Öğle Yemeği', 'Ara Öğün', 'Akşam Yemeği']",['Tencere'],"['Ekonomik', 'Vejetaryen', 'Düşük Karbonhidratlı']",False,2100,900,2019-05-17T08:15:01Z,4.0,1190925,10054,False,True,True,0,,0,,,,2014/06/yayla-corbasi-yemekcom.jpg,0,0,https://cdn.yemek.com/mnresize/940/940/uploads/2014/06/yayla-corbasi-yemekcom.jpg,940,940,False,https://cdn.yemek.com/mncrop/300/200/uploads/2014/06/yayla-corbasi-yemekcom.jpg,300,200,True,https://cdn.yemek.com/mncrop/940/625/uploads/2014/06/yayla-corbasi-yemekcom.jpg,940,625,True,https://cdn.yemek.com/mncrop/620/388/uploads/2014/06/yayla-corbasi-yemekcom.jpg,620,388,True,https://cdn.yemek.com/mncrop/600/315/uploads/2014/06/yayla-corbasi-yemekcom.jpg,600,315,True,"['tencere', 'düşük karbonhidratlı']",greenLight,,,,
638,761,Yasemin Özaltın,https://cdn.yemek.com/author/35533/20181219061403_avatar.jpg,/profil/yasemingursurer/,Anne Usulü: Karnıyarık,Karnıyarık,/tarif/karniyarik/,50 dk,30 dk,"<p>Sofraların olmazsa olmazı, <a href=""https://yemek.com/tarif/pirinc-pilavi/"" target=""_blank"" rel=""noopener"">pilavın</a> sevdalısı, <a href=""https://yemek.com/tarif/cacik/"" target=""_blank"" rel=""noopener"">cacığın</a> en iyi dostu, <a href=""https://yemek.com/tarif/"" target=""_blank"" rel=""noopener"">yemek tariflerinin</a> gözdesi, anneye bolca sipariş verilen karnıyarık hazırlıyoruz. Duymayan kalmasın. Arzu eden bize katılsın. Patlıcanları kızartmak istemeyen fırınını önceden ısıtsın.</p>
<p>Karnıyarık tarifinde başrol malzememiz her zaman olduğu gibi sebzelerin en çok kıskanılanı patlıcan. Kendisi malumunuz üzerine binlerce yazıda en çok sevilen sebze olarak yer almıştır. Yine karnıyarık tarifinde öne çıkan bir diğer malzeme ise, karnıyarığı imam bayıldıdan ayıran kıyma. Kendisi karnıyarık tarifini de lezzet getiriyor.</p>
<p>Biz de bu <strong>fırında karnıyarık</strong> tarifinde karnıyarık içinin tencerede nasıl hazırlanacağından karnıyarık yemeğinin adım adım resimli aşamalarıyla nasıl yapıldığına hepsini tek tek anlatmak istedik.</p>
<p>Vejetaryen karnıyarık olan <a href=""https://yemek.com/imam-bayildinin-hikayesi/"" target=""_blank"" rel=""noopener"">imam bayıldı</a> gibi hikayelere konuk olmasa da kendisi başlı başına bir hikaye karnıyarığın. İnanmayan pilava, cacığa, yanında kırılan soğana sorsun. Tüm lokanta yemekleri tarifleri karnıyarığa olan aşkını anlatacaktır.</p>
<p>O yüzden hazır edin patlıcanı, <a href=""https://yemek.com/tarif/kiyma-kavurma/"" target=""_blank"" rel=""noopener"">kıyma</a>yı, soğanı, zeytinyağını bu akşam misler gibi karnıyarık yapmak için mutfağa giresimiz var.</p>
<p>Yapanların ellerine sağlık.</p>",recipe,"['biber salçası', 'tuz', 'ayçiçek yağı', 'sarımsak', 'maydanoz', 'zeytinyağı', 'karabiber', 'domates salçası', 'domates', 'yeşil biber', 'kıyma', 'büyük boy kuru soğan', 'orta boy patlıcan', 'orta boy yeşil sivri biber']","['<p>Bol suda yıkadığınız patlıcanları, pijamalı şekilde soyun ve tuzlu suda bekletin. 3 yemek kaşığı zeytinyağını bir tavada kızdırın. Yemeklik doğradığınız 1 adet soğanı da üzerine ekleyip pembeleşene kadar kavurun. 2 adet doğranmış yeşil biberi ilave edip kavurmaya devam edin.</p>', '<p>350 gram orta yağlı kıymayı da ekleyin ve kavrulmakta olan soğanlarla birlikte renk alıp, suyunu çekene kadar pişirin.</p>', ""<p>Aralarda karıştırıp pişirme işlemine devam ederek sırasıyla; 2 diş sarımsak, yarım tatlı kaşığı domates salçası, yarım tatlı kaşığı biber salçası, 1'er çay kaşığı tuz ve karabiber ekleyin.\xa0</p>"", '<p>2 adet küp doğranmış domatesi ekleyin, 5 dakika kadar pişirdikten sonra ocağın altını kısın ve bir avuç doğranmış maydanozu ekleyip son kez karıştırarak ocaktan alın.</p>', '<p>Acısını alıp, pijamalı soyduğunuz 6 adet patlıcanı kızartın.</p>', '<p>Fırına dayanıklı bir kaba yerleştirin.</p>', '<p>Orta kısımlarından patlıcanları yarın.</p>', '<p>Hazırladığınız iç harçtan bol bol ekleyin.</p>', '<p>Patlıcanların üzerine birer cherry domates ve biber dilimleri ekleyin.</p>', '<p>Karnıyarıkları önceden ısıtılmış 170 derece fırında 20-25 dakika kadar pişirdikten sonra, sıcak olarak, dilerseniz tereyağlı pirinç pilavı eşliğinde servis edin, afiyet olsun!</p>']",SEBZE,239b56,/tarif/sebze/,"['Sebze', 'Ramazan', 'Video', 'Sulu Yemek', 'Mevsiminde']",,"['Öğle Yemeği', 'Akşam Yemeği']","['Fırın', 'Kızartma', 'Tencere']",,False,3000,1800,2019-05-14T11:19:27Z,4.0,1185751,6345,False,True,True,0,,0,,,,2014/10/karniyarik-yemekcom.jpg,0,0,https://cdn.yemek.com/mnresize/940/940/uploads/2014/10/karniyarik-yemekcom.jpg,940,940,False,https://cdn.yemek.com/mncrop/300/200/uploads/2014/10/karniyarik-yemekcom.jpg,300,200,True,https://cdn.yemek.com/mncrop/940/625/uploads/2014/10/karniyarik-yemekcom.jpg,940,625,True,https://cdn.yemek.com/mncrop/620/388/uploads/2014/10/karniyarik-yemekcom.jpg,620,388,True,https://cdn.yemek.com/mncrop/600/315/uploads/2014/10/karniyarik-yemekcom.jpg,600,315,True,,,"['Haziran', 'Temmuz', 'Ağustos']",,,
639,24660,Yasemin Özaltın,https://cdn.yemek.com/author/35533/20181219061403_avatar.jpg,/profil/yasemingursurer/,Evdeki Malzemelerle: Fincan Tatlısı,Fincan Tatlısı,/tarif/fincan-tatlisi/,15 dk,5 dk,"<p>Pratik lezzetlerden vazgeçemeyenlere, yemeklerin sunumuna önem verenlere müjdemiz var! Evdeki malzemelerle hızlıca yapabileceğiniz fincan tatlısı, Hindistan cevizi ve meyveler ile süslenerek adeta evde bir dekor olarak kullanabileceğiniz güzellikte oluyor. Yemeyip yanında yatasınız geliyor <img src=""https://cdn.yemek.com/assets/images/smiley/smile.png"" class=""wp-smiley img-responsive"" /></p>
<p>Bu pratik <a href=""https://yemek.com/tarif/"" target=""_blank"">tarifte</a> zevkinize göre değişiklikler yapabilirsiniz. Çoğunlukla vanilya aromalı hazırlanan muhallebiyi dilerseniz kakaolu, çilekli veya muzlu yaparak, farklı ve şık bir sunum elde edebilirsiniz. Hatta iki renkli hazırlamak bile müthiş bir hava katacaktır. Videoyu aşağıya iliştirdik. Çay saatleriniz ve özel davetleriniz için oldukça kolay hazırlanacak bu <a href=""https://yemek.com/tarif/sutlu-tatlilar/"" target=""_blank"">sütlü</a> <a href=""https://yemek.com/tarif/tatli/"" target=""_blank"">tatlıyı</a> mutlaka denemenizi öneriyoruz. Afiyet olsun!</p>
",recipe,"['toz şeker', 'süt', 'un', 'margarin', 'çilek (arzuya göre muz)', 'vanilin', 'Hindistan cevizi rendesi']","['Derin bir tencereye süt, un ve şekeri ekleyip çırpma teli yardımıyla karıştırarak muhallebi kıvamına gelene kadar pişirin.', 'Muhallebi koyu kıvam alıp göz göz\xa0 fokurdamaya başlayınca margarin ve vanilini ekleyin ve tekrar karıştırın.Pişen muhallebiyi ocaktan alın.', 'Orta boy kahve fincanına 2 parmak boşluk bırakacak şekilde, kepçe yardımıyla muhallebiyi dökün.', 'Fincandaki muhallebileri önce oda sıcaklığına getirdikten sonra buzdolabında en az 4 saat soğumaya bırakın.', 'Soğuyan muhallebileri fincandan yavaşça çıkarın ve Hindistan cevizine bulayın.', 'Hindistan cevizine bulanan muhallebileri servis tabağına alın ve üzerini dilediğiniz meyve ile süsleyip servis edin.']",SÜTLÜ TATLI,239b56,/tarif/sutlu-tatlilar/,"['Tatlı', 'Sütlü Tatlı', 'Video']","['ekonomik', 'çay saati']",['Çay Saati'],['Tencere'],"['Ekonomik', 'Vejetaryen', 'Bol Proteinli']",False,900,300,2020-11-09T07:31:32Z,4.0,1167935,7485,False,True,True,0,,0,,,,2017/10/fincan-tatlisi-tarifi.jpg,0,0,https://cdn.yemek.com/mnresize/940/940/uploads/2017/10/fincan-tatlisi-tarifi.jpg,940,940,False,https://cdn.yemek.com/mncrop/300/200/uploads/2017/10/fincan-tatlisi-tarifi.jpg,300,200,True,https://cdn.yemek.com/mncrop/940/625/uploads/2017/10/fincan-tatlisi-tarifi.jpg,940,625,True,https://cdn.yemek.com/mncrop/620/388/uploads/2017/10/fincan-tatlisi-tarifi.jpg,620,388,True,https://cdn.yemek.com/mncrop/600/315/uploads/2017/10/fincan-tatlisi-tarifi.jpg,600,315,True,['tencere'],,,,,
640,119,Yasemin Özaltın,https://cdn.yemek.com/author/35533/20181219061403_avatar.jpg,/profil/yasemingursurer/,Tam Ölçülü Mükemmel Lezzet: Şerbetli İrmik Tatlısı,Şerbetli İrmik Tatlısı,/tarif/serbetli-irmik-tatlisi/,1 sa,20 dk,"<p>İrmik tatlısının ne kadar efsane bir lezzet olduğuna değinmiş ve <a href=""https://yemek.com/tarif/irmik-tatlisi/"" target=""_blank"">irmik tatlısı tarifi</a>ni sizlerle paylaşmıştık. İrmik tatlısının lezzetini bir kat daha arttırmak ve damaklarda kalıcı bir tat bırakmak üzere bu sefer tarifine şerbet ekliyor ve fırında pişiriyoruz. <a href=""https://yemek.com/tarif/tatli/"" target=""_blank"">Tatlı tarifleri</a> arasında ona ayrı bir yer ayıracaksınız. <a href=""https://yemek.com/az-malzemeli-serbetli-tatlilar/"" target=""_blank"">Az malzemeli şerbetli tatlılar</a> arasında en çok sevilen tatlılardan biri olmaya da aday kendileri. Karşınızda çay saatlerinizin vazgeçilmezlerinden biri olacak şerbetli irmik tatlısı tarifi!</p>
<p>Mutfağa yeni yeni girmeye başlayanların bile kolaylıkla yapabileceği bir tarif üstelik. Sünger gibi kıvamı sayesinde tüm şerbetini içine çekiyor. Yumuşacık dokulu mükemmel bir lezzete dönüşüyor. Dilerseniz üzerine fıstık, file badem gibi malzemeler ilave ederek süsleyebilirsiniz. Çayınızın yanına hemen hazır! Şimdiden ellerinize sağlık.</p>
<p>Adım adım resimli ve videolu anlatımıyla irmik tatlısı <a href=""https://yemek.com/tarif/"" target=""_blank"">tarifi</a> karşınızda!</p>
<p>İrmikli tatlı tarifleri arasında özel bir yere koyacağınız <a href=""https://yemek.com/tarif/serbetli-tatlilar/"" target=""_blank"">şerbetli</a> irmik tatlısından sonra daha hafif bir alternatif isterseniz <a href=""https://yemek.com/tarif/sutlu-irmik-tatlisi/"" target=""_blank"">sütlü irmik tatlısına</a> da şans verebilirsiniz.</p>
",recipe,"['tereyağı', 'limon suyu', 'yumurta', 'toz şeker', 'toz şeker', 'süt', 'un', 'kabartma tozu', 'su', 'yoğurt', 'irmik', 'vanilin']","['3 adet yumurta, 9 yemek kaşığı toz şeker ve 1 çay bardağı yoğurdu derin bir kapta mikser yardımıyla toz şeker eriyene kadar çırpın.', '1 su bardağı süt, 1 paket vanilini ekleyin.', '1,5 su bardağı elenmiş un, 9 yemek kaşığı irmik ve 1 paket kabartma tozunu sırasıyla ekleyin.\xa0 Ardından güzelce karıştırın.', 'Fırın kabını tereyağı ile yağlayın ve tatlı harcını kalıba aldıktan sonra üzerini bir spatula yardımıyla düzeltin.', 'Tatlıyı önceden ısıtılmış 175 derece fırında 35 dakika kadar pişirin.', 'Tatlının şerbeti için; 2 su bardağı toz şeker ve 2 su bardağı suyu 10 dakika kadar kaynatın. 3-4 damla limon suyunu katın ve kaynayan şerbeti 5 dakika sonra ocaktan alın, ılınması için bekletin.', 'Fırından aldığınız sıcak tatlının üzerine ılık şerbeti dökün, şerbetini içine çekmesi için 10 dakika kadar bekledikten.', 'Sonra dilimleyin.', 'Ardından servis edin.\xa0Afiyet olsun!']",ŞERBETLİ TATLI,239b56,/tarif/serbetli-tatlilar/,"['Tatlı', 'Şerbetli Tatlı', 'Ramazan', 'Video']","['ekonomik', 'çay saati']",['Çay Saati'],"['Fırın', 'Tencere']","['Ekonomik', 'Vejetaryen']",False,3600,1200,2019-05-06T08:58:21Z,4.0,1133250,2164,False,True,True,0,,0,,,,2014/06/serbetli-irmik-tatlisi-yemekcom.jpg,0,0,https://cdn.yemek.com/mnresize/940/940/uploads/2014/06/serbetli-irmik-tatlisi-yemekcom.jpg,940,940,False,https://cdn.yemek.com/mncrop/300/200/uploads/2014/06/serbetli-irmik-tatlisi-yemekcom.jpg,300,200,True,https://cdn.yemek.com/mncrop/940/625/uploads/2014/06/serbetli-irmik-tatlisi-yemekcom.jpg,940,625,True,https://cdn.yemek.com/mncrop/620/388/uploads/2014/06/serbetli-irmik-tatlisi-yemekcom.jpg,620,388,True,https://cdn.yemek.com/mncrop/600/315/uploads/2014/06/serbetli-irmik-tatlisi-yemekcom.jpg,600,315,True,['fırın'],,,,,
641,1681,Yasemin Özaltın,https://cdn.yemek.com/author/35533/20181219061403_avatar.jpg,/profil/yasemingursurer/,En Pratik ve En Yumuşacık Kıvamlı: Ağlayan Pasta,Ağlayan Pasta,/tarif/aglayan-pasta/,25 dk,20 dk,"<p><a href=""https://yemek.com/tarif/kakaolu-islak-kek/"" target=""_blank"">Kakaolu ıslak kek</a> ya da <a href=""https://yemek.com/tarif/gercek-browni/"" target=""_blank"">brownie</a>'yi andıran kek tabanı üzerinde yer alan çırpılmış krem şanti ve akışkan çikolata sosla birlikte ağlayan pasta, oldukça davetkar! Yumuşacık keki, bol kakaolu <a href=""https://yemek.com/tarif/cikolata-sosu/#gref"">çikolata sosu</a> ve krem şantinin müthiş uyumuna şahit olacağınız bu kolay ve pratik, büyük tepside ağlayan pasta tarifini mutlaka denemelisiniz.</p>
<p>Tam kıvamında bir ağlayan pasta yapmak, o hafif ıslak dokusunu da yakalamak bazen bir hayli zor olabiliyor. Ama vereceğimiz nefis <a href=""https://yemek.com/tarif/"" target=""_blank"">tarifle</a> pastanızı kolaylıkla yapmanız mümkün. Biz klasik ağlayan pastaya kendi yorumumuzu katarak hazırladık. Siz de muhallebili ağlayan pasta,  kedi dili ağlayan pasta, çilekli ağlayan pasta, muzlu ağlayan pasta gibi farklı çeşitlerini tarifimizden yola çıkarak uyarlayabilirsiniz!</p>
<p>Küçükten büyüğe herkesin bayılarak tüketeceği, bol çikolatalı olmasına rağmen oldukça hafif olan, <a href=""https://yemek.com/tarif/pasta-tatli/"" target=""_blank"">pasta tariflerinin</a> en hüzünlüsü ağlayan pastanın videolu ve resimli tarifini aşağıya bırakıyoruz, sevdiklerinizle bu <a href=""https://yemek.com/tarif/tatli/"" target=""_blank"">tatlıyı</a> keyifle tüketmeniz dileğiyle <img src=""https://cdn.yemek.com/assets/images/smiley/smile.png"" class=""wp-smiley img-responsive"" /></p>
",recipe,"['tereyağı', 'yumurta', 'toz şeker', 'süt', 'süt', 'un', 'kabartma tozu', 'toz krem şanti', 'kakao', 'soğuk süt', 'portakal suyu', 'krema', 'bitter çikolata', 'sıvı yağ']","['Pastanın kekini hazırlamak için; karıştırma kabına alıp toz şeker ve yumurtayı aktarın.', 'Hafif beyaz bir renk alana kadar mikser yardımıyla karıştırın.', 'Süt ve ayçiçek yağı ekledikten sonra tüm sıvı malzemeleri kısa bir süre daha çırpın.', 'Un, kabartma tozu ve kakaoyu eleyin.', 'Harca ekleyin.', 'Kattığınız kek harcını mikser yardımıyla homojen bir hal alana kadar karıştırmayı sürdürün.', 'Portakal suyunu da ilave edip çırpın.', 'Isıya dayanıklı dikdörtgen bir fırın kabını tereyağıyla yağladıktan sonra kek harcını kaba aktarın. Önceden ısıtılmış 180 derece fırında yaklaşık\xa025 dakika kadar pişirin.', 'Pastanın kreması için; toz krem şantiyi, soğuk sütle çırptıktan sonra kıvam alması için buzdolabında bekletin.', 'Çikolata sosu hazırlamak için; bitter çikolatayı küçük küpler halinde kesin. Kaynatın. Soğuması için oda sıcaklığında dinlendirin.', 'Fırından çıkan kekin üzerine sütü azar azar gezdirin ve kekin içine çekmesi için kısa bir süre bekleyin.', 'Hazırladığınız krem şantiyi spatula yardımıyla kekin üzerine sürün.', 'Akışkan durumda olan oda sıcaklığındaki çikolata sosu pastanın üzerine gezdirdikten sonra dilimleyerek servis edin.', 'Üzerinden çikolata akan pastayı, arzu ettiğiniz gibi süsledikten sonra sevdiklerinizle paylaşın.']",PASTA,239b56,/tarif/pasta-tatli/,"['Tatlı', 'Pasta', 'Video']",['çay saati'],['Çay Saati'],"['Fırın', 'Tencere']",,False,1500,1200,2021-03-21T11:18:54Z,4.0,1109401,3523,False,True,True,0,,0,,,,2021/03/aglayan-pasta-yemekcom.jpg,0,0,https://cdn.yemek.com/mnresize/940/940/uploads/2021/03/aglayan-pasta-yemekcom.jpg,940,940,False,https://cdn.yemek.com/mncrop/300/200/uploads/2021/03/aglayan-pasta-yemekcom.jpg,300,200,True,https://cdn.yemek.com/mncrop/940/625/uploads/2021/03/aglayan-pasta-yemekcom.jpg,940,625,True,https://cdn.yemek.com/mncrop/620/388/uploads/2021/03/aglayan-pasta-yemekcom.jpg,620,388,True,https://cdn.yemek.com/mncrop/600/315/uploads/2021/03/aglayan-pasta-yemekcom.jpg,600,315,True,['fırın'],,,,,
642,773,evdekendinpisir,https://cdn.yemek.com/author/347367/20220304085040_avatar.jpg,/profil/evdekendinpisir/,Tam Ölçülü: Kalburabastı,Kalburabastı,/tarif/kalburabasti/,45 dk,30 dk,"<p><a href=""https://yemek.com/tarif/serbetli-tatlilarlar/"" target=""_blank"">Şerbetli tatlılar</a>dan olan kalburabastı tatlısı, ismini aldığı şeklinden dolayı hazırlaması zor gibi dursa da elinizin altında metal ya da hasır bir kalbur olduktan sonra gayet kolay aslında. <a href=""https://yemek.com/tarif/"" target=""_blank"">Yemek tariflerinin</a> tamamlayıcısı olan kalburabastı tatlı tarifini hazırlamak bu kadar basit aslında.</p>
<p>Bu nefis <a href=""https://yemek.com/tarif/tatli/"" target=""_blank"">tatlıyı</a> genelde <a href=""https://yemek.com/ramazan/"" target=""_blank"">ramazanda</a> ya da bayramda sofralarımıza konuk etmeyi çok seviyoruz ama bize kalırsa kalburabastı dilediğiniz her an mutfağınızda olmalı. Çünkü bu cevizli, irmikli ve <strong>ağızda dağılan</strong> <strong>kalburabastı tatlısı tarifi</strong> en kolay kalburabastı tariflerinden biri. Tabii sizin hamarat ellerinizden çıkması kaydıyla.</p>
<p>Unutmadan, kalbur yoksa rendenin kalın tarafını kullanabilirsiniz, aklınızda bulunsun.</p>
",recipe,"['limon suyu', 'yumurta', 'toz şeker', 'un', 'su', 'yoğurt', 'irmik', 'toz Antep fıstığı', 'limon', 'oda sıcaklığında tereyağı', 'ceviz içi', 'karbonat', 'sıvı yağ']","['Öncelikle şerbeti hazırlayın. Şeker ve suyu karıştırarak kaynamaya bırakın, kaynadıktan sonra limon suyu sıkarak kısık ateşte 10 dakika kadar kaynatmaya devam edin. Ardından ocaktan alıp ılınmaya bırakın.', 'Tatlı için, un hariç bütün malzemeleri bir araya getirin ve güzelce karıştırın.', 'Karbonatın üzerine limonu sıkın ve köpürmesini sağlayın.', 'Azar azar unu ilave edin. Kıvamına göre 3,5-4 su bardağı kadar alacaktır.', 'Ele yapışmayacak kıvama gelene kadar yoğurun.', 'Cevizden biraz daha büyük olacak şekilde parçalar koparın ve yuvarlayın. İsterseniz süzgeçte ya da kullandığımız gibi bir kesme aparatının üzerine b<span class=""il"">astı</span>rarak şekil almasını sağlayın.', 'Cevizi ortasına koyarak nazikçe birleştirin.', 'Fırın tepsinize dizin, önceden ısıtılmış fırında iyice kızarana kadar 25- 30 dakika pişirin.', 'Fırından çıkınca sıcak tatlının üzerine soğuk şerbeti dökün. Şerbeti iyice çekince servis edin. Afiyetler olsun.']",ŞERBETLİ TATLI,239b56,/tarif/serbetli-tatlilar/,"['Tatlı', 'Şerbetli Tatlı', 'Ramazan']",['çay saati'],['Çay Saati'],"['Fırın', 'Tencere']",,False,2700,1800,2022-04-27T11:10:50Z,3.0,1108463,2563,False,False,True,0,,0,,,,2022/04/kalburabasti-yeni-onecikan.jpg,0,0,https://cdn.yemek.com/mnresize/940/940/uploads/2022/04/kalburabasti-yeni-onecikan.jpg,940,940,False,https://cdn.yemek.com/mncrop/300/200/uploads/2022/04/kalburabasti-yeni-onecikan.jpg,300,200,True,https://cdn.yemek.com/mncrop/940/625/uploads/2022/04/kalburabasti-yeni-onecikan.jpg,940,625,True,https://cdn.yemek.com/mncrop/620/388/uploads/2022/04/kalburabasti-yeni-onecikan.jpg,620,388,True,https://cdn.yemek.com/mncrop/600/315/uploads/2022/04/kalburabasti-yeni-onecikan.jpg,600,315,True,,,,,,
643,696,Yasemin Özaltın,https://cdn.yemek.com/author/35533/20181219061403_avatar.jpg,/profil/yasemingursurer/,En Garanti Tarif: Tas Kebabı,Tas Kebabı,/tarif/tas-kebabi/,50 dk,20 dk,"<p>Suyuna ekmek banılacak yemekleri sevenler ve <a href=""https://yemek.com/tarif/et"" target=""_blank"">etten</a> vazgeçemeyenler için bir klasiktir tas kebabı tarifi. Olmazsa olmazı dana eti, soğan ve suyuna lezzet veren salçadır. Daha da bereketli ve doyurucu hale gelmesi adına içerisine patates ve havuç gibi kök sebzeler eklenir.</p>
<p>Kuşbaşı dana etiyle yapılan en güzel yemeklerden olan, sulu et yemeklerinin en sevileni tas kebabında etleri yumuşacık, lokum gibi pişiriyoruz. Tüm püf noktalarını da sesli olarak videomuzda adım adım anlatıyoruz.</p>
<p>Ayrıca sevdiğiniz baharatları eklemek ve lezzetine lezzet katmak elinizde. Tas kebabını çok sayıda rendelenmiş kuru soğan, salça ve belli başlı baharatlar ile de hazırlayanlar var, yok değil. Belki siz onlardan birisiniz ama tarifi bir de böyle deneyin, yorumlarınızı bizlerle paylaşın.</p>
<p>Küçük bir hatırlatma: Yanına da <a href=""https://yemek.com/tarif/pirinc-pilavi"" target=""_blank"">pirinç pilavı</a> yapmayı unutmayın.</p>
<p>Küçük bir hatırlatma daha, farklı yemek tarifleri için: <a href=""https://yemek.com/tarif/"" target=""_blank"">Yemek Tarifleri</a></p>
",recipe,"['tereyağı', 'sıcak su', 'tuz', 'ayçiçek yağı', 'un', 'sarımsak', 'orta boy havuç', 'orta boy patates', 'orta boy kuru soğan', 'tane karabiber', 'kuşbaşı dana eti', 'kaşığı domates salçası']","['1 yemek kaşığı sıvı yağ ve 2 yemek kaşığı tereyağını tencerede kızdırın.Üzerine 800 gram dana kuşbaşı etini ekleyin ve etler suyunu salıp çekene kadar\xa0kavurun.', 'Yemeklik doğranmış 1 adet soğanı ve 3 diş doğranmış sarımsağı da ekledikten sonra etlerle beraber kavurmaya devam edin.', 'Bu aşamada ekleyeceğiniz 1 yemek kaşığı unu, kokusu çıkana kadar yaklaşık 2-3 dakika etlerle birlikte kavurun. 1 tatlı kaşığı salçayı ekleyin ve karıştırın.', 'Ardından 1 tatlı kaşığı tuz, 1 adet küp doğranmış patates, 1 adet küp doğranmış havuç ve 1 çay kaşığı karabiberi de ekleyip 3 su bardağı su ilave\xa0edin.', 'Kapağını kapattığınız tencerede, kısık ateşte 30 dakika kadar pişirin.', 'Kıvamlı bir sos halini alan suyu ve sebzelerle birlikte pişen eti, sıcak olarak bekletmeden servis edin. Afiyetler olsun!']",ET,239b56,/tarif/et/,"['Et', 'Ramazan', 'Video']","['akşam yemeği', 'öğle yemeği']",['Akşam Yemeği'],['Ocak'],,False,3000,1200,2021-03-24T08:00:17Z,4.0,1107172,7329,False,True,True,0,,0,,,,2014/10/tas-kebabi-yemekcom.jpg,0,0,https://cdn.yemek.com/mnresize/940/940/uploads/2014/10/tas-kebabi-yemekcom.jpg,940,940,False,https://cdn.yemek.com/mncrop/300/200/uploads/2014/10/tas-kebabi-yemekcom.jpg,300,200,True,https://cdn.yemek.com/mncrop/940/625/uploads/2014/10/tas-kebabi-yemekcom.jpg,940,625,True,https://cdn.yemek.com/mncrop/620/388/uploads/2014/10/tas-kebabi-yemekcom.jpg,620,388,True,https://cdn.yemek.com/mncrop/600/315/uploads/2014/10/tas-kebabi-yemekcom.jpg,600,315,True,"['tencere', 'bol proteinli']",,,,,
644,304,Yasemin Özaltın,https://cdn.yemek.com/author/35533/20181219061403_avatar.jpg,/profil/yasemingursurer/,Kafelerde Yediklerinizden Farksız: Çikolatalı Sufle,Çikolatalı Sufle,/tarif/cikolatali-sufle/,10 dk,8 dk,"<p><a href=""https://yemek.com/tarif/cikolatali-tatlilar/"" target=""_blank"">Çikolatalı tatlıların</a> en kısa sürede pişenlerinden, akışkan içi sayesinde öncelikle görsel şölen yaşatan ve yedikçe yemek isteyeceğiniz sufleyi hazırlamak, püf noktalarını dikkatlice okursanız oldukça pratik. Böylece her seferinde dışarı çıkıp bir kafede yediğiniz o harika sufleyi evde kendiniz yapabilecek, <a href=""https://yemek.com/tarif/"" target=""_blank"">yemek tariflerinizin</a> yanında sunabileceksiniz.</p>
<p><a href=""https://yemek.com/tarif/tatli/"" target=""_blank"">Tatlı</a> tariflerinin en sevilenlerinden bu sufle tarifinde her kaşıkta çikolatanın yoğun lezzetini hissedecek, akışkan kıvamına her seferinde yeniden hayran olacaksınız.</p>
",recipe,"['tereyağı', 'tereyağı', 'tuz', 'yumurta', 'toz şeker', 'süt', 'un', 'kakao', 'pudra şekeri', 'bitter çikolata']","['125 mililitre sütü bir sos tenceresine alın ve kaynama noktasına gelinceye kadar ısıtın.', 'İçerisine çikolatayı ilave edin.\xa0Çikolata eridikten sonra ocaktan alın.', 'Ayrı bir sos tenceresinde 2 yemek kaşığı tereyağını eritin.', 'Üzerine 1,5 yemek kaşığı unu ilave ederek, kokusu çıkana kadar kavurun.', 'Unun kokusu çıktıktan sonra çikolatalı süt karışımının içerisine ilave edin ve 2 yemek kaşığı toz şekeri ilave ederek sürekli olarak karıştırın.', '3 adet yumurta sarılarını da ilave edin, 2 dakika daha karıştırdıktan sonra ocaktan alın ve soğumaya bırakın.', 'Derin bir kasede 3 adet yumurta beyazlarını bir çimdik tuz ile birlikte kaseyi ters çevirdiğinizde akmayacak kıvama gelinceye kadar çırpın.', 'Soğumuş olan çikolatalı karışım ile köpük haline gelmiş yumurta aklarını birleştirin ve spatula yardımıyla karıştırın.', 'Yağlanmış ve kakao ile kaplanmış sufle kaplarına bir parmak boşluk kalacak şekilde harcı bölüştürün ve önceden ısıtılmış 200 derece fırında 10 dakika pişirin.', 'Fırından çıkar çıkmaz üzerine pudra şekeri serpiştirip servis edin, afiyet olsun!']",ÇİKOLATALI TATLI,239b56,/tarif/cikolatali-tatlilar/,"['Tatlı', 'Video', 'Dünya Mutfakları', 'Çikolatalı Tatlı']","['ekonomik', 'ara öğün', 'çay saati']",['Çay Saati'],['Fırın'],,False,600,480,2022-03-25T08:05:24Z,4.0,1091967,8162,False,True,True,0,,0,,,,2014/09/cikolatali-sufle-yemekcom.jpg,0,0,https://cdn.yemek.com/mnresize/940/940/uploads/2014/09/cikolatali-sufle-yemekcom.jpg,940,940,False,https://cdn.yemek.com/mncrop/300/200/uploads/2014/09/cikolatali-sufle-yemekcom.jpg,300,200,True,https://cdn.yemek.com/mncrop/940/625/uploads/2014/09/cikolatali-sufle-yemekcom.jpg,940,625,True,https://cdn.yemek.com/mncrop/620/388/uploads/2014/09/cikolatali-sufle-yemekcom.jpg,620,388,True,https://cdn.yemek.com/mncrop/600/315/uploads/2014/09/cikolatali-sufle-yemekcom.jpg,600,315,True,['fırın'],,,['Fransa'],,
645,827,Yasemin Özaltın,https://cdn.yemek.com/author/35533/20181219061403_avatar.jpg,/profil/yasemingursurer/,Lokum Tadında: Et Sote,Et Sote,/tarif/et-sote/,50 dk,20 dk,"<p>''Etim pişirirken sertleşiyor'' sorununu çözmeye geliyor bu nefis <a href=""https://yemek.com/tarif/"" target=""_blank"">yemek tarifimiz</a>. <a href=""https://yemek.com/tarif/et"" target=""_blank"">Et tarifleri</a> arasında en klasiklerden sayılan et sote tarifi buyurun. Bu tarifle et sote denediğinizde pişirdiğiniz <strong>etler lokum kıvamında ve yumuşacık</strong> oluyor. Lezzet seviyesi içerisine konan domates, soğan ve biberle birlikte zirveye çıkıyor. Bu zamana kadar denediğiniz hiçbir et sote tarifinden bu denli iyi bir sonuç almadığınızdan eminiz. Karşınızda tüm püf noktaları ve lezzet sırlarıyla yumuşacık pişen et sote tarifi.</p>
<p>Etli yemeklerin en kolay ve en dikkatli şekilde pişirilmesi de şart olan tariflerinin başında geliyor kendileri. <strong>Yüksek ısıda mühürlemek</strong>, soğan ve domatesini mutlaka ilave etmek şart. Yanına bir pilav ve salatayla en şahane öğüne dönüşüyor. Adım adım resimli anlatımıyla et sote tarifimizi denemeye davetlisiniz.</p>
",recipe,"['biber salçası', 'sıcak su', 'tuz', 'zeytinyağı', 'domates salçası', 'kekik', 'taze çekilmiş tane karabiber', 'orta boy kuru soğan', 'orta boy domates', 'orta boy yeşil biber', 'sotelik dana eti']","['Döküm bir tavada 4 yemek kaşığı zeytinyağını kızdırın. 1 adet yemeklik ince doğradığınız soğanları tavaya ekleyin.', 'Renk alan soğanların üzerine 3 adet doğranmış yeşil biber ekleyin ve sotelemeye devam edin.', 'Sotelik doğradığınız 600 gram dana etini ilave edin.', 'Suyunu salmaması, lezzet ve vitamin değerini hapsetmesi için; yüksek ateşte, yaklaşık 2-3 dakika hiç karıştırmadan mühürleyin.', 'Dış kısmı renk alan etleri aralarda karıştırarak yüksek ateşte sotelemeye devam edin.', '3 adet soyulmuş, doğranmış domatesi\xa0ekleyerek karıştırın. Ardından 1 çay kaşığı tuz, karabiber, 1 tatlı kaşığı kekiği de ekleyin.', 'Bir tatlı kaşığı domates ve yarım tatlı kaşığı biber salçasını 1 su bardağı sıcak su ile sulandırdıktan sonra azar azar tavaya ekleyin.', 'Kısık ateşte etler yumuşayana kadar pişirin.', 'Etleri yumuşayan soteyi, lezzetli suyuyla birlikte servis tabaklarına alın ve sıcak sıcak servis edin. Afiyet olsun!']",ET,239b56,/tarif/et/,"['Et', 'Ramazan', 'Video']","['akşam yemeği', 'öğle yemeği']","['Öğle Yemeği', 'Akşam Yemeği']","['Tencere', 'Ocak']",['Ekonomik'],False,3000,1200,2021-06-27T08:43:24Z,4.0,1064923,6300,False,True,True,0,,0,,,,2014/10/etsote-yemekcom.jpg,0,0,https://cdn.yemek.com/mnresize/940/940/uploads/2014/10/etsote-yemekcom.jpg,940,940,False,https://cdn.yemek.com/mncrop/300/200/uploads/2014/10/etsote-yemekcom.jpg,300,200,True,https://cdn.yemek.com/mncrop/940/625/uploads/2014/10/etsote-yemekcom.jpg,940,625,True,https://cdn.yemek.com/mncrop/620/388/uploads/2014/10/etsote-yemekcom.jpg,620,388,True,https://cdn.yemek.com/mncrop/600/315/uploads/2014/10/etsote-yemekcom.jpg,600,315,True,"['tencere', 'bol proteinli', 'glutensiz']",,,,,
646,23805,Cemre Özgüzel,https://cdn.yemek.com/author/109/20200211010242_avatar.jpg,/profil/cemre-ozguzel/,İşin Sırrı Hamurunda: Pofuduk Poğaça,Pofuduk Poğaça,/tarif/pofuduk-pogaca/,25 dk,15 dk,"<p>Üzerine bastırdığınızda içine göçüp sonra hemencecik eski formuna dönen, iç dokusu yumuşacık bir <a href=""https://yemek.com/tarif/pogaca"" target=""_blank"">poğaçayı</a> misafir ediyoruz. Bu poğaçaların en önemli sırlarının başında içerisinde ılık malzemeler kullanmak geliyor. Kullanacağınız tüm sıvı malzemelerin ılık olması ve diğer malzemelerin oda sıcaklığına olması o pofuduk kıvamı yakalamanıza yardımcı oluyor.</p>
<p>En önemli ikinci püf noktası ise mayalandırma kısmı. Hamurunuzu önce oda sıcaklığında mayalandırın mutlaka. Şekil verdikten sonra bırakın biraz daha dinlensin, güzelleşsin. Yumuşacık kıvamının sırrı malzemelerse, pişerken puf puf olmasının sırrı mayalandırma işlemi. Bu noktalara dikkat edin, gerisini hiç düşünmeyin. <img src=""https://cdn.yemek.com/assets/images/smiley/wink.png"" class=""wp-smiley img-responsive"" /></p>
<p>Herkesin sırlarının peşinden koşacağı <a href=""https://yemek.com/tarif/"" target=""_blank"">tarif</a>imize bekleniyorsunuz.</p>
",recipe,"['tereyağı', 'tuz', 'yumurta', 'toz şeker', 'un', 'yumurta sarısı', 'ılık su', 'susam', 'ılık süt', 'instant maya']","['Tereyağını minik bir sos tenceresinin içerisinde eritin.', 'Erittikten sonra birkaç dakika soğumaya bırakın.', 'Soğuduktan sonra derin bir kabın içerisine ılık süt, yumurta, mayayı, suyun bir kısmı, ertilmiş tereyağı ve şekeri aktarın.', 'Güzelce karıştırdıktan sonra azar azar un ilave ederek yoğurmaya başlayın. Bu aşamada eğer ihtiyacınız varsa suyun geriye kalanını da ilave edin.\xa0 Tuzu da ekleyerek ele yapışmayan yumuşacık bir hamur elde edin.', 'Elde ettiğiniz hamuru temiz bir kaba aktarın ve üzerini streç film ile hava almayacak şekilde güzelce kapatın. 1 saat kadar oda sıcaklığında mayalandırın.', 'Mayalanan poğaçaları dilediğiniz iç harcı koyarak lezzetlendirin ya da sade bir biçimde şekil vererek yağlı kağıt serili fırın tepsisinin üzerine dizin.', 'Üzerini streç filme kapatın ve oda sıcaklığında 15-20 dakika kadar ikinci mayalandırma için bekletin.', 'Ardından üzerine yumurta sarısı sürün, susam serpin ve 180 derecede ısıtılmış fırında üzeri de kızarana kadar 20-25 dakika kadar pişirin.', 'Çıkarıp oda sıcaklığında bir süre dinlendirdikten sonra afiyetle tüketin.']",POĞAÇA,239b56,/tarif/pogaca/,"['Hamur İşi', 'Poğaça']",['çay saati'],"['Kahvaltı', 'Çay Saati']",['Fırın'],"['Ekonomik', 'Vejetaryen']",False,1500,900,2017-10-11T07:06:16Z,4.0,1016294,3366,False,False,False,0,,0,,,,2017/10/pofuduk-pogaca-tarifi.jpg,0,0,https://cdn.yemek.com/mnresize/940/940/uploads/2017/10/pofuduk-pogaca-tarifi.jpg,940,940,False,https://cdn.yemek.com/mncrop/300/200/uploads/2017/10/pofuduk-pogaca-tarifi.jpg,300,200,True,https://cdn.yemek.com/mncrop/940/625/uploads/2017/10/pofuduk-pogaca-tarifi.jpg,940,625,True,https://cdn.yemek.com/mncrop/620/388/uploads/2017/10/pofuduk-pogaca-tarifi.jpg,620,388,True,https://cdn.yemek.com/mncrop/600/315/uploads/2017/10/pofuduk-pogaca-tarifi.jpg,600,315,True,['fırın'],,,,,
647,154,Yasemin Özaltın,https://cdn.yemek.com/author/35533/20181219061403_avatar.jpg,/profil/yasemingursurer/,Tam Kıvamında: Tarhana Çorbası,Tarhana Çorbası,/tarif/tarhana-corbasi/,20 dk,5 dk,"<p>Bütün <a href=""https://yemek.com/tarif/"" target=""_blank"">yemek tarifleri</a> arasında tarhana çorbası hiç şüphesiz en çok Anadolu kokandır, toprak kokandır. Ekşilisi içilir, kahvaltıda içilir, akşam yemeğinde içilir, <a href=""https://yemek.com/ramazan"" target=""_blank"">sahurda</a> içilir.</p>
<p>Tarhana çorbası bir çorbanın alabileceği en güzel hallerden, <a href=""https://yemek.com/tarif/corba/"" target=""_blank"">çorba tariflerinden</a> en sevilenlerinden biridir. Dilerseniz <a href=""https://yemek.com/tarif/tarhana/"" target=""_blank"">ev tarhanasını</a> kendiniz de yapabilir, meşhur Maraş tarhanası tarifimize ise <a href=""https://yemek.com/tarif/maras-tarhanasi/"" target=""_blank"">şuradan</a> ulaşabilirsiniz. Ev yapımı mis gibi tarhana çorbasını yapmak üstelik toz tarhana çorbasını yapmaktan bile daha kolay.</p>
<p>Her birinin kendine has tarhana çorbası tarifi olan büyüklerimize saygılarımızı sunarak tarhana çorbası yapımını hem video hem de adım adım görselli olarak aşağıda paylaşıyoruz.</p>
",recipe,"['tereyağı', 'tuz', 'ayçiçek yağı', 'sarımsak', 'su', 'domates salçası', 'toz tarhana', 'kuru nane']","['Toz tarhanayı geniş bir karıştırma kasesine alın. Üzerine toz nane ve oda sıcaklığındaki 2 bardak suyu ekleyerek bir çırpıcı yardımıyla karıştırın. Tarhana yumuşayana dek, yaklaşık 15 dakika boyunca oda sıcaklığında yumuşamaya bırakın.', 'Bu sırada geniş bir tencereye sıvıyağ ve tereyağını ekleyip, orta ateşte eritmeye başlayın. Ezilmiş sarımsak ve salçayı ekleyerek kavurmaya başlayın.', 'Yumuşayan tarhana karışımını ekleyin, ardından tuzunu da ekleyin ve karıştırın.', 'Kalan 5 su bardağı suyu ve tencereye ekleyin. Ara ara karıştırarak koyulaşana dek pişirin.', 'Kaynayan çorbayı bekletmeden sıcak olarak servis edin. Pişirdikçe koyulaşan bir çorba olduğu için daha sonra tüketecekseniz üzerine su ilave etmenizi öneririz.', 'Afiyet olsun!']",ÇORBA,,/tarif/corba/,"['Çorba', 'Ramazan', 'Video']","['pratik yemek tarifleri', 'ekonomik', 'akşam yemeği', 'öğle yemeği']","['Öğle Yemeği', 'Akşam Yemeği']","['Tencere', 'Ocak']","['Ekonomik', 'Vejetaryen']",False,1200,300,2019-05-15T05:03:31Z,4.0,1005436,4753,False,True,True,0,,0,,,,2019/05/tarhana-corbasi-yemekcom.jpg,0,0,https://cdn.yemek.com/mnresize/940/940/uploads/2019/05/tarhana-corbasi-yemekcom.jpg,940,940,False,https://cdn.yemek.com/mncrop/300/200/uploads/2019/05/tarhana-corbasi-yemekcom.jpg,300,200,True,https://cdn.yemek.com/mncrop/940/625/uploads/2019/05/tarhana-corbasi-yemekcom.jpg,940,625,True,https://cdn.yemek.com/mncrop/620/388/uploads/2019/05/tarhana-corbasi-yemekcom.jpg,620,388,True,https://cdn.yemek.com/mncrop/600/315/uploads/2019/05/tarhana-corbasi-yemekcom.jpg,600,315,True,['tencere'],greenLight,,,,
648,85,Yasemin Özaltın,https://cdn.yemek.com/author/35533/20181219061403_avatar.jpg,/profil/yasemingursurer/,Terbiyesinin Kesilme Derdi Yok: Yayla Çorbası,Yayla Çorbası,/tarif/yayla-corbasi/,35 dk,15 dk,"<p>Yayla çorbasının tadına varmak için yaz ya da kış fark etmez! Anadolu’nun geleneksel çorbalarından ve <a href=""https://yemek.com/tarif/"" target=""_blank"">yemek tariflerinden</a> biri olan bu lezzet size de nane <strong>ferahlığını</strong> çağrıştırmıyor mu?</p>
<p><a href=""https://yemek.com/tarif/kahvaltiliklar/"" target=""_blank"">Kahvaltı</a>dan akşam yemeğine günün her saati tüketebileceğiniz bu <strong>pratik</strong> ve besleyici <a href=""https://yemek.com/tarif/corba/"" target=""_blank"">çorba tarifi</a>ni püf noktalarına dikkat ederek birlikte hazırlayalım.</p>
<p>En güzel çorba <strong>tariflerinden</strong> biri olan yayla çorbası tarifinde bulunan yoğurt sayesinde bir vitamin kaynağıdır. Hatta bu yüzden yoğurt çorbası olarak bile anılır.</p>
<p>Pirinçli, yoğurtlu bu yayla çorbasının tarifi hem videolu hem de adım adım resimli olarak tüm <strong>püf noktalarıyla</strong> karşınızda. Farklı yayla çorbası tarifi arayanlar için <a href=""https://yemek.com/tarif/yumurtasiz-yayla-corbasi/"" target=""_blank"">yumurtasız yayla çorbası</a> ve <a href=""https://yemek.com/tarif/kolay-yayla-corbasi/"" target=""_blank"">kolay yayla çorbası</a> tarifimizi de öneririz.</p>
",recipe,"['pirinç', 'tereyağı', 'tuz', 'pul biber', 'un', 'su', 'yoğurt', 'yumurta sarısı', 'zeytinyağı', 'kuru nane', 'limonun suyu']","['Çorbayı pişireceğiniz tencereye 2 su bardağı yoğurt, 1,5 yemek kaşığı un, 2 yemek kaşığı limon suyu ekleyip pürüzsüz bir kıvama gelene kadar karıştırın.', '1 yumurta sarısını da karışımın üzerine ekledikten sonra tekrar karıştırın.', '6 su bardağı soğuk suyu da ilave edip orta ateşte kaynamaya bırakın.', 'Çorba kaynamaya başlayınca yıkayıp süzdüğünüz 1 çay bardağı pirinci ekleyin ve tekrar kaynamaya bırakın.', ""Bu sırada ayrı bir tavada 2'şer yemek kaşığı zeytinyağı ve tereyağını kızdırın. 1 yemek kaşığı kuru naneyi de üzerine ekleyip karıştırın ve ocaktan alın."", 'Hazırladığınız yağı kaynamakta olan çorbanın üzerine dökün. Pul biberi ve tuzu da ekleyin.', 'Güzelce karıştırıp ocağın altını kapatın.', 'Yayla çorbanız hazır, afiyet olsun!']",ÇORBA,,/tarif/corba/,"['Çorba', 'Ramazan', 'Video']","['pratik yemek tarifleri', 'ekonomik', 'başlangıç', 'akşam yemeği', 'öğle yemeği']","['Başlangıç', 'Öğle Yemeği', 'Ara Öğün', 'Akşam Yemeği']",['Tencere'],"['Ekonomik', 'Vejetaryen', 'Düşük Karbonhidratlı']",False,2100,900,2019-05-17T08:15:01Z,4.0,1190925,10054,False,True,True,0,,0,,,,2014/06/yayla-corbasi-yemekcom.jpg,0,0,https://cdn.yemek.com/mnresize/940/940/uploads/2014/06/yayla-corbasi-yemekcom.jpg,940,940,False,https://cdn.yemek.com/mncrop/300/200/uploads/2014/06/yayla-corbasi-yemekcom.jpg,300,200,True,https://cdn.yemek.com/mncrop/940/625/uploads/2014/06/yayla-corbasi-yemekcom.jpg,940,625,True,https://cdn.yemek.com/mncrop/620/388/uploads/2014/06/yayla-corbasi-yemekcom.jpg,620,388,True,https://cdn.yemek.com/mncrop/600/315/uploads/2014/06/yayla-corbasi-yemekcom.jpg,600,315,True,"['tencere', 'düşük karbonhidratlı']",greenLight,,,,
649,761,Yasemin Özaltın,https://cdn.yemek.com/author/35533/20181219061403_avatar.jpg,/profil/yasemingursurer/,Anne Usulü: Karnıyarık,Karnıyarık,/tarif/karniyarik/,50 dk,30 dk,"<p>Sofraların olmazsa olmazı, <a href=""https://yemek.com/tarif/pirinc-pilavi/"" target=""_blank"" rel=""noopener"">pilavın</a> sevdalısı, <a href=""https://yemek.com/tarif/cacik/"" target=""_blank"" rel=""noopener"">cacığın</a> en iyi dostu, <a href=""https://yemek.com/tarif/"" target=""_blank"" rel=""noopener"">yemek tariflerinin</a> gözdesi, anneye bolca sipariş verilen karnıyarık hazırlıyoruz. Duymayan kalmasın. Arzu eden bize katılsın. Patlıcanları kızartmak istemeyen fırınını önceden ısıtsın.</p>
<p>Karnıyarık tarifinde başrol malzememiz her zaman olduğu gibi sebzelerin en çok kıskanılanı patlıcan. Kendisi malumunuz üzerine binlerce yazıda en çok sevilen sebze olarak yer almıştır. Yine karnıyarık tarifinde öne çıkan bir diğer malzeme ise, karnıyarığı imam bayıldıdan ayıran kıyma. Kendisi karnıyarık tarifini de lezzet getiriyor.</p>
<p>Biz de bu <strong>fırında karnıyarık</strong> tarifinde karnıyarık içinin tencerede nasıl hazırlanacağından karnıyarık yemeğinin adım adım resimli aşamalarıyla nasıl yapıldığına hepsini tek tek anlatmak istedik.</p>
<p>Vejetaryen karnıyarık olan <a href=""https://yemek.com/imam-bayildinin-hikayesi/"" target=""_blank"" rel=""noopener"">imam bayıldı</a> gibi hikayelere konuk olmasa da kendisi başlı başına bir hikaye karnıyarığın. İnanmayan pilava, cacığa, yanında kırılan soğana sorsun. Tüm lokanta yemekleri tarifleri karnıyarığa olan aşkını anlatacaktır.</p>
<p>O yüzden hazır edin patlıcanı, <a href=""https://yemek.com/tarif/kiyma-kavurma/"" target=""_blank"" rel=""noopener"">kıyma</a>yı, soğanı, zeytinyağını bu akşam misler gibi karnıyarık yapmak için mutfağa giresimiz var.</p>
<p>Yapanların ellerine sağlık.</p>",recipe,"['biber salçası', 'tuz', 'ayçiçek yağı', 'sarımsak', 'maydanoz', 'zeytinyağı', 'karabiber', 'domates salçası', 'domates', 'yeşil biber', 'kıyma', 'büyük boy kuru soğan', 'orta boy patlıcan', 'orta boy yeşil sivri biber']","['<p>Bol suda yıkadığınız patlıcanları, pijamalı şekilde soyun ve tuzlu suda bekletin. 3 yemek kaşığı zeytinyağını bir tavada kızdırın. Yemeklik doğradığınız 1 adet soğanı da üzerine ekleyip pembeleşene kadar kavurun. 2 adet doğranmış yeşil biberi ilave edip kavurmaya devam edin.</p>', '<p>350 gram orta yağlı kıymayı da ekleyin ve kavrulmakta olan soğanlarla birlikte renk alıp, suyunu çekene kadar pişirin.</p>', ""<p>Aralarda karıştırıp pişirme işlemine devam ederek sırasıyla; 2 diş sarımsak, yarım tatlı kaşığı domates salçası, yarım tatlı kaşığı biber salçası, 1'er çay kaşığı tuz ve karabiber ekleyin.\xa0</p>"", '<p>2 adet küp doğranmış domatesi ekleyin, 5 dakika kadar pişirdikten sonra ocağın altını kısın ve bir avuç doğranmış maydanozu ekleyip son kez karıştırarak ocaktan alın.</p>', '<p>Acısını alıp, pijamalı soyduğunuz 6 adet patlıcanı kızartın.</p>', '<p>Fırına dayanıklı bir kaba yerleştirin.</p>', '<p>Orta kısımlarından patlıcanları yarın.</p>', '<p>Hazırladığınız iç harçtan bol bol ekleyin.</p>', '<p>Patlıcanların üzerine birer cherry domates ve biber dilimleri ekleyin.</p>', '<p>Karnıyarıkları önceden ısıtılmış 170 derece fırında 20-25 dakika kadar pişirdikten sonra, sıcak olarak, dilerseniz tereyağlı pirinç pilavı eşliğinde servis edin, afiyet olsun!</p>']",SEBZE,239b56,/tarif/sebze/,"['Sebze', 'Ramazan', 'Video', 'Sulu Yemek', 'Mevsiminde']",,"['Öğle Yemeği', 'Akşam Yemeği']","['Fırın', 'Kızartma', 'Tencere']",,False,3000,1800,2019-05-14T11:19:27Z,4.0,1185751,6345,False,True,True,0,,0,,,,2014/10/karniyarik-yemekcom.jpg,0,0,https://cdn.yemek.com/mnresize/940/940/uploads/2014/10/karniyarik-yemekcom.jpg,940,940,False,https://cdn.yemek.com/mncrop/300/200/uploads/2014/10/karniyarik-yemekcom.jpg,300,200,True,https://cdn.yemek.com/mncrop/940/625/uploads/2014/10/karniyarik-yemekcom.jpg,940,625,True,https://cdn.yemek.com/mncrop/620/388/uploads/2014/10/karniyarik-yemekcom.jpg,620,388,True,https://cdn.yemek.com/mncrop/600/315/uploads/2014/10/karniyarik-yemekcom.jpg,600,315,True,,,"['Haziran', 'Temmuz', 'Ağustos']",,,
650,24660,Yasemin Özaltın,https://cdn.yemek.com/author/35533/20181219061403_avatar.jpg,/profil/yasemingursurer/,Evdeki Malzemelerle: Fincan Tatlısı,Fincan Tatlısı,/tarif/fincan-tatlisi/,15 dk,5 dk,"<p>Pratik lezzetlerden vazgeçemeyenlere, yemeklerin sunumuna önem verenlere müjdemiz var! Evdeki malzemelerle hızlıca yapabileceğiniz fincan tatlısı, Hindistan cevizi ve meyveler ile süslenerek adeta evde bir dekor olarak kullanabileceğiniz güzellikte oluyor. Yemeyip yanında yatasınız geliyor <img src=""https://cdn.yemek.com/assets/images/smiley/smile.png"" class=""wp-smiley img-responsive"" /></p>
<p>Bu pratik <a href=""https://yemek.com/tarif/"" target=""_blank"">tarifte</a> zevkinize göre değişiklikler yapabilirsiniz. Çoğunlukla vanilya aromalı hazırlanan muhallebiyi dilerseniz kakaolu, çilekli veya muzlu yaparak, farklı ve şık bir sunum elde edebilirsiniz. Hatta iki renkli hazırlamak bile müthiş bir hava katacaktır. Videoyu aşağıya iliştirdik. Çay saatleriniz ve özel davetleriniz için oldukça kolay hazırlanacak bu <a href=""https://yemek.com/tarif/sutlu-tatlilar/"" target=""_blank"">sütlü</a> <a href=""https://yemek.com/tarif/tatli/"" target=""_blank"">tatlıyı</a> mutlaka denemenizi öneriyoruz. Afiyet olsun!</p>
",recipe,"['toz şeker', 'süt', 'un', 'margarin', 'çilek (arzuya göre muz)', 'vanilin', 'Hindistan cevizi rendesi']","['Derin bir tencereye süt, un ve şekeri ekleyip çırpma teli yardımıyla karıştırarak muhallebi kıvamına gelene kadar pişirin.', 'Muhallebi koyu kıvam alıp göz göz\xa0 fokurdamaya başlayınca margarin ve vanilini ekleyin ve tekrar karıştırın.Pişen muhallebiyi ocaktan alın.', 'Orta boy kahve fincanına 2 parmak boşluk bırakacak şekilde, kepçe yardımıyla muhallebiyi dökün.', 'Fincandaki muhallebileri önce oda sıcaklığına getirdikten sonra buzdolabında en az 4 saat soğumaya bırakın.', 'Soğuyan muhallebileri fincandan yavaşça çıkarın ve Hindistan cevizine bulayın.', 'Hindistan cevizine bulanan muhallebileri servis tabağına alın ve üzerini dilediğiniz meyve ile süsleyip servis edin.']",SÜTLÜ TATLI,239b56,/tarif/sutlu-tatlilar/,"['Tatlı', 'Sütlü Tatlı', 'Video']","['ekonomik', 'çay saati']",['Çay Saati'],['Tencere'],"['Ekonomik', 'Vejetaryen', 'Bol Proteinli']",False,900,300,2020-11-09T07:31:32Z,4.0,1167935,7485,False,True,True,0,,0,,,,2017/10/fincan-tatlisi-tarifi.jpg,0,0,https://cdn.yemek.com/mnresize/940/940/uploads/2017/10/fincan-tatlisi-tarifi.jpg,940,940,False,https://cdn.yemek.com/mncrop/300/200/uploads/2017/10/fincan-tatlisi-tarifi.jpg,300,200,True,https://cdn.yemek.com/mncrop/940/625/uploads/2017/10/fincan-tatlisi-tarifi.jpg,940,625,True,https://cdn.yemek.com/mncrop/620/388/uploads/2017/10/fincan-tatlisi-tarifi.jpg,620,388,True,https://cdn.yemek.com/mncrop/600/315/uploads/2017/10/fincan-tatlisi-tarifi.jpg,600,315,True,['tencere'],,,,,
651,119,Yasemin Özaltın,https://cdn.yemek.com/author/35533/20181219061403_avatar.jpg,/profil/yasemingursurer/,Tam Ölçülü Mükemmel Lezzet: Şerbetli İrmik Tatlısı,Şerbetli İrmik Tatlısı,/tarif/serbetli-irmik-tatlisi/,1 sa,20 dk,"<p>İrmik tatlısının ne kadar efsane bir lezzet olduğuna değinmiş ve <a href=""https://yemek.com/tarif/irmik-tatlisi/"" target=""_blank"">irmik tatlısı tarifi</a>ni sizlerle paylaşmıştık. İrmik tatlısının lezzetini bir kat daha arttırmak ve damaklarda kalıcı bir tat bırakmak üzere bu sefer tarifine şerbet ekliyor ve fırında pişiriyoruz. <a href=""https://yemek.com/tarif/tatli/"" target=""_blank"">Tatlı tarifleri</a> arasında ona ayrı bir yer ayıracaksınız. <a href=""https://yemek.com/az-malzemeli-serbetli-tatlilar/"" target=""_blank"">Az malzemeli şerbetli tatlılar</a> arasında en çok sevilen tatlılardan biri olmaya da aday kendileri. Karşınızda çay saatlerinizin vazgeçilmezlerinden biri olacak şerbetli irmik tatlısı tarifi!</p>
<p>Mutfağa yeni yeni girmeye başlayanların bile kolaylıkla yapabileceği bir tarif üstelik. Sünger gibi kıvamı sayesinde tüm şerbetini içine çekiyor. Yumuşacık dokulu mükemmel bir lezzete dönüşüyor. Dilerseniz üzerine fıstık, file badem gibi malzemeler ilave ederek süsleyebilirsiniz. Çayınızın yanına hemen hazır! Şimdiden ellerinize sağlık.</p>
<p>Adım adım resimli ve videolu anlatımıyla irmik tatlısı <a href=""https://yemek.com/tarif/"" target=""_blank"">tarifi</a> karşınızda!</p>
<p>İrmikli tatlı tarifleri arasında özel bir yere koyacağınız <a href=""https://yemek.com/tarif/serbetli-tatlilar/"" target=""_blank"">şerbetli</a> irmik tatlısından sonra daha hafif bir alternatif isterseniz <a href=""https://yemek.com/tarif/sutlu-irmik-tatlisi/"" target=""_blank"">sütlü irmik tatlısına</a> da şans verebilirsiniz.</p>
",recipe,"['tereyağı', 'limon suyu', 'yumurta', 'toz şeker', 'toz şeker', 'süt', 'un', 'kabartma tozu', 'su', 'yoğurt', 'irmik', 'vanilin']","['3 adet yumurta, 9 yemek kaşığı toz şeker ve 1 çay bardağı yoğurdu derin bir kapta mikser yardımıyla toz şeker eriyene kadar çırpın.', '1 su bardağı süt, 1 paket vanilini ekleyin.', '1,5 su bardağı elenmiş un, 9 yemek kaşığı irmik ve 1 paket kabartma tozunu sırasıyla ekleyin.\xa0 Ardından güzelce karıştırın.', 'Fırın kabını tereyağı ile yağlayın ve tatlı harcını kalıba aldıktan sonra üzerini bir spatula yardımıyla düzeltin.', 'Tatlıyı önceden ısıtılmış 175 derece fırında 35 dakika kadar pişirin.', 'Tatlının şerbeti için; 2 su bardağı toz şeker ve 2 su bardağı suyu 10 dakika kadar kaynatın. 3-4 damla limon suyunu katın ve kaynayan şerbeti 5 dakika sonra ocaktan alın, ılınması için bekletin.', 'Fırından aldığınız sıcak tatlının üzerine ılık şerbeti dökün, şerbetini içine çekmesi için 10 dakika kadar bekledikten.', 'Sonra dilimleyin.', 'Ardından servis edin.\xa0Afiyet olsun!']",ŞERBETLİ TATLI,239b56,/tarif/serbetli-tatlilar/,"['Tatlı', 'Şerbetli Tatlı', 'Ramazan', 'Video']","['ekonomik', 'çay saati']",['Çay Saati'],"['Fırın', 'Tencere']","['Ekonomik', 'Vejetaryen']",False,3600,1200,2019-05-06T08:58:21Z,4.0,1133250,2164,False,True,True,0,,0,,,,2014/06/serbetli-irmik-tatlisi-yemekcom.jpg,0,0,https://cdn.yemek.com/mnresize/940/940/uploads/2014/06/serbetli-irmik-tatlisi-yemekcom.jpg,940,940,False,https://cdn.yemek.com/mncrop/300/200/uploads/2014/06/serbetli-irmik-tatlisi-yemekcom.jpg,300,200,True,https://cdn.yemek.com/mncrop/940/625/uploads/2014/06/serbetli-irmik-tatlisi-yemekcom.jpg,940,625,True,https://cdn.yemek.com/mncrop/620/388/uploads/2014/06/serbetli-irmik-tatlisi-yemekcom.jpg,620,388,True,https://cdn.yemek.com/mncrop/600/315/uploads/2014/06/serbetli-irmik-tatlisi-yemekcom.jpg,600,315,True,['fırın'],,,,,
652,1681,Yasemin Özaltın,https://cdn.yemek.com/author/35533/20181219061403_avatar.jpg,/profil/yasemingursurer/,En Pratik ve En Yumuşacık Kıvamlı: Ağlayan Pasta,Ağlayan Pasta,/tarif/aglayan-pasta/,25 dk,20 dk,"<p><a href=""https://yemek.com/tarif/kakaolu-islak-kek/"" target=""_blank"">Kakaolu ıslak kek</a> ya da <a href=""https://yemek.com/tarif/gercek-browni/"" target=""_blank"">brownie</a>'yi andıran kek tabanı üzerinde yer alan çırpılmış krem şanti ve akışkan çikolata sosla birlikte ağlayan pasta, oldukça davetkar! Yumuşacık keki, bol kakaolu <a href=""https://yemek.com/tarif/cikolata-sosu/#gref"">çikolata sosu</a> ve krem şantinin müthiş uyumuna şahit olacağınız bu kolay ve pratik, büyük tepside ağlayan pasta tarifini mutlaka denemelisiniz.</p>
<p>Tam kıvamında bir ağlayan pasta yapmak, o hafif ıslak dokusunu da yakalamak bazen bir hayli zor olabiliyor. Ama vereceğimiz nefis <a href=""https://yemek.com/tarif/"" target=""_blank"">tarifle</a> pastanızı kolaylıkla yapmanız mümkün. Biz klasik ağlayan pastaya kendi yorumumuzu katarak hazırladık. Siz de muhallebili ağlayan pasta,  kedi dili ağlayan pasta, çilekli ağlayan pasta, muzlu ağlayan pasta gibi farklı çeşitlerini tarifimizden yola çıkarak uyarlayabilirsiniz!</p>
<p>Küçükten büyüğe herkesin bayılarak tüketeceği, bol çikolatalı olmasına rağmen oldukça hafif olan, <a href=""https://yemek.com/tarif/pasta-tatli/"" target=""_blank"">pasta tariflerinin</a> en hüzünlüsü ağlayan pastanın videolu ve resimli tarifini aşağıya bırakıyoruz, sevdiklerinizle bu <a href=""https://yemek.com/tarif/tatli/"" target=""_blank"">tatlıyı</a> keyifle tüketmeniz dileğiyle <img src=""https://cdn.yemek.com/assets/images/smiley/smile.png"" class=""wp-smiley img-responsive"" /></p>
",recipe,"['tereyağı', 'yumurta', 'toz şeker', 'süt', 'süt', 'un', 'kabartma tozu', 'toz krem şanti', 'kakao', 'soğuk süt', 'portakal suyu', 'krema', 'bitter çikolata', 'sıvı yağ']","['Pastanın kekini hazırlamak için; karıştırma kabına alıp toz şeker ve yumurtayı aktarın.', 'Hafif beyaz bir renk alana kadar mikser yardımıyla karıştırın.', 'Süt ve ayçiçek yağı ekledikten sonra tüm sıvı malzemeleri kısa bir süre daha çırpın.', 'Un, kabartma tozu ve kakaoyu eleyin.', 'Harca ekleyin.', 'Kattığınız kek harcını mikser yardımıyla homojen bir hal alana kadar karıştırmayı sürdürün.', 'Portakal suyunu da ilave edip çırpın.', 'Isıya dayanıklı dikdörtgen bir fırın kabını tereyağıyla yağladıktan sonra kek harcını kaba aktarın. Önceden ısıtılmış 180 derece fırında yaklaşık\xa025 dakika kadar pişirin.', 'Pastanın kreması için; toz krem şantiyi, soğuk sütle çırptıktan sonra kıvam alması için buzdolabında bekletin.', 'Çikolata sosu hazırlamak için; bitter çikolatayı küçük küpler halinde kesin. Kaynatın. Soğuması için oda sıcaklığında dinlendirin.', 'Fırından çıkan kekin üzerine sütü azar azar gezdirin ve kekin içine çekmesi için kısa bir süre bekleyin.', 'Hazırladığınız krem şantiyi spatula yardımıyla kekin üzerine sürün.', 'Akışkan durumda olan oda sıcaklığındaki çikolata sosu pastanın üzerine gezdirdikten sonra dilimleyerek servis edin.', 'Üzerinden çikolata akan pastayı, arzu ettiğiniz gibi süsledikten sonra sevdiklerinizle paylaşın.']",PASTA,239b56,/tarif/pasta-tatli/,"['Tatlı', 'Pasta', 'Video']",['çay saati'],['Çay Saati'],"['Fırın', 'Tencere']",,False,1500,1200,2021-03-21T11:18:54Z,4.0,1109401,3523,False,True,True,0,,0,,,,2021/03/aglayan-pasta-yemekcom.jpg,0,0,https://cdn.yemek.com/mnresize/940/940/uploads/2021/03/aglayan-pasta-yemekcom.jpg,940,940,False,https://cdn.yemek.com/mncrop/300/200/uploads/2021/03/aglayan-pasta-yemekcom.jpg,300,200,True,https://cdn.yemek.com/mncrop/940/625/uploads/2021/03/aglayan-pasta-yemekcom.jpg,940,625,True,https://cdn.yemek.com/mncrop/620/388/uploads/2021/03/aglayan-pasta-yemekcom.jpg,620,388,True,https://cdn.yemek.com/mncrop/600/315/uploads/2021/03/aglayan-pasta-yemekcom.jpg,600,315,True,['fırın'],,,,,
653,773,evdekendinpisir,https://cdn.yemek.com/author/347367/20220304085040_avatar.jpg,/profil/evdekendinpisir/,Tam Ölçülü: Kalburabastı,Kalburabastı,/tarif/kalburabasti/,45 dk,30 dk,"<p><a href=""https://yemek.com/tarif/serbetli-tatlilarlar/"" target=""_blank"">Şerbetli tatlılar</a>dan olan kalburabastı tatlısı, ismini aldığı şeklinden dolayı hazırlaması zor gibi dursa da elinizin altında metal ya da hasır bir kalbur olduktan sonra gayet kolay aslında. <a href=""https://yemek.com/tarif/"" target=""_blank"">Yemek tariflerinin</a> tamamlayıcısı olan kalburabastı tatlı tarifini hazırlamak bu kadar basit aslında.</p>
<p>Bu nefis <a href=""https://yemek.com/tarif/tatli/"" target=""_blank"">tatlıyı</a> genelde <a href=""https://yemek.com/ramazan/"" target=""_blank"">ramazanda</a> ya da bayramda sofralarımıza konuk etmeyi çok seviyoruz ama bize kalırsa kalburabastı dilediğiniz her an mutfağınızda olmalı. Çünkü bu cevizli, irmikli ve <strong>ağızda dağılan</strong> <strong>kalburabastı tatlısı tarifi</strong> en kolay kalburabastı tariflerinden biri. Tabii sizin hamarat ellerinizden çıkması kaydıyla.</p>
<p>Unutmadan, kalbur yoksa rendenin kalın tarafını kullanabilirsiniz, aklınızda bulunsun.</p>
",recipe,"['limon suyu', 'yumurta', 'toz şeker', 'un', 'su', 'yoğurt', 'irmik', 'toz Antep fıstığı', 'limon', 'oda sıcaklığında tereyağı', 'ceviz içi', 'karbonat', 'sıvı yağ']","['Öncelikle şerbeti hazırlayın. Şeker ve suyu karıştırarak kaynamaya bırakın, kaynadıktan sonra limon suyu sıkarak kısık ateşte 10 dakika kadar kaynatmaya devam edin. Ardından ocaktan alıp ılınmaya bırakın.', 'Tatlı için, un hariç bütün malzemeleri bir araya getirin ve güzelce karıştırın.', 'Karbonatın üzerine limonu sıkın ve köpürmesini sağlayın.', 'Azar azar unu ilave edin. Kıvamına göre 3,5-4 su bardağı kadar alacaktır.', 'Ele yapışmayacak kıvama gelene kadar yoğurun.', 'Cevizden biraz daha büyük olacak şekilde parçalar koparın ve yuvarlayın. İsterseniz süzgeçte ya da kullandığımız gibi bir kesme aparatının üzerine b<span class=""il"">astı</span>rarak şekil almasını sağlayın.', 'Cevizi ortasına koyarak nazikçe birleştirin.', 'Fırın tepsinize dizin, önceden ısıtılmış fırında iyice kızarana kadar 25- 30 dakika pişirin.', 'Fırından çıkınca sıcak tatlının üzerine soğuk şerbeti dökün. Şerbeti iyice çekince servis edin. Afiyetler olsun.']",ŞERBETLİ TATLI,239b56,/tarif/serbetli-tatlilar/,"['Tatlı', 'Şerbetli Tatlı', 'Ramazan']",['çay saati'],['Çay Saati'],"['Fırın', 'Tencere']",,False,2700,1800,2022-04-27T11:10:50Z,3.0,1108463,2563,False,False,True,0,,0,,,,2022/04/kalburabasti-yeni-onecikan.jpg,0,0,https://cdn.yemek.com/mnresize/940/940/uploads/2022/04/kalburabasti-yeni-onecikan.jpg,940,940,False,https://cdn.yemek.com/mncrop/300/200/uploads/2022/04/kalburabasti-yeni-onecikan.jpg,300,200,True,https://cdn.yemek.com/mncrop/940/625/uploads/2022/04/kalburabasti-yeni-onecikan.jpg,940,625,True,https://cdn.yemek.com/mncrop/620/388/uploads/2022/04/kalburabasti-yeni-onecikan.jpg,620,388,True,https://cdn.yemek.com/mncrop/600/315/uploads/2022/04/kalburabasti-yeni-onecikan.jpg,600,315,True,,,,,,
654,696,Yasemin Özaltın,https://cdn.yemek.com/author/35533/20181219061403_avatar.jpg,/profil/yasemingursurer/,En Garanti Tarif: Tas Kebabı,Tas Kebabı,/tarif/tas-kebabi/,50 dk,20 dk,"<p>Suyuna ekmek banılacak yemekleri sevenler ve <a href=""https://yemek.com/tarif/et"" target=""_blank"">etten</a> vazgeçemeyenler için bir klasiktir tas kebabı tarifi. Olmazsa olmazı dana eti, soğan ve suyuna lezzet veren salçadır. Daha da bereketli ve doyurucu hale gelmesi adına içerisine patates ve havuç gibi kök sebzeler eklenir.</p>
<p>Kuşbaşı dana etiyle yapılan en güzel yemeklerden olan, sulu et yemeklerinin en sevileni tas kebabında etleri yumuşacık, lokum gibi pişiriyoruz. Tüm püf noktalarını da sesli olarak videomuzda adım adım anlatıyoruz.</p>
<p>Ayrıca sevdiğiniz baharatları eklemek ve lezzetine lezzet katmak elinizde. Tas kebabını çok sayıda rendelenmiş kuru soğan, salça ve belli başlı baharatlar ile de hazırlayanlar var, yok değil. Belki siz onlardan birisiniz ama tarifi bir de böyle deneyin, yorumlarınızı bizlerle paylaşın.</p>
<p>Küçük bir hatırlatma: Yanına da <a href=""https://yemek.com/tarif/pirinc-pilavi"" target=""_blank"">pirinç pilavı</a> yapmayı unutmayın.</p>
<p>Küçük bir hatırlatma daha, farklı yemek tarifleri için: <a href=""https://yemek.com/tarif/"" target=""_blank"">Yemek Tarifleri</a></p>
",recipe,"['tereyağı', 'sıcak su', 'tuz', 'ayçiçek yağı', 'un', 'sarımsak', 'orta boy havuç', 'orta boy patates', 'orta boy kuru soğan', 'tane karabiber', 'kuşbaşı dana eti', 'kaşığı domates salçası']","['1 yemek kaşığı sıvı yağ ve 2 yemek kaşığı tereyağını tencerede kızdırın.Üzerine 800 gram dana kuşbaşı etini ekleyin ve etler suyunu salıp çekene kadar\xa0kavurun.', 'Yemeklik doğranmış 1 adet soğanı ve 3 diş doğranmış sarımsağı da ekledikten sonra etlerle beraber kavurmaya devam edin.', 'Bu aşamada ekleyeceğiniz 1 yemek kaşığı unu, kokusu çıkana kadar yaklaşık 2-3 dakika etlerle birlikte kavurun. 1 tatlı kaşığı salçayı ekleyin ve karıştırın.', 'Ardından 1 tatlı kaşığı tuz, 1 adet küp doğranmış patates, 1 adet küp doğranmış havuç ve 1 çay kaşığı karabiberi de ekleyip 3 su bardağı su ilave\xa0edin.', 'Kapağını kapattığınız tencerede, kısık ateşte 30 dakika kadar pişirin.', 'Kıvamlı bir sos halini alan suyu ve sebzelerle birlikte pişen eti, sıcak olarak bekletmeden servis edin. Afiyetler olsun!']",ET,239b56,/tarif/et/,"['Et', 'Ramazan', 'Video']","['akşam yemeği', 'öğle yemeği']",['Akşam Yemeği'],['Ocak'],,False,3000,1200,2021-03-24T08:00:17Z,4.0,1107172,7329,False,True,True,0,,0,,,,2014/10/tas-kebabi-yemekcom.jpg,0,0,https://cdn.yemek.com/mnresize/940/940/uploads/2014/10/tas-kebabi-yemekcom.jpg,940,940,False,https://cdn.yemek.com/mncrop/300/200/uploads/2014/10/tas-kebabi-yemekcom.jpg,300,200,True,https://cdn.yemek.com/mncrop/940/625/uploads/2014/10/tas-kebabi-yemekcom.jpg,940,625,True,https://cdn.yemek.com/mncrop/620/388/uploads/2014/10/tas-kebabi-yemekcom.jpg,620,388,True,https://cdn.yemek.com/mncrop/600/315/uploads/2014/10/tas-kebabi-yemekcom.jpg,600,315,True,"['tencere', 'bol proteinli']",,,,,
655,304,Yasemin Özaltın,https://cdn.yemek.com/author/35533/20181219061403_avatar.jpg,/profil/yasemingursurer/,Kafelerde Yediklerinizden Farksız: Çikolatalı Sufle,Çikolatalı Sufle,/tarif/cikolatali-sufle/,10 dk,8 dk,"<p><a href=""https://yemek.com/tarif/cikolatali-tatlilar/"" target=""_blank"">Çikolatalı tatlıların</a> en kısa sürede pişenlerinden, akışkan içi sayesinde öncelikle görsel şölen yaşatan ve yedikçe yemek isteyeceğiniz sufleyi hazırlamak, püf noktalarını dikkatlice okursanız oldukça pratik. Böylece her seferinde dışarı çıkıp bir kafede yediğiniz o harika sufleyi evde kendiniz yapabilecek, <a href=""https://yemek.com/tarif/"" target=""_blank"">yemek tariflerinizin</a> yanında sunabileceksiniz.</p>
<p><a href=""https://yemek.com/tarif/tatli/"" target=""_blank"">Tatlı</a> tariflerinin en sevilenlerinden bu sufle tarifinde her kaşıkta çikolatanın yoğun lezzetini hissedecek, akışkan kıvamına her seferinde yeniden hayran olacaksınız.</p>
",recipe,"['tereyağı', 'tereyağı', 'tuz', 'yumurta', 'toz şeker', 'süt', 'un', 'kakao', 'pudra şekeri', 'bitter çikolata']","['125 mililitre sütü bir sos tenceresine alın ve kaynama noktasına gelinceye kadar ısıtın.', 'İçerisine çikolatayı ilave edin.\xa0Çikolata eridikten sonra ocaktan alın.', 'Ayrı bir sos tenceresinde 2 yemek kaşığı tereyağını eritin.', 'Üzerine 1,5 yemek kaşığı unu ilave ederek, kokusu çıkana kadar kavurun.', 'Unun kokusu çıktıktan sonra çikolatalı süt karışımının içerisine ilave edin ve 2 yemek kaşığı toz şekeri ilave ederek sürekli olarak karıştırın.', '3 adet yumurta sarılarını da ilave edin, 2 dakika daha karıştırdıktan sonra ocaktan alın ve soğumaya bırakın.', 'Derin bir kasede 3 adet yumurta beyazlarını bir çimdik tuz ile birlikte kaseyi ters çevirdiğinizde akmayacak kıvama gelinceye kadar çırpın.', 'Soğumuş olan çikolatalı karışım ile köpük haline gelmiş yumurta aklarını birleştirin ve spatula yardımıyla karıştırın.', 'Yağlanmış ve kakao ile kaplanmış sufle kaplarına bir parmak boşluk kalacak şekilde harcı bölüştürün ve önceden ısıtılmış 200 derece fırında 10 dakika pişirin.', 'Fırından çıkar çıkmaz üzerine pudra şekeri serpiştirip servis edin, afiyet olsun!']",ÇİKOLATALI TATLI,239b56,/tarif/cikolatali-tatlilar/,"['Tatlı', 'Video', 'Dünya Mutfakları', 'Çikolatalı Tatlı']","['ekonomik', 'ara öğün', 'çay saati']",['Çay Saati'],['Fırın'],,False,600,480,2022-03-25T08:05:24Z,4.0,1091967,8162,False,True,True,0,,0,,,,2014/09/cikolatali-sufle-yemekcom.jpg,0,0,https://cdn.yemek.com/mnresize/940/940/uploads/2014/09/cikolatali-sufle-yemekcom.jpg,940,940,False,https://cdn.yemek.com/mncrop/300/200/uploads/2014/09/cikolatali-sufle-yemekcom.jpg,300,200,True,https://cdn.yemek.com/mncrop/940/625/uploads/2014/09/cikolatali-sufle-yemekcom.jpg,940,625,True,https://cdn.yemek.com/mncrop/620/388/uploads/2014/09/cikolatali-sufle-yemekcom.jpg,620,388,True,https://cdn.yemek.com/mncrop/600/315/uploads/2014/09/cikolatali-sufle-yemekcom.jpg,600,315,True,['fırın'],,,['Fransa'],,
656,827,Yasemin Özaltın,https://cdn.yemek.com/author/35533/20181219061403_avatar.jpg,/profil/yasemingursurer/,Lokum Tadında: Et Sote,Et Sote,/tarif/et-sote/,50 dk,20 dk,"<p>''Etim pişirirken sertleşiyor'' sorununu çözmeye geliyor bu nefis <a href=""https://yemek.com/tarif/"" target=""_blank"">yemek tarifimiz</a>. <a href=""https://yemek.com/tarif/et"" target=""_blank"">Et tarifleri</a> arasında en klasiklerden sayılan et sote tarifi buyurun. Bu tarifle et sote denediğinizde pişirdiğiniz <strong>etler lokum kıvamında ve yumuşacık</strong> oluyor. Lezzet seviyesi içerisine konan domates, soğan ve biberle birlikte zirveye çıkıyor. Bu zamana kadar denediğiniz hiçbir et sote tarifinden bu denli iyi bir sonuç almadığınızdan eminiz. Karşınızda tüm püf noktaları ve lezzet sırlarıyla yumuşacık pişen et sote tarifi.</p>
<p>Etli yemeklerin en kolay ve en dikkatli şekilde pişirilmesi de şart olan tariflerinin başında geliyor kendileri. <strong>Yüksek ısıda mühürlemek</strong>, soğan ve domatesini mutlaka ilave etmek şart. Yanına bir pilav ve salatayla en şahane öğüne dönüşüyor. Adım adım resimli anlatımıyla et sote tarifimizi denemeye davetlisiniz.</p>
",recipe,"['biber salçası', 'sıcak su', 'tuz', 'zeytinyağı', 'domates salçası', 'kekik', 'taze çekilmiş tane karabiber', 'orta boy kuru soğan', 'orta boy domates', 'orta boy yeşil biber', 'sotelik dana eti']","['Döküm bir tavada 4 yemek kaşığı zeytinyağını kızdırın. 1 adet yemeklik ince doğradığınız soğanları tavaya ekleyin.', 'Renk alan soğanların üzerine 3 adet doğranmış yeşil biber ekleyin ve sotelemeye devam edin.', 'Sotelik doğradığınız 600 gram dana etini ilave edin.', 'Suyunu salmaması, lezzet ve vitamin değerini hapsetmesi için; yüksek ateşte, yaklaşık 2-3 dakika hiç karıştırmadan mühürleyin.', 'Dış kısmı renk alan etleri aralarda karıştırarak yüksek ateşte sotelemeye devam edin.', '3 adet soyulmuş, doğranmış domatesi\xa0ekleyerek karıştırın. Ardından 1 çay kaşığı tuz, karabiber, 1 tatlı kaşığı kekiği de ekleyin.', 'Bir tatlı kaşığı domates ve yarım tatlı kaşığı biber salçasını 1 su bardağı sıcak su ile sulandırdıktan sonra azar azar tavaya ekleyin.', 'Kısık ateşte etler yumuşayana kadar pişirin.', 'Etleri yumuşayan soteyi, lezzetli suyuyla birlikte servis tabaklarına alın ve sıcak sıcak servis edin. Afiyet olsun!']",ET,239b56,/tarif/et/,"['Et', 'Ramazan', 'Video']","['akşam yemeği', 'öğle yemeği']","['Öğle Yemeği', 'Akşam Yemeği']","['Tencere', 'Ocak']",['Ekonomik'],False,3000,1200,2021-06-27T08:43:24Z,4.0,1064923,6300,False,True,True,0,,0,,,,2014/10/etsote-yemekcom.jpg,0,0,https://cdn.yemek.com/mnresize/940/940/uploads/2014/10/etsote-yemekcom.jpg,940,940,False,https://cdn.yemek.com/mncrop/300/200/uploads/2014/10/etsote-yemekcom.jpg,300,200,True,https://cdn.yemek.com/mncrop/940/625/uploads/2014/10/etsote-yemekcom.jpg,940,625,True,https://cdn.yemek.com/mncrop/620/388/uploads/2014/10/etsote-yemekcom.jpg,620,388,True,https://cdn.yemek.com/mncrop/600/315/uploads/2014/10/etsote-yemekcom.jpg,600,315,True,"['tencere', 'bol proteinli', 'glutensiz']",,,,,
657,23805,Cemre Özgüzel,https://cdn.yemek.com/author/109/20200211010242_avatar.jpg,/profil/cemre-ozguzel/,İşin Sırrı Hamurunda: Pofuduk Poğaça,Pofuduk Poğaça,/tarif/pofuduk-pogaca/,25 dk,15 dk,"<p>Üzerine bastırdığınızda içine göçüp sonra hemencecik eski formuna dönen, iç dokusu yumuşacık bir <a href=""https://yemek.com/tarif/pogaca"" target=""_blank"">poğaçayı</a> misafir ediyoruz. Bu poğaçaların en önemli sırlarının başında içerisinde ılık malzemeler kullanmak geliyor. Kullanacağınız tüm sıvı malzemelerin ılık olması ve diğer malzemelerin oda sıcaklığına olması o pofuduk kıvamı yakalamanıza yardımcı oluyor.</p>
<p>En önemli ikinci püf noktası ise mayalandırma kısmı. Hamurunuzu önce oda sıcaklığında mayalandırın mutlaka. Şekil verdikten sonra bırakın biraz daha dinlensin, güzelleşsin. Yumuşacık kıvamının sırrı malzemelerse, pişerken puf puf olmasının sırrı mayalandırma işlemi. Bu noktalara dikkat edin, gerisini hiç düşünmeyin. <img src=""https://cdn.yemek.com/assets/images/smiley/wink.png"" class=""wp-smiley img-responsive"" /></p>
<p>Herkesin sırlarının peşinden koşacağı <a href=""https://yemek.com/tarif/"" target=""_blank"">tarif</a>imize bekleniyorsunuz.</p>
",recipe,"['tereyağı', 'tuz', 'yumurta', 'toz şeker', 'un', 'yumurta sarısı', 'ılık su', 'susam', 'ılık süt', 'instant maya']","['Tereyağını minik bir sos tenceresinin içerisinde eritin.', 'Erittikten sonra birkaç dakika soğumaya bırakın.', 'Soğuduktan sonra derin bir kabın içerisine ılık süt, yumurta, mayayı, suyun bir kısmı, ertilmiş tereyağı ve şekeri aktarın.', 'Güzelce karıştırdıktan sonra azar azar un ilave ederek yoğurmaya başlayın. Bu aşamada eğer ihtiyacınız varsa suyun geriye kalanını da ilave edin.\xa0 Tuzu da ekleyerek ele yapışmayan yumuşacık bir hamur elde edin.', 'Elde ettiğiniz hamuru temiz bir kaba aktarın ve üzerini streç film ile hava almayacak şekilde güzelce kapatın. 1 saat kadar oda sıcaklığında mayalandırın.', 'Mayalanan poğaçaları dilediğiniz iç harcı koyarak lezzetlendirin ya da sade bir biçimde şekil vererek yağlı kağıt serili fırın tepsisinin üzerine dizin.', 'Üzerini streç filme kapatın ve oda sıcaklığında 15-20 dakika kadar ikinci mayalandırma için bekletin.', 'Ardından üzerine yumurta sarısı sürün, susam serpin ve 180 derecede ısıtılmış fırında üzeri de kızarana kadar 20-25 dakika kadar pişirin.', 'Çıkarıp oda sıcaklığında bir süre dinlendirdikten sonra afiyetle tüketin.']",POĞAÇA,239b56,/tarif/pogaca/,"['Hamur İşi', 'Poğaça']",['çay saati'],"['Kahvaltı', 'Çay Saati']",['Fırın'],"['Ekonomik', 'Vejetaryen']",False,1500,900,2017-10-11T07:06:16Z,4.0,1016294,3366,False,False,False,0,,0,,,,2017/10/pofuduk-pogaca-tarifi.jpg,0,0,https://cdn.yemek.com/mnresize/940/940/uploads/2017/10/pofuduk-pogaca-tarifi.jpg,940,940,False,https://cdn.yemek.com/mncrop/300/200/uploads/2017/10/pofuduk-pogaca-tarifi.jpg,300,200,True,https://cdn.yemek.com/mncrop/940/625/uploads/2017/10/pofuduk-pogaca-tarifi.jpg,940,625,True,https://cdn.yemek.com/mncrop/620/388/uploads/2017/10/pofuduk-pogaca-tarifi.jpg,620,388,True,https://cdn.yemek.com/mncrop/600/315/uploads/2017/10/pofuduk-pogaca-tarifi.jpg,600,315,True,['fırın'],,,,,
658,154,Yasemin Özaltın,https://cdn.yemek.com/author/35533/20181219061403_avatar.jpg,/profil/yasemingursurer/,Tam Kıvamında: Tarhana Çorbası,Tarhana Çorbası,/tarif/tarhana-corbasi/,20 dk,5 dk,"<p>Bütün <a href=""https://yemek.com/tarif/"" target=""_blank"">yemek tarifleri</a> arasında tarhana çorbası hiç şüphesiz en çok Anadolu kokandır, toprak kokandır. Ekşilisi içilir, kahvaltıda içilir, akşam yemeğinde içilir, <a href=""https://yemek.com/ramazan"" target=""_blank"">sahurda</a> içilir.</p>
<p>Tarhana çorbası bir çorbanın alabileceği en güzel hallerden, <a href=""https://yemek.com/tarif/corba/"" target=""_blank"">çorba tariflerinden</a> en sevilenlerinden biridir. Dilerseniz <a href=""https://yemek.com/tarif/tarhana/"" target=""_blank"">ev tarhanasını</a> kendiniz de yapabilir, meşhur Maraş tarhanası tarifimize ise <a href=""https://yemek.com/tarif/maras-tarhanasi/"" target=""_blank"">şuradan</a> ulaşabilirsiniz. Ev yapımı mis gibi tarhana çorbasını yapmak üstelik toz tarhana çorbasını yapmaktan bile daha kolay.</p>
<p>Her birinin kendine has tarhana çorbası tarifi olan büyüklerimize saygılarımızı sunarak tarhana çorbası yapımını hem video hem de adım adım görselli olarak aşağıda paylaşıyoruz.</p>
",recipe,"['tereyağı', 'tuz', 'ayçiçek yağı', 'sarımsak', 'su', 'domates salçası', 'toz tarhana', 'kuru nane']","['Toz tarhanayı geniş bir karıştırma kasesine alın. Üzerine toz nane ve oda sıcaklığındaki 2 bardak suyu ekleyerek bir çırpıcı yardımıyla karıştırın. Tarhana yumuşayana dek, yaklaşık 15 dakika boyunca oda sıcaklığında yumuşamaya bırakın.', 'Bu sırada geniş bir tencereye sıvıyağ ve tereyağını ekleyip, orta ateşte eritmeye başlayın. Ezilmiş sarımsak ve salçayı ekleyerek kavurmaya başlayın.', 'Yumuşayan tarhana karışımını ekleyin, ardından tuzunu da ekleyin ve karıştırın.', 'Kalan 5 su bardağı suyu ve tencereye ekleyin. Ara ara karıştırarak koyulaşana dek pişirin.', 'Kaynayan çorbayı bekletmeden sıcak olarak servis edin. Pişirdikçe koyulaşan bir çorba olduğu için daha sonra tüketecekseniz üzerine su ilave etmenizi öneririz.', 'Afiyet olsun!']",ÇORBA,,/tarif/corba/,"['Çorba', 'Ramazan', 'Video']","['pratik yemek tarifleri', 'ekonomik', 'akşam yemeği', 'öğle yemeği']","['Öğle Yemeği', 'Akşam Yemeği']","['Tencere', 'Ocak']","['Ekonomik', 'Vejetaryen']",False,1200,300,2019-05-15T05:03:31Z,4.0,1005436,4753,False,True,True,0,,0,,,,2019/05/tarhana-corbasi-yemekcom.jpg,0,0,https://cdn.yemek.com/mnresize/940/940/uploads/2019/05/tarhana-corbasi-yemekcom.jpg,940,940,False,https://cdn.yemek.com/mncrop/300/200/uploads/2019/05/tarhana-corbasi-yemekcom.jpg,300,200,True,https://cdn.yemek.com/mncrop/940/625/uploads/2019/05/tarhana-corbasi-yemekcom.jpg,940,625,True,https://cdn.yemek.com/mncrop/620/388/uploads/2019/05/tarhana-corbasi-yemekcom.jpg,620,388,True,https://cdn.yemek.com/mncrop/600/315/uploads/2019/05/tarhana-corbasi-yemekcom.jpg,600,315,True,['tencere'],greenLight,,,,
659,454,Cemre Özgüzel,https://cdn.yemek.com/author/109/20200211010242_avatar.jpg,/profil/cemre-ozguzel/,Şeflerini Kıskandıran Tarif: Pastane Poğaçası,Pastane Poğaçası,/tarif/pastane-pogacasi/,25 dk,30 dk,"<p>Pastanelerden aldığınız, sabah kahvaltılarınızın en hızlı ve doyurucu kurtarıcısı olan nefis <a href=""https://yemek.com/tarif/pogaca/"" target=""_blank"">poğaçalar</a>... Biliyoruz dışarıdan alınca midenizde biraz ağırlık yapıyor, içerisindeki yağ oranı da sizi biraz düşündürüyor. Ancak bu tarifi evde çok daha ekonomik şekilde, çok daha hafif bir lezzette yapmak mümkün aslında. Bir gece önceden hazırladığınız pastane poğaçalarını yanınıza alarak ofis arkadaşlarınızı sevindirebilir, sıkışan trafiğe rağmen lezzetli ve sağlıklı bir kahvaltıdan ödün vermeden yol alabilir, akşam eve dönüşte çayın yanında tüketebilirsiniz. Uzun süre taze kalması da cabası. Karşınızda: Pastane poğaçası tarifi!</p>
<p>Pastane poğaçalarındaki o yumuşacık dokuyu bu tarifle rahatlıkla yakalamanız da mümkün. Şimdiden ellerinize sağlık diyor, evinin şeflerini mutfağa buyur ediyoruz.</p>
",recipe,"['tuz', 'toz şeker', 'un', 'su', 'yumurta sarısı', 'ılık su', 'kuru maya', 'ılık süt', 'sıvı yağ', 'sıvı yağ']","['Kuru maya ve toz şekeri bir kabın içerisine alın.', 'Üzerine ılık süt ve ılık suyu ilave ederek şeker eriyene kadar güzelce karıştırın.', 'Ardından sıvı yağı da ekleyerek karıştırmaya devam edin.', 'Üzerine azar azar un ilave etmeye başlayın. Bu aşamada tuzu da ekleyin. Unu çok kontrollü bir şekilde ilave ederek güzelce yoğurun.', 'Yumuşak kıvamda\xa0 bir hamur elde edin.', 'Üzerini streç filmle kapatarak oda sıcaklığında 40 dakika kadar mayalandırın. Eğer kış mevsiminde mayalandırma yapıyorsanız daha ılık bir ortamda 1 saat kadar mayalandırın.', 'Mayalanan hamurdan avuç içi büyüklüğünde bezeler elde ederek yuvarlak bir şekil verin. Dilerseniz bu aşamada içlerine harç da koyabilirsiniz.', 'Hazırladığınız hamurları yağlı kağıt serili fırın tepsisine dizin.', 'Yumurta sarısı, yağ ve suyu bir kapta karıştırın. Poğaçaların üzerine fırça yardımıyla sürün. Ardından da çatalla şekil verin.', '180 derecede önceden ısıtılmış fırında yaklaşık 25-30 dakika kadar üzeri kızarıp tam poğaçalar tam kabarana kadar pişirin. Ardından çıkarıp biraz dinlendirdikten sonra servis edin. Afiyetler olsun!']",POĞAÇA,239b56,/tarif/pogaca/,"['Hamur İşi', 'Kahvaltılık', 'Poğaça']","['ekonomik', 'kahvaltı', 'çay saati']","['Kahvaltı', 'Çay Saati']",['Fırın'],['Ekonomik'],False,1500,1800,2020-03-02T06:45:54Z,4.0,1005135,4161,False,False,True,0,,0,,,,2020/03/pastane-pogacasi-one-cikan-yeni.jpg,0,0,https://cdn.yemek.com/mnresize/940/940/uploads/2020/03/pastane-pogacasi-one-cikan-yeni.jpg,940,940,False,https://cdn.yemek.com/mncrop/300/200/uploads/2020/03/pastane-pogacasi-one-cikan-yeni.jpg,300,200,True,https://cdn.yemek.com/mncrop/940/625/uploads/2020/03/pastane-pogacasi-one-cikan-yeni.jpg,940,625,True,https://cdn.yemek.com/mncrop/620/388/uploads/2020/03/pastane-pogacasi-one-cikan-yeni.jpg,620,388,True,https://cdn.yemek.com/mncrop/600/315/uploads/2020/03/pastane-pogacasi-one-cikan-yeni.jpg,600,315,True,['fırın'],,,,,
660,761,Yasemin Özaltın,https://cdn.yemek.com/author/35533/20181219061403_avatar.jpg,/profil/yasemingursurer/,Anne Usulü: Karnıyarık,Karnıyarık,/tarif/karniyarik/,50 dk,30 dk,"<p>Sofraların olmazsa olmazı, <a href=""https://yemek.com/tarif/pirinc-pilavi/"" target=""_blank"" rel=""noopener"">pilavın</a> sevdalısı, <a href=""https://yemek.com/tarif/cacik/"" target=""_blank"" rel=""noopener"">cacığın</a> en iyi dostu, <a href=""https://yemek.com/tarif/"" target=""_blank"" rel=""noopener"">yemek tariflerinin</a> gözdesi, anneye bolca sipariş verilen karnıyarık hazırlıyoruz. Duymayan kalmasın. Arzu eden bize katılsın. Patlıcanları kızartmak istemeyen fırınını önceden ısıtsın.</p>
<p>Karnıyarık tarifinde başrol malzememiz her zaman olduğu gibi sebzelerin en çok kıskanılanı patlıcan. Kendisi malumunuz üzerine binlerce yazıda en çok sevilen sebze olarak yer almıştır. Yine karnıyarık tarifinde öne çıkan bir diğer malzeme ise, karnıyarığı imam bayıldıdan ayıran kıyma. Kendisi karnıyarık tarifini de lezzet getiriyor.</p>
<p>Biz de bu <strong>fırında karnıyarık</strong> tarifinde karnıyarık içinin tencerede nasıl hazırlanacağından karnıyarık yemeğinin adım adım resimli aşamalarıyla nasıl yapıldığına hepsini tek tek anlatmak istedik.</p>
<p>Vejetaryen karnıyarık olan <a href=""https://yemek.com/imam-bayildinin-hikayesi/"" target=""_blank"" rel=""noopener"">imam bayıldı</a> gibi hikayelere konuk olmasa da kendisi başlı başına bir hikaye karnıyarığın. İnanmayan pilava, cacığa, yanında kırılan soğana sorsun. Tüm lokanta yemekleri tarifleri karnıyarığa olan aşkını anlatacaktır.</p>
<p>O yüzden hazır edin patlıcanı, <a href=""https://yemek.com/tarif/kiyma-kavurma/"" target=""_blank"" rel=""noopener"">kıyma</a>yı, soğanı, zeytinyağını bu akşam misler gibi karnıyarık yapmak için mutfağa giresimiz var.</p>
<p>Yapanların ellerine sağlık.</p>",recipe,"['biber salçası', 'tuz', 'ayçiçek yağı', 'sarımsak', 'maydanoz', 'zeytinyağı', 'karabiber', 'domates salçası', 'domates', 'yeşil biber', 'kıyma', 'büyük boy kuru soğan', 'orta boy patlıcan', 'orta boy yeşil sivri biber']","['<p>Bol suda yıkadığınız patlıcanları, pijamalı şekilde soyun ve tuzlu suda bekletin. 3 yemek kaşığı zeytinyağını bir tavada kızdırın. Yemeklik doğradığınız 1 adet soğanı da üzerine ekleyip pembeleşene kadar kavurun. 2 adet doğranmış yeşil biberi ilave edip kavurmaya devam edin.</p>', '<p>350 gram orta yağlı kıymayı da ekleyin ve kavrulmakta olan soğanlarla birlikte renk alıp, suyunu çekene kadar pişirin.</p>', ""<p>Aralarda karıştırıp pişirme işlemine devam ederek sırasıyla; 2 diş sarımsak, yarım tatlı kaşığı domates salçası, yarım tatlı kaşığı biber salçası, 1'er çay kaşığı tuz ve karabiber ekleyin.\xa0</p>"", '<p>2 adet küp doğranmış domatesi ekleyin, 5 dakika kadar pişirdikten sonra ocağın altını kısın ve bir avuç doğranmış maydanozu ekleyip son kez karıştırarak ocaktan alın.</p>', '<p>Acısını alıp, pijamalı soyduğunuz 6 adet patlıcanı kızartın.</p>', '<p>Fırına dayanıklı bir kaba yerleştirin.</p>', '<p>Orta kısımlarından patlıcanları yarın.</p>', '<p>Hazırladığınız iç harçtan bol bol ekleyin.</p>', '<p>Patlıcanların üzerine birer cherry domates ve biber dilimleri ekleyin.</p>', '<p>Karnıyarıkları önceden ısıtılmış 170 derece fırında 20-25 dakika kadar pişirdikten sonra, sıcak olarak, dilerseniz tereyağlı pirinç pilavı eşliğinde servis edin, afiyet olsun!</p>']",SEBZE,239b56,/tarif/sebze/,"['Sebze', 'Ramazan', 'Video', 'Sulu Yemek', 'Mevsiminde']",,"['Öğle Yemeği', 'Akşam Yemeği']","['Fırın', 'Kızartma', 'Tencere']",,False,3000,1800,2019-05-14T11:19:27Z,4.0,1185751,6345,False,True,True,0,,0,,,,2014/10/karniyarik-yemekcom.jpg,0,0,https://cdn.yemek.com/mnresize/940/940/uploads/2014/10/karniyarik-yemekcom.jpg,940,940,False,https://cdn.yemek.com/mncrop/300/200/uploads/2014/10/karniyarik-yemekcom.jpg,300,200,True,https://cdn.yemek.com/mncrop/940/625/uploads/2014/10/karniyarik-yemekcom.jpg,940,625,True,https://cdn.yemek.com/mncrop/620/388/uploads/2014/10/karniyarik-yemekcom.jpg,620,388,True,https://cdn.yemek.com/mncrop/600/315/uploads/2014/10/karniyarik-yemekcom.jpg,600,315,True,,,"['Haziran', 'Temmuz', 'Ağustos']",,,
661,24660,Yasemin Özaltın,https://cdn.yemek.com/author/35533/20181219061403_avatar.jpg,/profil/yasemingursurer/,Evdeki Malzemelerle: Fincan Tatlısı,Fincan Tatlısı,/tarif/fincan-tatlisi/,15 dk,5 dk,"<p>Pratik lezzetlerden vazgeçemeyenlere, yemeklerin sunumuna önem verenlere müjdemiz var! Evdeki malzemelerle hızlıca yapabileceğiniz fincan tatlısı, Hindistan cevizi ve meyveler ile süslenerek adeta evde bir dekor olarak kullanabileceğiniz güzellikte oluyor. Yemeyip yanında yatasınız geliyor <img src=""https://cdn.yemek.com/assets/images/smiley/smile.png"" class=""wp-smiley img-responsive"" /></p>
<p>Bu pratik <a href=""https://yemek.com/tarif/"" target=""_blank"">tarifte</a> zevkinize göre değişiklikler yapabilirsiniz. Çoğunlukla vanilya aromalı hazırlanan muhallebiyi dilerseniz kakaolu, çilekli veya muzlu yaparak, farklı ve şık bir sunum elde edebilirsiniz. Hatta iki renkli hazırlamak bile müthiş bir hava katacaktır. Videoyu aşağıya iliştirdik. Çay saatleriniz ve özel davetleriniz için oldukça kolay hazırlanacak bu <a href=""https://yemek.com/tarif/sutlu-tatlilar/"" target=""_blank"">sütlü</a> <a href=""https://yemek.com/tarif/tatli/"" target=""_blank"">tatlıyı</a> mutlaka denemenizi öneriyoruz. Afiyet olsun!</p>
",recipe,"['toz şeker', 'süt', 'un', 'margarin', 'çilek (arzuya göre muz)', 'vanilin', 'Hindistan cevizi rendesi']","['Derin bir tencereye süt, un ve şekeri ekleyip çırpma teli yardımıyla karıştırarak muhallebi kıvamına gelene kadar pişirin.', 'Muhallebi koyu kıvam alıp göz göz\xa0 fokurdamaya başlayınca margarin ve vanilini ekleyin ve tekrar karıştırın.Pişen muhallebiyi ocaktan alın.', 'Orta boy kahve fincanına 2 parmak boşluk bırakacak şekilde, kepçe yardımıyla muhallebiyi dökün.', 'Fincandaki muhallebileri önce oda sıcaklığına getirdikten sonra buzdolabında en az 4 saat soğumaya bırakın.', 'Soğuyan muhallebileri fincandan yavaşça çıkarın ve Hindistan cevizine bulayın.', 'Hindistan cevizine bulanan muhallebileri servis tabağına alın ve üzerini dilediğiniz meyve ile süsleyip servis edin.']",SÜTLÜ TATLI,239b56,/tarif/sutlu-tatlilar/,"['Tatlı', 'Sütlü Tatlı', 'Video']","['ekonomik', 'çay saati']",['Çay Saati'],['Tencere'],"['Ekonomik', 'Vejetaryen', 'Bol Proteinli']",False,900,300,2020-11-09T07:31:32Z,4.0,1167935,7485,False,True,True,0,,0,,,,2017/10/fincan-tatlisi-tarifi.jpg,0,0,https://cdn.yemek.com/mnresize/940/940/uploads/2017/10/fincan-tatlisi-tarifi.jpg,940,940,False,https://cdn.yemek.com/mncrop/300/200/uploads/2017/10/fincan-tatlisi-tarifi.jpg,300,200,True,https://cdn.yemek.com/mncrop/940/625/uploads/2017/10/fincan-tatlisi-tarifi.jpg,940,625,True,https://cdn.yemek.com/mncrop/620/388/uploads/2017/10/fincan-tatlisi-tarifi.jpg,620,388,True,https://cdn.yemek.com/mncrop/600/315/uploads/2017/10/fincan-tatlisi-tarifi.jpg,600,315,True,['tencere'],,,,,
662,119,Yasemin Özaltın,https://cdn.yemek.com/author/35533/20181219061403_avatar.jpg,/profil/yasemingursurer/,Tam Ölçülü Mükemmel Lezzet: Şerbetli İrmik Tatlısı,Şerbetli İrmik Tatlısı,/tarif/serbetli-irmik-tatlisi/,1 sa,20 dk,"<p>İrmik tatlısının ne kadar efsane bir lezzet olduğuna değinmiş ve <a href=""https://yemek.com/tarif/irmik-tatlisi/"" target=""_blank"">irmik tatlısı tarifi</a>ni sizlerle paylaşmıştık. İrmik tatlısının lezzetini bir kat daha arttırmak ve damaklarda kalıcı bir tat bırakmak üzere bu sefer tarifine şerbet ekliyor ve fırında pişiriyoruz. <a href=""https://yemek.com/tarif/tatli/"" target=""_blank"">Tatlı tarifleri</a> arasında ona ayrı bir yer ayıracaksınız. <a href=""https://yemek.com/az-malzemeli-serbetli-tatlilar/"" target=""_blank"">Az malzemeli şerbetli tatlılar</a> arasında en çok sevilen tatlılardan biri olmaya da aday kendileri. Karşınızda çay saatlerinizin vazgeçilmezlerinden biri olacak şerbetli irmik tatlısı tarifi!</p>
<p>Mutfağa yeni yeni girmeye başlayanların bile kolaylıkla yapabileceği bir tarif üstelik. Sünger gibi kıvamı sayesinde tüm şerbetini içine çekiyor. Yumuşacık dokulu mükemmel bir lezzete dönüşüyor. Dilerseniz üzerine fıstık, file badem gibi malzemeler ilave ederek süsleyebilirsiniz. Çayınızın yanına hemen hazır! Şimdiden ellerinize sağlık.</p>
<p>Adım adım resimli ve videolu anlatımıyla irmik tatlısı <a href=""https://yemek.com/tarif/"" target=""_blank"">tarifi</a> karşınızda!</p>
<p>İrmikli tatlı tarifleri arasında özel bir yere koyacağınız <a href=""https://yemek.com/tarif/serbetli-tatlilar/"" target=""_blank"">şerbetli</a> irmik tatlısından sonra daha hafif bir alternatif isterseniz <a href=""https://yemek.com/tarif/sutlu-irmik-tatlisi/"" target=""_blank"">sütlü irmik tatlısına</a> da şans verebilirsiniz.</p>
",recipe,"['tereyağı', 'limon suyu', 'yumurta', 'toz şeker', 'toz şeker', 'süt', 'un', 'kabartma tozu', 'su', 'yoğurt', 'irmik', 'vanilin']","['3 adet yumurta, 9 yemek kaşığı toz şeker ve 1 çay bardağı yoğurdu derin bir kapta mikser yardımıyla toz şeker eriyene kadar çırpın.', '1 su bardağı süt, 1 paket vanilini ekleyin.', '1,5 su bardağı elenmiş un, 9 yemek kaşığı irmik ve 1 paket kabartma tozunu sırasıyla ekleyin.\xa0 Ardından güzelce karıştırın.', 'Fırın kabını tereyağı ile yağlayın ve tatlı harcını kalıba aldıktan sonra üzerini bir spatula yardımıyla düzeltin.', 'Tatlıyı önceden ısıtılmış 175 derece fırında 35 dakika kadar pişirin.', 'Tatlının şerbeti için; 2 su bardağı toz şeker ve 2 su bardağı suyu 10 dakika kadar kaynatın. 3-4 damla limon suyunu katın ve kaynayan şerbeti 5 dakika sonra ocaktan alın, ılınması için bekletin.', 'Fırından aldığınız sıcak tatlının üzerine ılık şerbeti dökün, şerbetini içine çekmesi için 10 dakika kadar bekledikten.', 'Sonra dilimleyin.', 'Ardından servis edin.\xa0Afiyet olsun!']",ŞERBETLİ TATLI,239b56,/tarif/serbetli-tatlilar/,"['Tatlı', 'Şerbetli Tatlı', 'Ramazan', 'Video']","['ekonomik', 'çay saati']",['Çay Saati'],"['Fırın', 'Tencere']","['Ekonomik', 'Vejetaryen']",False,3600,1200,2019-05-06T08:58:21Z,4.0,1133250,2164,False,True,True,0,,0,,,,2014/06/serbetli-irmik-tatlisi-yemekcom.jpg,0,0,https://cdn.yemek.com/mnresize/940/940/uploads/2014/06/serbetli-irmik-tatlisi-yemekcom.jpg,940,940,False,https://cdn.yemek.com/mncrop/300/200/uploads/2014/06/serbetli-irmik-tatlisi-yemekcom.jpg,300,200,True,https://cdn.yemek.com/mncrop/940/625/uploads/2014/06/serbetli-irmik-tatlisi-yemekcom.jpg,940,625,True,https://cdn.yemek.com/mncrop/620/388/uploads/2014/06/serbetli-irmik-tatlisi-yemekcom.jpg,620,388,True,https://cdn.yemek.com/mncrop/600/315/uploads/2014/06/serbetli-irmik-tatlisi-yemekcom.jpg,600,315,True,['fırın'],,,,,
663,1681,Yasemin Özaltın,https://cdn.yemek.com/author/35533/20181219061403_avatar.jpg,/profil/yasemingursurer/,En Pratik ve En Yumuşacık Kıvamlı: Ağlayan Pasta,Ağlayan Pasta,/tarif/aglayan-pasta/,25 dk,20 dk,"<p><a href=""https://yemek.com/tarif/kakaolu-islak-kek/"" target=""_blank"">Kakaolu ıslak kek</a> ya da <a href=""https://yemek.com/tarif/gercek-browni/"" target=""_blank"">brownie</a>'yi andıran kek tabanı üzerinde yer alan çırpılmış krem şanti ve akışkan çikolata sosla birlikte ağlayan pasta, oldukça davetkar! Yumuşacık keki, bol kakaolu <a href=""https://yemek.com/tarif/cikolata-sosu/#gref"">çikolata sosu</a> ve krem şantinin müthiş uyumuna şahit olacağınız bu kolay ve pratik, büyük tepside ağlayan pasta tarifini mutlaka denemelisiniz.</p>
<p>Tam kıvamında bir ağlayan pasta yapmak, o hafif ıslak dokusunu da yakalamak bazen bir hayli zor olabiliyor. Ama vereceğimiz nefis <a href=""https://yemek.com/tarif/"" target=""_blank"">tarifle</a> pastanızı kolaylıkla yapmanız mümkün. Biz klasik ağlayan pastaya kendi yorumumuzu katarak hazırladık. Siz de muhallebili ağlayan pasta,  kedi dili ağlayan pasta, çilekli ağlayan pasta, muzlu ağlayan pasta gibi farklı çeşitlerini tarifimizden yola çıkarak uyarlayabilirsiniz!</p>
<p>Küçükten büyüğe herkesin bayılarak tüketeceği, bol çikolatalı olmasına rağmen oldukça hafif olan, <a href=""https://yemek.com/tarif/pasta-tatli/"" target=""_blank"">pasta tariflerinin</a> en hüzünlüsü ağlayan pastanın videolu ve resimli tarifini aşağıya bırakıyoruz, sevdiklerinizle bu <a href=""https://yemek.com/tarif/tatli/"" target=""_blank"">tatlıyı</a> keyifle tüketmeniz dileğiyle <img src=""https://cdn.yemek.com/assets/images/smiley/smile.png"" class=""wp-smiley img-responsive"" /></p>
",recipe,"['tereyağı', 'yumurta', 'toz şeker', 'süt', 'süt', 'un', 'kabartma tozu', 'toz krem şanti', 'kakao', 'soğuk süt', 'portakal suyu', 'krema', 'bitter çikolata', 'sıvı yağ']","['Pastanın kekini hazırlamak için; karıştırma kabına alıp toz şeker ve yumurtayı aktarın.', 'Hafif beyaz bir renk alana kadar mikser yardımıyla karıştırın.', 'Süt ve ayçiçek yağı ekledikten sonra tüm sıvı malzemeleri kısa bir süre daha çırpın.', 'Un, kabartma tozu ve kakaoyu eleyin.', 'Harca ekleyin.', 'Kattığınız kek harcını mikser yardımıyla homojen bir hal alana kadar karıştırmayı sürdürün.', 'Portakal suyunu da ilave edip çırpın.', 'Isıya dayanıklı dikdörtgen bir fırın kabını tereyağıyla yağladıktan sonra kek harcını kaba aktarın. Önceden ısıtılmış 180 derece fırında yaklaşık\xa025 dakika kadar pişirin.', 'Pastanın kreması için; toz krem şantiyi, soğuk sütle çırptıktan sonra kıvam alması için buzdolabında bekletin.', 'Çikolata sosu hazırlamak için; bitter çikolatayı küçük küpler halinde kesin. Kaynatın. Soğuması için oda sıcaklığında dinlendirin.', 'Fırından çıkan kekin üzerine sütü azar azar gezdirin ve kekin içine çekmesi için kısa bir süre bekleyin.', 'Hazırladığınız krem şantiyi spatula yardımıyla kekin üzerine sürün.', 'Akışkan durumda olan oda sıcaklığındaki çikolata sosu pastanın üzerine gezdirdikten sonra dilimleyerek servis edin.', 'Üzerinden çikolata akan pastayı, arzu ettiğiniz gibi süsledikten sonra sevdiklerinizle paylaşın.']",PASTA,239b56,/tarif/pasta-tatli/,"['Tatlı', 'Pasta', 'Video']",['çay saati'],['Çay Saati'],"['Fırın', 'Tencere']",,False,1500,1200,2021-03-21T11:18:54Z,4.0,1109401,3523,False,True,True,0,,0,,,,2021/03/aglayan-pasta-yemekcom.jpg,0,0,https://cdn.yemek.com/mnresize/940/940/uploads/2021/03/aglayan-pasta-yemekcom.jpg,940,940,False,https://cdn.yemek.com/mncrop/300/200/uploads/2021/03/aglayan-pasta-yemekcom.jpg,300,200,True,https://cdn.yemek.com/mncrop/940/625/uploads/2021/03/aglayan-pasta-yemekcom.jpg,940,625,True,https://cdn.yemek.com/mncrop/620/388/uploads/2021/03/aglayan-pasta-yemekcom.jpg,620,388,True,https://cdn.yemek.com/mncrop/600/315/uploads/2021/03/aglayan-pasta-yemekcom.jpg,600,315,True,['fırın'],,,,,
664,773,evdekendinpisir,https://cdn.yemek.com/author/347367/20220304085040_avatar.jpg,/profil/evdekendinpisir/,Tam Ölçülü: Kalburabastı,Kalburabastı,/tarif/kalburabasti/,45 dk,30 dk,"<p><a href=""https://yemek.com/tarif/serbetli-tatlilarlar/"" target=""_blank"">Şerbetli tatlılar</a>dan olan kalburabastı tatlısı, ismini aldığı şeklinden dolayı hazırlaması zor gibi dursa da elinizin altında metal ya da hasır bir kalbur olduktan sonra gayet kolay aslında. <a href=""https://yemek.com/tarif/"" target=""_blank"">Yemek tariflerinin</a> tamamlayıcısı olan kalburabastı tatlı tarifini hazırlamak bu kadar basit aslında.</p>
<p>Bu nefis <a href=""https://yemek.com/tarif/tatli/"" target=""_blank"">tatlıyı</a> genelde <a href=""https://yemek.com/ramazan/"" target=""_blank"">ramazanda</a> ya da bayramda sofralarımıza konuk etmeyi çok seviyoruz ama bize kalırsa kalburabastı dilediğiniz her an mutfağınızda olmalı. Çünkü bu cevizli, irmikli ve <strong>ağızda dağılan</strong> <strong>kalburabastı tatlısı tarifi</strong> en kolay kalburabastı tariflerinden biri. Tabii sizin hamarat ellerinizden çıkması kaydıyla.</p>
<p>Unutmadan, kalbur yoksa rendenin kalın tarafını kullanabilirsiniz, aklınızda bulunsun.</p>
",recipe,"['limon suyu', 'yumurta', 'toz şeker', 'un', 'su', 'yoğurt', 'irmik', 'toz Antep fıstığı', 'limon', 'oda sıcaklığında tereyağı', 'ceviz içi', 'karbonat', 'sıvı yağ']","['Öncelikle şerbeti hazırlayın. Şeker ve suyu karıştırarak kaynamaya bırakın, kaynadıktan sonra limon suyu sıkarak kısık ateşte 10 dakika kadar kaynatmaya devam edin. Ardından ocaktan alıp ılınmaya bırakın.', 'Tatlı için, un hariç bütün malzemeleri bir araya getirin ve güzelce karıştırın.', 'Karbonatın üzerine limonu sıkın ve köpürmesini sağlayın.', 'Azar azar unu ilave edin. Kıvamına göre 3,5-4 su bardağı kadar alacaktır.', 'Ele yapışmayacak kıvama gelene kadar yoğurun.', 'Cevizden biraz daha büyük olacak şekilde parçalar koparın ve yuvarlayın. İsterseniz süzgeçte ya da kullandığımız gibi bir kesme aparatının üzerine b<span class=""il"">astı</span>rarak şekil almasını sağlayın.', 'Cevizi ortasına koyarak nazikçe birleştirin.', 'Fırın tepsinize dizin, önceden ısıtılmış fırında iyice kızarana kadar 25- 30 dakika pişirin.', 'Fırından çıkınca sıcak tatlının üzerine soğuk şerbeti dökün. Şerbeti iyice çekince servis edin. Afiyetler olsun.']",ŞERBETLİ TATLI,239b56,/tarif/serbetli-tatlilar/,"['Tatlı', 'Şerbetli Tatlı', 'Ramazan']",['çay saati'],['Çay Saati'],"['Fırın', 'Tencere']",,False,2700,1800,2022-04-27T11:10:50Z,3.0,1108463,2563,False,False,True,0,,0,,,,2022/04/kalburabasti-yeni-onecikan.jpg,0,0,https://cdn.yemek.com/mnresize/940/940/uploads/2022/04/kalburabasti-yeni-onecikan.jpg,940,940,False,https://cdn.yemek.com/mncrop/300/200/uploads/2022/04/kalburabasti-yeni-onecikan.jpg,300,200,True,https://cdn.yemek.com/mncrop/940/625/uploads/2022/04/kalburabasti-yeni-onecikan.jpg,940,625,True,https://cdn.yemek.com/mncrop/620/388/uploads/2022/04/kalburabasti-yeni-onecikan.jpg,620,388,True,https://cdn.yemek.com/mncrop/600/315/uploads/2022/04/kalburabasti-yeni-onecikan.jpg,600,315,True,,,,,,
665,696,Yasemin Özaltın,https://cdn.yemek.com/author/35533/20181219061403_avatar.jpg,/profil/yasemingursurer/,En Garanti Tarif: Tas Kebabı,Tas Kebabı,/tarif/tas-kebabi/,50 dk,20 dk,"<p>Suyuna ekmek banılacak yemekleri sevenler ve <a href=""https://yemek.com/tarif/et"" target=""_blank"">etten</a> vazgeçemeyenler için bir klasiktir tas kebabı tarifi. Olmazsa olmazı dana eti, soğan ve suyuna lezzet veren salçadır. Daha da bereketli ve doyurucu hale gelmesi adına içerisine patates ve havuç gibi kök sebzeler eklenir.</p>
<p>Kuşbaşı dana etiyle yapılan en güzel yemeklerden olan, sulu et yemeklerinin en sevileni tas kebabında etleri yumuşacık, lokum gibi pişiriyoruz. Tüm püf noktalarını da sesli olarak videomuzda adım adım anlatıyoruz.</p>
<p>Ayrıca sevdiğiniz baharatları eklemek ve lezzetine lezzet katmak elinizde. Tas kebabını çok sayıda rendelenmiş kuru soğan, salça ve belli başlı baharatlar ile de hazırlayanlar var, yok değil. Belki siz onlardan birisiniz ama tarifi bir de böyle deneyin, yorumlarınızı bizlerle paylaşın.</p>
<p>Küçük bir hatırlatma: Yanına da <a href=""https://yemek.com/tarif/pirinc-pilavi"" target=""_blank"">pirinç pilavı</a> yapmayı unutmayın.</p>
<p>Küçük bir hatırlatma daha, farklı yemek tarifleri için: <a href=""https://yemek.com/tarif/"" target=""_blank"">Yemek Tarifleri</a></p>
",recipe,"['tereyağı', 'sıcak su', 'tuz', 'ayçiçek yağı', 'un', 'sarımsak', 'orta boy havuç', 'orta boy patates', 'orta boy kuru soğan', 'tane karabiber', 'kuşbaşı dana eti', 'kaşığı domates salçası']","['1 yemek kaşığı sıvı yağ ve 2 yemek kaşığı tereyağını tencerede kızdırın.Üzerine 800 gram dana kuşbaşı etini ekleyin ve etler suyunu salıp çekene kadar\xa0kavurun.', 'Yemeklik doğranmış 1 adet soğanı ve 3 diş doğranmış sarımsağı da ekledikten sonra etlerle beraber kavurmaya devam edin.', 'Bu aşamada ekleyeceğiniz 1 yemek kaşığı unu, kokusu çıkana kadar yaklaşık 2-3 dakika etlerle birlikte kavurun. 1 tatlı kaşığı salçayı ekleyin ve karıştırın.', 'Ardından 1 tatlı kaşığı tuz, 1 adet küp doğranmış patates, 1 adet küp doğranmış havuç ve 1 çay kaşığı karabiberi de ekleyip 3 su bardağı su ilave\xa0edin.', 'Kapağını kapattığınız tencerede, kısık ateşte 30 dakika kadar pişirin.', 'Kıvamlı bir sos halini alan suyu ve sebzelerle birlikte pişen eti, sıcak olarak bekletmeden servis edin. Afiyetler olsun!']",ET,239b56,/tarif/et/,"['Et', 'Ramazan', 'Video']","['akşam yemeği', 'öğle yemeği']",['Akşam Yemeği'],['Ocak'],,False,3000,1200,2021-03-24T08:00:17Z,4.0,1107172,7329,False,True,True,0,,0,,,,2014/10/tas-kebabi-yemekcom.jpg,0,0,https://cdn.yemek.com/mnresize/940/940/uploads/2014/10/tas-kebabi-yemekcom.jpg,940,940,False,https://cdn.yemek.com/mncrop/300/200/uploads/2014/10/tas-kebabi-yemekcom.jpg,300,200,True,https://cdn.yemek.com/mncrop/940/625/uploads/2014/10/tas-kebabi-yemekcom.jpg,940,625,True,https://cdn.yemek.com/mncrop/620/388/uploads/2014/10/tas-kebabi-yemekcom.jpg,620,388,True,https://cdn.yemek.com/mncrop/600/315/uploads/2014/10/tas-kebabi-yemekcom.jpg,600,315,True,"['tencere', 'bol proteinli']",,,,,
666,304,Yasemin Özaltın,https://cdn.yemek.com/author/35533/20181219061403_avatar.jpg,/profil/yasemingursurer/,Kafelerde Yediklerinizden Farksız: Çikolatalı Sufle,Çikolatalı Sufle,/tarif/cikolatali-sufle/,10 dk,8 dk,"<p><a href=""https://yemek.com/tarif/cikolatali-tatlilar/"" target=""_blank"">Çikolatalı tatlıların</a> en kısa sürede pişenlerinden, akışkan içi sayesinde öncelikle görsel şölen yaşatan ve yedikçe yemek isteyeceğiniz sufleyi hazırlamak, püf noktalarını dikkatlice okursanız oldukça pratik. Böylece her seferinde dışarı çıkıp bir kafede yediğiniz o harika sufleyi evde kendiniz yapabilecek, <a href=""https://yemek.com/tarif/"" target=""_blank"">yemek tariflerinizin</a> yanında sunabileceksiniz.</p>
<p><a href=""https://yemek.com/tarif/tatli/"" target=""_blank"">Tatlı</a> tariflerinin en sevilenlerinden bu sufle tarifinde her kaşıkta çikolatanın yoğun lezzetini hissedecek, akışkan kıvamına her seferinde yeniden hayran olacaksınız.</p>
",recipe,"['tereyağı', 'tereyağı', 'tuz', 'yumurta', 'toz şeker', 'süt', 'un', 'kakao', 'pudra şekeri', 'bitter çikolata']","['125 mililitre sütü bir sos tenceresine alın ve kaynama noktasına gelinceye kadar ısıtın.', 'İçerisine çikolatayı ilave edin.\xa0Çikolata eridikten sonra ocaktan alın.', 'Ayrı bir sos tenceresinde 2 yemek kaşığı tereyağını eritin.', 'Üzerine 1,5 yemek kaşığı unu ilave ederek, kokusu çıkana kadar kavurun.', 'Unun kokusu çıktıktan sonra çikolatalı süt karışımının içerisine ilave edin ve 2 yemek kaşığı toz şekeri ilave ederek sürekli olarak karıştırın.', '3 adet yumurta sarılarını da ilave edin, 2 dakika daha karıştırdıktan sonra ocaktan alın ve soğumaya bırakın.', 'Derin bir kasede 3 adet yumurta beyazlarını bir çimdik tuz ile birlikte kaseyi ters çevirdiğinizde akmayacak kıvama gelinceye kadar çırpın.', 'Soğumuş olan çikolatalı karışım ile köpük haline gelmiş yumurta aklarını birleştirin ve spatula yardımıyla karıştırın.', 'Yağlanmış ve kakao ile kaplanmış sufle kaplarına bir parmak boşluk kalacak şekilde harcı bölüştürün ve önceden ısıtılmış 200 derece fırında 10 dakika pişirin.', 'Fırından çıkar çıkmaz üzerine pudra şekeri serpiştirip servis edin, afiyet olsun!']",ÇİKOLATALI TATLI,239b56,/tarif/cikolatali-tatlilar/,"['Tatlı', 'Video', 'Dünya Mutfakları', 'Çikolatalı Tatlı']","['ekonomik', 'ara öğün', 'çay saati']",['Çay Saati'],['Fırın'],,False,600,480,2022-03-25T08:05:24Z,4.0,1091967,8162,False,True,True,0,,0,,,,2014/09/cikolatali-sufle-yemekcom.jpg,0,0,https://cdn.yemek.com/mnresize/940/940/uploads/2014/09/cikolatali-sufle-yemekcom.jpg,940,940,False,https://cdn.yemek.com/mncrop/300/200/uploads/2014/09/cikolatali-sufle-yemekcom.jpg,300,200,True,https://cdn.yemek.com/mncrop/940/625/uploads/2014/09/cikolatali-sufle-yemekcom.jpg,940,625,True,https://cdn.yemek.com/mncrop/620/388/uploads/2014/09/cikolatali-sufle-yemekcom.jpg,620,388,True,https://cdn.yemek.com/mncrop/600/315/uploads/2014/09/cikolatali-sufle-yemekcom.jpg,600,315,True,['fırın'],,,['Fransa'],,
667,827,Yasemin Özaltın,https://cdn.yemek.com/author/35533/20181219061403_avatar.jpg,/profil/yasemingursurer/,Lokum Tadında: Et Sote,Et Sote,/tarif/et-sote/,50 dk,20 dk,"<p>''Etim pişirirken sertleşiyor'' sorununu çözmeye geliyor bu nefis <a href=""https://yemek.com/tarif/"" target=""_blank"">yemek tarifimiz</a>. <a href=""https://yemek.com/tarif/et"" target=""_blank"">Et tarifleri</a> arasında en klasiklerden sayılan et sote tarifi buyurun. Bu tarifle et sote denediğinizde pişirdiğiniz <strong>etler lokum kıvamında ve yumuşacık</strong> oluyor. Lezzet seviyesi içerisine konan domates, soğan ve biberle birlikte zirveye çıkıyor. Bu zamana kadar denediğiniz hiçbir et sote tarifinden bu denli iyi bir sonuç almadığınızdan eminiz. Karşınızda tüm püf noktaları ve lezzet sırlarıyla yumuşacık pişen et sote tarifi.</p>
<p>Etli yemeklerin en kolay ve en dikkatli şekilde pişirilmesi de şart olan tariflerinin başında geliyor kendileri. <strong>Yüksek ısıda mühürlemek</strong>, soğan ve domatesini mutlaka ilave etmek şart. Yanına bir pilav ve salatayla en şahane öğüne dönüşüyor. Adım adım resimli anlatımıyla et sote tarifimizi denemeye davetlisiniz.</p>
",recipe,"['biber salçası', 'sıcak su', 'tuz', 'zeytinyağı', 'domates salçası', 'kekik', 'taze çekilmiş tane karabiber', 'orta boy kuru soğan', 'orta boy domates', 'orta boy yeşil biber', 'sotelik dana eti']","['Döküm bir tavada 4 yemek kaşığı zeytinyağını kızdırın. 1 adet yemeklik ince doğradığınız soğanları tavaya ekleyin.', 'Renk alan soğanların üzerine 3 adet doğranmış yeşil biber ekleyin ve sotelemeye devam edin.', 'Sotelik doğradığınız 600 gram dana etini ilave edin.', 'Suyunu salmaması, lezzet ve vitamin değerini hapsetmesi için; yüksek ateşte, yaklaşık 2-3 dakika hiç karıştırmadan mühürleyin.', 'Dış kısmı renk alan etleri aralarda karıştırarak yüksek ateşte sotelemeye devam edin.', '3 adet soyulmuş, doğranmış domatesi\xa0ekleyerek karıştırın. Ardından 1 çay kaşığı tuz, karabiber, 1 tatlı kaşığı kekiği de ekleyin.', 'Bir tatlı kaşığı domates ve yarım tatlı kaşığı biber salçasını 1 su bardağı sıcak su ile sulandırdıktan sonra azar azar tavaya ekleyin.', 'Kısık ateşte etler yumuşayana kadar pişirin.', 'Etleri yumuşayan soteyi, lezzetli suyuyla birlikte servis tabaklarına alın ve sıcak sıcak servis edin. Afiyet olsun!']",ET,239b56,/tarif/et/,"['Et', 'Ramazan', 'Video']","['akşam yemeği', 'öğle yemeği']","['Öğle Yemeği', 'Akşam Yemeği']","['Tencere', 'Ocak']",['Ekonomik'],False,3000,1200,2021-06-27T08:43:24Z,4.0,1064923,6300,False,True,True,0,,0,,,,2014/10/etsote-yemekcom.jpg,0,0,https://cdn.yemek.com/mnresize/940/940/uploads/2014/10/etsote-yemekcom.jpg,940,940,False,https://cdn.yemek.com/mncrop/300/200/uploads/2014/10/etsote-yemekcom.jpg,300,200,True,https://cdn.yemek.com/mncrop/940/625/uploads/2014/10/etsote-yemekcom.jpg,940,625,True,https://cdn.yemek.com/mncrop/620/388/uploads/2014/10/etsote-yemekcom.jpg,620,388,True,https://cdn.yemek.com/mncrop/600/315/uploads/2014/10/etsote-yemekcom.jpg,600,315,True,"['tencere', 'bol proteinli', 'glutensiz']",,,,,
668,23805,Cemre Özgüzel,https://cdn.yemek.com/author/109/20200211010242_avatar.jpg,/profil/cemre-ozguzel/,İşin Sırrı Hamurunda: Pofuduk Poğaça,Pofuduk Poğaça,/tarif/pofuduk-pogaca/,25 dk,15 dk,"<p>Üzerine bastırdığınızda içine göçüp sonra hemencecik eski formuna dönen, iç dokusu yumuşacık bir <a href=""https://yemek.com/tarif/pogaca"" target=""_blank"">poğaçayı</a> misafir ediyoruz. Bu poğaçaların en önemli sırlarının başında içerisinde ılık malzemeler kullanmak geliyor. Kullanacağınız tüm sıvı malzemelerin ılık olması ve diğer malzemelerin oda sıcaklığına olması o pofuduk kıvamı yakalamanıza yardımcı oluyor.</p>
<p>En önemli ikinci püf noktası ise mayalandırma kısmı. Hamurunuzu önce oda sıcaklığında mayalandırın mutlaka. Şekil verdikten sonra bırakın biraz daha dinlensin, güzelleşsin. Yumuşacık kıvamının sırrı malzemelerse, pişerken puf puf olmasının sırrı mayalandırma işlemi. Bu noktalara dikkat edin, gerisini hiç düşünmeyin. <img src=""https://cdn.yemek.com/assets/images/smiley/wink.png"" class=""wp-smiley img-responsive"" /></p>
<p>Herkesin sırlarının peşinden koşacağı <a href=""https://yemek.com/tarif/"" target=""_blank"">tarif</a>imize bekleniyorsunuz.</p>
",recipe,"['tereyağı', 'tuz', 'yumurta', 'toz şeker', 'un', 'yumurta sarısı', 'ılık su', 'susam', 'ılık süt', 'instant maya']","['Tereyağını minik bir sos tenceresinin içerisinde eritin.', 'Erittikten sonra birkaç dakika soğumaya bırakın.', 'Soğuduktan sonra derin bir kabın içerisine ılık süt, yumurta, mayayı, suyun bir kısmı, ertilmiş tereyağı ve şekeri aktarın.', 'Güzelce karıştırdıktan sonra azar azar un ilave ederek yoğurmaya başlayın. Bu aşamada eğer ihtiyacınız varsa suyun geriye kalanını da ilave edin.\xa0 Tuzu da ekleyerek ele yapışmayan yumuşacık bir hamur elde edin.', 'Elde ettiğiniz hamuru temiz bir kaba aktarın ve üzerini streç film ile hava almayacak şekilde güzelce kapatın. 1 saat kadar oda sıcaklığında mayalandırın.', 'Mayalanan poğaçaları dilediğiniz iç harcı koyarak lezzetlendirin ya da sade bir biçimde şekil vererek yağlı kağıt serili fırın tepsisinin üzerine dizin.', 'Üzerini streç filme kapatın ve oda sıcaklığında 15-20 dakika kadar ikinci mayalandırma için bekletin.', 'Ardından üzerine yumurta sarısı sürün, susam serpin ve 180 derecede ısıtılmış fırında üzeri de kızarana kadar 20-25 dakika kadar pişirin.', 'Çıkarıp oda sıcaklığında bir süre dinlendirdikten sonra afiyetle tüketin.']",POĞAÇA,239b56,/tarif/pogaca/,"['Hamur İşi', 'Poğaça']",['çay saati'],"['Kahvaltı', 'Çay Saati']",['Fırın'],"['Ekonomik', 'Vejetaryen']",False,1500,900,2017-10-11T07:06:16Z,4.0,1016294,3366,False,False,False,0,,0,,,,2017/10/pofuduk-pogaca-tarifi.jpg,0,0,https://cdn.yemek.com/mnresize/940/940/uploads/2017/10/pofuduk-pogaca-tarifi.jpg,940,940,False,https://cdn.yemek.com/mncrop/300/200/uploads/2017/10/pofuduk-pogaca-tarifi.jpg,300,200,True,https://cdn.yemek.com/mncrop/940/625/uploads/2017/10/pofuduk-pogaca-tarifi.jpg,940,625,True,https://cdn.yemek.com/mncrop/620/388/uploads/2017/10/pofuduk-pogaca-tarifi.jpg,620,388,True,https://cdn.yemek.com/mncrop/600/315/uploads/2017/10/pofuduk-pogaca-tarifi.jpg,600,315,True,['fırın'],,,,,
669,154,Yasemin Özaltın,https://cdn.yemek.com/author/35533/20181219061403_avatar.jpg,/profil/yasemingursurer/,Tam Kıvamında: Tarhana Çorbası,Tarhana Çorbası,/tarif/tarhana-corbasi/,20 dk,5 dk,"<p>Bütün <a href=""https://yemek.com/tarif/"" target=""_blank"">yemek tarifleri</a> arasında tarhana çorbası hiç şüphesiz en çok Anadolu kokandır, toprak kokandır. Ekşilisi içilir, kahvaltıda içilir, akşam yemeğinde içilir, <a href=""https://yemek.com/ramazan"" target=""_blank"">sahurda</a> içilir.</p>
<p>Tarhana çorbası bir çorbanın alabileceği en güzel hallerden, <a href=""https://yemek.com/tarif/corba/"" target=""_blank"">çorba tariflerinden</a> en sevilenlerinden biridir. Dilerseniz <a href=""https://yemek.com/tarif/tarhana/"" target=""_blank"">ev tarhanasını</a> kendiniz de yapabilir, meşhur Maraş tarhanası tarifimize ise <a href=""https://yemek.com/tarif/maras-tarhanasi/"" target=""_blank"">şuradan</a> ulaşabilirsiniz. Ev yapımı mis gibi tarhana çorbasını yapmak üstelik toz tarhana çorbasını yapmaktan bile daha kolay.</p>
<p>Her birinin kendine has tarhana çorbası tarifi olan büyüklerimize saygılarımızı sunarak tarhana çorbası yapımını hem video hem de adım adım görselli olarak aşağıda paylaşıyoruz.</p>
",recipe,"['tereyağı', 'tuz', 'ayçiçek yağı', 'sarımsak', 'su', 'domates salçası', 'toz tarhana', 'kuru nane']","['Toz tarhanayı geniş bir karıştırma kasesine alın. Üzerine toz nane ve oda sıcaklığındaki 2 bardak suyu ekleyerek bir çırpıcı yardımıyla karıştırın. Tarhana yumuşayana dek, yaklaşık 15 dakika boyunca oda sıcaklığında yumuşamaya bırakın.', 'Bu sırada geniş bir tencereye sıvıyağ ve tereyağını ekleyip, orta ateşte eritmeye başlayın. Ezilmiş sarımsak ve salçayı ekleyerek kavurmaya başlayın.', 'Yumuşayan tarhana karışımını ekleyin, ardından tuzunu da ekleyin ve karıştırın.', 'Kalan 5 su bardağı suyu ve tencereye ekleyin. Ara ara karıştırarak koyulaşana dek pişirin.', 'Kaynayan çorbayı bekletmeden sıcak olarak servis edin. Pişirdikçe koyulaşan bir çorba olduğu için daha sonra tüketecekseniz üzerine su ilave etmenizi öneririz.', 'Afiyet olsun!']",ÇORBA,,/tarif/corba/,"['Çorba', 'Ramazan', 'Video']","['pratik yemek tarifleri', 'ekonomik', 'akşam yemeği', 'öğle yemeği']","['Öğle Yemeği', 'Akşam Yemeği']","['Tencere', 'Ocak']","['Ekonomik', 'Vejetaryen']",False,1200,300,2019-05-15T05:03:31Z,4.0,1005436,4753,False,True,True,0,,0,,,,2019/05/tarhana-corbasi-yemekcom.jpg,0,0,https://cdn.yemek.com/mnresize/940/940/uploads/2019/05/tarhana-corbasi-yemekcom.jpg,940,940,False,https://cdn.yemek.com/mncrop/300/200/uploads/2019/05/tarhana-corbasi-yemekcom.jpg,300,200,True,https://cdn.yemek.com/mncrop/940/625/uploads/2019/05/tarhana-corbasi-yemekcom.jpg,940,625,True,https://cdn.yemek.com/mncrop/620/388/uploads/2019/05/tarhana-corbasi-yemekcom.jpg,620,388,True,https://cdn.yemek.com/mncrop/600/315/uploads/2019/05/tarhana-corbasi-yemekcom.jpg,600,315,True,['tencere'],greenLight,,,,
670,454,Cemre Özgüzel,https://cdn.yemek.com/author/109/20200211010242_avatar.jpg,/profil/cemre-ozguzel/,Şeflerini Kıskandıran Tarif: Pastane Poğaçası,Pastane Poğaçası,/tarif/pastane-pogacasi/,25 dk,30 dk,"<p>Pastanelerden aldığınız, sabah kahvaltılarınızın en hızlı ve doyurucu kurtarıcısı olan nefis <a href=""https://yemek.com/tarif/pogaca/"" target=""_blank"">poğaçalar</a>... Biliyoruz dışarıdan alınca midenizde biraz ağırlık yapıyor, içerisindeki yağ oranı da sizi biraz düşündürüyor. Ancak bu tarifi evde çok daha ekonomik şekilde, çok daha hafif bir lezzette yapmak mümkün aslında. Bir gece önceden hazırladığınız pastane poğaçalarını yanınıza alarak ofis arkadaşlarınızı sevindirebilir, sıkışan trafiğe rağmen lezzetli ve sağlıklı bir kahvaltıdan ödün vermeden yol alabilir, akşam eve dönüşte çayın yanında tüketebilirsiniz. Uzun süre taze kalması da cabası. Karşınızda: Pastane poğaçası tarifi!</p>
<p>Pastane poğaçalarındaki o yumuşacık dokuyu bu tarifle rahatlıkla yakalamanız da mümkün. Şimdiden ellerinize sağlık diyor, evinin şeflerini mutfağa buyur ediyoruz.</p>
",recipe,"['tuz', 'toz şeker', 'un', 'su', 'yumurta sarısı', 'ılık su', 'kuru maya', 'ılık süt', 'sıvı yağ', 'sıvı yağ']","['Kuru maya ve toz şekeri bir kabın içerisine alın.', 'Üzerine ılık süt ve ılık suyu ilave ederek şeker eriyene kadar güzelce karıştırın.', 'Ardından sıvı yağı da ekleyerek karıştırmaya devam edin.', 'Üzerine azar azar un ilave etmeye başlayın. Bu aşamada tuzu da ekleyin. Unu çok kontrollü bir şekilde ilave ederek güzelce yoğurun.', 'Yumuşak kıvamda\xa0 bir hamur elde edin.', 'Üzerini streç filmle kapatarak oda sıcaklığında 40 dakika kadar mayalandırın. Eğer kış mevsiminde mayalandırma yapıyorsanız daha ılık bir ortamda 1 saat kadar mayalandırın.', 'Mayalanan hamurdan avuç içi büyüklüğünde bezeler elde ederek yuvarlak bir şekil verin. Dilerseniz bu aşamada içlerine harç da koyabilirsiniz.', 'Hazırladığınız hamurları yağlı kağıt serili fırın tepsisine dizin.', 'Yumurta sarısı, yağ ve suyu bir kapta karıştırın. Poğaçaların üzerine fırça yardımıyla sürün. Ardından da çatalla şekil verin.', '180 derecede önceden ısıtılmış fırında yaklaşık 25-30 dakika kadar üzeri kızarıp tam poğaçalar tam kabarana kadar pişirin. Ardından çıkarıp biraz dinlendirdikten sonra servis edin. Afiyetler olsun!']",POĞAÇA,239b56,/tarif/pogaca/,"['Hamur İşi', 'Kahvaltılık', 'Poğaça']","['ekonomik', 'kahvaltı', 'çay saati']","['Kahvaltı', 'Çay Saati']",['Fırın'],['Ekonomik'],False,1500,1800,2020-03-02T06:45:54Z,4.0,1005135,4161,False,False,True,0,,0,,,,2020/03/pastane-pogacasi-one-cikan-yeni.jpg,0,0,https://cdn.yemek.com/mnresize/940/940/uploads/2020/03/pastane-pogacasi-one-cikan-yeni.jpg,940,940,False,https://cdn.yemek.com/mncrop/300/200/uploads/2020/03/pastane-pogacasi-one-cikan-yeni.jpg,300,200,True,https://cdn.yemek.com/mncrop/940/625/uploads/2020/03/pastane-pogacasi-one-cikan-yeni.jpg,940,625,True,https://cdn.yemek.com/mncrop/620/388/uploads/2020/03/pastane-pogacasi-one-cikan-yeni.jpg,620,388,True,https://cdn.yemek.com/mncrop/600/315/uploads/2020/03/pastane-pogacasi-one-cikan-yeni.jpg,600,315,True,['fırın'],,,,,
671,3400,Yasemin Özaltın,https://cdn.yemek.com/author/35533/20181219061403_avatar.jpg,/profil/yasemingursurer/,Püf Noktalarıyla: Kuru Fasulye,Kuru Fasulye,/tarif/kuru-fasulye/,50 dk,30 dk,"<p>Geleneksel sofralarımızın, mutfağımızın sahip olduğu tüm <a href=""https://yemek.com/tarif/"" target=""_blank"">yemek tariflerinin</a> baş tacıdır aslında kuru fasulye. Tarifte yer alan kuru fasulyeler, cinsi ve önerilen pişirme süresine göre bir gece önceden ılık suya basılır. Sıvı yağda kavrulmuş kuru soğan, salça ve toz kırmızı bibere eklenen haşlanmış kuru fasulyeler, kabuk atmaması için kısık ateşte pişirilir. Ona en çok yakışan <a href=""https://yemek.com/tarif/bulgur-pilavi/"" target=""_blank"">bulgur pilavı </a>ya da <a href=""https://yemek.com/tarif/tereyagli-pilav/"" target=""_blank"">tereyağlı pirinç pilavı </a>eşliğinde soğuk ya da sıcak olarak servis edilir.</p>
<p>Yaz sofralarında kuru nane eşlik eder ona yanına buz gibi bir kase <a href=""https://yemek.com/tarif/cacik/"" target=""_blank"">cacık</a>. Sizin anlayacağınız mevsimsizdir kuru fasulye ve damaklarda kalan tadına doyum olmaz.</p>
<p><strong>Kuru fasulye tarifi</strong>ni hazırladık hazırlamasına da yanında ne olsun istersiniz? Önerdiğimiz gibi pilav ve cacık mı yoksa sadece iyi yapılmış bir mısır ekmeği mi? Haydi buyurun etsiz kuru fasulye tarifine!</p>
",recipe,"['tereyağı', 'tuz', 'toz şeker', 'su', 'domates salçası', 'kuru fasulye', 'orta boy kuru soğan', 'tatlı toz kırmızı biber', 'sıvı yağ']","['Kuru fasulye yemeği için 4 yemek kaşığı sıvı yağ ve 2 yemek kaşığı tereyağını derin bir tencereye aktarın ve kızdırın.1 adet yemeklik doğranmış kuru soğanı da ekleyin ve pembeleşinceye kadar kavurun.', 'Soğanlar kavrulduktan sonra 1 yemek kaşığı domates salçasını ekleyin ve kokusu çıkana kadar kavurun.', 'Son olarak bir gece önceden suda beklettiğiniz kuru fasulyeleri de tencereye ekleyin.', 'Sonra 1-2 dakika karıştırın ve 3 su bardağı su, 1 çay kaşığı kırmızı toz biber, 1 çay kaşığı tuz ve 1 çay kaşığı toz şekeri ekleyin, kapağını kapatıp fasulyeler yumuşayana kadar pişirin.', 'Tane tane pişmiş pirinç pilavı ile kuru fasulye yemeğini servis edin, afiyet olsun!']",BAKLİYAT,239b56,/tarif/bakliyat/,"['Ramazan', 'Video', 'Bakliyat']","['ekonomik', 'akşam yemeği', 'öğle yemeği']","['Öğle Yemeği', 'Akşam Yemeği']","['Tencere', 'Ocak']",['Ekonomik'],False,3000,1800,2019-05-06T08:22:00Z,4.0,1003156,4744,False,True,True,0,,0,,,,2015/11/kuru-fasulye-yemekcom.jpg,0,0,https://cdn.yemek.com/mnresize/940/940/uploads/2015/11/kuru-fasulye-yemekcom.jpg,940,940,False,https://cdn.yemek.com/mncrop/300/200/uploads/2015/11/kuru-fasulye-yemekcom.jpg,300,200,True,https://cdn.yemek.com/mncrop/940/625/uploads/2015/11/kuru-fasulye-yemekcom.jpg,940,625,True,https://cdn.yemek.com/mncrop/620/388/uploads/2015/11/kuru-fasulye-yemekcom.jpg,620,388,True,https://cdn.yemek.com/mncrop/600/315/uploads/2015/11/kuru-fasulye-yemekcom.jpg,600,315,True,,,,,,
672,24660,Yasemin Özaltın,https://cdn.yemek.com/author/35533/20181219061403_avatar.jpg,/profil/yasemingursurer/,Evdeki Malzemelerle: Fincan Tatlısı,Fincan Tatlısı,/tarif/fincan-tatlisi/,15 dk,5 dk,"<p>Pratik lezzetlerden vazgeçemeyenlere, yemeklerin sunumuna önem verenlere müjdemiz var! Evdeki malzemelerle hızlıca yapabileceğiniz fincan tatlısı, Hindistan cevizi ve meyveler ile süslenerek adeta evde bir dekor olarak kullanabileceğiniz güzellikte oluyor. Yemeyip yanında yatasınız geliyor <img src=""https://cdn.yemek.com/assets/images/smiley/smile.png"" class=""wp-smiley img-responsive"" /></p>
<p>Bu pratik <a href=""https://yemek.com/tarif/"" target=""_blank"">tarifte</a> zevkinize göre değişiklikler yapabilirsiniz. Çoğunlukla vanilya aromalı hazırlanan muhallebiyi dilerseniz kakaolu, çilekli veya muzlu yaparak, farklı ve şık bir sunum elde edebilirsiniz. Hatta iki renkli hazırlamak bile müthiş bir hava katacaktır. Videoyu aşağıya iliştirdik. Çay saatleriniz ve özel davetleriniz için oldukça kolay hazırlanacak bu <a href=""https://yemek.com/tarif/sutlu-tatlilar/"" target=""_blank"">sütlü</a> <a href=""https://yemek.com/tarif/tatli/"" target=""_blank"">tatlıyı</a> mutlaka denemenizi öneriyoruz. Afiyet olsun!</p>
",recipe,"['toz şeker', 'süt', 'un', 'margarin', 'çilek (arzuya göre muz)', 'vanilin', 'Hindistan cevizi rendesi']","['Derin bir tencereye süt, un ve şekeri ekleyip çırpma teli yardımıyla karıştırarak muhallebi kıvamına gelene kadar pişirin.', 'Muhallebi koyu kıvam alıp göz göz\xa0 fokurdamaya başlayınca margarin ve vanilini ekleyin ve tekrar karıştırın.Pişen muhallebiyi ocaktan alın.', 'Orta boy kahve fincanına 2 parmak boşluk bırakacak şekilde, kepçe yardımıyla muhallebiyi dökün.', 'Fincandaki muhallebileri önce oda sıcaklığına getirdikten sonra buzdolabında en az 4 saat soğumaya bırakın.', 'Soğuyan muhallebileri fincandan yavaşça çıkarın ve Hindistan cevizine bulayın.', 'Hindistan cevizine bulanan muhallebileri servis tabağına alın ve üzerini dilediğiniz meyve ile süsleyip servis edin.']",SÜTLÜ TATLI,239b56,/tarif/sutlu-tatlilar/,"['Tatlı', 'Sütlü Tatlı', 'Video']","['ekonomik', 'çay saati']",['Çay Saati'],['Tencere'],"['Ekonomik', 'Vejetaryen', 'Bol Proteinli']",False,900,300,2020-11-09T07:31:32Z,4.0,1167935,7485,False,True,True,0,,0,,,,2017/10/fincan-tatlisi-tarifi.jpg,0,0,https://cdn.yemek.com/mnresize/940/940/uploads/2017/10/fincan-tatlisi-tarifi.jpg,940,940,False,https://cdn.yemek.com/mncrop/300/200/uploads/2017/10/fincan-tatlisi-tarifi.jpg,300,200,True,https://cdn.yemek.com/mncrop/940/625/uploads/2017/10/fincan-tatlisi-tarifi.jpg,940,625,True,https://cdn.yemek.com/mncrop/620/388/uploads/2017/10/fincan-tatlisi-tarifi.jpg,620,388,True,https://cdn.yemek.com/mncrop/600/315/uploads/2017/10/fincan-tatlisi-tarifi.jpg,600,315,True,['tencere'],,,,,
673,119,Yasemin Özaltın,https://cdn.yemek.com/author/35533/20181219061403_avatar.jpg,/profil/yasemingursurer/,Tam Ölçülü Mükemmel Lezzet: Şerbetli İrmik Tatlısı,Şerbetli İrmik Tatlısı,/tarif/serbetli-irmik-tatlisi/,1 sa,20 dk,"<p>İrmik tatlısının ne kadar efsane bir lezzet olduğuna değinmiş ve <a href=""https://yemek.com/tarif/irmik-tatlisi/"" target=""_blank"">irmik tatlısı tarifi</a>ni sizlerle paylaşmıştık. İrmik tatlısının lezzetini bir kat daha arttırmak ve damaklarda kalıcı bir tat bırakmak üzere bu sefer tarifine şerbet ekliyor ve fırında pişiriyoruz. <a href=""https://yemek.com/tarif/tatli/"" target=""_blank"">Tatlı tarifleri</a> arasında ona ayrı bir yer ayıracaksınız. <a href=""https://yemek.com/az-malzemeli-serbetli-tatlilar/"" target=""_blank"">Az malzemeli şerbetli tatlılar</a> arasında en çok sevilen tatlılardan biri olmaya da aday kendileri. Karşınızda çay saatlerinizin vazgeçilmezlerinden biri olacak şerbetli irmik tatlısı tarifi!</p>
<p>Mutfağa yeni yeni girmeye başlayanların bile kolaylıkla yapabileceği bir tarif üstelik. Sünger gibi kıvamı sayesinde tüm şerbetini içine çekiyor. Yumuşacık dokulu mükemmel bir lezzete dönüşüyor. Dilerseniz üzerine fıstık, file badem gibi malzemeler ilave ederek süsleyebilirsiniz. Çayınızın yanına hemen hazır! Şimdiden ellerinize sağlık.</p>
<p>Adım adım resimli ve videolu anlatımıyla irmik tatlısı <a href=""https://yemek.com/tarif/"" target=""_blank"">tarifi</a> karşınızda!</p>
<p>İrmikli tatlı tarifleri arasında özel bir yere koyacağınız <a href=""https://yemek.com/tarif/serbetli-tatlilar/"" target=""_blank"">şerbetli</a> irmik tatlısından sonra daha hafif bir alternatif isterseniz <a href=""https://yemek.com/tarif/sutlu-irmik-tatlisi/"" target=""_blank"">sütlü irmik tatlısına</a> da şans verebilirsiniz.</p>
",recipe,"['tereyağı', 'limon suyu', 'yumurta', 'toz şeker', 'toz şeker', 'süt', 'un', 'kabartma tozu', 'su', 'yoğurt', 'irmik', 'vanilin']","['3 adet yumurta, 9 yemek kaşığı toz şeker ve 1 çay bardağı yoğurdu derin bir kapta mikser yardımıyla toz şeker eriyene kadar çırpın.', '1 su bardağı süt, 1 paket vanilini ekleyin.', '1,5 su bardağı elenmiş un, 9 yemek kaşığı irmik ve 1 paket kabartma tozunu sırasıyla ekleyin.\xa0 Ardından güzelce karıştırın.', 'Fırın kabını tereyağı ile yağlayın ve tatlı harcını kalıba aldıktan sonra üzerini bir spatula yardımıyla düzeltin.', 'Tatlıyı önceden ısıtılmış 175 derece fırında 35 dakika kadar pişirin.', 'Tatlının şerbeti için; 2 su bardağı toz şeker ve 2 su bardağı suyu 10 dakika kadar kaynatın. 3-4 damla limon suyunu katın ve kaynayan şerbeti 5 dakika sonra ocaktan alın, ılınması için bekletin.', 'Fırından aldığınız sıcak tatlının üzerine ılık şerbeti dökün, şerbetini içine çekmesi için 10 dakika kadar bekledikten.', 'Sonra dilimleyin.', 'Ardından servis edin.\xa0Afiyet olsun!']",ŞERBETLİ TATLI,239b56,/tarif/serbetli-tatlilar/,"['Tatlı', 'Şerbetli Tatlı', 'Ramazan', 'Video']","['ekonomik', 'çay saati']",['Çay Saati'],"['Fırın', 'Tencere']","['Ekonomik', 'Vejetaryen']",False,3600,1200,2019-05-06T08:58:21Z,4.0,1133250,2164,False,True,True,0,,0,,,,2014/06/serbetli-irmik-tatlisi-yemekcom.jpg,0,0,https://cdn.yemek.com/mnresize/940/940/uploads/2014/06/serbetli-irmik-tatlisi-yemekcom.jpg,940,940,False,https://cdn.yemek.com/mncrop/300/200/uploads/2014/06/serbetli-irmik-tatlisi-yemekcom.jpg,300,200,True,https://cdn.yemek.com/mncrop/940/625/uploads/2014/06/serbetli-irmik-tatlisi-yemekcom.jpg,940,625,True,https://cdn.yemek.com/mncrop/620/388/uploads/2014/06/serbetli-irmik-tatlisi-yemekcom.jpg,620,388,True,https://cdn.yemek.com/mncrop/600/315/uploads/2014/06/serbetli-irmik-tatlisi-yemekcom.jpg,600,315,True,['fırın'],,,,,
674,1681,Yasemin Özaltın,https://cdn.yemek.com/author/35533/20181219061403_avatar.jpg,/profil/yasemingursurer/,En Pratik ve En Yumuşacık Kıvamlı: Ağlayan Pasta,Ağlayan Pasta,/tarif/aglayan-pasta/,25 dk,20 dk,"<p><a href=""https://yemek.com/tarif/kakaolu-islak-kek/"" target=""_blank"">Kakaolu ıslak kek</a> ya da <a href=""https://yemek.com/tarif/gercek-browni/"" target=""_blank"">brownie</a>'yi andıran kek tabanı üzerinde yer alan çırpılmış krem şanti ve akışkan çikolata sosla birlikte ağlayan pasta, oldukça davetkar! Yumuşacık keki, bol kakaolu <a href=""https://yemek.com/tarif/cikolata-sosu/#gref"">çikolata sosu</a> ve krem şantinin müthiş uyumuna şahit olacağınız bu kolay ve pratik, büyük tepside ağlayan pasta tarifini mutlaka denemelisiniz.</p>
<p>Tam kıvamında bir ağlayan pasta yapmak, o hafif ıslak dokusunu da yakalamak bazen bir hayli zor olabiliyor. Ama vereceğimiz nefis <a href=""https://yemek.com/tarif/"" target=""_blank"">tarifle</a> pastanızı kolaylıkla yapmanız mümkün. Biz klasik ağlayan pastaya kendi yorumumuzu katarak hazırladık. Siz de muhallebili ağlayan pasta,  kedi dili ağlayan pasta, çilekli ağlayan pasta, muzlu ağlayan pasta gibi farklı çeşitlerini tarifimizden yola çıkarak uyarlayabilirsiniz!</p>
<p>Küçükten büyüğe herkesin bayılarak tüketeceği, bol çikolatalı olmasına rağmen oldukça hafif olan, <a href=""https://yemek.com/tarif/pasta-tatli/"" target=""_blank"">pasta tariflerinin</a> en hüzünlüsü ağlayan pastanın videolu ve resimli tarifini aşağıya bırakıyoruz, sevdiklerinizle bu <a href=""https://yemek.com/tarif/tatli/"" target=""_blank"">tatlıyı</a> keyifle tüketmeniz dileğiyle <img src=""https://cdn.yemek.com/assets/images/smiley/smile.png"" class=""wp-smiley img-responsive"" /></p>
",recipe,"['tereyağı', 'yumurta', 'toz şeker', 'süt', 'süt', 'un', 'kabartma tozu', 'toz krem şanti', 'kakao', 'soğuk süt', 'portakal suyu', 'krema', 'bitter çikolata', 'sıvı yağ']","['Pastanın kekini hazırlamak için; karıştırma kabına alıp toz şeker ve yumurtayı aktarın.', 'Hafif beyaz bir renk alana kadar mikser yardımıyla karıştırın.', 'Süt ve ayçiçek yağı ekledikten sonra tüm sıvı malzemeleri kısa bir süre daha çırpın.', 'Un, kabartma tozu ve kakaoyu eleyin.', 'Harca ekleyin.', 'Kattığınız kek harcını mikser yardımıyla homojen bir hal alana kadar karıştırmayı sürdürün.', 'Portakal suyunu da ilave edip çırpın.', 'Isıya dayanıklı dikdörtgen bir fırın kabını tereyağıyla yağladıktan sonra kek harcını kaba aktarın. Önceden ısıtılmış 180 derece fırında yaklaşık\xa025 dakika kadar pişirin.', 'Pastanın kreması için; toz krem şantiyi, soğuk sütle çırptıktan sonra kıvam alması için buzdolabında bekletin.', 'Çikolata sosu hazırlamak için; bitter çikolatayı küçük küpler halinde kesin. Kaynatın. Soğuması için oda sıcaklığında dinlendirin.', 'Fırından çıkan kekin üzerine sütü azar azar gezdirin ve kekin içine çekmesi için kısa bir süre bekleyin.', 'Hazırladığınız krem şantiyi spatula yardımıyla kekin üzerine sürün.', 'Akışkan durumda olan oda sıcaklığındaki çikolata sosu pastanın üzerine gezdirdikten sonra dilimleyerek servis edin.', 'Üzerinden çikolata akan pastayı, arzu ettiğiniz gibi süsledikten sonra sevdiklerinizle paylaşın.']",PASTA,239b56,/tarif/pasta-tatli/,"['Tatlı', 'Pasta', 'Video']",['çay saati'],['Çay Saati'],"['Fırın', 'Tencere']",,False,1500,1200,2021-03-21T11:18:54Z,4.0,1109401,3523,False,True,True,0,,0,,,,2021/03/aglayan-pasta-yemekcom.jpg,0,0,https://cdn.yemek.com/mnresize/940/940/uploads/2021/03/aglayan-pasta-yemekcom.jpg,940,940,False,https://cdn.yemek.com/mncrop/300/200/uploads/2021/03/aglayan-pasta-yemekcom.jpg,300,200,True,https://cdn.yemek.com/mncrop/940/625/uploads/2021/03/aglayan-pasta-yemekcom.jpg,940,625,True,https://cdn.yemek.com/mncrop/620/388/uploads/2021/03/aglayan-pasta-yemekcom.jpg,620,388,True,https://cdn.yemek.com/mncrop/600/315/uploads/2021/03/aglayan-pasta-yemekcom.jpg,600,315,True,['fırın'],,,,,
675,773,evdekendinpisir,https://cdn.yemek.com/author/347367/20220304085040_avatar.jpg,/profil/evdekendinpisir/,Tam Ölçülü: Kalburabastı,Kalburabastı,/tarif/kalburabasti/,45 dk,30 dk,"<p><a href=""https://yemek.com/tarif/serbetli-tatlilarlar/"" target=""_blank"">Şerbetli tatlılar</a>dan olan kalburabastı tatlısı, ismini aldığı şeklinden dolayı hazırlaması zor gibi dursa da elinizin altında metal ya da hasır bir kalbur olduktan sonra gayet kolay aslında. <a href=""https://yemek.com/tarif/"" target=""_blank"">Yemek tariflerinin</a> tamamlayıcısı olan kalburabastı tatlı tarifini hazırlamak bu kadar basit aslında.</p>
<p>Bu nefis <a href=""https://yemek.com/tarif/tatli/"" target=""_blank"">tatlıyı</a> genelde <a href=""https://yemek.com/ramazan/"" target=""_blank"">ramazanda</a> ya da bayramda sofralarımıza konuk etmeyi çok seviyoruz ama bize kalırsa kalburabastı dilediğiniz her an mutfağınızda olmalı. Çünkü bu cevizli, irmikli ve <strong>ağızda dağılan</strong> <strong>kalburabastı tatlısı tarifi</strong> en kolay kalburabastı tariflerinden biri. Tabii sizin hamarat ellerinizden çıkması kaydıyla.</p>
<p>Unutmadan, kalbur yoksa rendenin kalın tarafını kullanabilirsiniz, aklınızda bulunsun.</p>
",recipe,"['limon suyu', 'yumurta', 'toz şeker', 'un', 'su', 'yoğurt', 'irmik', 'toz Antep fıstığı', 'limon', 'oda sıcaklığında tereyağı', 'ceviz içi', 'karbonat', 'sıvı yağ']","['Öncelikle şerbeti hazırlayın. Şeker ve suyu karıştırarak kaynamaya bırakın, kaynadıktan sonra limon suyu sıkarak kısık ateşte 10 dakika kadar kaynatmaya devam edin. Ardından ocaktan alıp ılınmaya bırakın.', 'Tatlı için, un hariç bütün malzemeleri bir araya getirin ve güzelce karıştırın.', 'Karbonatın üzerine limonu sıkın ve köpürmesini sağlayın.', 'Azar azar unu ilave edin. Kıvamına göre 3,5-4 su bardağı kadar alacaktır.', 'Ele yapışmayacak kıvama gelene kadar yoğurun.', 'Cevizden biraz daha büyük olacak şekilde parçalar koparın ve yuvarlayın. İsterseniz süzgeçte ya da kullandığımız gibi bir kesme aparatının üzerine b<span class=""il"">astı</span>rarak şekil almasını sağlayın.', 'Cevizi ortasına koyarak nazikçe birleştirin.', 'Fırın tepsinize dizin, önceden ısıtılmış fırında iyice kızarana kadar 25- 30 dakika pişirin.', 'Fırından çıkınca sıcak tatlının üzerine soğuk şerbeti dökün. Şerbeti iyice çekince servis edin. Afiyetler olsun.']",ŞERBETLİ TATLI,239b56,/tarif/serbetli-tatlilar/,"['Tatlı', 'Şerbetli Tatlı', 'Ramazan']",['çay saati'],['Çay Saati'],"['Fırın', 'Tencere']",,False,2700,1800,2022-04-27T11:10:50Z,3.0,1108463,2563,False,False,True,0,,0,,,,2022/04/kalburabasti-yeni-onecikan.jpg,0,0,https://cdn.yemek.com/mnresize/940/940/uploads/2022/04/kalburabasti-yeni-onecikan.jpg,940,940,False,https://cdn.yemek.com/mncrop/300/200/uploads/2022/04/kalburabasti-yeni-onecikan.jpg,300,200,True,https://cdn.yemek.com/mncrop/940/625/uploads/2022/04/kalburabasti-yeni-onecikan.jpg,940,625,True,https://cdn.yemek.com/mncrop/620/388/uploads/2022/04/kalburabasti-yeni-onecikan.jpg,620,388,True,https://cdn.yemek.com/mncrop/600/315/uploads/2022/04/kalburabasti-yeni-onecikan.jpg,600,315,True,,,,,,
676,696,Yasemin Özaltın,https://cdn.yemek.com/author/35533/20181219061403_avatar.jpg,/profil/yasemingursurer/,En Garanti Tarif: Tas Kebabı,Tas Kebabı,/tarif/tas-kebabi/,50 dk,20 dk,"<p>Suyuna ekmek banılacak yemekleri sevenler ve <a href=""https://yemek.com/tarif/et"" target=""_blank"">etten</a> vazgeçemeyenler için bir klasiktir tas kebabı tarifi. Olmazsa olmazı dana eti, soğan ve suyuna lezzet veren salçadır. Daha da bereketli ve doyurucu hale gelmesi adına içerisine patates ve havuç gibi kök sebzeler eklenir.</p>
<p>Kuşbaşı dana etiyle yapılan en güzel yemeklerden olan, sulu et yemeklerinin en sevileni tas kebabında etleri yumuşacık, lokum gibi pişiriyoruz. Tüm püf noktalarını da sesli olarak videomuzda adım adım anlatıyoruz.</p>
<p>Ayrıca sevdiğiniz baharatları eklemek ve lezzetine lezzet katmak elinizde. Tas kebabını çok sayıda rendelenmiş kuru soğan, salça ve belli başlı baharatlar ile de hazırlayanlar var, yok değil. Belki siz onlardan birisiniz ama tarifi bir de böyle deneyin, yorumlarınızı bizlerle paylaşın.</p>
<p>Küçük bir hatırlatma: Yanına da <a href=""https://yemek.com/tarif/pirinc-pilavi"" target=""_blank"">pirinç pilavı</a> yapmayı unutmayın.</p>
<p>Küçük bir hatırlatma daha, farklı yemek tarifleri için: <a href=""https://yemek.com/tarif/"" target=""_blank"">Yemek Tarifleri</a></p>
",recipe,"['tereyağı', 'sıcak su', 'tuz', 'ayçiçek yağı', 'un', 'sarımsak', 'orta boy havuç', 'orta boy patates', 'orta boy kuru soğan', 'tane karabiber', 'kuşbaşı dana eti', 'kaşığı domates salçası']","['1 yemek kaşığı sıvı yağ ve 2 yemek kaşığı tereyağını tencerede kızdırın.Üzerine 800 gram dana kuşbaşı etini ekleyin ve etler suyunu salıp çekene kadar\xa0kavurun.', 'Yemeklik doğranmış 1 adet soğanı ve 3 diş doğranmış sarımsağı da ekledikten sonra etlerle beraber kavurmaya devam edin.', 'Bu aşamada ekleyeceğiniz 1 yemek kaşığı unu, kokusu çıkana kadar yaklaşık 2-3 dakika etlerle birlikte kavurun. 1 tatlı kaşığı salçayı ekleyin ve karıştırın.', 'Ardından 1 tatlı kaşığı tuz, 1 adet küp doğranmış patates, 1 adet küp doğranmış havuç ve 1 çay kaşığı karabiberi de ekleyip 3 su bardağı su ilave\xa0edin.', 'Kapağını kapattığınız tencerede, kısık ateşte 30 dakika kadar pişirin.', 'Kıvamlı bir sos halini alan suyu ve sebzelerle birlikte pişen eti, sıcak olarak bekletmeden servis edin. Afiyetler olsun!']",ET,239b56,/tarif/et/,"['Et', 'Ramazan', 'Video']","['akşam yemeği', 'öğle yemeği']",['Akşam Yemeği'],['Ocak'],,False,3000,1200,2021-03-24T08:00:17Z,4.0,1107172,7329,False,True,True,0,,0,,,,2014/10/tas-kebabi-yemekcom.jpg,0,0,https://cdn.yemek.com/mnresize/940/940/uploads/2014/10/tas-kebabi-yemekcom.jpg,940,940,False,https://cdn.yemek.com/mncrop/300/200/uploads/2014/10/tas-kebabi-yemekcom.jpg,300,200,True,https://cdn.yemek.com/mncrop/940/625/uploads/2014/10/tas-kebabi-yemekcom.jpg,940,625,True,https://cdn.yemek.com/mncrop/620/388/uploads/2014/10/tas-kebabi-yemekcom.jpg,620,388,True,https://cdn.yemek.com/mncrop/600/315/uploads/2014/10/tas-kebabi-yemekcom.jpg,600,315,True,"['tencere', 'bol proteinli']",,,,,
677,304,Yasemin Özaltın,https://cdn.yemek.com/author/35533/20181219061403_avatar.jpg,/profil/yasemingursurer/,Kafelerde Yediklerinizden Farksız: Çikolatalı Sufle,Çikolatalı Sufle,/tarif/cikolatali-sufle/,10 dk,8 dk,"<p><a href=""https://yemek.com/tarif/cikolatali-tatlilar/"" target=""_blank"">Çikolatalı tatlıların</a> en kısa sürede pişenlerinden, akışkan içi sayesinde öncelikle görsel şölen yaşatan ve yedikçe yemek isteyeceğiniz sufleyi hazırlamak, püf noktalarını dikkatlice okursanız oldukça pratik. Böylece her seferinde dışarı çıkıp bir kafede yediğiniz o harika sufleyi evde kendiniz yapabilecek, <a href=""https://yemek.com/tarif/"" target=""_blank"">yemek tariflerinizin</a> yanında sunabileceksiniz.</p>
<p><a href=""https://yemek.com/tarif/tatli/"" target=""_blank"">Tatlı</a> tariflerinin en sevilenlerinden bu sufle tarifinde her kaşıkta çikolatanın yoğun lezzetini hissedecek, akışkan kıvamına her seferinde yeniden hayran olacaksınız.</p>
",recipe,"['tereyağı', 'tereyağı', 'tuz', 'yumurta', 'toz şeker', 'süt', 'un', 'kakao', 'pudra şekeri', 'bitter çikolata']","['125 mililitre sütü bir sos tenceresine alın ve kaynama noktasına gelinceye kadar ısıtın.', 'İçerisine çikolatayı ilave edin.\xa0Çikolata eridikten sonra ocaktan alın.', 'Ayrı bir sos tenceresinde 2 yemek kaşığı tereyağını eritin.', 'Üzerine 1,5 yemek kaşığı unu ilave ederek, kokusu çıkana kadar kavurun.', 'Unun kokusu çıktıktan sonra çikolatalı süt karışımının içerisine ilave edin ve 2 yemek kaşığı toz şekeri ilave ederek sürekli olarak karıştırın.', '3 adet yumurta sarılarını da ilave edin, 2 dakika daha karıştırdıktan sonra ocaktan alın ve soğumaya bırakın.', 'Derin bir kasede 3 adet yumurta beyazlarını bir çimdik tuz ile birlikte kaseyi ters çevirdiğinizde akmayacak kıvama gelinceye kadar çırpın.', 'Soğumuş olan çikolatalı karışım ile köpük haline gelmiş yumurta aklarını birleştirin ve spatula yardımıyla karıştırın.', 'Yağlanmış ve kakao ile kaplanmış sufle kaplarına bir parmak boşluk kalacak şekilde harcı bölüştürün ve önceden ısıtılmış 200 derece fırında 10 dakika pişirin.', 'Fırından çıkar çıkmaz üzerine pudra şekeri serpiştirip servis edin, afiyet olsun!']",ÇİKOLATALI TATLI,239b56,/tarif/cikolatali-tatlilar/,"['Tatlı', 'Video', 'Dünya Mutfakları', 'Çikolatalı Tatlı']","['ekonomik', 'ara öğün', 'çay saati']",['Çay Saati'],['Fırın'],,False,600,480,2022-03-25T08:05:24Z,4.0,1091967,8162,False,True,True,0,,0,,,,2014/09/cikolatali-sufle-yemekcom.jpg,0,0,https://cdn.yemek.com/mnresize/940/940/uploads/2014/09/cikolatali-sufle-yemekcom.jpg,940,940,False,https://cdn.yemek.com/mncrop/300/200/uploads/2014/09/cikolatali-sufle-yemekcom.jpg,300,200,True,https://cdn.yemek.com/mncrop/940/625/uploads/2014/09/cikolatali-sufle-yemekcom.jpg,940,625,True,https://cdn.yemek.com/mncrop/620/388/uploads/2014/09/cikolatali-sufle-yemekcom.jpg,620,388,True,https://cdn.yemek.com/mncrop/600/315/uploads/2014/09/cikolatali-sufle-yemekcom.jpg,600,315,True,['fırın'],,,['Fransa'],,
678,827,Yasemin Özaltın,https://cdn.yemek.com/author/35533/20181219061403_avatar.jpg,/profil/yasemingursurer/,Lokum Tadında: Et Sote,Et Sote,/tarif/et-sote/,50 dk,20 dk,"<p>''Etim pişirirken sertleşiyor'' sorununu çözmeye geliyor bu nefis <a href=""https://yemek.com/tarif/"" target=""_blank"">yemek tarifimiz</a>. <a href=""https://yemek.com/tarif/et"" target=""_blank"">Et tarifleri</a> arasında en klasiklerden sayılan et sote tarifi buyurun. Bu tarifle et sote denediğinizde pişirdiğiniz <strong>etler lokum kıvamında ve yumuşacık</strong> oluyor. Lezzet seviyesi içerisine konan domates, soğan ve biberle birlikte zirveye çıkıyor. Bu zamana kadar denediğiniz hiçbir et sote tarifinden bu denli iyi bir sonuç almadığınızdan eminiz. Karşınızda tüm püf noktaları ve lezzet sırlarıyla yumuşacık pişen et sote tarifi.</p>
<p>Etli yemeklerin en kolay ve en dikkatli şekilde pişirilmesi de şart olan tariflerinin başında geliyor kendileri. <strong>Yüksek ısıda mühürlemek</strong>, soğan ve domatesini mutlaka ilave etmek şart. Yanına bir pilav ve salatayla en şahane öğüne dönüşüyor. Adım adım resimli anlatımıyla et sote tarifimizi denemeye davetlisiniz.</p>
",recipe,"['biber salçası', 'sıcak su', 'tuz', 'zeytinyağı', 'domates salçası', 'kekik', 'taze çekilmiş tane karabiber', 'orta boy kuru soğan', 'orta boy domates', 'orta boy yeşil biber', 'sotelik dana eti']","['Döküm bir tavada 4 yemek kaşığı zeytinyağını kızdırın. 1 adet yemeklik ince doğradığınız soğanları tavaya ekleyin.', 'Renk alan soğanların üzerine 3 adet doğranmış yeşil biber ekleyin ve sotelemeye devam edin.', 'Sotelik doğradığınız 600 gram dana etini ilave edin.', 'Suyunu salmaması, lezzet ve vitamin değerini hapsetmesi için; yüksek ateşte, yaklaşık 2-3 dakika hiç karıştırmadan mühürleyin.', 'Dış kısmı renk alan etleri aralarda karıştırarak yüksek ateşte sotelemeye devam edin.', '3 adet soyulmuş, doğranmış domatesi\xa0ekleyerek karıştırın. Ardından 1 çay kaşığı tuz, karabiber, 1 tatlı kaşığı kekiği de ekleyin.', 'Bir tatlı kaşığı domates ve yarım tatlı kaşığı biber salçasını 1 su bardağı sıcak su ile sulandırdıktan sonra azar azar tavaya ekleyin.', 'Kısık ateşte etler yumuşayana kadar pişirin.', 'Etleri yumuşayan soteyi, lezzetli suyuyla birlikte servis tabaklarına alın ve sıcak sıcak servis edin. Afiyet olsun!']",ET,239b56,/tarif/et/,"['Et', 'Ramazan', 'Video']","['akşam yemeği', 'öğle yemeği']","['Öğle Yemeği', 'Akşam Yemeği']","['Tencere', 'Ocak']",['Ekonomik'],False,3000,1200,2021-06-27T08:43:24Z,4.0,1064923,6300,False,True,True,0,,0,,,,2014/10/etsote-yemekcom.jpg,0,0,https://cdn.yemek.com/mnresize/940/940/uploads/2014/10/etsote-yemekcom.jpg,940,940,False,https://cdn.yemek.com/mncrop/300/200/uploads/2014/10/etsote-yemekcom.jpg,300,200,True,https://cdn.yemek.com/mncrop/940/625/uploads/2014/10/etsote-yemekcom.jpg,940,625,True,https://cdn.yemek.com/mncrop/620/388/uploads/2014/10/etsote-yemekcom.jpg,620,388,True,https://cdn.yemek.com/mncrop/600/315/uploads/2014/10/etsote-yemekcom.jpg,600,315,True,"['tencere', 'bol proteinli', 'glutensiz']",,,,,
679,23805,Cemre Özgüzel,https://cdn.yemek.com/author/109/20200211010242_avatar.jpg,/profil/cemre-ozguzel/,İşin Sırrı Hamurunda: Pofuduk Poğaça,Pofuduk Poğaça,/tarif/pofuduk-pogaca/,25 dk,15 dk,"<p>Üzerine bastırdığınızda içine göçüp sonra hemencecik eski formuna dönen, iç dokusu yumuşacık bir <a href=""https://yemek.com/tarif/pogaca"" target=""_blank"">poğaçayı</a> misafir ediyoruz. Bu poğaçaların en önemli sırlarının başında içerisinde ılık malzemeler kullanmak geliyor. Kullanacağınız tüm sıvı malzemelerin ılık olması ve diğer malzemelerin oda sıcaklığına olması o pofuduk kıvamı yakalamanıza yardımcı oluyor.</p>
<p>En önemli ikinci püf noktası ise mayalandırma kısmı. Hamurunuzu önce oda sıcaklığında mayalandırın mutlaka. Şekil verdikten sonra bırakın biraz daha dinlensin, güzelleşsin. Yumuşacık kıvamının sırrı malzemelerse, pişerken puf puf olmasının sırrı mayalandırma işlemi. Bu noktalara dikkat edin, gerisini hiç düşünmeyin. <img src=""https://cdn.yemek.com/assets/images/smiley/wink.png"" class=""wp-smiley img-responsive"" /></p>
<p>Herkesin sırlarının peşinden koşacağı <a href=""https://yemek.com/tarif/"" target=""_blank"">tarif</a>imize bekleniyorsunuz.</p>
",recipe,"['tereyağı', 'tuz', 'yumurta', 'toz şeker', 'un', 'yumurta sarısı', 'ılık su', 'susam', 'ılık süt', 'instant maya']","['Tereyağını minik bir sos tenceresinin içerisinde eritin.', 'Erittikten sonra birkaç dakika soğumaya bırakın.', 'Soğuduktan sonra derin bir kabın içerisine ılık süt, yumurta, mayayı, suyun bir kısmı, ertilmiş tereyağı ve şekeri aktarın.', 'Güzelce karıştırdıktan sonra azar azar un ilave ederek yoğurmaya başlayın. Bu aşamada eğer ihtiyacınız varsa suyun geriye kalanını da ilave edin.\xa0 Tuzu da ekleyerek ele yapışmayan yumuşacık bir hamur elde edin.', 'Elde ettiğiniz hamuru temiz bir kaba aktarın ve üzerini streç film ile hava almayacak şekilde güzelce kapatın. 1 saat kadar oda sıcaklığında mayalandırın.', 'Mayalanan poğaçaları dilediğiniz iç harcı koyarak lezzetlendirin ya da sade bir biçimde şekil vererek yağlı kağıt serili fırın tepsisinin üzerine dizin.', 'Üzerini streç filme kapatın ve oda sıcaklığında 15-20 dakika kadar ikinci mayalandırma için bekletin.', 'Ardından üzerine yumurta sarısı sürün, susam serpin ve 180 derecede ısıtılmış fırında üzeri de kızarana kadar 20-25 dakika kadar pişirin.', 'Çıkarıp oda sıcaklığında bir süre dinlendirdikten sonra afiyetle tüketin.']",POĞAÇA,239b56,/tarif/pogaca/,"['Hamur İşi', 'Poğaça']",['çay saati'],"['Kahvaltı', 'Çay Saati']",['Fırın'],"['Ekonomik', 'Vejetaryen']",False,1500,900,2017-10-11T07:06:16Z,4.0,1016294,3366,False,False,False,0,,0,,,,2017/10/pofuduk-pogaca-tarifi.jpg,0,0,https://cdn.yemek.com/mnresize/940/940/uploads/2017/10/pofuduk-pogaca-tarifi.jpg,940,940,False,https://cdn.yemek.com/mncrop/300/200/uploads/2017/10/pofuduk-pogaca-tarifi.jpg,300,200,True,https://cdn.yemek.com/mncrop/940/625/uploads/2017/10/pofuduk-pogaca-tarifi.jpg,940,625,True,https://cdn.yemek.com/mncrop/620/388/uploads/2017/10/pofuduk-pogaca-tarifi.jpg,620,388,True,https://cdn.yemek.com/mncrop/600/315/uploads/2017/10/pofuduk-pogaca-tarifi.jpg,600,315,True,['fırın'],,,,,
680,154,Yasemin Özaltın,https://cdn.yemek.com/author/35533/20181219061403_avatar.jpg,/profil/yasemingursurer/,Tam Kıvamında: Tarhana Çorbası,Tarhana Çorbası,/tarif/tarhana-corbasi/,20 dk,5 dk,"<p>Bütün <a href=""https://yemek.com/tarif/"" target=""_blank"">yemek tarifleri</a> arasında tarhana çorbası hiç şüphesiz en çok Anadolu kokandır, toprak kokandır. Ekşilisi içilir, kahvaltıda içilir, akşam yemeğinde içilir, <a href=""https://yemek.com/ramazan"" target=""_blank"">sahurda</a> içilir.</p>
<p>Tarhana çorbası bir çorbanın alabileceği en güzel hallerden, <a href=""https://yemek.com/tarif/corba/"" target=""_blank"">çorba tariflerinden</a> en sevilenlerinden biridir. Dilerseniz <a href=""https://yemek.com/tarif/tarhana/"" target=""_blank"">ev tarhanasını</a> kendiniz de yapabilir, meşhur Maraş tarhanası tarifimize ise <a href=""https://yemek.com/tarif/maras-tarhanasi/"" target=""_blank"">şuradan</a> ulaşabilirsiniz. Ev yapımı mis gibi tarhana çorbasını yapmak üstelik toz tarhana çorbasını yapmaktan bile daha kolay.</p>
<p>Her birinin kendine has tarhana çorbası tarifi olan büyüklerimize saygılarımızı sunarak tarhana çorbası yapımını hem video hem de adım adım görselli olarak aşağıda paylaşıyoruz.</p>
",recipe,"['tereyağı', 'tuz', 'ayçiçek yağı', 'sarımsak', 'su', 'domates salçası', 'toz tarhana', 'kuru nane']","['Toz tarhanayı geniş bir karıştırma kasesine alın. Üzerine toz nane ve oda sıcaklığındaki 2 bardak suyu ekleyerek bir çırpıcı yardımıyla karıştırın. Tarhana yumuşayana dek, yaklaşık 15 dakika boyunca oda sıcaklığında yumuşamaya bırakın.', 'Bu sırada geniş bir tencereye sıvıyağ ve tereyağını ekleyip, orta ateşte eritmeye başlayın. Ezilmiş sarımsak ve salçayı ekleyerek kavurmaya başlayın.', 'Yumuşayan tarhana karışımını ekleyin, ardından tuzunu da ekleyin ve karıştırın.', 'Kalan 5 su bardağı suyu ve tencereye ekleyin. Ara ara karıştırarak koyulaşana dek pişirin.', 'Kaynayan çorbayı bekletmeden sıcak olarak servis edin. Pişirdikçe koyulaşan bir çorba olduğu için daha sonra tüketecekseniz üzerine su ilave etmenizi öneririz.', 'Afiyet olsun!']",ÇORBA,,/tarif/corba/,"['Çorba', 'Ramazan', 'Video']","['pratik yemek tarifleri', 'ekonomik', 'akşam yemeği', 'öğle yemeği']","['Öğle Yemeği', 'Akşam Yemeği']","['Tencere', 'Ocak']","['Ekonomik', 'Vejetaryen']",False,1200,300,2019-05-15T05:03:31Z,4.0,1005436,4753,False,True,True,0,,0,,,,2019/05/tarhana-corbasi-yemekcom.jpg,0,0,https://cdn.yemek.com/mnresize/940/940/uploads/2019/05/tarhana-corbasi-yemekcom.jpg,940,940,False,https://cdn.yemek.com/mncrop/300/200/uploads/2019/05/tarhana-corbasi-yemekcom.jpg,300,200,True,https://cdn.yemek.com/mncrop/940/625/uploads/2019/05/tarhana-corbasi-yemekcom.jpg,940,625,True,https://cdn.yemek.com/mncrop/620/388/uploads/2019/05/tarhana-corbasi-yemekcom.jpg,620,388,True,https://cdn.yemek.com/mncrop/600/315/uploads/2019/05/tarhana-corbasi-yemekcom.jpg,600,315,True,['tencere'],greenLight,,,,
681,454,Cemre Özgüzel,https://cdn.yemek.com/author/109/20200211010242_avatar.jpg,/profil/cemre-ozguzel/,Şeflerini Kıskandıran Tarif: Pastane Poğaçası,Pastane Poğaçası,/tarif/pastane-pogacasi/,25 dk,30 dk,"<p>Pastanelerden aldığınız, sabah kahvaltılarınızın en hızlı ve doyurucu kurtarıcısı olan nefis <a href=""https://yemek.com/tarif/pogaca/"" target=""_blank"">poğaçalar</a>... Biliyoruz dışarıdan alınca midenizde biraz ağırlık yapıyor, içerisindeki yağ oranı da sizi biraz düşündürüyor. Ancak bu tarifi evde çok daha ekonomik şekilde, çok daha hafif bir lezzette yapmak mümkün aslında. Bir gece önceden hazırladığınız pastane poğaçalarını yanınıza alarak ofis arkadaşlarınızı sevindirebilir, sıkışan trafiğe rağmen lezzetli ve sağlıklı bir kahvaltıdan ödün vermeden yol alabilir, akşam eve dönüşte çayın yanında tüketebilirsiniz. Uzun süre taze kalması da cabası. Karşınızda: Pastane poğaçası tarifi!</p>
<p>Pastane poğaçalarındaki o yumuşacık dokuyu bu tarifle rahatlıkla yakalamanız da mümkün. Şimdiden ellerinize sağlık diyor, evinin şeflerini mutfağa buyur ediyoruz.</p>
",recipe,"['tuz', 'toz şeker', 'un', 'su', 'yumurta sarısı', 'ılık su', 'kuru maya', 'ılık süt', 'sıvı yağ', 'sıvı yağ']","['Kuru maya ve toz şekeri bir kabın içerisine alın.', 'Üzerine ılık süt ve ılık suyu ilave ederek şeker eriyene kadar güzelce karıştırın.', 'Ardından sıvı yağı da ekleyerek karıştırmaya devam edin.', 'Üzerine azar azar un ilave etmeye başlayın. Bu aşamada tuzu da ekleyin. Unu çok kontrollü bir şekilde ilave ederek güzelce yoğurun.', 'Yumuşak kıvamda\xa0 bir hamur elde edin.', 'Üzerini streç filmle kapatarak oda sıcaklığında 40 dakika kadar mayalandırın. Eğer kış mevsiminde mayalandırma yapıyorsanız daha ılık bir ortamda 1 saat kadar mayalandırın.', 'Mayalanan hamurdan avuç içi büyüklüğünde bezeler elde ederek yuvarlak bir şekil verin. Dilerseniz bu aşamada içlerine harç da koyabilirsiniz.', 'Hazırladığınız hamurları yağlı kağıt serili fırın tepsisine dizin.', 'Yumurta sarısı, yağ ve suyu bir kapta karıştırın. Poğaçaların üzerine fırça yardımıyla sürün. Ardından da çatalla şekil verin.', '180 derecede önceden ısıtılmış fırında yaklaşık 25-30 dakika kadar üzeri kızarıp tam poğaçalar tam kabarana kadar pişirin. Ardından çıkarıp biraz dinlendirdikten sonra servis edin. Afiyetler olsun!']",POĞAÇA,239b56,/tarif/pogaca/,"['Hamur İşi', 'Kahvaltılık', 'Poğaça']","['ekonomik', 'kahvaltı', 'çay saati']","['Kahvaltı', 'Çay Saati']",['Fırın'],['Ekonomik'],False,1500,1800,2020-03-02T06:45:54Z,4.0,1005135,4161,False,False,True,0,,0,,,,2020/03/pastane-pogacasi-one-cikan-yeni.jpg,0,0,https://cdn.yemek.com/mnresize/940/940/uploads/2020/03/pastane-pogacasi-one-cikan-yeni.jpg,940,940,False,https://cdn.yemek.com/mncrop/300/200/uploads/2020/03/pastane-pogacasi-one-cikan-yeni.jpg,300,200,True,https://cdn.yemek.com/mncrop/940/625/uploads/2020/03/pastane-pogacasi-one-cikan-yeni.jpg,940,625,True,https://cdn.yemek.com/mncrop/620/388/uploads/2020/03/pastane-pogacasi-one-cikan-yeni.jpg,620,388,True,https://cdn.yemek.com/mncrop/600/315/uploads/2020/03/pastane-pogacasi-one-cikan-yeni.jpg,600,315,True,['fırın'],,,,,
682,3400,Yasemin Özaltın,https://cdn.yemek.com/author/35533/20181219061403_avatar.jpg,/profil/yasemingursurer/,Püf Noktalarıyla: Kuru Fasulye,Kuru Fasulye,/tarif/kuru-fasulye/,50 dk,30 dk,"<p>Geleneksel sofralarımızın, mutfağımızın sahip olduğu tüm <a href=""https://yemek.com/tarif/"" target=""_blank"">yemek tariflerinin</a> baş tacıdır aslında kuru fasulye. Tarifte yer alan kuru fasulyeler, cinsi ve önerilen pişirme süresine göre bir gece önceden ılık suya basılır. Sıvı yağda kavrulmuş kuru soğan, salça ve toz kırmızı bibere eklenen haşlanmış kuru fasulyeler, kabuk atmaması için kısık ateşte pişirilir. Ona en çok yakışan <a href=""https://yemek.com/tarif/bulgur-pilavi/"" target=""_blank"">bulgur pilavı </a>ya da <a href=""https://yemek.com/tarif/tereyagli-pilav/"" target=""_blank"">tereyağlı pirinç pilavı </a>eşliğinde soğuk ya da sıcak olarak servis edilir.</p>
<p>Yaz sofralarında kuru nane eşlik eder ona yanına buz gibi bir kase <a href=""https://yemek.com/tarif/cacik/"" target=""_blank"">cacık</a>. Sizin anlayacağınız mevsimsizdir kuru fasulye ve damaklarda kalan tadına doyum olmaz.</p>
<p><strong>Kuru fasulye tarifi</strong>ni hazırladık hazırlamasına da yanında ne olsun istersiniz? Önerdiğimiz gibi pilav ve cacık mı yoksa sadece iyi yapılmış bir mısır ekmeği mi? Haydi buyurun etsiz kuru fasulye tarifine!</p>
",recipe,"['tereyağı', 'tuz', 'toz şeker', 'su', 'domates salçası', 'kuru fasulye', 'orta boy kuru soğan', 'tatlı toz kırmızı biber', 'sıvı yağ']","['Kuru fasulye yemeği için 4 yemek kaşığı sıvı yağ ve 2 yemek kaşığı tereyağını derin bir tencereye aktarın ve kızdırın.1 adet yemeklik doğranmış kuru soğanı da ekleyin ve pembeleşinceye kadar kavurun.', 'Soğanlar kavrulduktan sonra 1 yemek kaşığı domates salçasını ekleyin ve kokusu çıkana kadar kavurun.', 'Son olarak bir gece önceden suda beklettiğiniz kuru fasulyeleri de tencereye ekleyin.', 'Sonra 1-2 dakika karıştırın ve 3 su bardağı su, 1 çay kaşığı kırmızı toz biber, 1 çay kaşığı tuz ve 1 çay kaşığı toz şekeri ekleyin, kapağını kapatıp fasulyeler yumuşayana kadar pişirin.', 'Tane tane pişmiş pirinç pilavı ile kuru fasulye yemeğini servis edin, afiyet olsun!']",BAKLİYAT,239b56,/tarif/bakliyat/,"['Ramazan', 'Video', 'Bakliyat']","['ekonomik', 'akşam yemeği', 'öğle yemeği']","['Öğle Yemeği', 'Akşam Yemeği']","['Tencere', 'Ocak']",['Ekonomik'],False,3000,1800,2019-05-06T08:22:00Z,4.0,1003156,4744,False,True,True,0,,0,,,,2015/11/kuru-fasulye-yemekcom.jpg,0,0,https://cdn.yemek.com/mnresize/940/940/uploads/2015/11/kuru-fasulye-yemekcom.jpg,940,940,False,https://cdn.yemek.com/mncrop/300/200/uploads/2015/11/kuru-fasulye-yemekcom.jpg,300,200,True,https://cdn.yemek.com/mncrop/940/625/uploads/2015/11/kuru-fasulye-yemekcom.jpg,940,625,True,https://cdn.yemek.com/mncrop/620/388/uploads/2015/11/kuru-fasulye-yemekcom.jpg,620,388,True,https://cdn.yemek.com/mncrop/600/315/uploads/2015/11/kuru-fasulye-yemekcom.jpg,600,315,True,,,,,,
683,11811,ipeksare,https://cdn.yemek.com/author/262494/20200820091315_avatar.jpg,/profil/ipeksare/,Tüm Sırlarıyla: Lokanta Usulü Mercimek Çorbası,Lokanta Usulü Mercimek Çorbası,/tarif/lokanta-usulu-mercimek-corbasi/,25 dk,15 dk,"<p>Soğuk kış günlerinde adeta bir hediye gibi değil midir, en yakın lokantanın mercimek çorbası... O an, bildiğimiz tüm <a href=""https://yemek.com/tarif/"" target=""_blank"">yemek tariflerinden</a> daha lezzetli gelmez mi, Müptelası değil miyiz?</p>
<p>Bu nefis lezzeti ev konforunda yaşayın istedik. Bu sefer soğuk kış günleri evde kendinizi lokanta usulü <a href=""https://yemek.com/tarif/corba/"" target=""_blank"">çorba</a>yla şımartın bizce. Eh önümüzde çetin bir kış bizi bekliyor. Sarı mercimeğin güzeller güzeli rengine... Hem blenderdan çekilip hem de süzgeçten süzülen pürüzsüz dokusuna saygı duruşunda bulunuyor ve tarifi sizinle buluşturuyoruz.</p>
<p>Her kaşığı afiyet, her kaşığı şifa olsun! <img src=""https://cdn.yemek.com/assets/images/smiley/smile.png"" class=""wp-smiley img-responsive"" /></p>
",recipe,"['tereyağı', 'tereyağı', 'sıcak su', 'tuz', 'pul biber', 'un', 'sarımsak', 'soğan', 'tavuk suyu', 'sarı mercimek']","['Mercimekleri bol suda yıkayın.Tereyağını eritin ve küp küp doğranmış soğanları ve ezilmiş sarımsakları kavurun.', 'Soğan ve sarımsak hafif kavrulunca unu ilave edin ve 2-3 dakika unu kavurun.', 'Çırpma teliyle unu çırpıyorken tavuk suyunu ilave edin.', 'Mercimekleri de ilave edin ve kalan sıcak suyu da ilave edip kaynamaya bırakın.', 'Su kaynayınca tuzu ilave edin ve mercimekler iyice yumuşayıncaya kadar pişirin. Kaynayan ve kıvamlanan çorbayı blenderdan geçirin.', 'Daha sonra ince delikli bir süzgeçten süzün ve pürüzsüz kıvama getirin.', 'Tereyağını eritin ve eriyen tereyağında pul biberi kavurun.Kaynayan çorbanın üzerine dökün ve tahta kaşık yardımıyla yağın çorbayla karışmasına yardımcı olun.', 'İşte bu kadar, afiyetler olsun!']",ÇORBA,,/tarif/corba/,"['Çorba', 'Ramazan', 'Bakliyat']","['pratik yemek tarifleri', 'ekonomik', 'başlangıç', 'akşam yemeği', 'öğle yemeği']","['Öğle Yemeği', 'Akşam Yemeği']",['Tencere'],['Ekonomik'],False,1500,900,2020-11-17T08:42:55Z,4.0,999436,4524,False,False,True,0,,0,,,,2016/10/lokanta-usulu-mercimek-corbasi-one-cikan-yeni.jpg,0,0,https://cdn.yemek.com/mnresize/940/940/uploads/2016/10/lokanta-usulu-mercimek-corbasi-one-cikan-yeni.jpg,940,940,False,https://cdn.yemek.com/mncrop/300/200/uploads/2016/10/lokanta-usulu-mercimek-corbasi-one-cikan-yeni.jpg,300,200,True,https://cdn.yemek.com/mncrop/940/625/uploads/2016/10/lokanta-usulu-mercimek-corbasi-one-cikan-yeni.jpg,940,625,True,https://cdn.yemek.com/mncrop/620/388/uploads/2016/10/lokanta-usulu-mercimek-corbasi-one-cikan-yeni.jpg,620,388,True,https://cdn.yemek.com/mncrop/600/315/uploads/2016/10/lokanta-usulu-mercimek-corbasi-one-cikan-yeni.jpg,600,315,True,"['tencere', 'vejetaryen', 'düşük karbonhidratlı', 'düşük kalorili']",greenLight,,,,
684,119,Yasemin Özaltın,https://cdn.yemek.com/author/35533/20181219061403_avatar.jpg,/profil/yasemingursurer/,Tam Ölçülü Mükemmel Lezzet: Şerbetli İrmik Tatlısı,Şerbetli İrmik Tatlısı,/tarif/serbetli-irmik-tatlisi/,1 sa,20 dk,"<p>İrmik tatlısının ne kadar efsane bir lezzet olduğuna değinmiş ve <a href=""https://yemek.com/tarif/irmik-tatlisi/"" target=""_blank"">irmik tatlısı tarifi</a>ni sizlerle paylaşmıştık. İrmik tatlısının lezzetini bir kat daha arttırmak ve damaklarda kalıcı bir tat bırakmak üzere bu sefer tarifine şerbet ekliyor ve fırında pişiriyoruz. <a href=""https://yemek.com/tarif/tatli/"" target=""_blank"">Tatlı tarifleri</a> arasında ona ayrı bir yer ayıracaksınız. <a href=""https://yemek.com/az-malzemeli-serbetli-tatlilar/"" target=""_blank"">Az malzemeli şerbetli tatlılar</a> arasında en çok sevilen tatlılardan biri olmaya da aday kendileri. Karşınızda çay saatlerinizin vazgeçilmezlerinden biri olacak şerbetli irmik tatlısı tarifi!</p>
<p>Mutfağa yeni yeni girmeye başlayanların bile kolaylıkla yapabileceği bir tarif üstelik. Sünger gibi kıvamı sayesinde tüm şerbetini içine çekiyor. Yumuşacık dokulu mükemmel bir lezzete dönüşüyor. Dilerseniz üzerine fıstık, file badem gibi malzemeler ilave ederek süsleyebilirsiniz. Çayınızın yanına hemen hazır! Şimdiden ellerinize sağlık.</p>
<p>Adım adım resimli ve videolu anlatımıyla irmik tatlısı <a href=""https://yemek.com/tarif/"" target=""_blank"">tarifi</a> karşınızda!</p>
<p>İrmikli tatlı tarifleri arasında özel bir yere koyacağınız <a href=""https://yemek.com/tarif/serbetli-tatlilar/"" target=""_blank"">şerbetli</a> irmik tatlısından sonra daha hafif bir alternatif isterseniz <a href=""https://yemek.com/tarif/sutlu-irmik-tatlisi/"" target=""_blank"">sütlü irmik tatlısına</a> da şans verebilirsiniz.</p>
",recipe,"['tereyağı', 'limon suyu', 'yumurta', 'toz şeker', 'toz şeker', 'süt', 'un', 'kabartma tozu', 'su', 'yoğurt', 'irmik', 'vanilin']","['3 adet yumurta, 9 yemek kaşığı toz şeker ve 1 çay bardağı yoğurdu derin bir kapta mikser yardımıyla toz şeker eriyene kadar çırpın.', '1 su bardağı süt, 1 paket vanilini ekleyin.', '1,5 su bardağı elenmiş un, 9 yemek kaşığı irmik ve 1 paket kabartma tozunu sırasıyla ekleyin.\xa0 Ardından güzelce karıştırın.', 'Fırın kabını tereyağı ile yağlayın ve tatlı harcını kalıba aldıktan sonra üzerini bir spatula yardımıyla düzeltin.', 'Tatlıyı önceden ısıtılmış 175 derece fırında 35 dakika kadar pişirin.', 'Tatlının şerbeti için; 2 su bardağı toz şeker ve 2 su bardağı suyu 10 dakika kadar kaynatın. 3-4 damla limon suyunu katın ve kaynayan şerbeti 5 dakika sonra ocaktan alın, ılınması için bekletin.', 'Fırından aldığınız sıcak tatlının üzerine ılık şerbeti dökün, şerbetini içine çekmesi için 10 dakika kadar bekledikten.', 'Sonra dilimleyin.', 'Ardından servis edin.\xa0Afiyet olsun!']",ŞERBETLİ TATLI,239b56,/tarif/serbetli-tatlilar/,"['Tatlı', 'Şerbetli Tatlı', 'Ramazan', 'Video']","['ekonomik', 'çay saati']",['Çay Saati'],"['Fırın', 'Tencere']","['Ekonomik', 'Vejetaryen']",False,3600,1200,2019-05-06T08:58:21Z,4.0,1133250,2164,False,True,True,0,,0,,,,2014/06/serbetli-irmik-tatlisi-yemekcom.jpg,0,0,https://cdn.yemek.com/mnresize/940/940/uploads/2014/06/serbetli-irmik-tatlisi-yemekcom.jpg,940,940,False,https://cdn.yemek.com/mncrop/300/200/uploads/2014/06/serbetli-irmik-tatlisi-yemekcom.jpg,300,200,True,https://cdn.yemek.com/mncrop/940/625/uploads/2014/06/serbetli-irmik-tatlisi-yemekcom.jpg,940,625,True,https://cdn.yemek.com/mncrop/620/388/uploads/2014/06/serbetli-irmik-tatlisi-yemekcom.jpg,620,388,True,https://cdn.yemek.com/mncrop/600/315/uploads/2014/06/serbetli-irmik-tatlisi-yemekcom.jpg,600,315,True,['fırın'],,,,,
685,1681,Yasemin Özaltın,https://cdn.yemek.com/author/35533/20181219061403_avatar.jpg,/profil/yasemingursurer/,En Pratik ve En Yumuşacık Kıvamlı: Ağlayan Pasta,Ağlayan Pasta,/tarif/aglayan-pasta/,25 dk,20 dk,"<p><a href=""https://yemek.com/tarif/kakaolu-islak-kek/"" target=""_blank"">Kakaolu ıslak kek</a> ya da <a href=""https://yemek.com/tarif/gercek-browni/"" target=""_blank"">brownie</a>'yi andıran kek tabanı üzerinde yer alan çırpılmış krem şanti ve akışkan çikolata sosla birlikte ağlayan pasta, oldukça davetkar! Yumuşacık keki, bol kakaolu <a href=""https://yemek.com/tarif/cikolata-sosu/#gref"">çikolata sosu</a> ve krem şantinin müthiş uyumuna şahit olacağınız bu kolay ve pratik, büyük tepside ağlayan pasta tarifini mutlaka denemelisiniz.</p>
<p>Tam kıvamında bir ağlayan pasta yapmak, o hafif ıslak dokusunu da yakalamak bazen bir hayli zor olabiliyor. Ama vereceğimiz nefis <a href=""https://yemek.com/tarif/"" target=""_blank"">tarifle</a> pastanızı kolaylıkla yapmanız mümkün. Biz klasik ağlayan pastaya kendi yorumumuzu katarak hazırladık. Siz de muhallebili ağlayan pasta,  kedi dili ağlayan pasta, çilekli ağlayan pasta, muzlu ağlayan pasta gibi farklı çeşitlerini tarifimizden yola çıkarak uyarlayabilirsiniz!</p>
<p>Küçükten büyüğe herkesin bayılarak tüketeceği, bol çikolatalı olmasına rağmen oldukça hafif olan, <a href=""https://yemek.com/tarif/pasta-tatli/"" target=""_blank"">pasta tariflerinin</a> en hüzünlüsü ağlayan pastanın videolu ve resimli tarifini aşağıya bırakıyoruz, sevdiklerinizle bu <a href=""https://yemek.com/tarif/tatli/"" target=""_blank"">tatlıyı</a> keyifle tüketmeniz dileğiyle <img src=""https://cdn.yemek.com/assets/images/smiley/smile.png"" class=""wp-smiley img-responsive"" /></p>
",recipe,"['tereyağı', 'yumurta', 'toz şeker', 'süt', 'süt', 'un', 'kabartma tozu', 'toz krem şanti', 'kakao', 'soğuk süt', 'portakal suyu', 'krema', 'bitter çikolata', 'sıvı yağ']","['Pastanın kekini hazırlamak için; karıştırma kabına alıp toz şeker ve yumurtayı aktarın.', 'Hafif beyaz bir renk alana kadar mikser yardımıyla karıştırın.', 'Süt ve ayçiçek yağı ekledikten sonra tüm sıvı malzemeleri kısa bir süre daha çırpın.', 'Un, kabartma tozu ve kakaoyu eleyin.', 'Harca ekleyin.', 'Kattığınız kek harcını mikser yardımıyla homojen bir hal alana kadar karıştırmayı sürdürün.', 'Portakal suyunu da ilave edip çırpın.', 'Isıya dayanıklı dikdörtgen bir fırın kabını tereyağıyla yağladıktan sonra kek harcını kaba aktarın. Önceden ısıtılmış 180 derece fırında yaklaşık\xa025 dakika kadar pişirin.', 'Pastanın kreması için; toz krem şantiyi, soğuk sütle çırptıktan sonra kıvam alması için buzdolabında bekletin.', 'Çikolata sosu hazırlamak için; bitter çikolatayı küçük küpler halinde kesin. Kaynatın. Soğuması için oda sıcaklığında dinlendirin.', 'Fırından çıkan kekin üzerine sütü azar azar gezdirin ve kekin içine çekmesi için kısa bir süre bekleyin.', 'Hazırladığınız krem şantiyi spatula yardımıyla kekin üzerine sürün.', 'Akışkan durumda olan oda sıcaklığındaki çikolata sosu pastanın üzerine gezdirdikten sonra dilimleyerek servis edin.', 'Üzerinden çikolata akan pastayı, arzu ettiğiniz gibi süsledikten sonra sevdiklerinizle paylaşın.']",PASTA,239b56,/tarif/pasta-tatli/,"['Tatlı', 'Pasta', 'Video']",['çay saati'],['Çay Saati'],"['Fırın', 'Tencere']",,False,1500,1200,2021-03-21T11:18:54Z,4.0,1109401,3523,False,True,True,0,,0,,,,2021/03/aglayan-pasta-yemekcom.jpg,0,0,https://cdn.yemek.com/mnresize/940/940/uploads/2021/03/aglayan-pasta-yemekcom.jpg,940,940,False,https://cdn.yemek.com/mncrop/300/200/uploads/2021/03/aglayan-pasta-yemekcom.jpg,300,200,True,https://cdn.yemek.com/mncrop/940/625/uploads/2021/03/aglayan-pasta-yemekcom.jpg,940,625,True,https://cdn.yemek.com/mncrop/620/388/uploads/2021/03/aglayan-pasta-yemekcom.jpg,620,388,True,https://cdn.yemek.com/mncrop/600/315/uploads/2021/03/aglayan-pasta-yemekcom.jpg,600,315,True,['fırın'],,,,,
686,773,evdekendinpisir,https://cdn.yemek.com/author/347367/20220304085040_avatar.jpg,/profil/evdekendinpisir/,Tam Ölçülü: Kalburabastı,Kalburabastı,/tarif/kalburabasti/,45 dk,30 dk,"<p><a href=""https://yemek.com/tarif/serbetli-tatlilarlar/"" target=""_blank"">Şerbetli tatlılar</a>dan olan kalburabastı tatlısı, ismini aldığı şeklinden dolayı hazırlaması zor gibi dursa da elinizin altında metal ya da hasır bir kalbur olduktan sonra gayet kolay aslında. <a href=""https://yemek.com/tarif/"" target=""_blank"">Yemek tariflerinin</a> tamamlayıcısı olan kalburabastı tatlı tarifini hazırlamak bu kadar basit aslında.</p>
<p>Bu nefis <a href=""https://yemek.com/tarif/tatli/"" target=""_blank"">tatlıyı</a> genelde <a href=""https://yemek.com/ramazan/"" target=""_blank"">ramazanda</a> ya da bayramda sofralarımıza konuk etmeyi çok seviyoruz ama bize kalırsa kalburabastı dilediğiniz her an mutfağınızda olmalı. Çünkü bu cevizli, irmikli ve <strong>ağızda dağılan</strong> <strong>kalburabastı tatlısı tarifi</strong> en kolay kalburabastı tariflerinden biri. Tabii sizin hamarat ellerinizden çıkması kaydıyla.</p>
<p>Unutmadan, kalbur yoksa rendenin kalın tarafını kullanabilirsiniz, aklınızda bulunsun.</p>
",recipe,"['limon suyu', 'yumurta', 'toz şeker', 'un', 'su', 'yoğurt', 'irmik', 'toz Antep fıstığı', 'limon', 'oda sıcaklığında tereyağı', 'ceviz içi', 'karbonat', 'sıvı yağ']","['Öncelikle şerbeti hazırlayın. Şeker ve suyu karıştırarak kaynamaya bırakın, kaynadıktan sonra limon suyu sıkarak kısık ateşte 10 dakika kadar kaynatmaya devam edin. Ardından ocaktan alıp ılınmaya bırakın.', 'Tatlı için, un hariç bütün malzemeleri bir araya getirin ve güzelce karıştırın.', 'Karbonatın üzerine limonu sıkın ve köpürmesini sağlayın.', 'Azar azar unu ilave edin. Kıvamına göre 3,5-4 su bardağı kadar alacaktır.', 'Ele yapışmayacak kıvama gelene kadar yoğurun.', 'Cevizden biraz daha büyük olacak şekilde parçalar koparın ve yuvarlayın. İsterseniz süzgeçte ya da kullandığımız gibi bir kesme aparatının üzerine b<span class=""il"">astı</span>rarak şekil almasını sağlayın.', 'Cevizi ortasına koyarak nazikçe birleştirin.', 'Fırın tepsinize dizin, önceden ısıtılmış fırında iyice kızarana kadar 25- 30 dakika pişirin.', 'Fırından çıkınca sıcak tatlının üzerine soğuk şerbeti dökün. Şerbeti iyice çekince servis edin. Afiyetler olsun.']",ŞERBETLİ TATLI,239b56,/tarif/serbetli-tatlilar/,"['Tatlı', 'Şerbetli Tatlı', 'Ramazan']",['çay saati'],['Çay Saati'],"['Fırın', 'Tencere']",,False,2700,1800,2022-04-27T11:10:50Z,3.0,1108463,2563,False,False,True,0,,0,,,,2022/04/kalburabasti-yeni-onecikan.jpg,0,0,https://cdn.yemek.com/mnresize/940/940/uploads/2022/04/kalburabasti-yeni-onecikan.jpg,940,940,False,https://cdn.yemek.com/mncrop/300/200/uploads/2022/04/kalburabasti-yeni-onecikan.jpg,300,200,True,https://cdn.yemek.com/mncrop/940/625/uploads/2022/04/kalburabasti-yeni-onecikan.jpg,940,625,True,https://cdn.yemek.com/mncrop/620/388/uploads/2022/04/kalburabasti-yeni-onecikan.jpg,620,388,True,https://cdn.yemek.com/mncrop/600/315/uploads/2022/04/kalburabasti-yeni-onecikan.jpg,600,315,True,,,,,,
687,696,Yasemin Özaltın,https://cdn.yemek.com/author/35533/20181219061403_avatar.jpg,/profil/yasemingursurer/,En Garanti Tarif: Tas Kebabı,Tas Kebabı,/tarif/tas-kebabi/,50 dk,20 dk,"<p>Suyuna ekmek banılacak yemekleri sevenler ve <a href=""https://yemek.com/tarif/et"" target=""_blank"">etten</a> vazgeçemeyenler için bir klasiktir tas kebabı tarifi. Olmazsa olmazı dana eti, soğan ve suyuna lezzet veren salçadır. Daha da bereketli ve doyurucu hale gelmesi adına içerisine patates ve havuç gibi kök sebzeler eklenir.</p>
<p>Kuşbaşı dana etiyle yapılan en güzel yemeklerden olan, sulu et yemeklerinin en sevileni tas kebabında etleri yumuşacık, lokum gibi pişiriyoruz. Tüm püf noktalarını da sesli olarak videomuzda adım adım anlatıyoruz.</p>
<p>Ayrıca sevdiğiniz baharatları eklemek ve lezzetine lezzet katmak elinizde. Tas kebabını çok sayıda rendelenmiş kuru soğan, salça ve belli başlı baharatlar ile de hazırlayanlar var, yok değil. Belki siz onlardan birisiniz ama tarifi bir de böyle deneyin, yorumlarınızı bizlerle paylaşın.</p>
<p>Küçük bir hatırlatma: Yanına da <a href=""https://yemek.com/tarif/pirinc-pilavi"" target=""_blank"">pirinç pilavı</a> yapmayı unutmayın.</p>
<p>Küçük bir hatırlatma daha, farklı yemek tarifleri için: <a href=""https://yemek.com/tarif/"" target=""_blank"">Yemek Tarifleri</a></p>
",recipe,"['tereyağı', 'sıcak su', 'tuz', 'ayçiçek yağı', 'un', 'sarımsak', 'orta boy havuç', 'orta boy patates', 'orta boy kuru soğan', 'tane karabiber', 'kuşbaşı dana eti', 'kaşığı domates salçası']","['1 yemek kaşığı sıvı yağ ve 2 yemek kaşığı tereyağını tencerede kızdırın.Üzerine 800 gram dana kuşbaşı etini ekleyin ve etler suyunu salıp çekene kadar\xa0kavurun.', 'Yemeklik doğranmış 1 adet soğanı ve 3 diş doğranmış sarımsağı da ekledikten sonra etlerle beraber kavurmaya devam edin.', 'Bu aşamada ekleyeceğiniz 1 yemek kaşığı unu, kokusu çıkana kadar yaklaşık 2-3 dakika etlerle birlikte kavurun. 1 tatlı kaşığı salçayı ekleyin ve karıştırın.', 'Ardından 1 tatlı kaşığı tuz, 1 adet küp doğranmış patates, 1 adet küp doğranmış havuç ve 1 çay kaşığı karabiberi de ekleyip 3 su bardağı su ilave\xa0edin.', 'Kapağını kapattığınız tencerede, kısık ateşte 30 dakika kadar pişirin.', 'Kıvamlı bir sos halini alan suyu ve sebzelerle birlikte pişen eti, sıcak olarak bekletmeden servis edin. Afiyetler olsun!']",ET,239b56,/tarif/et/,"['Et', 'Ramazan', 'Video']","['akşam yemeği', 'öğle yemeği']",['Akşam Yemeği'],['Ocak'],,False,3000,1200,2021-03-24T08:00:17Z,4.0,1107172,7329,False,True,True,0,,0,,,,2014/10/tas-kebabi-yemekcom.jpg,0,0,https://cdn.yemek.com/mnresize/940/940/uploads/2014/10/tas-kebabi-yemekcom.jpg,940,940,False,https://cdn.yemek.com/mncrop/300/200/uploads/2014/10/tas-kebabi-yemekcom.jpg,300,200,True,https://cdn.yemek.com/mncrop/940/625/uploads/2014/10/tas-kebabi-yemekcom.jpg,940,625,True,https://cdn.yemek.com/mncrop/620/388/uploads/2014/10/tas-kebabi-yemekcom.jpg,620,388,True,https://cdn.yemek.com/mncrop/600/315/uploads/2014/10/tas-kebabi-yemekcom.jpg,600,315,True,"['tencere', 'bol proteinli']",,,,,
688,304,Yasemin Özaltın,https://cdn.yemek.com/author/35533/20181219061403_avatar.jpg,/profil/yasemingursurer/,Kafelerde Yediklerinizden Farksız: Çikolatalı Sufle,Çikolatalı Sufle,/tarif/cikolatali-sufle/,10 dk,8 dk,"<p><a href=""https://yemek.com/tarif/cikolatali-tatlilar/"" target=""_blank"">Çikolatalı tatlıların</a> en kısa sürede pişenlerinden, akışkan içi sayesinde öncelikle görsel şölen yaşatan ve yedikçe yemek isteyeceğiniz sufleyi hazırlamak, püf noktalarını dikkatlice okursanız oldukça pratik. Böylece her seferinde dışarı çıkıp bir kafede yediğiniz o harika sufleyi evde kendiniz yapabilecek, <a href=""https://yemek.com/tarif/"" target=""_blank"">yemek tariflerinizin</a> yanında sunabileceksiniz.</p>
<p><a href=""https://yemek.com/tarif/tatli/"" target=""_blank"">Tatlı</a> tariflerinin en sevilenlerinden bu sufle tarifinde her kaşıkta çikolatanın yoğun lezzetini hissedecek, akışkan kıvamına her seferinde yeniden hayran olacaksınız.</p>
",recipe,"['tereyağı', 'tereyağı', 'tuz', 'yumurta', 'toz şeker', 'süt', 'un', 'kakao', 'pudra şekeri', 'bitter çikolata']","['125 mililitre sütü bir sos tenceresine alın ve kaynama noktasına gelinceye kadar ısıtın.', 'İçerisine çikolatayı ilave edin.\xa0Çikolata eridikten sonra ocaktan alın.', 'Ayrı bir sos tenceresinde 2 yemek kaşığı tereyağını eritin.', 'Üzerine 1,5 yemek kaşığı unu ilave ederek, kokusu çıkana kadar kavurun.', 'Unun kokusu çıktıktan sonra çikolatalı süt karışımının içerisine ilave edin ve 2 yemek kaşığı toz şekeri ilave ederek sürekli olarak karıştırın.', '3 adet yumurta sarılarını da ilave edin, 2 dakika daha karıştırdıktan sonra ocaktan alın ve soğumaya bırakın.', 'Derin bir kasede 3 adet yumurta beyazlarını bir çimdik tuz ile birlikte kaseyi ters çevirdiğinizde akmayacak kıvama gelinceye kadar çırpın.', 'Soğumuş olan çikolatalı karışım ile köpük haline gelmiş yumurta aklarını birleştirin ve spatula yardımıyla karıştırın.', 'Yağlanmış ve kakao ile kaplanmış sufle kaplarına bir parmak boşluk kalacak şekilde harcı bölüştürün ve önceden ısıtılmış 200 derece fırında 10 dakika pişirin.', 'Fırından çıkar çıkmaz üzerine pudra şekeri serpiştirip servis edin, afiyet olsun!']",ÇİKOLATALI TATLI,239b56,/tarif/cikolatali-tatlilar/,"['Tatlı', 'Video', 'Dünya Mutfakları', 'Çikolatalı Tatlı']","['ekonomik', 'ara öğün', 'çay saati']",['Çay Saati'],['Fırın'],,False,600,480,2022-03-25T08:05:24Z,4.0,1091967,8162,False,True,True,0,,0,,,,2014/09/cikolatali-sufle-yemekcom.jpg,0,0,https://cdn.yemek.com/mnresize/940/940/uploads/2014/09/cikolatali-sufle-yemekcom.jpg,940,940,False,https://cdn.yemek.com/mncrop/300/200/uploads/2014/09/cikolatali-sufle-yemekcom.jpg,300,200,True,https://cdn.yemek.com/mncrop/940/625/uploads/2014/09/cikolatali-sufle-yemekcom.jpg,940,625,True,https://cdn.yemek.com/mncrop/620/388/uploads/2014/09/cikolatali-sufle-yemekcom.jpg,620,388,True,https://cdn.yemek.com/mncrop/600/315/uploads/2014/09/cikolatali-sufle-yemekcom.jpg,600,315,True,['fırın'],,,['Fransa'],,
689,827,Yasemin Özaltın,https://cdn.yemek.com/author/35533/20181219061403_avatar.jpg,/profil/yasemingursurer/,Lokum Tadında: Et Sote,Et Sote,/tarif/et-sote/,50 dk,20 dk,"<p>''Etim pişirirken sertleşiyor'' sorununu çözmeye geliyor bu nefis <a href=""https://yemek.com/tarif/"" target=""_blank"">yemek tarifimiz</a>. <a href=""https://yemek.com/tarif/et"" target=""_blank"">Et tarifleri</a> arasında en klasiklerden sayılan et sote tarifi buyurun. Bu tarifle et sote denediğinizde pişirdiğiniz <strong>etler lokum kıvamında ve yumuşacık</strong> oluyor. Lezzet seviyesi içerisine konan domates, soğan ve biberle birlikte zirveye çıkıyor. Bu zamana kadar denediğiniz hiçbir et sote tarifinden bu denli iyi bir sonuç almadığınızdan eminiz. Karşınızda tüm püf noktaları ve lezzet sırlarıyla yumuşacık pişen et sote tarifi.</p>
<p>Etli yemeklerin en kolay ve en dikkatli şekilde pişirilmesi de şart olan tariflerinin başında geliyor kendileri. <strong>Yüksek ısıda mühürlemek</strong>, soğan ve domatesini mutlaka ilave etmek şart. Yanına bir pilav ve salatayla en şahane öğüne dönüşüyor. Adım adım resimli anlatımıyla et sote tarifimizi denemeye davetlisiniz.</p>
",recipe,"['biber salçası', 'sıcak su', 'tuz', 'zeytinyağı', 'domates salçası', 'kekik', 'taze çekilmiş tane karabiber', 'orta boy kuru soğan', 'orta boy domates', 'orta boy yeşil biber', 'sotelik dana eti']","['Döküm bir tavada 4 yemek kaşığı zeytinyağını kızdırın. 1 adet yemeklik ince doğradığınız soğanları tavaya ekleyin.', 'Renk alan soğanların üzerine 3 adet doğranmış yeşil biber ekleyin ve sotelemeye devam edin.', 'Sotelik doğradığınız 600 gram dana etini ilave edin.', 'Suyunu salmaması, lezzet ve vitamin değerini hapsetmesi için; yüksek ateşte, yaklaşık 2-3 dakika hiç karıştırmadan mühürleyin.', 'Dış kısmı renk alan etleri aralarda karıştırarak yüksek ateşte sotelemeye devam edin.', '3 adet soyulmuş, doğranmış domatesi\xa0ekleyerek karıştırın. Ardından 1 çay kaşığı tuz, karabiber, 1 tatlı kaşığı kekiği de ekleyin.', 'Bir tatlı kaşığı domates ve yarım tatlı kaşığı biber salçasını 1 su bardağı sıcak su ile sulandırdıktan sonra azar azar tavaya ekleyin.', 'Kısık ateşte etler yumuşayana kadar pişirin.', 'Etleri yumuşayan soteyi, lezzetli suyuyla birlikte servis tabaklarına alın ve sıcak sıcak servis edin. Afiyet olsun!']",ET,239b56,/tarif/et/,"['Et', 'Ramazan', 'Video']","['akşam yemeği', 'öğle yemeği']","['Öğle Yemeği', 'Akşam Yemeği']","['Tencere', 'Ocak']",['Ekonomik'],False,3000,1200,2021-06-27T08:43:24Z,4.0,1064923,6300,False,True,True,0,,0,,,,2014/10/etsote-yemekcom.jpg,0,0,https://cdn.yemek.com/mnresize/940/940/uploads/2014/10/etsote-yemekcom.jpg,940,940,False,https://cdn.yemek.com/mncrop/300/200/uploads/2014/10/etsote-yemekcom.jpg,300,200,True,https://cdn.yemek.com/mncrop/940/625/uploads/2014/10/etsote-yemekcom.jpg,940,625,True,https://cdn.yemek.com/mncrop/620/388/uploads/2014/10/etsote-yemekcom.jpg,620,388,True,https://cdn.yemek.com/mncrop/600/315/uploads/2014/10/etsote-yemekcom.jpg,600,315,True,"['tencere', 'bol proteinli', 'glutensiz']",,,,,
690,23805,Cemre Özgüzel,https://cdn.yemek.com/author/109/20200211010242_avatar.jpg,/profil/cemre-ozguzel/,İşin Sırrı Hamurunda: Pofuduk Poğaça,Pofuduk Poğaça,/tarif/pofuduk-pogaca/,25 dk,15 dk,"<p>Üzerine bastırdığınızda içine göçüp sonra hemencecik eski formuna dönen, iç dokusu yumuşacık bir <a href=""https://yemek.com/tarif/pogaca"" target=""_blank"">poğaçayı</a> misafir ediyoruz. Bu poğaçaların en önemli sırlarının başında içerisinde ılık malzemeler kullanmak geliyor. Kullanacağınız tüm sıvı malzemelerin ılık olması ve diğer malzemelerin oda sıcaklığına olması o pofuduk kıvamı yakalamanıza yardımcı oluyor.</p>
<p>En önemli ikinci püf noktası ise mayalandırma kısmı. Hamurunuzu önce oda sıcaklığında mayalandırın mutlaka. Şekil verdikten sonra bırakın biraz daha dinlensin, güzelleşsin. Yumuşacık kıvamının sırrı malzemelerse, pişerken puf puf olmasının sırrı mayalandırma işlemi. Bu noktalara dikkat edin, gerisini hiç düşünmeyin. <img src=""https://cdn.yemek.com/assets/images/smiley/wink.png"" class=""wp-smiley img-responsive"" /></p>
<p>Herkesin sırlarının peşinden koşacağı <a href=""https://yemek.com/tarif/"" target=""_blank"">tarif</a>imize bekleniyorsunuz.</p>
",recipe,"['tereyağı', 'tuz', 'yumurta', 'toz şeker', 'un', 'yumurta sarısı', 'ılık su', 'susam', 'ılık süt', 'instant maya']","['Tereyağını minik bir sos tenceresinin içerisinde eritin.', 'Erittikten sonra birkaç dakika soğumaya bırakın.', 'Soğuduktan sonra derin bir kabın içerisine ılık süt, yumurta, mayayı, suyun bir kısmı, ertilmiş tereyağı ve şekeri aktarın.', 'Güzelce karıştırdıktan sonra azar azar un ilave ederek yoğurmaya başlayın. Bu aşamada eğer ihtiyacınız varsa suyun geriye kalanını da ilave edin.\xa0 Tuzu da ekleyerek ele yapışmayan yumuşacık bir hamur elde edin.', 'Elde ettiğiniz hamuru temiz bir kaba aktarın ve üzerini streç film ile hava almayacak şekilde güzelce kapatın. 1 saat kadar oda sıcaklığında mayalandırın.', 'Mayalanan poğaçaları dilediğiniz iç harcı koyarak lezzetlendirin ya da sade bir biçimde şekil vererek yağlı kağıt serili fırın tepsisinin üzerine dizin.', 'Üzerini streç filme kapatın ve oda sıcaklığında 15-20 dakika kadar ikinci mayalandırma için bekletin.', 'Ardından üzerine yumurta sarısı sürün, susam serpin ve 180 derecede ısıtılmış fırında üzeri de kızarana kadar 20-25 dakika kadar pişirin.', 'Çıkarıp oda sıcaklığında bir süre dinlendirdikten sonra afiyetle tüketin.']",POĞAÇA,239b56,/tarif/pogaca/,"['Hamur İşi', 'Poğaça']",['çay saati'],"['Kahvaltı', 'Çay Saati']",['Fırın'],"['Ekonomik', 'Vejetaryen']",False,1500,900,2017-10-11T07:06:16Z,4.0,1016294,3366,False,False,False,0,,0,,,,2017/10/pofuduk-pogaca-tarifi.jpg,0,0,https://cdn.yemek.com/mnresize/940/940/uploads/2017/10/pofuduk-pogaca-tarifi.jpg,940,940,False,https://cdn.yemek.com/mncrop/300/200/uploads/2017/10/pofuduk-pogaca-tarifi.jpg,300,200,True,https://cdn.yemek.com/mncrop/940/625/uploads/2017/10/pofuduk-pogaca-tarifi.jpg,940,625,True,https://cdn.yemek.com/mncrop/620/388/uploads/2017/10/pofuduk-pogaca-tarifi.jpg,620,388,True,https://cdn.yemek.com/mncrop/600/315/uploads/2017/10/pofuduk-pogaca-tarifi.jpg,600,315,True,['fırın'],,,,,
691,154,Yasemin Özaltın,https://cdn.yemek.com/author/35533/20181219061403_avatar.jpg,/profil/yasemingursurer/,Tam Kıvamında: Tarhana Çorbası,Tarhana Çorbası,/tarif/tarhana-corbasi/,20 dk,5 dk,"<p>Bütün <a href=""https://yemek.com/tarif/"" target=""_blank"">yemek tarifleri</a> arasında tarhana çorbası hiç şüphesiz en çok Anadolu kokandır, toprak kokandır. Ekşilisi içilir, kahvaltıda içilir, akşam yemeğinde içilir, <a href=""https://yemek.com/ramazan"" target=""_blank"">sahurda</a> içilir.</p>
<p>Tarhana çorbası bir çorbanın alabileceği en güzel hallerden, <a href=""https://yemek.com/tarif/corba/"" target=""_blank"">çorba tariflerinden</a> en sevilenlerinden biridir. Dilerseniz <a href=""https://yemek.com/tarif/tarhana/"" target=""_blank"">ev tarhanasını</a> kendiniz de yapabilir, meşhur Maraş tarhanası tarifimize ise <a href=""https://yemek.com/tarif/maras-tarhanasi/"" target=""_blank"">şuradan</a> ulaşabilirsiniz. Ev yapımı mis gibi tarhana çorbasını yapmak üstelik toz tarhana çorbasını yapmaktan bile daha kolay.</p>
<p>Her birinin kendine has tarhana çorbası tarifi olan büyüklerimize saygılarımızı sunarak tarhana çorbası yapımını hem video hem de adım adım görselli olarak aşağıda paylaşıyoruz.</p>
",recipe,"['tereyağı', 'tuz', 'ayçiçek yağı', 'sarımsak', 'su', 'domates salçası', 'toz tarhana', 'kuru nane']","['Toz tarhanayı geniş bir karıştırma kasesine alın. Üzerine toz nane ve oda sıcaklığındaki 2 bardak suyu ekleyerek bir çırpıcı yardımıyla karıştırın. Tarhana yumuşayana dek, yaklaşık 15 dakika boyunca oda sıcaklığında yumuşamaya bırakın.', 'Bu sırada geniş bir tencereye sıvıyağ ve tereyağını ekleyip, orta ateşte eritmeye başlayın. Ezilmiş sarımsak ve salçayı ekleyerek kavurmaya başlayın.', 'Yumuşayan tarhana karışımını ekleyin, ardından tuzunu da ekleyin ve karıştırın.', 'Kalan 5 su bardağı suyu ve tencereye ekleyin. Ara ara karıştırarak koyulaşana dek pişirin.', 'Kaynayan çorbayı bekletmeden sıcak olarak servis edin. Pişirdikçe koyulaşan bir çorba olduğu için daha sonra tüketecekseniz üzerine su ilave etmenizi öneririz.', 'Afiyet olsun!']",ÇORBA,,/tarif/corba/,"['Çorba', 'Ramazan', 'Video']","['pratik yemek tarifleri', 'ekonomik', 'akşam yemeği', 'öğle yemeği']","['Öğle Yemeği', 'Akşam Yemeği']","['Tencere', 'Ocak']","['Ekonomik', 'Vejetaryen']",False,1200,300,2019-05-15T05:03:31Z,4.0,1005436,4753,False,True,True,0,,0,,,,2019/05/tarhana-corbasi-yemekcom.jpg,0,0,https://cdn.yemek.com/mnresize/940/940/uploads/2019/05/tarhana-corbasi-yemekcom.jpg,940,940,False,https://cdn.yemek.com/mncrop/300/200/uploads/2019/05/tarhana-corbasi-yemekcom.jpg,300,200,True,https://cdn.yemek.com/mncrop/940/625/uploads/2019/05/tarhana-corbasi-yemekcom.jpg,940,625,True,https://cdn.yemek.com/mncrop/620/388/uploads/2019/05/tarhana-corbasi-yemekcom.jpg,620,388,True,https://cdn.yemek.com/mncrop/600/315/uploads/2019/05/tarhana-corbasi-yemekcom.jpg,600,315,True,['tencere'],greenLight,,,,
692,454,Cemre Özgüzel,https://cdn.yemek.com/author/109/20200211010242_avatar.jpg,/profil/cemre-ozguzel/,Şeflerini Kıskandıran Tarif: Pastane Poğaçası,Pastane Poğaçası,/tarif/pastane-pogacasi/,25 dk,30 dk,"<p>Pastanelerden aldığınız, sabah kahvaltılarınızın en hızlı ve doyurucu kurtarıcısı olan nefis <a href=""https://yemek.com/tarif/pogaca/"" target=""_blank"">poğaçalar</a>... Biliyoruz dışarıdan alınca midenizde biraz ağırlık yapıyor, içerisindeki yağ oranı da sizi biraz düşündürüyor. Ancak bu tarifi evde çok daha ekonomik şekilde, çok daha hafif bir lezzette yapmak mümkün aslında. Bir gece önceden hazırladığınız pastane poğaçalarını yanınıza alarak ofis arkadaşlarınızı sevindirebilir, sıkışan trafiğe rağmen lezzetli ve sağlıklı bir kahvaltıdan ödün vermeden yol alabilir, akşam eve dönüşte çayın yanında tüketebilirsiniz. Uzun süre taze kalması da cabası. Karşınızda: Pastane poğaçası tarifi!</p>
<p>Pastane poğaçalarındaki o yumuşacık dokuyu bu tarifle rahatlıkla yakalamanız da mümkün. Şimdiden ellerinize sağlık diyor, evinin şeflerini mutfağa buyur ediyoruz.</p>
",recipe,"['tuz', 'toz şeker', 'un', 'su', 'yumurta sarısı', 'ılık su', 'kuru maya', 'ılık süt', 'sıvı yağ', 'sıvı yağ']","['Kuru maya ve toz şekeri bir kabın içerisine alın.', 'Üzerine ılık süt ve ılık suyu ilave ederek şeker eriyene kadar güzelce karıştırın.', 'Ardından sıvı yağı da ekleyerek karıştırmaya devam edin.', 'Üzerine azar azar un ilave etmeye başlayın. Bu aşamada tuzu da ekleyin. Unu çok kontrollü bir şekilde ilave ederek güzelce yoğurun.', 'Yumuşak kıvamda\xa0 bir hamur elde edin.', 'Üzerini streç filmle kapatarak oda sıcaklığında 40 dakika kadar mayalandırın. Eğer kış mevsiminde mayalandırma yapıyorsanız daha ılık bir ortamda 1 saat kadar mayalandırın.', 'Mayalanan hamurdan avuç içi büyüklüğünde bezeler elde ederek yuvarlak bir şekil verin. Dilerseniz bu aşamada içlerine harç da koyabilirsiniz.', 'Hazırladığınız hamurları yağlı kağıt serili fırın tepsisine dizin.', 'Yumurta sarısı, yağ ve suyu bir kapta karıştırın. Poğaçaların üzerine fırça yardımıyla sürün. Ardından da çatalla şekil verin.', '180 derecede önceden ısıtılmış fırında yaklaşık 25-30 dakika kadar üzeri kızarıp tam poğaçalar tam kabarana kadar pişirin. Ardından çıkarıp biraz dinlendirdikten sonra servis edin. Afiyetler olsun!']",POĞAÇA,239b56,/tarif/pogaca/,"['Hamur İşi', 'Kahvaltılık', 'Poğaça']","['ekonomik', 'kahvaltı', 'çay saati']","['Kahvaltı', 'Çay Saati']",['Fırın'],['Ekonomik'],False,1500,1800,2020-03-02T06:45:54Z,4.0,1005135,4161,False,False,True,0,,0,,,,2020/03/pastane-pogacasi-one-cikan-yeni.jpg,0,0,https://cdn.yemek.com/mnresize/940/940/uploads/2020/03/pastane-pogacasi-one-cikan-yeni.jpg,940,940,False,https://cdn.yemek.com/mncrop/300/200/uploads/2020/03/pastane-pogacasi-one-cikan-yeni.jpg,300,200,True,https://cdn.yemek.com/mncrop/940/625/uploads/2020/03/pastane-pogacasi-one-cikan-yeni.jpg,940,625,True,https://cdn.yemek.com/mncrop/620/388/uploads/2020/03/pastane-pogacasi-one-cikan-yeni.jpg,620,388,True,https://cdn.yemek.com/mncrop/600/315/uploads/2020/03/pastane-pogacasi-one-cikan-yeni.jpg,600,315,True,['fırın'],,,,,
693,3400,Yasemin Özaltın,https://cdn.yemek.com/author/35533/20181219061403_avatar.jpg,/profil/yasemingursurer/,Püf Noktalarıyla: Kuru Fasulye,Kuru Fasulye,/tarif/kuru-fasulye/,50 dk,30 dk,"<p>Geleneksel sofralarımızın, mutfağımızın sahip olduğu tüm <a href=""https://yemek.com/tarif/"" target=""_blank"">yemek tariflerinin</a> baş tacıdır aslında kuru fasulye. Tarifte yer alan kuru fasulyeler, cinsi ve önerilen pişirme süresine göre bir gece önceden ılık suya basılır. Sıvı yağda kavrulmuş kuru soğan, salça ve toz kırmızı bibere eklenen haşlanmış kuru fasulyeler, kabuk atmaması için kısık ateşte pişirilir. Ona en çok yakışan <a href=""https://yemek.com/tarif/bulgur-pilavi/"" target=""_blank"">bulgur pilavı </a>ya da <a href=""https://yemek.com/tarif/tereyagli-pilav/"" target=""_blank"">tereyağlı pirinç pilavı </a>eşliğinde soğuk ya da sıcak olarak servis edilir.</p>
<p>Yaz sofralarında kuru nane eşlik eder ona yanına buz gibi bir kase <a href=""https://yemek.com/tarif/cacik/"" target=""_blank"">cacık</a>. Sizin anlayacağınız mevsimsizdir kuru fasulye ve damaklarda kalan tadına doyum olmaz.</p>
<p><strong>Kuru fasulye tarifi</strong>ni hazırladık hazırlamasına da yanında ne olsun istersiniz? Önerdiğimiz gibi pilav ve cacık mı yoksa sadece iyi yapılmış bir mısır ekmeği mi? Haydi buyurun etsiz kuru fasulye tarifine!</p>
",recipe,"['tereyağı', 'tuz', 'toz şeker', 'su', 'domates salçası', 'kuru fasulye', 'orta boy kuru soğan', 'tatlı toz kırmızı biber', 'sıvı yağ']","['Kuru fasulye yemeği için 4 yemek kaşığı sıvı yağ ve 2 yemek kaşığı tereyağını derin bir tencereye aktarın ve kızdırın.1 adet yemeklik doğranmış kuru soğanı da ekleyin ve pembeleşinceye kadar kavurun.', 'Soğanlar kavrulduktan sonra 1 yemek kaşığı domates salçasını ekleyin ve kokusu çıkana kadar kavurun.', 'Son olarak bir gece önceden suda beklettiğiniz kuru fasulyeleri de tencereye ekleyin.', 'Sonra 1-2 dakika karıştırın ve 3 su bardağı su, 1 çay kaşığı kırmızı toz biber, 1 çay kaşığı tuz ve 1 çay kaşığı toz şekeri ekleyin, kapağını kapatıp fasulyeler yumuşayana kadar pişirin.', 'Tane tane pişmiş pirinç pilavı ile kuru fasulye yemeğini servis edin, afiyet olsun!']",BAKLİYAT,239b56,/tarif/bakliyat/,"['Ramazan', 'Video', 'Bakliyat']","['ekonomik', 'akşam yemeği', 'öğle yemeği']","['Öğle Yemeği', 'Akşam Yemeği']","['Tencere', 'Ocak']",['Ekonomik'],False,3000,1800,2019-05-06T08:22:00Z,4.0,1003156,4744,False,True,True,0,,0,,,,2015/11/kuru-fasulye-yemekcom.jpg,0,0,https://cdn.yemek.com/mnresize/940/940/uploads/2015/11/kuru-fasulye-yemekcom.jpg,940,940,False,https://cdn.yemek.com/mncrop/300/200/uploads/2015/11/kuru-fasulye-yemekcom.jpg,300,200,True,https://cdn.yemek.com/mncrop/940/625/uploads/2015/11/kuru-fasulye-yemekcom.jpg,940,625,True,https://cdn.yemek.com/mncrop/620/388/uploads/2015/11/kuru-fasulye-yemekcom.jpg,620,388,True,https://cdn.yemek.com/mncrop/600/315/uploads/2015/11/kuru-fasulye-yemekcom.jpg,600,315,True,,,,,,
694,11811,ipeksare,https://cdn.yemek.com/author/262494/20200820091315_avatar.jpg,/profil/ipeksare/,Tüm Sırlarıyla: Lokanta Usulü Mercimek Çorbası,Lokanta Usulü Mercimek Çorbası,/tarif/lokanta-usulu-mercimek-corbasi/,25 dk,15 dk,"<p>Soğuk kış günlerinde adeta bir hediye gibi değil midir, en yakın lokantanın mercimek çorbası... O an, bildiğimiz tüm <a href=""https://yemek.com/tarif/"" target=""_blank"">yemek tariflerinden</a> daha lezzetli gelmez mi, Müptelası değil miyiz?</p>
<p>Bu nefis lezzeti ev konforunda yaşayın istedik. Bu sefer soğuk kış günleri evde kendinizi lokanta usulü <a href=""https://yemek.com/tarif/corba/"" target=""_blank"">çorba</a>yla şımartın bizce. Eh önümüzde çetin bir kış bizi bekliyor. Sarı mercimeğin güzeller güzeli rengine... Hem blenderdan çekilip hem de süzgeçten süzülen pürüzsüz dokusuna saygı duruşunda bulunuyor ve tarifi sizinle buluşturuyoruz.</p>
<p>Her kaşığı afiyet, her kaşığı şifa olsun! <img src=""https://cdn.yemek.com/assets/images/smiley/smile.png"" class=""wp-smiley img-responsive"" /></p>
",recipe,"['tereyağı', 'tereyağı', 'sıcak su', 'tuz', 'pul biber', 'un', 'sarımsak', 'soğan', 'tavuk suyu', 'sarı mercimek']","['Mercimekleri bol suda yıkayın.Tereyağını eritin ve küp küp doğranmış soğanları ve ezilmiş sarımsakları kavurun.', 'Soğan ve sarımsak hafif kavrulunca unu ilave edin ve 2-3 dakika unu kavurun.', 'Çırpma teliyle unu çırpıyorken tavuk suyunu ilave edin.', 'Mercimekleri de ilave edin ve kalan sıcak suyu da ilave edip kaynamaya bırakın.', 'Su kaynayınca tuzu ilave edin ve mercimekler iyice yumuşayıncaya kadar pişirin. Kaynayan ve kıvamlanan çorbayı blenderdan geçirin.', 'Daha sonra ince delikli bir süzgeçten süzün ve pürüzsüz kıvama getirin.', 'Tereyağını eritin ve eriyen tereyağında pul biberi kavurun.Kaynayan çorbanın üzerine dökün ve tahta kaşık yardımıyla yağın çorbayla karışmasına yardımcı olun.', 'İşte bu kadar, afiyetler olsun!']",ÇORBA,,/tarif/corba/,"['Çorba', 'Ramazan', 'Bakliyat']","['pratik yemek tarifleri', 'ekonomik', 'başlangıç', 'akşam yemeği', 'öğle yemeği']","['Öğle Yemeği', 'Akşam Yemeği']",['Tencere'],['Ekonomik'],False,1500,900,2020-11-17T08:42:55Z,4.0,999436,4524,False,False,True,0,,0,,,,2016/10/lokanta-usulu-mercimek-corbasi-one-cikan-yeni.jpg,0,0,https://cdn.yemek.com/mnresize/940/940/uploads/2016/10/lokanta-usulu-mercimek-corbasi-one-cikan-yeni.jpg,940,940,False,https://cdn.yemek.com/mncrop/300/200/uploads/2016/10/lokanta-usulu-mercimek-corbasi-one-cikan-yeni.jpg,300,200,True,https://cdn.yemek.com/mncrop/940/625/uploads/2016/10/lokanta-usulu-mercimek-corbasi-one-cikan-yeni.jpg,940,625,True,https://cdn.yemek.com/mncrop/620/388/uploads/2016/10/lokanta-usulu-mercimek-corbasi-one-cikan-yeni.jpg,620,388,True,https://cdn.yemek.com/mncrop/600/315/uploads/2016/10/lokanta-usulu-mercimek-corbasi-one-cikan-yeni.jpg,600,315,True,"['tencere', 'vejetaryen', 'düşük karbonhidratlı', 'düşük kalorili']",greenLight,,,,
695,122,Neşe Ümit Tan,https://cdn.yemek.com/author/208653/20190910030615_avatar.jpg,/profil/neseumit/,Rengi de Mükemmel: Ayva Tatlısı,Ayva Tatlısı,/tarif/ayva-tatlisi/,1 sa,20 dk,"<p>Kışın sert ve uzun geçeceğinin habercisi olan <a href=""https://yemek.com/tarif/ayva-receli/"" target=""_blank"">ayva</a>, aynı zamanda keyifli bir <a href=""https://yemek.com/tarif/tatli/"" target=""_blank"">tatlı</a> malzemesi. Ayva tatlısı hazırlamak ve yemek sonrası tatlı keyfini şölene dönüştürmek için; ayvanın aromasını arttıracak birkaç ürün yeterli. Sevdiklerinize sunacağınız bu <a href=""https://yemek.com/en-fazla-5-malzemeli-pratik-tatli-tarifleri/"" target=""_blank"">pratik tatlı tarifi</a> ile kış gelsin ve bitmesin isteyeceksiniz. Ayvanın kendisini, reçelini sevmeyenler hazır olun; biliyoruz ki bu tatlıyı seveceksiniz!</p>
<p>Ayva <a href=""https://yemek.com/tarif/tatli/"" target=""_blank"">tatlısını</a> tencerede, en doğal haliyle hazırladık. Gıda boyası kullanmadan doğan renginde ve üzerine de nefis bir kaymak koyarak servis ettik. Hafifliğiyle <a href=""https://yemek.com/tarif/serbetli-tatlilar/"" target=""_blank"">şerbetli bir tatlı</a> olduğuna inanamayacaksınız. Kış bitmeden ayva tatlısı <a href=""https://yemek.com/tarif/"" target=""_blank"">tarif</a>ini denemeyen kalmasın!</p>
",recipe,"['toz şeker', 'su', 'büyük boy ayva', 'çubuk tarçın', 'karanfil', 'kaymak', 'toz Antep fıstığı', 'vişne suyu', 'limonun suyu']","['Bol suda yıkadığınız ayvaların kabuklarını soyun ve ortadan ikiye kesin. Kararmaması için limonlu su içine kabuklarıyla birlikte yerleştirin. Ayva çekirdeklerini daha sonra kullanmak üzere bir kenara ayırın.', 'Geniş tabanlı bir tencereye tek sıra halinde dizdiğiniz her bir ayvanın üzerine tepeleme 2 yemek kaşığı toz şeker ekleyin. Ardından su, limon suyu, ayva çekirdekleri, ayva kabukları ve baharatlarını de tencereye yerleştirin.', 'Tencereyi ocağa alın ve orta ateşte su kaynayınca dek pişirin.', 'Kaynayan suya vişne suyunu da ilave edin ve tencerenin kapağını kapatarak kısık ateşte pişmeye bırakın.', 'Yaklaşık bir saat sonra suyunu iyice çekip renk alan ayvaları bir bıçakla yardımıyla pişip pişmediğini kontrol edin. Pişmişse\xa0ilk sıcaklığının geçmesi\xa0için ocaktan alın ve dinlenmeye bırakın.', 'Pişen ayvaları servis tabağına alın ve tencerede kalan şerbetinden hafifçe üzerine sürün. Kaymak ve toz Antep fıstığı ilavesiyle ılık ya da soğuk olarak tatlıları servis edin.']",MEYVELİ TATLI,239b56,/tarif/meyveli-tatlilar/,"['Tatlı', 'Şerbetli Tatlı', 'Meyveli Tatlı', 'Mevsiminde']","['ekonomik', 'ara öğün']",['Çay Saati'],['Tencere'],"['Glutensiz', 'Vejetaryen', 'Düşük Karbonhidratlı']",False,3600,1200,2019-11-05T11:14:53Z,4.0,977390,1237,False,False,True,0,,0,,,,2014/06/ayva-tatlisi-buyuk-yemekcom.jpg,0,0,https://cdn.yemek.com/mnresize/940/940/uploads/2014/06/ayva-tatlisi-buyuk-yemekcom.jpg,940,940,False,https://cdn.yemek.com/mncrop/300/200/uploads/2014/06/ayva-tatlisi-buyuk-yemekcom.jpg,300,200,True,https://cdn.yemek.com/mncrop/940/625/uploads/2014/06/ayva-tatlisi-buyuk-yemekcom.jpg,940,625,True,https://cdn.yemek.com/mncrop/620/388/uploads/2014/06/ayva-tatlisi-buyuk-yemekcom.jpg,620,388,True,https://cdn.yemek.com/mncrop/600/315/uploads/2014/06/ayva-tatlisi-buyuk-yemekcom.jpg,600,315,True,"['tencere', 'vejetaryen', 'glutensiz']",,"['Ocak', 'Şubat', 'Kasım', 'Aralık']",,,
696,1681,Yasemin Özaltın,https://cdn.yemek.com/author/35533/20181219061403_avatar.jpg,/profil/yasemingursurer/,En Pratik ve En Yumuşacık Kıvamlı: Ağlayan Pasta,Ağlayan Pasta,/tarif/aglayan-pasta/,25 dk,20 dk,"<p><a href=""https://yemek.com/tarif/kakaolu-islak-kek/"" target=""_blank"">Kakaolu ıslak kek</a> ya da <a href=""https://yemek.com/tarif/gercek-browni/"" target=""_blank"">brownie</a>'yi andıran kek tabanı üzerinde yer alan çırpılmış krem şanti ve akışkan çikolata sosla birlikte ağlayan pasta, oldukça davetkar! Yumuşacık keki, bol kakaolu <a href=""https://yemek.com/tarif/cikolata-sosu/#gref"">çikolata sosu</a> ve krem şantinin müthiş uyumuna şahit olacağınız bu kolay ve pratik, büyük tepside ağlayan pasta tarifini mutlaka denemelisiniz.</p>
<p>Tam kıvamında bir ağlayan pasta yapmak, o hafif ıslak dokusunu da yakalamak bazen bir hayli zor olabiliyor. Ama vereceğimiz nefis <a href=""https://yemek.com/tarif/"" target=""_blank"">tarifle</a> pastanızı kolaylıkla yapmanız mümkün. Biz klasik ağlayan pastaya kendi yorumumuzu katarak hazırladık. Siz de muhallebili ağlayan pasta,  kedi dili ağlayan pasta, çilekli ağlayan pasta, muzlu ağlayan pasta gibi farklı çeşitlerini tarifimizden yola çıkarak uyarlayabilirsiniz!</p>
<p>Küçükten büyüğe herkesin bayılarak tüketeceği, bol çikolatalı olmasına rağmen oldukça hafif olan, <a href=""https://yemek.com/tarif/pasta-tatli/"" target=""_blank"">pasta tariflerinin</a> en hüzünlüsü ağlayan pastanın videolu ve resimli tarifini aşağıya bırakıyoruz, sevdiklerinizle bu <a href=""https://yemek.com/tarif/tatli/"" target=""_blank"">tatlıyı</a> keyifle tüketmeniz dileğiyle <img src=""https://cdn.yemek.com/assets/images/smiley/smile.png"" class=""wp-smiley img-responsive"" /></p>
",recipe,"['tereyağı', 'yumurta', 'toz şeker', 'süt', 'süt', 'un', 'kabartma tozu', 'toz krem şanti', 'kakao', 'soğuk süt', 'portakal suyu', 'krema', 'bitter çikolata', 'sıvı yağ']","['Pastanın kekini hazırlamak için; karıştırma kabına alıp toz şeker ve yumurtayı aktarın.', 'Hafif beyaz bir renk alana kadar mikser yardımıyla karıştırın.', 'Süt ve ayçiçek yağı ekledikten sonra tüm sıvı malzemeleri kısa bir süre daha çırpın.', 'Un, kabartma tozu ve kakaoyu eleyin.', 'Harca ekleyin.', 'Kattığınız kek harcını mikser yardımıyla homojen bir hal alana kadar karıştırmayı sürdürün.', 'Portakal suyunu da ilave edip çırpın.', 'Isıya dayanıklı dikdörtgen bir fırın kabını tereyağıyla yağladıktan sonra kek harcını kaba aktarın. Önceden ısıtılmış 180 derece fırında yaklaşık\xa025 dakika kadar pişirin.', 'Pastanın kreması için; toz krem şantiyi, soğuk sütle çırptıktan sonra kıvam alması için buzdolabında bekletin.', 'Çikolata sosu hazırlamak için; bitter çikolatayı küçük küpler halinde kesin. Kaynatın. Soğuması için oda sıcaklığında dinlendirin.', 'Fırından çıkan kekin üzerine sütü azar azar gezdirin ve kekin içine çekmesi için kısa bir süre bekleyin.', 'Hazırladığınız krem şantiyi spatula yardımıyla kekin üzerine sürün.', 'Akışkan durumda olan oda sıcaklığındaki çikolata sosu pastanın üzerine gezdirdikten sonra dilimleyerek servis edin.', 'Üzerinden çikolata akan pastayı, arzu ettiğiniz gibi süsledikten sonra sevdiklerinizle paylaşın.']",PASTA,239b56,/tarif/pasta-tatli/,"['Tatlı', 'Pasta', 'Video']",['çay saati'],['Çay Saati'],"['Fırın', 'Tencere']",,False,1500,1200,2021-03-21T11:18:54Z,4.0,1109401,3523,False,True,True,0,,0,,,,2021/03/aglayan-pasta-yemekcom.jpg,0,0,https://cdn.yemek.com/mnresize/940/940/uploads/2021/03/aglayan-pasta-yemekcom.jpg,940,940,False,https://cdn.yemek.com/mncrop/300/200/uploads/2021/03/aglayan-pasta-yemekcom.jpg,300,200,True,https://cdn.yemek.com/mncrop/940/625/uploads/2021/03/aglayan-pasta-yemekcom.jpg,940,625,True,https://cdn.yemek.com/mncrop/620/388/uploads/2021/03/aglayan-pasta-yemekcom.jpg,620,388,True,https://cdn.yemek.com/mncrop/600/315/uploads/2021/03/aglayan-pasta-yemekcom.jpg,600,315,True,['fırın'],,,,,
697,773,evdekendinpisir,https://cdn.yemek.com/author/347367/20220304085040_avatar.jpg,/profil/evdekendinpisir/,Tam Ölçülü: Kalburabastı,Kalburabastı,/tarif/kalburabasti/,45 dk,30 dk,"<p><a href=""https://yemek.com/tarif/serbetli-tatlilarlar/"" target=""_blank"">Şerbetli tatlılar</a>dan olan kalburabastı tatlısı, ismini aldığı şeklinden dolayı hazırlaması zor gibi dursa da elinizin altında metal ya da hasır bir kalbur olduktan sonra gayet kolay aslında. <a href=""https://yemek.com/tarif/"" target=""_blank"">Yemek tariflerinin</a> tamamlayıcısı olan kalburabastı tatlı tarifini hazırlamak bu kadar basit aslında.</p>
<p>Bu nefis <a href=""https://yemek.com/tarif/tatli/"" target=""_blank"">tatlıyı</a> genelde <a href=""https://yemek.com/ramazan/"" target=""_blank"">ramazanda</a> ya da bayramda sofralarımıza konuk etmeyi çok seviyoruz ama bize kalırsa kalburabastı dilediğiniz her an mutfağınızda olmalı. Çünkü bu cevizli, irmikli ve <strong>ağızda dağılan</strong> <strong>kalburabastı tatlısı tarifi</strong> en kolay kalburabastı tariflerinden biri. Tabii sizin hamarat ellerinizden çıkması kaydıyla.</p>
<p>Unutmadan, kalbur yoksa rendenin kalın tarafını kullanabilirsiniz, aklınızda bulunsun.</p>
",recipe,"['limon suyu', 'yumurta', 'toz şeker', 'un', 'su', 'yoğurt', 'irmik', 'toz Antep fıstığı', 'limon', 'oda sıcaklığında tereyağı', 'ceviz içi', 'karbonat', 'sıvı yağ']","['Öncelikle şerbeti hazırlayın. Şeker ve suyu karıştırarak kaynamaya bırakın, kaynadıktan sonra limon suyu sıkarak kısık ateşte 10 dakika kadar kaynatmaya devam edin. Ardından ocaktan alıp ılınmaya bırakın.', 'Tatlı için, un hariç bütün malzemeleri bir araya getirin ve güzelce karıştırın.', 'Karbonatın üzerine limonu sıkın ve köpürmesini sağlayın.', 'Azar azar unu ilave edin. Kıvamına göre 3,5-4 su bardağı kadar alacaktır.', 'Ele yapışmayacak kıvama gelene kadar yoğurun.', 'Cevizden biraz daha büyük olacak şekilde parçalar koparın ve yuvarlayın. İsterseniz süzgeçte ya da kullandığımız gibi bir kesme aparatının üzerine b<span class=""il"">astı</span>rarak şekil almasını sağlayın.', 'Cevizi ortasına koyarak nazikçe birleştirin.', 'Fırın tepsinize dizin, önceden ısıtılmış fırında iyice kızarana kadar 25- 30 dakika pişirin.', 'Fırından çıkınca sıcak tatlının üzerine soğuk şerbeti dökün. Şerbeti iyice çekince servis edin. Afiyetler olsun.']",ŞERBETLİ TATLI,239b56,/tarif/serbetli-tatlilar/,"['Tatlı', 'Şerbetli Tatlı', 'Ramazan']",['çay saati'],['Çay Saati'],"['Fırın', 'Tencere']",,False,2700,1800,2022-04-27T11:10:50Z,3.0,1108463,2563,False,False,True,0,,0,,,,2022/04/kalburabasti-yeni-onecikan.jpg,0,0,https://cdn.yemek.com/mnresize/940/940/uploads/2022/04/kalburabasti-yeni-onecikan.jpg,940,940,False,https://cdn.yemek.com/mncrop/300/200/uploads/2022/04/kalburabasti-yeni-onecikan.jpg,300,200,True,https://cdn.yemek.com/mncrop/940/625/uploads/2022/04/kalburabasti-yeni-onecikan.jpg,940,625,True,https://cdn.yemek.com/mncrop/620/388/uploads/2022/04/kalburabasti-yeni-onecikan.jpg,620,388,True,https://cdn.yemek.com/mncrop/600/315/uploads/2022/04/kalburabasti-yeni-onecikan.jpg,600,315,True,,,,,,
698,696,Yasemin Özaltın,https://cdn.yemek.com/author/35533/20181219061403_avatar.jpg,/profil/yasemingursurer/,En Garanti Tarif: Tas Kebabı,Tas Kebabı,/tarif/tas-kebabi/,50 dk,20 dk,"<p>Suyuna ekmek banılacak yemekleri sevenler ve <a href=""https://yemek.com/tarif/et"" target=""_blank"">etten</a> vazgeçemeyenler için bir klasiktir tas kebabı tarifi. Olmazsa olmazı dana eti, soğan ve suyuna lezzet veren salçadır. Daha da bereketli ve doyurucu hale gelmesi adına içerisine patates ve havuç gibi kök sebzeler eklenir.</p>
<p>Kuşbaşı dana etiyle yapılan en güzel yemeklerden olan, sulu et yemeklerinin en sevileni tas kebabında etleri yumuşacık, lokum gibi pişiriyoruz. Tüm püf noktalarını da sesli olarak videomuzda adım adım anlatıyoruz.</p>
<p>Ayrıca sevdiğiniz baharatları eklemek ve lezzetine lezzet katmak elinizde. Tas kebabını çok sayıda rendelenmiş kuru soğan, salça ve belli başlı baharatlar ile de hazırlayanlar var, yok değil. Belki siz onlardan birisiniz ama tarifi bir de böyle deneyin, yorumlarınızı bizlerle paylaşın.</p>
<p>Küçük bir hatırlatma: Yanına da <a href=""https://yemek.com/tarif/pirinc-pilavi"" target=""_blank"">pirinç pilavı</a> yapmayı unutmayın.</p>
<p>Küçük bir hatırlatma daha, farklı yemek tarifleri için: <a href=""https://yemek.com/tarif/"" target=""_blank"">Yemek Tarifleri</a></p>
",recipe,"['tereyağı', 'sıcak su', 'tuz', 'ayçiçek yağı', 'un', 'sarımsak', 'orta boy havuç', 'orta boy patates', 'orta boy kuru soğan', 'tane karabiber', 'kuşbaşı dana eti', 'kaşığı domates salçası']","['1 yemek kaşığı sıvı yağ ve 2 yemek kaşığı tereyağını tencerede kızdırın.Üzerine 800 gram dana kuşbaşı etini ekleyin ve etler suyunu salıp çekene kadar\xa0kavurun.', 'Yemeklik doğranmış 1 adet soğanı ve 3 diş doğranmış sarımsağı da ekledikten sonra etlerle beraber kavurmaya devam edin.', 'Bu aşamada ekleyeceğiniz 1 yemek kaşığı unu, kokusu çıkana kadar yaklaşık 2-3 dakika etlerle birlikte kavurun. 1 tatlı kaşığı salçayı ekleyin ve karıştırın.', 'Ardından 1 tatlı kaşığı tuz, 1 adet küp doğranmış patates, 1 adet küp doğranmış havuç ve 1 çay kaşığı karabiberi de ekleyip 3 su bardağı su ilave\xa0edin.', 'Kapağını kapattığınız tencerede, kısık ateşte 30 dakika kadar pişirin.', 'Kıvamlı bir sos halini alan suyu ve sebzelerle birlikte pişen eti, sıcak olarak bekletmeden servis edin. Afiyetler olsun!']",ET,239b56,/tarif/et/,"['Et', 'Ramazan', 'Video']","['akşam yemeği', 'öğle yemeği']",['Akşam Yemeği'],['Ocak'],,False,3000,1200,2021-03-24T08:00:17Z,4.0,1107172,7329,False,True,True,0,,0,,,,2014/10/tas-kebabi-yemekcom.jpg,0,0,https://cdn.yemek.com/mnresize/940/940/uploads/2014/10/tas-kebabi-yemekcom.jpg,940,940,False,https://cdn.yemek.com/mncrop/300/200/uploads/2014/10/tas-kebabi-yemekcom.jpg,300,200,True,https://cdn.yemek.com/mncrop/940/625/uploads/2014/10/tas-kebabi-yemekcom.jpg,940,625,True,https://cdn.yemek.com/mncrop/620/388/uploads/2014/10/tas-kebabi-yemekcom.jpg,620,388,True,https://cdn.yemek.com/mncrop/600/315/uploads/2014/10/tas-kebabi-yemekcom.jpg,600,315,True,"['tencere', 'bol proteinli']",,,,,
699,304,Yasemin Özaltın,https://cdn.yemek.com/author/35533/20181219061403_avatar.jpg,/profil/yasemingursurer/,Kafelerde Yediklerinizden Farksız: Çikolatalı Sufle,Çikolatalı Sufle,/tarif/cikolatali-sufle/,10 dk,8 dk,"<p><a href=""https://yemek.com/tarif/cikolatali-tatlilar/"" target=""_blank"">Çikolatalı tatlıların</a> en kısa sürede pişenlerinden, akışkan içi sayesinde öncelikle görsel şölen yaşatan ve yedikçe yemek isteyeceğiniz sufleyi hazırlamak, püf noktalarını dikkatlice okursanız oldukça pratik. Böylece her seferinde dışarı çıkıp bir kafede yediğiniz o harika sufleyi evde kendiniz yapabilecek, <a href=""https://yemek.com/tarif/"" target=""_blank"">yemek tariflerinizin</a> yanında sunabileceksiniz.</p>
<p><a href=""https://yemek.com/tarif/tatli/"" target=""_blank"">Tatlı</a> tariflerinin en sevilenlerinden bu sufle tarifinde her kaşıkta çikolatanın yoğun lezzetini hissedecek, akışkan kıvamına her seferinde yeniden hayran olacaksınız.</p>
",recipe,"['tereyağı', 'tereyağı', 'tuz', 'yumurta', 'toz şeker', 'süt', 'un', 'kakao', 'pudra şekeri', 'bitter çikolata']","['125 mililitre sütü bir sos tenceresine alın ve kaynama noktasına gelinceye kadar ısıtın.', 'İçerisine çikolatayı ilave edin.\xa0Çikolata eridikten sonra ocaktan alın.', 'Ayrı bir sos tenceresinde 2 yemek kaşığı tereyağını eritin.', 'Üzerine 1,5 yemek kaşığı unu ilave ederek, kokusu çıkana kadar kavurun.', 'Unun kokusu çıktıktan sonra çikolatalı süt karışımının içerisine ilave edin ve 2 yemek kaşığı toz şekeri ilave ederek sürekli olarak karıştırın.', '3 adet yumurta sarılarını da ilave edin, 2 dakika daha karıştırdıktan sonra ocaktan alın ve soğumaya bırakın.', 'Derin bir kasede 3 adet yumurta beyazlarını bir çimdik tuz ile birlikte kaseyi ters çevirdiğinizde akmayacak kıvama gelinceye kadar çırpın.', 'Soğumuş olan çikolatalı karışım ile köpük haline gelmiş yumurta aklarını birleştirin ve spatula yardımıyla karıştırın.', 'Yağlanmış ve kakao ile kaplanmış sufle kaplarına bir parmak boşluk kalacak şekilde harcı bölüştürün ve önceden ısıtılmış 200 derece fırında 10 dakika pişirin.', 'Fırından çıkar çıkmaz üzerine pudra şekeri serpiştirip servis edin, afiyet olsun!']",ÇİKOLATALI TATLI,239b56,/tarif/cikolatali-tatlilar/,"['Tatlı', 'Video', 'Dünya Mutfakları', 'Çikolatalı Tatlı']","['ekonomik', 'ara öğün', 'çay saati']",['Çay Saati'],['Fırın'],,False,600,480,2022-03-25T08:05:24Z,4.0,1091967,8162,False,True,True,0,,0,,,,2014/09/cikolatali-sufle-yemekcom.jpg,0,0,https://cdn.yemek.com/mnresize/940/940/uploads/2014/09/cikolatali-sufle-yemekcom.jpg,940,940,False,https://cdn.yemek.com/mncrop/300/200/uploads/2014/09/cikolatali-sufle-yemekcom.jpg,300,200,True,https://cdn.yemek.com/mncrop/940/625/uploads/2014/09/cikolatali-sufle-yemekcom.jpg,940,625,True,https://cdn.yemek.com/mncrop/620/388/uploads/2014/09/cikolatali-sufle-yemekcom.jpg,620,388,True,https://cdn.yemek.com/mncrop/600/315/uploads/2014/09/cikolatali-sufle-yemekcom.jpg,600,315,True,['fırın'],,,['Fransa'],,
700,827,Yasemin Özaltın,https://cdn.yemek.com/author/35533/20181219061403_avatar.jpg,/profil/yasemingursurer/,Lokum Tadında: Et Sote,Et Sote,/tarif/et-sote/,50 dk,20 dk,"<p>''Etim pişirirken sertleşiyor'' sorununu çözmeye geliyor bu nefis <a href=""https://yemek.com/tarif/"" target=""_blank"">yemek tarifimiz</a>. <a href=""https://yemek.com/tarif/et"" target=""_blank"">Et tarifleri</a> arasında en klasiklerden sayılan et sote tarifi buyurun. Bu tarifle et sote denediğinizde pişirdiğiniz <strong>etler lokum kıvamında ve yumuşacık</strong> oluyor. Lezzet seviyesi içerisine konan domates, soğan ve biberle birlikte zirveye çıkıyor. Bu zamana kadar denediğiniz hiçbir et sote tarifinden bu denli iyi bir sonuç almadığınızdan eminiz. Karşınızda tüm püf noktaları ve lezzet sırlarıyla yumuşacık pişen et sote tarifi.</p>
<p>Etli yemeklerin en kolay ve en dikkatli şekilde pişirilmesi de şart olan tariflerinin başında geliyor kendileri. <strong>Yüksek ısıda mühürlemek</strong>, soğan ve domatesini mutlaka ilave etmek şart. Yanına bir pilav ve salatayla en şahane öğüne dönüşüyor. Adım adım resimli anlatımıyla et sote tarifimizi denemeye davetlisiniz.</p>
",recipe,"['biber salçası', 'sıcak su', 'tuz', 'zeytinyağı', 'domates salçası', 'kekik', 'taze çekilmiş tane karabiber', 'orta boy kuru soğan', 'orta boy domates', 'orta boy yeşil biber', 'sotelik dana eti']","['Döküm bir tavada 4 yemek kaşığı zeytinyağını kızdırın. 1 adet yemeklik ince doğradığınız soğanları tavaya ekleyin.', 'Renk alan soğanların üzerine 3 adet doğranmış yeşil biber ekleyin ve sotelemeye devam edin.', 'Sotelik doğradığınız 600 gram dana etini ilave edin.', 'Suyunu salmaması, lezzet ve vitamin değerini hapsetmesi için; yüksek ateşte, yaklaşık 2-3 dakika hiç karıştırmadan mühürleyin.', 'Dış kısmı renk alan etleri aralarda karıştırarak yüksek ateşte sotelemeye devam edin.', '3 adet soyulmuş, doğranmış domatesi\xa0ekleyerek karıştırın. Ardından 1 çay kaşığı tuz, karabiber, 1 tatlı kaşığı kekiği de ekleyin.', 'Bir tatlı kaşığı domates ve yarım tatlı kaşığı biber salçasını 1 su bardağı sıcak su ile sulandırdıktan sonra azar azar tavaya ekleyin.', 'Kısık ateşte etler yumuşayana kadar pişirin.', 'Etleri yumuşayan soteyi, lezzetli suyuyla birlikte servis tabaklarına alın ve sıcak sıcak servis edin. Afiyet olsun!']",ET,239b56,/tarif/et/,"['Et', 'Ramazan', 'Video']","['akşam yemeği', 'öğle yemeği']","['Öğle Yemeği', 'Akşam Yemeği']","['Tencere', 'Ocak']",['Ekonomik'],False,3000,1200,2021-06-27T08:43:24Z,4.0,1064923,6300,False,True,True,0,,0,,,,2014/10/etsote-yemekcom.jpg,0,0,https://cdn.yemek.com/mnresize/940/940/uploads/2014/10/etsote-yemekcom.jpg,940,940,False,https://cdn.yemek.com/mncrop/300/200/uploads/2014/10/etsote-yemekcom.jpg,300,200,True,https://cdn.yemek.com/mncrop/940/625/uploads/2014/10/etsote-yemekcom.jpg,940,625,True,https://cdn.yemek.com/mncrop/620/388/uploads/2014/10/etsote-yemekcom.jpg,620,388,True,https://cdn.yemek.com/mncrop/600/315/uploads/2014/10/etsote-yemekcom.jpg,600,315,True,"['tencere', 'bol proteinli', 'glutensiz']",,,,,
701,23805,Cemre Özgüzel,https://cdn.yemek.com/author/109/20200211010242_avatar.jpg,/profil/cemre-ozguzel/,İşin Sırrı Hamurunda: Pofuduk Poğaça,Pofuduk Poğaça,/tarif/pofuduk-pogaca/,25 dk,15 dk,"<p>Üzerine bastırdığınızda içine göçüp sonra hemencecik eski formuna dönen, iç dokusu yumuşacık bir <a href=""https://yemek.com/tarif/pogaca"" target=""_blank"">poğaçayı</a> misafir ediyoruz. Bu poğaçaların en önemli sırlarının başında içerisinde ılık malzemeler kullanmak geliyor. Kullanacağınız tüm sıvı malzemelerin ılık olması ve diğer malzemelerin oda sıcaklığına olması o pofuduk kıvamı yakalamanıza yardımcı oluyor.</p>
<p>En önemli ikinci püf noktası ise mayalandırma kısmı. Hamurunuzu önce oda sıcaklığında mayalandırın mutlaka. Şekil verdikten sonra bırakın biraz daha dinlensin, güzelleşsin. Yumuşacık kıvamının sırrı malzemelerse, pişerken puf puf olmasının sırrı mayalandırma işlemi. Bu noktalara dikkat edin, gerisini hiç düşünmeyin. <img src=""https://cdn.yemek.com/assets/images/smiley/wink.png"" class=""wp-smiley img-responsive"" /></p>
<p>Herkesin sırlarının peşinden koşacağı <a href=""https://yemek.com/tarif/"" target=""_blank"">tarif</a>imize bekleniyorsunuz.</p>
",recipe,"['tereyağı', 'tuz', 'yumurta', 'toz şeker', 'un', 'yumurta sarısı', 'ılık su', 'susam', 'ılık süt', 'instant maya']","['Tereyağını minik bir sos tenceresinin içerisinde eritin.', 'Erittikten sonra birkaç dakika soğumaya bırakın.', 'Soğuduktan sonra derin bir kabın içerisine ılık süt, yumurta, mayayı, suyun bir kısmı, ertilmiş tereyağı ve şekeri aktarın.', 'Güzelce karıştırdıktan sonra azar azar un ilave ederek yoğurmaya başlayın. Bu aşamada eğer ihtiyacınız varsa suyun geriye kalanını da ilave edin.\xa0 Tuzu da ekleyerek ele yapışmayan yumuşacık bir hamur elde edin.', 'Elde ettiğiniz hamuru temiz bir kaba aktarın ve üzerini streç film ile hava almayacak şekilde güzelce kapatın. 1 saat kadar oda sıcaklığında mayalandırın.', 'Mayalanan poğaçaları dilediğiniz iç harcı koyarak lezzetlendirin ya da sade bir biçimde şekil vererek yağlı kağıt serili fırın tepsisinin üzerine dizin.', 'Üzerini streç filme kapatın ve oda sıcaklığında 15-20 dakika kadar ikinci mayalandırma için bekletin.', 'Ardından üzerine yumurta sarısı sürün, susam serpin ve 180 derecede ısıtılmış fırında üzeri de kızarana kadar 20-25 dakika kadar pişirin.', 'Çıkarıp oda sıcaklığında bir süre dinlendirdikten sonra afiyetle tüketin.']",POĞAÇA,239b56,/tarif/pogaca/,"['Hamur İşi', 'Poğaça']",['çay saati'],"['Kahvaltı', 'Çay Saati']",['Fırın'],"['Ekonomik', 'Vejetaryen']",False,1500,900,2017-10-11T07:06:16Z,4.0,1016294,3366,False,False,False,0,,0,,,,2017/10/pofuduk-pogaca-tarifi.jpg,0,0,https://cdn.yemek.com/mnresize/940/940/uploads/2017/10/pofuduk-pogaca-tarifi.jpg,940,940,False,https://cdn.yemek.com/mncrop/300/200/uploads/2017/10/pofuduk-pogaca-tarifi.jpg,300,200,True,https://cdn.yemek.com/mncrop/940/625/uploads/2017/10/pofuduk-pogaca-tarifi.jpg,940,625,True,https://cdn.yemek.com/mncrop/620/388/uploads/2017/10/pofuduk-pogaca-tarifi.jpg,620,388,True,https://cdn.yemek.com/mncrop/600/315/uploads/2017/10/pofuduk-pogaca-tarifi.jpg,600,315,True,['fırın'],,,,,
702,154,Yasemin Özaltın,https://cdn.yemek.com/author/35533/20181219061403_avatar.jpg,/profil/yasemingursurer/,Tam Kıvamında: Tarhana Çorbası,Tarhana Çorbası,/tarif/tarhana-corbasi/,20 dk,5 dk,"<p>Bütün <a href=""https://yemek.com/tarif/"" target=""_blank"">yemek tarifleri</a> arasında tarhana çorbası hiç şüphesiz en çok Anadolu kokandır, toprak kokandır. Ekşilisi içilir, kahvaltıda içilir, akşam yemeğinde içilir, <a href=""https://yemek.com/ramazan"" target=""_blank"">sahurda</a> içilir.</p>
<p>Tarhana çorbası bir çorbanın alabileceği en güzel hallerden, <a href=""https://yemek.com/tarif/corba/"" target=""_blank"">çorba tariflerinden</a> en sevilenlerinden biridir. Dilerseniz <a href=""https://yemek.com/tarif/tarhana/"" target=""_blank"">ev tarhanasını</a> kendiniz de yapabilir, meşhur Maraş tarhanası tarifimize ise <a href=""https://yemek.com/tarif/maras-tarhanasi/"" target=""_blank"">şuradan</a> ulaşabilirsiniz. Ev yapımı mis gibi tarhana çorbasını yapmak üstelik toz tarhana çorbasını yapmaktan bile daha kolay.</p>
<p>Her birinin kendine has tarhana çorbası tarifi olan büyüklerimize saygılarımızı sunarak tarhana çorbası yapımını hem video hem de adım adım görselli olarak aşağıda paylaşıyoruz.</p>
",recipe,"['tereyağı', 'tuz', 'ayçiçek yağı', 'sarımsak', 'su', 'domates salçası', 'toz tarhana', 'kuru nane']","['Toz tarhanayı geniş bir karıştırma kasesine alın. Üzerine toz nane ve oda sıcaklığındaki 2 bardak suyu ekleyerek bir çırpıcı yardımıyla karıştırın. Tarhana yumuşayana dek, yaklaşık 15 dakika boyunca oda sıcaklığında yumuşamaya bırakın.', 'Bu sırada geniş bir tencereye sıvıyağ ve tereyağını ekleyip, orta ateşte eritmeye başlayın. Ezilmiş sarımsak ve salçayı ekleyerek kavurmaya başlayın.', 'Yumuşayan tarhana karışımını ekleyin, ardından tuzunu da ekleyin ve karıştırın.', 'Kalan 5 su bardağı suyu ve tencereye ekleyin. Ara ara karıştırarak koyulaşana dek pişirin.', 'Kaynayan çorbayı bekletmeden sıcak olarak servis edin. Pişirdikçe koyulaşan bir çorba olduğu için daha sonra tüketecekseniz üzerine su ilave etmenizi öneririz.', 'Afiyet olsun!']",ÇORBA,,/tarif/corba/,"['Çorba', 'Ramazan', 'Video']","['pratik yemek tarifleri', 'ekonomik', 'akşam yemeği', 'öğle yemeği']","['Öğle Yemeği', 'Akşam Yemeği']","['Tencere', 'Ocak']","['Ekonomik', 'Vejetaryen']",False,1200,300,2019-05-15T05:03:31Z,4.0,1005436,4753,False,True,True,0,,0,,,,2019/05/tarhana-corbasi-yemekcom.jpg,0,0,https://cdn.yemek.com/mnresize/940/940/uploads/2019/05/tarhana-corbasi-yemekcom.jpg,940,940,False,https://cdn.yemek.com/mncrop/300/200/uploads/2019/05/tarhana-corbasi-yemekcom.jpg,300,200,True,https://cdn.yemek.com/mncrop/940/625/uploads/2019/05/tarhana-corbasi-yemekcom.jpg,940,625,True,https://cdn.yemek.com/mncrop/620/388/uploads/2019/05/tarhana-corbasi-yemekcom.jpg,620,388,True,https://cdn.yemek.com/mncrop/600/315/uploads/2019/05/tarhana-corbasi-yemekcom.jpg,600,315,True,['tencere'],greenLight,,,,
703,454,Cemre Özgüzel,https://cdn.yemek.com/author/109/20200211010242_avatar.jpg,/profil/cemre-ozguzel/,Şeflerini Kıskandıran Tarif: Pastane Poğaçası,Pastane Poğaçası,/tarif/pastane-pogacasi/,25 dk,30 dk,"<p>Pastanelerden aldığınız, sabah kahvaltılarınızın en hızlı ve doyurucu kurtarıcısı olan nefis <a href=""https://yemek.com/tarif/pogaca/"" target=""_blank"">poğaçalar</a>... Biliyoruz dışarıdan alınca midenizde biraz ağırlık yapıyor, içerisindeki yağ oranı da sizi biraz düşündürüyor. Ancak bu tarifi evde çok daha ekonomik şekilde, çok daha hafif bir lezzette yapmak mümkün aslında. Bir gece önceden hazırladığınız pastane poğaçalarını yanınıza alarak ofis arkadaşlarınızı sevindirebilir, sıkışan trafiğe rağmen lezzetli ve sağlıklı bir kahvaltıdan ödün vermeden yol alabilir, akşam eve dönüşte çayın yanında tüketebilirsiniz. Uzun süre taze kalması da cabası. Karşınızda: Pastane poğaçası tarifi!</p>
<p>Pastane poğaçalarındaki o yumuşacık dokuyu bu tarifle rahatlıkla yakalamanız da mümkün. Şimdiden ellerinize sağlık diyor, evinin şeflerini mutfağa buyur ediyoruz.</p>
",recipe,"['tuz', 'toz şeker', 'un', 'su', 'yumurta sarısı', 'ılık su', 'kuru maya', 'ılık süt', 'sıvı yağ', 'sıvı yağ']","['Kuru maya ve toz şekeri bir kabın içerisine alın.', 'Üzerine ılık süt ve ılık suyu ilave ederek şeker eriyene kadar güzelce karıştırın.', 'Ardından sıvı yağı da ekleyerek karıştırmaya devam edin.', 'Üzerine azar azar un ilave etmeye başlayın. Bu aşamada tuzu da ekleyin. Unu çok kontrollü bir şekilde ilave ederek güzelce yoğurun.', 'Yumuşak kıvamda\xa0 bir hamur elde edin.', 'Üzerini streç filmle kapatarak oda sıcaklığında 40 dakika kadar mayalandırın. Eğer kış mevsiminde mayalandırma yapıyorsanız daha ılık bir ortamda 1 saat kadar mayalandırın.', 'Mayalanan hamurdan avuç içi büyüklüğünde bezeler elde ederek yuvarlak bir şekil verin. Dilerseniz bu aşamada içlerine harç da koyabilirsiniz.', 'Hazırladığınız hamurları yağlı kağıt serili fırın tepsisine dizin.', 'Yumurta sarısı, yağ ve suyu bir kapta karıştırın. Poğaçaların üzerine fırça yardımıyla sürün. Ardından da çatalla şekil verin.', '180 derecede önceden ısıtılmış fırında yaklaşık 25-30 dakika kadar üzeri kızarıp tam poğaçalar tam kabarana kadar pişirin. Ardından çıkarıp biraz dinlendirdikten sonra servis edin. Afiyetler olsun!']",POĞAÇA,239b56,/tarif/pogaca/,"['Hamur İşi', 'Kahvaltılık', 'Poğaça']","['ekonomik', 'kahvaltı', 'çay saati']","['Kahvaltı', 'Çay Saati']",['Fırın'],['Ekonomik'],False,1500,1800,2020-03-02T06:45:54Z,4.0,1005135,4161,False,False,True,0,,0,,,,2020/03/pastane-pogacasi-one-cikan-yeni.jpg,0,0,https://cdn.yemek.com/mnresize/940/940/uploads/2020/03/pastane-pogacasi-one-cikan-yeni.jpg,940,940,False,https://cdn.yemek.com/mncrop/300/200/uploads/2020/03/pastane-pogacasi-one-cikan-yeni.jpg,300,200,True,https://cdn.yemek.com/mncrop/940/625/uploads/2020/03/pastane-pogacasi-one-cikan-yeni.jpg,940,625,True,https://cdn.yemek.com/mncrop/620/388/uploads/2020/03/pastane-pogacasi-one-cikan-yeni.jpg,620,388,True,https://cdn.yemek.com/mncrop/600/315/uploads/2020/03/pastane-pogacasi-one-cikan-yeni.jpg,600,315,True,['fırın'],,,,,
704,3400,Yasemin Özaltın,https://cdn.yemek.com/author/35533/20181219061403_avatar.jpg,/profil/yasemingursurer/,Püf Noktalarıyla: Kuru Fasulye,Kuru Fasulye,/tarif/kuru-fasulye/,50 dk,30 dk,"<p>Geleneksel sofralarımızın, mutfağımızın sahip olduğu tüm <a href=""https://yemek.com/tarif/"" target=""_blank"">yemek tariflerinin</a> baş tacıdır aslında kuru fasulye. Tarifte yer alan kuru fasulyeler, cinsi ve önerilen pişirme süresine göre bir gece önceden ılık suya basılır. Sıvı yağda kavrulmuş kuru soğan, salça ve toz kırmızı bibere eklenen haşlanmış kuru fasulyeler, kabuk atmaması için kısık ateşte pişirilir. Ona en çok yakışan <a href=""https://yemek.com/tarif/bulgur-pilavi/"" target=""_blank"">bulgur pilavı </a>ya da <a href=""https://yemek.com/tarif/tereyagli-pilav/"" target=""_blank"">tereyağlı pirinç pilavı </a>eşliğinde soğuk ya da sıcak olarak servis edilir.</p>
<p>Yaz sofralarında kuru nane eşlik eder ona yanına buz gibi bir kase <a href=""https://yemek.com/tarif/cacik/"" target=""_blank"">cacık</a>. Sizin anlayacağınız mevsimsizdir kuru fasulye ve damaklarda kalan tadına doyum olmaz.</p>
<p><strong>Kuru fasulye tarifi</strong>ni hazırladık hazırlamasına da yanında ne olsun istersiniz? Önerdiğimiz gibi pilav ve cacık mı yoksa sadece iyi yapılmış bir mısır ekmeği mi? Haydi buyurun etsiz kuru fasulye tarifine!</p>
",recipe,"['tereyağı', 'tuz', 'toz şeker', 'su', 'domates salçası', 'kuru fasulye', 'orta boy kuru soğan', 'tatlı toz kırmızı biber', 'sıvı yağ']","['Kuru fasulye yemeği için 4 yemek kaşığı sıvı yağ ve 2 yemek kaşığı tereyağını derin bir tencereye aktarın ve kızdırın.1 adet yemeklik doğranmış kuru soğanı da ekleyin ve pembeleşinceye kadar kavurun.', 'Soğanlar kavrulduktan sonra 1 yemek kaşığı domates salçasını ekleyin ve kokusu çıkana kadar kavurun.', 'Son olarak bir gece önceden suda beklettiğiniz kuru fasulyeleri de tencereye ekleyin.', 'Sonra 1-2 dakika karıştırın ve 3 su bardağı su, 1 çay kaşığı kırmızı toz biber, 1 çay kaşığı tuz ve 1 çay kaşığı toz şekeri ekleyin, kapağını kapatıp fasulyeler yumuşayana kadar pişirin.', 'Tane tane pişmiş pirinç pilavı ile kuru fasulye yemeğini servis edin, afiyet olsun!']",BAKLİYAT,239b56,/tarif/bakliyat/,"['Ramazan', 'Video', 'Bakliyat']","['ekonomik', 'akşam yemeği', 'öğle yemeği']","['Öğle Yemeği', 'Akşam Yemeği']","['Tencere', 'Ocak']",['Ekonomik'],False,3000,1800,2019-05-06T08:22:00Z,4.0,1003156,4744,False,True,True,0,,0,,,,2015/11/kuru-fasulye-yemekcom.jpg,0,0,https://cdn.yemek.com/mnresize/940/940/uploads/2015/11/kuru-fasulye-yemekcom.jpg,940,940,False,https://cdn.yemek.com/mncrop/300/200/uploads/2015/11/kuru-fasulye-yemekcom.jpg,300,200,True,https://cdn.yemek.com/mncrop/940/625/uploads/2015/11/kuru-fasulye-yemekcom.jpg,940,625,True,https://cdn.yemek.com/mncrop/620/388/uploads/2015/11/kuru-fasulye-yemekcom.jpg,620,388,True,https://cdn.yemek.com/mncrop/600/315/uploads/2015/11/kuru-fasulye-yemekcom.jpg,600,315,True,,,,,,
705,11811,ipeksare,https://cdn.yemek.com/author/262494/20200820091315_avatar.jpg,/profil/ipeksare/,Tüm Sırlarıyla: Lokanta Usulü Mercimek Çorbası,Lokanta Usulü Mercimek Çorbası,/tarif/lokanta-usulu-mercimek-corbasi/,25 dk,15 dk,"<p>Soğuk kış günlerinde adeta bir hediye gibi değil midir, en yakın lokantanın mercimek çorbası... O an, bildiğimiz tüm <a href=""https://yemek.com/tarif/"" target=""_blank"">yemek tariflerinden</a> daha lezzetli gelmez mi, Müptelası değil miyiz?</p>
<p>Bu nefis lezzeti ev konforunda yaşayın istedik. Bu sefer soğuk kış günleri evde kendinizi lokanta usulü <a href=""https://yemek.com/tarif/corba/"" target=""_blank"">çorba</a>yla şımartın bizce. Eh önümüzde çetin bir kış bizi bekliyor. Sarı mercimeğin güzeller güzeli rengine... Hem blenderdan çekilip hem de süzgeçten süzülen pürüzsüz dokusuna saygı duruşunda bulunuyor ve tarifi sizinle buluşturuyoruz.</p>
<p>Her kaşığı afiyet, her kaşığı şifa olsun! <img src=""https://cdn.yemek.com/assets/images/smiley/smile.png"" class=""wp-smiley img-responsive"" /></p>
",recipe,"['tereyağı', 'tereyağı', 'sıcak su', 'tuz', 'pul biber', 'un', 'sarımsak', 'soğan', 'tavuk suyu', 'sarı mercimek']","['Mercimekleri bol suda yıkayın.Tereyağını eritin ve küp küp doğranmış soğanları ve ezilmiş sarımsakları kavurun.', 'Soğan ve sarımsak hafif kavrulunca unu ilave edin ve 2-3 dakika unu kavurun.', 'Çırpma teliyle unu çırpıyorken tavuk suyunu ilave edin.', 'Mercimekleri de ilave edin ve kalan sıcak suyu da ilave edip kaynamaya bırakın.', 'Su kaynayınca tuzu ilave edin ve mercimekler iyice yumuşayıncaya kadar pişirin. Kaynayan ve kıvamlanan çorbayı blenderdan geçirin.', 'Daha sonra ince delikli bir süzgeçten süzün ve pürüzsüz kıvama getirin.', 'Tereyağını eritin ve eriyen tereyağında pul biberi kavurun.Kaynayan çorbanın üzerine dökün ve tahta kaşık yardımıyla yağın çorbayla karışmasına yardımcı olun.', 'İşte bu kadar, afiyetler olsun!']",ÇORBA,,/tarif/corba/,"['Çorba', 'Ramazan', 'Bakliyat']","['pratik yemek tarifleri', 'ekonomik', 'başlangıç', 'akşam yemeği', 'öğle yemeği']","['Öğle Yemeği', 'Akşam Yemeği']",['Tencere'],['Ekonomik'],False,1500,900,2020-11-17T08:42:55Z,4.0,999436,4524,False,False,True,0,,0,,,,2016/10/lokanta-usulu-mercimek-corbasi-one-cikan-yeni.jpg,0,0,https://cdn.yemek.com/mnresize/940/940/uploads/2016/10/lokanta-usulu-mercimek-corbasi-one-cikan-yeni.jpg,940,940,False,https://cdn.yemek.com/mncrop/300/200/uploads/2016/10/lokanta-usulu-mercimek-corbasi-one-cikan-yeni.jpg,300,200,True,https://cdn.yemek.com/mncrop/940/625/uploads/2016/10/lokanta-usulu-mercimek-corbasi-one-cikan-yeni.jpg,940,625,True,https://cdn.yemek.com/mncrop/620/388/uploads/2016/10/lokanta-usulu-mercimek-corbasi-one-cikan-yeni.jpg,620,388,True,https://cdn.yemek.com/mncrop/600/315/uploads/2016/10/lokanta-usulu-mercimek-corbasi-one-cikan-yeni.jpg,600,315,True,"['tencere', 'vejetaryen', 'düşük karbonhidratlı', 'düşük kalorili']",greenLight,,,,
706,122,Neşe Ümit Tan,https://cdn.yemek.com/author/208653/20190910030615_avatar.jpg,/profil/neseumit/,Rengi de Mükemmel: Ayva Tatlısı,Ayva Tatlısı,/tarif/ayva-tatlisi/,1 sa,20 dk,"<p>Kışın sert ve uzun geçeceğinin habercisi olan <a href=""https://yemek.com/tarif/ayva-receli/"" target=""_blank"">ayva</a>, aynı zamanda keyifli bir <a href=""https://yemek.com/tarif/tatli/"" target=""_blank"">tatlı</a> malzemesi. Ayva tatlısı hazırlamak ve yemek sonrası tatlı keyfini şölene dönüştürmek için; ayvanın aromasını arttıracak birkaç ürün yeterli. Sevdiklerinize sunacağınız bu <a href=""https://yemek.com/en-fazla-5-malzemeli-pratik-tatli-tarifleri/"" target=""_blank"">pratik tatlı tarifi</a> ile kış gelsin ve bitmesin isteyeceksiniz. Ayvanın kendisini, reçelini sevmeyenler hazır olun; biliyoruz ki bu tatlıyı seveceksiniz!</p>
<p>Ayva <a href=""https://yemek.com/tarif/tatli/"" target=""_blank"">tatlısını</a> tencerede, en doğal haliyle hazırladık. Gıda boyası kullanmadan doğan renginde ve üzerine de nefis bir kaymak koyarak servis ettik. Hafifliğiyle <a href=""https://yemek.com/tarif/serbetli-tatlilar/"" target=""_blank"">şerbetli bir tatlı</a> olduğuna inanamayacaksınız. Kış bitmeden ayva tatlısı <a href=""https://yemek.com/tarif/"" target=""_blank"">tarif</a>ini denemeyen kalmasın!</p>
",recipe,"['toz şeker', 'su', 'büyük boy ayva', 'çubuk tarçın', 'karanfil', 'kaymak', 'toz Antep fıstığı', 'vişne suyu', 'limonun suyu']","['Bol suda yıkadığınız ayvaların kabuklarını soyun ve ortadan ikiye kesin. Kararmaması için limonlu su içine kabuklarıyla birlikte yerleştirin. Ayva çekirdeklerini daha sonra kullanmak üzere bir kenara ayırın.', 'Geniş tabanlı bir tencereye tek sıra halinde dizdiğiniz her bir ayvanın üzerine tepeleme 2 yemek kaşığı toz şeker ekleyin. Ardından su, limon suyu, ayva çekirdekleri, ayva kabukları ve baharatlarını de tencereye yerleştirin.', 'Tencereyi ocağa alın ve orta ateşte su kaynayınca dek pişirin.', 'Kaynayan suya vişne suyunu da ilave edin ve tencerenin kapağını kapatarak kısık ateşte pişmeye bırakın.', 'Yaklaşık bir saat sonra suyunu iyice çekip renk alan ayvaları bir bıçakla yardımıyla pişip pişmediğini kontrol edin. Pişmişse\xa0ilk sıcaklığının geçmesi\xa0için ocaktan alın ve dinlenmeye bırakın.', 'Pişen ayvaları servis tabağına alın ve tencerede kalan şerbetinden hafifçe üzerine sürün. Kaymak ve toz Antep fıstığı ilavesiyle ılık ya da soğuk olarak tatlıları servis edin.']",MEYVELİ TATLI,239b56,/tarif/meyveli-tatlilar/,"['Tatlı', 'Şerbetli Tatlı', 'Meyveli Tatlı', 'Mevsiminde']","['ekonomik', 'ara öğün']",['Çay Saati'],['Tencere'],"['Glutensiz', 'Vejetaryen', 'Düşük Karbonhidratlı']",False,3600,1200,2019-11-05T11:14:53Z,4.0,977390,1237,False,False,True,0,,0,,,,2014/06/ayva-tatlisi-buyuk-yemekcom.jpg,0,0,https://cdn.yemek.com/mnresize/940/940/uploads/2014/06/ayva-tatlisi-buyuk-yemekcom.jpg,940,940,False,https://cdn.yemek.com/mncrop/300/200/uploads/2014/06/ayva-tatlisi-buyuk-yemekcom.jpg,300,200,True,https://cdn.yemek.com/mncrop/940/625/uploads/2014/06/ayva-tatlisi-buyuk-yemekcom.jpg,940,625,True,https://cdn.yemek.com/mncrop/620/388/uploads/2014/06/ayva-tatlisi-buyuk-yemekcom.jpg,620,388,True,https://cdn.yemek.com/mncrop/600/315/uploads/2014/06/ayva-tatlisi-buyuk-yemekcom.jpg,600,315,True,"['tencere', 'vejetaryen', 'glutensiz']",,"['Ocak', 'Şubat', 'Kasım', 'Aralık']",,,
707,14899,Cemre Özgüzel,https://cdn.yemek.com/author/109/20200211010242_avatar.jpg,/profil/cemre-ozguzel/,Pastane Tadında: Sirkeli Tuzlu Kurabiye,Sirkeli Tuzlu Kurabiye,/tarif/sirkeli-tuzlu-kurabiye/,15 dk,25 dk,"<p>Pastanelerden almaya doyamadığımız o kuru pastalar var ya... İşte onların en büyük sırrı içindeki sirke.</p>
<p>Mutfağımızda sık sık kullandığımız sirke bu sefer <a href=""https://yemek.com/tarif/kurabiye/"" target=""_blank"">kurabiye</a> hamurunun içinde. Çay saatlerinize çok yakışacak bu kıyır kıyır hamuru çok seveceksiniz. Çörek otuyla ve yumurta sarısıyla kızaran o nefis dış yüzeyi de onu sevmek için başka bir neden.</p>
<p>Tek yapmanız gereken sevdiklerinizi bu çay saati için organize etmek ve onlara bu enfes <a href=""https://yemek.com/tarif/pastane-usulu-sirkeli-tuzlu-kurabiye/"" target=""_blank"">tuzlu kurabiye</a>lerden hazırlamak. Gerisi de demli çayın bağlayıcı büyüsüne kalmış.</p>
<p><a href=""https://yemek.com/tarif/kiyir-kiyir-tuzlu-pasta/"" target=""_blank"">Kıyır kıyır tuzlu pasta</a> tarifleri ile sizlere afiyetler olsun.</p>
<p>Daha fazla tarif için: <a href=""https://yemek.com/tarif/"" target=""_blank"">Yemek Tarifleri</a></p>
",recipe,"['tuz', 'yumurta', 'toz şeker', 'un', 'kabartma tozu', 'sirke', 'çörek otu', 'oda sıcaklığında tereyağı', 'yumurta beyazı', 'sıvı yağ']","['Oda sıcaklığındaki 250 gram tereyağını bir kabın içerisine alın. Üzerine 1 çay bardağı sıvı yağ ve 2 adet yumurta ilave ederek elinizle karıştırın.', 'Bu karışımın içerisine 2 yemek kaşığı sirke, 1 tatlı kaşığı tuz, 1,5 tatlı kaşığı toz şeker ve 1 paket kabartma tozu ilave ederek karıştırmaya devam edin.', 'Ardından 3 su bardağı kadar unu azar azar ilave ederek ele yapışmayan bir hamur elde edene kadar yoğurun.', 'Hamurdan ceviz büyüklüğünde parçalar kopartın ve ince bir rulo olacak şekilde uzatın. Bıçak yardımıyla 4 parmak genişliğinde kesin.', 'Üzerine yumurta beyazı ve çörek otu serperek fırın tepsisine dizin.', '180 derecelik fırında, üzeri kızarana kadar 10-12 dakika kadar pişirin ve fırından alıp\xa0 soğumaya bırakın. İşte bu kadar, afiyetler olsun!']",TUZLU KURABİYE,239b56,/tarif/tuzlu-kurabiyeler/,"['Kurabiye', 'Video', 'Tuzlu Kurabiye']",['çay saati'],['Çay Saati'],['Fırın'],['Vejetaryen'],False,900,1500,2017-02-20T15:25:51Z,4.0,970001,5433,False,True,True,0,,0,,,,2017/02/sirkeli-tuzlu-kurabiye-yemekcom.jpg,0,0,https://cdn.yemek.com/mnresize/940/940/uploads/2017/02/sirkeli-tuzlu-kurabiye-yemekcom.jpg,940,940,False,https://cdn.yemek.com/mncrop/300/200/uploads/2017/02/sirkeli-tuzlu-kurabiye-yemekcom.jpg,300,200,True,https://cdn.yemek.com/mncrop/940/625/uploads/2017/02/sirkeli-tuzlu-kurabiye-yemekcom.jpg,940,625,True,https://cdn.yemek.com/mncrop/620/388/uploads/2017/02/sirkeli-tuzlu-kurabiye-yemekcom.jpg,620,388,True,https://cdn.yemek.com/mncrop/600/315/uploads/2017/02/sirkeli-tuzlu-kurabiye-yemekcom.jpg,600,315,True,,,,,,
708,773,evdekendinpisir,https://cdn.yemek.com/author/347367/20220304085040_avatar.jpg,/profil/evdekendinpisir/,Tam Ölçülü: Kalburabastı,Kalburabastı,/tarif/kalburabasti/,45 dk,30 dk,"<p><a href=""https://yemek.com/tarif/serbetli-tatlilarlar/"" target=""_blank"">Şerbetli tatlılar</a>dan olan kalburabastı tatlısı, ismini aldığı şeklinden dolayı hazırlaması zor gibi dursa da elinizin altında metal ya da hasır bir kalbur olduktan sonra gayet kolay aslında. <a href=""https://yemek.com/tarif/"" target=""_blank"">Yemek tariflerinin</a> tamamlayıcısı olan kalburabastı tatlı tarifini hazırlamak bu kadar basit aslında.</p>
<p>Bu nefis <a href=""https://yemek.com/tarif/tatli/"" target=""_blank"">tatlıyı</a> genelde <a href=""https://yemek.com/ramazan/"" target=""_blank"">ramazanda</a> ya da bayramda sofralarımıza konuk etmeyi çok seviyoruz ama bize kalırsa kalburabastı dilediğiniz her an mutfağınızda olmalı. Çünkü bu cevizli, irmikli ve <strong>ağızda dağılan</strong> <strong>kalburabastı tatlısı tarifi</strong> en kolay kalburabastı tariflerinden biri. Tabii sizin hamarat ellerinizden çıkması kaydıyla.</p>
<p>Unutmadan, kalbur yoksa rendenin kalın tarafını kullanabilirsiniz, aklınızda bulunsun.</p>
",recipe,"['limon suyu', 'yumurta', 'toz şeker', 'un', 'su', 'yoğurt', 'irmik', 'toz Antep fıstığı', 'limon', 'oda sıcaklığında tereyağı', 'ceviz içi', 'karbonat', 'sıvı yağ']","['Öncelikle şerbeti hazırlayın. Şeker ve suyu karıştırarak kaynamaya bırakın, kaynadıktan sonra limon suyu sıkarak kısık ateşte 10 dakika kadar kaynatmaya devam edin. Ardından ocaktan alıp ılınmaya bırakın.', 'Tatlı için, un hariç bütün malzemeleri bir araya getirin ve güzelce karıştırın.', 'Karbonatın üzerine limonu sıkın ve köpürmesini sağlayın.', 'Azar azar unu ilave edin. Kıvamına göre 3,5-4 su bardağı kadar alacaktır.', 'Ele yapışmayacak kıvama gelene kadar yoğurun.', 'Cevizden biraz daha büyük olacak şekilde parçalar koparın ve yuvarlayın. İsterseniz süzgeçte ya da kullandığımız gibi bir kesme aparatının üzerine b<span class=""il"">astı</span>rarak şekil almasını sağlayın.', 'Cevizi ortasına koyarak nazikçe birleştirin.', 'Fırın tepsinize dizin, önceden ısıtılmış fırında iyice kızarana kadar 25- 30 dakika pişirin.', 'Fırından çıkınca sıcak tatlının üzerine soğuk şerbeti dökün. Şerbeti iyice çekince servis edin. Afiyetler olsun.']",ŞERBETLİ TATLI,239b56,/tarif/serbetli-tatlilar/,"['Tatlı', 'Şerbetli Tatlı', 'Ramazan']",['çay saati'],['Çay Saati'],"['Fırın', 'Tencere']",,False,2700,1800,2022-04-27T11:10:50Z,3.0,1108463,2563,False,False,True,0,,0,,,,2022/04/kalburabasti-yeni-onecikan.jpg,0,0,https://cdn.yemek.com/mnresize/940/940/uploads/2022/04/kalburabasti-yeni-onecikan.jpg,940,940,False,https://cdn.yemek.com/mncrop/300/200/uploads/2022/04/kalburabasti-yeni-onecikan.jpg,300,200,True,https://cdn.yemek.com/mncrop/940/625/uploads/2022/04/kalburabasti-yeni-onecikan.jpg,940,625,True,https://cdn.yemek.com/mncrop/620/388/uploads/2022/04/kalburabasti-yeni-onecikan.jpg,620,388,True,https://cdn.yemek.com/mncrop/600/315/uploads/2022/04/kalburabasti-yeni-onecikan.jpg,600,315,True,,,,,,
709,696,Yasemin Özaltın,https://cdn.yemek.com/author/35533/20181219061403_avatar.jpg,/profil/yasemingursurer/,En Garanti Tarif: Tas Kebabı,Tas Kebabı,/tarif/tas-kebabi/,50 dk,20 dk,"<p>Suyuna ekmek banılacak yemekleri sevenler ve <a href=""https://yemek.com/tarif/et"" target=""_blank"">etten</a> vazgeçemeyenler için bir klasiktir tas kebabı tarifi. Olmazsa olmazı dana eti, soğan ve suyuna lezzet veren salçadır. Daha da bereketli ve doyurucu hale gelmesi adına içerisine patates ve havuç gibi kök sebzeler eklenir.</p>
<p>Kuşbaşı dana etiyle yapılan en güzel yemeklerden olan, sulu et yemeklerinin en sevileni tas kebabında etleri yumuşacık, lokum gibi pişiriyoruz. Tüm püf noktalarını da sesli olarak videomuzda adım adım anlatıyoruz.</p>
<p>Ayrıca sevdiğiniz baharatları eklemek ve lezzetine lezzet katmak elinizde. Tas kebabını çok sayıda rendelenmiş kuru soğan, salça ve belli başlı baharatlar ile de hazırlayanlar var, yok değil. Belki siz onlardan birisiniz ama tarifi bir de böyle deneyin, yorumlarınızı bizlerle paylaşın.</p>
<p>Küçük bir hatırlatma: Yanına da <a href=""https://yemek.com/tarif/pirinc-pilavi"" target=""_blank"">pirinç pilavı</a> yapmayı unutmayın.</p>
<p>Küçük bir hatırlatma daha, farklı yemek tarifleri için: <a href=""https://yemek.com/tarif/"" target=""_blank"">Yemek Tarifleri</a></p>
",recipe,"['tereyağı', 'sıcak su', 'tuz', 'ayçiçek yağı', 'un', 'sarımsak', 'orta boy havuç', 'orta boy patates', 'orta boy kuru soğan', 'tane karabiber', 'kuşbaşı dana eti', 'kaşığı domates salçası']","['1 yemek kaşığı sıvı yağ ve 2 yemek kaşığı tereyağını tencerede kızdırın.Üzerine 800 gram dana kuşbaşı etini ekleyin ve etler suyunu salıp çekene kadar\xa0kavurun.', 'Yemeklik doğranmış 1 adet soğanı ve 3 diş doğranmış sarımsağı da ekledikten sonra etlerle beraber kavurmaya devam edin.', 'Bu aşamada ekleyeceğiniz 1 yemek kaşığı unu, kokusu çıkana kadar yaklaşık 2-3 dakika etlerle birlikte kavurun. 1 tatlı kaşığı salçayı ekleyin ve karıştırın.', 'Ardından 1 tatlı kaşığı tuz, 1 adet küp doğranmış patates, 1 adet küp doğranmış havuç ve 1 çay kaşığı karabiberi de ekleyip 3 su bardağı su ilave\xa0edin.', 'Kapağını kapattığınız tencerede, kısık ateşte 30 dakika kadar pişirin.', 'Kıvamlı bir sos halini alan suyu ve sebzelerle birlikte pişen eti, sıcak olarak bekletmeden servis edin. Afiyetler olsun!']",ET,239b56,/tarif/et/,"['Et', 'Ramazan', 'Video']","['akşam yemeği', 'öğle yemeği']",['Akşam Yemeği'],['Ocak'],,False,3000,1200,2021-03-24T08:00:17Z,4.0,1107172,7329,False,True,True,0,,0,,,,2014/10/tas-kebabi-yemekcom.jpg,0,0,https://cdn.yemek.com/mnresize/940/940/uploads/2014/10/tas-kebabi-yemekcom.jpg,940,940,False,https://cdn.yemek.com/mncrop/300/200/uploads/2014/10/tas-kebabi-yemekcom.jpg,300,200,True,https://cdn.yemek.com/mncrop/940/625/uploads/2014/10/tas-kebabi-yemekcom.jpg,940,625,True,https://cdn.yemek.com/mncrop/620/388/uploads/2014/10/tas-kebabi-yemekcom.jpg,620,388,True,https://cdn.yemek.com/mncrop/600/315/uploads/2014/10/tas-kebabi-yemekcom.jpg,600,315,True,"['tencere', 'bol proteinli']",,,,,
710,304,Yasemin Özaltın,https://cdn.yemek.com/author/35533/20181219061403_avatar.jpg,/profil/yasemingursurer/,Kafelerde Yediklerinizden Farksız: Çikolatalı Sufle,Çikolatalı Sufle,/tarif/cikolatali-sufle/,10 dk,8 dk,"<p><a href=""https://yemek.com/tarif/cikolatali-tatlilar/"" target=""_blank"">Çikolatalı tatlıların</a> en kısa sürede pişenlerinden, akışkan içi sayesinde öncelikle görsel şölen yaşatan ve yedikçe yemek isteyeceğiniz sufleyi hazırlamak, püf noktalarını dikkatlice okursanız oldukça pratik. Böylece her seferinde dışarı çıkıp bir kafede yediğiniz o harika sufleyi evde kendiniz yapabilecek, <a href=""https://yemek.com/tarif/"" target=""_blank"">yemek tariflerinizin</a> yanında sunabileceksiniz.</p>
<p><a href=""https://yemek.com/tarif/tatli/"" target=""_blank"">Tatlı</a> tariflerinin en sevilenlerinden bu sufle tarifinde her kaşıkta çikolatanın yoğun lezzetini hissedecek, akışkan kıvamına her seferinde yeniden hayran olacaksınız.</p>
",recipe,"['tereyağı', 'tereyağı', 'tuz', 'yumurta', 'toz şeker', 'süt', 'un', 'kakao', 'pudra şekeri', 'bitter çikolata']","['125 mililitre sütü bir sos tenceresine alın ve kaynama noktasına gelinceye kadar ısıtın.', 'İçerisine çikolatayı ilave edin.\xa0Çikolata eridikten sonra ocaktan alın.', 'Ayrı bir sos tenceresinde 2 yemek kaşığı tereyağını eritin.', 'Üzerine 1,5 yemek kaşığı unu ilave ederek, kokusu çıkana kadar kavurun.', 'Unun kokusu çıktıktan sonra çikolatalı süt karışımının içerisine ilave edin ve 2 yemek kaşığı toz şekeri ilave ederek sürekli olarak karıştırın.', '3 adet yumurta sarılarını da ilave edin, 2 dakika daha karıştırdıktan sonra ocaktan alın ve soğumaya bırakın.', 'Derin bir kasede 3 adet yumurta beyazlarını bir çimdik tuz ile birlikte kaseyi ters çevirdiğinizde akmayacak kıvama gelinceye kadar çırpın.', 'Soğumuş olan çikolatalı karışım ile köpük haline gelmiş yumurta aklarını birleştirin ve spatula yardımıyla karıştırın.', 'Yağlanmış ve kakao ile kaplanmış sufle kaplarına bir parmak boşluk kalacak şekilde harcı bölüştürün ve önceden ısıtılmış 200 derece fırında 10 dakika pişirin.', 'Fırından çıkar çıkmaz üzerine pudra şekeri serpiştirip servis edin, afiyet olsun!']",ÇİKOLATALI TATLI,239b56,/tarif/cikolatali-tatlilar/,"['Tatlı', 'Video', 'Dünya Mutfakları', 'Çikolatalı Tatlı']","['ekonomik', 'ara öğün', 'çay saati']",['Çay Saati'],['Fırın'],,False,600,480,2022-03-25T08:05:24Z,4.0,1091967,8162,False,True,True,0,,0,,,,2014/09/cikolatali-sufle-yemekcom.jpg,0,0,https://cdn.yemek.com/mnresize/940/940/uploads/2014/09/cikolatali-sufle-yemekcom.jpg,940,940,False,https://cdn.yemek.com/mncrop/300/200/uploads/2014/09/cikolatali-sufle-yemekcom.jpg,300,200,True,https://cdn.yemek.com/mncrop/940/625/uploads/2014/09/cikolatali-sufle-yemekcom.jpg,940,625,True,https://cdn.yemek.com/mncrop/620/388/uploads/2014/09/cikolatali-sufle-yemekcom.jpg,620,388,True,https://cdn.yemek.com/mncrop/600/315/uploads/2014/09/cikolatali-sufle-yemekcom.jpg,600,315,True,['fırın'],,,['Fransa'],,
711,827,Yasemin Özaltın,https://cdn.yemek.com/author/35533/20181219061403_avatar.jpg,/profil/yasemingursurer/,Lokum Tadında: Et Sote,Et Sote,/tarif/et-sote/,50 dk,20 dk,"<p>''Etim pişirirken sertleşiyor'' sorununu çözmeye geliyor bu nefis <a href=""https://yemek.com/tarif/"" target=""_blank"">yemek tarifimiz</a>. <a href=""https://yemek.com/tarif/et"" target=""_blank"">Et tarifleri</a> arasında en klasiklerden sayılan et sote tarifi buyurun. Bu tarifle et sote denediğinizde pişirdiğiniz <strong>etler lokum kıvamında ve yumuşacık</strong> oluyor. Lezzet seviyesi içerisine konan domates, soğan ve biberle birlikte zirveye çıkıyor. Bu zamana kadar denediğiniz hiçbir et sote tarifinden bu denli iyi bir sonuç almadığınızdan eminiz. Karşınızda tüm püf noktaları ve lezzet sırlarıyla yumuşacık pişen et sote tarifi.</p>
<p>Etli yemeklerin en kolay ve en dikkatli şekilde pişirilmesi de şart olan tariflerinin başında geliyor kendileri. <strong>Yüksek ısıda mühürlemek</strong>, soğan ve domatesini mutlaka ilave etmek şart. Yanına bir pilav ve salatayla en şahane öğüne dönüşüyor. Adım adım resimli anlatımıyla et sote tarifimizi denemeye davetlisiniz.</p>
",recipe,"['biber salçası', 'sıcak su', 'tuz', 'zeytinyağı', 'domates salçası', 'kekik', 'taze çekilmiş tane karabiber', 'orta boy kuru soğan', 'orta boy domates', 'orta boy yeşil biber', 'sotelik dana eti']","['Döküm bir tavada 4 yemek kaşığı zeytinyağını kızdırın. 1 adet yemeklik ince doğradığınız soğanları tavaya ekleyin.', 'Renk alan soğanların üzerine 3 adet doğranmış yeşil biber ekleyin ve sotelemeye devam edin.', 'Sotelik doğradığınız 600 gram dana etini ilave edin.', 'Suyunu salmaması, lezzet ve vitamin değerini hapsetmesi için; yüksek ateşte, yaklaşık 2-3 dakika hiç karıştırmadan mühürleyin.', 'Dış kısmı renk alan etleri aralarda karıştırarak yüksek ateşte sotelemeye devam edin.', '3 adet soyulmuş, doğranmış domatesi\xa0ekleyerek karıştırın. Ardından 1 çay kaşığı tuz, karabiber, 1 tatlı kaşığı kekiği de ekleyin.', 'Bir tatlı kaşığı domates ve yarım tatlı kaşığı biber salçasını 1 su bardağı sıcak su ile sulandırdıktan sonra azar azar tavaya ekleyin.', 'Kısık ateşte etler yumuşayana kadar pişirin.', 'Etleri yumuşayan soteyi, lezzetli suyuyla birlikte servis tabaklarına alın ve sıcak sıcak servis edin. Afiyet olsun!']",ET,239b56,/tarif/et/,"['Et', 'Ramazan', 'Video']","['akşam yemeği', 'öğle yemeği']","['Öğle Yemeği', 'Akşam Yemeği']","['Tencere', 'Ocak']",['Ekonomik'],False,3000,1200,2021-06-27T08:43:24Z,4.0,1064923,6300,False,True,True,0,,0,,,,2014/10/etsote-yemekcom.jpg,0,0,https://cdn.yemek.com/mnresize/940/940/uploads/2014/10/etsote-yemekcom.jpg,940,940,False,https://cdn.yemek.com/mncrop/300/200/uploads/2014/10/etsote-yemekcom.jpg,300,200,True,https://cdn.yemek.com/mncrop/940/625/uploads/2014/10/etsote-yemekcom.jpg,940,625,True,https://cdn.yemek.com/mncrop/620/388/uploads/2014/10/etsote-yemekcom.jpg,620,388,True,https://cdn.yemek.com/mncrop/600/315/uploads/2014/10/etsote-yemekcom.jpg,600,315,True,"['tencere', 'bol proteinli', 'glutensiz']",,,,,
712,23805,Cemre Özgüzel,https://cdn.yemek.com/author/109/20200211010242_avatar.jpg,/profil/cemre-ozguzel/,İşin Sırrı Hamurunda: Pofuduk Poğaça,Pofuduk Poğaça,/tarif/pofuduk-pogaca/,25 dk,15 dk,"<p>Üzerine bastırdığınızda içine göçüp sonra hemencecik eski formuna dönen, iç dokusu yumuşacık bir <a href=""https://yemek.com/tarif/pogaca"" target=""_blank"">poğaçayı</a> misafir ediyoruz. Bu poğaçaların en önemli sırlarının başında içerisinde ılık malzemeler kullanmak geliyor. Kullanacağınız tüm sıvı malzemelerin ılık olması ve diğer malzemelerin oda sıcaklığına olması o pofuduk kıvamı yakalamanıza yardımcı oluyor.</p>
<p>En önemli ikinci püf noktası ise mayalandırma kısmı. Hamurunuzu önce oda sıcaklığında mayalandırın mutlaka. Şekil verdikten sonra bırakın biraz daha dinlensin, güzelleşsin. Yumuşacık kıvamının sırrı malzemelerse, pişerken puf puf olmasının sırrı mayalandırma işlemi. Bu noktalara dikkat edin, gerisini hiç düşünmeyin. <img src=""https://cdn.yemek.com/assets/images/smiley/wink.png"" class=""wp-smiley img-responsive"" /></p>
<p>Herkesin sırlarının peşinden koşacağı <a href=""https://yemek.com/tarif/"" target=""_blank"">tarif</a>imize bekleniyorsunuz.</p>
",recipe,"['tereyağı', 'tuz', 'yumurta', 'toz şeker', 'un', 'yumurta sarısı', 'ılık su', 'susam', 'ılık süt', 'instant maya']","['Tereyağını minik bir sos tenceresinin içerisinde eritin.', 'Erittikten sonra birkaç dakika soğumaya bırakın.', 'Soğuduktan sonra derin bir kabın içerisine ılık süt, yumurta, mayayı, suyun bir kısmı, ertilmiş tereyağı ve şekeri aktarın.', 'Güzelce karıştırdıktan sonra azar azar un ilave ederek yoğurmaya başlayın. Bu aşamada eğer ihtiyacınız varsa suyun geriye kalanını da ilave edin.\xa0 Tuzu da ekleyerek ele yapışmayan yumuşacık bir hamur elde edin.', 'Elde ettiğiniz hamuru temiz bir kaba aktarın ve üzerini streç film ile hava almayacak şekilde güzelce kapatın. 1 saat kadar oda sıcaklığında mayalandırın.', 'Mayalanan poğaçaları dilediğiniz iç harcı koyarak lezzetlendirin ya da sade bir biçimde şekil vererek yağlı kağıt serili fırın tepsisinin üzerine dizin.', 'Üzerini streç filme kapatın ve oda sıcaklığında 15-20 dakika kadar ikinci mayalandırma için bekletin.', 'Ardından üzerine yumurta sarısı sürün, susam serpin ve 180 derecede ısıtılmış fırında üzeri de kızarana kadar 20-25 dakika kadar pişirin.', 'Çıkarıp oda sıcaklığında bir süre dinlendirdikten sonra afiyetle tüketin.']",POĞAÇA,239b56,/tarif/pogaca/,"['Hamur İşi', 'Poğaça']",['çay saati'],"['Kahvaltı', 'Çay Saati']",['Fırın'],"['Ekonomik', 'Vejetaryen']",False,1500,900,2017-10-11T07:06:16Z,4.0,1016294,3366,False,False,False,0,,0,,,,2017/10/pofuduk-pogaca-tarifi.jpg,0,0,https://cdn.yemek.com/mnresize/940/940/uploads/2017/10/pofuduk-pogaca-tarifi.jpg,940,940,False,https://cdn.yemek.com/mncrop/300/200/uploads/2017/10/pofuduk-pogaca-tarifi.jpg,300,200,True,https://cdn.yemek.com/mncrop/940/625/uploads/2017/10/pofuduk-pogaca-tarifi.jpg,940,625,True,https://cdn.yemek.com/mncrop/620/388/uploads/2017/10/pofuduk-pogaca-tarifi.jpg,620,388,True,https://cdn.yemek.com/mncrop/600/315/uploads/2017/10/pofuduk-pogaca-tarifi.jpg,600,315,True,['fırın'],,,,,
713,154,Yasemin Özaltın,https://cdn.yemek.com/author/35533/20181219061403_avatar.jpg,/profil/yasemingursurer/,Tam Kıvamında: Tarhana Çorbası,Tarhana Çorbası,/tarif/tarhana-corbasi/,20 dk,5 dk,"<p>Bütün <a href=""https://yemek.com/tarif/"" target=""_blank"">yemek tarifleri</a> arasında tarhana çorbası hiç şüphesiz en çok Anadolu kokandır, toprak kokandır. Ekşilisi içilir, kahvaltıda içilir, akşam yemeğinde içilir, <a href=""https://yemek.com/ramazan"" target=""_blank"">sahurda</a> içilir.</p>
<p>Tarhana çorbası bir çorbanın alabileceği en güzel hallerden, <a href=""https://yemek.com/tarif/corba/"" target=""_blank"">çorba tariflerinden</a> en sevilenlerinden biridir. Dilerseniz <a href=""https://yemek.com/tarif/tarhana/"" target=""_blank"">ev tarhanasını</a> kendiniz de yapabilir, meşhur Maraş tarhanası tarifimize ise <a href=""https://yemek.com/tarif/maras-tarhanasi/"" target=""_blank"">şuradan</a> ulaşabilirsiniz. Ev yapımı mis gibi tarhana çorbasını yapmak üstelik toz tarhana çorbasını yapmaktan bile daha kolay.</p>
<p>Her birinin kendine has tarhana çorbası tarifi olan büyüklerimize saygılarımızı sunarak tarhana çorbası yapımını hem video hem de adım adım görselli olarak aşağıda paylaşıyoruz.</p>
",recipe,"['tereyağı', 'tuz', 'ayçiçek yağı', 'sarımsak', 'su', 'domates salçası', 'toz tarhana', 'kuru nane']","['Toz tarhanayı geniş bir karıştırma kasesine alın. Üzerine toz nane ve oda sıcaklığındaki 2 bardak suyu ekleyerek bir çırpıcı yardımıyla karıştırın. Tarhana yumuşayana dek, yaklaşık 15 dakika boyunca oda sıcaklığında yumuşamaya bırakın.', 'Bu sırada geniş bir tencereye sıvıyağ ve tereyağını ekleyip, orta ateşte eritmeye başlayın. Ezilmiş sarımsak ve salçayı ekleyerek kavurmaya başlayın.', 'Yumuşayan tarhana karışımını ekleyin, ardından tuzunu da ekleyin ve karıştırın.', 'Kalan 5 su bardağı suyu ve tencereye ekleyin. Ara ara karıştırarak koyulaşana dek pişirin.', 'Kaynayan çorbayı bekletmeden sıcak olarak servis edin. Pişirdikçe koyulaşan bir çorba olduğu için daha sonra tüketecekseniz üzerine su ilave etmenizi öneririz.', 'Afiyet olsun!']",ÇORBA,,/tarif/corba/,"['Çorba', 'Ramazan', 'Video']","['pratik yemek tarifleri', 'ekonomik', 'akşam yemeği', 'öğle yemeği']","['Öğle Yemeği', 'Akşam Yemeği']","['Tencere', 'Ocak']","['Ekonomik', 'Vejetaryen']",False,1200,300,2019-05-15T05:03:31Z,4.0,1005436,4753,False,True,True,0,,0,,,,2019/05/tarhana-corbasi-yemekcom.jpg,0,0,https://cdn.yemek.com/mnresize/940/940/uploads/2019/05/tarhana-corbasi-yemekcom.jpg,940,940,False,https://cdn.yemek.com/mncrop/300/200/uploads/2019/05/tarhana-corbasi-yemekcom.jpg,300,200,True,https://cdn.yemek.com/mncrop/940/625/uploads/2019/05/tarhana-corbasi-yemekcom.jpg,940,625,True,https://cdn.yemek.com/mncrop/620/388/uploads/2019/05/tarhana-corbasi-yemekcom.jpg,620,388,True,https://cdn.yemek.com/mncrop/600/315/uploads/2019/05/tarhana-corbasi-yemekcom.jpg,600,315,True,['tencere'],greenLight,,,,
714,454,Cemre Özgüzel,https://cdn.yemek.com/author/109/20200211010242_avatar.jpg,/profil/cemre-ozguzel/,Şeflerini Kıskandıran Tarif: Pastane Poğaçası,Pastane Poğaçası,/tarif/pastane-pogacasi/,25 dk,30 dk,"<p>Pastanelerden aldığınız, sabah kahvaltılarınızın en hızlı ve doyurucu kurtarıcısı olan nefis <a href=""https://yemek.com/tarif/pogaca/"" target=""_blank"">poğaçalar</a>... Biliyoruz dışarıdan alınca midenizde biraz ağırlık yapıyor, içerisindeki yağ oranı da sizi biraz düşündürüyor. Ancak bu tarifi evde çok daha ekonomik şekilde, çok daha hafif bir lezzette yapmak mümkün aslında. Bir gece önceden hazırladığınız pastane poğaçalarını yanınıza alarak ofis arkadaşlarınızı sevindirebilir, sıkışan trafiğe rağmen lezzetli ve sağlıklı bir kahvaltıdan ödün vermeden yol alabilir, akşam eve dönüşte çayın yanında tüketebilirsiniz. Uzun süre taze kalması da cabası. Karşınızda: Pastane poğaçası tarifi!</p>
<p>Pastane poğaçalarındaki o yumuşacık dokuyu bu tarifle rahatlıkla yakalamanız da mümkün. Şimdiden ellerinize sağlık diyor, evinin şeflerini mutfağa buyur ediyoruz.</p>
",recipe,"['tuz', 'toz şeker', 'un', 'su', 'yumurta sarısı', 'ılık su', 'kuru maya', 'ılık süt', 'sıvı yağ', 'sıvı yağ']","['Kuru maya ve toz şekeri bir kabın içerisine alın.', 'Üzerine ılık süt ve ılık suyu ilave ederek şeker eriyene kadar güzelce karıştırın.', 'Ardından sıvı yağı da ekleyerek karıştırmaya devam edin.', 'Üzerine azar azar un ilave etmeye başlayın. Bu aşamada tuzu da ekleyin. Unu çok kontrollü bir şekilde ilave ederek güzelce yoğurun.', 'Yumuşak kıvamda\xa0 bir hamur elde edin.', 'Üzerini streç filmle kapatarak oda sıcaklığında 40 dakika kadar mayalandırın. Eğer kış mevsiminde mayalandırma yapıyorsanız daha ılık bir ortamda 1 saat kadar mayalandırın.', 'Mayalanan hamurdan avuç içi büyüklüğünde bezeler elde ederek yuvarlak bir şekil verin. Dilerseniz bu aşamada içlerine harç da koyabilirsiniz.', 'Hazırladığınız hamurları yağlı kağıt serili fırın tepsisine dizin.', 'Yumurta sarısı, yağ ve suyu bir kapta karıştırın. Poğaçaların üzerine fırça yardımıyla sürün. Ardından da çatalla şekil verin.', '180 derecede önceden ısıtılmış fırında yaklaşık 25-30 dakika kadar üzeri kızarıp tam poğaçalar tam kabarana kadar pişirin. Ardından çıkarıp biraz dinlendirdikten sonra servis edin. Afiyetler olsun!']",POĞAÇA,239b56,/tarif/pogaca/,"['Hamur İşi', 'Kahvaltılık', 'Poğaça']","['ekonomik', 'kahvaltı', 'çay saati']","['Kahvaltı', 'Çay Saati']",['Fırın'],['Ekonomik'],False,1500,1800,2020-03-02T06:45:54Z,4.0,1005135,4161,False,False,True,0,,0,,,,2020/03/pastane-pogacasi-one-cikan-yeni.jpg,0,0,https://cdn.yemek.com/mnresize/940/940/uploads/2020/03/pastane-pogacasi-one-cikan-yeni.jpg,940,940,False,https://cdn.yemek.com/mncrop/300/200/uploads/2020/03/pastane-pogacasi-one-cikan-yeni.jpg,300,200,True,https://cdn.yemek.com/mncrop/940/625/uploads/2020/03/pastane-pogacasi-one-cikan-yeni.jpg,940,625,True,https://cdn.yemek.com/mncrop/620/388/uploads/2020/03/pastane-pogacasi-one-cikan-yeni.jpg,620,388,True,https://cdn.yemek.com/mncrop/600/315/uploads/2020/03/pastane-pogacasi-one-cikan-yeni.jpg,600,315,True,['fırın'],,,,,
715,3400,Yasemin Özaltın,https://cdn.yemek.com/author/35533/20181219061403_avatar.jpg,/profil/yasemingursurer/,Püf Noktalarıyla: Kuru Fasulye,Kuru Fasulye,/tarif/kuru-fasulye/,50 dk,30 dk,"<p>Geleneksel sofralarımızın, mutfağımızın sahip olduğu tüm <a href=""https://yemek.com/tarif/"" target=""_blank"">yemek tariflerinin</a> baş tacıdır aslında kuru fasulye. Tarifte yer alan kuru fasulyeler, cinsi ve önerilen pişirme süresine göre bir gece önceden ılık suya basılır. Sıvı yağda kavrulmuş kuru soğan, salça ve toz kırmızı bibere eklenen haşlanmış kuru fasulyeler, kabuk atmaması için kısık ateşte pişirilir. Ona en çok yakışan <a href=""https://yemek.com/tarif/bulgur-pilavi/"" target=""_blank"">bulgur pilavı </a>ya da <a href=""https://yemek.com/tarif/tereyagli-pilav/"" target=""_blank"">tereyağlı pirinç pilavı </a>eşliğinde soğuk ya da sıcak olarak servis edilir.</p>
<p>Yaz sofralarında kuru nane eşlik eder ona yanına buz gibi bir kase <a href=""https://yemek.com/tarif/cacik/"" target=""_blank"">cacık</a>. Sizin anlayacağınız mevsimsizdir kuru fasulye ve damaklarda kalan tadına doyum olmaz.</p>
<p><strong>Kuru fasulye tarifi</strong>ni hazırladık hazırlamasına da yanında ne olsun istersiniz? Önerdiğimiz gibi pilav ve cacık mı yoksa sadece iyi yapılmış bir mısır ekmeği mi? Haydi buyurun etsiz kuru fasulye tarifine!</p>
",recipe,"['tereyağı', 'tuz', 'toz şeker', 'su', 'domates salçası', 'kuru fasulye', 'orta boy kuru soğan', 'tatlı toz kırmızı biber', 'sıvı yağ']","['Kuru fasulye yemeği için 4 yemek kaşığı sıvı yağ ve 2 yemek kaşığı tereyağını derin bir tencereye aktarın ve kızdırın.1 adet yemeklik doğranmış kuru soğanı da ekleyin ve pembeleşinceye kadar kavurun.', 'Soğanlar kavrulduktan sonra 1 yemek kaşığı domates salçasını ekleyin ve kokusu çıkana kadar kavurun.', 'Son olarak bir gece önceden suda beklettiğiniz kuru fasulyeleri de tencereye ekleyin.', 'Sonra 1-2 dakika karıştırın ve 3 su bardağı su, 1 çay kaşığı kırmızı toz biber, 1 çay kaşığı tuz ve 1 çay kaşığı toz şekeri ekleyin, kapağını kapatıp fasulyeler yumuşayana kadar pişirin.', 'Tane tane pişmiş pirinç pilavı ile kuru fasulye yemeğini servis edin, afiyet olsun!']",BAKLİYAT,239b56,/tarif/bakliyat/,"['Ramazan', 'Video', 'Bakliyat']","['ekonomik', 'akşam yemeği', 'öğle yemeği']","['Öğle Yemeği', 'Akşam Yemeği']","['Tencere', 'Ocak']",['Ekonomik'],False,3000,1800,2019-05-06T08:22:00Z,4.0,1003156,4744,False,True,True,0,,0,,,,2015/11/kuru-fasulye-yemekcom.jpg,0,0,https://cdn.yemek.com/mnresize/940/940/uploads/2015/11/kuru-fasulye-yemekcom.jpg,940,940,False,https://cdn.yemek.com/mncrop/300/200/uploads/2015/11/kuru-fasulye-yemekcom.jpg,300,200,True,https://cdn.yemek.com/mncrop/940/625/uploads/2015/11/kuru-fasulye-yemekcom.jpg,940,625,True,https://cdn.yemek.com/mncrop/620/388/uploads/2015/11/kuru-fasulye-yemekcom.jpg,620,388,True,https://cdn.yemek.com/mncrop/600/315/uploads/2015/11/kuru-fasulye-yemekcom.jpg,600,315,True,,,,,,
716,11811,ipeksare,https://cdn.yemek.com/author/262494/20200820091315_avatar.jpg,/profil/ipeksare/,Tüm Sırlarıyla: Lokanta Usulü Mercimek Çorbası,Lokanta Usulü Mercimek Çorbası,/tarif/lokanta-usulu-mercimek-corbasi/,25 dk,15 dk,"<p>Soğuk kış günlerinde adeta bir hediye gibi değil midir, en yakın lokantanın mercimek çorbası... O an, bildiğimiz tüm <a href=""https://yemek.com/tarif/"" target=""_blank"">yemek tariflerinden</a> daha lezzetli gelmez mi, Müptelası değil miyiz?</p>
<p>Bu nefis lezzeti ev konforunda yaşayın istedik. Bu sefer soğuk kış günleri evde kendinizi lokanta usulü <a href=""https://yemek.com/tarif/corba/"" target=""_blank"">çorba</a>yla şımartın bizce. Eh önümüzde çetin bir kış bizi bekliyor. Sarı mercimeğin güzeller güzeli rengine... Hem blenderdan çekilip hem de süzgeçten süzülen pürüzsüz dokusuna saygı duruşunda bulunuyor ve tarifi sizinle buluşturuyoruz.</p>
<p>Her kaşığı afiyet, her kaşığı şifa olsun! <img src=""https://cdn.yemek.com/assets/images/smiley/smile.png"" class=""wp-smiley img-responsive"" /></p>
",recipe,"['tereyağı', 'tereyağı', 'sıcak su', 'tuz', 'pul biber', 'un', 'sarımsak', 'soğan', 'tavuk suyu', 'sarı mercimek']","['Mercimekleri bol suda yıkayın.Tereyağını eritin ve küp küp doğranmış soğanları ve ezilmiş sarımsakları kavurun.', 'Soğan ve sarımsak hafif kavrulunca unu ilave edin ve 2-3 dakika unu kavurun.', 'Çırpma teliyle unu çırpıyorken tavuk suyunu ilave edin.', 'Mercimekleri de ilave edin ve kalan sıcak suyu da ilave edip kaynamaya bırakın.', 'Su kaynayınca tuzu ilave edin ve mercimekler iyice yumuşayıncaya kadar pişirin. Kaynayan ve kıvamlanan çorbayı blenderdan geçirin.', 'Daha sonra ince delikli bir süzgeçten süzün ve pürüzsüz kıvama getirin.', 'Tereyağını eritin ve eriyen tereyağında pul biberi kavurun.Kaynayan çorbanın üzerine dökün ve tahta kaşık yardımıyla yağın çorbayla karışmasına yardımcı olun.', 'İşte bu kadar, afiyetler olsun!']",ÇORBA,,/tarif/corba/,"['Çorba', 'Ramazan', 'Bakliyat']","['pratik yemek tarifleri', 'ekonomik', 'başlangıç', 'akşam yemeği', 'öğle yemeği']","['Öğle Yemeği', 'Akşam Yemeği']",['Tencere'],['Ekonomik'],False,1500,900,2020-11-17T08:42:55Z,4.0,999436,4524,False,False,True,0,,0,,,,2016/10/lokanta-usulu-mercimek-corbasi-one-cikan-yeni.jpg,0,0,https://cdn.yemek.com/mnresize/940/940/uploads/2016/10/lokanta-usulu-mercimek-corbasi-one-cikan-yeni.jpg,940,940,False,https://cdn.yemek.com/mncrop/300/200/uploads/2016/10/lokanta-usulu-mercimek-corbasi-one-cikan-yeni.jpg,300,200,True,https://cdn.yemek.com/mncrop/940/625/uploads/2016/10/lokanta-usulu-mercimek-corbasi-one-cikan-yeni.jpg,940,625,True,https://cdn.yemek.com/mncrop/620/388/uploads/2016/10/lokanta-usulu-mercimek-corbasi-one-cikan-yeni.jpg,620,388,True,https://cdn.yemek.com/mncrop/600/315/uploads/2016/10/lokanta-usulu-mercimek-corbasi-one-cikan-yeni.jpg,600,315,True,"['tencere', 'vejetaryen', 'düşük karbonhidratlı', 'düşük kalorili']",greenLight,,,,
717,122,Neşe Ümit Tan,https://cdn.yemek.com/author/208653/20190910030615_avatar.jpg,/profil/neseumit/,Rengi de Mükemmel: Ayva Tatlısı,Ayva Tatlısı,/tarif/ayva-tatlisi/,1 sa,20 dk,"<p>Kışın sert ve uzun geçeceğinin habercisi olan <a href=""https://yemek.com/tarif/ayva-receli/"" target=""_blank"">ayva</a>, aynı zamanda keyifli bir <a href=""https://yemek.com/tarif/tatli/"" target=""_blank"">tatlı</a> malzemesi. Ayva tatlısı hazırlamak ve yemek sonrası tatlı keyfini şölene dönüştürmek için; ayvanın aromasını arttıracak birkaç ürün yeterli. Sevdiklerinize sunacağınız bu <a href=""https://yemek.com/en-fazla-5-malzemeli-pratik-tatli-tarifleri/"" target=""_blank"">pratik tatlı tarifi</a> ile kış gelsin ve bitmesin isteyeceksiniz. Ayvanın kendisini, reçelini sevmeyenler hazır olun; biliyoruz ki bu tatlıyı seveceksiniz!</p>
<p>Ayva <a href=""https://yemek.com/tarif/tatli/"" target=""_blank"">tatlısını</a> tencerede, en doğal haliyle hazırladık. Gıda boyası kullanmadan doğan renginde ve üzerine de nefis bir kaymak koyarak servis ettik. Hafifliğiyle <a href=""https://yemek.com/tarif/serbetli-tatlilar/"" target=""_blank"">şerbetli bir tatlı</a> olduğuna inanamayacaksınız. Kış bitmeden ayva tatlısı <a href=""https://yemek.com/tarif/"" target=""_blank"">tarif</a>ini denemeyen kalmasın!</p>
",recipe,"['toz şeker', 'su', 'büyük boy ayva', 'çubuk tarçın', 'karanfil', 'kaymak', 'toz Antep fıstığı', 'vişne suyu', 'limonun suyu']","['Bol suda yıkadığınız ayvaların kabuklarını soyun ve ortadan ikiye kesin. Kararmaması için limonlu su içine kabuklarıyla birlikte yerleştirin. Ayva çekirdeklerini daha sonra kullanmak üzere bir kenara ayırın.', 'Geniş tabanlı bir tencereye tek sıra halinde dizdiğiniz her bir ayvanın üzerine tepeleme 2 yemek kaşığı toz şeker ekleyin. Ardından su, limon suyu, ayva çekirdekleri, ayva kabukları ve baharatlarını de tencereye yerleştirin.', 'Tencereyi ocağa alın ve orta ateşte su kaynayınca dek pişirin.', 'Kaynayan suya vişne suyunu da ilave edin ve tencerenin kapağını kapatarak kısık ateşte pişmeye bırakın.', 'Yaklaşık bir saat sonra suyunu iyice çekip renk alan ayvaları bir bıçakla yardımıyla pişip pişmediğini kontrol edin. Pişmişse\xa0ilk sıcaklığının geçmesi\xa0için ocaktan alın ve dinlenmeye bırakın.', 'Pişen ayvaları servis tabağına alın ve tencerede kalan şerbetinden hafifçe üzerine sürün. Kaymak ve toz Antep fıstığı ilavesiyle ılık ya da soğuk olarak tatlıları servis edin.']",MEYVELİ TATLI,239b56,/tarif/meyveli-tatlilar/,"['Tatlı', 'Şerbetli Tatlı', 'Meyveli Tatlı', 'Mevsiminde']","['ekonomik', 'ara öğün']",['Çay Saati'],['Tencere'],"['Glutensiz', 'Vejetaryen', 'Düşük Karbonhidratlı']",False,3600,1200,2019-11-05T11:14:53Z,4.0,977390,1237,False,False,True,0,,0,,,,2014/06/ayva-tatlisi-buyuk-yemekcom.jpg,0,0,https://cdn.yemek.com/mnresize/940/940/uploads/2014/06/ayva-tatlisi-buyuk-yemekcom.jpg,940,940,False,https://cdn.yemek.com/mncrop/300/200/uploads/2014/06/ayva-tatlisi-buyuk-yemekcom.jpg,300,200,True,https://cdn.yemek.com/mncrop/940/625/uploads/2014/06/ayva-tatlisi-buyuk-yemekcom.jpg,940,625,True,https://cdn.yemek.com/mncrop/620/388/uploads/2014/06/ayva-tatlisi-buyuk-yemekcom.jpg,620,388,True,https://cdn.yemek.com/mncrop/600/315/uploads/2014/06/ayva-tatlisi-buyuk-yemekcom.jpg,600,315,True,"['tencere', 'vejetaryen', 'glutensiz']",,"['Ocak', 'Şubat', 'Kasım', 'Aralık']",,,
718,14899,Cemre Özgüzel,https://cdn.yemek.com/author/109/20200211010242_avatar.jpg,/profil/cemre-ozguzel/,Pastane Tadında: Sirkeli Tuzlu Kurabiye,Sirkeli Tuzlu Kurabiye,/tarif/sirkeli-tuzlu-kurabiye/,15 dk,25 dk,"<p>Pastanelerden almaya doyamadığımız o kuru pastalar var ya... İşte onların en büyük sırrı içindeki sirke.</p>
<p>Mutfağımızda sık sık kullandığımız sirke bu sefer <a href=""https://yemek.com/tarif/kurabiye/"" target=""_blank"">kurabiye</a> hamurunun içinde. Çay saatlerinize çok yakışacak bu kıyır kıyır hamuru çok seveceksiniz. Çörek otuyla ve yumurta sarısıyla kızaran o nefis dış yüzeyi de onu sevmek için başka bir neden.</p>
<p>Tek yapmanız gereken sevdiklerinizi bu çay saati için organize etmek ve onlara bu enfes <a href=""https://yemek.com/tarif/pastane-usulu-sirkeli-tuzlu-kurabiye/"" target=""_blank"">tuzlu kurabiye</a>lerden hazırlamak. Gerisi de demli çayın bağlayıcı büyüsüne kalmış.</p>
<p><a href=""https://yemek.com/tarif/kiyir-kiyir-tuzlu-pasta/"" target=""_blank"">Kıyır kıyır tuzlu pasta</a> tarifleri ile sizlere afiyetler olsun.</p>
<p>Daha fazla tarif için: <a href=""https://yemek.com/tarif/"" target=""_blank"">Yemek Tarifleri</a></p>
",recipe,"['tuz', 'yumurta', 'toz şeker', 'un', 'kabartma tozu', 'sirke', 'çörek otu', 'oda sıcaklığında tereyağı', 'yumurta beyazı', 'sıvı yağ']","['Oda sıcaklığındaki 250 gram tereyağını bir kabın içerisine alın. Üzerine 1 çay bardağı sıvı yağ ve 2 adet yumurta ilave ederek elinizle karıştırın.', 'Bu karışımın içerisine 2 yemek kaşığı sirke, 1 tatlı kaşığı tuz, 1,5 tatlı kaşığı toz şeker ve 1 paket kabartma tozu ilave ederek karıştırmaya devam edin.', 'Ardından 3 su bardağı kadar unu azar azar ilave ederek ele yapışmayan bir hamur elde edene kadar yoğurun.', 'Hamurdan ceviz büyüklüğünde parçalar kopartın ve ince bir rulo olacak şekilde uzatın. Bıçak yardımıyla 4 parmak genişliğinde kesin.', 'Üzerine yumurta beyazı ve çörek otu serperek fırın tepsisine dizin.', '180 derecelik fırında, üzeri kızarana kadar 10-12 dakika kadar pişirin ve fırından alıp\xa0 soğumaya bırakın. İşte bu kadar, afiyetler olsun!']",TUZLU KURABİYE,239b56,/tarif/tuzlu-kurabiyeler/,"['Kurabiye', 'Video', 'Tuzlu Kurabiye']",['çay saati'],['Çay Saati'],['Fırın'],['Vejetaryen'],False,900,1500,2017-02-20T15:25:51Z,4.0,970001,5433,False,True,True,0,,0,,,,2017/02/sirkeli-tuzlu-kurabiye-yemekcom.jpg,0,0,https://cdn.yemek.com/mnresize/940/940/uploads/2017/02/sirkeli-tuzlu-kurabiye-yemekcom.jpg,940,940,False,https://cdn.yemek.com/mncrop/300/200/uploads/2017/02/sirkeli-tuzlu-kurabiye-yemekcom.jpg,300,200,True,https://cdn.yemek.com/mncrop/940/625/uploads/2017/02/sirkeli-tuzlu-kurabiye-yemekcom.jpg,940,625,True,https://cdn.yemek.com/mncrop/620/388/uploads/2017/02/sirkeli-tuzlu-kurabiye-yemekcom.jpg,620,388,True,https://cdn.yemek.com/mncrop/600/315/uploads/2017/02/sirkeli-tuzlu-kurabiye-yemekcom.jpg,600,315,True,,,,,,
719,612,Yasemin Özaltın,https://cdn.yemek.com/author/35533/20181219061403_avatar.jpg,/profil/yasemingursurer/,"Dolu Dolu: Havuçlu, Tarçınlı, Cevizli Kek","Havuçlu, Tarçınlı, Cevizli Kek",/tarif/havuclu-tarcinli-kek/,40 dk,20 dk,"<p>Mikserleri çalıştırın! Altın günlerinde kulaktan kulağa tarifi fısıldanan lezzetiyle bilinen havuçlu, tarçınlı, <a href=""https://yemek.com/tarif/cevizli-kek/"" target=""_blank"">cevizli kek</a>in tarifini paylaşıyoruz ki damağınız şenlensin. Bu tarifi tüm adımlarıyla birebir hazırladığınızda öyle güzel oluyor ki, bundan sonra başka tarifler denemeyeceksiniz. İçi nemli, mis kokulu ve müthiş lezzetli havuçlu tarçınlı cevizli kek <a href=""https://yemek.com/tarif/"" target=""_blank"">tarif</a>imizi deneyenlerle yorumlarda buluşalım!</p>
<p><a href=""https://yemek.com/tarif/kek/"" target=""_blank"">Kek tariflerinin</a> en sevilenlerinden olan havuçlu kek tarçın desteğiyle en güzel haliyle karşınızda! <strong>Tüm püf noktaları</strong> ise aşağıda...</p>
",recipe,"['limon suyu', 'yumurta', 'toz şeker', 'süt', 'un', 'havuç', 'tarçın', 'ceviz içi', 'karbonat', 'vanilin', 'sıvı yağ']","['Havuçlu, tarçınlı, cevizli kek tarifi için oda sıcaklığında bekletilmiş 3 adet yumurta ile 1 su bardağı toz şekeri mikserle çırpın, bu işleme şeker tamamen eriyene kadar devam edin.', 'Ardından sırasıyla; 1 su bardağı sütü,\xa0yarım su bardağı sıvı yağı ilave edin.', 'Unu, karbonatı, limon suyunu ve vanilini harca eleyerek ekleyin, ardından mikserle çırpın.', 'Karışıma rendeleyip fazla suyunu aldığınız havuç, iri dövülmüş ceviz içi ve tarçını ekleyin.', 'Kek kalıbınızın tabanını yağlayın.', 'Kalıba aktardığınız keki, önceden ısıtılmış 170 derecelik fırında, yaklaşık 40 dakika pişirin. Soğuduktan sonra üzerine pudra şekeri serperek servis edin. Afiyet olsun.']",TATLI KEK,239b56,/tarif/tatli-kek/,"['Kek', 'Video', 'Tatlı Kek', 'Mevsiminde']","['ekonomik', 'ara öğün', 'çay saati']",['Çay Saati'],['Fırın'],,False,2400,1200,2020-11-24T12:02:38Z,4.0,968347,6578,False,True,False,0,,0,,,,2014/09/havuclu-tarcinli-kek-yemekcom2.jpg,0,0,https://cdn.yemek.com/mnresize/940/940/uploads/2014/09/havuclu-tarcinli-kek-yemekcom2.jpg,940,940,False,https://cdn.yemek.com/mncrop/300/200/uploads/2014/09/havuclu-tarcinli-kek-yemekcom2.jpg,300,200,True,https://cdn.yemek.com/mncrop/940/625/uploads/2014/09/havuclu-tarcinli-kek-yemekcom2.jpg,940,625,True,https://cdn.yemek.com/mncrop/620/388/uploads/2014/09/havuclu-tarcinli-kek-yemekcom2.jpg,620,388,True,https://cdn.yemek.com/mncrop/600/315/uploads/2014/09/havuclu-tarcinli-kek-yemekcom2.jpg,600,315,True,['fırın'],,"['Ocak', 'Şubat', 'Mart']",,,
720,696,Yasemin Özaltın,https://cdn.yemek.com/author/35533/20181219061403_avatar.jpg,/profil/yasemingursurer/,En Garanti Tarif: Tas Kebabı,Tas Kebabı,/tarif/tas-kebabi/,50 dk,20 dk,"<p>Suyuna ekmek banılacak yemekleri sevenler ve <a href=""https://yemek.com/tarif/et"" target=""_blank"">etten</a> vazgeçemeyenler için bir klasiktir tas kebabı tarifi. Olmazsa olmazı dana eti, soğan ve suyuna lezzet veren salçadır. Daha da bereketli ve doyurucu hale gelmesi adına içerisine patates ve havuç gibi kök sebzeler eklenir.</p>
<p>Kuşbaşı dana etiyle yapılan en güzel yemeklerden olan, sulu et yemeklerinin en sevileni tas kebabında etleri yumuşacık, lokum gibi pişiriyoruz. Tüm püf noktalarını da sesli olarak videomuzda adım adım anlatıyoruz.</p>
<p>Ayrıca sevdiğiniz baharatları eklemek ve lezzetine lezzet katmak elinizde. Tas kebabını çok sayıda rendelenmiş kuru soğan, salça ve belli başlı baharatlar ile de hazırlayanlar var, yok değil. Belki siz onlardan birisiniz ama tarifi bir de böyle deneyin, yorumlarınızı bizlerle paylaşın.</p>
<p>Küçük bir hatırlatma: Yanına da <a href=""https://yemek.com/tarif/pirinc-pilavi"" target=""_blank"">pirinç pilavı</a> yapmayı unutmayın.</p>
<p>Küçük bir hatırlatma daha, farklı yemek tarifleri için: <a href=""https://yemek.com/tarif/"" target=""_blank"">Yemek Tarifleri</a></p>
",recipe,"['tereyağı', 'sıcak su', 'tuz', 'ayçiçek yağı', 'un', 'sarımsak', 'orta boy havuç', 'orta boy patates', 'orta boy kuru soğan', 'tane karabiber', 'kuşbaşı dana eti', 'kaşığı domates salçası']","['1 yemek kaşığı sıvı yağ ve 2 yemek kaşığı tereyağını tencerede kızdırın.Üzerine 800 gram dana kuşbaşı etini ekleyin ve etler suyunu salıp çekene kadar\xa0kavurun.', 'Yemeklik doğranmış 1 adet soğanı ve 3 diş doğranmış sarımsağı da ekledikten sonra etlerle beraber kavurmaya devam edin.', 'Bu aşamada ekleyeceğiniz 1 yemek kaşığı unu, kokusu çıkana kadar yaklaşık 2-3 dakika etlerle birlikte kavurun. 1 tatlı kaşığı salçayı ekleyin ve karıştırın.', 'Ardından 1 tatlı kaşığı tuz, 1 adet küp doğranmış patates, 1 adet küp doğranmış havuç ve 1 çay kaşığı karabiberi de ekleyip 3 su bardağı su ilave\xa0edin.', 'Kapağını kapattığınız tencerede, kısık ateşte 30 dakika kadar pişirin.', 'Kıvamlı bir sos halini alan suyu ve sebzelerle birlikte pişen eti, sıcak olarak bekletmeden servis edin. Afiyetler olsun!']",ET,239b56,/tarif/et/,"['Et', 'Ramazan', 'Video']","['akşam yemeği', 'öğle yemeği']",['Akşam Yemeği'],['Ocak'],,False,3000,1200,2021-03-24T08:00:17Z,4.0,1107172,7329,False,True,True,0,,0,,,,2014/10/tas-kebabi-yemekcom.jpg,0,0,https://cdn.yemek.com/mnresize/940/940/uploads/2014/10/tas-kebabi-yemekcom.jpg,940,940,False,https://cdn.yemek.com/mncrop/300/200/uploads/2014/10/tas-kebabi-yemekcom.jpg,300,200,True,https://cdn.yemek.com/mncrop/940/625/uploads/2014/10/tas-kebabi-yemekcom.jpg,940,625,True,https://cdn.yemek.com/mncrop/620/388/uploads/2014/10/tas-kebabi-yemekcom.jpg,620,388,True,https://cdn.yemek.com/mncrop/600/315/uploads/2014/10/tas-kebabi-yemekcom.jpg,600,315,True,"['tencere', 'bol proteinli']",,,,,
721,304,Yasemin Özaltın,https://cdn.yemek.com/author/35533/20181219061403_avatar.jpg,/profil/yasemingursurer/,Kafelerde Yediklerinizden Farksız: Çikolatalı Sufle,Çikolatalı Sufle,/tarif/cikolatali-sufle/,10 dk,8 dk,"<p><a href=""https://yemek.com/tarif/cikolatali-tatlilar/"" target=""_blank"">Çikolatalı tatlıların</a> en kısa sürede pişenlerinden, akışkan içi sayesinde öncelikle görsel şölen yaşatan ve yedikçe yemek isteyeceğiniz sufleyi hazırlamak, püf noktalarını dikkatlice okursanız oldukça pratik. Böylece her seferinde dışarı çıkıp bir kafede yediğiniz o harika sufleyi evde kendiniz yapabilecek, <a href=""https://yemek.com/tarif/"" target=""_blank"">yemek tariflerinizin</a> yanında sunabileceksiniz.</p>
<p><a href=""https://yemek.com/tarif/tatli/"" target=""_blank"">Tatlı</a> tariflerinin en sevilenlerinden bu sufle tarifinde her kaşıkta çikolatanın yoğun lezzetini hissedecek, akışkan kıvamına her seferinde yeniden hayran olacaksınız.</p>
",recipe,"['tereyağı', 'tereyağı', 'tuz', 'yumurta', 'toz şeker', 'süt', 'un', 'kakao', 'pudra şekeri', 'bitter çikolata']","['125 mililitre sütü bir sos tenceresine alın ve kaynama noktasına gelinceye kadar ısıtın.', 'İçerisine çikolatayı ilave edin.\xa0Çikolata eridikten sonra ocaktan alın.', 'Ayrı bir sos tenceresinde 2 yemek kaşığı tereyağını eritin.', 'Üzerine 1,5 yemek kaşığı unu ilave ederek, kokusu çıkana kadar kavurun.', 'Unun kokusu çıktıktan sonra çikolatalı süt karışımının içerisine ilave edin ve 2 yemek kaşığı toz şekeri ilave ederek sürekli olarak karıştırın.', '3 adet yumurta sarılarını da ilave edin, 2 dakika daha karıştırdıktan sonra ocaktan alın ve soğumaya bırakın.', 'Derin bir kasede 3 adet yumurta beyazlarını bir çimdik tuz ile birlikte kaseyi ters çevirdiğinizde akmayacak kıvama gelinceye kadar çırpın.', 'Soğumuş olan çikolatalı karışım ile köpük haline gelmiş yumurta aklarını birleştirin ve spatula yardımıyla karıştırın.', 'Yağlanmış ve kakao ile kaplanmış sufle kaplarına bir parmak boşluk kalacak şekilde harcı bölüştürün ve önceden ısıtılmış 200 derece fırında 10 dakika pişirin.', 'Fırından çıkar çıkmaz üzerine pudra şekeri serpiştirip servis edin, afiyet olsun!']",ÇİKOLATALI TATLI,239b56,/tarif/cikolatali-tatlilar/,"['Tatlı', 'Video', 'Dünya Mutfakları', 'Çikolatalı Tatlı']","['ekonomik', 'ara öğün', 'çay saati']",['Çay Saati'],['Fırın'],,False,600,480,2022-03-25T08:05:24Z,4.0,1091967,8162,False,True,True,0,,0,,,,2014/09/cikolatali-sufle-yemekcom.jpg,0,0,https://cdn.yemek.com/mnresize/940/940/uploads/2014/09/cikolatali-sufle-yemekcom.jpg,940,940,False,https://cdn.yemek.com/mncrop/300/200/uploads/2014/09/cikolatali-sufle-yemekcom.jpg,300,200,True,https://cdn.yemek.com/mncrop/940/625/uploads/2014/09/cikolatali-sufle-yemekcom.jpg,940,625,True,https://cdn.yemek.com/mncrop/620/388/uploads/2014/09/cikolatali-sufle-yemekcom.jpg,620,388,True,https://cdn.yemek.com/mncrop/600/315/uploads/2014/09/cikolatali-sufle-yemekcom.jpg,600,315,True,['fırın'],,,['Fransa'],,
722,827,Yasemin Özaltın,https://cdn.yemek.com/author/35533/20181219061403_avatar.jpg,/profil/yasemingursurer/,Lokum Tadında: Et Sote,Et Sote,/tarif/et-sote/,50 dk,20 dk,"<p>''Etim pişirirken sertleşiyor'' sorununu çözmeye geliyor bu nefis <a href=""https://yemek.com/tarif/"" target=""_blank"">yemek tarifimiz</a>. <a href=""https://yemek.com/tarif/et"" target=""_blank"">Et tarifleri</a> arasında en klasiklerden sayılan et sote tarifi buyurun. Bu tarifle et sote denediğinizde pişirdiğiniz <strong>etler lokum kıvamında ve yumuşacık</strong> oluyor. Lezzet seviyesi içerisine konan domates, soğan ve biberle birlikte zirveye çıkıyor. Bu zamana kadar denediğiniz hiçbir et sote tarifinden bu denli iyi bir sonuç almadığınızdan eminiz. Karşınızda tüm püf noktaları ve lezzet sırlarıyla yumuşacık pişen et sote tarifi.</p>
<p>Etli yemeklerin en kolay ve en dikkatli şekilde pişirilmesi de şart olan tariflerinin başında geliyor kendileri. <strong>Yüksek ısıda mühürlemek</strong>, soğan ve domatesini mutlaka ilave etmek şart. Yanına bir pilav ve salatayla en şahane öğüne dönüşüyor. Adım adım resimli anlatımıyla et sote tarifimizi denemeye davetlisiniz.</p>
",recipe,"['biber salçası', 'sıcak su', 'tuz', 'zeytinyağı', 'domates salçası', 'kekik', 'taze çekilmiş tane karabiber', 'orta boy kuru soğan', 'orta boy domates', 'orta boy yeşil biber', 'sotelik dana eti']","['Döküm bir tavada 4 yemek kaşığı zeytinyağını kızdırın. 1 adet yemeklik ince doğradığınız soğanları tavaya ekleyin.', 'Renk alan soğanların üzerine 3 adet doğranmış yeşil biber ekleyin ve sotelemeye devam edin.', 'Sotelik doğradığınız 600 gram dana etini ilave edin.', 'Suyunu salmaması, lezzet ve vitamin değerini hapsetmesi için; yüksek ateşte, yaklaşık 2-3 dakika hiç karıştırmadan mühürleyin.', 'Dış kısmı renk alan etleri aralarda karıştırarak yüksek ateşte sotelemeye devam edin.', '3 adet soyulmuş, doğranmış domatesi\xa0ekleyerek karıştırın. Ardından 1 çay kaşığı tuz, karabiber, 1 tatlı kaşığı kekiği de ekleyin.', 'Bir tatlı kaşığı domates ve yarım tatlı kaşığı biber salçasını 1 su bardağı sıcak su ile sulandırdıktan sonra azar azar tavaya ekleyin.', 'Kısık ateşte etler yumuşayana kadar pişirin.', 'Etleri yumuşayan soteyi, lezzetli suyuyla birlikte servis tabaklarına alın ve sıcak sıcak servis edin. Afiyet olsun!']",ET,239b56,/tarif/et/,"['Et', 'Ramazan', 'Video']","['akşam yemeği', 'öğle yemeği']","['Öğle Yemeği', 'Akşam Yemeği']","['Tencere', 'Ocak']",['Ekonomik'],False,3000,1200,2021-06-27T08:43:24Z,4.0,1064923,6300,False,True,True,0,,0,,,,2014/10/etsote-yemekcom.jpg,0,0,https://cdn.yemek.com/mnresize/940/940/uploads/2014/10/etsote-yemekcom.jpg,940,940,False,https://cdn.yemek.com/mncrop/300/200/uploads/2014/10/etsote-yemekcom.jpg,300,200,True,https://cdn.yemek.com/mncrop/940/625/uploads/2014/10/etsote-yemekcom.jpg,940,625,True,https://cdn.yemek.com/mncrop/620/388/uploads/2014/10/etsote-yemekcom.jpg,620,388,True,https://cdn.yemek.com/mncrop/600/315/uploads/2014/10/etsote-yemekcom.jpg,600,315,True,"['tencere', 'bol proteinli', 'glutensiz']",,,,,
723,23805,Cemre Özgüzel,https://cdn.yemek.com/author/109/20200211010242_avatar.jpg,/profil/cemre-ozguzel/,İşin Sırrı Hamurunda: Pofuduk Poğaça,Pofuduk Poğaça,/tarif/pofuduk-pogaca/,25 dk,15 dk,"<p>Üzerine bastırdığınızda içine göçüp sonra hemencecik eski formuna dönen, iç dokusu yumuşacık bir <a href=""https://yemek.com/tarif/pogaca"" target=""_blank"">poğaçayı</a> misafir ediyoruz. Bu poğaçaların en önemli sırlarının başında içerisinde ılık malzemeler kullanmak geliyor. Kullanacağınız tüm sıvı malzemelerin ılık olması ve diğer malzemelerin oda sıcaklığına olması o pofuduk kıvamı yakalamanıza yardımcı oluyor.</p>
<p>En önemli ikinci püf noktası ise mayalandırma kısmı. Hamurunuzu önce oda sıcaklığında mayalandırın mutlaka. Şekil verdikten sonra bırakın biraz daha dinlensin, güzelleşsin. Yumuşacık kıvamının sırrı malzemelerse, pişerken puf puf olmasının sırrı mayalandırma işlemi. Bu noktalara dikkat edin, gerisini hiç düşünmeyin. <img src=""https://cdn.yemek.com/assets/images/smiley/wink.png"" class=""wp-smiley img-responsive"" /></p>
<p>Herkesin sırlarının peşinden koşacağı <a href=""https://yemek.com/tarif/"" target=""_blank"">tarif</a>imize bekleniyorsunuz.</p>
",recipe,"['tereyağı', 'tuz', 'yumurta', 'toz şeker', 'un', 'yumurta sarısı', 'ılık su', 'susam', 'ılık süt', 'instant maya']","['Tereyağını minik bir sos tenceresinin içerisinde eritin.', 'Erittikten sonra birkaç dakika soğumaya bırakın.', 'Soğuduktan sonra derin bir kabın içerisine ılık süt, yumurta, mayayı, suyun bir kısmı, ertilmiş tereyağı ve şekeri aktarın.', 'Güzelce karıştırdıktan sonra azar azar un ilave ederek yoğurmaya başlayın. Bu aşamada eğer ihtiyacınız varsa suyun geriye kalanını da ilave edin.\xa0 Tuzu da ekleyerek ele yapışmayan yumuşacık bir hamur elde edin.', 'Elde ettiğiniz hamuru temiz bir kaba aktarın ve üzerini streç film ile hava almayacak şekilde güzelce kapatın. 1 saat kadar oda sıcaklığında mayalandırın.', 'Mayalanan poğaçaları dilediğiniz iç harcı koyarak lezzetlendirin ya da sade bir biçimde şekil vererek yağlı kağıt serili fırın tepsisinin üzerine dizin.', 'Üzerini streç filme kapatın ve oda sıcaklığında 15-20 dakika kadar ikinci mayalandırma için bekletin.', 'Ardından üzerine yumurta sarısı sürün, susam serpin ve 180 derecede ısıtılmış fırında üzeri de kızarana kadar 20-25 dakika kadar pişirin.', 'Çıkarıp oda sıcaklığında bir süre dinlendirdikten sonra afiyetle tüketin.']",POĞAÇA,239b56,/tarif/pogaca/,"['Hamur İşi', 'Poğaça']",['çay saati'],"['Kahvaltı', 'Çay Saati']",['Fırın'],"['Ekonomik', 'Vejetaryen']",False,1500,900,2017-10-11T07:06:16Z,4.0,1016294,3366,False,False,False,0,,0,,,,2017/10/pofuduk-pogaca-tarifi.jpg,0,0,https://cdn.yemek.com/mnresize/940/940/uploads/2017/10/pofuduk-pogaca-tarifi.jpg,940,940,False,https://cdn.yemek.com/mncrop/300/200/uploads/2017/10/pofuduk-pogaca-tarifi.jpg,300,200,True,https://cdn.yemek.com/mncrop/940/625/uploads/2017/10/pofuduk-pogaca-tarifi.jpg,940,625,True,https://cdn.yemek.com/mncrop/620/388/uploads/2017/10/pofuduk-pogaca-tarifi.jpg,620,388,True,https://cdn.yemek.com/mncrop/600/315/uploads/2017/10/pofuduk-pogaca-tarifi.jpg,600,315,True,['fırın'],,,,,
724,154,Yasemin Özaltın,https://cdn.yemek.com/author/35533/20181219061403_avatar.jpg,/profil/yasemingursurer/,Tam Kıvamında: Tarhana Çorbası,Tarhana Çorbası,/tarif/tarhana-corbasi/,20 dk,5 dk,"<p>Bütün <a href=""https://yemek.com/tarif/"" target=""_blank"">yemek tarifleri</a> arasında tarhana çorbası hiç şüphesiz en çok Anadolu kokandır, toprak kokandır. Ekşilisi içilir, kahvaltıda içilir, akşam yemeğinde içilir, <a href=""https://yemek.com/ramazan"" target=""_blank"">sahurda</a> içilir.</p>
<p>Tarhana çorbası bir çorbanın alabileceği en güzel hallerden, <a href=""https://yemek.com/tarif/corba/"" target=""_blank"">çorba tariflerinden</a> en sevilenlerinden biridir. Dilerseniz <a href=""https://yemek.com/tarif/tarhana/"" target=""_blank"">ev tarhanasını</a> kendiniz de yapabilir, meşhur Maraş tarhanası tarifimize ise <a href=""https://yemek.com/tarif/maras-tarhanasi/"" target=""_blank"">şuradan</a> ulaşabilirsiniz. Ev yapımı mis gibi tarhana çorbasını yapmak üstelik toz tarhana çorbasını yapmaktan bile daha kolay.</p>
<p>Her birinin kendine has tarhana çorbası tarifi olan büyüklerimize saygılarımızı sunarak tarhana çorbası yapımını hem video hem de adım adım görselli olarak aşağıda paylaşıyoruz.</p>
",recipe,"['tereyağı', 'tuz', 'ayçiçek yağı', 'sarımsak', 'su', 'domates salçası', 'toz tarhana', 'kuru nane']","['Toz tarhanayı geniş bir karıştırma kasesine alın. Üzerine toz nane ve oda sıcaklığındaki 2 bardak suyu ekleyerek bir çırpıcı yardımıyla karıştırın. Tarhana yumuşayana dek, yaklaşık 15 dakika boyunca oda sıcaklığında yumuşamaya bırakın.', 'Bu sırada geniş bir tencereye sıvıyağ ve tereyağını ekleyip, orta ateşte eritmeye başlayın. Ezilmiş sarımsak ve salçayı ekleyerek kavurmaya başlayın.', 'Yumuşayan tarhana karışımını ekleyin, ardından tuzunu da ekleyin ve karıştırın.', 'Kalan 5 su bardağı suyu ve tencereye ekleyin. Ara ara karıştırarak koyulaşana dek pişirin.', 'Kaynayan çorbayı bekletmeden sıcak olarak servis edin. Pişirdikçe koyulaşan bir çorba olduğu için daha sonra tüketecekseniz üzerine su ilave etmenizi öneririz.', 'Afiyet olsun!']",ÇORBA,,/tarif/corba/,"['Çorba', 'Ramazan', 'Video']","['pratik yemek tarifleri', 'ekonomik', 'akşam yemeği', 'öğle yemeği']","['Öğle Yemeği', 'Akşam Yemeği']","['Tencere', 'Ocak']","['Ekonomik', 'Vejetaryen']",False,1200,300,2019-05-15T05:03:31Z,4.0,1005436,4753,False,True,True,0,,0,,,,2019/05/tarhana-corbasi-yemekcom.jpg,0,0,https://cdn.yemek.com/mnresize/940/940/uploads/2019/05/tarhana-corbasi-yemekcom.jpg,940,940,False,https://cdn.yemek.com/mncrop/300/200/uploads/2019/05/tarhana-corbasi-yemekcom.jpg,300,200,True,https://cdn.yemek.com/mncrop/940/625/uploads/2019/05/tarhana-corbasi-yemekcom.jpg,940,625,True,https://cdn.yemek.com/mncrop/620/388/uploads/2019/05/tarhana-corbasi-yemekcom.jpg,620,388,True,https://cdn.yemek.com/mncrop/600/315/uploads/2019/05/tarhana-corbasi-yemekcom.jpg,600,315,True,['tencere'],greenLight,,,,
725,454,Cemre Özgüzel,https://cdn.yemek.com/author/109/20200211010242_avatar.jpg,/profil/cemre-ozguzel/,Şeflerini Kıskandıran Tarif: Pastane Poğaçası,Pastane Poğaçası,/tarif/pastane-pogacasi/,25 dk,30 dk,"<p>Pastanelerden aldığınız, sabah kahvaltılarınızın en hızlı ve doyurucu kurtarıcısı olan nefis <a href=""https://yemek.com/tarif/pogaca/"" target=""_blank"">poğaçalar</a>... Biliyoruz dışarıdan alınca midenizde biraz ağırlık yapıyor, içerisindeki yağ oranı da sizi biraz düşündürüyor. Ancak bu tarifi evde çok daha ekonomik şekilde, çok daha hafif bir lezzette yapmak mümkün aslında. Bir gece önceden hazırladığınız pastane poğaçalarını yanınıza alarak ofis arkadaşlarınızı sevindirebilir, sıkışan trafiğe rağmen lezzetli ve sağlıklı bir kahvaltıdan ödün vermeden yol alabilir, akşam eve dönüşte çayın yanında tüketebilirsiniz. Uzun süre taze kalması da cabası. Karşınızda: Pastane poğaçası tarifi!</p>
<p>Pastane poğaçalarındaki o yumuşacık dokuyu bu tarifle rahatlıkla yakalamanız da mümkün. Şimdiden ellerinize sağlık diyor, evinin şeflerini mutfağa buyur ediyoruz.</p>
",recipe,"['tuz', 'toz şeker', 'un', 'su', 'yumurta sarısı', 'ılık su', 'kuru maya', 'ılık süt', 'sıvı yağ', 'sıvı yağ']","['Kuru maya ve toz şekeri bir kabın içerisine alın.', 'Üzerine ılık süt ve ılık suyu ilave ederek şeker eriyene kadar güzelce karıştırın.', 'Ardından sıvı yağı da ekleyerek karıştırmaya devam edin.', 'Üzerine azar azar un ilave etmeye başlayın. Bu aşamada tuzu da ekleyin. Unu çok kontrollü bir şekilde ilave ederek güzelce yoğurun.', 'Yumuşak kıvamda\xa0 bir hamur elde edin.', 'Üzerini streç filmle kapatarak oda sıcaklığında 40 dakika kadar mayalandırın. Eğer kış mevsiminde mayalandırma yapıyorsanız daha ılık bir ortamda 1 saat kadar mayalandırın.', 'Mayalanan hamurdan avuç içi büyüklüğünde bezeler elde ederek yuvarlak bir şekil verin. Dilerseniz bu aşamada içlerine harç da koyabilirsiniz.', 'Hazırladığınız hamurları yağlı kağıt serili fırın tepsisine dizin.', 'Yumurta sarısı, yağ ve suyu bir kapta karıştırın. Poğaçaların üzerine fırça yardımıyla sürün. Ardından da çatalla şekil verin.', '180 derecede önceden ısıtılmış fırında yaklaşık 25-30 dakika kadar üzeri kızarıp tam poğaçalar tam kabarana kadar pişirin. Ardından çıkarıp biraz dinlendirdikten sonra servis edin. Afiyetler olsun!']",POĞAÇA,239b56,/tarif/pogaca/,"['Hamur İşi', 'Kahvaltılık', 'Poğaça']","['ekonomik', 'kahvaltı', 'çay saati']","['Kahvaltı', 'Çay Saati']",['Fırın'],['Ekonomik'],False,1500,1800,2020-03-02T06:45:54Z,4.0,1005135,4161,False,False,True,0,,0,,,,2020/03/pastane-pogacasi-one-cikan-yeni.jpg,0,0,https://cdn.yemek.com/mnresize/940/940/uploads/2020/03/pastane-pogacasi-one-cikan-yeni.jpg,940,940,False,https://cdn.yemek.com/mncrop/300/200/uploads/2020/03/pastane-pogacasi-one-cikan-yeni.jpg,300,200,True,https://cdn.yemek.com/mncrop/940/625/uploads/2020/03/pastane-pogacasi-one-cikan-yeni.jpg,940,625,True,https://cdn.yemek.com/mncrop/620/388/uploads/2020/03/pastane-pogacasi-one-cikan-yeni.jpg,620,388,True,https://cdn.yemek.com/mncrop/600/315/uploads/2020/03/pastane-pogacasi-one-cikan-yeni.jpg,600,315,True,['fırın'],,,,,
726,3400,Yasemin Özaltın,https://cdn.yemek.com/author/35533/20181219061403_avatar.jpg,/profil/yasemingursurer/,Püf Noktalarıyla: Kuru Fasulye,Kuru Fasulye,/tarif/kuru-fasulye/,50 dk,30 dk,"<p>Geleneksel sofralarımızın, mutfağımızın sahip olduğu tüm <a href=""https://yemek.com/tarif/"" target=""_blank"">yemek tariflerinin</a> baş tacıdır aslında kuru fasulye. Tarifte yer alan kuru fasulyeler, cinsi ve önerilen pişirme süresine göre bir gece önceden ılık suya basılır. Sıvı yağda kavrulmuş kuru soğan, salça ve toz kırmızı bibere eklenen haşlanmış kuru fasulyeler, kabuk atmaması için kısık ateşte pişirilir. Ona en çok yakışan <a href=""https://yemek.com/tarif/bulgur-pilavi/"" target=""_blank"">bulgur pilavı </a>ya da <a href=""https://yemek.com/tarif/tereyagli-pilav/"" target=""_blank"">tereyağlı pirinç pilavı </a>eşliğinde soğuk ya da sıcak olarak servis edilir.</p>
<p>Yaz sofralarında kuru nane eşlik eder ona yanına buz gibi bir kase <a href=""https://yemek.com/tarif/cacik/"" target=""_blank"">cacık</a>. Sizin anlayacağınız mevsimsizdir kuru fasulye ve damaklarda kalan tadına doyum olmaz.</p>
<p><strong>Kuru fasulye tarifi</strong>ni hazırladık hazırlamasına da yanında ne olsun istersiniz? Önerdiğimiz gibi pilav ve cacık mı yoksa sadece iyi yapılmış bir mısır ekmeği mi? Haydi buyurun etsiz kuru fasulye tarifine!</p>
",recipe,"['tereyağı', 'tuz', 'toz şeker', 'su', 'domates salçası', 'kuru fasulye', 'orta boy kuru soğan', 'tatlı toz kırmızı biber', 'sıvı yağ']","['Kuru fasulye yemeği için 4 yemek kaşığı sıvı yağ ve 2 yemek kaşığı tereyağını derin bir tencereye aktarın ve kızdırın.1 adet yemeklik doğranmış kuru soğanı da ekleyin ve pembeleşinceye kadar kavurun.', 'Soğanlar kavrulduktan sonra 1 yemek kaşığı domates salçasını ekleyin ve kokusu çıkana kadar kavurun.', 'Son olarak bir gece önceden suda beklettiğiniz kuru fasulyeleri de tencereye ekleyin.', 'Sonra 1-2 dakika karıştırın ve 3 su bardağı su, 1 çay kaşığı kırmızı toz biber, 1 çay kaşığı tuz ve 1 çay kaşığı toz şekeri ekleyin, kapağını kapatıp fasulyeler yumuşayana kadar pişirin.', 'Tane tane pişmiş pirinç pilavı ile kuru fasulye yemeğini servis edin, afiyet olsun!']",BAKLİYAT,239b56,/tarif/bakliyat/,"['Ramazan', 'Video', 'Bakliyat']","['ekonomik', 'akşam yemeği', 'öğle yemeği']","['Öğle Yemeği', 'Akşam Yemeği']","['Tencere', 'Ocak']",['Ekonomik'],False,3000,1800,2019-05-06T08:22:00Z,4.0,1003156,4744,False,True,True,0,,0,,,,2015/11/kuru-fasulye-yemekcom.jpg,0,0,https://cdn.yemek.com/mnresize/940/940/uploads/2015/11/kuru-fasulye-yemekcom.jpg,940,940,False,https://cdn.yemek.com/mncrop/300/200/uploads/2015/11/kuru-fasulye-yemekcom.jpg,300,200,True,https://cdn.yemek.com/mncrop/940/625/uploads/2015/11/kuru-fasulye-yemekcom.jpg,940,625,True,https://cdn.yemek.com/mncrop/620/388/uploads/2015/11/kuru-fasulye-yemekcom.jpg,620,388,True,https://cdn.yemek.com/mncrop/600/315/uploads/2015/11/kuru-fasulye-yemekcom.jpg,600,315,True,,,,,,
727,11811,ipeksare,https://cdn.yemek.com/author/262494/20200820091315_avatar.jpg,/profil/ipeksare/,Tüm Sırlarıyla: Lokanta Usulü Mercimek Çorbası,Lokanta Usulü Mercimek Çorbası,/tarif/lokanta-usulu-mercimek-corbasi/,25 dk,15 dk,"<p>Soğuk kış günlerinde adeta bir hediye gibi değil midir, en yakın lokantanın mercimek çorbası... O an, bildiğimiz tüm <a href=""https://yemek.com/tarif/"" target=""_blank"">yemek tariflerinden</a> daha lezzetli gelmez mi, Müptelası değil miyiz?</p>
<p>Bu nefis lezzeti ev konforunda yaşayın istedik. Bu sefer soğuk kış günleri evde kendinizi lokanta usulü <a href=""https://yemek.com/tarif/corba/"" target=""_blank"">çorba</a>yla şımartın bizce. Eh önümüzde çetin bir kış bizi bekliyor. Sarı mercimeğin güzeller güzeli rengine... Hem blenderdan çekilip hem de süzgeçten süzülen pürüzsüz dokusuna saygı duruşunda bulunuyor ve tarifi sizinle buluşturuyoruz.</p>
<p>Her kaşığı afiyet, her kaşığı şifa olsun! <img src=""https://cdn.yemek.com/assets/images/smiley/smile.png"" class=""wp-smiley img-responsive"" /></p>
",recipe,"['tereyağı', 'tereyağı', 'sıcak su', 'tuz', 'pul biber', 'un', 'sarımsak', 'soğan', 'tavuk suyu', 'sarı mercimek']","['Mercimekleri bol suda yıkayın.Tereyağını eritin ve küp küp doğranmış soğanları ve ezilmiş sarımsakları kavurun.', 'Soğan ve sarımsak hafif kavrulunca unu ilave edin ve 2-3 dakika unu kavurun.', 'Çırpma teliyle unu çırpıyorken tavuk suyunu ilave edin.', 'Mercimekleri de ilave edin ve kalan sıcak suyu da ilave edip kaynamaya bırakın.', 'Su kaynayınca tuzu ilave edin ve mercimekler iyice yumuşayıncaya kadar pişirin. Kaynayan ve kıvamlanan çorbayı blenderdan geçirin.', 'Daha sonra ince delikli bir süzgeçten süzün ve pürüzsüz kıvama getirin.', 'Tereyağını eritin ve eriyen tereyağında pul biberi kavurun.Kaynayan çorbanın üzerine dökün ve tahta kaşık yardımıyla yağın çorbayla karışmasına yardımcı olun.', 'İşte bu kadar, afiyetler olsun!']",ÇORBA,,/tarif/corba/,"['Çorba', 'Ramazan', 'Bakliyat']","['pratik yemek tarifleri', 'ekonomik', 'başlangıç', 'akşam yemeği', 'öğle yemeği']","['Öğle Yemeği', 'Akşam Yemeği']",['Tencere'],['Ekonomik'],False,1500,900,2020-11-17T08:42:55Z,4.0,999436,4524,False,False,True,0,,0,,,,2016/10/lokanta-usulu-mercimek-corbasi-one-cikan-yeni.jpg,0,0,https://cdn.yemek.com/mnresize/940/940/uploads/2016/10/lokanta-usulu-mercimek-corbasi-one-cikan-yeni.jpg,940,940,False,https://cdn.yemek.com/mncrop/300/200/uploads/2016/10/lokanta-usulu-mercimek-corbasi-one-cikan-yeni.jpg,300,200,True,https://cdn.yemek.com/mncrop/940/625/uploads/2016/10/lokanta-usulu-mercimek-corbasi-one-cikan-yeni.jpg,940,625,True,https://cdn.yemek.com/mncrop/620/388/uploads/2016/10/lokanta-usulu-mercimek-corbasi-one-cikan-yeni.jpg,620,388,True,https://cdn.yemek.com/mncrop/600/315/uploads/2016/10/lokanta-usulu-mercimek-corbasi-one-cikan-yeni.jpg,600,315,True,"['tencere', 'vejetaryen', 'düşük karbonhidratlı', 'düşük kalorili']",greenLight,,,,
728,122,Neşe Ümit Tan,https://cdn.yemek.com/author/208653/20190910030615_avatar.jpg,/profil/neseumit/,Rengi de Mükemmel: Ayva Tatlısı,Ayva Tatlısı,/tarif/ayva-tatlisi/,1 sa,20 dk,"<p>Kışın sert ve uzun geçeceğinin habercisi olan <a href=""https://yemek.com/tarif/ayva-receli/"" target=""_blank"">ayva</a>, aynı zamanda keyifli bir <a href=""https://yemek.com/tarif/tatli/"" target=""_blank"">tatlı</a> malzemesi. Ayva tatlısı hazırlamak ve yemek sonrası tatlı keyfini şölene dönüştürmek için; ayvanın aromasını arttıracak birkaç ürün yeterli. Sevdiklerinize sunacağınız bu <a href=""https://yemek.com/en-fazla-5-malzemeli-pratik-tatli-tarifleri/"" target=""_blank"">pratik tatlı tarifi</a> ile kış gelsin ve bitmesin isteyeceksiniz. Ayvanın kendisini, reçelini sevmeyenler hazır olun; biliyoruz ki bu tatlıyı seveceksiniz!</p>
<p>Ayva <a href=""https://yemek.com/tarif/tatli/"" target=""_blank"">tatlısını</a> tencerede, en doğal haliyle hazırladık. Gıda boyası kullanmadan doğan renginde ve üzerine de nefis bir kaymak koyarak servis ettik. Hafifliğiyle <a href=""https://yemek.com/tarif/serbetli-tatlilar/"" target=""_blank"">şerbetli bir tatlı</a> olduğuna inanamayacaksınız. Kış bitmeden ayva tatlısı <a href=""https://yemek.com/tarif/"" target=""_blank"">tarif</a>ini denemeyen kalmasın!</p>
",recipe,"['toz şeker', 'su', 'büyük boy ayva', 'çubuk tarçın', 'karanfil', 'kaymak', 'toz Antep fıstığı', 'vişne suyu', 'limonun suyu']","['Bol suda yıkadığınız ayvaların kabuklarını soyun ve ortadan ikiye kesin. Kararmaması için limonlu su içine kabuklarıyla birlikte yerleştirin. Ayva çekirdeklerini daha sonra kullanmak üzere bir kenara ayırın.', 'Geniş tabanlı bir tencereye tek sıra halinde dizdiğiniz her bir ayvanın üzerine tepeleme 2 yemek kaşığı toz şeker ekleyin. Ardından su, limon suyu, ayva çekirdekleri, ayva kabukları ve baharatlarını de tencereye yerleştirin.', 'Tencereyi ocağa alın ve orta ateşte su kaynayınca dek pişirin.', 'Kaynayan suya vişne suyunu da ilave edin ve tencerenin kapağını kapatarak kısık ateşte pişmeye bırakın.', 'Yaklaşık bir saat sonra suyunu iyice çekip renk alan ayvaları bir bıçakla yardımıyla pişip pişmediğini kontrol edin. Pişmişse\xa0ilk sıcaklığının geçmesi\xa0için ocaktan alın ve dinlenmeye bırakın.', 'Pişen ayvaları servis tabağına alın ve tencerede kalan şerbetinden hafifçe üzerine sürün. Kaymak ve toz Antep fıstığı ilavesiyle ılık ya da soğuk olarak tatlıları servis edin.']",MEYVELİ TATLI,239b56,/tarif/meyveli-tatlilar/,"['Tatlı', 'Şerbetli Tatlı', 'Meyveli Tatlı', 'Mevsiminde']","['ekonomik', 'ara öğün']",['Çay Saati'],['Tencere'],"['Glutensiz', 'Vejetaryen', 'Düşük Karbonhidratlı']",False,3600,1200,2019-11-05T11:14:53Z,4.0,977390,1237,False,False,True,0,,0,,,,2014/06/ayva-tatlisi-buyuk-yemekcom.jpg,0,0,https://cdn.yemek.com/mnresize/940/940/uploads/2014/06/ayva-tatlisi-buyuk-yemekcom.jpg,940,940,False,https://cdn.yemek.com/mncrop/300/200/uploads/2014/06/ayva-tatlisi-buyuk-yemekcom.jpg,300,200,True,https://cdn.yemek.com/mncrop/940/625/uploads/2014/06/ayva-tatlisi-buyuk-yemekcom.jpg,940,625,True,https://cdn.yemek.com/mncrop/620/388/uploads/2014/06/ayva-tatlisi-buyuk-yemekcom.jpg,620,388,True,https://cdn.yemek.com/mncrop/600/315/uploads/2014/06/ayva-tatlisi-buyuk-yemekcom.jpg,600,315,True,"['tencere', 'vejetaryen', 'glutensiz']",,"['Ocak', 'Şubat', 'Kasım', 'Aralık']",,,
729,14899,Cemre Özgüzel,https://cdn.yemek.com/author/109/20200211010242_avatar.jpg,/profil/cemre-ozguzel/,Pastane Tadında: Sirkeli Tuzlu Kurabiye,Sirkeli Tuzlu Kurabiye,/tarif/sirkeli-tuzlu-kurabiye/,15 dk,25 dk,"<p>Pastanelerden almaya doyamadığımız o kuru pastalar var ya... İşte onların en büyük sırrı içindeki sirke.</p>
<p>Mutfağımızda sık sık kullandığımız sirke bu sefer <a href=""https://yemek.com/tarif/kurabiye/"" target=""_blank"">kurabiye</a> hamurunun içinde. Çay saatlerinize çok yakışacak bu kıyır kıyır hamuru çok seveceksiniz. Çörek otuyla ve yumurta sarısıyla kızaran o nefis dış yüzeyi de onu sevmek için başka bir neden.</p>
<p>Tek yapmanız gereken sevdiklerinizi bu çay saati için organize etmek ve onlara bu enfes <a href=""https://yemek.com/tarif/pastane-usulu-sirkeli-tuzlu-kurabiye/"" target=""_blank"">tuzlu kurabiye</a>lerden hazırlamak. Gerisi de demli çayın bağlayıcı büyüsüne kalmış.</p>
<p><a href=""https://yemek.com/tarif/kiyir-kiyir-tuzlu-pasta/"" target=""_blank"">Kıyır kıyır tuzlu pasta</a> tarifleri ile sizlere afiyetler olsun.</p>
<p>Daha fazla tarif için: <a href=""https://yemek.com/tarif/"" target=""_blank"">Yemek Tarifleri</a></p>
",recipe,"['tuz', 'yumurta', 'toz şeker', 'un', 'kabartma tozu', 'sirke', 'çörek otu', 'oda sıcaklığında tereyağı', 'yumurta beyazı', 'sıvı yağ']","['Oda sıcaklığındaki 250 gram tereyağını bir kabın içerisine alın. Üzerine 1 çay bardağı sıvı yağ ve 2 adet yumurta ilave ederek elinizle karıştırın.', 'Bu karışımın içerisine 2 yemek kaşığı sirke, 1 tatlı kaşığı tuz, 1,5 tatlı kaşığı toz şeker ve 1 paket kabartma tozu ilave ederek karıştırmaya devam edin.', 'Ardından 3 su bardağı kadar unu azar azar ilave ederek ele yapışmayan bir hamur elde edene kadar yoğurun.', 'Hamurdan ceviz büyüklüğünde parçalar kopartın ve ince bir rulo olacak şekilde uzatın. Bıçak yardımıyla 4 parmak genişliğinde kesin.', 'Üzerine yumurta beyazı ve çörek otu serperek fırın tepsisine dizin.', '180 derecelik fırında, üzeri kızarana kadar 10-12 dakika kadar pişirin ve fırından alıp\xa0 soğumaya bırakın. İşte bu kadar, afiyetler olsun!']",TUZLU KURABİYE,239b56,/tarif/tuzlu-kurabiyeler/,"['Kurabiye', 'Video', 'Tuzlu Kurabiye']",['çay saati'],['Çay Saati'],['Fırın'],['Vejetaryen'],False,900,1500,2017-02-20T15:25:51Z,4.0,970001,5433,False,True,True,0,,0,,,,2017/02/sirkeli-tuzlu-kurabiye-yemekcom.jpg,0,0,https://cdn.yemek.com/mnresize/940/940/uploads/2017/02/sirkeli-tuzlu-kurabiye-yemekcom.jpg,940,940,False,https://cdn.yemek.com/mncrop/300/200/uploads/2017/02/sirkeli-tuzlu-kurabiye-yemekcom.jpg,300,200,True,https://cdn.yemek.com/mncrop/940/625/uploads/2017/02/sirkeli-tuzlu-kurabiye-yemekcom.jpg,940,625,True,https://cdn.yemek.com/mncrop/620/388/uploads/2017/02/sirkeli-tuzlu-kurabiye-yemekcom.jpg,620,388,True,https://cdn.yemek.com/mncrop/600/315/uploads/2017/02/sirkeli-tuzlu-kurabiye-yemekcom.jpg,600,315,True,,,,,,
730,612,Yasemin Özaltın,https://cdn.yemek.com/author/35533/20181219061403_avatar.jpg,/profil/yasemingursurer/,"Dolu Dolu: Havuçlu, Tarçınlı, Cevizli Kek","Havuçlu, Tarçınlı, Cevizli Kek",/tarif/havuclu-tarcinli-kek/,40 dk,20 dk,"<p>Mikserleri çalıştırın! Altın günlerinde kulaktan kulağa tarifi fısıldanan lezzetiyle bilinen havuçlu, tarçınlı, <a href=""https://yemek.com/tarif/cevizli-kek/"" target=""_blank"">cevizli kek</a>in tarifini paylaşıyoruz ki damağınız şenlensin. Bu tarifi tüm adımlarıyla birebir hazırladığınızda öyle güzel oluyor ki, bundan sonra başka tarifler denemeyeceksiniz. İçi nemli, mis kokulu ve müthiş lezzetli havuçlu tarçınlı cevizli kek <a href=""https://yemek.com/tarif/"" target=""_blank"">tarif</a>imizi deneyenlerle yorumlarda buluşalım!</p>
<p><a href=""https://yemek.com/tarif/kek/"" target=""_blank"">Kek tariflerinin</a> en sevilenlerinden olan havuçlu kek tarçın desteğiyle en güzel haliyle karşınızda! <strong>Tüm püf noktaları</strong> ise aşağıda...</p>
",recipe,"['limon suyu', 'yumurta', 'toz şeker', 'süt', 'un', 'havuç', 'tarçın', 'ceviz içi', 'karbonat', 'vanilin', 'sıvı yağ']","['Havuçlu, tarçınlı, cevizli kek tarifi için oda sıcaklığında bekletilmiş 3 adet yumurta ile 1 su bardağı toz şekeri mikserle çırpın, bu işleme şeker tamamen eriyene kadar devam edin.', 'Ardından sırasıyla; 1 su bardağı sütü,\xa0yarım su bardağı sıvı yağı ilave edin.', 'Unu, karbonatı, limon suyunu ve vanilini harca eleyerek ekleyin, ardından mikserle çırpın.', 'Karışıma rendeleyip fazla suyunu aldığınız havuç, iri dövülmüş ceviz içi ve tarçını ekleyin.', 'Kek kalıbınızın tabanını yağlayın.', 'Kalıba aktardığınız keki, önceden ısıtılmış 170 derecelik fırında, yaklaşık 40 dakika pişirin. Soğuduktan sonra üzerine pudra şekeri serperek servis edin. Afiyet olsun.']",TATLI KEK,239b56,/tarif/tatli-kek/,"['Kek', 'Video', 'Tatlı Kek', 'Mevsiminde']","['ekonomik', 'ara öğün', 'çay saati']",['Çay Saati'],['Fırın'],,False,2400,1200,2020-11-24T12:02:38Z,4.0,968347,6578,False,True,False,0,,0,,,,2014/09/havuclu-tarcinli-kek-yemekcom2.jpg,0,0,https://cdn.yemek.com/mnresize/940/940/uploads/2014/09/havuclu-tarcinli-kek-yemekcom2.jpg,940,940,False,https://cdn.yemek.com/mncrop/300/200/uploads/2014/09/havuclu-tarcinli-kek-yemekcom2.jpg,300,200,True,https://cdn.yemek.com/mncrop/940/625/uploads/2014/09/havuclu-tarcinli-kek-yemekcom2.jpg,940,625,True,https://cdn.yemek.com/mncrop/620/388/uploads/2014/09/havuclu-tarcinli-kek-yemekcom2.jpg,620,388,True,https://cdn.yemek.com/mncrop/600/315/uploads/2014/09/havuclu-tarcinli-kek-yemekcom2.jpg,600,315,True,['fırın'],,"['Ocak', 'Şubat', 'Mart']",,,
731,1621,Yasemin Özaltın,https://cdn.yemek.com/author/35533/20181219061403_avatar.jpg,/profil/yasemingursurer/,Sonuç Mükemmel: Fırında Makarna,Fırında Makarna,/tarif/firinda-makarna/,25 dk,20 dk,"<p><a href=""https://yemek.com/tarif/hamur-isi/"" target=""_blank"">Hamur işlerine</a> olan ülkece yatkınlığımızı hepimiz kabul ederiz. Bu işin ana vatanı İtalya olsa da mesela <a href=""https://yemek.com/tarif/makarna/"" target=""_blank"">makarna</a> konusunda yüzlerce çeşitle onlardan aşağı kalmayız. Yeri gelir soslarla şov yaparız, yeri gelir erişteden makarna yaparız, yeri gelir fırınlarız, yeri gelir öğrenci evi gibi ketçap mayonezle yeriz. Ama biz bu işi biliriz. Bugün de fırınlıyoruz.</p>
<p>Spagettinin kalını, içi derin boşluklu fırın makarnaları özenle haşladıktan sonra özel sosuyla buluşturuyor, rendelenmiş kaşar peyniri ilavesiyle üzeri nar gibi kızarana kadar fırınlıyoruz. Pek kolay ve pratik olan beşamel soslu fırında makarna tarifimiz hazır olduğu gibi sofraya alıyor ve afiyetle sevdiklerimizle paylaşıyoruz.</p>
<p>Fırında peynirli makarna tarifi arayanları da unutmuyor, onları buraya davet ediyoruz: <a href=""https://yemek.com/tarif/beyaz-peynirli-firinda-makarna/"" target=""_blank"">Beyaz Peynirli Fırında Makarna Tarifi</a></p>
<p>""Ben fırında makarna çeşitlerini görmek istiyorum"" diyorsanız şöyle de buyurabilirsiniz: <a href=""https://yemek.com/firinda-makarna-tarifleri/"" target=""_blank"">Fırında Makarna Aşkını Doya Doya Yaşatan 10 Malzemesine Dolgun Tarif</a></p>
",recipe,"['tereyağı', 'süt', 'un', 'rendelenmiş kaşar peyniri', 'fırın makarna', 'muskat cevizi', 'sıvı yağ']","['Beşamel sosu hazırlamak için; 4 yemek kaşığı tereyağı ve 2 yemek kaşığı sıvı yağı bir sos tenceresinde kızdırın.', 'Ardından 3 yemek kaşığı unu üzerine ilave edin ve kokusu çıkana kadar kavurun.', '2,5 su bardağı sütü de sos tenceresine ilave edip iyice karıştırın ve karışım koyulaşana kadar orta ateşte pişirin. Ara ara karıştırmayı ihmal etmeyin.', 'Pişmiş olan beşamel sosun üzerine yarım muskat rendeleyip karıştırın ve ocaktan alın. Arzuya göre tuz ve karabiber ile tatlandırın.', '<div>Derin bir tencerede kaynamış olan tuzlu suyun içine fırın makarnayı atın ve 10 dakika, yumuşayana kadar pişirin. Ocaktan alıp, suyunu süzdürün.</div>\n&nbsp;', 'Geniş bir kabın içerisinde, süzülmüş olan makarnayı ve beşamel sosu güzelce karıştırın.', 'Makarnayı, pişireceğiniz fırın kabına alın ve üzerine 1,5 su bardağı rendelenmiş kaşar peyniri\xa0serpiştirin.', '<div>Önceden ısıtılmış 190 derece fırında 25 dakika pişirin. İlk sıcaklığı geçtikten sonra dilimleyin ve servis edin. Fırın makarnamız hazır, afiyet olsun!</div>']",MAKARNA,239b56,/tarif/makarna/,"['Makarna', 'Video']","['ekonomik', 'akşam yemeği', 'öğle yemeği']","['Öğle Yemeği', 'Akşam Yemeği']",,,False,1500,1200,2019-04-04T07:35:51Z,4.0,961687,7167,False,True,True,0,,0,,,,2015/02/firin-makarna-yemekcom-yeni.jpg,0,0,https://cdn.yemek.com/mnresize/940/940/uploads/2015/02/firin-makarna-yemekcom-yeni.jpg,940,940,False,https://cdn.yemek.com/mncrop/300/200/uploads/2015/02/firin-makarna-yemekcom-yeni.jpg,300,200,True,https://cdn.yemek.com/mncrop/940/625/uploads/2015/02/firin-makarna-yemekcom-yeni.jpg,940,625,True,https://cdn.yemek.com/mncrop/620/388/uploads/2015/02/firin-makarna-yemekcom-yeni.jpg,620,388,True,https://cdn.yemek.com/mncrop/600/315/uploads/2015/02/firin-makarna-yemekcom-yeni.jpg,600,315,True,['fırın'],,,,,
732,304,Yasemin Özaltın,https://cdn.yemek.com/author/35533/20181219061403_avatar.jpg,/profil/yasemingursurer/,Kafelerde Yediklerinizden Farksız: Çikolatalı Sufle,Çikolatalı Sufle,/tarif/cikolatali-sufle/,10 dk,8 dk,"<p><a href=""https://yemek.com/tarif/cikolatali-tatlilar/"" target=""_blank"">Çikolatalı tatlıların</a> en kısa sürede pişenlerinden, akışkan içi sayesinde öncelikle görsel şölen yaşatan ve yedikçe yemek isteyeceğiniz sufleyi hazırlamak, püf noktalarını dikkatlice okursanız oldukça pratik. Böylece her seferinde dışarı çıkıp bir kafede yediğiniz o harika sufleyi evde kendiniz yapabilecek, <a href=""https://yemek.com/tarif/"" target=""_blank"">yemek tariflerinizin</a> yanında sunabileceksiniz.</p>
<p><a href=""https://yemek.com/tarif/tatli/"" target=""_blank"">Tatlı</a> tariflerinin en sevilenlerinden bu sufle tarifinde her kaşıkta çikolatanın yoğun lezzetini hissedecek, akışkan kıvamına her seferinde yeniden hayran olacaksınız.</p>
",recipe,"['tereyağı', 'tereyağı', 'tuz', 'yumurta', 'toz şeker', 'süt', 'un', 'kakao', 'pudra şekeri', 'bitter çikolata']","['125 mililitre sütü bir sos tenceresine alın ve kaynama noktasına gelinceye kadar ısıtın.', 'İçerisine çikolatayı ilave edin.\xa0Çikolata eridikten sonra ocaktan alın.', 'Ayrı bir sos tenceresinde 2 yemek kaşığı tereyağını eritin.', 'Üzerine 1,5 yemek kaşığı unu ilave ederek, kokusu çıkana kadar kavurun.', 'Unun kokusu çıktıktan sonra çikolatalı süt karışımının içerisine ilave edin ve 2 yemek kaşığı toz şekeri ilave ederek sürekli olarak karıştırın.', '3 adet yumurta sarılarını da ilave edin, 2 dakika daha karıştırdıktan sonra ocaktan alın ve soğumaya bırakın.', 'Derin bir kasede 3 adet yumurta beyazlarını bir çimdik tuz ile birlikte kaseyi ters çevirdiğinizde akmayacak kıvama gelinceye kadar çırpın.', 'Soğumuş olan çikolatalı karışım ile köpük haline gelmiş yumurta aklarını birleştirin ve spatula yardımıyla karıştırın.', 'Yağlanmış ve kakao ile kaplanmış sufle kaplarına bir parmak boşluk kalacak şekilde harcı bölüştürün ve önceden ısıtılmış 200 derece fırında 10 dakika pişirin.', 'Fırından çıkar çıkmaz üzerine pudra şekeri serpiştirip servis edin, afiyet olsun!']",ÇİKOLATALI TATLI,239b56,/tarif/cikolatali-tatlilar/,"['Tatlı', 'Video', 'Dünya Mutfakları', 'Çikolatalı Tatlı']","['ekonomik', 'ara öğün', 'çay saati']",['Çay Saati'],['Fırın'],,False,600,480,2022-03-25T08:05:24Z,4.0,1091967,8162,False,True,True,0,,0,,,,2014/09/cikolatali-sufle-yemekcom.jpg,0,0,https://cdn.yemek.com/mnresize/940/940/uploads/2014/09/cikolatali-sufle-yemekcom.jpg,940,940,False,https://cdn.yemek.com/mncrop/300/200/uploads/2014/09/cikolatali-sufle-yemekcom.jpg,300,200,True,https://cdn.yemek.com/mncrop/940/625/uploads/2014/09/cikolatali-sufle-yemekcom.jpg,940,625,True,https://cdn.yemek.com/mncrop/620/388/uploads/2014/09/cikolatali-sufle-yemekcom.jpg,620,388,True,https://cdn.yemek.com/mncrop/600/315/uploads/2014/09/cikolatali-sufle-yemekcom.jpg,600,315,True,['fırın'],,,['Fransa'],,
733,827,Yasemin Özaltın,https://cdn.yemek.com/author/35533/20181219061403_avatar.jpg,/profil/yasemingursurer/,Lokum Tadında: Et Sote,Et Sote,/tarif/et-sote/,50 dk,20 dk,"<p>''Etim pişirirken sertleşiyor'' sorununu çözmeye geliyor bu nefis <a href=""https://yemek.com/tarif/"" target=""_blank"">yemek tarifimiz</a>. <a href=""https://yemek.com/tarif/et"" target=""_blank"">Et tarifleri</a> arasında en klasiklerden sayılan et sote tarifi buyurun. Bu tarifle et sote denediğinizde pişirdiğiniz <strong>etler lokum kıvamında ve yumuşacık</strong> oluyor. Lezzet seviyesi içerisine konan domates, soğan ve biberle birlikte zirveye çıkıyor. Bu zamana kadar denediğiniz hiçbir et sote tarifinden bu denli iyi bir sonuç almadığınızdan eminiz. Karşınızda tüm püf noktaları ve lezzet sırlarıyla yumuşacık pişen et sote tarifi.</p>
<p>Etli yemeklerin en kolay ve en dikkatli şekilde pişirilmesi de şart olan tariflerinin başında geliyor kendileri. <strong>Yüksek ısıda mühürlemek</strong>, soğan ve domatesini mutlaka ilave etmek şart. Yanına bir pilav ve salatayla en şahane öğüne dönüşüyor. Adım adım resimli anlatımıyla et sote tarifimizi denemeye davetlisiniz.</p>
",recipe,"['biber salçası', 'sıcak su', 'tuz', 'zeytinyağı', 'domates salçası', 'kekik', 'taze çekilmiş tane karabiber', 'orta boy kuru soğan', 'orta boy domates', 'orta boy yeşil biber', 'sotelik dana eti']","['Döküm bir tavada 4 yemek kaşığı zeytinyağını kızdırın. 1 adet yemeklik ince doğradığınız soğanları tavaya ekleyin.', 'Renk alan soğanların üzerine 3 adet doğranmış yeşil biber ekleyin ve sotelemeye devam edin.', 'Sotelik doğradığınız 600 gram dana etini ilave edin.', 'Suyunu salmaması, lezzet ve vitamin değerini hapsetmesi için; yüksek ateşte, yaklaşık 2-3 dakika hiç karıştırmadan mühürleyin.', 'Dış kısmı renk alan etleri aralarda karıştırarak yüksek ateşte sotelemeye devam edin.', '3 adet soyulmuş, doğranmış domatesi\xa0ekleyerek karıştırın. Ardından 1 çay kaşığı tuz, karabiber, 1 tatlı kaşığı kekiği de ekleyin.', 'Bir tatlı kaşığı domates ve yarım tatlı kaşığı biber salçasını 1 su bardağı sıcak su ile sulandırdıktan sonra azar azar tavaya ekleyin.', 'Kısık ateşte etler yumuşayana kadar pişirin.', 'Etleri yumuşayan soteyi, lezzetli suyuyla birlikte servis tabaklarına alın ve sıcak sıcak servis edin. Afiyet olsun!']",ET,239b56,/tarif/et/,"['Et', 'Ramazan', 'Video']","['akşam yemeği', 'öğle yemeği']","['Öğle Yemeği', 'Akşam Yemeği']","['Tencere', 'Ocak']",['Ekonomik'],False,3000,1200,2021-06-27T08:43:24Z,4.0,1064923,6300,False,True,True,0,,0,,,,2014/10/etsote-yemekcom.jpg,0,0,https://cdn.yemek.com/mnresize/940/940/uploads/2014/10/etsote-yemekcom.jpg,940,940,False,https://cdn.yemek.com/mncrop/300/200/uploads/2014/10/etsote-yemekcom.jpg,300,200,True,https://cdn.yemek.com/mncrop/940/625/uploads/2014/10/etsote-yemekcom.jpg,940,625,True,https://cdn.yemek.com/mncrop/620/388/uploads/2014/10/etsote-yemekcom.jpg,620,388,True,https://cdn.yemek.com/mncrop/600/315/uploads/2014/10/etsote-yemekcom.jpg,600,315,True,"['tencere', 'bol proteinli', 'glutensiz']",,,,,
734,23805,Cemre Özgüzel,https://cdn.yemek.com/author/109/20200211010242_avatar.jpg,/profil/cemre-ozguzel/,İşin Sırrı Hamurunda: Pofuduk Poğaça,Pofuduk Poğaça,/tarif/pofuduk-pogaca/,25 dk,15 dk,"<p>Üzerine bastırdığınızda içine göçüp sonra hemencecik eski formuna dönen, iç dokusu yumuşacık bir <a href=""https://yemek.com/tarif/pogaca"" target=""_blank"">poğaçayı</a> misafir ediyoruz. Bu poğaçaların en önemli sırlarının başında içerisinde ılık malzemeler kullanmak geliyor. Kullanacağınız tüm sıvı malzemelerin ılık olması ve diğer malzemelerin oda sıcaklığına olması o pofuduk kıvamı yakalamanıza yardımcı oluyor.</p>
<p>En önemli ikinci püf noktası ise mayalandırma kısmı. Hamurunuzu önce oda sıcaklığında mayalandırın mutlaka. Şekil verdikten sonra bırakın biraz daha dinlensin, güzelleşsin. Yumuşacık kıvamının sırrı malzemelerse, pişerken puf puf olmasının sırrı mayalandırma işlemi. Bu noktalara dikkat edin, gerisini hiç düşünmeyin. <img src=""https://cdn.yemek.com/assets/images/smiley/wink.png"" class=""wp-smiley img-responsive"" /></p>
<p>Herkesin sırlarının peşinden koşacağı <a href=""https://yemek.com/tarif/"" target=""_blank"">tarif</a>imize bekleniyorsunuz.</p>
",recipe,"['tereyağı', 'tuz', 'yumurta', 'toz şeker', 'un', 'yumurta sarısı', 'ılık su', 'susam', 'ılık süt', 'instant maya']","['Tereyağını minik bir sos tenceresinin içerisinde eritin.', 'Erittikten sonra birkaç dakika soğumaya bırakın.', 'Soğuduktan sonra derin bir kabın içerisine ılık süt, yumurta, mayayı, suyun bir kısmı, ertilmiş tereyağı ve şekeri aktarın.', 'Güzelce karıştırdıktan sonra azar azar un ilave ederek yoğurmaya başlayın. Bu aşamada eğer ihtiyacınız varsa suyun geriye kalanını da ilave edin.\xa0 Tuzu da ekleyerek ele yapışmayan yumuşacık bir hamur elde edin.', 'Elde ettiğiniz hamuru temiz bir kaba aktarın ve üzerini streç film ile hava almayacak şekilde güzelce kapatın. 1 saat kadar oda sıcaklığında mayalandırın.', 'Mayalanan poğaçaları dilediğiniz iç harcı koyarak lezzetlendirin ya da sade bir biçimde şekil vererek yağlı kağıt serili fırın tepsisinin üzerine dizin.', 'Üzerini streç filme kapatın ve oda sıcaklığında 15-20 dakika kadar ikinci mayalandırma için bekletin.', 'Ardından üzerine yumurta sarısı sürün, susam serpin ve 180 derecede ısıtılmış fırında üzeri de kızarana kadar 20-25 dakika kadar pişirin.', 'Çıkarıp oda sıcaklığında bir süre dinlendirdikten sonra afiyetle tüketin.']",POĞAÇA,239b56,/tarif/pogaca/,"['Hamur İşi', 'Poğaça']",['çay saati'],"['Kahvaltı', 'Çay Saati']",['Fırın'],"['Ekonomik', 'Vejetaryen']",False,1500,900,2017-10-11T07:06:16Z,4.0,1016294,3366,False,False,False,0,,0,,,,2017/10/pofuduk-pogaca-tarifi.jpg,0,0,https://cdn.yemek.com/mnresize/940/940/uploads/2017/10/pofuduk-pogaca-tarifi.jpg,940,940,False,https://cdn.yemek.com/mncrop/300/200/uploads/2017/10/pofuduk-pogaca-tarifi.jpg,300,200,True,https://cdn.yemek.com/mncrop/940/625/uploads/2017/10/pofuduk-pogaca-tarifi.jpg,940,625,True,https://cdn.yemek.com/mncrop/620/388/uploads/2017/10/pofuduk-pogaca-tarifi.jpg,620,388,True,https://cdn.yemek.com/mncrop/600/315/uploads/2017/10/pofuduk-pogaca-tarifi.jpg,600,315,True,['fırın'],,,,,
735,154,Yasemin Özaltın,https://cdn.yemek.com/author/35533/20181219061403_avatar.jpg,/profil/yasemingursurer/,Tam Kıvamında: Tarhana Çorbası,Tarhana Çorbası,/tarif/tarhana-corbasi/,20 dk,5 dk,"<p>Bütün <a href=""https://yemek.com/tarif/"" target=""_blank"">yemek tarifleri</a> arasında tarhana çorbası hiç şüphesiz en çok Anadolu kokandır, toprak kokandır. Ekşilisi içilir, kahvaltıda içilir, akşam yemeğinde içilir, <a href=""https://yemek.com/ramazan"" target=""_blank"">sahurda</a> içilir.</p>
<p>Tarhana çorbası bir çorbanın alabileceği en güzel hallerden, <a href=""https://yemek.com/tarif/corba/"" target=""_blank"">çorba tariflerinden</a> en sevilenlerinden biridir. Dilerseniz <a href=""https://yemek.com/tarif/tarhana/"" target=""_blank"">ev tarhanasını</a> kendiniz de yapabilir, meşhur Maraş tarhanası tarifimize ise <a href=""https://yemek.com/tarif/maras-tarhanasi/"" target=""_blank"">şuradan</a> ulaşabilirsiniz. Ev yapımı mis gibi tarhana çorbasını yapmak üstelik toz tarhana çorbasını yapmaktan bile daha kolay.</p>
<p>Her birinin kendine has tarhana çorbası tarifi olan büyüklerimize saygılarımızı sunarak tarhana çorbası yapımını hem video hem de adım adım görselli olarak aşağıda paylaşıyoruz.</p>
",recipe,"['tereyağı', 'tuz', 'ayçiçek yağı', 'sarımsak', 'su', 'domates salçası', 'toz tarhana', 'kuru nane']","['Toz tarhanayı geniş bir karıştırma kasesine alın. Üzerine toz nane ve oda sıcaklığındaki 2 bardak suyu ekleyerek bir çırpıcı yardımıyla karıştırın. Tarhana yumuşayana dek, yaklaşık 15 dakika boyunca oda sıcaklığında yumuşamaya bırakın.', 'Bu sırada geniş bir tencereye sıvıyağ ve tereyağını ekleyip, orta ateşte eritmeye başlayın. Ezilmiş sarımsak ve salçayı ekleyerek kavurmaya başlayın.', 'Yumuşayan tarhana karışımını ekleyin, ardından tuzunu da ekleyin ve karıştırın.', 'Kalan 5 su bardağı suyu ve tencereye ekleyin. Ara ara karıştırarak koyulaşana dek pişirin.', 'Kaynayan çorbayı bekletmeden sıcak olarak servis edin. Pişirdikçe koyulaşan bir çorba olduğu için daha sonra tüketecekseniz üzerine su ilave etmenizi öneririz.', 'Afiyet olsun!']",ÇORBA,,/tarif/corba/,"['Çorba', 'Ramazan', 'Video']","['pratik yemek tarifleri', 'ekonomik', 'akşam yemeği', 'öğle yemeği']","['Öğle Yemeği', 'Akşam Yemeği']","['Tencere', 'Ocak']","['Ekonomik', 'Vejetaryen']",False,1200,300,2019-05-15T05:03:31Z,4.0,1005436,4753,False,True,True,0,,0,,,,2019/05/tarhana-corbasi-yemekcom.jpg,0,0,https://cdn.yemek.com/mnresize/940/940/uploads/2019/05/tarhana-corbasi-yemekcom.jpg,940,940,False,https://cdn.yemek.com/mncrop/300/200/uploads/2019/05/tarhana-corbasi-yemekcom.jpg,300,200,True,https://cdn.yemek.com/mncrop/940/625/uploads/2019/05/tarhana-corbasi-yemekcom.jpg,940,625,True,https://cdn.yemek.com/mncrop/620/388/uploads/2019/05/tarhana-corbasi-yemekcom.jpg,620,388,True,https://cdn.yemek.com/mncrop/600/315/uploads/2019/05/tarhana-corbasi-yemekcom.jpg,600,315,True,['tencere'],greenLight,,,,
736,454,Cemre Özgüzel,https://cdn.yemek.com/author/109/20200211010242_avatar.jpg,/profil/cemre-ozguzel/,Şeflerini Kıskandıran Tarif: Pastane Poğaçası,Pastane Poğaçası,/tarif/pastane-pogacasi/,25 dk,30 dk,"<p>Pastanelerden aldığınız, sabah kahvaltılarınızın en hızlı ve doyurucu kurtarıcısı olan nefis <a href=""https://yemek.com/tarif/pogaca/"" target=""_blank"">poğaçalar</a>... Biliyoruz dışarıdan alınca midenizde biraz ağırlık yapıyor, içerisindeki yağ oranı da sizi biraz düşündürüyor. Ancak bu tarifi evde çok daha ekonomik şekilde, çok daha hafif bir lezzette yapmak mümkün aslında. Bir gece önceden hazırladığınız pastane poğaçalarını yanınıza alarak ofis arkadaşlarınızı sevindirebilir, sıkışan trafiğe rağmen lezzetli ve sağlıklı bir kahvaltıdan ödün vermeden yol alabilir, akşam eve dönüşte çayın yanında tüketebilirsiniz. Uzun süre taze kalması da cabası. Karşınızda: Pastane poğaçası tarifi!</p>
<p>Pastane poğaçalarındaki o yumuşacık dokuyu bu tarifle rahatlıkla yakalamanız da mümkün. Şimdiden ellerinize sağlık diyor, evinin şeflerini mutfağa buyur ediyoruz.</p>
",recipe,"['tuz', 'toz şeker', 'un', 'su', 'yumurta sarısı', 'ılık su', 'kuru maya', 'ılık süt', 'sıvı yağ', 'sıvı yağ']","['Kuru maya ve toz şekeri bir kabın içerisine alın.', 'Üzerine ılık süt ve ılık suyu ilave ederek şeker eriyene kadar güzelce karıştırın.', 'Ardından sıvı yağı da ekleyerek karıştırmaya devam edin.', 'Üzerine azar azar un ilave etmeye başlayın. Bu aşamada tuzu da ekleyin. Unu çok kontrollü bir şekilde ilave ederek güzelce yoğurun.', 'Yumuşak kıvamda\xa0 bir hamur elde edin.', 'Üzerini streç filmle kapatarak oda sıcaklığında 40 dakika kadar mayalandırın. Eğer kış mevsiminde mayalandırma yapıyorsanız daha ılık bir ortamda 1 saat kadar mayalandırın.', 'Mayalanan hamurdan avuç içi büyüklüğünde bezeler elde ederek yuvarlak bir şekil verin. Dilerseniz bu aşamada içlerine harç da koyabilirsiniz.', 'Hazırladığınız hamurları yağlı kağıt serili fırın tepsisine dizin.', 'Yumurta sarısı, yağ ve suyu bir kapta karıştırın. Poğaçaların üzerine fırça yardımıyla sürün. Ardından da çatalla şekil verin.', '180 derecede önceden ısıtılmış fırında yaklaşık 25-30 dakika kadar üzeri kızarıp tam poğaçalar tam kabarana kadar pişirin. Ardından çıkarıp biraz dinlendirdikten sonra servis edin. Afiyetler olsun!']",POĞAÇA,239b56,/tarif/pogaca/,"['Hamur İşi', 'Kahvaltılık', 'Poğaça']","['ekonomik', 'kahvaltı', 'çay saati']","['Kahvaltı', 'Çay Saati']",['Fırın'],['Ekonomik'],False,1500,1800,2020-03-02T06:45:54Z,4.0,1005135,4161,False,False,True,0,,0,,,,2020/03/pastane-pogacasi-one-cikan-yeni.jpg,0,0,https://cdn.yemek.com/mnresize/940/940/uploads/2020/03/pastane-pogacasi-one-cikan-yeni.jpg,940,940,False,https://cdn.yemek.com/mncrop/300/200/uploads/2020/03/pastane-pogacasi-one-cikan-yeni.jpg,300,200,True,https://cdn.yemek.com/mncrop/940/625/uploads/2020/03/pastane-pogacasi-one-cikan-yeni.jpg,940,625,True,https://cdn.yemek.com/mncrop/620/388/uploads/2020/03/pastane-pogacasi-one-cikan-yeni.jpg,620,388,True,https://cdn.yemek.com/mncrop/600/315/uploads/2020/03/pastane-pogacasi-one-cikan-yeni.jpg,600,315,True,['fırın'],,,,,
737,3400,Yasemin Özaltın,https://cdn.yemek.com/author/35533/20181219061403_avatar.jpg,/profil/yasemingursurer/,Püf Noktalarıyla: Kuru Fasulye,Kuru Fasulye,/tarif/kuru-fasulye/,50 dk,30 dk,"<p>Geleneksel sofralarımızın, mutfağımızın sahip olduğu tüm <a href=""https://yemek.com/tarif/"" target=""_blank"">yemek tariflerinin</a> baş tacıdır aslında kuru fasulye. Tarifte yer alan kuru fasulyeler, cinsi ve önerilen pişirme süresine göre bir gece önceden ılık suya basılır. Sıvı yağda kavrulmuş kuru soğan, salça ve toz kırmızı bibere eklenen haşlanmış kuru fasulyeler, kabuk atmaması için kısık ateşte pişirilir. Ona en çok yakışan <a href=""https://yemek.com/tarif/bulgur-pilavi/"" target=""_blank"">bulgur pilavı </a>ya da <a href=""https://yemek.com/tarif/tereyagli-pilav/"" target=""_blank"">tereyağlı pirinç pilavı </a>eşliğinde soğuk ya da sıcak olarak servis edilir.</p>
<p>Yaz sofralarında kuru nane eşlik eder ona yanına buz gibi bir kase <a href=""https://yemek.com/tarif/cacik/"" target=""_blank"">cacık</a>. Sizin anlayacağınız mevsimsizdir kuru fasulye ve damaklarda kalan tadına doyum olmaz.</p>
<p><strong>Kuru fasulye tarifi</strong>ni hazırladık hazırlamasına da yanında ne olsun istersiniz? Önerdiğimiz gibi pilav ve cacık mı yoksa sadece iyi yapılmış bir mısır ekmeği mi? Haydi buyurun etsiz kuru fasulye tarifine!</p>
",recipe,"['tereyağı', 'tuz', 'toz şeker', 'su', 'domates salçası', 'kuru fasulye', 'orta boy kuru soğan', 'tatlı toz kırmızı biber', 'sıvı yağ']","['Kuru fasulye yemeği için 4 yemek kaşığı sıvı yağ ve 2 yemek kaşığı tereyağını derin bir tencereye aktarın ve kızdırın.1 adet yemeklik doğranmış kuru soğanı da ekleyin ve pembeleşinceye kadar kavurun.', 'Soğanlar kavrulduktan sonra 1 yemek kaşığı domates salçasını ekleyin ve kokusu çıkana kadar kavurun.', 'Son olarak bir gece önceden suda beklettiğiniz kuru fasulyeleri de tencereye ekleyin.', 'Sonra 1-2 dakika karıştırın ve 3 su bardağı su, 1 çay kaşığı kırmızı toz biber, 1 çay kaşığı tuz ve 1 çay kaşığı toz şekeri ekleyin, kapağını kapatıp fasulyeler yumuşayana kadar pişirin.', 'Tane tane pişmiş pirinç pilavı ile kuru fasulye yemeğini servis edin, afiyet olsun!']",BAKLİYAT,239b56,/tarif/bakliyat/,"['Ramazan', 'Video', 'Bakliyat']","['ekonomik', 'akşam yemeği', 'öğle yemeği']","['Öğle Yemeği', 'Akşam Yemeği']","['Tencere', 'Ocak']",['Ekonomik'],False,3000,1800,2019-05-06T08:22:00Z,4.0,1003156,4744,False,True,True,0,,0,,,,2015/11/kuru-fasulye-yemekcom.jpg,0,0,https://cdn.yemek.com/mnresize/940/940/uploads/2015/11/kuru-fasulye-yemekcom.jpg,940,940,False,https://cdn.yemek.com/mncrop/300/200/uploads/2015/11/kuru-fasulye-yemekcom.jpg,300,200,True,https://cdn.yemek.com/mncrop/940/625/uploads/2015/11/kuru-fasulye-yemekcom.jpg,940,625,True,https://cdn.yemek.com/mncrop/620/388/uploads/2015/11/kuru-fasulye-yemekcom.jpg,620,388,True,https://cdn.yemek.com/mncrop/600/315/uploads/2015/11/kuru-fasulye-yemekcom.jpg,600,315,True,,,,,,
738,11811,ipeksare,https://cdn.yemek.com/author/262494/20200820091315_avatar.jpg,/profil/ipeksare/,Tüm Sırlarıyla: Lokanta Usulü Mercimek Çorbası,Lokanta Usulü Mercimek Çorbası,/tarif/lokanta-usulu-mercimek-corbasi/,25 dk,15 dk,"<p>Soğuk kış günlerinde adeta bir hediye gibi değil midir, en yakın lokantanın mercimek çorbası... O an, bildiğimiz tüm <a href=""https://yemek.com/tarif/"" target=""_blank"">yemek tariflerinden</a> daha lezzetli gelmez mi, Müptelası değil miyiz?</p>
<p>Bu nefis lezzeti ev konforunda yaşayın istedik. Bu sefer soğuk kış günleri evde kendinizi lokanta usulü <a href=""https://yemek.com/tarif/corba/"" target=""_blank"">çorba</a>yla şımartın bizce. Eh önümüzde çetin bir kış bizi bekliyor. Sarı mercimeğin güzeller güzeli rengine... Hem blenderdan çekilip hem de süzgeçten süzülen pürüzsüz dokusuna saygı duruşunda bulunuyor ve tarifi sizinle buluşturuyoruz.</p>
<p>Her kaşığı afiyet, her kaşığı şifa olsun! <img src=""https://cdn.yemek.com/assets/images/smiley/smile.png"" class=""wp-smiley img-responsive"" /></p>
",recipe,"['tereyağı', 'tereyağı', 'sıcak su', 'tuz', 'pul biber', 'un', 'sarımsak', 'soğan', 'tavuk suyu', 'sarı mercimek']","['Mercimekleri bol suda yıkayın.Tereyağını eritin ve küp küp doğranmış soğanları ve ezilmiş sarımsakları kavurun.', 'Soğan ve sarımsak hafif kavrulunca unu ilave edin ve 2-3 dakika unu kavurun.', 'Çırpma teliyle unu çırpıyorken tavuk suyunu ilave edin.', 'Mercimekleri de ilave edin ve kalan sıcak suyu da ilave edip kaynamaya bırakın.', 'Su kaynayınca tuzu ilave edin ve mercimekler iyice yumuşayıncaya kadar pişirin. Kaynayan ve kıvamlanan çorbayı blenderdan geçirin.', 'Daha sonra ince delikli bir süzgeçten süzün ve pürüzsüz kıvama getirin.', 'Tereyağını eritin ve eriyen tereyağında pul biberi kavurun.Kaynayan çorbanın üzerine dökün ve tahta kaşık yardımıyla yağın çorbayla karışmasına yardımcı olun.', 'İşte bu kadar, afiyetler olsun!']",ÇORBA,,/tarif/corba/,"['Çorba', 'Ramazan', 'Bakliyat']","['pratik yemek tarifleri', 'ekonomik', 'başlangıç', 'akşam yemeği', 'öğle yemeği']","['Öğle Yemeği', 'Akşam Yemeği']",['Tencere'],['Ekonomik'],False,1500,900,2020-11-17T08:42:55Z,4.0,999436,4524,False,False,True,0,,0,,,,2016/10/lokanta-usulu-mercimek-corbasi-one-cikan-yeni.jpg,0,0,https://cdn.yemek.com/mnresize/940/940/uploads/2016/10/lokanta-usulu-mercimek-corbasi-one-cikan-yeni.jpg,940,940,False,https://cdn.yemek.com/mncrop/300/200/uploads/2016/10/lokanta-usulu-mercimek-corbasi-one-cikan-yeni.jpg,300,200,True,https://cdn.yemek.com/mncrop/940/625/uploads/2016/10/lokanta-usulu-mercimek-corbasi-one-cikan-yeni.jpg,940,625,True,https://cdn.yemek.com/mncrop/620/388/uploads/2016/10/lokanta-usulu-mercimek-corbasi-one-cikan-yeni.jpg,620,388,True,https://cdn.yemek.com/mncrop/600/315/uploads/2016/10/lokanta-usulu-mercimek-corbasi-one-cikan-yeni.jpg,600,315,True,"['tencere', 'vejetaryen', 'düşük karbonhidratlı', 'düşük kalorili']",greenLight,,,,
739,122,Neşe Ümit Tan,https://cdn.yemek.com/author/208653/20190910030615_avatar.jpg,/profil/neseumit/,Rengi de Mükemmel: Ayva Tatlısı,Ayva Tatlısı,/tarif/ayva-tatlisi/,1 sa,20 dk,"<p>Kışın sert ve uzun geçeceğinin habercisi olan <a href=""https://yemek.com/tarif/ayva-receli/"" target=""_blank"">ayva</a>, aynı zamanda keyifli bir <a href=""https://yemek.com/tarif/tatli/"" target=""_blank"">tatlı</a> malzemesi. Ayva tatlısı hazırlamak ve yemek sonrası tatlı keyfini şölene dönüştürmek için; ayvanın aromasını arttıracak birkaç ürün yeterli. Sevdiklerinize sunacağınız bu <a href=""https://yemek.com/en-fazla-5-malzemeli-pratik-tatli-tarifleri/"" target=""_blank"">pratik tatlı tarifi</a> ile kış gelsin ve bitmesin isteyeceksiniz. Ayvanın kendisini, reçelini sevmeyenler hazır olun; biliyoruz ki bu tatlıyı seveceksiniz!</p>
<p>Ayva <a href=""https://yemek.com/tarif/tatli/"" target=""_blank"">tatlısını</a> tencerede, en doğal haliyle hazırladık. Gıda boyası kullanmadan doğan renginde ve üzerine de nefis bir kaymak koyarak servis ettik. Hafifliğiyle <a href=""https://yemek.com/tarif/serbetli-tatlilar/"" target=""_blank"">şerbetli bir tatlı</a> olduğuna inanamayacaksınız. Kış bitmeden ayva tatlısı <a href=""https://yemek.com/tarif/"" target=""_blank"">tarif</a>ini denemeyen kalmasın!</p>
",recipe,"['toz şeker', 'su', 'büyük boy ayva', 'çubuk tarçın', 'karanfil', 'kaymak', 'toz Antep fıstığı', 'vişne suyu', 'limonun suyu']","['Bol suda yıkadığınız ayvaların kabuklarını soyun ve ortadan ikiye kesin. Kararmaması için limonlu su içine kabuklarıyla birlikte yerleştirin. Ayva çekirdeklerini daha sonra kullanmak üzere bir kenara ayırın.', 'Geniş tabanlı bir tencereye tek sıra halinde dizdiğiniz her bir ayvanın üzerine tepeleme 2 yemek kaşığı toz şeker ekleyin. Ardından su, limon suyu, ayva çekirdekleri, ayva kabukları ve baharatlarını de tencereye yerleştirin.', 'Tencereyi ocağa alın ve orta ateşte su kaynayınca dek pişirin.', 'Kaynayan suya vişne suyunu da ilave edin ve tencerenin kapağını kapatarak kısık ateşte pişmeye bırakın.', 'Yaklaşık bir saat sonra suyunu iyice çekip renk alan ayvaları bir bıçakla yardımıyla pişip pişmediğini kontrol edin. Pişmişse\xa0ilk sıcaklığının geçmesi\xa0için ocaktan alın ve dinlenmeye bırakın.', 'Pişen ayvaları servis tabağına alın ve tencerede kalan şerbetinden hafifçe üzerine sürün. Kaymak ve toz Antep fıstığı ilavesiyle ılık ya da soğuk olarak tatlıları servis edin.']",MEYVELİ TATLI,239b56,/tarif/meyveli-tatlilar/,"['Tatlı', 'Şerbetli Tatlı', 'Meyveli Tatlı', 'Mevsiminde']","['ekonomik', 'ara öğün']",['Çay Saati'],['Tencere'],"['Glutensiz', 'Vejetaryen', 'Düşük Karbonhidratlı']",False,3600,1200,2019-11-05T11:14:53Z,4.0,977390,1237,False,False,True,0,,0,,,,2014/06/ayva-tatlisi-buyuk-yemekcom.jpg,0,0,https://cdn.yemek.com/mnresize/940/940/uploads/2014/06/ayva-tatlisi-buyuk-yemekcom.jpg,940,940,False,https://cdn.yemek.com/mncrop/300/200/uploads/2014/06/ayva-tatlisi-buyuk-yemekcom.jpg,300,200,True,https://cdn.yemek.com/mncrop/940/625/uploads/2014/06/ayva-tatlisi-buyuk-yemekcom.jpg,940,625,True,https://cdn.yemek.com/mncrop/620/388/uploads/2014/06/ayva-tatlisi-buyuk-yemekcom.jpg,620,388,True,https://cdn.yemek.com/mncrop/600/315/uploads/2014/06/ayva-tatlisi-buyuk-yemekcom.jpg,600,315,True,"['tencere', 'vejetaryen', 'glutensiz']",,"['Ocak', 'Şubat', 'Kasım', 'Aralık']",,,
740,14899,Cemre Özgüzel,https://cdn.yemek.com/author/109/20200211010242_avatar.jpg,/profil/cemre-ozguzel/,Pastane Tadında: Sirkeli Tuzlu Kurabiye,Sirkeli Tuzlu Kurabiye,/tarif/sirkeli-tuzlu-kurabiye/,15 dk,25 dk,"<p>Pastanelerden almaya doyamadığımız o kuru pastalar var ya... İşte onların en büyük sırrı içindeki sirke.</p>
<p>Mutfağımızda sık sık kullandığımız sirke bu sefer <a href=""https://yemek.com/tarif/kurabiye/"" target=""_blank"">kurabiye</a> hamurunun içinde. Çay saatlerinize çok yakışacak bu kıyır kıyır hamuru çok seveceksiniz. Çörek otuyla ve yumurta sarısıyla kızaran o nefis dış yüzeyi de onu sevmek için başka bir neden.</p>
<p>Tek yapmanız gereken sevdiklerinizi bu çay saati için organize etmek ve onlara bu enfes <a href=""https://yemek.com/tarif/pastane-usulu-sirkeli-tuzlu-kurabiye/"" target=""_blank"">tuzlu kurabiye</a>lerden hazırlamak. Gerisi de demli çayın bağlayıcı büyüsüne kalmış.</p>
<p><a href=""https://yemek.com/tarif/kiyir-kiyir-tuzlu-pasta/"" target=""_blank"">Kıyır kıyır tuzlu pasta</a> tarifleri ile sizlere afiyetler olsun.</p>
<p>Daha fazla tarif için: <a href=""https://yemek.com/tarif/"" target=""_blank"">Yemek Tarifleri</a></p>
",recipe,"['tuz', 'yumurta', 'toz şeker', 'un', 'kabartma tozu', 'sirke', 'çörek otu', 'oda sıcaklığında tereyağı', 'yumurta beyazı', 'sıvı yağ']","['Oda sıcaklığındaki 250 gram tereyağını bir kabın içerisine alın. Üzerine 1 çay bardağı sıvı yağ ve 2 adet yumurta ilave ederek elinizle karıştırın.', 'Bu karışımın içerisine 2 yemek kaşığı sirke, 1 tatlı kaşığı tuz, 1,5 tatlı kaşığı toz şeker ve 1 paket kabartma tozu ilave ederek karıştırmaya devam edin.', 'Ardından 3 su bardağı kadar unu azar azar ilave ederek ele yapışmayan bir hamur elde edene kadar yoğurun.', 'Hamurdan ceviz büyüklüğünde parçalar kopartın ve ince bir rulo olacak şekilde uzatın. Bıçak yardımıyla 4 parmak genişliğinde kesin.', 'Üzerine yumurta beyazı ve çörek otu serperek fırın tepsisine dizin.', '180 derecelik fırında, üzeri kızarana kadar 10-12 dakika kadar pişirin ve fırından alıp\xa0 soğumaya bırakın. İşte bu kadar, afiyetler olsun!']",TUZLU KURABİYE,239b56,/tarif/tuzlu-kurabiyeler/,"['Kurabiye', 'Video', 'Tuzlu Kurabiye']",['çay saati'],['Çay Saati'],['Fırın'],['Vejetaryen'],False,900,1500,2017-02-20T15:25:51Z,4.0,970001,5433,False,True,True,0,,0,,,,2017/02/sirkeli-tuzlu-kurabiye-yemekcom.jpg,0,0,https://cdn.yemek.com/mnresize/940/940/uploads/2017/02/sirkeli-tuzlu-kurabiye-yemekcom.jpg,940,940,False,https://cdn.yemek.com/mncrop/300/200/uploads/2017/02/sirkeli-tuzlu-kurabiye-yemekcom.jpg,300,200,True,https://cdn.yemek.com/mncrop/940/625/uploads/2017/02/sirkeli-tuzlu-kurabiye-yemekcom.jpg,940,625,True,https://cdn.yemek.com/mncrop/620/388/uploads/2017/02/sirkeli-tuzlu-kurabiye-yemekcom.jpg,620,388,True,https://cdn.yemek.com/mncrop/600/315/uploads/2017/02/sirkeli-tuzlu-kurabiye-yemekcom.jpg,600,315,True,,,,,,
741,612,Yasemin Özaltın,https://cdn.yemek.com/author/35533/20181219061403_avatar.jpg,/profil/yasemingursurer/,"Dolu Dolu: Havuçlu, Tarçınlı, Cevizli Kek","Havuçlu, Tarçınlı, Cevizli Kek",/tarif/havuclu-tarcinli-kek/,40 dk,20 dk,"<p>Mikserleri çalıştırın! Altın günlerinde kulaktan kulağa tarifi fısıldanan lezzetiyle bilinen havuçlu, tarçınlı, <a href=""https://yemek.com/tarif/cevizli-kek/"" target=""_blank"">cevizli kek</a>in tarifini paylaşıyoruz ki damağınız şenlensin. Bu tarifi tüm adımlarıyla birebir hazırladığınızda öyle güzel oluyor ki, bundan sonra başka tarifler denemeyeceksiniz. İçi nemli, mis kokulu ve müthiş lezzetli havuçlu tarçınlı cevizli kek <a href=""https://yemek.com/tarif/"" target=""_blank"">tarif</a>imizi deneyenlerle yorumlarda buluşalım!</p>
<p><a href=""https://yemek.com/tarif/kek/"" target=""_blank"">Kek tariflerinin</a> en sevilenlerinden olan havuçlu kek tarçın desteğiyle en güzel haliyle karşınızda! <strong>Tüm püf noktaları</strong> ise aşağıda...</p>
",recipe,"['limon suyu', 'yumurta', 'toz şeker', 'süt', 'un', 'havuç', 'tarçın', 'ceviz içi', 'karbonat', 'vanilin', 'sıvı yağ']","['Havuçlu, tarçınlı, cevizli kek tarifi için oda sıcaklığında bekletilmiş 3 adet yumurta ile 1 su bardağı toz şekeri mikserle çırpın, bu işleme şeker tamamen eriyene kadar devam edin.', 'Ardından sırasıyla; 1 su bardağı sütü,\xa0yarım su bardağı sıvı yağı ilave edin.', 'Unu, karbonatı, limon suyunu ve vanilini harca eleyerek ekleyin, ardından mikserle çırpın.', 'Karışıma rendeleyip fazla suyunu aldığınız havuç, iri dövülmüş ceviz içi ve tarçını ekleyin.', 'Kek kalıbınızın tabanını yağlayın.', 'Kalıba aktardığınız keki, önceden ısıtılmış 170 derecelik fırında, yaklaşık 40 dakika pişirin. Soğuduktan sonra üzerine pudra şekeri serperek servis edin. Afiyet olsun.']",TATLI KEK,239b56,/tarif/tatli-kek/,"['Kek', 'Video', 'Tatlı Kek', 'Mevsiminde']","['ekonomik', 'ara öğün', 'çay saati']",['Çay Saati'],['Fırın'],,False,2400,1200,2020-11-24T12:02:38Z,4.0,968347,6578,False,True,False,0,,0,,,,2014/09/havuclu-tarcinli-kek-yemekcom2.jpg,0,0,https://cdn.yemek.com/mnresize/940/940/uploads/2014/09/havuclu-tarcinli-kek-yemekcom2.jpg,940,940,False,https://cdn.yemek.com/mncrop/300/200/uploads/2014/09/havuclu-tarcinli-kek-yemekcom2.jpg,300,200,True,https://cdn.yemek.com/mncrop/940/625/uploads/2014/09/havuclu-tarcinli-kek-yemekcom2.jpg,940,625,True,https://cdn.yemek.com/mncrop/620/388/uploads/2014/09/havuclu-tarcinli-kek-yemekcom2.jpg,620,388,True,https://cdn.yemek.com/mncrop/600/315/uploads/2014/09/havuclu-tarcinli-kek-yemekcom2.jpg,600,315,True,['fırın'],,"['Ocak', 'Şubat', 'Mart']",,,
742,1621,Yasemin Özaltın,https://cdn.yemek.com/author/35533/20181219061403_avatar.jpg,/profil/yasemingursurer/,Sonuç Mükemmel: Fırında Makarna,Fırında Makarna,/tarif/firinda-makarna/,25 dk,20 dk,"<p><a href=""https://yemek.com/tarif/hamur-isi/"" target=""_blank"">Hamur işlerine</a> olan ülkece yatkınlığımızı hepimiz kabul ederiz. Bu işin ana vatanı İtalya olsa da mesela <a href=""https://yemek.com/tarif/makarna/"" target=""_blank"">makarna</a> konusunda yüzlerce çeşitle onlardan aşağı kalmayız. Yeri gelir soslarla şov yaparız, yeri gelir erişteden makarna yaparız, yeri gelir fırınlarız, yeri gelir öğrenci evi gibi ketçap mayonezle yeriz. Ama biz bu işi biliriz. Bugün de fırınlıyoruz.</p>
<p>Spagettinin kalını, içi derin boşluklu fırın makarnaları özenle haşladıktan sonra özel sosuyla buluşturuyor, rendelenmiş kaşar peyniri ilavesiyle üzeri nar gibi kızarana kadar fırınlıyoruz. Pek kolay ve pratik olan beşamel soslu fırında makarna tarifimiz hazır olduğu gibi sofraya alıyor ve afiyetle sevdiklerimizle paylaşıyoruz.</p>
<p>Fırında peynirli makarna tarifi arayanları da unutmuyor, onları buraya davet ediyoruz: <a href=""https://yemek.com/tarif/beyaz-peynirli-firinda-makarna/"" target=""_blank"">Beyaz Peynirli Fırında Makarna Tarifi</a></p>
<p>""Ben fırında makarna çeşitlerini görmek istiyorum"" diyorsanız şöyle de buyurabilirsiniz: <a href=""https://yemek.com/firinda-makarna-tarifleri/"" target=""_blank"">Fırında Makarna Aşkını Doya Doya Yaşatan 10 Malzemesine Dolgun Tarif</a></p>
",recipe,"['tereyağı', 'süt', 'un', 'rendelenmiş kaşar peyniri', 'fırın makarna', 'muskat cevizi', 'sıvı yağ']","['Beşamel sosu hazırlamak için; 4 yemek kaşığı tereyağı ve 2 yemek kaşığı sıvı yağı bir sos tenceresinde kızdırın.', 'Ardından 3 yemek kaşığı unu üzerine ilave edin ve kokusu çıkana kadar kavurun.', '2,5 su bardağı sütü de sos tenceresine ilave edip iyice karıştırın ve karışım koyulaşana kadar orta ateşte pişirin. Ara ara karıştırmayı ihmal etmeyin.', 'Pişmiş olan beşamel sosun üzerine yarım muskat rendeleyip karıştırın ve ocaktan alın. Arzuya göre tuz ve karabiber ile tatlandırın.', '<div>Derin bir tencerede kaynamış olan tuzlu suyun içine fırın makarnayı atın ve 10 dakika, yumuşayana kadar pişirin. Ocaktan alıp, suyunu süzdürün.</div>\n&nbsp;', 'Geniş bir kabın içerisinde, süzülmüş olan makarnayı ve beşamel sosu güzelce karıştırın.', 'Makarnayı, pişireceğiniz fırın kabına alın ve üzerine 1,5 su bardağı rendelenmiş kaşar peyniri\xa0serpiştirin.', '<div>Önceden ısıtılmış 190 derece fırında 25 dakika pişirin. İlk sıcaklığı geçtikten sonra dilimleyin ve servis edin. Fırın makarnamız hazır, afiyet olsun!</div>']",MAKARNA,239b56,/tarif/makarna/,"['Makarna', 'Video']","['ekonomik', 'akşam yemeği', 'öğle yemeği']","['Öğle Yemeği', 'Akşam Yemeği']",,,False,1500,1200,2019-04-04T07:35:51Z,4.0,961687,7167,False,True,True,0,,0,,,,2015/02/firin-makarna-yemekcom-yeni.jpg,0,0,https://cdn.yemek.com/mnresize/940/940/uploads/2015/02/firin-makarna-yemekcom-yeni.jpg,940,940,False,https://cdn.yemek.com/mncrop/300/200/uploads/2015/02/firin-makarna-yemekcom-yeni.jpg,300,200,True,https://cdn.yemek.com/mncrop/940/625/uploads/2015/02/firin-makarna-yemekcom-yeni.jpg,940,625,True,https://cdn.yemek.com/mncrop/620/388/uploads/2015/02/firin-makarna-yemekcom-yeni.jpg,620,388,True,https://cdn.yemek.com/mncrop/600/315/uploads/2015/02/firin-makarna-yemekcom-yeni.jpg,600,315,True,['fırın'],,,,,
743,47391,Gökçen Mutaf,https://cdn.yemek.com/author/23120/20181227103819_avatar.jpeg,/profil/gokcenmutaf/,Sadece 10 Dakikada: Etsiz Çiğ Köfte,Etsiz Çiğ Köfte,/tarif/etsiz-cig-kofte/,10 dk,10 dk,"<p><a href=""https://yemek.com/tarif/etli-cig-kofte/"" target=""_blank"">Çiğ köfte tarifini</a> biz hep uzun uzun yoğrulan, maharet isteyen, herkesin kolaylıkla yapamayacağı bir tarif olarak biliyoruz. Urfa başta olmak üzere Güney Doğu'nun en sevilen tariflerinden biri olan <a href=""https://yemek.com/tarif/etsiz-cig-kofte-2/"" target=""_blank"">çiğ köfte</a> orijinalinde etli çiğ köfte olarak yapılıp sunulan bir tarif. Ancak evde daha ekonomik bir şekilde yapılmak istendiğinde elimiz hep etsiz çiğ köfte tarifine gidiyor. Onun da yoğrulması bir hayli zaman alıyor. Gelin, şu işi daha kolaylaştıralım. Karşınızda, en kolay ve lezzetlisinden: <strong>Etsiz çiğ köfte tarifi!</strong></p>
<p>Bu çiğ köfte tarifi yoğrulmadan, robotta tüm malzemelerin çekilmesiyle hazırlanıyor. Bu şekilde hem zamanda kazanılıyor hem de <strong>yoğurmadan enfes çiğ köfte</strong> hazırlanmış oluyor. Hadi o zaman şimdiden ellerinize sağlık diyor, bu pratik <a href=""https://yemek.com/tarif/mezeler/"" target=""_blank"">meze tariflerinden</a> biri olan etsiz çiğ köfte tarifine buyur ediyoruz sizleri. ''Çiğ köfte nasıl yapılır?'' sorunuzun cevabı tarifimizde saklı!</p>
",recipe,"['sıcak su', 'tuz', 'limon suyu', 'zeytinyağı', 'domates salçası', 'nar ekşisi', 'isot', 'soğan', 'tatlı toz kırmızı biber', 'esmer bulgur']","['Bulguru derince bir kaba alın ve üstüne 1,5 bardak sıcak suyu gezdirin. Üstünü kapatıp 10 dakika beklemeye alın.', 'Bulgur kabarırken soğanı robottan çekin.', 'Soğanı tel bir süzgece alarak fazla suyunu sıkın.', 'İsotu da bir kaseye alın ve üstüne sıcak su ekleyip 5 dakika kadar beklemeye alın.', 'Bulgur kabardıktan sonra, mutfak robotuna kabarmış bulguru alın ve üstüne, robottan çektiğiniz kuru soğanı, ıslanmış isotu (suyuyla birlikte), limon suyunu, nar ekşisini, zeytinyağını, tuzu, salçayı ve kırmızı biberi ekleyip, robottan ara ara durdurarak 10 dakika kadar çekin.', 'Sonra bir kaba alın ve elinize birkaç dakika daha yoğurun.', 'Klasik çiğ köfte şeklini verin.', 'Dilerseniz dürüm şeklinde de servis edebilirsiniz.', 'Suşi şeklini vermek için ise hazırladığınız dürümü halka halka doğrarsanız harika olur. Afiyet olsun!']",MEZE,239b56,/tarif/mezeler/,"['Özel Beslenme', 'Vejetaryen', 'Atıştırmalık', 'Meze', 'Vegan', 'Video', 'Tuzlu Atıştırmalık']",['ekonomik'],"['Öğle Yemeği', 'Akşam Yemeği']",,"['Ekonomik', 'Vejetaryen', 'Vegan']",False,600,600,2020-10-01T07:15:08Z,4.0,952286,3376,False,True,True,0,,0,,,,2020/10/etsiz-cig-kofte-yemekcom.jpg,0,0,https://cdn.yemek.com/mnresize/940/940/uploads/2020/10/etsiz-cig-kofte-yemekcom.jpg,940,940,False,https://cdn.yemek.com/mncrop/300/200/uploads/2020/10/etsiz-cig-kofte-yemekcom.jpg,300,200,True,https://cdn.yemek.com/mncrop/940/625/uploads/2020/10/etsiz-cig-kofte-yemekcom.jpg,940,625,True,https://cdn.yemek.com/mncrop/620/388/uploads/2020/10/etsiz-cig-kofte-yemekcom.jpg,620,388,True,https://cdn.yemek.com/mncrop/600/315/uploads/2020/10/etsiz-cig-kofte-yemekcom.jpg,600,315,True,['vejetaryen'],,,,,
744,827,Yasemin Özaltın,https://cdn.yemek.com/author/35533/20181219061403_avatar.jpg,/profil/yasemingursurer/,Lokum Tadında: Et Sote,Et Sote,/tarif/et-sote/,50 dk,20 dk,"<p>''Etim pişirirken sertleşiyor'' sorununu çözmeye geliyor bu nefis <a href=""https://yemek.com/tarif/"" target=""_blank"">yemek tarifimiz</a>. <a href=""https://yemek.com/tarif/et"" target=""_blank"">Et tarifleri</a> arasında en klasiklerden sayılan et sote tarifi buyurun. Bu tarifle et sote denediğinizde pişirdiğiniz <strong>etler lokum kıvamında ve yumuşacık</strong> oluyor. Lezzet seviyesi içerisine konan domates, soğan ve biberle birlikte zirveye çıkıyor. Bu zamana kadar denediğiniz hiçbir et sote tarifinden bu denli iyi bir sonuç almadığınızdan eminiz. Karşınızda tüm püf noktaları ve lezzet sırlarıyla yumuşacık pişen et sote tarifi.</p>
<p>Etli yemeklerin en kolay ve en dikkatli şekilde pişirilmesi de şart olan tariflerinin başında geliyor kendileri. <strong>Yüksek ısıda mühürlemek</strong>, soğan ve domatesini mutlaka ilave etmek şart. Yanına bir pilav ve salatayla en şahane öğüne dönüşüyor. Adım adım resimli anlatımıyla et sote tarifimizi denemeye davetlisiniz.</p>
",recipe,"['biber salçası', 'sıcak su', 'tuz', 'zeytinyağı', 'domates salçası', 'kekik', 'taze çekilmiş tane karabiber', 'orta boy kuru soğan', 'orta boy domates', 'orta boy yeşil biber', 'sotelik dana eti']","['Döküm bir tavada 4 yemek kaşığı zeytinyağını kızdırın. 1 adet yemeklik ince doğradığınız soğanları tavaya ekleyin.', 'Renk alan soğanların üzerine 3 adet doğranmış yeşil biber ekleyin ve sotelemeye devam edin.', 'Sotelik doğradığınız 600 gram dana etini ilave edin.', 'Suyunu salmaması, lezzet ve vitamin değerini hapsetmesi için; yüksek ateşte, yaklaşık 2-3 dakika hiç karıştırmadan mühürleyin.', 'Dış kısmı renk alan etleri aralarda karıştırarak yüksek ateşte sotelemeye devam edin.', '3 adet soyulmuş, doğranmış domatesi\xa0ekleyerek karıştırın. Ardından 1 çay kaşığı tuz, karabiber, 1 tatlı kaşığı kekiği de ekleyin.', 'Bir tatlı kaşığı domates ve yarım tatlı kaşığı biber salçasını 1 su bardağı sıcak su ile sulandırdıktan sonra azar azar tavaya ekleyin.', 'Kısık ateşte etler yumuşayana kadar pişirin.', 'Etleri yumuşayan soteyi, lezzetli suyuyla birlikte servis tabaklarına alın ve sıcak sıcak servis edin. Afiyet olsun!']",ET,239b56,/tarif/et/,"['Et', 'Ramazan', 'Video']","['akşam yemeği', 'öğle yemeği']","['Öğle Yemeği', 'Akşam Yemeği']","['Tencere', 'Ocak']",['Ekonomik'],False,3000,1200,2021-06-27T08:43:24Z,4.0,1064923,6300,False,True,True,0,,0,,,,2014/10/etsote-yemekcom.jpg,0,0,https://cdn.yemek.com/mnresize/940/940/uploads/2014/10/etsote-yemekcom.jpg,940,940,False,https://cdn.yemek.com/mncrop/300/200/uploads/2014/10/etsote-yemekcom.jpg,300,200,True,https://cdn.yemek.com/mncrop/940/625/uploads/2014/10/etsote-yemekcom.jpg,940,625,True,https://cdn.yemek.com/mncrop/620/388/uploads/2014/10/etsote-yemekcom.jpg,620,388,True,https://cdn.yemek.com/mncrop/600/315/uploads/2014/10/etsote-yemekcom.jpg,600,315,True,"['tencere', 'bol proteinli', 'glutensiz']",,,,,
745,23805,Cemre Özgüzel,https://cdn.yemek.com/author/109/20200211010242_avatar.jpg,/profil/cemre-ozguzel/,İşin Sırrı Hamurunda: Pofuduk Poğaça,Pofuduk Poğaça,/tarif/pofuduk-pogaca/,25 dk,15 dk,"<p>Üzerine bastırdığınızda içine göçüp sonra hemencecik eski formuna dönen, iç dokusu yumuşacık bir <a href=""https://yemek.com/tarif/pogaca"" target=""_blank"">poğaçayı</a> misafir ediyoruz. Bu poğaçaların en önemli sırlarının başında içerisinde ılık malzemeler kullanmak geliyor. Kullanacağınız tüm sıvı malzemelerin ılık olması ve diğer malzemelerin oda sıcaklığına olması o pofuduk kıvamı yakalamanıza yardımcı oluyor.</p>
<p>En önemli ikinci püf noktası ise mayalandırma kısmı. Hamurunuzu önce oda sıcaklığında mayalandırın mutlaka. Şekil verdikten sonra bırakın biraz daha dinlensin, güzelleşsin. Yumuşacık kıvamının sırrı malzemelerse, pişerken puf puf olmasının sırrı mayalandırma işlemi. Bu noktalara dikkat edin, gerisini hiç düşünmeyin. <img src=""https://cdn.yemek.com/assets/images/smiley/wink.png"" class=""wp-smiley img-responsive"" /></p>
<p>Herkesin sırlarının peşinden koşacağı <a href=""https://yemek.com/tarif/"" target=""_blank"">tarif</a>imize bekleniyorsunuz.</p>
",recipe,"['tereyağı', 'tuz', 'yumurta', 'toz şeker', 'un', 'yumurta sarısı', 'ılık su', 'susam', 'ılık süt', 'instant maya']","['Tereyağını minik bir sos tenceresinin içerisinde eritin.', 'Erittikten sonra birkaç dakika soğumaya bırakın.', 'Soğuduktan sonra derin bir kabın içerisine ılık süt, yumurta, mayayı, suyun bir kısmı, ertilmiş tereyağı ve şekeri aktarın.', 'Güzelce karıştırdıktan sonra azar azar un ilave ederek yoğurmaya başlayın. Bu aşamada eğer ihtiyacınız varsa suyun geriye kalanını da ilave edin.\xa0 Tuzu da ekleyerek ele yapışmayan yumuşacık bir hamur elde edin.', 'Elde ettiğiniz hamuru temiz bir kaba aktarın ve üzerini streç film ile hava almayacak şekilde güzelce kapatın. 1 saat kadar oda sıcaklığında mayalandırın.', 'Mayalanan poğaçaları dilediğiniz iç harcı koyarak lezzetlendirin ya da sade bir biçimde şekil vererek yağlı kağıt serili fırın tepsisinin üzerine dizin.', 'Üzerini streç filme kapatın ve oda sıcaklığında 15-20 dakika kadar ikinci mayalandırma için bekletin.', 'Ardından üzerine yumurta sarısı sürün, susam serpin ve 180 derecede ısıtılmış fırında üzeri de kızarana kadar 20-25 dakika kadar pişirin.', 'Çıkarıp oda sıcaklığında bir süre dinlendirdikten sonra afiyetle tüketin.']",POĞAÇA,239b56,/tarif/pogaca/,"['Hamur İşi', 'Poğaça']",['çay saati'],"['Kahvaltı', 'Çay Saati']",['Fırın'],"['Ekonomik', 'Vejetaryen']",False,1500,900,2017-10-11T07:06:16Z,4.0,1016294,3366,False,False,False,0,,0,,,,2017/10/pofuduk-pogaca-tarifi.jpg,0,0,https://cdn.yemek.com/mnresize/940/940/uploads/2017/10/pofuduk-pogaca-tarifi.jpg,940,940,False,https://cdn.yemek.com/mncrop/300/200/uploads/2017/10/pofuduk-pogaca-tarifi.jpg,300,200,True,https://cdn.yemek.com/mncrop/940/625/uploads/2017/10/pofuduk-pogaca-tarifi.jpg,940,625,True,https://cdn.yemek.com/mncrop/620/388/uploads/2017/10/pofuduk-pogaca-tarifi.jpg,620,388,True,https://cdn.yemek.com/mncrop/600/315/uploads/2017/10/pofuduk-pogaca-tarifi.jpg,600,315,True,['fırın'],,,,,
746,154,Yasemin Özaltın,https://cdn.yemek.com/author/35533/20181219061403_avatar.jpg,/profil/yasemingursurer/,Tam Kıvamında: Tarhana Çorbası,Tarhana Çorbası,/tarif/tarhana-corbasi/,20 dk,5 dk,"<p>Bütün <a href=""https://yemek.com/tarif/"" target=""_blank"">yemek tarifleri</a> arasında tarhana çorbası hiç şüphesiz en çok Anadolu kokandır, toprak kokandır. Ekşilisi içilir, kahvaltıda içilir, akşam yemeğinde içilir, <a href=""https://yemek.com/ramazan"" target=""_blank"">sahurda</a> içilir.</p>
<p>Tarhana çorbası bir çorbanın alabileceği en güzel hallerden, <a href=""https://yemek.com/tarif/corba/"" target=""_blank"">çorba tariflerinden</a> en sevilenlerinden biridir. Dilerseniz <a href=""https://yemek.com/tarif/tarhana/"" target=""_blank"">ev tarhanasını</a> kendiniz de yapabilir, meşhur Maraş tarhanası tarifimize ise <a href=""https://yemek.com/tarif/maras-tarhanasi/"" target=""_blank"">şuradan</a> ulaşabilirsiniz. Ev yapımı mis gibi tarhana çorbasını yapmak üstelik toz tarhana çorbasını yapmaktan bile daha kolay.</p>
<p>Her birinin kendine has tarhana çorbası tarifi olan büyüklerimize saygılarımızı sunarak tarhana çorbası yapımını hem video hem de adım adım görselli olarak aşağıda paylaşıyoruz.</p>
",recipe,"['tereyağı', 'tuz', 'ayçiçek yağı', 'sarımsak', 'su', 'domates salçası', 'toz tarhana', 'kuru nane']","['Toz tarhanayı geniş bir karıştırma kasesine alın. Üzerine toz nane ve oda sıcaklığındaki 2 bardak suyu ekleyerek bir çırpıcı yardımıyla karıştırın. Tarhana yumuşayana dek, yaklaşık 15 dakika boyunca oda sıcaklığında yumuşamaya bırakın.', 'Bu sırada geniş bir tencereye sıvıyağ ve tereyağını ekleyip, orta ateşte eritmeye başlayın. Ezilmiş sarımsak ve salçayı ekleyerek kavurmaya başlayın.', 'Yumuşayan tarhana karışımını ekleyin, ardından tuzunu da ekleyin ve karıştırın.', 'Kalan 5 su bardağı suyu ve tencereye ekleyin. Ara ara karıştırarak koyulaşana dek pişirin.', 'Kaynayan çorbayı bekletmeden sıcak olarak servis edin. Pişirdikçe koyulaşan bir çorba olduğu için daha sonra tüketecekseniz üzerine su ilave etmenizi öneririz.', 'Afiyet olsun!']",ÇORBA,,/tarif/corba/,"['Çorba', 'Ramazan', 'Video']","['pratik yemek tarifleri', 'ekonomik', 'akşam yemeği', 'öğle yemeği']","['Öğle Yemeği', 'Akşam Yemeği']","['Tencere', 'Ocak']","['Ekonomik', 'Vejetaryen']",False,1200,300,2019-05-15T05:03:31Z,4.0,1005436,4753,False,True,True,0,,0,,,,2019/05/tarhana-corbasi-yemekcom.jpg,0,0,https://cdn.yemek.com/mnresize/940/940/uploads/2019/05/tarhana-corbasi-yemekcom.jpg,940,940,False,https://cdn.yemek.com/mncrop/300/200/uploads/2019/05/tarhana-corbasi-yemekcom.jpg,300,200,True,https://cdn.yemek.com/mncrop/940/625/uploads/2019/05/tarhana-corbasi-yemekcom.jpg,940,625,True,https://cdn.yemek.com/mncrop/620/388/uploads/2019/05/tarhana-corbasi-yemekcom.jpg,620,388,True,https://cdn.yemek.com/mncrop/600/315/uploads/2019/05/tarhana-corbasi-yemekcom.jpg,600,315,True,['tencere'],greenLight,,,,
747,454,Cemre Özgüzel,https://cdn.yemek.com/author/109/20200211010242_avatar.jpg,/profil/cemre-ozguzel/,Şeflerini Kıskandıran Tarif: Pastane Poğaçası,Pastane Poğaçası,/tarif/pastane-pogacasi/,25 dk,30 dk,"<p>Pastanelerden aldığınız, sabah kahvaltılarınızın en hızlı ve doyurucu kurtarıcısı olan nefis <a href=""https://yemek.com/tarif/pogaca/"" target=""_blank"">poğaçalar</a>... Biliyoruz dışarıdan alınca midenizde biraz ağırlık yapıyor, içerisindeki yağ oranı da sizi biraz düşündürüyor. Ancak bu tarifi evde çok daha ekonomik şekilde, çok daha hafif bir lezzette yapmak mümkün aslında. Bir gece önceden hazırladığınız pastane poğaçalarını yanınıza alarak ofis arkadaşlarınızı sevindirebilir, sıkışan trafiğe rağmen lezzetli ve sağlıklı bir kahvaltıdan ödün vermeden yol alabilir, akşam eve dönüşte çayın yanında tüketebilirsiniz. Uzun süre taze kalması da cabası. Karşınızda: Pastane poğaçası tarifi!</p>
<p>Pastane poğaçalarındaki o yumuşacık dokuyu bu tarifle rahatlıkla yakalamanız da mümkün. Şimdiden ellerinize sağlık diyor, evinin şeflerini mutfağa buyur ediyoruz.</p>
",recipe,"['tuz', 'toz şeker', 'un', 'su', 'yumurta sarısı', 'ılık su', 'kuru maya', 'ılık süt', 'sıvı yağ', 'sıvı yağ']","['Kuru maya ve toz şekeri bir kabın içerisine alın.', 'Üzerine ılık süt ve ılık suyu ilave ederek şeker eriyene kadar güzelce karıştırın.', 'Ardından sıvı yağı da ekleyerek karıştırmaya devam edin.', 'Üzerine azar azar un ilave etmeye başlayın. Bu aşamada tuzu da ekleyin. Unu çok kontrollü bir şekilde ilave ederek güzelce yoğurun.', 'Yumuşak kıvamda\xa0 bir hamur elde edin.', 'Üzerini streç filmle kapatarak oda sıcaklığında 40 dakika kadar mayalandırın. Eğer kış mevsiminde mayalandırma yapıyorsanız daha ılık bir ortamda 1 saat kadar mayalandırın.', 'Mayalanan hamurdan avuç içi büyüklüğünde bezeler elde ederek yuvarlak bir şekil verin. Dilerseniz bu aşamada içlerine harç da koyabilirsiniz.', 'Hazırladığınız hamurları yağlı kağıt serili fırın tepsisine dizin.', 'Yumurta sarısı, yağ ve suyu bir kapta karıştırın. Poğaçaların üzerine fırça yardımıyla sürün. Ardından da çatalla şekil verin.', '180 derecede önceden ısıtılmış fırında yaklaşık 25-30 dakika kadar üzeri kızarıp tam poğaçalar tam kabarana kadar pişirin. Ardından çıkarıp biraz dinlendirdikten sonra servis edin. Afiyetler olsun!']",POĞAÇA,239b56,/tarif/pogaca/,"['Hamur İşi', 'Kahvaltılık', 'Poğaça']","['ekonomik', 'kahvaltı', 'çay saati']","['Kahvaltı', 'Çay Saati']",['Fırın'],['Ekonomik'],False,1500,1800,2020-03-02T06:45:54Z,4.0,1005135,4161,False,False,True,0,,0,,,,2020/03/pastane-pogacasi-one-cikan-yeni.jpg,0,0,https://cdn.yemek.com/mnresize/940/940/uploads/2020/03/pastane-pogacasi-one-cikan-yeni.jpg,940,940,False,https://cdn.yemek.com/mncrop/300/200/uploads/2020/03/pastane-pogacasi-one-cikan-yeni.jpg,300,200,True,https://cdn.yemek.com/mncrop/940/625/uploads/2020/03/pastane-pogacasi-one-cikan-yeni.jpg,940,625,True,https://cdn.yemek.com/mncrop/620/388/uploads/2020/03/pastane-pogacasi-one-cikan-yeni.jpg,620,388,True,https://cdn.yemek.com/mncrop/600/315/uploads/2020/03/pastane-pogacasi-one-cikan-yeni.jpg,600,315,True,['fırın'],,,,,
748,3400,Yasemin Özaltın,https://cdn.yemek.com/author/35533/20181219061403_avatar.jpg,/profil/yasemingursurer/,Püf Noktalarıyla: Kuru Fasulye,Kuru Fasulye,/tarif/kuru-fasulye/,50 dk,30 dk,"<p>Geleneksel sofralarımızın, mutfağımızın sahip olduğu tüm <a href=""https://yemek.com/tarif/"" target=""_blank"">yemek tariflerinin</a> baş tacıdır aslında kuru fasulye. Tarifte yer alan kuru fasulyeler, cinsi ve önerilen pişirme süresine göre bir gece önceden ılık suya basılır. Sıvı yağda kavrulmuş kuru soğan, salça ve toz kırmızı bibere eklenen haşlanmış kuru fasulyeler, kabuk atmaması için kısık ateşte pişirilir. Ona en çok yakışan <a href=""https://yemek.com/tarif/bulgur-pilavi/"" target=""_blank"">bulgur pilavı </a>ya da <a href=""https://yemek.com/tarif/tereyagli-pilav/"" target=""_blank"">tereyağlı pirinç pilavı </a>eşliğinde soğuk ya da sıcak olarak servis edilir.</p>
<p>Yaz sofralarında kuru nane eşlik eder ona yanına buz gibi bir kase <a href=""https://yemek.com/tarif/cacik/"" target=""_blank"">cacık</a>. Sizin anlayacağınız mevsimsizdir kuru fasulye ve damaklarda kalan tadına doyum olmaz.</p>
<p><strong>Kuru fasulye tarifi</strong>ni hazırladık hazırlamasına da yanında ne olsun istersiniz? Önerdiğimiz gibi pilav ve cacık mı yoksa sadece iyi yapılmış bir mısır ekmeği mi? Haydi buyurun etsiz kuru fasulye tarifine!</p>
",recipe,"['tereyağı', 'tuz', 'toz şeker', 'su', 'domates salçası', 'kuru fasulye', 'orta boy kuru soğan', 'tatlı toz kırmızı biber', 'sıvı yağ']","['Kuru fasulye yemeği için 4 yemek kaşığı sıvı yağ ve 2 yemek kaşığı tereyağını derin bir tencereye aktarın ve kızdırın.1 adet yemeklik doğranmış kuru soğanı da ekleyin ve pembeleşinceye kadar kavurun.', 'Soğanlar kavrulduktan sonra 1 yemek kaşığı domates salçasını ekleyin ve kokusu çıkana kadar kavurun.', 'Son olarak bir gece önceden suda beklettiğiniz kuru fasulyeleri de tencereye ekleyin.', 'Sonra 1-2 dakika karıştırın ve 3 su bardağı su, 1 çay kaşığı kırmızı toz biber, 1 çay kaşığı tuz ve 1 çay kaşığı toz şekeri ekleyin, kapağını kapatıp fasulyeler yumuşayana kadar pişirin.', 'Tane tane pişmiş pirinç pilavı ile kuru fasulye yemeğini servis edin, afiyet olsun!']",BAKLİYAT,239b56,/tarif/bakliyat/,"['Ramazan', 'Video', 'Bakliyat']","['ekonomik', 'akşam yemeği', 'öğle yemeği']","['Öğle Yemeği', 'Akşam Yemeği']","['Tencere', 'Ocak']",['Ekonomik'],False,3000,1800,2019-05-06T08:22:00Z,4.0,1003156,4744,False,True,True,0,,0,,,,2015/11/kuru-fasulye-yemekcom.jpg,0,0,https://cdn.yemek.com/mnresize/940/940/uploads/2015/11/kuru-fasulye-yemekcom.jpg,940,940,False,https://cdn.yemek.com/mncrop/300/200/uploads/2015/11/kuru-fasulye-yemekcom.jpg,300,200,True,https://cdn.yemek.com/mncrop/940/625/uploads/2015/11/kuru-fasulye-yemekcom.jpg,940,625,True,https://cdn.yemek.com/mncrop/620/388/uploads/2015/11/kuru-fasulye-yemekcom.jpg,620,388,True,https://cdn.yemek.com/mncrop/600/315/uploads/2015/11/kuru-fasulye-yemekcom.jpg,600,315,True,,,,,,
749,11811,ipeksare,https://cdn.yemek.com/author/262494/20200820091315_avatar.jpg,/profil/ipeksare/,Tüm Sırlarıyla: Lokanta Usulü Mercimek Çorbası,Lokanta Usulü Mercimek Çorbası,/tarif/lokanta-usulu-mercimek-corbasi/,25 dk,15 dk,"<p>Soğuk kış günlerinde adeta bir hediye gibi değil midir, en yakın lokantanın mercimek çorbası... O an, bildiğimiz tüm <a href=""https://yemek.com/tarif/"" target=""_blank"">yemek tariflerinden</a> daha lezzetli gelmez mi, Müptelası değil miyiz?</p>
<p>Bu nefis lezzeti ev konforunda yaşayın istedik. Bu sefer soğuk kış günleri evde kendinizi lokanta usulü <a href=""https://yemek.com/tarif/corba/"" target=""_blank"">çorba</a>yla şımartın bizce. Eh önümüzde çetin bir kış bizi bekliyor. Sarı mercimeğin güzeller güzeli rengine... Hem blenderdan çekilip hem de süzgeçten süzülen pürüzsüz dokusuna saygı duruşunda bulunuyor ve tarifi sizinle buluşturuyoruz.</p>
<p>Her kaşığı afiyet, her kaşığı şifa olsun! <img src=""https://cdn.yemek.com/assets/images/smiley/smile.png"" class=""wp-smiley img-responsive"" /></p>
",recipe,"['tereyağı', 'tereyağı', 'sıcak su', 'tuz', 'pul biber', 'un', 'sarımsak', 'soğan', 'tavuk suyu', 'sarı mercimek']","['Mercimekleri bol suda yıkayın.Tereyağını eritin ve küp küp doğranmış soğanları ve ezilmiş sarımsakları kavurun.', 'Soğan ve sarımsak hafif kavrulunca unu ilave edin ve 2-3 dakika unu kavurun.', 'Çırpma teliyle unu çırpıyorken tavuk suyunu ilave edin.', 'Mercimekleri de ilave edin ve kalan sıcak suyu da ilave edip kaynamaya bırakın.', 'Su kaynayınca tuzu ilave edin ve mercimekler iyice yumuşayıncaya kadar pişirin. Kaynayan ve kıvamlanan çorbayı blenderdan geçirin.', 'Daha sonra ince delikli bir süzgeçten süzün ve pürüzsüz kıvama getirin.', 'Tereyağını eritin ve eriyen tereyağında pul biberi kavurun.Kaynayan çorbanın üzerine dökün ve tahta kaşık yardımıyla yağın çorbayla karışmasına yardımcı olun.', 'İşte bu kadar, afiyetler olsun!']",ÇORBA,,/tarif/corba/,"['Çorba', 'Ramazan', 'Bakliyat']","['pratik yemek tarifleri', 'ekonomik', 'başlangıç', 'akşam yemeği', 'öğle yemeği']","['Öğle Yemeği', 'Akşam Yemeği']",['Tencere'],['Ekonomik'],False,1500,900,2020-11-17T08:42:55Z,4.0,999436,4524,False,False,True,0,,0,,,,2016/10/lokanta-usulu-mercimek-corbasi-one-cikan-yeni.jpg,0,0,https://cdn.yemek.com/mnresize/940/940/uploads/2016/10/lokanta-usulu-mercimek-corbasi-one-cikan-yeni.jpg,940,940,False,https://cdn.yemek.com/mncrop/300/200/uploads/2016/10/lokanta-usulu-mercimek-corbasi-one-cikan-yeni.jpg,300,200,True,https://cdn.yemek.com/mncrop/940/625/uploads/2016/10/lokanta-usulu-mercimek-corbasi-one-cikan-yeni.jpg,940,625,True,https://cdn.yemek.com/mncrop/620/388/uploads/2016/10/lokanta-usulu-mercimek-corbasi-one-cikan-yeni.jpg,620,388,True,https://cdn.yemek.com/mncrop/600/315/uploads/2016/10/lokanta-usulu-mercimek-corbasi-one-cikan-yeni.jpg,600,315,True,"['tencere', 'vejetaryen', 'düşük karbonhidratlı', 'düşük kalorili']",greenLight,,,,
750,122,Neşe Ümit Tan,https://cdn.yemek.com/author/208653/20190910030615_avatar.jpg,/profil/neseumit/,Rengi de Mükemmel: Ayva Tatlısı,Ayva Tatlısı,/tarif/ayva-tatlisi/,1 sa,20 dk,"<p>Kışın sert ve uzun geçeceğinin habercisi olan <a href=""https://yemek.com/tarif/ayva-receli/"" target=""_blank"">ayva</a>, aynı zamanda keyifli bir <a href=""https://yemek.com/tarif/tatli/"" target=""_blank"">tatlı</a> malzemesi. Ayva tatlısı hazırlamak ve yemek sonrası tatlı keyfini şölene dönüştürmek için; ayvanın aromasını arttıracak birkaç ürün yeterli. Sevdiklerinize sunacağınız bu <a href=""https://yemek.com/en-fazla-5-malzemeli-pratik-tatli-tarifleri/"" target=""_blank"">pratik tatlı tarifi</a> ile kış gelsin ve bitmesin isteyeceksiniz. Ayvanın kendisini, reçelini sevmeyenler hazır olun; biliyoruz ki bu tatlıyı seveceksiniz!</p>
<p>Ayva <a href=""https://yemek.com/tarif/tatli/"" target=""_blank"">tatlısını</a> tencerede, en doğal haliyle hazırladık. Gıda boyası kullanmadan doğan renginde ve üzerine de nefis bir kaymak koyarak servis ettik. Hafifliğiyle <a href=""https://yemek.com/tarif/serbetli-tatlilar/"" target=""_blank"">şerbetli bir tatlı</a> olduğuna inanamayacaksınız. Kış bitmeden ayva tatlısı <a href=""https://yemek.com/tarif/"" target=""_blank"">tarif</a>ini denemeyen kalmasın!</p>
",recipe,"['toz şeker', 'su', 'büyük boy ayva', 'çubuk tarçın', 'karanfil', 'kaymak', 'toz Antep fıstığı', 'vişne suyu', 'limonun suyu']","['Bol suda yıkadığınız ayvaların kabuklarını soyun ve ortadan ikiye kesin. Kararmaması için limonlu su içine kabuklarıyla birlikte yerleştirin. Ayva çekirdeklerini daha sonra kullanmak üzere bir kenara ayırın.', 'Geniş tabanlı bir tencereye tek sıra halinde dizdiğiniz her bir ayvanın üzerine tepeleme 2 yemek kaşığı toz şeker ekleyin. Ardından su, limon suyu, ayva çekirdekleri, ayva kabukları ve baharatlarını de tencereye yerleştirin.', 'Tencereyi ocağa alın ve orta ateşte su kaynayınca dek pişirin.', 'Kaynayan suya vişne suyunu da ilave edin ve tencerenin kapağını kapatarak kısık ateşte pişmeye bırakın.', 'Yaklaşık bir saat sonra suyunu iyice çekip renk alan ayvaları bir bıçakla yardımıyla pişip pişmediğini kontrol edin. Pişmişse\xa0ilk sıcaklığının geçmesi\xa0için ocaktan alın ve dinlenmeye bırakın.', 'Pişen ayvaları servis tabağına alın ve tencerede kalan şerbetinden hafifçe üzerine sürün. Kaymak ve toz Antep fıstığı ilavesiyle ılık ya da soğuk olarak tatlıları servis edin.']",MEYVELİ TATLI,239b56,/tarif/meyveli-tatlilar/,"['Tatlı', 'Şerbetli Tatlı', 'Meyveli Tatlı', 'Mevsiminde']","['ekonomik', 'ara öğün']",['Çay Saati'],['Tencere'],"['Glutensiz', 'Vejetaryen', 'Düşük Karbonhidratlı']",False,3600,1200,2019-11-05T11:14:53Z,4.0,977390,1237,False,False,True,0,,0,,,,2014/06/ayva-tatlisi-buyuk-yemekcom.jpg,0,0,https://cdn.yemek.com/mnresize/940/940/uploads/2014/06/ayva-tatlisi-buyuk-yemekcom.jpg,940,940,False,https://cdn.yemek.com/mncrop/300/200/uploads/2014/06/ayva-tatlisi-buyuk-yemekcom.jpg,300,200,True,https://cdn.yemek.com/mncrop/940/625/uploads/2014/06/ayva-tatlisi-buyuk-yemekcom.jpg,940,625,True,https://cdn.yemek.com/mncrop/620/388/uploads/2014/06/ayva-tatlisi-buyuk-yemekcom.jpg,620,388,True,https://cdn.yemek.com/mncrop/600/315/uploads/2014/06/ayva-tatlisi-buyuk-yemekcom.jpg,600,315,True,"['tencere', 'vejetaryen', 'glutensiz']",,"['Ocak', 'Şubat', 'Kasım', 'Aralık']",,,
751,14899,Cemre Özgüzel,https://cdn.yemek.com/author/109/20200211010242_avatar.jpg,/profil/cemre-ozguzel/,Pastane Tadında: Sirkeli Tuzlu Kurabiye,Sirkeli Tuzlu Kurabiye,/tarif/sirkeli-tuzlu-kurabiye/,15 dk,25 dk,"<p>Pastanelerden almaya doyamadığımız o kuru pastalar var ya... İşte onların en büyük sırrı içindeki sirke.</p>
<p>Mutfağımızda sık sık kullandığımız sirke bu sefer <a href=""https://yemek.com/tarif/kurabiye/"" target=""_blank"">kurabiye</a> hamurunun içinde. Çay saatlerinize çok yakışacak bu kıyır kıyır hamuru çok seveceksiniz. Çörek otuyla ve yumurta sarısıyla kızaran o nefis dış yüzeyi de onu sevmek için başka bir neden.</p>
<p>Tek yapmanız gereken sevdiklerinizi bu çay saati için organize etmek ve onlara bu enfes <a href=""https://yemek.com/tarif/pastane-usulu-sirkeli-tuzlu-kurabiye/"" target=""_blank"">tuzlu kurabiye</a>lerden hazırlamak. Gerisi de demli çayın bağlayıcı büyüsüne kalmış.</p>
<p><a href=""https://yemek.com/tarif/kiyir-kiyir-tuzlu-pasta/"" target=""_blank"">Kıyır kıyır tuzlu pasta</a> tarifleri ile sizlere afiyetler olsun.</p>
<p>Daha fazla tarif için: <a href=""https://yemek.com/tarif/"" target=""_blank"">Yemek Tarifleri</a></p>
",recipe,"['tuz', 'yumurta', 'toz şeker', 'un', 'kabartma tozu', 'sirke', 'çörek otu', 'oda sıcaklığında tereyağı', 'yumurta beyazı', 'sıvı yağ']","['Oda sıcaklığındaki 250 gram tereyağını bir kabın içerisine alın. Üzerine 1 çay bardağı sıvı yağ ve 2 adet yumurta ilave ederek elinizle karıştırın.', 'Bu karışımın içerisine 2 yemek kaşığı sirke, 1 tatlı kaşığı tuz, 1,5 tatlı kaşığı toz şeker ve 1 paket kabartma tozu ilave ederek karıştırmaya devam edin.', 'Ardından 3 su bardağı kadar unu azar azar ilave ederek ele yapışmayan bir hamur elde edene kadar yoğurun.', 'Hamurdan ceviz büyüklüğünde parçalar kopartın ve ince bir rulo olacak şekilde uzatın. Bıçak yardımıyla 4 parmak genişliğinde kesin.', 'Üzerine yumurta beyazı ve çörek otu serperek fırın tepsisine dizin.', '180 derecelik fırında, üzeri kızarana kadar 10-12 dakika kadar pişirin ve fırından alıp\xa0 soğumaya bırakın. İşte bu kadar, afiyetler olsun!']",TUZLU KURABİYE,239b56,/tarif/tuzlu-kurabiyeler/,"['Kurabiye', 'Video', 'Tuzlu Kurabiye']",['çay saati'],['Çay Saati'],['Fırın'],['Vejetaryen'],False,900,1500,2017-02-20T15:25:51Z,4.0,970001,5433,False,True,True,0,,0,,,,2017/02/sirkeli-tuzlu-kurabiye-yemekcom.jpg,0,0,https://cdn.yemek.com/mnresize/940/940/uploads/2017/02/sirkeli-tuzlu-kurabiye-yemekcom.jpg,940,940,False,https://cdn.yemek.com/mncrop/300/200/uploads/2017/02/sirkeli-tuzlu-kurabiye-yemekcom.jpg,300,200,True,https://cdn.yemek.com/mncrop/940/625/uploads/2017/02/sirkeli-tuzlu-kurabiye-yemekcom.jpg,940,625,True,https://cdn.yemek.com/mncrop/620/388/uploads/2017/02/sirkeli-tuzlu-kurabiye-yemekcom.jpg,620,388,True,https://cdn.yemek.com/mncrop/600/315/uploads/2017/02/sirkeli-tuzlu-kurabiye-yemekcom.jpg,600,315,True,,,,,,
752,612,Yasemin Özaltın,https://cdn.yemek.com/author/35533/20181219061403_avatar.jpg,/profil/yasemingursurer/,"Dolu Dolu: Havuçlu, Tarçınlı, Cevizli Kek","Havuçlu, Tarçınlı, Cevizli Kek",/tarif/havuclu-tarcinli-kek/,40 dk,20 dk,"<p>Mikserleri çalıştırın! Altın günlerinde kulaktan kulağa tarifi fısıldanan lezzetiyle bilinen havuçlu, tarçınlı, <a href=""https://yemek.com/tarif/cevizli-kek/"" target=""_blank"">cevizli kek</a>in tarifini paylaşıyoruz ki damağınız şenlensin. Bu tarifi tüm adımlarıyla birebir hazırladığınızda öyle güzel oluyor ki, bundan sonra başka tarifler denemeyeceksiniz. İçi nemli, mis kokulu ve müthiş lezzetli havuçlu tarçınlı cevizli kek <a href=""https://yemek.com/tarif/"" target=""_blank"">tarif</a>imizi deneyenlerle yorumlarda buluşalım!</p>
<p><a href=""https://yemek.com/tarif/kek/"" target=""_blank"">Kek tariflerinin</a> en sevilenlerinden olan havuçlu kek tarçın desteğiyle en güzel haliyle karşınızda! <strong>Tüm püf noktaları</strong> ise aşağıda...</p>
",recipe,"['limon suyu', 'yumurta', 'toz şeker', 'süt', 'un', 'havuç', 'tarçın', 'ceviz içi', 'karbonat', 'vanilin', 'sıvı yağ']","['Havuçlu, tarçınlı, cevizli kek tarifi için oda sıcaklığında bekletilmiş 3 adet yumurta ile 1 su bardağı toz şekeri mikserle çırpın, bu işleme şeker tamamen eriyene kadar devam edin.', 'Ardından sırasıyla; 1 su bardağı sütü,\xa0yarım su bardağı sıvı yağı ilave edin.', 'Unu, karbonatı, limon suyunu ve vanilini harca eleyerek ekleyin, ardından mikserle çırpın.', 'Karışıma rendeleyip fazla suyunu aldığınız havuç, iri dövülmüş ceviz içi ve tarçını ekleyin.', 'Kek kalıbınızın tabanını yağlayın.', 'Kalıba aktardığınız keki, önceden ısıtılmış 170 derecelik fırında, yaklaşık 40 dakika pişirin. Soğuduktan sonra üzerine pudra şekeri serperek servis edin. Afiyet olsun.']",TATLI KEK,239b56,/tarif/tatli-kek/,"['Kek', 'Video', 'Tatlı Kek', 'Mevsiminde']","['ekonomik', 'ara öğün', 'çay saati']",['Çay Saati'],['Fırın'],,False,2400,1200,2020-11-24T12:02:38Z,4.0,968347,6578,False,True,False,0,,0,,,,2014/09/havuclu-tarcinli-kek-yemekcom2.jpg,0,0,https://cdn.yemek.com/mnresize/940/940/uploads/2014/09/havuclu-tarcinli-kek-yemekcom2.jpg,940,940,False,https://cdn.yemek.com/mncrop/300/200/uploads/2014/09/havuclu-tarcinli-kek-yemekcom2.jpg,300,200,True,https://cdn.yemek.com/mncrop/940/625/uploads/2014/09/havuclu-tarcinli-kek-yemekcom2.jpg,940,625,True,https://cdn.yemek.com/mncrop/620/388/uploads/2014/09/havuclu-tarcinli-kek-yemekcom2.jpg,620,388,True,https://cdn.yemek.com/mncrop/600/315/uploads/2014/09/havuclu-tarcinli-kek-yemekcom2.jpg,600,315,True,['fırın'],,"['Ocak', 'Şubat', 'Mart']",,,
753,1621,Yasemin Özaltın,https://cdn.yemek.com/author/35533/20181219061403_avatar.jpg,/profil/yasemingursurer/,Sonuç Mükemmel: Fırında Makarna,Fırında Makarna,/tarif/firinda-makarna/,25 dk,20 dk,"<p><a href=""https://yemek.com/tarif/hamur-isi/"" target=""_blank"">Hamur işlerine</a> olan ülkece yatkınlığımızı hepimiz kabul ederiz. Bu işin ana vatanı İtalya olsa da mesela <a href=""https://yemek.com/tarif/makarna/"" target=""_blank"">makarna</a> konusunda yüzlerce çeşitle onlardan aşağı kalmayız. Yeri gelir soslarla şov yaparız, yeri gelir erişteden makarna yaparız, yeri gelir fırınlarız, yeri gelir öğrenci evi gibi ketçap mayonezle yeriz. Ama biz bu işi biliriz. Bugün de fırınlıyoruz.</p>
<p>Spagettinin kalını, içi derin boşluklu fırın makarnaları özenle haşladıktan sonra özel sosuyla buluşturuyor, rendelenmiş kaşar peyniri ilavesiyle üzeri nar gibi kızarana kadar fırınlıyoruz. Pek kolay ve pratik olan beşamel soslu fırında makarna tarifimiz hazır olduğu gibi sofraya alıyor ve afiyetle sevdiklerimizle paylaşıyoruz.</p>
<p>Fırında peynirli makarna tarifi arayanları da unutmuyor, onları buraya davet ediyoruz: <a href=""https://yemek.com/tarif/beyaz-peynirli-firinda-makarna/"" target=""_blank"">Beyaz Peynirli Fırında Makarna Tarifi</a></p>
<p>""Ben fırında makarna çeşitlerini görmek istiyorum"" diyorsanız şöyle de buyurabilirsiniz: <a href=""https://yemek.com/firinda-makarna-tarifleri/"" target=""_blank"">Fırında Makarna Aşkını Doya Doya Yaşatan 10 Malzemesine Dolgun Tarif</a></p>
",recipe,"['tereyağı', 'süt', 'un', 'rendelenmiş kaşar peyniri', 'fırın makarna', 'muskat cevizi', 'sıvı yağ']","['Beşamel sosu hazırlamak için; 4 yemek kaşığı tereyağı ve 2 yemek kaşığı sıvı yağı bir sos tenceresinde kızdırın.', 'Ardından 3 yemek kaşığı unu üzerine ilave edin ve kokusu çıkana kadar kavurun.', '2,5 su bardağı sütü de sos tenceresine ilave edip iyice karıştırın ve karışım koyulaşana kadar orta ateşte pişirin. Ara ara karıştırmayı ihmal etmeyin.', 'Pişmiş olan beşamel sosun üzerine yarım muskat rendeleyip karıştırın ve ocaktan alın. Arzuya göre tuz ve karabiber ile tatlandırın.', '<div>Derin bir tencerede kaynamış olan tuzlu suyun içine fırın makarnayı atın ve 10 dakika, yumuşayana kadar pişirin. Ocaktan alıp, suyunu süzdürün.</div>\n&nbsp;', 'Geniş bir kabın içerisinde, süzülmüş olan makarnayı ve beşamel sosu güzelce karıştırın.', 'Makarnayı, pişireceğiniz fırın kabına alın ve üzerine 1,5 su bardağı rendelenmiş kaşar peyniri\xa0serpiştirin.', '<div>Önceden ısıtılmış 190 derece fırında 25 dakika pişirin. İlk sıcaklığı geçtikten sonra dilimleyin ve servis edin. Fırın makarnamız hazır, afiyet olsun!</div>']",MAKARNA,239b56,/tarif/makarna/,"['Makarna', 'Video']","['ekonomik', 'akşam yemeği', 'öğle yemeği']","['Öğle Yemeği', 'Akşam Yemeği']",,,False,1500,1200,2019-04-04T07:35:51Z,4.0,961687,7167,False,True,True,0,,0,,,,2015/02/firin-makarna-yemekcom-yeni.jpg,0,0,https://cdn.yemek.com/mnresize/940/940/uploads/2015/02/firin-makarna-yemekcom-yeni.jpg,940,940,False,https://cdn.yemek.com/mncrop/300/200/uploads/2015/02/firin-makarna-yemekcom-yeni.jpg,300,200,True,https://cdn.yemek.com/mncrop/940/625/uploads/2015/02/firin-makarna-yemekcom-yeni.jpg,940,625,True,https://cdn.yemek.com/mncrop/620/388/uploads/2015/02/firin-makarna-yemekcom-yeni.jpg,620,388,True,https://cdn.yemek.com/mncrop/600/315/uploads/2015/02/firin-makarna-yemekcom-yeni.jpg,600,315,True,['fırın'],,,,,
754,47391,Gökçen Mutaf,https://cdn.yemek.com/author/23120/20181227103819_avatar.jpeg,/profil/gokcenmutaf/,Sadece 10 Dakikada: Etsiz Çiğ Köfte,Etsiz Çiğ Köfte,/tarif/etsiz-cig-kofte/,10 dk,10 dk,"<p><a href=""https://yemek.com/tarif/etli-cig-kofte/"" target=""_blank"">Çiğ köfte tarifini</a> biz hep uzun uzun yoğrulan, maharet isteyen, herkesin kolaylıkla yapamayacağı bir tarif olarak biliyoruz. Urfa başta olmak üzere Güney Doğu'nun en sevilen tariflerinden biri olan <a href=""https://yemek.com/tarif/etsiz-cig-kofte-2/"" target=""_blank"">çiğ köfte</a> orijinalinde etli çiğ köfte olarak yapılıp sunulan bir tarif. Ancak evde daha ekonomik bir şekilde yapılmak istendiğinde elimiz hep etsiz çiğ köfte tarifine gidiyor. Onun da yoğrulması bir hayli zaman alıyor. Gelin, şu işi daha kolaylaştıralım. Karşınızda, en kolay ve lezzetlisinden: <strong>Etsiz çiğ köfte tarifi!</strong></p>
<p>Bu çiğ köfte tarifi yoğrulmadan, robotta tüm malzemelerin çekilmesiyle hazırlanıyor. Bu şekilde hem zamanda kazanılıyor hem de <strong>yoğurmadan enfes çiğ köfte</strong> hazırlanmış oluyor. Hadi o zaman şimdiden ellerinize sağlık diyor, bu pratik <a href=""https://yemek.com/tarif/mezeler/"" target=""_blank"">meze tariflerinden</a> biri olan etsiz çiğ köfte tarifine buyur ediyoruz sizleri. ''Çiğ köfte nasıl yapılır?'' sorunuzun cevabı tarifimizde saklı!</p>
",recipe,"['sıcak su', 'tuz', 'limon suyu', 'zeytinyağı', 'domates salçası', 'nar ekşisi', 'isot', 'soğan', 'tatlı toz kırmızı biber', 'esmer bulgur']","['Bulguru derince bir kaba alın ve üstüne 1,5 bardak sıcak suyu gezdirin. Üstünü kapatıp 10 dakika beklemeye alın.', 'Bulgur kabarırken soğanı robottan çekin.', 'Soğanı tel bir süzgece alarak fazla suyunu sıkın.', 'İsotu da bir kaseye alın ve üstüne sıcak su ekleyip 5 dakika kadar beklemeye alın.', 'Bulgur kabardıktan sonra, mutfak robotuna kabarmış bulguru alın ve üstüne, robottan çektiğiniz kuru soğanı, ıslanmış isotu (suyuyla birlikte), limon suyunu, nar ekşisini, zeytinyağını, tuzu, salçayı ve kırmızı biberi ekleyip, robottan ara ara durdurarak 10 dakika kadar çekin.', 'Sonra bir kaba alın ve elinize birkaç dakika daha yoğurun.', 'Klasik çiğ köfte şeklini verin.', 'Dilerseniz dürüm şeklinde de servis edebilirsiniz.', 'Suşi şeklini vermek için ise hazırladığınız dürümü halka halka doğrarsanız harika olur. Afiyet olsun!']",MEZE,239b56,/tarif/mezeler/,"['Özel Beslenme', 'Vejetaryen', 'Atıştırmalık', 'Meze', 'Vegan', 'Video', 'Tuzlu Atıştırmalık']",['ekonomik'],"['Öğle Yemeği', 'Akşam Yemeği']",,"['Ekonomik', 'Vejetaryen', 'Vegan']",False,600,600,2020-10-01T07:15:08Z,4.0,952286,3376,False,True,True,0,,0,,,,2020/10/etsiz-cig-kofte-yemekcom.jpg,0,0,https://cdn.yemek.com/mnresize/940/940/uploads/2020/10/etsiz-cig-kofte-yemekcom.jpg,940,940,False,https://cdn.yemek.com/mncrop/300/200/uploads/2020/10/etsiz-cig-kofte-yemekcom.jpg,300,200,True,https://cdn.yemek.com/mncrop/940/625/uploads/2020/10/etsiz-cig-kofte-yemekcom.jpg,940,625,True,https://cdn.yemek.com/mncrop/620/388/uploads/2020/10/etsiz-cig-kofte-yemekcom.jpg,620,388,True,https://cdn.yemek.com/mncrop/600/315/uploads/2020/10/etsiz-cig-kofte-yemekcom.jpg,600,315,True,['vejetaryen'],,,,,
755,140,Yasemin Özaltın,https://cdn.yemek.com/author/35533/20181219061403_avatar.jpg,/profil/yasemingursurer/,Tam Kıvamında: Kadınbudu Köfte,Kadınbudu Köfte,/tarif/kadinbudu-kofte/,5 dk,25 dk,"<p>Kadınbudu köfte, kendisine bu topraklarda <a href=""https://yemek.com/tarif/kofte/"" target=""_blank"" rel=""noopener"">köfte</a> dedirtme konusunda en başarılı tariflerden biri. Mesela neredeyse bütün köfteler pilavla çok iyi giderken, kadınbudu gitmez. Ancak patates püresiyle diğer bütün köftelerden daha güzel olur. Biraz hercai anlayacağınız.</p>
<p>Neyse bu kadar konuştuktan sonra bu akşam ve hatta ilk fırsatta <a href=""https://yemek.com/tarif/"" target=""_blank"" rel=""noopener"">yemek tariflerinin</a> en güzellerinden olan <strong>kadınbudu köfte</strong>yi yapmak bize farz oldu. Aşağıda bize eşlik etmek isteyenler için videolu tarifi var. Üstelik en <strong>tam kıvamında</strong>, en lezzetli haliyle bizlerle! Dileyen gelebilir, sofrasını güzelleştirebilir.</p>
<p>Haydi herkese afiyet olsun!</p>",recipe,"['kuru soğan', 'tuz', 'yumurta', 'yumurta', 'ayçiçek yağı', 'un', 'sarımsak', 'karabiber', 'orta yağlı kıyma', 'kimyon', 'haşlanmış pirinç', 'galeta unu']","['<p>Kadınbudu köfte için 1/2 su bardağı pirinci tuz ve su ile birlikte hafif yumuşayana kadar kaynatın. Çok yumuşamamasına dikkat edin.\xa0Bir tavada zeytinyağı ile soğanları\xa0 yumuşayana kadar kavurun.\xa0Sarımsakları da ekleyip kavurmaya devam edin.</p>', '<p>Kıymanın yarısını soğan ve sarımsakların içerisine alın ve suyunu salıp, çekene kadar kavurun. Pişen kıymaları ocaktan alın ve soğumaya bırakın.</p>', '<p>Geniş bir kasede çiğ kıyma, un, haşlanmış pirinç, pişip soğuyan soğanlı kıyma harcını, yumurta ve tüm baharatları bir araya getirip yoğurun.\xa0Yoğurduktan sonra üzerine streç çekip 20 dakika buzdolabında bekletin.</p>', '<p>Bekleyen harçtan yumurtadan biraz daha büyük parçalar koparıp yuvarlayarak şekil verin.</p>', '<p>Şekil verilmiş köfteleri önce un ve galeta unu karışımına, sonra yumurtaya batırın.</p>', '<p>Kadınbudu köfteleri kızgın yağda kızartın. Servis ederken püre ve sotelenmiş sebzeler ile servis edebilirsiniz, afiyet olsun!</p>']",KÖFTE,239b56,/tarif/kofte/,"['Et', 'Köfte', 'Ramazan', 'Video']",,"['Başlangıç', 'Öğle Yemeği', 'Ara Öğün', 'Akşam Yemeği']","['Kızartma', 'Ocak']",,False,300,1500,2021-10-18T08:41:49Z,4.0,944096,5753,False,True,True,0,,0,,,,2021/10/kadinbudu-kofte-yemekcom.jpg,0,0,https://cdn.yemek.com/mnresize/940/940/uploads/2021/10/kadinbudu-kofte-yemekcom.jpg,940,940,False,https://cdn.yemek.com/mncrop/300/200/uploads/2021/10/kadinbudu-kofte-yemekcom.jpg,300,200,True,https://cdn.yemek.com/mncrop/940/625/uploads/2021/10/kadinbudu-kofte-yemekcom.jpg,940,625,True,https://cdn.yemek.com/mncrop/620/388/uploads/2021/10/kadinbudu-kofte-yemekcom.jpg,620,388,True,https://cdn.yemek.com/mncrop/600/315/uploads/2021/10/kadinbudu-kofte-yemekcom.jpg,600,315,True,,,,,,
756,23805,Cemre Özgüzel,https://cdn.yemek.com/author/109/20200211010242_avatar.jpg,/profil/cemre-ozguzel/,İşin Sırrı Hamurunda: Pofuduk Poğaça,Pofuduk Poğaça,/tarif/pofuduk-pogaca/,25 dk,15 dk,"<p>Üzerine bastırdığınızda içine göçüp sonra hemencecik eski formuna dönen, iç dokusu yumuşacık bir <a href=""https://yemek.com/tarif/pogaca"" target=""_blank"">poğaçayı</a> misafir ediyoruz. Bu poğaçaların en önemli sırlarının başında içerisinde ılık malzemeler kullanmak geliyor. Kullanacağınız tüm sıvı malzemelerin ılık olması ve diğer malzemelerin oda sıcaklığına olması o pofuduk kıvamı yakalamanıza yardımcı oluyor.</p>
<p>En önemli ikinci püf noktası ise mayalandırma kısmı. Hamurunuzu önce oda sıcaklığında mayalandırın mutlaka. Şekil verdikten sonra bırakın biraz daha dinlensin, güzelleşsin. Yumuşacık kıvamının sırrı malzemelerse, pişerken puf puf olmasının sırrı mayalandırma işlemi. Bu noktalara dikkat edin, gerisini hiç düşünmeyin. <img src=""https://cdn.yemek.com/assets/images/smiley/wink.png"" class=""wp-smiley img-responsive"" /></p>
<p>Herkesin sırlarının peşinden koşacağı <a href=""https://yemek.com/tarif/"" target=""_blank"">tarif</a>imize bekleniyorsunuz.</p>
",recipe,"['tereyağı', 'tuz', 'yumurta', 'toz şeker', 'un', 'yumurta sarısı', 'ılık su', 'susam', 'ılık süt', 'instant maya']","['Tereyağını minik bir sos tenceresinin içerisinde eritin.', 'Erittikten sonra birkaç dakika soğumaya bırakın.', 'Soğuduktan sonra derin bir kabın içerisine ılık süt, yumurta, mayayı, suyun bir kısmı, ertilmiş tereyağı ve şekeri aktarın.', 'Güzelce karıştırdıktan sonra azar azar un ilave ederek yoğurmaya başlayın. Bu aşamada eğer ihtiyacınız varsa suyun geriye kalanını da ilave edin.\xa0 Tuzu da ekleyerek ele yapışmayan yumuşacık bir hamur elde edin.', 'Elde ettiğiniz hamuru temiz bir kaba aktarın ve üzerini streç film ile hava almayacak şekilde güzelce kapatın. 1 saat kadar oda sıcaklığında mayalandırın.', 'Mayalanan poğaçaları dilediğiniz iç harcı koyarak lezzetlendirin ya da sade bir biçimde şekil vererek yağlı kağıt serili fırın tepsisinin üzerine dizin.', 'Üzerini streç filme kapatın ve oda sıcaklığında 15-20 dakika kadar ikinci mayalandırma için bekletin.', 'Ardından üzerine yumurta sarısı sürün, susam serpin ve 180 derecede ısıtılmış fırında üzeri de kızarana kadar 20-25 dakika kadar pişirin.', 'Çıkarıp oda sıcaklığında bir süre dinlendirdikten sonra afiyetle tüketin.']",POĞAÇA,239b56,/tarif/pogaca/,"['Hamur İşi', 'Poğaça']",['çay saati'],"['Kahvaltı', 'Çay Saati']",['Fırın'],"['Ekonomik', 'Vejetaryen']",False,1500,900,2017-10-11T07:06:16Z,4.0,1016294,3366,False,False,False,0,,0,,,,2017/10/pofuduk-pogaca-tarifi.jpg,0,0,https://cdn.yemek.com/mnresize/940/940/uploads/2017/10/pofuduk-pogaca-tarifi.jpg,940,940,False,https://cdn.yemek.com/mncrop/300/200/uploads/2017/10/pofuduk-pogaca-tarifi.jpg,300,200,True,https://cdn.yemek.com/mncrop/940/625/uploads/2017/10/pofuduk-pogaca-tarifi.jpg,940,625,True,https://cdn.yemek.com/mncrop/620/388/uploads/2017/10/pofuduk-pogaca-tarifi.jpg,620,388,True,https://cdn.yemek.com/mncrop/600/315/uploads/2017/10/pofuduk-pogaca-tarifi.jpg,600,315,True,['fırın'],,,,,
757,154,Yasemin Özaltın,https://cdn.yemek.com/author/35533/20181219061403_avatar.jpg,/profil/yasemingursurer/,Tam Kıvamında: Tarhana Çorbası,Tarhana Çorbası,/tarif/tarhana-corbasi/,20 dk,5 dk,"<p>Bütün <a href=""https://yemek.com/tarif/"" target=""_blank"">yemek tarifleri</a> arasında tarhana çorbası hiç şüphesiz en çok Anadolu kokandır, toprak kokandır. Ekşilisi içilir, kahvaltıda içilir, akşam yemeğinde içilir, <a href=""https://yemek.com/ramazan"" target=""_blank"">sahurda</a> içilir.</p>
<p>Tarhana çorbası bir çorbanın alabileceği en güzel hallerden, <a href=""https://yemek.com/tarif/corba/"" target=""_blank"">çorba tariflerinden</a> en sevilenlerinden biridir. Dilerseniz <a href=""https://yemek.com/tarif/tarhana/"" target=""_blank"">ev tarhanasını</a> kendiniz de yapabilir, meşhur Maraş tarhanası tarifimize ise <a href=""https://yemek.com/tarif/maras-tarhanasi/"" target=""_blank"">şuradan</a> ulaşabilirsiniz. Ev yapımı mis gibi tarhana çorbasını yapmak üstelik toz tarhana çorbasını yapmaktan bile daha kolay.</p>
<p>Her birinin kendine has tarhana çorbası tarifi olan büyüklerimize saygılarımızı sunarak tarhana çorbası yapımını hem video hem de adım adım görselli olarak aşağıda paylaşıyoruz.</p>
",recipe,"['tereyağı', 'tuz', 'ayçiçek yağı', 'sarımsak', 'su', 'domates salçası', 'toz tarhana', 'kuru nane']","['Toz tarhanayı geniş bir karıştırma kasesine alın. Üzerine toz nane ve oda sıcaklığındaki 2 bardak suyu ekleyerek bir çırpıcı yardımıyla karıştırın. Tarhana yumuşayana dek, yaklaşık 15 dakika boyunca oda sıcaklığında yumuşamaya bırakın.', 'Bu sırada geniş bir tencereye sıvıyağ ve tereyağını ekleyip, orta ateşte eritmeye başlayın. Ezilmiş sarımsak ve salçayı ekleyerek kavurmaya başlayın.', 'Yumuşayan tarhana karışımını ekleyin, ardından tuzunu da ekleyin ve karıştırın.', 'Kalan 5 su bardağı suyu ve tencereye ekleyin. Ara ara karıştırarak koyulaşana dek pişirin.', 'Kaynayan çorbayı bekletmeden sıcak olarak servis edin. Pişirdikçe koyulaşan bir çorba olduğu için daha sonra tüketecekseniz üzerine su ilave etmenizi öneririz.', 'Afiyet olsun!']",ÇORBA,,/tarif/corba/,"['Çorba', 'Ramazan', 'Video']","['pratik yemek tarifleri', 'ekonomik', 'akşam yemeği', 'öğle yemeği']","['Öğle Yemeği', 'Akşam Yemeği']","['Tencere', 'Ocak']","['Ekonomik', 'Vejetaryen']",False,1200,300,2019-05-15T05:03:31Z,4.0,1005436,4753,False,True,True,0,,0,,,,2019/05/tarhana-corbasi-yemekcom.jpg,0,0,https://cdn.yemek.com/mnresize/940/940/uploads/2019/05/tarhana-corbasi-yemekcom.jpg,940,940,False,https://cdn.yemek.com/mncrop/300/200/uploads/2019/05/tarhana-corbasi-yemekcom.jpg,300,200,True,https://cdn.yemek.com/mncrop/940/625/uploads/2019/05/tarhana-corbasi-yemekcom.jpg,940,625,True,https://cdn.yemek.com/mncrop/620/388/uploads/2019/05/tarhana-corbasi-yemekcom.jpg,620,388,True,https://cdn.yemek.com/mncrop/600/315/uploads/2019/05/tarhana-corbasi-yemekcom.jpg,600,315,True,['tencere'],greenLight,,,,
758,454,Cemre Özgüzel,https://cdn.yemek.com/author/109/20200211010242_avatar.jpg,/profil/cemre-ozguzel/,Şeflerini Kıskandıran Tarif: Pastane Poğaçası,Pastane Poğaçası,/tarif/pastane-pogacasi/,25 dk,30 dk,"<p>Pastanelerden aldığınız, sabah kahvaltılarınızın en hızlı ve doyurucu kurtarıcısı olan nefis <a href=""https://yemek.com/tarif/pogaca/"" target=""_blank"">poğaçalar</a>... Biliyoruz dışarıdan alınca midenizde biraz ağırlık yapıyor, içerisindeki yağ oranı da sizi biraz düşündürüyor. Ancak bu tarifi evde çok daha ekonomik şekilde, çok daha hafif bir lezzette yapmak mümkün aslında. Bir gece önceden hazırladığınız pastane poğaçalarını yanınıza alarak ofis arkadaşlarınızı sevindirebilir, sıkışan trafiğe rağmen lezzetli ve sağlıklı bir kahvaltıdan ödün vermeden yol alabilir, akşam eve dönüşte çayın yanında tüketebilirsiniz. Uzun süre taze kalması da cabası. Karşınızda: Pastane poğaçası tarifi!</p>
<p>Pastane poğaçalarındaki o yumuşacık dokuyu bu tarifle rahatlıkla yakalamanız da mümkün. Şimdiden ellerinize sağlık diyor, evinin şeflerini mutfağa buyur ediyoruz.</p>
",recipe,"['tuz', 'toz şeker', 'un', 'su', 'yumurta sarısı', 'ılık su', 'kuru maya', 'ılık süt', 'sıvı yağ', 'sıvı yağ']","['Kuru maya ve toz şekeri bir kabın içerisine alın.', 'Üzerine ılık süt ve ılık suyu ilave ederek şeker eriyene kadar güzelce karıştırın.', 'Ardından sıvı yağı da ekleyerek karıştırmaya devam edin.', 'Üzerine azar azar un ilave etmeye başlayın. Bu aşamada tuzu da ekleyin. Unu çok kontrollü bir şekilde ilave ederek güzelce yoğurun.', 'Yumuşak kıvamda\xa0 bir hamur elde edin.', 'Üzerini streç filmle kapatarak oda sıcaklığında 40 dakika kadar mayalandırın. Eğer kış mevsiminde mayalandırma yapıyorsanız daha ılık bir ortamda 1 saat kadar mayalandırın.', 'Mayalanan hamurdan avuç içi büyüklüğünde bezeler elde ederek yuvarlak bir şekil verin. Dilerseniz bu aşamada içlerine harç da koyabilirsiniz.', 'Hazırladığınız hamurları yağlı kağıt serili fırın tepsisine dizin.', 'Yumurta sarısı, yağ ve suyu bir kapta karıştırın. Poğaçaların üzerine fırça yardımıyla sürün. Ardından da çatalla şekil verin.', '180 derecede önceden ısıtılmış fırında yaklaşık 25-30 dakika kadar üzeri kızarıp tam poğaçalar tam kabarana kadar pişirin. Ardından çıkarıp biraz dinlendirdikten sonra servis edin. Afiyetler olsun!']",POĞAÇA,239b56,/tarif/pogaca/,"['Hamur İşi', 'Kahvaltılık', 'Poğaça']","['ekonomik', 'kahvaltı', 'çay saati']","['Kahvaltı', 'Çay Saati']",['Fırın'],['Ekonomik'],False,1500,1800,2020-03-02T06:45:54Z,4.0,1005135,4161,False,False,True,0,,0,,,,2020/03/pastane-pogacasi-one-cikan-yeni.jpg,0,0,https://cdn.yemek.com/mnresize/940/940/uploads/2020/03/pastane-pogacasi-one-cikan-yeni.jpg,940,940,False,https://cdn.yemek.com/mncrop/300/200/uploads/2020/03/pastane-pogacasi-one-cikan-yeni.jpg,300,200,True,https://cdn.yemek.com/mncrop/940/625/uploads/2020/03/pastane-pogacasi-one-cikan-yeni.jpg,940,625,True,https://cdn.yemek.com/mncrop/620/388/uploads/2020/03/pastane-pogacasi-one-cikan-yeni.jpg,620,388,True,https://cdn.yemek.com/mncrop/600/315/uploads/2020/03/pastane-pogacasi-one-cikan-yeni.jpg,600,315,True,['fırın'],,,,,
759,3400,Yasemin Özaltın,https://cdn.yemek.com/author/35533/20181219061403_avatar.jpg,/profil/yasemingursurer/,Püf Noktalarıyla: Kuru Fasulye,Kuru Fasulye,/tarif/kuru-fasulye/,50 dk,30 dk,"<p>Geleneksel sofralarımızın, mutfağımızın sahip olduğu tüm <a href=""https://yemek.com/tarif/"" target=""_blank"">yemek tariflerinin</a> baş tacıdır aslında kuru fasulye. Tarifte yer alan kuru fasulyeler, cinsi ve önerilen pişirme süresine göre bir gece önceden ılık suya basılır. Sıvı yağda kavrulmuş kuru soğan, salça ve toz kırmızı bibere eklenen haşlanmış kuru fasulyeler, kabuk atmaması için kısık ateşte pişirilir. Ona en çok yakışan <a href=""https://yemek.com/tarif/bulgur-pilavi/"" target=""_blank"">bulgur pilavı </a>ya da <a href=""https://yemek.com/tarif/tereyagli-pilav/"" target=""_blank"">tereyağlı pirinç pilavı </a>eşliğinde soğuk ya da sıcak olarak servis edilir.</p>
<p>Yaz sofralarında kuru nane eşlik eder ona yanına buz gibi bir kase <a href=""https://yemek.com/tarif/cacik/"" target=""_blank"">cacık</a>. Sizin anlayacağınız mevsimsizdir kuru fasulye ve damaklarda kalan tadına doyum olmaz.</p>
<p><strong>Kuru fasulye tarifi</strong>ni hazırladık hazırlamasına da yanında ne olsun istersiniz? Önerdiğimiz gibi pilav ve cacık mı yoksa sadece iyi yapılmış bir mısır ekmeği mi? Haydi buyurun etsiz kuru fasulye tarifine!</p>
",recipe,"['tereyağı', 'tuz', 'toz şeker', 'su', 'domates salçası', 'kuru fasulye', 'orta boy kuru soğan', 'tatlı toz kırmızı biber', 'sıvı yağ']","['Kuru fasulye yemeği için 4 yemek kaşığı sıvı yağ ve 2 yemek kaşığı tereyağını derin bir tencereye aktarın ve kızdırın.1 adet yemeklik doğranmış kuru soğanı da ekleyin ve pembeleşinceye kadar kavurun.', 'Soğanlar kavrulduktan sonra 1 yemek kaşığı domates salçasını ekleyin ve kokusu çıkana kadar kavurun.', 'Son olarak bir gece önceden suda beklettiğiniz kuru fasulyeleri de tencereye ekleyin.', 'Sonra 1-2 dakika karıştırın ve 3 su bardağı su, 1 çay kaşığı kırmızı toz biber, 1 çay kaşığı tuz ve 1 çay kaşığı toz şekeri ekleyin, kapağını kapatıp fasulyeler yumuşayana kadar pişirin.', 'Tane tane pişmiş pirinç pilavı ile kuru fasulye yemeğini servis edin, afiyet olsun!']",BAKLİYAT,239b56,/tarif/bakliyat/,"['Ramazan', 'Video', 'Bakliyat']","['ekonomik', 'akşam yemeği', 'öğle yemeği']","['Öğle Yemeği', 'Akşam Yemeği']","['Tencere', 'Ocak']",['Ekonomik'],False,3000,1800,2019-05-06T08:22:00Z,4.0,1003156,4744,False,True,True,0,,0,,,,2015/11/kuru-fasulye-yemekcom.jpg,0,0,https://cdn.yemek.com/mnresize/940/940/uploads/2015/11/kuru-fasulye-yemekcom.jpg,940,940,False,https://cdn.yemek.com/mncrop/300/200/uploads/2015/11/kuru-fasulye-yemekcom.jpg,300,200,True,https://cdn.yemek.com/mncrop/940/625/uploads/2015/11/kuru-fasulye-yemekcom.jpg,940,625,True,https://cdn.yemek.com/mncrop/620/388/uploads/2015/11/kuru-fasulye-yemekcom.jpg,620,388,True,https://cdn.yemek.com/mncrop/600/315/uploads/2015/11/kuru-fasulye-yemekcom.jpg,600,315,True,,,,,,
760,11811,ipeksare,https://cdn.yemek.com/author/262494/20200820091315_avatar.jpg,/profil/ipeksare/,Tüm Sırlarıyla: Lokanta Usulü Mercimek Çorbası,Lokanta Usulü Mercimek Çorbası,/tarif/lokanta-usulu-mercimek-corbasi/,25 dk,15 dk,"<p>Soğuk kış günlerinde adeta bir hediye gibi değil midir, en yakın lokantanın mercimek çorbası... O an, bildiğimiz tüm <a href=""https://yemek.com/tarif/"" target=""_blank"">yemek tariflerinden</a> daha lezzetli gelmez mi, Müptelası değil miyiz?</p>
<p>Bu nefis lezzeti ev konforunda yaşayın istedik. Bu sefer soğuk kış günleri evde kendinizi lokanta usulü <a href=""https://yemek.com/tarif/corba/"" target=""_blank"">çorba</a>yla şımartın bizce. Eh önümüzde çetin bir kış bizi bekliyor. Sarı mercimeğin güzeller güzeli rengine... Hem blenderdan çekilip hem de süzgeçten süzülen pürüzsüz dokusuna saygı duruşunda bulunuyor ve tarifi sizinle buluşturuyoruz.</p>
<p>Her kaşığı afiyet, her kaşığı şifa olsun! <img src=""https://cdn.yemek.com/assets/images/smiley/smile.png"" class=""wp-smiley img-responsive"" /></p>
",recipe,"['tereyağı', 'tereyağı', 'sıcak su', 'tuz', 'pul biber', 'un', 'sarımsak', 'soğan', 'tavuk suyu', 'sarı mercimek']","['Mercimekleri bol suda yıkayın.Tereyağını eritin ve küp küp doğranmış soğanları ve ezilmiş sarımsakları kavurun.', 'Soğan ve sarımsak hafif kavrulunca unu ilave edin ve 2-3 dakika unu kavurun.', 'Çırpma teliyle unu çırpıyorken tavuk suyunu ilave edin.', 'Mercimekleri de ilave edin ve kalan sıcak suyu da ilave edip kaynamaya bırakın.', 'Su kaynayınca tuzu ilave edin ve mercimekler iyice yumuşayıncaya kadar pişirin. Kaynayan ve kıvamlanan çorbayı blenderdan geçirin.', 'Daha sonra ince delikli bir süzgeçten süzün ve pürüzsüz kıvama getirin.', 'Tereyağını eritin ve eriyen tereyağında pul biberi kavurun.Kaynayan çorbanın üzerine dökün ve tahta kaşık yardımıyla yağın çorbayla karışmasına yardımcı olun.', 'İşte bu kadar, afiyetler olsun!']",ÇORBA,,/tarif/corba/,"['Çorba', 'Ramazan', 'Bakliyat']","['pratik yemek tarifleri', 'ekonomik', 'başlangıç', 'akşam yemeği', 'öğle yemeği']","['Öğle Yemeği', 'Akşam Yemeği']",['Tencere'],['Ekonomik'],False,1500,900,2020-11-17T08:42:55Z,4.0,999436,4524,False,False,True,0,,0,,,,2016/10/lokanta-usulu-mercimek-corbasi-one-cikan-yeni.jpg,0,0,https://cdn.yemek.com/mnresize/940/940/uploads/2016/10/lokanta-usulu-mercimek-corbasi-one-cikan-yeni.jpg,940,940,False,https://cdn.yemek.com/mncrop/300/200/uploads/2016/10/lokanta-usulu-mercimek-corbasi-one-cikan-yeni.jpg,300,200,True,https://cdn.yemek.com/mncrop/940/625/uploads/2016/10/lokanta-usulu-mercimek-corbasi-one-cikan-yeni.jpg,940,625,True,https://cdn.yemek.com/mncrop/620/388/uploads/2016/10/lokanta-usulu-mercimek-corbasi-one-cikan-yeni.jpg,620,388,True,https://cdn.yemek.com/mncrop/600/315/uploads/2016/10/lokanta-usulu-mercimek-corbasi-one-cikan-yeni.jpg,600,315,True,"['tencere', 'vejetaryen', 'düşük karbonhidratlı', 'düşük kalorili']",greenLight,,,,
761,122,Neşe Ümit Tan,https://cdn.yemek.com/author/208653/20190910030615_avatar.jpg,/profil/neseumit/,Rengi de Mükemmel: Ayva Tatlısı,Ayva Tatlısı,/tarif/ayva-tatlisi/,1 sa,20 dk,"<p>Kışın sert ve uzun geçeceğinin habercisi olan <a href=""https://yemek.com/tarif/ayva-receli/"" target=""_blank"">ayva</a>, aynı zamanda keyifli bir <a href=""https://yemek.com/tarif/tatli/"" target=""_blank"">tatlı</a> malzemesi. Ayva tatlısı hazırlamak ve yemek sonrası tatlı keyfini şölene dönüştürmek için; ayvanın aromasını arttıracak birkaç ürün yeterli. Sevdiklerinize sunacağınız bu <a href=""https://yemek.com/en-fazla-5-malzemeli-pratik-tatli-tarifleri/"" target=""_blank"">pratik tatlı tarifi</a> ile kış gelsin ve bitmesin isteyeceksiniz. Ayvanın kendisini, reçelini sevmeyenler hazır olun; biliyoruz ki bu tatlıyı seveceksiniz!</p>
<p>Ayva <a href=""https://yemek.com/tarif/tatli/"" target=""_blank"">tatlısını</a> tencerede, en doğal haliyle hazırladık. Gıda boyası kullanmadan doğan renginde ve üzerine de nefis bir kaymak koyarak servis ettik. Hafifliğiyle <a href=""https://yemek.com/tarif/serbetli-tatlilar/"" target=""_blank"">şerbetli bir tatlı</a> olduğuna inanamayacaksınız. Kış bitmeden ayva tatlısı <a href=""https://yemek.com/tarif/"" target=""_blank"">tarif</a>ini denemeyen kalmasın!</p>
",recipe,"['toz şeker', 'su', 'büyük boy ayva', 'çubuk tarçın', 'karanfil', 'kaymak', 'toz Antep fıstığı', 'vişne suyu', 'limonun suyu']","['Bol suda yıkadığınız ayvaların kabuklarını soyun ve ortadan ikiye kesin. Kararmaması için limonlu su içine kabuklarıyla birlikte yerleştirin. Ayva çekirdeklerini daha sonra kullanmak üzere bir kenara ayırın.', 'Geniş tabanlı bir tencereye tek sıra halinde dizdiğiniz her bir ayvanın üzerine tepeleme 2 yemek kaşığı toz şeker ekleyin. Ardından su, limon suyu, ayva çekirdekleri, ayva kabukları ve baharatlarını de tencereye yerleştirin.', 'Tencereyi ocağa alın ve orta ateşte su kaynayınca dek pişirin.', 'Kaynayan suya vişne suyunu da ilave edin ve tencerenin kapağını kapatarak kısık ateşte pişmeye bırakın.', 'Yaklaşık bir saat sonra suyunu iyice çekip renk alan ayvaları bir bıçakla yardımıyla pişip pişmediğini kontrol edin. Pişmişse\xa0ilk sıcaklığının geçmesi\xa0için ocaktan alın ve dinlenmeye bırakın.', 'Pişen ayvaları servis tabağına alın ve tencerede kalan şerbetinden hafifçe üzerine sürün. Kaymak ve toz Antep fıstığı ilavesiyle ılık ya da soğuk olarak tatlıları servis edin.']",MEYVELİ TATLI,239b56,/tarif/meyveli-tatlilar/,"['Tatlı', 'Şerbetli Tatlı', 'Meyveli Tatlı', 'Mevsiminde']","['ekonomik', 'ara öğün']",['Çay Saati'],['Tencere'],"['Glutensiz', 'Vejetaryen', 'Düşük Karbonhidratlı']",False,3600,1200,2019-11-05T11:14:53Z,4.0,977390,1237,False,False,True,0,,0,,,,2014/06/ayva-tatlisi-buyuk-yemekcom.jpg,0,0,https://cdn.yemek.com/mnresize/940/940/uploads/2014/06/ayva-tatlisi-buyuk-yemekcom.jpg,940,940,False,https://cdn.yemek.com/mncrop/300/200/uploads/2014/06/ayva-tatlisi-buyuk-yemekcom.jpg,300,200,True,https://cdn.yemek.com/mncrop/940/625/uploads/2014/06/ayva-tatlisi-buyuk-yemekcom.jpg,940,625,True,https://cdn.yemek.com/mncrop/620/388/uploads/2014/06/ayva-tatlisi-buyuk-yemekcom.jpg,620,388,True,https://cdn.yemek.com/mncrop/600/315/uploads/2014/06/ayva-tatlisi-buyuk-yemekcom.jpg,600,315,True,"['tencere', 'vejetaryen', 'glutensiz']",,"['Ocak', 'Şubat', 'Kasım', 'Aralık']",,,
762,14899,Cemre Özgüzel,https://cdn.yemek.com/author/109/20200211010242_avatar.jpg,/profil/cemre-ozguzel/,Pastane Tadında: Sirkeli Tuzlu Kurabiye,Sirkeli Tuzlu Kurabiye,/tarif/sirkeli-tuzlu-kurabiye/,15 dk,25 dk,"<p>Pastanelerden almaya doyamadığımız o kuru pastalar var ya... İşte onların en büyük sırrı içindeki sirke.</p>
<p>Mutfağımızda sık sık kullandığımız sirke bu sefer <a href=""https://yemek.com/tarif/kurabiye/"" target=""_blank"">kurabiye</a> hamurunun içinde. Çay saatlerinize çok yakışacak bu kıyır kıyır hamuru çok seveceksiniz. Çörek otuyla ve yumurta sarısıyla kızaran o nefis dış yüzeyi de onu sevmek için başka bir neden.</p>
<p>Tek yapmanız gereken sevdiklerinizi bu çay saati için organize etmek ve onlara bu enfes <a href=""https://yemek.com/tarif/pastane-usulu-sirkeli-tuzlu-kurabiye/"" target=""_blank"">tuzlu kurabiye</a>lerden hazırlamak. Gerisi de demli çayın bağlayıcı büyüsüne kalmış.</p>
<p><a href=""https://yemek.com/tarif/kiyir-kiyir-tuzlu-pasta/"" target=""_blank"">Kıyır kıyır tuzlu pasta</a> tarifleri ile sizlere afiyetler olsun.</p>
<p>Daha fazla tarif için: <a href=""https://yemek.com/tarif/"" target=""_blank"">Yemek Tarifleri</a></p>
",recipe,"['tuz', 'yumurta', 'toz şeker', 'un', 'kabartma tozu', 'sirke', 'çörek otu', 'oda sıcaklığında tereyağı', 'yumurta beyazı', 'sıvı yağ']","['Oda sıcaklığındaki 250 gram tereyağını bir kabın içerisine alın. Üzerine 1 çay bardağı sıvı yağ ve 2 adet yumurta ilave ederek elinizle karıştırın.', 'Bu karışımın içerisine 2 yemek kaşığı sirke, 1 tatlı kaşığı tuz, 1,5 tatlı kaşığı toz şeker ve 1 paket kabartma tozu ilave ederek karıştırmaya devam edin.', 'Ardından 3 su bardağı kadar unu azar azar ilave ederek ele yapışmayan bir hamur elde edene kadar yoğurun.', 'Hamurdan ceviz büyüklüğünde parçalar kopartın ve ince bir rulo olacak şekilde uzatın. Bıçak yardımıyla 4 parmak genişliğinde kesin.', 'Üzerine yumurta beyazı ve çörek otu serperek fırın tepsisine dizin.', '180 derecelik fırında, üzeri kızarana kadar 10-12 dakika kadar pişirin ve fırından alıp\xa0 soğumaya bırakın. İşte bu kadar, afiyetler olsun!']",TUZLU KURABİYE,239b56,/tarif/tuzlu-kurabiyeler/,"['Kurabiye', 'Video', 'Tuzlu Kurabiye']",['çay saati'],['Çay Saati'],['Fırın'],['Vejetaryen'],False,900,1500,2017-02-20T15:25:51Z,4.0,970001,5433,False,True,True,0,,0,,,,2017/02/sirkeli-tuzlu-kurabiye-yemekcom.jpg,0,0,https://cdn.yemek.com/mnresize/940/940/uploads/2017/02/sirkeli-tuzlu-kurabiye-yemekcom.jpg,940,940,False,https://cdn.yemek.com/mncrop/300/200/uploads/2017/02/sirkeli-tuzlu-kurabiye-yemekcom.jpg,300,200,True,https://cdn.yemek.com/mncrop/940/625/uploads/2017/02/sirkeli-tuzlu-kurabiye-yemekcom.jpg,940,625,True,https://cdn.yemek.com/mncrop/620/388/uploads/2017/02/sirkeli-tuzlu-kurabiye-yemekcom.jpg,620,388,True,https://cdn.yemek.com/mncrop/600/315/uploads/2017/02/sirkeli-tuzlu-kurabiye-yemekcom.jpg,600,315,True,,,,,,
763,612,Yasemin Özaltın,https://cdn.yemek.com/author/35533/20181219061403_avatar.jpg,/profil/yasemingursurer/,"Dolu Dolu: Havuçlu, Tarçınlı, Cevizli Kek","Havuçlu, Tarçınlı, Cevizli Kek",/tarif/havuclu-tarcinli-kek/,40 dk,20 dk,"<p>Mikserleri çalıştırın! Altın günlerinde kulaktan kulağa tarifi fısıldanan lezzetiyle bilinen havuçlu, tarçınlı, <a href=""https://yemek.com/tarif/cevizli-kek/"" target=""_blank"">cevizli kek</a>in tarifini paylaşıyoruz ki damağınız şenlensin. Bu tarifi tüm adımlarıyla birebir hazırladığınızda öyle güzel oluyor ki, bundan sonra başka tarifler denemeyeceksiniz. İçi nemli, mis kokulu ve müthiş lezzetli havuçlu tarçınlı cevizli kek <a href=""https://yemek.com/tarif/"" target=""_blank"">tarif</a>imizi deneyenlerle yorumlarda buluşalım!</p>
<p><a href=""https://yemek.com/tarif/kek/"" target=""_blank"">Kek tariflerinin</a> en sevilenlerinden olan havuçlu kek tarçın desteğiyle en güzel haliyle karşınızda! <strong>Tüm püf noktaları</strong> ise aşağıda...</p>
",recipe,"['limon suyu', 'yumurta', 'toz şeker', 'süt', 'un', 'havuç', 'tarçın', 'ceviz içi', 'karbonat', 'vanilin', 'sıvı yağ']","['Havuçlu, tarçınlı, cevizli kek tarifi için oda sıcaklığında bekletilmiş 3 adet yumurta ile 1 su bardağı toz şekeri mikserle çırpın, bu işleme şeker tamamen eriyene kadar devam edin.', 'Ardından sırasıyla; 1 su bardağı sütü,\xa0yarım su bardağı sıvı yağı ilave edin.', 'Unu, karbonatı, limon suyunu ve vanilini harca eleyerek ekleyin, ardından mikserle çırpın.', 'Karışıma rendeleyip fazla suyunu aldığınız havuç, iri dövülmüş ceviz içi ve tarçını ekleyin.', 'Kek kalıbınızın tabanını yağlayın.', 'Kalıba aktardığınız keki, önceden ısıtılmış 170 derecelik fırında, yaklaşık 40 dakika pişirin. Soğuduktan sonra üzerine pudra şekeri serperek servis edin. Afiyet olsun.']",TATLI KEK,239b56,/tarif/tatli-kek/,"['Kek', 'Video', 'Tatlı Kek', 'Mevsiminde']","['ekonomik', 'ara öğün', 'çay saati']",['Çay Saati'],['Fırın'],,False,2400,1200,2020-11-24T12:02:38Z,4.0,968347,6578,False,True,False,0,,0,,,,2014/09/havuclu-tarcinli-kek-yemekcom2.jpg,0,0,https://cdn.yemek.com/mnresize/940/940/uploads/2014/09/havuclu-tarcinli-kek-yemekcom2.jpg,940,940,False,https://cdn.yemek.com/mncrop/300/200/uploads/2014/09/havuclu-tarcinli-kek-yemekcom2.jpg,300,200,True,https://cdn.yemek.com/mncrop/940/625/uploads/2014/09/havuclu-tarcinli-kek-yemekcom2.jpg,940,625,True,https://cdn.yemek.com/mncrop/620/388/uploads/2014/09/havuclu-tarcinli-kek-yemekcom2.jpg,620,388,True,https://cdn.yemek.com/mncrop/600/315/uploads/2014/09/havuclu-tarcinli-kek-yemekcom2.jpg,600,315,True,['fırın'],,"['Ocak', 'Şubat', 'Mart']",,,
764,1621,Yasemin Özaltın,https://cdn.yemek.com/author/35533/20181219061403_avatar.jpg,/profil/yasemingursurer/,Sonuç Mükemmel: Fırında Makarna,Fırında Makarna,/tarif/firinda-makarna/,25 dk,20 dk,"<p><a href=""https://yemek.com/tarif/hamur-isi/"" target=""_blank"">Hamur işlerine</a> olan ülkece yatkınlığımızı hepimiz kabul ederiz. Bu işin ana vatanı İtalya olsa da mesela <a href=""https://yemek.com/tarif/makarna/"" target=""_blank"">makarna</a> konusunda yüzlerce çeşitle onlardan aşağı kalmayız. Yeri gelir soslarla şov yaparız, yeri gelir erişteden makarna yaparız, yeri gelir fırınlarız, yeri gelir öğrenci evi gibi ketçap mayonezle yeriz. Ama biz bu işi biliriz. Bugün de fırınlıyoruz.</p>
<p>Spagettinin kalını, içi derin boşluklu fırın makarnaları özenle haşladıktan sonra özel sosuyla buluşturuyor, rendelenmiş kaşar peyniri ilavesiyle üzeri nar gibi kızarana kadar fırınlıyoruz. Pek kolay ve pratik olan beşamel soslu fırında makarna tarifimiz hazır olduğu gibi sofraya alıyor ve afiyetle sevdiklerimizle paylaşıyoruz.</p>
<p>Fırında peynirli makarna tarifi arayanları da unutmuyor, onları buraya davet ediyoruz: <a href=""https://yemek.com/tarif/beyaz-peynirli-firinda-makarna/"" target=""_blank"">Beyaz Peynirli Fırında Makarna Tarifi</a></p>
<p>""Ben fırında makarna çeşitlerini görmek istiyorum"" diyorsanız şöyle de buyurabilirsiniz: <a href=""https://yemek.com/firinda-makarna-tarifleri/"" target=""_blank"">Fırında Makarna Aşkını Doya Doya Yaşatan 10 Malzemesine Dolgun Tarif</a></p>
",recipe,"['tereyağı', 'süt', 'un', 'rendelenmiş kaşar peyniri', 'fırın makarna', 'muskat cevizi', 'sıvı yağ']","['Beşamel sosu hazırlamak için; 4 yemek kaşığı tereyağı ve 2 yemek kaşığı sıvı yağı bir sos tenceresinde kızdırın.', 'Ardından 3 yemek kaşığı unu üzerine ilave edin ve kokusu çıkana kadar kavurun.', '2,5 su bardağı sütü de sos tenceresine ilave edip iyice karıştırın ve karışım koyulaşana kadar orta ateşte pişirin. Ara ara karıştırmayı ihmal etmeyin.', 'Pişmiş olan beşamel sosun üzerine yarım muskat rendeleyip karıştırın ve ocaktan alın. Arzuya göre tuz ve karabiber ile tatlandırın.', '<div>Derin bir tencerede kaynamış olan tuzlu suyun içine fırın makarnayı atın ve 10 dakika, yumuşayana kadar pişirin. Ocaktan alıp, suyunu süzdürün.</div>\n&nbsp;', 'Geniş bir kabın içerisinde, süzülmüş olan makarnayı ve beşamel sosu güzelce karıştırın.', 'Makarnayı, pişireceğiniz fırın kabına alın ve üzerine 1,5 su bardağı rendelenmiş kaşar peyniri\xa0serpiştirin.', '<div>Önceden ısıtılmış 190 derece fırında 25 dakika pişirin. İlk sıcaklığı geçtikten sonra dilimleyin ve servis edin. Fırın makarnamız hazır, afiyet olsun!</div>']",MAKARNA,239b56,/tarif/makarna/,"['Makarna', 'Video']","['ekonomik', 'akşam yemeği', 'öğle yemeği']","['Öğle Yemeği', 'Akşam Yemeği']",,,False,1500,1200,2019-04-04T07:35:51Z,4.0,961687,7167,False,True,True,0,,0,,,,2015/02/firin-makarna-yemekcom-yeni.jpg,0,0,https://cdn.yemek.com/mnresize/940/940/uploads/2015/02/firin-makarna-yemekcom-yeni.jpg,940,940,False,https://cdn.yemek.com/mncrop/300/200/uploads/2015/02/firin-makarna-yemekcom-yeni.jpg,300,200,True,https://cdn.yemek.com/mncrop/940/625/uploads/2015/02/firin-makarna-yemekcom-yeni.jpg,940,625,True,https://cdn.yemek.com/mncrop/620/388/uploads/2015/02/firin-makarna-yemekcom-yeni.jpg,620,388,True,https://cdn.yemek.com/mncrop/600/315/uploads/2015/02/firin-makarna-yemekcom-yeni.jpg,600,315,True,['fırın'],,,,,
765,47391,Gökçen Mutaf,https://cdn.yemek.com/author/23120/20181227103819_avatar.jpeg,/profil/gokcenmutaf/,Sadece 10 Dakikada: Etsiz Çiğ Köfte,Etsiz Çiğ Köfte,/tarif/etsiz-cig-kofte/,10 dk,10 dk,"<p><a href=""https://yemek.com/tarif/etli-cig-kofte/"" target=""_blank"">Çiğ köfte tarifini</a> biz hep uzun uzun yoğrulan, maharet isteyen, herkesin kolaylıkla yapamayacağı bir tarif olarak biliyoruz. Urfa başta olmak üzere Güney Doğu'nun en sevilen tariflerinden biri olan <a href=""https://yemek.com/tarif/etsiz-cig-kofte-2/"" target=""_blank"">çiğ köfte</a> orijinalinde etli çiğ köfte olarak yapılıp sunulan bir tarif. Ancak evde daha ekonomik bir şekilde yapılmak istendiğinde elimiz hep etsiz çiğ köfte tarifine gidiyor. Onun da yoğrulması bir hayli zaman alıyor. Gelin, şu işi daha kolaylaştıralım. Karşınızda, en kolay ve lezzetlisinden: <strong>Etsiz çiğ köfte tarifi!</strong></p>
<p>Bu çiğ köfte tarifi yoğrulmadan, robotta tüm malzemelerin çekilmesiyle hazırlanıyor. Bu şekilde hem zamanda kazanılıyor hem de <strong>yoğurmadan enfes çiğ köfte</strong> hazırlanmış oluyor. Hadi o zaman şimdiden ellerinize sağlık diyor, bu pratik <a href=""https://yemek.com/tarif/mezeler/"" target=""_blank"">meze tariflerinden</a> biri olan etsiz çiğ köfte tarifine buyur ediyoruz sizleri. ''Çiğ köfte nasıl yapılır?'' sorunuzun cevabı tarifimizde saklı!</p>
",recipe,"['sıcak su', 'tuz', 'limon suyu', 'zeytinyağı', 'domates salçası', 'nar ekşisi', 'isot', 'soğan', 'tatlı toz kırmızı biber', 'esmer bulgur']","['Bulguru derince bir kaba alın ve üstüne 1,5 bardak sıcak suyu gezdirin. Üstünü kapatıp 10 dakika beklemeye alın.', 'Bulgur kabarırken soğanı robottan çekin.', 'Soğanı tel bir süzgece alarak fazla suyunu sıkın.', 'İsotu da bir kaseye alın ve üstüne sıcak su ekleyip 5 dakika kadar beklemeye alın.', 'Bulgur kabardıktan sonra, mutfak robotuna kabarmış bulguru alın ve üstüne, robottan çektiğiniz kuru soğanı, ıslanmış isotu (suyuyla birlikte), limon suyunu, nar ekşisini, zeytinyağını, tuzu, salçayı ve kırmızı biberi ekleyip, robottan ara ara durdurarak 10 dakika kadar çekin.', 'Sonra bir kaba alın ve elinize birkaç dakika daha yoğurun.', 'Klasik çiğ köfte şeklini verin.', 'Dilerseniz dürüm şeklinde de servis edebilirsiniz.', 'Suşi şeklini vermek için ise hazırladığınız dürümü halka halka doğrarsanız harika olur. Afiyet olsun!']",MEZE,239b56,/tarif/mezeler/,"['Özel Beslenme', 'Vejetaryen', 'Atıştırmalık', 'Meze', 'Vegan', 'Video', 'Tuzlu Atıştırmalık']",['ekonomik'],"['Öğle Yemeği', 'Akşam Yemeği']",,"['Ekonomik', 'Vejetaryen', 'Vegan']",False,600,600,2020-10-01T07:15:08Z,4.0,952286,3376,False,True,True,0,,0,,,,2020/10/etsiz-cig-kofte-yemekcom.jpg,0,0,https://cdn.yemek.com/mnresize/940/940/uploads/2020/10/etsiz-cig-kofte-yemekcom.jpg,940,940,False,https://cdn.yemek.com/mncrop/300/200/uploads/2020/10/etsiz-cig-kofte-yemekcom.jpg,300,200,True,https://cdn.yemek.com/mncrop/940/625/uploads/2020/10/etsiz-cig-kofte-yemekcom.jpg,940,625,True,https://cdn.yemek.com/mncrop/620/388/uploads/2020/10/etsiz-cig-kofte-yemekcom.jpg,620,388,True,https://cdn.yemek.com/mncrop/600/315/uploads/2020/10/etsiz-cig-kofte-yemekcom.jpg,600,315,True,['vejetaryen'],,,,,
766,140,Yasemin Özaltın,https://cdn.yemek.com/author/35533/20181219061403_avatar.jpg,/profil/yasemingursurer/,Tam Kıvamında: Kadınbudu Köfte,Kadınbudu Köfte,/tarif/kadinbudu-kofte/,5 dk,25 dk,"<p>Kadınbudu köfte, kendisine bu topraklarda <a href=""https://yemek.com/tarif/kofte/"" target=""_blank"" rel=""noopener"">köfte</a> dedirtme konusunda en başarılı tariflerden biri. Mesela neredeyse bütün köfteler pilavla çok iyi giderken, kadınbudu gitmez. Ancak patates püresiyle diğer bütün köftelerden daha güzel olur. Biraz hercai anlayacağınız.</p>
<p>Neyse bu kadar konuştuktan sonra bu akşam ve hatta ilk fırsatta <a href=""https://yemek.com/tarif/"" target=""_blank"" rel=""noopener"">yemek tariflerinin</a> en güzellerinden olan <strong>kadınbudu köfte</strong>yi yapmak bize farz oldu. Aşağıda bize eşlik etmek isteyenler için videolu tarifi var. Üstelik en <strong>tam kıvamında</strong>, en lezzetli haliyle bizlerle! Dileyen gelebilir, sofrasını güzelleştirebilir.</p>
<p>Haydi herkese afiyet olsun!</p>",recipe,"['kuru soğan', 'tuz', 'yumurta', 'yumurta', 'ayçiçek yağı', 'un', 'sarımsak', 'karabiber', 'orta yağlı kıyma', 'kimyon', 'haşlanmış pirinç', 'galeta unu']","['<p>Kadınbudu köfte için 1/2 su bardağı pirinci tuz ve su ile birlikte hafif yumuşayana kadar kaynatın. Çok yumuşamamasına dikkat edin.\xa0Bir tavada zeytinyağı ile soğanları\xa0 yumuşayana kadar kavurun.\xa0Sarımsakları da ekleyip kavurmaya devam edin.</p>', '<p>Kıymanın yarısını soğan ve sarımsakların içerisine alın ve suyunu salıp, çekene kadar kavurun. Pişen kıymaları ocaktan alın ve soğumaya bırakın.</p>', '<p>Geniş bir kasede çiğ kıyma, un, haşlanmış pirinç, pişip soğuyan soğanlı kıyma harcını, yumurta ve tüm baharatları bir araya getirip yoğurun.\xa0Yoğurduktan sonra üzerine streç çekip 20 dakika buzdolabında bekletin.</p>', '<p>Bekleyen harçtan yumurtadan biraz daha büyük parçalar koparıp yuvarlayarak şekil verin.</p>', '<p>Şekil verilmiş köfteleri önce un ve galeta unu karışımına, sonra yumurtaya batırın.</p>', '<p>Kadınbudu köfteleri kızgın yağda kızartın. Servis ederken püre ve sotelenmiş sebzeler ile servis edebilirsiniz, afiyet olsun!</p>']",KÖFTE,239b56,/tarif/kofte/,"['Et', 'Köfte', 'Ramazan', 'Video']",,"['Başlangıç', 'Öğle Yemeği', 'Ara Öğün', 'Akşam Yemeği']","['Kızartma', 'Ocak']",,False,300,1500,2021-10-18T08:41:49Z,4.0,944096,5753,False,True,True,0,,0,,,,2021/10/kadinbudu-kofte-yemekcom.jpg,0,0,https://cdn.yemek.com/mnresize/940/940/uploads/2021/10/kadinbudu-kofte-yemekcom.jpg,940,940,False,https://cdn.yemek.com/mncrop/300/200/uploads/2021/10/kadinbudu-kofte-yemekcom.jpg,300,200,True,https://cdn.yemek.com/mncrop/940/625/uploads/2021/10/kadinbudu-kofte-yemekcom.jpg,940,625,True,https://cdn.yemek.com/mncrop/620/388/uploads/2021/10/kadinbudu-kofte-yemekcom.jpg,620,388,True,https://cdn.yemek.com/mncrop/600/315/uploads/2021/10/kadinbudu-kofte-yemekcom.jpg,600,315,True,,,,,,
767,233,Yasemin Özaltın,https://cdn.yemek.com/author/35533/20181219061403_avatar.jpg,/profil/yasemingursurer/,Kalem Gibi Sarılır: Zeytinyağlı Yaprak Sarma,Zeytinyağlı Yaprak Sarma,/tarif/zeytinyagli-yaprak-sarma/,45 dk,40 dk,"<p>Bayram yemeklerinden altın günlerine kadar günün her anı yenilebilecek, en sevilen, en zamansız <a href=""https://yemek.com/tarif/"" target=""_blank"">yemek tariflerinden</a> biridir zeytinyağlı yaprak sarma. Belli başlı püf noktaları ve lezzet sırlarını takip edip, biraz zaman ayırdıktan sonra harika sarmalar hazırlayabilirsiniz. İncecik sarılan, bol zeytinyağlı ve limonlu olanı makbuldür yaprak sarmanın. İsterseniz salamura asma yaprağı kullanarak isterseniz de taze asma yaprağı kullanarak hazırlayabilirsiniz onu. Karşınızda yemelere doyamayacağınız zeytinyağlı yaprak sarma tarifi!</p>
<p>Tarifin en önemli sırrı yaprakların içini çok fazla doldurmamakta saklı. Bu sayede yapraklar pişerken patlamayacak ve tam kıvamında olacaklar. Yaprak sarması nasıl yapılır, yaprak sarması içi nasıl hazırlanır, yaprak sarma nasıl pişirilir diyenlere de adım adım görselli bir şekilde <a href=""https://yemek.com/tarif/zeytinyaglilar/"" target=""_blank"">zeytinyağlı</a> yaprak sarma yapımını anlatıyoruz tarifimizde. Bu tarif kaçmaz diyor, lezzeti ve görünümü mükemmel, en güzel zeytinyağlı yaprak sarma tarifine alıyoruz sizleri.</p>
<p>Dilerseniz taze yaprak sarması tarifimize de <a href=""https://yemek.com/tarif/taze-yaprak-sarmasi/"" target=""_blank"">şuradan</a> bakabilirsiniz.</p>
",recipe,"['pirinç', 'kuru soğan', 'sıcak su', 'sıcak su', 'nane', 'tuz', 'zeytinyağı', 'zeytinyağı', 'karabiber', 'tarçın', 'limon', 'kuş üzümü', 'dolmalık fıstık', 'asma yaprağı', 'yenibahar']","['Sarmanın iç harcını hazırlamak için; yarım su bardağı zeytinyağını geniş tabanlı bir tencerede kızdırın. 3 adet rendelenmiş soğanı hafif renk alana kadar kavurun. Ardından üzerine 1,5 yemek kaşığı dolmalık fıstığı da\xa0 koyup kavurmaya devam edin.', 'Ilık suda 5 dakika kadar bekletip suyunu süzdürdüğünüz 1,5 su bardağı pirinci soğanlarla birlikte, pirinçler şeffaf bir görünüm kazanana kadar kavurun.', ""Ardından sırasıyla; 1 yemek kaşığı kuş üzümü, 1'er çay kaşığı tuz, karabiber, yenibahar ve tarçın ekleyip karıştırın."", 'Yaklaşık 1 su bardağı sıcak suyu da ilave edin ve iç harcı kısık ateşte 5 dakika kadar pişirdikten sonra ocaktan alın.', 'Salamura asma yapraklarını tezgahın üzerinde damarlı kısımları üstte kalacak şekilde açın. Her bir yaprağın orta kısmına; hazırlayıp, ılıttığınız iç harçtan birer tatlı kaşığı kadar paylaştırın.', 'Kenar kısımlarını içe alıp, geniş kısmından uç kısmına doğru ilerleyin.', 'Tüm yaprakları sıkı bir şekilde sarın.', 'Sarma tenceresinin tabanını birkaç adet asma yaprağı ile kaplayın.', 'Hazırladığınız sarmaları, sıra halinde, yan yana dizin. Limonu halka halka dilimledikten sonra sarmaların üzerine yerleştirin.', 'Pişme esnasında açılmamaları için; üzerlerine düz bir servis tabağı kapatın. 1,5 su bardağı sıcak su ve 2 yemek kaşığı zeytinyağını da tencereye ekledikten sonra\xa0sarmaları, kısık ateşte yaklaşık 35 dakika pişirin.', 'Arzuya göre; ılık ya da soğuk olarak servis edin.']",ZEYTİNYAĞLI,239b56,/tarif/zeytinyaglilar/,"['Sebze', 'Ramazan', 'Zeytinyağlı', 'Video']","['ekonomik', 'başlangıç', 'akşam yemeği', 'öğle yemeği']","['Başlangıç', 'Çay Saati']",['Tencere'],"['Ekonomik', 'Vejetaryen', 'Düşük Kalorili']",False,2700,2400,2019-05-06T11:59:14Z,4.0,941586,5114,False,True,True,0,,0,,,,2014/07/zeytinyagli-yaprak-sarmasi-yemekcom.jpg,0,0,https://cdn.yemek.com/mnresize/940/940/uploads/2014/07/zeytinyagli-yaprak-sarmasi-yemekcom.jpg,940,940,False,https://cdn.yemek.com/mncrop/300/200/uploads/2014/07/zeytinyagli-yaprak-sarmasi-yemekcom.jpg,300,200,True,https://cdn.yemek.com/mncrop/940/625/uploads/2014/07/zeytinyagli-yaprak-sarmasi-yemekcom.jpg,940,625,True,https://cdn.yemek.com/mncrop/620/388/uploads/2014/07/zeytinyagli-yaprak-sarmasi-yemekcom.jpg,620,388,True,https://cdn.yemek.com/mncrop/600/315/uploads/2014/07/zeytinyagli-yaprak-sarmasi-yemekcom.jpg,600,315,True,"['tencere', 'vejetaryen', 'glutensiz']",,,,,
768,154,Yasemin Özaltın,https://cdn.yemek.com/author/35533/20181219061403_avatar.jpg,/profil/yasemingursurer/,Tam Kıvamında: Tarhana Çorbası,Tarhana Çorbası,/tarif/tarhana-corbasi/,20 dk,5 dk,"<p>Bütün <a href=""https://yemek.com/tarif/"" target=""_blank"">yemek tarifleri</a> arasında tarhana çorbası hiç şüphesiz en çok Anadolu kokandır, toprak kokandır. Ekşilisi içilir, kahvaltıda içilir, akşam yemeğinde içilir, <a href=""https://yemek.com/ramazan"" target=""_blank"">sahurda</a> içilir.</p>
<p>Tarhana çorbası bir çorbanın alabileceği en güzel hallerden, <a href=""https://yemek.com/tarif/corba/"" target=""_blank"">çorba tariflerinden</a> en sevilenlerinden biridir. Dilerseniz <a href=""https://yemek.com/tarif/tarhana/"" target=""_blank"">ev tarhanasını</a> kendiniz de yapabilir, meşhur Maraş tarhanası tarifimize ise <a href=""https://yemek.com/tarif/maras-tarhanasi/"" target=""_blank"">şuradan</a> ulaşabilirsiniz. Ev yapımı mis gibi tarhana çorbasını yapmak üstelik toz tarhana çorbasını yapmaktan bile daha kolay.</p>
<p>Her birinin kendine has tarhana çorbası tarifi olan büyüklerimize saygılarımızı sunarak tarhana çorbası yapımını hem video hem de adım adım görselli olarak aşağıda paylaşıyoruz.</p>
",recipe,"['tereyağı', 'tuz', 'ayçiçek yağı', 'sarımsak', 'su', 'domates salçası', 'toz tarhana', 'kuru nane']","['Toz tarhanayı geniş bir karıştırma kasesine alın. Üzerine toz nane ve oda sıcaklığındaki 2 bardak suyu ekleyerek bir çırpıcı yardımıyla karıştırın. Tarhana yumuşayana dek, yaklaşık 15 dakika boyunca oda sıcaklığında yumuşamaya bırakın.', 'Bu sırada geniş bir tencereye sıvıyağ ve tereyağını ekleyip, orta ateşte eritmeye başlayın. Ezilmiş sarımsak ve salçayı ekleyerek kavurmaya başlayın.', 'Yumuşayan tarhana karışımını ekleyin, ardından tuzunu da ekleyin ve karıştırın.', 'Kalan 5 su bardağı suyu ve tencereye ekleyin. Ara ara karıştırarak koyulaşana dek pişirin.', 'Kaynayan çorbayı bekletmeden sıcak olarak servis edin. Pişirdikçe koyulaşan bir çorba olduğu için daha sonra tüketecekseniz üzerine su ilave etmenizi öneririz.', 'Afiyet olsun!']",ÇORBA,,/tarif/corba/,"['Çorba', 'Ramazan', 'Video']","['pratik yemek tarifleri', 'ekonomik', 'akşam yemeği', 'öğle yemeği']","['Öğle Yemeği', 'Akşam Yemeği']","['Tencere', 'Ocak']","['Ekonomik', 'Vejetaryen']",False,1200,300,2019-05-15T05:03:31Z,4.0,1005436,4753,False,True,True,0,,0,,,,2019/05/tarhana-corbasi-yemekcom.jpg,0,0,https://cdn.yemek.com/mnresize/940/940/uploads/2019/05/tarhana-corbasi-yemekcom.jpg,940,940,False,https://cdn.yemek.com/mncrop/300/200/uploads/2019/05/tarhana-corbasi-yemekcom.jpg,300,200,True,https://cdn.yemek.com/mncrop/940/625/uploads/2019/05/tarhana-corbasi-yemekcom.jpg,940,625,True,https://cdn.yemek.com/mncrop/620/388/uploads/2019/05/tarhana-corbasi-yemekcom.jpg,620,388,True,https://cdn.yemek.com/mncrop/600/315/uploads/2019/05/tarhana-corbasi-yemekcom.jpg,600,315,True,['tencere'],greenLight,,,,
769,454,Cemre Özgüzel,https://cdn.yemek.com/author/109/20200211010242_avatar.jpg,/profil/cemre-ozguzel/,Şeflerini Kıskandıran Tarif: Pastane Poğaçası,Pastane Poğaçası,/tarif/pastane-pogacasi/,25 dk,30 dk,"<p>Pastanelerden aldığınız, sabah kahvaltılarınızın en hızlı ve doyurucu kurtarıcısı olan nefis <a href=""https://yemek.com/tarif/pogaca/"" target=""_blank"">poğaçalar</a>... Biliyoruz dışarıdan alınca midenizde biraz ağırlık yapıyor, içerisindeki yağ oranı da sizi biraz düşündürüyor. Ancak bu tarifi evde çok daha ekonomik şekilde, çok daha hafif bir lezzette yapmak mümkün aslında. Bir gece önceden hazırladığınız pastane poğaçalarını yanınıza alarak ofis arkadaşlarınızı sevindirebilir, sıkışan trafiğe rağmen lezzetli ve sağlıklı bir kahvaltıdan ödün vermeden yol alabilir, akşam eve dönüşte çayın yanında tüketebilirsiniz. Uzun süre taze kalması da cabası. Karşınızda: Pastane poğaçası tarifi!</p>
<p>Pastane poğaçalarındaki o yumuşacık dokuyu bu tarifle rahatlıkla yakalamanız da mümkün. Şimdiden ellerinize sağlık diyor, evinin şeflerini mutfağa buyur ediyoruz.</p>
",recipe,"['tuz', 'toz şeker', 'un', 'su', 'yumurta sarısı', 'ılık su', 'kuru maya', 'ılık süt', 'sıvı yağ', 'sıvı yağ']","['Kuru maya ve toz şekeri bir kabın içerisine alın.', 'Üzerine ılık süt ve ılık suyu ilave ederek şeker eriyene kadar güzelce karıştırın.', 'Ardından sıvı yağı da ekleyerek karıştırmaya devam edin.', 'Üzerine azar azar un ilave etmeye başlayın. Bu aşamada tuzu da ekleyin. Unu çok kontrollü bir şekilde ilave ederek güzelce yoğurun.', 'Yumuşak kıvamda\xa0 bir hamur elde edin.', 'Üzerini streç filmle kapatarak oda sıcaklığında 40 dakika kadar mayalandırın. Eğer kış mevsiminde mayalandırma yapıyorsanız daha ılık bir ortamda 1 saat kadar mayalandırın.', 'Mayalanan hamurdan avuç içi büyüklüğünde bezeler elde ederek yuvarlak bir şekil verin. Dilerseniz bu aşamada içlerine harç da koyabilirsiniz.', 'Hazırladığınız hamurları yağlı kağıt serili fırın tepsisine dizin.', 'Yumurta sarısı, yağ ve suyu bir kapta karıştırın. Poğaçaların üzerine fırça yardımıyla sürün. Ardından da çatalla şekil verin.', '180 derecede önceden ısıtılmış fırında yaklaşık 25-30 dakika kadar üzeri kızarıp tam poğaçalar tam kabarana kadar pişirin. Ardından çıkarıp biraz dinlendirdikten sonra servis edin. Afiyetler olsun!']",POĞAÇA,239b56,/tarif/pogaca/,"['Hamur İşi', 'Kahvaltılık', 'Poğaça']","['ekonomik', 'kahvaltı', 'çay saati']","['Kahvaltı', 'Çay Saati']",['Fırın'],['Ekonomik'],False,1500,1800,2020-03-02T06:45:54Z,4.0,1005135,4161,False,False,True,0,,0,,,,2020/03/pastane-pogacasi-one-cikan-yeni.jpg,0,0,https://cdn.yemek.com/mnresize/940/940/uploads/2020/03/pastane-pogacasi-one-cikan-yeni.jpg,940,940,False,https://cdn.yemek.com/mncrop/300/200/uploads/2020/03/pastane-pogacasi-one-cikan-yeni.jpg,300,200,True,https://cdn.yemek.com/mncrop/940/625/uploads/2020/03/pastane-pogacasi-one-cikan-yeni.jpg,940,625,True,https://cdn.yemek.com/mncrop/620/388/uploads/2020/03/pastane-pogacasi-one-cikan-yeni.jpg,620,388,True,https://cdn.yemek.com/mncrop/600/315/uploads/2020/03/pastane-pogacasi-one-cikan-yeni.jpg,600,315,True,['fırın'],,,,,
770,3400,Yasemin Özaltın,https://cdn.yemek.com/author/35533/20181219061403_avatar.jpg,/profil/yasemingursurer/,Püf Noktalarıyla: Kuru Fasulye,Kuru Fasulye,/tarif/kuru-fasulye/,50 dk,30 dk,"<p>Geleneksel sofralarımızın, mutfağımızın sahip olduğu tüm <a href=""https://yemek.com/tarif/"" target=""_blank"">yemek tariflerinin</a> baş tacıdır aslında kuru fasulye. Tarifte yer alan kuru fasulyeler, cinsi ve önerilen pişirme süresine göre bir gece önceden ılık suya basılır. Sıvı yağda kavrulmuş kuru soğan, salça ve toz kırmızı bibere eklenen haşlanmış kuru fasulyeler, kabuk atmaması için kısık ateşte pişirilir. Ona en çok yakışan <a href=""https://yemek.com/tarif/bulgur-pilavi/"" target=""_blank"">bulgur pilavı </a>ya da <a href=""https://yemek.com/tarif/tereyagli-pilav/"" target=""_blank"">tereyağlı pirinç pilavı </a>eşliğinde soğuk ya da sıcak olarak servis edilir.</p>
<p>Yaz sofralarında kuru nane eşlik eder ona yanına buz gibi bir kase <a href=""https://yemek.com/tarif/cacik/"" target=""_blank"">cacık</a>. Sizin anlayacağınız mevsimsizdir kuru fasulye ve damaklarda kalan tadına doyum olmaz.</p>
<p><strong>Kuru fasulye tarifi</strong>ni hazırladık hazırlamasına da yanında ne olsun istersiniz? Önerdiğimiz gibi pilav ve cacık mı yoksa sadece iyi yapılmış bir mısır ekmeği mi? Haydi buyurun etsiz kuru fasulye tarifine!</p>
",recipe,"['tereyağı', 'tuz', 'toz şeker', 'su', 'domates salçası', 'kuru fasulye', 'orta boy kuru soğan', 'tatlı toz kırmızı biber', 'sıvı yağ']","['Kuru fasulye yemeği için 4 yemek kaşığı sıvı yağ ve 2 yemek kaşığı tereyağını derin bir tencereye aktarın ve kızdırın.1 adet yemeklik doğranmış kuru soğanı da ekleyin ve pembeleşinceye kadar kavurun.', 'Soğanlar kavrulduktan sonra 1 yemek kaşığı domates salçasını ekleyin ve kokusu çıkana kadar kavurun.', 'Son olarak bir gece önceden suda beklettiğiniz kuru fasulyeleri de tencereye ekleyin.', 'Sonra 1-2 dakika karıştırın ve 3 su bardağı su, 1 çay kaşığı kırmızı toz biber, 1 çay kaşığı tuz ve 1 çay kaşığı toz şekeri ekleyin, kapağını kapatıp fasulyeler yumuşayana kadar pişirin.', 'Tane tane pişmiş pirinç pilavı ile kuru fasulye yemeğini servis edin, afiyet olsun!']",BAKLİYAT,239b56,/tarif/bakliyat/,"['Ramazan', 'Video', 'Bakliyat']","['ekonomik', 'akşam yemeği', 'öğle yemeği']","['Öğle Yemeği', 'Akşam Yemeği']","['Tencere', 'Ocak']",['Ekonomik'],False,3000,1800,2019-05-06T08:22:00Z,4.0,1003156,4744,False,True,True,0,,0,,,,2015/11/kuru-fasulye-yemekcom.jpg,0,0,https://cdn.yemek.com/mnresize/940/940/uploads/2015/11/kuru-fasulye-yemekcom.jpg,940,940,False,https://cdn.yemek.com/mncrop/300/200/uploads/2015/11/kuru-fasulye-yemekcom.jpg,300,200,True,https://cdn.yemek.com/mncrop/940/625/uploads/2015/11/kuru-fasulye-yemekcom.jpg,940,625,True,https://cdn.yemek.com/mncrop/620/388/uploads/2015/11/kuru-fasulye-yemekcom.jpg,620,388,True,https://cdn.yemek.com/mncrop/600/315/uploads/2015/11/kuru-fasulye-yemekcom.jpg,600,315,True,,,,,,
771,11811,ipeksare,https://cdn.yemek.com/author/262494/20200820091315_avatar.jpg,/profil/ipeksare/,Tüm Sırlarıyla: Lokanta Usulü Mercimek Çorbası,Lokanta Usulü Mercimek Çorbası,/tarif/lokanta-usulu-mercimek-corbasi/,25 dk,15 dk,"<p>Soğuk kış günlerinde adeta bir hediye gibi değil midir, en yakın lokantanın mercimek çorbası... O an, bildiğimiz tüm <a href=""https://yemek.com/tarif/"" target=""_blank"">yemek tariflerinden</a> daha lezzetli gelmez mi, Müptelası değil miyiz?</p>
<p>Bu nefis lezzeti ev konforunda yaşayın istedik. Bu sefer soğuk kış günleri evde kendinizi lokanta usulü <a href=""https://yemek.com/tarif/corba/"" target=""_blank"">çorba</a>yla şımartın bizce. Eh önümüzde çetin bir kış bizi bekliyor. Sarı mercimeğin güzeller güzeli rengine... Hem blenderdan çekilip hem de süzgeçten süzülen pürüzsüz dokusuna saygı duruşunda bulunuyor ve tarifi sizinle buluşturuyoruz.</p>
<p>Her kaşığı afiyet, her kaşığı şifa olsun! <img src=""https://cdn.yemek.com/assets/images/smiley/smile.png"" class=""wp-smiley img-responsive"" /></p>
",recipe,"['tereyağı', 'tereyağı', 'sıcak su', 'tuz', 'pul biber', 'un', 'sarımsak', 'soğan', 'tavuk suyu', 'sarı mercimek']","['Mercimekleri bol suda yıkayın.Tereyağını eritin ve küp küp doğranmış soğanları ve ezilmiş sarımsakları kavurun.', 'Soğan ve sarımsak hafif kavrulunca unu ilave edin ve 2-3 dakika unu kavurun.', 'Çırpma teliyle unu çırpıyorken tavuk suyunu ilave edin.', 'Mercimekleri de ilave edin ve kalan sıcak suyu da ilave edip kaynamaya bırakın.', 'Su kaynayınca tuzu ilave edin ve mercimekler iyice yumuşayıncaya kadar pişirin. Kaynayan ve kıvamlanan çorbayı blenderdan geçirin.', 'Daha sonra ince delikli bir süzgeçten süzün ve pürüzsüz kıvama getirin.', 'Tereyağını eritin ve eriyen tereyağında pul biberi kavurun.Kaynayan çorbanın üzerine dökün ve tahta kaşık yardımıyla yağın çorbayla karışmasına yardımcı olun.', 'İşte bu kadar, afiyetler olsun!']",ÇORBA,,/tarif/corba/,"['Çorba', 'Ramazan', 'Bakliyat']","['pratik yemek tarifleri', 'ekonomik', 'başlangıç', 'akşam yemeği', 'öğle yemeği']","['Öğle Yemeği', 'Akşam Yemeği']",['Tencere'],['Ekonomik'],False,1500,900,2020-11-17T08:42:55Z,4.0,999436,4524,False,False,True,0,,0,,,,2016/10/lokanta-usulu-mercimek-corbasi-one-cikan-yeni.jpg,0,0,https://cdn.yemek.com/mnresize/940/940/uploads/2016/10/lokanta-usulu-mercimek-corbasi-one-cikan-yeni.jpg,940,940,False,https://cdn.yemek.com/mncrop/300/200/uploads/2016/10/lokanta-usulu-mercimek-corbasi-one-cikan-yeni.jpg,300,200,True,https://cdn.yemek.com/mncrop/940/625/uploads/2016/10/lokanta-usulu-mercimek-corbasi-one-cikan-yeni.jpg,940,625,True,https://cdn.yemek.com/mncrop/620/388/uploads/2016/10/lokanta-usulu-mercimek-corbasi-one-cikan-yeni.jpg,620,388,True,https://cdn.yemek.com/mncrop/600/315/uploads/2016/10/lokanta-usulu-mercimek-corbasi-one-cikan-yeni.jpg,600,315,True,"['tencere', 'vejetaryen', 'düşük karbonhidratlı', 'düşük kalorili']",greenLight,,,,
772,122,Neşe Ümit Tan,https://cdn.yemek.com/author/208653/20190910030615_avatar.jpg,/profil/neseumit/,Rengi de Mükemmel: Ayva Tatlısı,Ayva Tatlısı,/tarif/ayva-tatlisi/,1 sa,20 dk,"<p>Kışın sert ve uzun geçeceğinin habercisi olan <a href=""https://yemek.com/tarif/ayva-receli/"" target=""_blank"">ayva</a>, aynı zamanda keyifli bir <a href=""https://yemek.com/tarif/tatli/"" target=""_blank"">tatlı</a> malzemesi. Ayva tatlısı hazırlamak ve yemek sonrası tatlı keyfini şölene dönüştürmek için; ayvanın aromasını arttıracak birkaç ürün yeterli. Sevdiklerinize sunacağınız bu <a href=""https://yemek.com/en-fazla-5-malzemeli-pratik-tatli-tarifleri/"" target=""_blank"">pratik tatlı tarifi</a> ile kış gelsin ve bitmesin isteyeceksiniz. Ayvanın kendisini, reçelini sevmeyenler hazır olun; biliyoruz ki bu tatlıyı seveceksiniz!</p>
<p>Ayva <a href=""https://yemek.com/tarif/tatli/"" target=""_blank"">tatlısını</a> tencerede, en doğal haliyle hazırladık. Gıda boyası kullanmadan doğan renginde ve üzerine de nefis bir kaymak koyarak servis ettik. Hafifliğiyle <a href=""https://yemek.com/tarif/serbetli-tatlilar/"" target=""_blank"">şerbetli bir tatlı</a> olduğuna inanamayacaksınız. Kış bitmeden ayva tatlısı <a href=""https://yemek.com/tarif/"" target=""_blank"">tarif</a>ini denemeyen kalmasın!</p>
",recipe,"['toz şeker', 'su', 'büyük boy ayva', 'çubuk tarçın', 'karanfil', 'kaymak', 'toz Antep fıstığı', 'vişne suyu', 'limonun suyu']","['Bol suda yıkadığınız ayvaların kabuklarını soyun ve ortadan ikiye kesin. Kararmaması için limonlu su içine kabuklarıyla birlikte yerleştirin. Ayva çekirdeklerini daha sonra kullanmak üzere bir kenara ayırın.', 'Geniş tabanlı bir tencereye tek sıra halinde dizdiğiniz her bir ayvanın üzerine tepeleme 2 yemek kaşığı toz şeker ekleyin. Ardından su, limon suyu, ayva çekirdekleri, ayva kabukları ve baharatlarını de tencereye yerleştirin.', 'Tencereyi ocağa alın ve orta ateşte su kaynayınca dek pişirin.', 'Kaynayan suya vişne suyunu da ilave edin ve tencerenin kapağını kapatarak kısık ateşte pişmeye bırakın.', 'Yaklaşık bir saat sonra suyunu iyice çekip renk alan ayvaları bir bıçakla yardımıyla pişip pişmediğini kontrol edin. Pişmişse\xa0ilk sıcaklığının geçmesi\xa0için ocaktan alın ve dinlenmeye bırakın.', 'Pişen ayvaları servis tabağına alın ve tencerede kalan şerbetinden hafifçe üzerine sürün. Kaymak ve toz Antep fıstığı ilavesiyle ılık ya da soğuk olarak tatlıları servis edin.']",MEYVELİ TATLI,239b56,/tarif/meyveli-tatlilar/,"['Tatlı', 'Şerbetli Tatlı', 'Meyveli Tatlı', 'Mevsiminde']","['ekonomik', 'ara öğün']",['Çay Saati'],['Tencere'],"['Glutensiz', 'Vejetaryen', 'Düşük Karbonhidratlı']",False,3600,1200,2019-11-05T11:14:53Z,4.0,977390,1237,False,False,True,0,,0,,,,2014/06/ayva-tatlisi-buyuk-yemekcom.jpg,0,0,https://cdn.yemek.com/mnresize/940/940/uploads/2014/06/ayva-tatlisi-buyuk-yemekcom.jpg,940,940,False,https://cdn.yemek.com/mncrop/300/200/uploads/2014/06/ayva-tatlisi-buyuk-yemekcom.jpg,300,200,True,https://cdn.yemek.com/mncrop/940/625/uploads/2014/06/ayva-tatlisi-buyuk-yemekcom.jpg,940,625,True,https://cdn.yemek.com/mncrop/620/388/uploads/2014/06/ayva-tatlisi-buyuk-yemekcom.jpg,620,388,True,https://cdn.yemek.com/mncrop/600/315/uploads/2014/06/ayva-tatlisi-buyuk-yemekcom.jpg,600,315,True,"['tencere', 'vejetaryen', 'glutensiz']",,"['Ocak', 'Şubat', 'Kasım', 'Aralık']",,,
773,14899,Cemre Özgüzel,https://cdn.yemek.com/author/109/20200211010242_avatar.jpg,/profil/cemre-ozguzel/,Pastane Tadında: Sirkeli Tuzlu Kurabiye,Sirkeli Tuzlu Kurabiye,/tarif/sirkeli-tuzlu-kurabiye/,15 dk,25 dk,"<p>Pastanelerden almaya doyamadığımız o kuru pastalar var ya... İşte onların en büyük sırrı içindeki sirke.</p>
<p>Mutfağımızda sık sık kullandığımız sirke bu sefer <a href=""https://yemek.com/tarif/kurabiye/"" target=""_blank"">kurabiye</a> hamurunun içinde. Çay saatlerinize çok yakışacak bu kıyır kıyır hamuru çok seveceksiniz. Çörek otuyla ve yumurta sarısıyla kızaran o nefis dış yüzeyi de onu sevmek için başka bir neden.</p>
<p>Tek yapmanız gereken sevdiklerinizi bu çay saati için organize etmek ve onlara bu enfes <a href=""https://yemek.com/tarif/pastane-usulu-sirkeli-tuzlu-kurabiye/"" target=""_blank"">tuzlu kurabiye</a>lerden hazırlamak. Gerisi de demli çayın bağlayıcı büyüsüne kalmış.</p>
<p><a href=""https://yemek.com/tarif/kiyir-kiyir-tuzlu-pasta/"" target=""_blank"">Kıyır kıyır tuzlu pasta</a> tarifleri ile sizlere afiyetler olsun.</p>
<p>Daha fazla tarif için: <a href=""https://yemek.com/tarif/"" target=""_blank"">Yemek Tarifleri</a></p>
",recipe,"['tuz', 'yumurta', 'toz şeker', 'un', 'kabartma tozu', 'sirke', 'çörek otu', 'oda sıcaklığında tereyağı', 'yumurta beyazı', 'sıvı yağ']","['Oda sıcaklığındaki 250 gram tereyağını bir kabın içerisine alın. Üzerine 1 çay bardağı sıvı yağ ve 2 adet yumurta ilave ederek elinizle karıştırın.', 'Bu karışımın içerisine 2 yemek kaşığı sirke, 1 tatlı kaşığı tuz, 1,5 tatlı kaşığı toz şeker ve 1 paket kabartma tozu ilave ederek karıştırmaya devam edin.', 'Ardından 3 su bardağı kadar unu azar azar ilave ederek ele yapışmayan bir hamur elde edene kadar yoğurun.', 'Hamurdan ceviz büyüklüğünde parçalar kopartın ve ince bir rulo olacak şekilde uzatın. Bıçak yardımıyla 4 parmak genişliğinde kesin.', 'Üzerine yumurta beyazı ve çörek otu serperek fırın tepsisine dizin.', '180 derecelik fırında, üzeri kızarana kadar 10-12 dakika kadar pişirin ve fırından alıp\xa0 soğumaya bırakın. İşte bu kadar, afiyetler olsun!']",TUZLU KURABİYE,239b56,/tarif/tuzlu-kurabiyeler/,"['Kurabiye', 'Video', 'Tuzlu Kurabiye']",['çay saati'],['Çay Saati'],['Fırın'],['Vejetaryen'],False,900,1500,2017-02-20T15:25:51Z,4.0,970001,5433,False,True,True,0,,0,,,,2017/02/sirkeli-tuzlu-kurabiye-yemekcom.jpg,0,0,https://cdn.yemek.com/mnresize/940/940/uploads/2017/02/sirkeli-tuzlu-kurabiye-yemekcom.jpg,940,940,False,https://cdn.yemek.com/mncrop/300/200/uploads/2017/02/sirkeli-tuzlu-kurabiye-yemekcom.jpg,300,200,True,https://cdn.yemek.com/mncrop/940/625/uploads/2017/02/sirkeli-tuzlu-kurabiye-yemekcom.jpg,940,625,True,https://cdn.yemek.com/mncrop/620/388/uploads/2017/02/sirkeli-tuzlu-kurabiye-yemekcom.jpg,620,388,True,https://cdn.yemek.com/mncrop/600/315/uploads/2017/02/sirkeli-tuzlu-kurabiye-yemekcom.jpg,600,315,True,,,,,,
774,612,Yasemin Özaltın,https://cdn.yemek.com/author/35533/20181219061403_avatar.jpg,/profil/yasemingursurer/,"Dolu Dolu: Havuçlu, Tarçınlı, Cevizli Kek","Havuçlu, Tarçınlı, Cevizli Kek",/tarif/havuclu-tarcinli-kek/,40 dk,20 dk,"<p>Mikserleri çalıştırın! Altın günlerinde kulaktan kulağa tarifi fısıldanan lezzetiyle bilinen havuçlu, tarçınlı, <a href=""https://yemek.com/tarif/cevizli-kek/"" target=""_blank"">cevizli kek</a>in tarifini paylaşıyoruz ki damağınız şenlensin. Bu tarifi tüm adımlarıyla birebir hazırladığınızda öyle güzel oluyor ki, bundan sonra başka tarifler denemeyeceksiniz. İçi nemli, mis kokulu ve müthiş lezzetli havuçlu tarçınlı cevizli kek <a href=""https://yemek.com/tarif/"" target=""_blank"">tarif</a>imizi deneyenlerle yorumlarda buluşalım!</p>
<p><a href=""https://yemek.com/tarif/kek/"" target=""_blank"">Kek tariflerinin</a> en sevilenlerinden olan havuçlu kek tarçın desteğiyle en güzel haliyle karşınızda! <strong>Tüm püf noktaları</strong> ise aşağıda...</p>
",recipe,"['limon suyu', 'yumurta', 'toz şeker', 'süt', 'un', 'havuç', 'tarçın', 'ceviz içi', 'karbonat', 'vanilin', 'sıvı yağ']","['Havuçlu, tarçınlı, cevizli kek tarifi için oda sıcaklığında bekletilmiş 3 adet yumurta ile 1 su bardağı toz şekeri mikserle çırpın, bu işleme şeker tamamen eriyene kadar devam edin.', 'Ardından sırasıyla; 1 su bardağı sütü,\xa0yarım su bardağı sıvı yağı ilave edin.', 'Unu, karbonatı, limon suyunu ve vanilini harca eleyerek ekleyin, ardından mikserle çırpın.', 'Karışıma rendeleyip fazla suyunu aldığınız havuç, iri dövülmüş ceviz içi ve tarçını ekleyin.', 'Kek kalıbınızın tabanını yağlayın.', 'Kalıba aktardığınız keki, önceden ısıtılmış 170 derecelik fırında, yaklaşık 40 dakika pişirin. Soğuduktan sonra üzerine pudra şekeri serperek servis edin. Afiyet olsun.']",TATLI KEK,239b56,/tarif/tatli-kek/,"['Kek', 'Video', 'Tatlı Kek', 'Mevsiminde']","['ekonomik', 'ara öğün', 'çay saati']",['Çay Saati'],['Fırın'],,False,2400,1200,2020-11-24T12:02:38Z,4.0,968347,6578,False,True,False,0,,0,,,,2014/09/havuclu-tarcinli-kek-yemekcom2.jpg,0,0,https://cdn.yemek.com/mnresize/940/940/uploads/2014/09/havuclu-tarcinli-kek-yemekcom2.jpg,940,940,False,https://cdn.yemek.com/mncrop/300/200/uploads/2014/09/havuclu-tarcinli-kek-yemekcom2.jpg,300,200,True,https://cdn.yemek.com/mncrop/940/625/uploads/2014/09/havuclu-tarcinli-kek-yemekcom2.jpg,940,625,True,https://cdn.yemek.com/mncrop/620/388/uploads/2014/09/havuclu-tarcinli-kek-yemekcom2.jpg,620,388,True,https://cdn.yemek.com/mncrop/600/315/uploads/2014/09/havuclu-tarcinli-kek-yemekcom2.jpg,600,315,True,['fırın'],,"['Ocak', 'Şubat', 'Mart']",,,
775,1621,Yasemin Özaltın,https://cdn.yemek.com/author/35533/20181219061403_avatar.jpg,/profil/yasemingursurer/,Sonuç Mükemmel: Fırında Makarna,Fırında Makarna,/tarif/firinda-makarna/,25 dk,20 dk,"<p><a href=""https://yemek.com/tarif/hamur-isi/"" target=""_blank"">Hamur işlerine</a> olan ülkece yatkınlığımızı hepimiz kabul ederiz. Bu işin ana vatanı İtalya olsa da mesela <a href=""https://yemek.com/tarif/makarna/"" target=""_blank"">makarna</a> konusunda yüzlerce çeşitle onlardan aşağı kalmayız. Yeri gelir soslarla şov yaparız, yeri gelir erişteden makarna yaparız, yeri gelir fırınlarız, yeri gelir öğrenci evi gibi ketçap mayonezle yeriz. Ama biz bu işi biliriz. Bugün de fırınlıyoruz.</p>
<p>Spagettinin kalını, içi derin boşluklu fırın makarnaları özenle haşladıktan sonra özel sosuyla buluşturuyor, rendelenmiş kaşar peyniri ilavesiyle üzeri nar gibi kızarana kadar fırınlıyoruz. Pek kolay ve pratik olan beşamel soslu fırında makarna tarifimiz hazır olduğu gibi sofraya alıyor ve afiyetle sevdiklerimizle paylaşıyoruz.</p>
<p>Fırında peynirli makarna tarifi arayanları da unutmuyor, onları buraya davet ediyoruz: <a href=""https://yemek.com/tarif/beyaz-peynirli-firinda-makarna/"" target=""_blank"">Beyaz Peynirli Fırında Makarna Tarifi</a></p>
<p>""Ben fırında makarna çeşitlerini görmek istiyorum"" diyorsanız şöyle de buyurabilirsiniz: <a href=""https://yemek.com/firinda-makarna-tarifleri/"" target=""_blank"">Fırında Makarna Aşkını Doya Doya Yaşatan 10 Malzemesine Dolgun Tarif</a></p>
",recipe,"['tereyağı', 'süt', 'un', 'rendelenmiş kaşar peyniri', 'fırın makarna', 'muskat cevizi', 'sıvı yağ']","['Beşamel sosu hazırlamak için; 4 yemek kaşığı tereyağı ve 2 yemek kaşığı sıvı yağı bir sos tenceresinde kızdırın.', 'Ardından 3 yemek kaşığı unu üzerine ilave edin ve kokusu çıkana kadar kavurun.', '2,5 su bardağı sütü de sos tenceresine ilave edip iyice karıştırın ve karışım koyulaşana kadar orta ateşte pişirin. Ara ara karıştırmayı ihmal etmeyin.', 'Pişmiş olan beşamel sosun üzerine yarım muskat rendeleyip karıştırın ve ocaktan alın. Arzuya göre tuz ve karabiber ile tatlandırın.', '<div>Derin bir tencerede kaynamış olan tuzlu suyun içine fırın makarnayı atın ve 10 dakika, yumuşayana kadar pişirin. Ocaktan alıp, suyunu süzdürün.</div>\n&nbsp;', 'Geniş bir kabın içerisinde, süzülmüş olan makarnayı ve beşamel sosu güzelce karıştırın.', 'Makarnayı, pişireceğiniz fırın kabına alın ve üzerine 1,5 su bardağı rendelenmiş kaşar peyniri\xa0serpiştirin.', '<div>Önceden ısıtılmış 190 derece fırında 25 dakika pişirin. İlk sıcaklığı geçtikten sonra dilimleyin ve servis edin. Fırın makarnamız hazır, afiyet olsun!</div>']",MAKARNA,239b56,/tarif/makarna/,"['Makarna', 'Video']","['ekonomik', 'akşam yemeği', 'öğle yemeği']","['Öğle Yemeği', 'Akşam Yemeği']",,,False,1500,1200,2019-04-04T07:35:51Z,4.0,961687,7167,False,True,True,0,,0,,,,2015/02/firin-makarna-yemekcom-yeni.jpg,0,0,https://cdn.yemek.com/mnresize/940/940/uploads/2015/02/firin-makarna-yemekcom-yeni.jpg,940,940,False,https://cdn.yemek.com/mncrop/300/200/uploads/2015/02/firin-makarna-yemekcom-yeni.jpg,300,200,True,https://cdn.yemek.com/mncrop/940/625/uploads/2015/02/firin-makarna-yemekcom-yeni.jpg,940,625,True,https://cdn.yemek.com/mncrop/620/388/uploads/2015/02/firin-makarna-yemekcom-yeni.jpg,620,388,True,https://cdn.yemek.com/mncrop/600/315/uploads/2015/02/firin-makarna-yemekcom-yeni.jpg,600,315,True,['fırın'],,,,,
776,47391,Gökçen Mutaf,https://cdn.yemek.com/author/23120/20181227103819_avatar.jpeg,/profil/gokcenmutaf/,Sadece 10 Dakikada: Etsiz Çiğ Köfte,Etsiz Çiğ Köfte,/tarif/etsiz-cig-kofte/,10 dk,10 dk,"<p><a href=""https://yemek.com/tarif/etli-cig-kofte/"" target=""_blank"">Çiğ köfte tarifini</a> biz hep uzun uzun yoğrulan, maharet isteyen, herkesin kolaylıkla yapamayacağı bir tarif olarak biliyoruz. Urfa başta olmak üzere Güney Doğu'nun en sevilen tariflerinden biri olan <a href=""https://yemek.com/tarif/etsiz-cig-kofte-2/"" target=""_blank"">çiğ köfte</a> orijinalinde etli çiğ köfte olarak yapılıp sunulan bir tarif. Ancak evde daha ekonomik bir şekilde yapılmak istendiğinde elimiz hep etsiz çiğ köfte tarifine gidiyor. Onun da yoğrulması bir hayli zaman alıyor. Gelin, şu işi daha kolaylaştıralım. Karşınızda, en kolay ve lezzetlisinden: <strong>Etsiz çiğ köfte tarifi!</strong></p>
<p>Bu çiğ köfte tarifi yoğrulmadan, robotta tüm malzemelerin çekilmesiyle hazırlanıyor. Bu şekilde hem zamanda kazanılıyor hem de <strong>yoğurmadan enfes çiğ köfte</strong> hazırlanmış oluyor. Hadi o zaman şimdiden ellerinize sağlık diyor, bu pratik <a href=""https://yemek.com/tarif/mezeler/"" target=""_blank"">meze tariflerinden</a> biri olan etsiz çiğ köfte tarifine buyur ediyoruz sizleri. ''Çiğ köfte nasıl yapılır?'' sorunuzun cevabı tarifimizde saklı!</p>
",recipe,"['sıcak su', 'tuz', 'limon suyu', 'zeytinyağı', 'domates salçası', 'nar ekşisi', 'isot', 'soğan', 'tatlı toz kırmızı biber', 'esmer bulgur']","['Bulguru derince bir kaba alın ve üstüne 1,5 bardak sıcak suyu gezdirin. Üstünü kapatıp 10 dakika beklemeye alın.', 'Bulgur kabarırken soğanı robottan çekin.', 'Soğanı tel bir süzgece alarak fazla suyunu sıkın.', 'İsotu da bir kaseye alın ve üstüne sıcak su ekleyip 5 dakika kadar beklemeye alın.', 'Bulgur kabardıktan sonra, mutfak robotuna kabarmış bulguru alın ve üstüne, robottan çektiğiniz kuru soğanı, ıslanmış isotu (suyuyla birlikte), limon suyunu, nar ekşisini, zeytinyağını, tuzu, salçayı ve kırmızı biberi ekleyip, robottan ara ara durdurarak 10 dakika kadar çekin.', 'Sonra bir kaba alın ve elinize birkaç dakika daha yoğurun.', 'Klasik çiğ köfte şeklini verin.', 'Dilerseniz dürüm şeklinde de servis edebilirsiniz.', 'Suşi şeklini vermek için ise hazırladığınız dürümü halka halka doğrarsanız harika olur. Afiyet olsun!']",MEZE,239b56,/tarif/mezeler/,"['Özel Beslenme', 'Vejetaryen', 'Atıştırmalık', 'Meze', 'Vegan', 'Video', 'Tuzlu Atıştırmalık']",['ekonomik'],"['Öğle Yemeği', 'Akşam Yemeği']",,"['Ekonomik', 'Vejetaryen', 'Vegan']",False,600,600,2020-10-01T07:15:08Z,4.0,952286,3376,False,True,True,0,,0,,,,2020/10/etsiz-cig-kofte-yemekcom.jpg,0,0,https://cdn.yemek.com/mnresize/940/940/uploads/2020/10/etsiz-cig-kofte-yemekcom.jpg,940,940,False,https://cdn.yemek.com/mncrop/300/200/uploads/2020/10/etsiz-cig-kofte-yemekcom.jpg,300,200,True,https://cdn.yemek.com/mncrop/940/625/uploads/2020/10/etsiz-cig-kofte-yemekcom.jpg,940,625,True,https://cdn.yemek.com/mncrop/620/388/uploads/2020/10/etsiz-cig-kofte-yemekcom.jpg,620,388,True,https://cdn.yemek.com/mncrop/600/315/uploads/2020/10/etsiz-cig-kofte-yemekcom.jpg,600,315,True,['vejetaryen'],,,,,
777,140,Yasemin Özaltın,https://cdn.yemek.com/author/35533/20181219061403_avatar.jpg,/profil/yasemingursurer/,Tam Kıvamında: Kadınbudu Köfte,Kadınbudu Köfte,/tarif/kadinbudu-kofte/,5 dk,25 dk,"<p>Kadınbudu köfte, kendisine bu topraklarda <a href=""https://yemek.com/tarif/kofte/"" target=""_blank"" rel=""noopener"">köfte</a> dedirtme konusunda en başarılı tariflerden biri. Mesela neredeyse bütün köfteler pilavla çok iyi giderken, kadınbudu gitmez. Ancak patates püresiyle diğer bütün köftelerden daha güzel olur. Biraz hercai anlayacağınız.</p>
<p>Neyse bu kadar konuştuktan sonra bu akşam ve hatta ilk fırsatta <a href=""https://yemek.com/tarif/"" target=""_blank"" rel=""noopener"">yemek tariflerinin</a> en güzellerinden olan <strong>kadınbudu köfte</strong>yi yapmak bize farz oldu. Aşağıda bize eşlik etmek isteyenler için videolu tarifi var. Üstelik en <strong>tam kıvamında</strong>, en lezzetli haliyle bizlerle! Dileyen gelebilir, sofrasını güzelleştirebilir.</p>
<p>Haydi herkese afiyet olsun!</p>",recipe,"['kuru soğan', 'tuz', 'yumurta', 'yumurta', 'ayçiçek yağı', 'un', 'sarımsak', 'karabiber', 'orta yağlı kıyma', 'kimyon', 'haşlanmış pirinç', 'galeta unu']","['<p>Kadınbudu köfte için 1/2 su bardağı pirinci tuz ve su ile birlikte hafif yumuşayana kadar kaynatın. Çok yumuşamamasına dikkat edin.\xa0Bir tavada zeytinyağı ile soğanları\xa0 yumuşayana kadar kavurun.\xa0Sarımsakları da ekleyip kavurmaya devam edin.</p>', '<p>Kıymanın yarısını soğan ve sarımsakların içerisine alın ve suyunu salıp, çekene kadar kavurun. Pişen kıymaları ocaktan alın ve soğumaya bırakın.</p>', '<p>Geniş bir kasede çiğ kıyma, un, haşlanmış pirinç, pişip soğuyan soğanlı kıyma harcını, yumurta ve tüm baharatları bir araya getirip yoğurun.\xa0Yoğurduktan sonra üzerine streç çekip 20 dakika buzdolabında bekletin.</p>', '<p>Bekleyen harçtan yumurtadan biraz daha büyük parçalar koparıp yuvarlayarak şekil verin.</p>', '<p>Şekil verilmiş köfteleri önce un ve galeta unu karışımına, sonra yumurtaya batırın.</p>', '<p>Kadınbudu köfteleri kızgın yağda kızartın. Servis ederken püre ve sotelenmiş sebzeler ile servis edebilirsiniz, afiyet olsun!</p>']",KÖFTE,239b56,/tarif/kofte/,"['Et', 'Köfte', 'Ramazan', 'Video']",,"['Başlangıç', 'Öğle Yemeği', 'Ara Öğün', 'Akşam Yemeği']","['Kızartma', 'Ocak']",,False,300,1500,2021-10-18T08:41:49Z,4.0,944096,5753,False,True,True,0,,0,,,,2021/10/kadinbudu-kofte-yemekcom.jpg,0,0,https://cdn.yemek.com/mnresize/940/940/uploads/2021/10/kadinbudu-kofte-yemekcom.jpg,940,940,False,https://cdn.yemek.com/mncrop/300/200/uploads/2021/10/kadinbudu-kofte-yemekcom.jpg,300,200,True,https://cdn.yemek.com/mncrop/940/625/uploads/2021/10/kadinbudu-kofte-yemekcom.jpg,940,625,True,https://cdn.yemek.com/mncrop/620/388/uploads/2021/10/kadinbudu-kofte-yemekcom.jpg,620,388,True,https://cdn.yemek.com/mncrop/600/315/uploads/2021/10/kadinbudu-kofte-yemekcom.jpg,600,315,True,,,,,,
778,233,Yasemin Özaltın,https://cdn.yemek.com/author/35533/20181219061403_avatar.jpg,/profil/yasemingursurer/,Kalem Gibi Sarılır: Zeytinyağlı Yaprak Sarma,Zeytinyağlı Yaprak Sarma,/tarif/zeytinyagli-yaprak-sarma/,45 dk,40 dk,"<p>Bayram yemeklerinden altın günlerine kadar günün her anı yenilebilecek, en sevilen, en zamansız <a href=""https://yemek.com/tarif/"" target=""_blank"">yemek tariflerinden</a> biridir zeytinyağlı yaprak sarma. Belli başlı püf noktaları ve lezzet sırlarını takip edip, biraz zaman ayırdıktan sonra harika sarmalar hazırlayabilirsiniz. İncecik sarılan, bol zeytinyağlı ve limonlu olanı makbuldür yaprak sarmanın. İsterseniz salamura asma yaprağı kullanarak isterseniz de taze asma yaprağı kullanarak hazırlayabilirsiniz onu. Karşınızda yemelere doyamayacağınız zeytinyağlı yaprak sarma tarifi!</p>
<p>Tarifin en önemli sırrı yaprakların içini çok fazla doldurmamakta saklı. Bu sayede yapraklar pişerken patlamayacak ve tam kıvamında olacaklar. Yaprak sarması nasıl yapılır, yaprak sarması içi nasıl hazırlanır, yaprak sarma nasıl pişirilir diyenlere de adım adım görselli bir şekilde <a href=""https://yemek.com/tarif/zeytinyaglilar/"" target=""_blank"">zeytinyağlı</a> yaprak sarma yapımını anlatıyoruz tarifimizde. Bu tarif kaçmaz diyor, lezzeti ve görünümü mükemmel, en güzel zeytinyağlı yaprak sarma tarifine alıyoruz sizleri.</p>
<p>Dilerseniz taze yaprak sarması tarifimize de <a href=""https://yemek.com/tarif/taze-yaprak-sarmasi/"" target=""_blank"">şuradan</a> bakabilirsiniz.</p>
",recipe,"['pirinç', 'kuru soğan', 'sıcak su', 'sıcak su', 'nane', 'tuz', 'zeytinyağı', 'zeytinyağı', 'karabiber', 'tarçın', 'limon', 'kuş üzümü', 'dolmalık fıstık', 'asma yaprağı', 'yenibahar']","['Sarmanın iç harcını hazırlamak için; yarım su bardağı zeytinyağını geniş tabanlı bir tencerede kızdırın. 3 adet rendelenmiş soğanı hafif renk alana kadar kavurun. Ardından üzerine 1,5 yemek kaşığı dolmalık fıstığı da\xa0 koyup kavurmaya devam edin.', 'Ilık suda 5 dakika kadar bekletip suyunu süzdürdüğünüz 1,5 su bardağı pirinci soğanlarla birlikte, pirinçler şeffaf bir görünüm kazanana kadar kavurun.', ""Ardından sırasıyla; 1 yemek kaşığı kuş üzümü, 1'er çay kaşığı tuz, karabiber, yenibahar ve tarçın ekleyip karıştırın."", 'Yaklaşık 1 su bardağı sıcak suyu da ilave edin ve iç harcı kısık ateşte 5 dakika kadar pişirdikten sonra ocaktan alın.', 'Salamura asma yapraklarını tezgahın üzerinde damarlı kısımları üstte kalacak şekilde açın. Her bir yaprağın orta kısmına; hazırlayıp, ılıttığınız iç harçtan birer tatlı kaşığı kadar paylaştırın.', 'Kenar kısımlarını içe alıp, geniş kısmından uç kısmına doğru ilerleyin.', 'Tüm yaprakları sıkı bir şekilde sarın.', 'Sarma tenceresinin tabanını birkaç adet asma yaprağı ile kaplayın.', 'Hazırladığınız sarmaları, sıra halinde, yan yana dizin. Limonu halka halka dilimledikten sonra sarmaların üzerine yerleştirin.', 'Pişme esnasında açılmamaları için; üzerlerine düz bir servis tabağı kapatın. 1,5 su bardağı sıcak su ve 2 yemek kaşığı zeytinyağını da tencereye ekledikten sonra\xa0sarmaları, kısık ateşte yaklaşık 35 dakika pişirin.', 'Arzuya göre; ılık ya da soğuk olarak servis edin.']",ZEYTİNYAĞLI,239b56,/tarif/zeytinyaglilar/,"['Sebze', 'Ramazan', 'Zeytinyağlı', 'Video']","['ekonomik', 'başlangıç', 'akşam yemeği', 'öğle yemeği']","['Başlangıç', 'Çay Saati']",['Tencere'],"['Ekonomik', 'Vejetaryen', 'Düşük Kalorili']",False,2700,2400,2019-05-06T11:59:14Z,4.0,941586,5114,False,True,True,0,,0,,,,2014/07/zeytinyagli-yaprak-sarmasi-yemekcom.jpg,0,0,https://cdn.yemek.com/mnresize/940/940/uploads/2014/07/zeytinyagli-yaprak-sarmasi-yemekcom.jpg,940,940,False,https://cdn.yemek.com/mncrop/300/200/uploads/2014/07/zeytinyagli-yaprak-sarmasi-yemekcom.jpg,300,200,True,https://cdn.yemek.com/mncrop/940/625/uploads/2014/07/zeytinyagli-yaprak-sarmasi-yemekcom.jpg,940,625,True,https://cdn.yemek.com/mncrop/620/388/uploads/2014/07/zeytinyagli-yaprak-sarmasi-yemekcom.jpg,620,388,True,https://cdn.yemek.com/mncrop/600/315/uploads/2014/07/zeytinyagli-yaprak-sarmasi-yemekcom.jpg,600,315,True,"['tencere', 'vejetaryen', 'glutensiz']",,,,,
779,1806,Yasemin Özaltın,https://cdn.yemek.com/author/35533/20181219061403_avatar.jpg,/profil/yasemingursurer/,Ege Usulü: Zeytinyağlı Enginar,Zeytinyağlı Enginar,/tarif/enginar/,1 sa,30 dk,"<p>İçerdiği vitamin ve mineral değerleriyle tüm <a href=""https://yemek.com/tarif/"" target=""_blank"">yemek tarifleri</a> ve <strong><a href=""https://yemek.com/tarif/zeytinyaglilar/"" target=""_blank"">zeytinyağlılar</a></strong> içinde kendine ayrı bir yer bulması yetmezmiş gibi baharı müjdeleyen ve sağlık dostu sebzelerin başında gelen <a href=""https://yemek.com/tarif/baklali-enginar/"" target=""_blank"">enginarı</a>, zeytinyağı ve garnitür olarak bilinen <a href=""https://yemek.com/tarif/sebze/"" target=""_blank"">sebze</a> karışımıyla pişirmeye ne dersiniz?</p>
<p>Mart ayının gelişiyle pazar tezgahlarında yavaş yavaş yerini almaya başlayan enginarın gelişini <strong>sağlıklı bir sofra</strong> hazırlayarak kutlamak gerek. <strong><a href=""https://yemek.com/tarif/zeytinyaglilar/"" target=""_blank"">Zeytinyağlı tariflerinin</a> </strong>en sevilenlerinden zeytinyağlı enginar adım adım resimli ve videolu anlatımıyla karşınızda!</p>
<p>Unutmadan: Enginarı sadece lezzeti için değil sağlık için de tüketenlerdenseniz, yaprak kısımlarını ziyan etmeyin. Bu tarifte yerleri olmayabilir ancak onları çiğ ya da zeytinyağlı olarak <strong>salata</strong> yapımında kullanabilirsiniz.</p>
",recipe,"['tuz', 'toz şeker', 'patates', 'su', 'zeytinyağı', 'dondurulmuş bezelye', 'dereotu', 'orta boy kuru soğan', 'taze sıkılmış limon suyu', 'büyük boy havuç', 'ayıklanmış enginar']","['Bir tavada yarım su bardağı zeytinyağı ile 1 adet küp doğranmış soğanı hafif pembeleşinceye kadar kavurun.', ""Üzerine küp doğranmış ve haşlanmış, 1'er adet patates ve havucu da ekleyip 2-3 dakika bu şekilde kavurun."", '1 su bardağı bezelyeyi de üzerine ekledikten 3-4 dakika sonra garnitürünüzü ocaktan alın.', 'Enginarları pişireceğiniz sosu hazırlamak için bir kapta 2 adet sıkılmış limon suyu, 1 su bardağı su,\xa0 1 tatlı kaşığı toz şeker, 1 çay kaşığı tuz ve 2 yemek zeytinyağını karıştırın.', 'Geniş bir tencereye 8 adet enginarı yerleştirin ve üzerlerine hazırladığınız garnitürden koyun.', 'Limonlu su karışımını da tencereye aktarın.', 'Enginarı sofralarınızda soğuk olarak servis edin, afiyet olsun.', 'Ardından kapağını kapatıp, enginarlar yumuşayana kadar pişirin.']",ZEYTİNYAĞLI,239b56,/tarif/zeytinyaglilar/,"['Sebze', 'Özel Beslenme', 'Vejetaryen', 'Diyet', 'Zeytinyağlı', 'Vegan', 'Video', 'Mevsiminde']","['akşam yemeği', 'diyet', 'öğle yemeği']","['Öğle Yemeği', 'Akşam Yemeği']",['Tencere'],"['Ekonomik', 'Vejetaryen', 'Düşük Kalorili', 'Düşük Karbonhidratlı', 'Vegan']",False,3600,1800,2022-03-22T07:15:40Z,4.0,940507,6313,False,True,True,0,,0,,,,2015/03/zeytinyagli-enginar-yemekcom.jpg,0,0,https://cdn.yemek.com/mnresize/940/940/uploads/2015/03/zeytinyagli-enginar-yemekcom.jpg,940,940,False,https://cdn.yemek.com/mncrop/300/200/uploads/2015/03/zeytinyagli-enginar-yemekcom.jpg,300,200,True,https://cdn.yemek.com/mncrop/940/625/uploads/2015/03/zeytinyagli-enginar-yemekcom.jpg,940,625,True,https://cdn.yemek.com/mncrop/620/388/uploads/2015/03/zeytinyagli-enginar-yemekcom.jpg,620,388,True,https://cdn.yemek.com/mncrop/600/315/uploads/2015/03/zeytinyagli-enginar-yemekcom.jpg,600,315,True,"['tencere', 'vejetaryen', 'bol proteinli', 'bol lifli', 'glutensiz', 'düşük kalorili']",,"['Mart', 'Nisan', 'Mayıs']",,,
780,454,Cemre Özgüzel,https://cdn.yemek.com/author/109/20200211010242_avatar.jpg,/profil/cemre-ozguzel/,Şeflerini Kıskandıran Tarif: Pastane Poğaçası,Pastane Poğaçası,/tarif/pastane-pogacasi/,25 dk,30 dk,"<p>Pastanelerden aldığınız, sabah kahvaltılarınızın en hızlı ve doyurucu kurtarıcısı olan nefis <a href=""https://yemek.com/tarif/pogaca/"" target=""_blank"">poğaçalar</a>... Biliyoruz dışarıdan alınca midenizde biraz ağırlık yapıyor, içerisindeki yağ oranı da sizi biraz düşündürüyor. Ancak bu tarifi evde çok daha ekonomik şekilde, çok daha hafif bir lezzette yapmak mümkün aslında. Bir gece önceden hazırladığınız pastane poğaçalarını yanınıza alarak ofis arkadaşlarınızı sevindirebilir, sıkışan trafiğe rağmen lezzetli ve sağlıklı bir kahvaltıdan ödün vermeden yol alabilir, akşam eve dönüşte çayın yanında tüketebilirsiniz. Uzun süre taze kalması da cabası. Karşınızda: Pastane poğaçası tarifi!</p>
<p>Pastane poğaçalarındaki o yumuşacık dokuyu bu tarifle rahatlıkla yakalamanız da mümkün. Şimdiden ellerinize sağlık diyor, evinin şeflerini mutfağa buyur ediyoruz.</p>
",recipe,"['tuz', 'toz şeker', 'un', 'su', 'yumurta sarısı', 'ılık su', 'kuru maya', 'ılık süt', 'sıvı yağ', 'sıvı yağ']","['Kuru maya ve toz şekeri bir kabın içerisine alın.', 'Üzerine ılık süt ve ılık suyu ilave ederek şeker eriyene kadar güzelce karıştırın.', 'Ardından sıvı yağı da ekleyerek karıştırmaya devam edin.', 'Üzerine azar azar un ilave etmeye başlayın. Bu aşamada tuzu da ekleyin. Unu çok kontrollü bir şekilde ilave ederek güzelce yoğurun.', 'Yumuşak kıvamda\xa0 bir hamur elde edin.', 'Üzerini streç filmle kapatarak oda sıcaklığında 40 dakika kadar mayalandırın. Eğer kış mevsiminde mayalandırma yapıyorsanız daha ılık bir ortamda 1 saat kadar mayalandırın.', 'Mayalanan hamurdan avuç içi büyüklüğünde bezeler elde ederek yuvarlak bir şekil verin. Dilerseniz bu aşamada içlerine harç da koyabilirsiniz.', 'Hazırladığınız hamurları yağlı kağıt serili fırın tepsisine dizin.', 'Yumurta sarısı, yağ ve suyu bir kapta karıştırın. Poğaçaların üzerine fırça yardımıyla sürün. Ardından da çatalla şekil verin.', '180 derecede önceden ısıtılmış fırında yaklaşık 25-30 dakika kadar üzeri kızarıp tam poğaçalar tam kabarana kadar pişirin. Ardından çıkarıp biraz dinlendirdikten sonra servis edin. Afiyetler olsun!']",POĞAÇA,239b56,/tarif/pogaca/,"['Hamur İşi', 'Kahvaltılık', 'Poğaça']","['ekonomik', 'kahvaltı', 'çay saati']","['Kahvaltı', 'Çay Saati']",['Fırın'],['Ekonomik'],False,1500,1800,2020-03-02T06:45:54Z,4.0,1005135,4161,False,False,True,0,,0,,,,2020/03/pastane-pogacasi-one-cikan-yeni.jpg,0,0,https://cdn.yemek.com/mnresize/940/940/uploads/2020/03/pastane-pogacasi-one-cikan-yeni.jpg,940,940,False,https://cdn.yemek.com/mncrop/300/200/uploads/2020/03/pastane-pogacasi-one-cikan-yeni.jpg,300,200,True,https://cdn.yemek.com/mncrop/940/625/uploads/2020/03/pastane-pogacasi-one-cikan-yeni.jpg,940,625,True,https://cdn.yemek.com/mncrop/620/388/uploads/2020/03/pastane-pogacasi-one-cikan-yeni.jpg,620,388,True,https://cdn.yemek.com/mncrop/600/315/uploads/2020/03/pastane-pogacasi-one-cikan-yeni.jpg,600,315,True,['fırın'],,,,,
781,3400,Yasemin Özaltın,https://cdn.yemek.com/author/35533/20181219061403_avatar.jpg,/profil/yasemingursurer/,Püf Noktalarıyla: Kuru Fasulye,Kuru Fasulye,/tarif/kuru-fasulye/,50 dk,30 dk,"<p>Geleneksel sofralarımızın, mutfağımızın sahip olduğu tüm <a href=""https://yemek.com/tarif/"" target=""_blank"">yemek tariflerinin</a> baş tacıdır aslında kuru fasulye. Tarifte yer alan kuru fasulyeler, cinsi ve önerilen pişirme süresine göre bir gece önceden ılık suya basılır. Sıvı yağda kavrulmuş kuru soğan, salça ve toz kırmızı bibere eklenen haşlanmış kuru fasulyeler, kabuk atmaması için kısık ateşte pişirilir. Ona en çok yakışan <a href=""https://yemek.com/tarif/bulgur-pilavi/"" target=""_blank"">bulgur pilavı </a>ya da <a href=""https://yemek.com/tarif/tereyagli-pilav/"" target=""_blank"">tereyağlı pirinç pilavı </a>eşliğinde soğuk ya da sıcak olarak servis edilir.</p>
<p>Yaz sofralarında kuru nane eşlik eder ona yanına buz gibi bir kase <a href=""https://yemek.com/tarif/cacik/"" target=""_blank"">cacık</a>. Sizin anlayacağınız mevsimsizdir kuru fasulye ve damaklarda kalan tadına doyum olmaz.</p>
<p><strong>Kuru fasulye tarifi</strong>ni hazırladık hazırlamasına da yanında ne olsun istersiniz? Önerdiğimiz gibi pilav ve cacık mı yoksa sadece iyi yapılmış bir mısır ekmeği mi? Haydi buyurun etsiz kuru fasulye tarifine!</p>
",recipe,"['tereyağı', 'tuz', 'toz şeker', 'su', 'domates salçası', 'kuru fasulye', 'orta boy kuru soğan', 'tatlı toz kırmızı biber', 'sıvı yağ']","['Kuru fasulye yemeği için 4 yemek kaşığı sıvı yağ ve 2 yemek kaşığı tereyağını derin bir tencereye aktarın ve kızdırın.1 adet yemeklik doğranmış kuru soğanı da ekleyin ve pembeleşinceye kadar kavurun.', 'Soğanlar kavrulduktan sonra 1 yemek kaşığı domates salçasını ekleyin ve kokusu çıkana kadar kavurun.', 'Son olarak bir gece önceden suda beklettiğiniz kuru fasulyeleri de tencereye ekleyin.', 'Sonra 1-2 dakika karıştırın ve 3 su bardağı su, 1 çay kaşığı kırmızı toz biber, 1 çay kaşığı tuz ve 1 çay kaşığı toz şekeri ekleyin, kapağını kapatıp fasulyeler yumuşayana kadar pişirin.', 'Tane tane pişmiş pirinç pilavı ile kuru fasulye yemeğini servis edin, afiyet olsun!']",BAKLİYAT,239b56,/tarif/bakliyat/,"['Ramazan', 'Video', 'Bakliyat']","['ekonomik', 'akşam yemeği', 'öğle yemeği']","['Öğle Yemeği', 'Akşam Yemeği']","['Tencere', 'Ocak']",['Ekonomik'],False,3000,1800,2019-05-06T08:22:00Z,4.0,1003156,4744,False,True,True,0,,0,,,,2015/11/kuru-fasulye-yemekcom.jpg,0,0,https://cdn.yemek.com/mnresize/940/940/uploads/2015/11/kuru-fasulye-yemekcom.jpg,940,940,False,https://cdn.yemek.com/mncrop/300/200/uploads/2015/11/kuru-fasulye-yemekcom.jpg,300,200,True,https://cdn.yemek.com/mncrop/940/625/uploads/2015/11/kuru-fasulye-yemekcom.jpg,940,625,True,https://cdn.yemek.com/mncrop/620/388/uploads/2015/11/kuru-fasulye-yemekcom.jpg,620,388,True,https://cdn.yemek.com/mncrop/600/315/uploads/2015/11/kuru-fasulye-yemekcom.jpg,600,315,True,,,,,,
782,11811,ipeksare,https://cdn.yemek.com/author/262494/20200820091315_avatar.jpg,/profil/ipeksare/,Tüm Sırlarıyla: Lokanta Usulü Mercimek Çorbası,Lokanta Usulü Mercimek Çorbası,/tarif/lokanta-usulu-mercimek-corbasi/,25 dk,15 dk,"<p>Soğuk kış günlerinde adeta bir hediye gibi değil midir, en yakın lokantanın mercimek çorbası... O an, bildiğimiz tüm <a href=""https://yemek.com/tarif/"" target=""_blank"">yemek tariflerinden</a> daha lezzetli gelmez mi, Müptelası değil miyiz?</p>
<p>Bu nefis lezzeti ev konforunda yaşayın istedik. Bu sefer soğuk kış günleri evde kendinizi lokanta usulü <a href=""https://yemek.com/tarif/corba/"" target=""_blank"">çorba</a>yla şımartın bizce. Eh önümüzde çetin bir kış bizi bekliyor. Sarı mercimeğin güzeller güzeli rengine... Hem blenderdan çekilip hem de süzgeçten süzülen pürüzsüz dokusuna saygı duruşunda bulunuyor ve tarifi sizinle buluşturuyoruz.</p>
<p>Her kaşığı afiyet, her kaşığı şifa olsun! <img src=""https://cdn.yemek.com/assets/images/smiley/smile.png"" class=""wp-smiley img-responsive"" /></p>
",recipe,"['tereyağı', 'tereyağı', 'sıcak su', 'tuz', 'pul biber', 'un', 'sarımsak', 'soğan', 'tavuk suyu', 'sarı mercimek']","['Mercimekleri bol suda yıkayın.Tereyağını eritin ve küp küp doğranmış soğanları ve ezilmiş sarımsakları kavurun.', 'Soğan ve sarımsak hafif kavrulunca unu ilave edin ve 2-3 dakika unu kavurun.', 'Çırpma teliyle unu çırpıyorken tavuk suyunu ilave edin.', 'Mercimekleri de ilave edin ve kalan sıcak suyu da ilave edip kaynamaya bırakın.', 'Su kaynayınca tuzu ilave edin ve mercimekler iyice yumuşayıncaya kadar pişirin. Kaynayan ve kıvamlanan çorbayı blenderdan geçirin.', 'Daha sonra ince delikli bir süzgeçten süzün ve pürüzsüz kıvama getirin.', 'Tereyağını eritin ve eriyen tereyağında pul biberi kavurun.Kaynayan çorbanın üzerine dökün ve tahta kaşık yardımıyla yağın çorbayla karışmasına yardımcı olun.', 'İşte bu kadar, afiyetler olsun!']",ÇORBA,,/tarif/corba/,"['Çorba', 'Ramazan', 'Bakliyat']","['pratik yemek tarifleri', 'ekonomik', 'başlangıç', 'akşam yemeği', 'öğle yemeği']","['Öğle Yemeği', 'Akşam Yemeği']",['Tencere'],['Ekonomik'],False,1500,900,2020-11-17T08:42:55Z,4.0,999436,4524,False,False,True,0,,0,,,,2016/10/lokanta-usulu-mercimek-corbasi-one-cikan-yeni.jpg,0,0,https://cdn.yemek.com/mnresize/940/940/uploads/2016/10/lokanta-usulu-mercimek-corbasi-one-cikan-yeni.jpg,940,940,False,https://cdn.yemek.com/mncrop/300/200/uploads/2016/10/lokanta-usulu-mercimek-corbasi-one-cikan-yeni.jpg,300,200,True,https://cdn.yemek.com/mncrop/940/625/uploads/2016/10/lokanta-usulu-mercimek-corbasi-one-cikan-yeni.jpg,940,625,True,https://cdn.yemek.com/mncrop/620/388/uploads/2016/10/lokanta-usulu-mercimek-corbasi-one-cikan-yeni.jpg,620,388,True,https://cdn.yemek.com/mncrop/600/315/uploads/2016/10/lokanta-usulu-mercimek-corbasi-one-cikan-yeni.jpg,600,315,True,"['tencere', 'vejetaryen', 'düşük karbonhidratlı', 'düşük kalorili']",greenLight,,,,
783,122,Neşe Ümit Tan,https://cdn.yemek.com/author/208653/20190910030615_avatar.jpg,/profil/neseumit/,Rengi de Mükemmel: Ayva Tatlısı,Ayva Tatlısı,/tarif/ayva-tatlisi/,1 sa,20 dk,"<p>Kışın sert ve uzun geçeceğinin habercisi olan <a href=""https://yemek.com/tarif/ayva-receli/"" target=""_blank"">ayva</a>, aynı zamanda keyifli bir <a href=""https://yemek.com/tarif/tatli/"" target=""_blank"">tatlı</a> malzemesi. Ayva tatlısı hazırlamak ve yemek sonrası tatlı keyfini şölene dönüştürmek için; ayvanın aromasını arttıracak birkaç ürün yeterli. Sevdiklerinize sunacağınız bu <a href=""https://yemek.com/en-fazla-5-malzemeli-pratik-tatli-tarifleri/"" target=""_blank"">pratik tatlı tarifi</a> ile kış gelsin ve bitmesin isteyeceksiniz. Ayvanın kendisini, reçelini sevmeyenler hazır olun; biliyoruz ki bu tatlıyı seveceksiniz!</p>
<p>Ayva <a href=""https://yemek.com/tarif/tatli/"" target=""_blank"">tatlısını</a> tencerede, en doğal haliyle hazırladık. Gıda boyası kullanmadan doğan renginde ve üzerine de nefis bir kaymak koyarak servis ettik. Hafifliğiyle <a href=""https://yemek.com/tarif/serbetli-tatlilar/"" target=""_blank"">şerbetli bir tatlı</a> olduğuna inanamayacaksınız. Kış bitmeden ayva tatlısı <a href=""https://yemek.com/tarif/"" target=""_blank"">tarif</a>ini denemeyen kalmasın!</p>
",recipe,"['toz şeker', 'su', 'büyük boy ayva', 'çubuk tarçın', 'karanfil', 'kaymak', 'toz Antep fıstığı', 'vişne suyu', 'limonun suyu']","['Bol suda yıkadığınız ayvaların kabuklarını soyun ve ortadan ikiye kesin. Kararmaması için limonlu su içine kabuklarıyla birlikte yerleştirin. Ayva çekirdeklerini daha sonra kullanmak üzere bir kenara ayırın.', 'Geniş tabanlı bir tencereye tek sıra halinde dizdiğiniz her bir ayvanın üzerine tepeleme 2 yemek kaşığı toz şeker ekleyin. Ardından su, limon suyu, ayva çekirdekleri, ayva kabukları ve baharatlarını de tencereye yerleştirin.', 'Tencereyi ocağa alın ve orta ateşte su kaynayınca dek pişirin.', 'Kaynayan suya vişne suyunu da ilave edin ve tencerenin kapağını kapatarak kısık ateşte pişmeye bırakın.', 'Yaklaşık bir saat sonra suyunu iyice çekip renk alan ayvaları bir bıçakla yardımıyla pişip pişmediğini kontrol edin. Pişmişse\xa0ilk sıcaklığının geçmesi\xa0için ocaktan alın ve dinlenmeye bırakın.', 'Pişen ayvaları servis tabağına alın ve tencerede kalan şerbetinden hafifçe üzerine sürün. Kaymak ve toz Antep fıstığı ilavesiyle ılık ya da soğuk olarak tatlıları servis edin.']",MEYVELİ TATLI,239b56,/tarif/meyveli-tatlilar/,"['Tatlı', 'Şerbetli Tatlı', 'Meyveli Tatlı', 'Mevsiminde']","['ekonomik', 'ara öğün']",['Çay Saati'],['Tencere'],"['Glutensiz', 'Vejetaryen', 'Düşük Karbonhidratlı']",False,3600,1200,2019-11-05T11:14:53Z,4.0,977390,1237,False,False,True,0,,0,,,,2014/06/ayva-tatlisi-buyuk-yemekcom.jpg,0,0,https://cdn.yemek.com/mnresize/940/940/uploads/2014/06/ayva-tatlisi-buyuk-yemekcom.jpg,940,940,False,https://cdn.yemek.com/mncrop/300/200/uploads/2014/06/ayva-tatlisi-buyuk-yemekcom.jpg,300,200,True,https://cdn.yemek.com/mncrop/940/625/uploads/2014/06/ayva-tatlisi-buyuk-yemekcom.jpg,940,625,True,https://cdn.yemek.com/mncrop/620/388/uploads/2014/06/ayva-tatlisi-buyuk-yemekcom.jpg,620,388,True,https://cdn.yemek.com/mncrop/600/315/uploads/2014/06/ayva-tatlisi-buyuk-yemekcom.jpg,600,315,True,"['tencere', 'vejetaryen', 'glutensiz']",,"['Ocak', 'Şubat', 'Kasım', 'Aralık']",,,
784,14899,Cemre Özgüzel,https://cdn.yemek.com/author/109/20200211010242_avatar.jpg,/profil/cemre-ozguzel/,Pastane Tadında: Sirkeli Tuzlu Kurabiye,Sirkeli Tuzlu Kurabiye,/tarif/sirkeli-tuzlu-kurabiye/,15 dk,25 dk,"<p>Pastanelerden almaya doyamadığımız o kuru pastalar var ya... İşte onların en büyük sırrı içindeki sirke.</p>
<p>Mutfağımızda sık sık kullandığımız sirke bu sefer <a href=""https://yemek.com/tarif/kurabiye/"" target=""_blank"">kurabiye</a> hamurunun içinde. Çay saatlerinize çok yakışacak bu kıyır kıyır hamuru çok seveceksiniz. Çörek otuyla ve yumurta sarısıyla kızaran o nefis dış yüzeyi de onu sevmek için başka bir neden.</p>
<p>Tek yapmanız gereken sevdiklerinizi bu çay saati için organize etmek ve onlara bu enfes <a href=""https://yemek.com/tarif/pastane-usulu-sirkeli-tuzlu-kurabiye/"" target=""_blank"">tuzlu kurabiye</a>lerden hazırlamak. Gerisi de demli çayın bağlayıcı büyüsüne kalmış.</p>
<p><a href=""https://yemek.com/tarif/kiyir-kiyir-tuzlu-pasta/"" target=""_blank"">Kıyır kıyır tuzlu pasta</a> tarifleri ile sizlere afiyetler olsun.</p>
<p>Daha fazla tarif için: <a href=""https://yemek.com/tarif/"" target=""_blank"">Yemek Tarifleri</a></p>
",recipe,"['tuz', 'yumurta', 'toz şeker', 'un', 'kabartma tozu', 'sirke', 'çörek otu', 'oda sıcaklığında tereyağı', 'yumurta beyazı', 'sıvı yağ']","['Oda sıcaklığındaki 250 gram tereyağını bir kabın içerisine alın. Üzerine 1 çay bardağı sıvı yağ ve 2 adet yumurta ilave ederek elinizle karıştırın.', 'Bu karışımın içerisine 2 yemek kaşığı sirke, 1 tatlı kaşığı tuz, 1,5 tatlı kaşığı toz şeker ve 1 paket kabartma tozu ilave ederek karıştırmaya devam edin.', 'Ardından 3 su bardağı kadar unu azar azar ilave ederek ele yapışmayan bir hamur elde edene kadar yoğurun.', 'Hamurdan ceviz büyüklüğünde parçalar kopartın ve ince bir rulo olacak şekilde uzatın. Bıçak yardımıyla 4 parmak genişliğinde kesin.', 'Üzerine yumurta beyazı ve çörek otu serperek fırın tepsisine dizin.', '180 derecelik fırında, üzeri kızarana kadar 10-12 dakika kadar pişirin ve fırından alıp\xa0 soğumaya bırakın. İşte bu kadar, afiyetler olsun!']",TUZLU KURABİYE,239b56,/tarif/tuzlu-kurabiyeler/,"['Kurabiye', 'Video', 'Tuzlu Kurabiye']",['çay saati'],['Çay Saati'],['Fırın'],['Vejetaryen'],False,900,1500,2017-02-20T15:25:51Z,4.0,970001,5433,False,True,True,0,,0,,,,2017/02/sirkeli-tuzlu-kurabiye-yemekcom.jpg,0,0,https://cdn.yemek.com/mnresize/940/940/uploads/2017/02/sirkeli-tuzlu-kurabiye-yemekcom.jpg,940,940,False,https://cdn.yemek.com/mncrop/300/200/uploads/2017/02/sirkeli-tuzlu-kurabiye-yemekcom.jpg,300,200,True,https://cdn.yemek.com/mncrop/940/625/uploads/2017/02/sirkeli-tuzlu-kurabiye-yemekcom.jpg,940,625,True,https://cdn.yemek.com/mncrop/620/388/uploads/2017/02/sirkeli-tuzlu-kurabiye-yemekcom.jpg,620,388,True,https://cdn.yemek.com/mncrop/600/315/uploads/2017/02/sirkeli-tuzlu-kurabiye-yemekcom.jpg,600,315,True,,,,,,
785,612,Yasemin Özaltın,https://cdn.yemek.com/author/35533/20181219061403_avatar.jpg,/profil/yasemingursurer/,"Dolu Dolu: Havuçlu, Tarçınlı, Cevizli Kek","Havuçlu, Tarçınlı, Cevizli Kek",/tarif/havuclu-tarcinli-kek/,40 dk,20 dk,"<p>Mikserleri çalıştırın! Altın günlerinde kulaktan kulağa tarifi fısıldanan lezzetiyle bilinen havuçlu, tarçınlı, <a href=""https://yemek.com/tarif/cevizli-kek/"" target=""_blank"">cevizli kek</a>in tarifini paylaşıyoruz ki damağınız şenlensin. Bu tarifi tüm adımlarıyla birebir hazırladığınızda öyle güzel oluyor ki, bundan sonra başka tarifler denemeyeceksiniz. İçi nemli, mis kokulu ve müthiş lezzetli havuçlu tarçınlı cevizli kek <a href=""https://yemek.com/tarif/"" target=""_blank"">tarif</a>imizi deneyenlerle yorumlarda buluşalım!</p>
<p><a href=""https://yemek.com/tarif/kek/"" target=""_blank"">Kek tariflerinin</a> en sevilenlerinden olan havuçlu kek tarçın desteğiyle en güzel haliyle karşınızda! <strong>Tüm püf noktaları</strong> ise aşağıda...</p>
",recipe,"['limon suyu', 'yumurta', 'toz şeker', 'süt', 'un', 'havuç', 'tarçın', 'ceviz içi', 'karbonat', 'vanilin', 'sıvı yağ']","['Havuçlu, tarçınlı, cevizli kek tarifi için oda sıcaklığında bekletilmiş 3 adet yumurta ile 1 su bardağı toz şekeri mikserle çırpın, bu işleme şeker tamamen eriyene kadar devam edin.', 'Ardından sırasıyla; 1 su bardağı sütü,\xa0yarım su bardağı sıvı yağı ilave edin.', 'Unu, karbonatı, limon suyunu ve vanilini harca eleyerek ekleyin, ardından mikserle çırpın.', 'Karışıma rendeleyip fazla suyunu aldığınız havuç, iri dövülmüş ceviz içi ve tarçını ekleyin.', 'Kek kalıbınızın tabanını yağlayın.', 'Kalıba aktardığınız keki, önceden ısıtılmış 170 derecelik fırında, yaklaşık 40 dakika pişirin. Soğuduktan sonra üzerine pudra şekeri serperek servis edin. Afiyet olsun.']",TATLI KEK,239b56,/tarif/tatli-kek/,"['Kek', 'Video', 'Tatlı Kek', 'Mevsiminde']","['ekonomik', 'ara öğün', 'çay saati']",['Çay Saati'],['Fırın'],,False,2400,1200,2020-11-24T12:02:38Z,4.0,968347,6578,False,True,False,0,,0,,,,2014/09/havuclu-tarcinli-kek-yemekcom2.jpg,0,0,https://cdn.yemek.com/mnresize/940/940/uploads/2014/09/havuclu-tarcinli-kek-yemekcom2.jpg,940,940,False,https://cdn.yemek.com/mncrop/300/200/uploads/2014/09/havuclu-tarcinli-kek-yemekcom2.jpg,300,200,True,https://cdn.yemek.com/mncrop/940/625/uploads/2014/09/havuclu-tarcinli-kek-yemekcom2.jpg,940,625,True,https://cdn.yemek.com/mncrop/620/388/uploads/2014/09/havuclu-tarcinli-kek-yemekcom2.jpg,620,388,True,https://cdn.yemek.com/mncrop/600/315/uploads/2014/09/havuclu-tarcinli-kek-yemekcom2.jpg,600,315,True,['fırın'],,"['Ocak', 'Şubat', 'Mart']",,,
786,1621,Yasemin Özaltın,https://cdn.yemek.com/author/35533/20181219061403_avatar.jpg,/profil/yasemingursurer/,Sonuç Mükemmel: Fırında Makarna,Fırında Makarna,/tarif/firinda-makarna/,25 dk,20 dk,"<p><a href=""https://yemek.com/tarif/hamur-isi/"" target=""_blank"">Hamur işlerine</a> olan ülkece yatkınlığımızı hepimiz kabul ederiz. Bu işin ana vatanı İtalya olsa da mesela <a href=""https://yemek.com/tarif/makarna/"" target=""_blank"">makarna</a> konusunda yüzlerce çeşitle onlardan aşağı kalmayız. Yeri gelir soslarla şov yaparız, yeri gelir erişteden makarna yaparız, yeri gelir fırınlarız, yeri gelir öğrenci evi gibi ketçap mayonezle yeriz. Ama biz bu işi biliriz. Bugün de fırınlıyoruz.</p>
<p>Spagettinin kalını, içi derin boşluklu fırın makarnaları özenle haşladıktan sonra özel sosuyla buluşturuyor, rendelenmiş kaşar peyniri ilavesiyle üzeri nar gibi kızarana kadar fırınlıyoruz. Pek kolay ve pratik olan beşamel soslu fırında makarna tarifimiz hazır olduğu gibi sofraya alıyor ve afiyetle sevdiklerimizle paylaşıyoruz.</p>
<p>Fırında peynirli makarna tarifi arayanları da unutmuyor, onları buraya davet ediyoruz: <a href=""https://yemek.com/tarif/beyaz-peynirli-firinda-makarna/"" target=""_blank"">Beyaz Peynirli Fırında Makarna Tarifi</a></p>
<p>""Ben fırında makarna çeşitlerini görmek istiyorum"" diyorsanız şöyle de buyurabilirsiniz: <a href=""https://yemek.com/firinda-makarna-tarifleri/"" target=""_blank"">Fırında Makarna Aşkını Doya Doya Yaşatan 10 Malzemesine Dolgun Tarif</a></p>
",recipe,"['tereyağı', 'süt', 'un', 'rendelenmiş kaşar peyniri', 'fırın makarna', 'muskat cevizi', 'sıvı yağ']","['Beşamel sosu hazırlamak için; 4 yemek kaşığı tereyağı ve 2 yemek kaşığı sıvı yağı bir sos tenceresinde kızdırın.', 'Ardından 3 yemek kaşığı unu üzerine ilave edin ve kokusu çıkana kadar kavurun.', '2,5 su bardağı sütü de sos tenceresine ilave edip iyice karıştırın ve karışım koyulaşana kadar orta ateşte pişirin. Ara ara karıştırmayı ihmal etmeyin.', 'Pişmiş olan beşamel sosun üzerine yarım muskat rendeleyip karıştırın ve ocaktan alın. Arzuya göre tuz ve karabiber ile tatlandırın.', '<div>Derin bir tencerede kaynamış olan tuzlu suyun içine fırın makarnayı atın ve 10 dakika, yumuşayana kadar pişirin. Ocaktan alıp, suyunu süzdürün.</div>\n&nbsp;', 'Geniş bir kabın içerisinde, süzülmüş olan makarnayı ve beşamel sosu güzelce karıştırın.', 'Makarnayı, pişireceğiniz fırın kabına alın ve üzerine 1,5 su bardağı rendelenmiş kaşar peyniri\xa0serpiştirin.', '<div>Önceden ısıtılmış 190 derece fırında 25 dakika pişirin. İlk sıcaklığı geçtikten sonra dilimleyin ve servis edin. Fırın makarnamız hazır, afiyet olsun!</div>']",MAKARNA,239b56,/tarif/makarna/,"['Makarna', 'Video']","['ekonomik', 'akşam yemeği', 'öğle yemeği']","['Öğle Yemeği', 'Akşam Yemeği']",,,False,1500,1200,2019-04-04T07:35:51Z,4.0,961687,7167,False,True,True,0,,0,,,,2015/02/firin-makarna-yemekcom-yeni.jpg,0,0,https://cdn.yemek.com/mnresize/940/940/uploads/2015/02/firin-makarna-yemekcom-yeni.jpg,940,940,False,https://cdn.yemek.com/mncrop/300/200/uploads/2015/02/firin-makarna-yemekcom-yeni.jpg,300,200,True,https://cdn.yemek.com/mncrop/940/625/uploads/2015/02/firin-makarna-yemekcom-yeni.jpg,940,625,True,https://cdn.yemek.com/mncrop/620/388/uploads/2015/02/firin-makarna-yemekcom-yeni.jpg,620,388,True,https://cdn.yemek.com/mncrop/600/315/uploads/2015/02/firin-makarna-yemekcom-yeni.jpg,600,315,True,['fırın'],,,,,
787,47391,Gökçen Mutaf,https://cdn.yemek.com/author/23120/20181227103819_avatar.jpeg,/profil/gokcenmutaf/,Sadece 10 Dakikada: Etsiz Çiğ Köfte,Etsiz Çiğ Köfte,/tarif/etsiz-cig-kofte/,10 dk,10 dk,"<p><a href=""https://yemek.com/tarif/etli-cig-kofte/"" target=""_blank"">Çiğ köfte tarifini</a> biz hep uzun uzun yoğrulan, maharet isteyen, herkesin kolaylıkla yapamayacağı bir tarif olarak biliyoruz. Urfa başta olmak üzere Güney Doğu'nun en sevilen tariflerinden biri olan <a href=""https://yemek.com/tarif/etsiz-cig-kofte-2/"" target=""_blank"">çiğ köfte</a> orijinalinde etli çiğ köfte olarak yapılıp sunulan bir tarif. Ancak evde daha ekonomik bir şekilde yapılmak istendiğinde elimiz hep etsiz çiğ köfte tarifine gidiyor. Onun da yoğrulması bir hayli zaman alıyor. Gelin, şu işi daha kolaylaştıralım. Karşınızda, en kolay ve lezzetlisinden: <strong>Etsiz çiğ köfte tarifi!</strong></p>
<p>Bu çiğ köfte tarifi yoğrulmadan, robotta tüm malzemelerin çekilmesiyle hazırlanıyor. Bu şekilde hem zamanda kazanılıyor hem de <strong>yoğurmadan enfes çiğ köfte</strong> hazırlanmış oluyor. Hadi o zaman şimdiden ellerinize sağlık diyor, bu pratik <a href=""https://yemek.com/tarif/mezeler/"" target=""_blank"">meze tariflerinden</a> biri olan etsiz çiğ köfte tarifine buyur ediyoruz sizleri. ''Çiğ köfte nasıl yapılır?'' sorunuzun cevabı tarifimizde saklı!</p>
",recipe,"['sıcak su', 'tuz', 'limon suyu', 'zeytinyağı', 'domates salçası', 'nar ekşisi', 'isot', 'soğan', 'tatlı toz kırmızı biber', 'esmer bulgur']","['Bulguru derince bir kaba alın ve üstüne 1,5 bardak sıcak suyu gezdirin. Üstünü kapatıp 10 dakika beklemeye alın.', 'Bulgur kabarırken soğanı robottan çekin.', 'Soğanı tel bir süzgece alarak fazla suyunu sıkın.', 'İsotu da bir kaseye alın ve üstüne sıcak su ekleyip 5 dakika kadar beklemeye alın.', 'Bulgur kabardıktan sonra, mutfak robotuna kabarmış bulguru alın ve üstüne, robottan çektiğiniz kuru soğanı, ıslanmış isotu (suyuyla birlikte), limon suyunu, nar ekşisini, zeytinyağını, tuzu, salçayı ve kırmızı biberi ekleyip, robottan ara ara durdurarak 10 dakika kadar çekin.', 'Sonra bir kaba alın ve elinize birkaç dakika daha yoğurun.', 'Klasik çiğ köfte şeklini verin.', 'Dilerseniz dürüm şeklinde de servis edebilirsiniz.', 'Suşi şeklini vermek için ise hazırladığınız dürümü halka halka doğrarsanız harika olur. Afiyet olsun!']",MEZE,239b56,/tarif/mezeler/,"['Özel Beslenme', 'Vejetaryen', 'Atıştırmalık', 'Meze', 'Vegan', 'Video', 'Tuzlu Atıştırmalık']",['ekonomik'],"['Öğle Yemeği', 'Akşam Yemeği']",,"['Ekonomik', 'Vejetaryen', 'Vegan']",False,600,600,2020-10-01T07:15:08Z,4.0,952286,3376,False,True,True,0,,0,,,,2020/10/etsiz-cig-kofte-yemekcom.jpg,0,0,https://cdn.yemek.com/mnresize/940/940/uploads/2020/10/etsiz-cig-kofte-yemekcom.jpg,940,940,False,https://cdn.yemek.com/mncrop/300/200/uploads/2020/10/etsiz-cig-kofte-yemekcom.jpg,300,200,True,https://cdn.yemek.com/mncrop/940/625/uploads/2020/10/etsiz-cig-kofte-yemekcom.jpg,940,625,True,https://cdn.yemek.com/mncrop/620/388/uploads/2020/10/etsiz-cig-kofte-yemekcom.jpg,620,388,True,https://cdn.yemek.com/mncrop/600/315/uploads/2020/10/etsiz-cig-kofte-yemekcom.jpg,600,315,True,['vejetaryen'],,,,,
788,140,Yasemin Özaltın,https://cdn.yemek.com/author/35533/20181219061403_avatar.jpg,/profil/yasemingursurer/,Tam Kıvamında: Kadınbudu Köfte,Kadınbudu Köfte,/tarif/kadinbudu-kofte/,5 dk,25 dk,"<p>Kadınbudu köfte, kendisine bu topraklarda <a href=""https://yemek.com/tarif/kofte/"" target=""_blank"" rel=""noopener"">köfte</a> dedirtme konusunda en başarılı tariflerden biri. Mesela neredeyse bütün köfteler pilavla çok iyi giderken, kadınbudu gitmez. Ancak patates püresiyle diğer bütün köftelerden daha güzel olur. Biraz hercai anlayacağınız.</p>
<p>Neyse bu kadar konuştuktan sonra bu akşam ve hatta ilk fırsatta <a href=""https://yemek.com/tarif/"" target=""_blank"" rel=""noopener"">yemek tariflerinin</a> en güzellerinden olan <strong>kadınbudu köfte</strong>yi yapmak bize farz oldu. Aşağıda bize eşlik etmek isteyenler için videolu tarifi var. Üstelik en <strong>tam kıvamında</strong>, en lezzetli haliyle bizlerle! Dileyen gelebilir, sofrasını güzelleştirebilir.</p>
<p>Haydi herkese afiyet olsun!</p>",recipe,"['kuru soğan', 'tuz', 'yumurta', 'yumurta', 'ayçiçek yağı', 'un', 'sarımsak', 'karabiber', 'orta yağlı kıyma', 'kimyon', 'haşlanmış pirinç', 'galeta unu']","['<p>Kadınbudu köfte için 1/2 su bardağı pirinci tuz ve su ile birlikte hafif yumuşayana kadar kaynatın. Çok yumuşamamasına dikkat edin.\xa0Bir tavada zeytinyağı ile soğanları\xa0 yumuşayana kadar kavurun.\xa0Sarımsakları da ekleyip kavurmaya devam edin.</p>', '<p>Kıymanın yarısını soğan ve sarımsakların içerisine alın ve suyunu salıp, çekene kadar kavurun. Pişen kıymaları ocaktan alın ve soğumaya bırakın.</p>', '<p>Geniş bir kasede çiğ kıyma, un, haşlanmış pirinç, pişip soğuyan soğanlı kıyma harcını, yumurta ve tüm baharatları bir araya getirip yoğurun.\xa0Yoğurduktan sonra üzerine streç çekip 20 dakika buzdolabında bekletin.</p>', '<p>Bekleyen harçtan yumurtadan biraz daha büyük parçalar koparıp yuvarlayarak şekil verin.</p>', '<p>Şekil verilmiş köfteleri önce un ve galeta unu karışımına, sonra yumurtaya batırın.</p>', '<p>Kadınbudu köfteleri kızgın yağda kızartın. Servis ederken püre ve sotelenmiş sebzeler ile servis edebilirsiniz, afiyet olsun!</p>']",KÖFTE,239b56,/tarif/kofte/,"['Et', 'Köfte', 'Ramazan', 'Video']",,"['Başlangıç', 'Öğle Yemeği', 'Ara Öğün', 'Akşam Yemeği']","['Kızartma', 'Ocak']",,False,300,1500,2021-10-18T08:41:49Z,4.0,944096,5753,False,True,True,0,,0,,,,2021/10/kadinbudu-kofte-yemekcom.jpg,0,0,https://cdn.yemek.com/mnresize/940/940/uploads/2021/10/kadinbudu-kofte-yemekcom.jpg,940,940,False,https://cdn.yemek.com/mncrop/300/200/uploads/2021/10/kadinbudu-kofte-yemekcom.jpg,300,200,True,https://cdn.yemek.com/mncrop/940/625/uploads/2021/10/kadinbudu-kofte-yemekcom.jpg,940,625,True,https://cdn.yemek.com/mncrop/620/388/uploads/2021/10/kadinbudu-kofte-yemekcom.jpg,620,388,True,https://cdn.yemek.com/mncrop/600/315/uploads/2021/10/kadinbudu-kofte-yemekcom.jpg,600,315,True,,,,,,
789,233,Yasemin Özaltın,https://cdn.yemek.com/author/35533/20181219061403_avatar.jpg,/profil/yasemingursurer/,Kalem Gibi Sarılır: Zeytinyağlı Yaprak Sarma,Zeytinyağlı Yaprak Sarma,/tarif/zeytinyagli-yaprak-sarma/,45 dk,40 dk,"<p>Bayram yemeklerinden altın günlerine kadar günün her anı yenilebilecek, en sevilen, en zamansız <a href=""https://yemek.com/tarif/"" target=""_blank"">yemek tariflerinden</a> biridir zeytinyağlı yaprak sarma. Belli başlı püf noktaları ve lezzet sırlarını takip edip, biraz zaman ayırdıktan sonra harika sarmalar hazırlayabilirsiniz. İncecik sarılan, bol zeytinyağlı ve limonlu olanı makbuldür yaprak sarmanın. İsterseniz salamura asma yaprağı kullanarak isterseniz de taze asma yaprağı kullanarak hazırlayabilirsiniz onu. Karşınızda yemelere doyamayacağınız zeytinyağlı yaprak sarma tarifi!</p>
<p>Tarifin en önemli sırrı yaprakların içini çok fazla doldurmamakta saklı. Bu sayede yapraklar pişerken patlamayacak ve tam kıvamında olacaklar. Yaprak sarması nasıl yapılır, yaprak sarması içi nasıl hazırlanır, yaprak sarma nasıl pişirilir diyenlere de adım adım görselli bir şekilde <a href=""https://yemek.com/tarif/zeytinyaglilar/"" target=""_blank"">zeytinyağlı</a> yaprak sarma yapımını anlatıyoruz tarifimizde. Bu tarif kaçmaz diyor, lezzeti ve görünümü mükemmel, en güzel zeytinyağlı yaprak sarma tarifine alıyoruz sizleri.</p>
<p>Dilerseniz taze yaprak sarması tarifimize de <a href=""https://yemek.com/tarif/taze-yaprak-sarmasi/"" target=""_blank"">şuradan</a> bakabilirsiniz.</p>
",recipe,"['pirinç', 'kuru soğan', 'sıcak su', 'sıcak su', 'nane', 'tuz', 'zeytinyağı', 'zeytinyağı', 'karabiber', 'tarçın', 'limon', 'kuş üzümü', 'dolmalık fıstık', 'asma yaprağı', 'yenibahar']","['Sarmanın iç harcını hazırlamak için; yarım su bardağı zeytinyağını geniş tabanlı bir tencerede kızdırın. 3 adet rendelenmiş soğanı hafif renk alana kadar kavurun. Ardından üzerine 1,5 yemek kaşığı dolmalık fıstığı da\xa0 koyup kavurmaya devam edin.', 'Ilık suda 5 dakika kadar bekletip suyunu süzdürdüğünüz 1,5 su bardağı pirinci soğanlarla birlikte, pirinçler şeffaf bir görünüm kazanana kadar kavurun.', ""Ardından sırasıyla; 1 yemek kaşığı kuş üzümü, 1'er çay kaşığı tuz, karabiber, yenibahar ve tarçın ekleyip karıştırın."", 'Yaklaşık 1 su bardağı sıcak suyu da ilave edin ve iç harcı kısık ateşte 5 dakika kadar pişirdikten sonra ocaktan alın.', 'Salamura asma yapraklarını tezgahın üzerinde damarlı kısımları üstte kalacak şekilde açın. Her bir yaprağın orta kısmına; hazırlayıp, ılıttığınız iç harçtan birer tatlı kaşığı kadar paylaştırın.', 'Kenar kısımlarını içe alıp, geniş kısmından uç kısmına doğru ilerleyin.', 'Tüm yaprakları sıkı bir şekilde sarın.', 'Sarma tenceresinin tabanını birkaç adet asma yaprağı ile kaplayın.', 'Hazırladığınız sarmaları, sıra halinde, yan yana dizin. Limonu halka halka dilimledikten sonra sarmaların üzerine yerleştirin.', 'Pişme esnasında açılmamaları için; üzerlerine düz bir servis tabağı kapatın. 1,5 su bardağı sıcak su ve 2 yemek kaşığı zeytinyağını da tencereye ekledikten sonra\xa0sarmaları, kısık ateşte yaklaşık 35 dakika pişirin.', 'Arzuya göre; ılık ya da soğuk olarak servis edin.']",ZEYTİNYAĞLI,239b56,/tarif/zeytinyaglilar/,"['Sebze', 'Ramazan', 'Zeytinyağlı', 'Video']","['ekonomik', 'başlangıç', 'akşam yemeği', 'öğle yemeği']","['Başlangıç', 'Çay Saati']",['Tencere'],"['Ekonomik', 'Vejetaryen', 'Düşük Kalorili']",False,2700,2400,2019-05-06T11:59:14Z,4.0,941586,5114,False,True,True,0,,0,,,,2014/07/zeytinyagli-yaprak-sarmasi-yemekcom.jpg,0,0,https://cdn.yemek.com/mnresize/940/940/uploads/2014/07/zeytinyagli-yaprak-sarmasi-yemekcom.jpg,940,940,False,https://cdn.yemek.com/mncrop/300/200/uploads/2014/07/zeytinyagli-yaprak-sarmasi-yemekcom.jpg,300,200,True,https://cdn.yemek.com/mncrop/940/625/uploads/2014/07/zeytinyagli-yaprak-sarmasi-yemekcom.jpg,940,625,True,https://cdn.yemek.com/mncrop/620/388/uploads/2014/07/zeytinyagli-yaprak-sarmasi-yemekcom.jpg,620,388,True,https://cdn.yemek.com/mncrop/600/315/uploads/2014/07/zeytinyagli-yaprak-sarmasi-yemekcom.jpg,600,315,True,"['tencere', 'vejetaryen', 'glutensiz']",,,,,
790,1806,Yasemin Özaltın,https://cdn.yemek.com/author/35533/20181219061403_avatar.jpg,/profil/yasemingursurer/,Ege Usulü: Zeytinyağlı Enginar,Zeytinyağlı Enginar,/tarif/enginar/,1 sa,30 dk,"<p>İçerdiği vitamin ve mineral değerleriyle tüm <a href=""https://yemek.com/tarif/"" target=""_blank"">yemek tarifleri</a> ve <strong><a href=""https://yemek.com/tarif/zeytinyaglilar/"" target=""_blank"">zeytinyağlılar</a></strong> içinde kendine ayrı bir yer bulması yetmezmiş gibi baharı müjdeleyen ve sağlık dostu sebzelerin başında gelen <a href=""https://yemek.com/tarif/baklali-enginar/"" target=""_blank"">enginarı</a>, zeytinyağı ve garnitür olarak bilinen <a href=""https://yemek.com/tarif/sebze/"" target=""_blank"">sebze</a> karışımıyla pişirmeye ne dersiniz?</p>
<p>Mart ayının gelişiyle pazar tezgahlarında yavaş yavaş yerini almaya başlayan enginarın gelişini <strong>sağlıklı bir sofra</strong> hazırlayarak kutlamak gerek. <strong><a href=""https://yemek.com/tarif/zeytinyaglilar/"" target=""_blank"">Zeytinyağlı tariflerinin</a> </strong>en sevilenlerinden zeytinyağlı enginar adım adım resimli ve videolu anlatımıyla karşınızda!</p>
<p>Unutmadan: Enginarı sadece lezzeti için değil sağlık için de tüketenlerdenseniz, yaprak kısımlarını ziyan etmeyin. Bu tarifte yerleri olmayabilir ancak onları çiğ ya da zeytinyağlı olarak <strong>salata</strong> yapımında kullanabilirsiniz.</p>
",recipe,"['tuz', 'toz şeker', 'patates', 'su', 'zeytinyağı', 'dondurulmuş bezelye', 'dereotu', 'orta boy kuru soğan', 'taze sıkılmış limon suyu', 'büyük boy havuç', 'ayıklanmış enginar']","['Bir tavada yarım su bardağı zeytinyağı ile 1 adet küp doğranmış soğanı hafif pembeleşinceye kadar kavurun.', ""Üzerine küp doğranmış ve haşlanmış, 1'er adet patates ve havucu da ekleyip 2-3 dakika bu şekilde kavurun."", '1 su bardağı bezelyeyi de üzerine ekledikten 3-4 dakika sonra garnitürünüzü ocaktan alın.', 'Enginarları pişireceğiniz sosu hazırlamak için bir kapta 2 adet sıkılmış limon suyu, 1 su bardağı su,\xa0 1 tatlı kaşığı toz şeker, 1 çay kaşığı tuz ve 2 yemek zeytinyağını karıştırın.', 'Geniş bir tencereye 8 adet enginarı yerleştirin ve üzerlerine hazırladığınız garnitürden koyun.', 'Limonlu su karışımını da tencereye aktarın.', 'Enginarı sofralarınızda soğuk olarak servis edin, afiyet olsun.', 'Ardından kapağını kapatıp, enginarlar yumuşayana kadar pişirin.']",ZEYTİNYAĞLI,239b56,/tarif/zeytinyaglilar/,"['Sebze', 'Özel Beslenme', 'Vejetaryen', 'Diyet', 'Zeytinyağlı', 'Vegan', 'Video', 'Mevsiminde']","['akşam yemeği', 'diyet', 'öğle yemeği']","['Öğle Yemeği', 'Akşam Yemeği']",['Tencere'],"['Ekonomik', 'Vejetaryen', 'Düşük Kalorili', 'Düşük Karbonhidratlı', 'Vegan']",False,3600,1800,2022-03-22T07:15:40Z,4.0,940507,6313,False,True,True,0,,0,,,,2015/03/zeytinyagli-enginar-yemekcom.jpg,0,0,https://cdn.yemek.com/mnresize/940/940/uploads/2015/03/zeytinyagli-enginar-yemekcom.jpg,940,940,False,https://cdn.yemek.com/mncrop/300/200/uploads/2015/03/zeytinyagli-enginar-yemekcom.jpg,300,200,True,https://cdn.yemek.com/mncrop/940/625/uploads/2015/03/zeytinyagli-enginar-yemekcom.jpg,940,625,True,https://cdn.yemek.com/mncrop/620/388/uploads/2015/03/zeytinyagli-enginar-yemekcom.jpg,620,388,True,https://cdn.yemek.com/mncrop/600/315/uploads/2015/03/zeytinyagli-enginar-yemekcom.jpg,600,315,True,"['tencere', 'vejetaryen', 'bol proteinli', 'bol lifli', 'glutensiz', 'düşük kalorili']",,"['Mart', 'Nisan', 'Mayıs']",,,
791,185,Cemre Özgüzel,https://cdn.yemek.com/author/109/20200211010242_avatar.jpg,/profil/cemre-ozguzel/,Sandığınızdan da Kolay: Köstebek Pasta,Köstebek Pasta,/tarif/kostebek-pasta/,40 dk,40 dk,"<p><a href=""https://yemek.com/tarif/mini-kostebek-pasta/"" target=""_blank"">Köstebek pasta</a> <a href=""https://yemek.com/tarif/"" target=""_blank"">tarif</a>i biraz zaman alan, yaratıcı ve gösterişli pasta tariflerinden biridir. Yapılışı zor şeklinde rivayetler olsa da aslında çok basittir. Yuvarlak ve kelepçeli bir <a href=""https://yemek.com/tarif/kek/"" target=""_blank"">kek</a> kalıbında, kakaolu kabarık bir kek hazırlanır öncelikle. Kekin orta kısmı bir kaşık yardımıyla çıkartılır, ufalanarak toz haline getirilir. Orta kısımda kalan boşluk uzun ince muz dilimleriyle doldurulur. Önceden hazırlayıp soğuttuğunuz krema ile üzeri kümbet gibi kapatılır. Pastaya toprak görünümü verecek olan kek parçaları üzerine serpiştirilir. Bol meyveli, muzlu bu pasta, çay eşliğinde <a href=""https://yemek.com/tarif/tatli/"" target=""_blank"">tatlı</a> olarak dilim dilim yenilir. Evde hazırlanan en kolay pastalardan biridir.</p>
<p>Misafir oturmasına götürmelik, sevdiklerinizle paylaşmalık köstebek <a href=""https://yemek.com/tarif/pasta-tatli/"" target=""_blank"">pasta tarifi</a> geliyor. Afiyet olsun!</p>
",recipe,"['yumurta', 'toz şeker', 'süt', 'un', 'vanilya', 'kabartma tozu', 'toz krem şanti', 'kakao', 'soğuk süt', 'muz', 'sıvı yağ']","['Geniş bir kabın içerisine yumurtaları alın. Toz şekeri de üzerine ilave edin.', 'Krema kıvamını alana kadar güzelce çırpın.', 'Üzerine ayçiçek yağı ve yarım su bardağı sütü ilave ederek bir süre daha çırpın.', 'Kabartma tozu ve vanilyayı ekleyin. Un ve kakaoyu eleyerek harca ilave edin.', 'Spatula yardımıyla karıştırın.', 'Tereyağı ile yağladığınız yuvarlak fırın kalıbına kek karışımını boşaltın. Önceden ısıtılmış 175 derece fırında 30-35 dakika kadar pişirin.', 'Pastanın şantisini hazırlamak için; toz krem şantiyi bir kabın içine alın ve soğuk sütü ekleyin.', 'Birlikte güzelce çırpın.', 'Pişen keki fırından alın ve ılınması için beklettikten sonra kalıptan çıkartın.', 'Kekin üst kısmını bıçak yardımıyla dikkatli bir şekilde alın.', 'Üzerini düz bir hale getirin. Ardından bıçak yardımıyla çok derine girmeden, 4 parçaya bölün ve parçaları dikkatli bir şekilde çıkarın.', 'İç kısımlarını kaşık yardımıyla kenardan birkaç cm boşluk kalacak şekilde çıkarın.', 'Muzların kabuklarını soyun ve kekin tabanına dikkatli bir şekilde yerleştirin.', 'Ardından üzerini hazırladığınız krem şanti ile kaplayın.', 'Çıkardığınız kek içini rondodan geçirin.', 'Pastanızın üzerini bu keklerle kaplayın.', 'Buzdolabında en az 3 saat kadar dinlendirin ve dilimleyerek servis edin. Afiyet olsun.']",PASTA,239b56,/tarif/pasta-tatli/,"['Tatlı', 'Pasta', 'Video']","['ekonomik', 'çay saati']",['Çay Saati'],['Fırın'],['Ekonomik'],False,2400,2400,2019-05-02T08:36:54Z,4.0,934723,3943,False,True,True,0,,0,,,,2014/06/kostebek-pasta-yemekcom.jpg,0,0,https://cdn.yemek.com/mnresize/940/940/uploads/2014/06/kostebek-pasta-yemekcom.jpg,940,940,False,https://cdn.yemek.com/mncrop/300/200/uploads/2014/06/kostebek-pasta-yemekcom.jpg,300,200,True,https://cdn.yemek.com/mncrop/940/625/uploads/2014/06/kostebek-pasta-yemekcom.jpg,940,625,True,https://cdn.yemek.com/mncrop/620/388/uploads/2014/06/kostebek-pasta-yemekcom.jpg,620,388,True,https://cdn.yemek.com/mncrop/600/315/uploads/2014/06/kostebek-pasta-yemekcom.jpg,600,315,True,['fırın'],,,,,
792,3400,Yasemin Özaltın,https://cdn.yemek.com/author/35533/20181219061403_avatar.jpg,/profil/yasemingursurer/,Püf Noktalarıyla: Kuru Fasulye,Kuru Fasulye,/tarif/kuru-fasulye/,50 dk,30 dk,"<p>Geleneksel sofralarımızın, mutfağımızın sahip olduğu tüm <a href=""https://yemek.com/tarif/"" target=""_blank"">yemek tariflerinin</a> baş tacıdır aslında kuru fasulye. Tarifte yer alan kuru fasulyeler, cinsi ve önerilen pişirme süresine göre bir gece önceden ılık suya basılır. Sıvı yağda kavrulmuş kuru soğan, salça ve toz kırmızı bibere eklenen haşlanmış kuru fasulyeler, kabuk atmaması için kısık ateşte pişirilir. Ona en çok yakışan <a href=""https://yemek.com/tarif/bulgur-pilavi/"" target=""_blank"">bulgur pilavı </a>ya da <a href=""https://yemek.com/tarif/tereyagli-pilav/"" target=""_blank"">tereyağlı pirinç pilavı </a>eşliğinde soğuk ya da sıcak olarak servis edilir.</p>
<p>Yaz sofralarında kuru nane eşlik eder ona yanına buz gibi bir kase <a href=""https://yemek.com/tarif/cacik/"" target=""_blank"">cacık</a>. Sizin anlayacağınız mevsimsizdir kuru fasulye ve damaklarda kalan tadına doyum olmaz.</p>
<p><strong>Kuru fasulye tarifi</strong>ni hazırladık hazırlamasına da yanında ne olsun istersiniz? Önerdiğimiz gibi pilav ve cacık mı yoksa sadece iyi yapılmış bir mısır ekmeği mi? Haydi buyurun etsiz kuru fasulye tarifine!</p>
",recipe,"['tereyağı', 'tuz', 'toz şeker', 'su', 'domates salçası', 'kuru fasulye', 'orta boy kuru soğan', 'tatlı toz kırmızı biber', 'sıvı yağ']","['Kuru fasulye yemeği için 4 yemek kaşığı sıvı yağ ve 2 yemek kaşığı tereyağını derin bir tencereye aktarın ve kızdırın.1 adet yemeklik doğranmış kuru soğanı da ekleyin ve pembeleşinceye kadar kavurun.', 'Soğanlar kavrulduktan sonra 1 yemek kaşığı domates salçasını ekleyin ve kokusu çıkana kadar kavurun.', 'Son olarak bir gece önceden suda beklettiğiniz kuru fasulyeleri de tencereye ekleyin.', 'Sonra 1-2 dakika karıştırın ve 3 su bardağı su, 1 çay kaşığı kırmızı toz biber, 1 çay kaşığı tuz ve 1 çay kaşığı toz şekeri ekleyin, kapağını kapatıp fasulyeler yumuşayana kadar pişirin.', 'Tane tane pişmiş pirinç pilavı ile kuru fasulye yemeğini servis edin, afiyet olsun!']",BAKLİYAT,239b56,/tarif/bakliyat/,"['Ramazan', 'Video', 'Bakliyat']","['ekonomik', 'akşam yemeği', 'öğle yemeği']","['Öğle Yemeği', 'Akşam Yemeği']","['Tencere', 'Ocak']",['Ekonomik'],False,3000,1800,2019-05-06T08:22:00Z,4.0,1003156,4744,False,True,True,0,,0,,,,2015/11/kuru-fasulye-yemekcom.jpg,0,0,https://cdn.yemek.com/mnresize/940/940/uploads/2015/11/kuru-fasulye-yemekcom.jpg,940,940,False,https://cdn.yemek.com/mncrop/300/200/uploads/2015/11/kuru-fasulye-yemekcom.jpg,300,200,True,https://cdn.yemek.com/mncrop/940/625/uploads/2015/11/kuru-fasulye-yemekcom.jpg,940,625,True,https://cdn.yemek.com/mncrop/620/388/uploads/2015/11/kuru-fasulye-yemekcom.jpg,620,388,True,https://cdn.yemek.com/mncrop/600/315/uploads/2015/11/kuru-fasulye-yemekcom.jpg,600,315,True,,,,,,
793,11811,ipeksare,https://cdn.yemek.com/author/262494/20200820091315_avatar.jpg,/profil/ipeksare/,Tüm Sırlarıyla: Lokanta Usulü Mercimek Çorbası,Lokanta Usulü Mercimek Çorbası,/tarif/lokanta-usulu-mercimek-corbasi/,25 dk,15 dk,"<p>Soğuk kış günlerinde adeta bir hediye gibi değil midir, en yakın lokantanın mercimek çorbası... O an, bildiğimiz tüm <a href=""https://yemek.com/tarif/"" target=""_blank"">yemek tariflerinden</a> daha lezzetli gelmez mi, Müptelası değil miyiz?</p>
<p>Bu nefis lezzeti ev konforunda yaşayın istedik. Bu sefer soğuk kış günleri evde kendinizi lokanta usulü <a href=""https://yemek.com/tarif/corba/"" target=""_blank"">çorba</a>yla şımartın bizce. Eh önümüzde çetin bir kış bizi bekliyor. Sarı mercimeğin güzeller güzeli rengine... Hem blenderdan çekilip hem de süzgeçten süzülen pürüzsüz dokusuna saygı duruşunda bulunuyor ve tarifi sizinle buluşturuyoruz.</p>
<p>Her kaşığı afiyet, her kaşığı şifa olsun! <img src=""https://cdn.yemek.com/assets/images/smiley/smile.png"" class=""wp-smiley img-responsive"" /></p>
",recipe,"['tereyağı', 'tereyağı', 'sıcak su', 'tuz', 'pul biber', 'un', 'sarımsak', 'soğan', 'tavuk suyu', 'sarı mercimek']","['Mercimekleri bol suda yıkayın.Tereyağını eritin ve küp küp doğranmış soğanları ve ezilmiş sarımsakları kavurun.', 'Soğan ve sarımsak hafif kavrulunca unu ilave edin ve 2-3 dakika unu kavurun.', 'Çırpma teliyle unu çırpıyorken tavuk suyunu ilave edin.', 'Mercimekleri de ilave edin ve kalan sıcak suyu da ilave edip kaynamaya bırakın.', 'Su kaynayınca tuzu ilave edin ve mercimekler iyice yumuşayıncaya kadar pişirin. Kaynayan ve kıvamlanan çorbayı blenderdan geçirin.', 'Daha sonra ince delikli bir süzgeçten süzün ve pürüzsüz kıvama getirin.', 'Tereyağını eritin ve eriyen tereyağında pul biberi kavurun.Kaynayan çorbanın üzerine dökün ve tahta kaşık yardımıyla yağın çorbayla karışmasına yardımcı olun.', 'İşte bu kadar, afiyetler olsun!']",ÇORBA,,/tarif/corba/,"['Çorba', 'Ramazan', 'Bakliyat']","['pratik yemek tarifleri', 'ekonomik', 'başlangıç', 'akşam yemeği', 'öğle yemeği']","['Öğle Yemeği', 'Akşam Yemeği']",['Tencere'],['Ekonomik'],False,1500,900,2020-11-17T08:42:55Z,4.0,999436,4524,False,False,True,0,,0,,,,2016/10/lokanta-usulu-mercimek-corbasi-one-cikan-yeni.jpg,0,0,https://cdn.yemek.com/mnresize/940/940/uploads/2016/10/lokanta-usulu-mercimek-corbasi-one-cikan-yeni.jpg,940,940,False,https://cdn.yemek.com/mncrop/300/200/uploads/2016/10/lokanta-usulu-mercimek-corbasi-one-cikan-yeni.jpg,300,200,True,https://cdn.yemek.com/mncrop/940/625/uploads/2016/10/lokanta-usulu-mercimek-corbasi-one-cikan-yeni.jpg,940,625,True,https://cdn.yemek.com/mncrop/620/388/uploads/2016/10/lokanta-usulu-mercimek-corbasi-one-cikan-yeni.jpg,620,388,True,https://cdn.yemek.com/mncrop/600/315/uploads/2016/10/lokanta-usulu-mercimek-corbasi-one-cikan-yeni.jpg,600,315,True,"['tencere', 'vejetaryen', 'düşük karbonhidratlı', 'düşük kalorili']",greenLight,,,,
794,122,Neşe Ümit Tan,https://cdn.yemek.com/author/208653/20190910030615_avatar.jpg,/profil/neseumit/,Rengi de Mükemmel: Ayva Tatlısı,Ayva Tatlısı,/tarif/ayva-tatlisi/,1 sa,20 dk,"<p>Kışın sert ve uzun geçeceğinin habercisi olan <a href=""https://yemek.com/tarif/ayva-receli/"" target=""_blank"">ayva</a>, aynı zamanda keyifli bir <a href=""https://yemek.com/tarif/tatli/"" target=""_blank"">tatlı</a> malzemesi. Ayva tatlısı hazırlamak ve yemek sonrası tatlı keyfini şölene dönüştürmek için; ayvanın aromasını arttıracak birkaç ürün yeterli. Sevdiklerinize sunacağınız bu <a href=""https://yemek.com/en-fazla-5-malzemeli-pratik-tatli-tarifleri/"" target=""_blank"">pratik tatlı tarifi</a> ile kış gelsin ve bitmesin isteyeceksiniz. Ayvanın kendisini, reçelini sevmeyenler hazır olun; biliyoruz ki bu tatlıyı seveceksiniz!</p>
<p>Ayva <a href=""https://yemek.com/tarif/tatli/"" target=""_blank"">tatlısını</a> tencerede, en doğal haliyle hazırladık. Gıda boyası kullanmadan doğan renginde ve üzerine de nefis bir kaymak koyarak servis ettik. Hafifliğiyle <a href=""https://yemek.com/tarif/serbetli-tatlilar/"" target=""_blank"">şerbetli bir tatlı</a> olduğuna inanamayacaksınız. Kış bitmeden ayva tatlısı <a href=""https://yemek.com/tarif/"" target=""_blank"">tarif</a>ini denemeyen kalmasın!</p>
",recipe,"['toz şeker', 'su', 'büyük boy ayva', 'çubuk tarçın', 'karanfil', 'kaymak', 'toz Antep fıstığı', 'vişne suyu', 'limonun suyu']","['Bol suda yıkadığınız ayvaların kabuklarını soyun ve ortadan ikiye kesin. Kararmaması için limonlu su içine kabuklarıyla birlikte yerleştirin. Ayva çekirdeklerini daha sonra kullanmak üzere bir kenara ayırın.', 'Geniş tabanlı bir tencereye tek sıra halinde dizdiğiniz her bir ayvanın üzerine tepeleme 2 yemek kaşığı toz şeker ekleyin. Ardından su, limon suyu, ayva çekirdekleri, ayva kabukları ve baharatlarını de tencereye yerleştirin.', 'Tencereyi ocağa alın ve orta ateşte su kaynayınca dek pişirin.', 'Kaynayan suya vişne suyunu da ilave edin ve tencerenin kapağını kapatarak kısık ateşte pişmeye bırakın.', 'Yaklaşık bir saat sonra suyunu iyice çekip renk alan ayvaları bir bıçakla yardımıyla pişip pişmediğini kontrol edin. Pişmişse\xa0ilk sıcaklığının geçmesi\xa0için ocaktan alın ve dinlenmeye bırakın.', 'Pişen ayvaları servis tabağına alın ve tencerede kalan şerbetinden hafifçe üzerine sürün. Kaymak ve toz Antep fıstığı ilavesiyle ılık ya da soğuk olarak tatlıları servis edin.']",MEYVELİ TATLI,239b56,/tarif/meyveli-tatlilar/,"['Tatlı', 'Şerbetli Tatlı', 'Meyveli Tatlı', 'Mevsiminde']","['ekonomik', 'ara öğün']",['Çay Saati'],['Tencere'],"['Glutensiz', 'Vejetaryen', 'Düşük Karbonhidratlı']",False,3600,1200,2019-11-05T11:14:53Z,4.0,977390,1237,False,False,True,0,,0,,,,2014/06/ayva-tatlisi-buyuk-yemekcom.jpg,0,0,https://cdn.yemek.com/mnresize/940/940/uploads/2014/06/ayva-tatlisi-buyuk-yemekcom.jpg,940,940,False,https://cdn.yemek.com/mncrop/300/200/uploads/2014/06/ayva-tatlisi-buyuk-yemekcom.jpg,300,200,True,https://cdn.yemek.com/mncrop/940/625/uploads/2014/06/ayva-tatlisi-buyuk-yemekcom.jpg,940,625,True,https://cdn.yemek.com/mncrop/620/388/uploads/2014/06/ayva-tatlisi-buyuk-yemekcom.jpg,620,388,True,https://cdn.yemek.com/mncrop/600/315/uploads/2014/06/ayva-tatlisi-buyuk-yemekcom.jpg,600,315,True,"['tencere', 'vejetaryen', 'glutensiz']",,"['Ocak', 'Şubat', 'Kasım', 'Aralık']",,,
795,14899,Cemre Özgüzel,https://cdn.yemek.com/author/109/20200211010242_avatar.jpg,/profil/cemre-ozguzel/,Pastane Tadında: Sirkeli Tuzlu Kurabiye,Sirkeli Tuzlu Kurabiye,/tarif/sirkeli-tuzlu-kurabiye/,15 dk,25 dk,"<p>Pastanelerden almaya doyamadığımız o kuru pastalar var ya... İşte onların en büyük sırrı içindeki sirke.</p>
<p>Mutfağımızda sık sık kullandığımız sirke bu sefer <a href=""https://yemek.com/tarif/kurabiye/"" target=""_blank"">kurabiye</a> hamurunun içinde. Çay saatlerinize çok yakışacak bu kıyır kıyır hamuru çok seveceksiniz. Çörek otuyla ve yumurta sarısıyla kızaran o nefis dış yüzeyi de onu sevmek için başka bir neden.</p>
<p>Tek yapmanız gereken sevdiklerinizi bu çay saati için organize etmek ve onlara bu enfes <a href=""https://yemek.com/tarif/pastane-usulu-sirkeli-tuzlu-kurabiye/"" target=""_blank"">tuzlu kurabiye</a>lerden hazırlamak. Gerisi de demli çayın bağlayıcı büyüsüne kalmış.</p>
<p><a href=""https://yemek.com/tarif/kiyir-kiyir-tuzlu-pasta/"" target=""_blank"">Kıyır kıyır tuzlu pasta</a> tarifleri ile sizlere afiyetler olsun.</p>
<p>Daha fazla tarif için: <a href=""https://yemek.com/tarif/"" target=""_blank"">Yemek Tarifleri</a></p>
",recipe,"['tuz', 'yumurta', 'toz şeker', 'un', 'kabartma tozu', 'sirke', 'çörek otu', 'oda sıcaklığında tereyağı', 'yumurta beyazı', 'sıvı yağ']","['Oda sıcaklığındaki 250 gram tereyağını bir kabın içerisine alın. Üzerine 1 çay bardağı sıvı yağ ve 2 adet yumurta ilave ederek elinizle karıştırın.', 'Bu karışımın içerisine 2 yemek kaşığı sirke, 1 tatlı kaşığı tuz, 1,5 tatlı kaşığı toz şeker ve 1 paket kabartma tozu ilave ederek karıştırmaya devam edin.', 'Ardından 3 su bardağı kadar unu azar azar ilave ederek ele yapışmayan bir hamur elde edene kadar yoğurun.', 'Hamurdan ceviz büyüklüğünde parçalar kopartın ve ince bir rulo olacak şekilde uzatın. Bıçak yardımıyla 4 parmak genişliğinde kesin.', 'Üzerine yumurta beyazı ve çörek otu serperek fırın tepsisine dizin.', '180 derecelik fırında, üzeri kızarana kadar 10-12 dakika kadar pişirin ve fırından alıp\xa0 soğumaya bırakın. İşte bu kadar, afiyetler olsun!']",TUZLU KURABİYE,239b56,/tarif/tuzlu-kurabiyeler/,"['Kurabiye', 'Video', 'Tuzlu Kurabiye']",['çay saati'],['Çay Saati'],['Fırın'],['Vejetaryen'],False,900,1500,2017-02-20T15:25:51Z,4.0,970001,5433,False,True,True,0,,0,,,,2017/02/sirkeli-tuzlu-kurabiye-yemekcom.jpg,0,0,https://cdn.yemek.com/mnresize/940/940/uploads/2017/02/sirkeli-tuzlu-kurabiye-yemekcom.jpg,940,940,False,https://cdn.yemek.com/mncrop/300/200/uploads/2017/02/sirkeli-tuzlu-kurabiye-yemekcom.jpg,300,200,True,https://cdn.yemek.com/mncrop/940/625/uploads/2017/02/sirkeli-tuzlu-kurabiye-yemekcom.jpg,940,625,True,https://cdn.yemek.com/mncrop/620/388/uploads/2017/02/sirkeli-tuzlu-kurabiye-yemekcom.jpg,620,388,True,https://cdn.yemek.com/mncrop/600/315/uploads/2017/02/sirkeli-tuzlu-kurabiye-yemekcom.jpg,600,315,True,,,,,,
796,612,Yasemin Özaltın,https://cdn.yemek.com/author/35533/20181219061403_avatar.jpg,/profil/yasemingursurer/,"Dolu Dolu: Havuçlu, Tarçınlı, Cevizli Kek","Havuçlu, Tarçınlı, Cevizli Kek",/tarif/havuclu-tarcinli-kek/,40 dk,20 dk,"<p>Mikserleri çalıştırın! Altın günlerinde kulaktan kulağa tarifi fısıldanan lezzetiyle bilinen havuçlu, tarçınlı, <a href=""https://yemek.com/tarif/cevizli-kek/"" target=""_blank"">cevizli kek</a>in tarifini paylaşıyoruz ki damağınız şenlensin. Bu tarifi tüm adımlarıyla birebir hazırladığınızda öyle güzel oluyor ki, bundan sonra başka tarifler denemeyeceksiniz. İçi nemli, mis kokulu ve müthiş lezzetli havuçlu tarçınlı cevizli kek <a href=""https://yemek.com/tarif/"" target=""_blank"">tarif</a>imizi deneyenlerle yorumlarda buluşalım!</p>
<p><a href=""https://yemek.com/tarif/kek/"" target=""_blank"">Kek tariflerinin</a> en sevilenlerinden olan havuçlu kek tarçın desteğiyle en güzel haliyle karşınızda! <strong>Tüm püf noktaları</strong> ise aşağıda...</p>
",recipe,"['limon suyu', 'yumurta', 'toz şeker', 'süt', 'un', 'havuç', 'tarçın', 'ceviz içi', 'karbonat', 'vanilin', 'sıvı yağ']","['Havuçlu, tarçınlı, cevizli kek tarifi için oda sıcaklığında bekletilmiş 3 adet yumurta ile 1 su bardağı toz şekeri mikserle çırpın, bu işleme şeker tamamen eriyene kadar devam edin.', 'Ardından sırasıyla; 1 su bardağı sütü,\xa0yarım su bardağı sıvı yağı ilave edin.', 'Unu, karbonatı, limon suyunu ve vanilini harca eleyerek ekleyin, ardından mikserle çırpın.', 'Karışıma rendeleyip fazla suyunu aldığınız havuç, iri dövülmüş ceviz içi ve tarçını ekleyin.', 'Kek kalıbınızın tabanını yağlayın.', 'Kalıba aktardığınız keki, önceden ısıtılmış 170 derecelik fırında, yaklaşık 40 dakika pişirin. Soğuduktan sonra üzerine pudra şekeri serperek servis edin. Afiyet olsun.']",TATLI KEK,239b56,/tarif/tatli-kek/,"['Kek', 'Video', 'Tatlı Kek', 'Mevsiminde']","['ekonomik', 'ara öğün', 'çay saati']",['Çay Saati'],['Fırın'],,False,2400,1200,2020-11-24T12:02:38Z,4.0,968347,6578,False,True,False,0,,0,,,,2014/09/havuclu-tarcinli-kek-yemekcom2.jpg,0,0,https://cdn.yemek.com/mnresize/940/940/uploads/2014/09/havuclu-tarcinli-kek-yemekcom2.jpg,940,940,False,https://cdn.yemek.com/mncrop/300/200/uploads/2014/09/havuclu-tarcinli-kek-yemekcom2.jpg,300,200,True,https://cdn.yemek.com/mncrop/940/625/uploads/2014/09/havuclu-tarcinli-kek-yemekcom2.jpg,940,625,True,https://cdn.yemek.com/mncrop/620/388/uploads/2014/09/havuclu-tarcinli-kek-yemekcom2.jpg,620,388,True,https://cdn.yemek.com/mncrop/600/315/uploads/2014/09/havuclu-tarcinli-kek-yemekcom2.jpg,600,315,True,['fırın'],,"['Ocak', 'Şubat', 'Mart']",,,
797,1621,Yasemin Özaltın,https://cdn.yemek.com/author/35533/20181219061403_avatar.jpg,/profil/yasemingursurer/,Sonuç Mükemmel: Fırında Makarna,Fırında Makarna,/tarif/firinda-makarna/,25 dk,20 dk,"<p><a href=""https://yemek.com/tarif/hamur-isi/"" target=""_blank"">Hamur işlerine</a> olan ülkece yatkınlığımızı hepimiz kabul ederiz. Bu işin ana vatanı İtalya olsa da mesela <a href=""https://yemek.com/tarif/makarna/"" target=""_blank"">makarna</a> konusunda yüzlerce çeşitle onlardan aşağı kalmayız. Yeri gelir soslarla şov yaparız, yeri gelir erişteden makarna yaparız, yeri gelir fırınlarız, yeri gelir öğrenci evi gibi ketçap mayonezle yeriz. Ama biz bu işi biliriz. Bugün de fırınlıyoruz.</p>
<p>Spagettinin kalını, içi derin boşluklu fırın makarnaları özenle haşladıktan sonra özel sosuyla buluşturuyor, rendelenmiş kaşar peyniri ilavesiyle üzeri nar gibi kızarana kadar fırınlıyoruz. Pek kolay ve pratik olan beşamel soslu fırında makarna tarifimiz hazır olduğu gibi sofraya alıyor ve afiyetle sevdiklerimizle paylaşıyoruz.</p>
<p>Fırında peynirli makarna tarifi arayanları da unutmuyor, onları buraya davet ediyoruz: <a href=""https://yemek.com/tarif/beyaz-peynirli-firinda-makarna/"" target=""_blank"">Beyaz Peynirli Fırında Makarna Tarifi</a></p>
<p>""Ben fırında makarna çeşitlerini görmek istiyorum"" diyorsanız şöyle de buyurabilirsiniz: <a href=""https://yemek.com/firinda-makarna-tarifleri/"" target=""_blank"">Fırında Makarna Aşkını Doya Doya Yaşatan 10 Malzemesine Dolgun Tarif</a></p>
",recipe,"['tereyağı', 'süt', 'un', 'rendelenmiş kaşar peyniri', 'fırın makarna', 'muskat cevizi', 'sıvı yağ']","['Beşamel sosu hazırlamak için; 4 yemek kaşığı tereyağı ve 2 yemek kaşığı sıvı yağı bir sos tenceresinde kızdırın.', 'Ardından 3 yemek kaşığı unu üzerine ilave edin ve kokusu çıkana kadar kavurun.', '2,5 su bardağı sütü de sos tenceresine ilave edip iyice karıştırın ve karışım koyulaşana kadar orta ateşte pişirin. Ara ara karıştırmayı ihmal etmeyin.', 'Pişmiş olan beşamel sosun üzerine yarım muskat rendeleyip karıştırın ve ocaktan alın. Arzuya göre tuz ve karabiber ile tatlandırın.', '<div>Derin bir tencerede kaynamış olan tuzlu suyun içine fırın makarnayı atın ve 10 dakika, yumuşayana kadar pişirin. Ocaktan alıp, suyunu süzdürün.</div>\n&nbsp;', 'Geniş bir kabın içerisinde, süzülmüş olan makarnayı ve beşamel sosu güzelce karıştırın.', 'Makarnayı, pişireceğiniz fırın kabına alın ve üzerine 1,5 su bardağı rendelenmiş kaşar peyniri\xa0serpiştirin.', '<div>Önceden ısıtılmış 190 derece fırında 25 dakika pişirin. İlk sıcaklığı geçtikten sonra dilimleyin ve servis edin. Fırın makarnamız hazır, afiyet olsun!</div>']",MAKARNA,239b56,/tarif/makarna/,"['Makarna', 'Video']","['ekonomik', 'akşam yemeği', 'öğle yemeği']","['Öğle Yemeği', 'Akşam Yemeği']",,,False,1500,1200,2019-04-04T07:35:51Z,4.0,961687,7167,False,True,True,0,,0,,,,2015/02/firin-makarna-yemekcom-yeni.jpg,0,0,https://cdn.yemek.com/mnresize/940/940/uploads/2015/02/firin-makarna-yemekcom-yeni.jpg,940,940,False,https://cdn.yemek.com/mncrop/300/200/uploads/2015/02/firin-makarna-yemekcom-yeni.jpg,300,200,True,https://cdn.yemek.com/mncrop/940/625/uploads/2015/02/firin-makarna-yemekcom-yeni.jpg,940,625,True,https://cdn.yemek.com/mncrop/620/388/uploads/2015/02/firin-makarna-yemekcom-yeni.jpg,620,388,True,https://cdn.yemek.com/mncrop/600/315/uploads/2015/02/firin-makarna-yemekcom-yeni.jpg,600,315,True,['fırın'],,,,,
798,47391,Gökçen Mutaf,https://cdn.yemek.com/author/23120/20181227103819_avatar.jpeg,/profil/gokcenmutaf/,Sadece 10 Dakikada: Etsiz Çiğ Köfte,Etsiz Çiğ Köfte,/tarif/etsiz-cig-kofte/,10 dk,10 dk,"<p><a href=""https://yemek.com/tarif/etli-cig-kofte/"" target=""_blank"">Çiğ köfte tarifini</a> biz hep uzun uzun yoğrulan, maharet isteyen, herkesin kolaylıkla yapamayacağı bir tarif olarak biliyoruz. Urfa başta olmak üzere Güney Doğu'nun en sevilen tariflerinden biri olan <a href=""https://yemek.com/tarif/etsiz-cig-kofte-2/"" target=""_blank"">çiğ köfte</a> orijinalinde etli çiğ köfte olarak yapılıp sunulan bir tarif. Ancak evde daha ekonomik bir şekilde yapılmak istendiğinde elimiz hep etsiz çiğ köfte tarifine gidiyor. Onun da yoğrulması bir hayli zaman alıyor. Gelin, şu işi daha kolaylaştıralım. Karşınızda, en kolay ve lezzetlisinden: <strong>Etsiz çiğ köfte tarifi!</strong></p>
<p>Bu çiğ köfte tarifi yoğrulmadan, robotta tüm malzemelerin çekilmesiyle hazırlanıyor. Bu şekilde hem zamanda kazanılıyor hem de <strong>yoğurmadan enfes çiğ köfte</strong> hazırlanmış oluyor. Hadi o zaman şimdiden ellerinize sağlık diyor, bu pratik <a href=""https://yemek.com/tarif/mezeler/"" target=""_blank"">meze tariflerinden</a> biri olan etsiz çiğ köfte tarifine buyur ediyoruz sizleri. ''Çiğ köfte nasıl yapılır?'' sorunuzun cevabı tarifimizde saklı!</p>
",recipe,"['sıcak su', 'tuz', 'limon suyu', 'zeytinyağı', 'domates salçası', 'nar ekşisi', 'isot', 'soğan', 'tatlı toz kırmızı biber', 'esmer bulgur']","['Bulguru derince bir kaba alın ve üstüne 1,5 bardak sıcak suyu gezdirin. Üstünü kapatıp 10 dakika beklemeye alın.', 'Bulgur kabarırken soğanı robottan çekin.', 'Soğanı tel bir süzgece alarak fazla suyunu sıkın.', 'İsotu da bir kaseye alın ve üstüne sıcak su ekleyip 5 dakika kadar beklemeye alın.', 'Bulgur kabardıktan sonra, mutfak robotuna kabarmış bulguru alın ve üstüne, robottan çektiğiniz kuru soğanı, ıslanmış isotu (suyuyla birlikte), limon suyunu, nar ekşisini, zeytinyağını, tuzu, salçayı ve kırmızı biberi ekleyip, robottan ara ara durdurarak 10 dakika kadar çekin.', 'Sonra bir kaba alın ve elinize birkaç dakika daha yoğurun.', 'Klasik çiğ köfte şeklini verin.', 'Dilerseniz dürüm şeklinde de servis edebilirsiniz.', 'Suşi şeklini vermek için ise hazırladığınız dürümü halka halka doğrarsanız harika olur. Afiyet olsun!']",MEZE,239b56,/tarif/mezeler/,"['Özel Beslenme', 'Vejetaryen', 'Atıştırmalık', 'Meze', 'Vegan', 'Video', 'Tuzlu Atıştırmalık']",['ekonomik'],"['Öğle Yemeği', 'Akşam Yemeği']",,"['Ekonomik', 'Vejetaryen', 'Vegan']",False,600,600,2020-10-01T07:15:08Z,4.0,952286,3376,False,True,True,0,,0,,,,2020/10/etsiz-cig-kofte-yemekcom.jpg,0,0,https://cdn.yemek.com/mnresize/940/940/uploads/2020/10/etsiz-cig-kofte-yemekcom.jpg,940,940,False,https://cdn.yemek.com/mncrop/300/200/uploads/2020/10/etsiz-cig-kofte-yemekcom.jpg,300,200,True,https://cdn.yemek.com/mncrop/940/625/uploads/2020/10/etsiz-cig-kofte-yemekcom.jpg,940,625,True,https://cdn.yemek.com/mncrop/620/388/uploads/2020/10/etsiz-cig-kofte-yemekcom.jpg,620,388,True,https://cdn.yemek.com/mncrop/600/315/uploads/2020/10/etsiz-cig-kofte-yemekcom.jpg,600,315,True,['vejetaryen'],,,,,
799,140,Yasemin Özaltın,https://cdn.yemek.com/author/35533/20181219061403_avatar.jpg,/profil/yasemingursurer/,Tam Kıvamında: Kadınbudu Köfte,Kadınbudu Köfte,/tarif/kadinbudu-kofte/,5 dk,25 dk,"<p>Kadınbudu köfte, kendisine bu topraklarda <a href=""https://yemek.com/tarif/kofte/"" target=""_blank"" rel=""noopener"">köfte</a> dedirtme konusunda en başarılı tariflerden biri. Mesela neredeyse bütün köfteler pilavla çok iyi giderken, kadınbudu gitmez. Ancak patates püresiyle diğer bütün köftelerden daha güzel olur. Biraz hercai anlayacağınız.</p>
<p>Neyse bu kadar konuştuktan sonra bu akşam ve hatta ilk fırsatta <a href=""https://yemek.com/tarif/"" target=""_blank"" rel=""noopener"">yemek tariflerinin</a> en güzellerinden olan <strong>kadınbudu köfte</strong>yi yapmak bize farz oldu. Aşağıda bize eşlik etmek isteyenler için videolu tarifi var. Üstelik en <strong>tam kıvamında</strong>, en lezzetli haliyle bizlerle! Dileyen gelebilir, sofrasını güzelleştirebilir.</p>
<p>Haydi herkese afiyet olsun!</p>",recipe,"['kuru soğan', 'tuz', 'yumurta', 'yumurta', 'ayçiçek yağı', 'un', 'sarımsak', 'karabiber', 'orta yağlı kıyma', 'kimyon', 'haşlanmış pirinç', 'galeta unu']","['<p>Kadınbudu köfte için 1/2 su bardağı pirinci tuz ve su ile birlikte hafif yumuşayana kadar kaynatın. Çok yumuşamamasına dikkat edin.\xa0Bir tavada zeytinyağı ile soğanları\xa0 yumuşayana kadar kavurun.\xa0Sarımsakları da ekleyip kavurmaya devam edin.</p>', '<p>Kıymanın yarısını soğan ve sarımsakların içerisine alın ve suyunu salıp, çekene kadar kavurun. Pişen kıymaları ocaktan alın ve soğumaya bırakın.</p>', '<p>Geniş bir kasede çiğ kıyma, un, haşlanmış pirinç, pişip soğuyan soğanlı kıyma harcını, yumurta ve tüm baharatları bir araya getirip yoğurun.\xa0Yoğurduktan sonra üzerine streç çekip 20 dakika buzdolabında bekletin.</p>', '<p>Bekleyen harçtan yumurtadan biraz daha büyük parçalar koparıp yuvarlayarak şekil verin.</p>', '<p>Şekil verilmiş köfteleri önce un ve galeta unu karışımına, sonra yumurtaya batırın.</p>', '<p>Kadınbudu köfteleri kızgın yağda kızartın. Servis ederken püre ve sotelenmiş sebzeler ile servis edebilirsiniz, afiyet olsun!</p>']",KÖFTE,239b56,/tarif/kofte/,"['Et', 'Köfte', 'Ramazan', 'Video']",,"['Başlangıç', 'Öğle Yemeği', 'Ara Öğün', 'Akşam Yemeği']","['Kızartma', 'Ocak']",,False,300,1500,2021-10-18T08:41:49Z,4.0,944096,5753,False,True,True,0,,0,,,,2021/10/kadinbudu-kofte-yemekcom.jpg,0,0,https://cdn.yemek.com/mnresize/940/940/uploads/2021/10/kadinbudu-kofte-yemekcom.jpg,940,940,False,https://cdn.yemek.com/mncrop/300/200/uploads/2021/10/kadinbudu-kofte-yemekcom.jpg,300,200,True,https://cdn.yemek.com/mncrop/940/625/uploads/2021/10/kadinbudu-kofte-yemekcom.jpg,940,625,True,https://cdn.yemek.com/mncrop/620/388/uploads/2021/10/kadinbudu-kofte-yemekcom.jpg,620,388,True,https://cdn.yemek.com/mncrop/600/315/uploads/2021/10/kadinbudu-kofte-yemekcom.jpg,600,315,True,,,,,,
800,233,Yasemin Özaltın,https://cdn.yemek.com/author/35533/20181219061403_avatar.jpg,/profil/yasemingursurer/,Kalem Gibi Sarılır: Zeytinyağlı Yaprak Sarma,Zeytinyağlı Yaprak Sarma,/tarif/zeytinyagli-yaprak-sarma/,45 dk,40 dk,"<p>Bayram yemeklerinden altın günlerine kadar günün her anı yenilebilecek, en sevilen, en zamansız <a href=""https://yemek.com/tarif/"" target=""_blank"">yemek tariflerinden</a> biridir zeytinyağlı yaprak sarma. Belli başlı püf noktaları ve lezzet sırlarını takip edip, biraz zaman ayırdıktan sonra harika sarmalar hazırlayabilirsiniz. İncecik sarılan, bol zeytinyağlı ve limonlu olanı makbuldür yaprak sarmanın. İsterseniz salamura asma yaprağı kullanarak isterseniz de taze asma yaprağı kullanarak hazırlayabilirsiniz onu. Karşınızda yemelere doyamayacağınız zeytinyağlı yaprak sarma tarifi!</p>
<p>Tarifin en önemli sırrı yaprakların içini çok fazla doldurmamakta saklı. Bu sayede yapraklar pişerken patlamayacak ve tam kıvamında olacaklar. Yaprak sarması nasıl yapılır, yaprak sarması içi nasıl hazırlanır, yaprak sarma nasıl pişirilir diyenlere de adım adım görselli bir şekilde <a href=""https://yemek.com/tarif/zeytinyaglilar/"" target=""_blank"">zeytinyağlı</a> yaprak sarma yapımını anlatıyoruz tarifimizde. Bu tarif kaçmaz diyor, lezzeti ve görünümü mükemmel, en güzel zeytinyağlı yaprak sarma tarifine alıyoruz sizleri.</p>
<p>Dilerseniz taze yaprak sarması tarifimize de <a href=""https://yemek.com/tarif/taze-yaprak-sarmasi/"" target=""_blank"">şuradan</a> bakabilirsiniz.</p>
",recipe,"['pirinç', 'kuru soğan', 'sıcak su', 'sıcak su', 'nane', 'tuz', 'zeytinyağı', 'zeytinyağı', 'karabiber', 'tarçın', 'limon', 'kuş üzümü', 'dolmalık fıstık', 'asma yaprağı', 'yenibahar']","['Sarmanın iç harcını hazırlamak için; yarım su bardağı zeytinyağını geniş tabanlı bir tencerede kızdırın. 3 adet rendelenmiş soğanı hafif renk alana kadar kavurun. Ardından üzerine 1,5 yemek kaşığı dolmalık fıstığı da\xa0 koyup kavurmaya devam edin.', 'Ilık suda 5 dakika kadar bekletip suyunu süzdürdüğünüz 1,5 su bardağı pirinci soğanlarla birlikte, pirinçler şeffaf bir görünüm kazanana kadar kavurun.', ""Ardından sırasıyla; 1 yemek kaşığı kuş üzümü, 1'er çay kaşığı tuz, karabiber, yenibahar ve tarçın ekleyip karıştırın."", 'Yaklaşık 1 su bardağı sıcak suyu da ilave edin ve iç harcı kısık ateşte 5 dakika kadar pişirdikten sonra ocaktan alın.', 'Salamura asma yapraklarını tezgahın üzerinde damarlı kısımları üstte kalacak şekilde açın. Her bir yaprağın orta kısmına; hazırlayıp, ılıttığınız iç harçtan birer tatlı kaşığı kadar paylaştırın.', 'Kenar kısımlarını içe alıp, geniş kısmından uç kısmına doğru ilerleyin.', 'Tüm yaprakları sıkı bir şekilde sarın.', 'Sarma tenceresinin tabanını birkaç adet asma yaprağı ile kaplayın.', 'Hazırladığınız sarmaları, sıra halinde, yan yana dizin. Limonu halka halka dilimledikten sonra sarmaların üzerine yerleştirin.', 'Pişme esnasında açılmamaları için; üzerlerine düz bir servis tabağı kapatın. 1,5 su bardağı sıcak su ve 2 yemek kaşığı zeytinyağını da tencereye ekledikten sonra\xa0sarmaları, kısık ateşte yaklaşık 35 dakika pişirin.', 'Arzuya göre; ılık ya da soğuk olarak servis edin.']",ZEYTİNYAĞLI,239b56,/tarif/zeytinyaglilar/,"['Sebze', 'Ramazan', 'Zeytinyağlı', 'Video']","['ekonomik', 'başlangıç', 'akşam yemeği', 'öğle yemeği']","['Başlangıç', 'Çay Saati']",['Tencere'],"['Ekonomik', 'Vejetaryen', 'Düşük Kalorili']",False,2700,2400,2019-05-06T11:59:14Z,4.0,941586,5114,False,True,True,0,,0,,,,2014/07/zeytinyagli-yaprak-sarmasi-yemekcom.jpg,0,0,https://cdn.yemek.com/mnresize/940/940/uploads/2014/07/zeytinyagli-yaprak-sarmasi-yemekcom.jpg,940,940,False,https://cdn.yemek.com/mncrop/300/200/uploads/2014/07/zeytinyagli-yaprak-sarmasi-yemekcom.jpg,300,200,True,https://cdn.yemek.com/mncrop/940/625/uploads/2014/07/zeytinyagli-yaprak-sarmasi-yemekcom.jpg,940,625,True,https://cdn.yemek.com/mncrop/620/388/uploads/2014/07/zeytinyagli-yaprak-sarmasi-yemekcom.jpg,620,388,True,https://cdn.yemek.com/mncrop/600/315/uploads/2014/07/zeytinyagli-yaprak-sarmasi-yemekcom.jpg,600,315,True,"['tencere', 'vejetaryen', 'glutensiz']",,,,,
801,1806,Yasemin Özaltın,https://cdn.yemek.com/author/35533/20181219061403_avatar.jpg,/profil/yasemingursurer/,Ege Usulü: Zeytinyağlı Enginar,Zeytinyağlı Enginar,/tarif/enginar/,1 sa,30 dk,"<p>İçerdiği vitamin ve mineral değerleriyle tüm <a href=""https://yemek.com/tarif/"" target=""_blank"">yemek tarifleri</a> ve <strong><a href=""https://yemek.com/tarif/zeytinyaglilar/"" target=""_blank"">zeytinyağlılar</a></strong> içinde kendine ayrı bir yer bulması yetmezmiş gibi baharı müjdeleyen ve sağlık dostu sebzelerin başında gelen <a href=""https://yemek.com/tarif/baklali-enginar/"" target=""_blank"">enginarı</a>, zeytinyağı ve garnitür olarak bilinen <a href=""https://yemek.com/tarif/sebze/"" target=""_blank"">sebze</a> karışımıyla pişirmeye ne dersiniz?</p>
<p>Mart ayının gelişiyle pazar tezgahlarında yavaş yavaş yerini almaya başlayan enginarın gelişini <strong>sağlıklı bir sofra</strong> hazırlayarak kutlamak gerek. <strong><a href=""https://yemek.com/tarif/zeytinyaglilar/"" target=""_blank"">Zeytinyağlı tariflerinin</a> </strong>en sevilenlerinden zeytinyağlı enginar adım adım resimli ve videolu anlatımıyla karşınızda!</p>
<p>Unutmadan: Enginarı sadece lezzeti için değil sağlık için de tüketenlerdenseniz, yaprak kısımlarını ziyan etmeyin. Bu tarifte yerleri olmayabilir ancak onları çiğ ya da zeytinyağlı olarak <strong>salata</strong> yapımında kullanabilirsiniz.</p>
",recipe,"['tuz', 'toz şeker', 'patates', 'su', 'zeytinyağı', 'dondurulmuş bezelye', 'dereotu', 'orta boy kuru soğan', 'taze sıkılmış limon suyu', 'büyük boy havuç', 'ayıklanmış enginar']","['Bir tavada yarım su bardağı zeytinyağı ile 1 adet küp doğranmış soğanı hafif pembeleşinceye kadar kavurun.', ""Üzerine küp doğranmış ve haşlanmış, 1'er adet patates ve havucu da ekleyip 2-3 dakika bu şekilde kavurun."", '1 su bardağı bezelyeyi de üzerine ekledikten 3-4 dakika sonra garnitürünüzü ocaktan alın.', 'Enginarları pişireceğiniz sosu hazırlamak için bir kapta 2 adet sıkılmış limon suyu, 1 su bardağı su,\xa0 1 tatlı kaşığı toz şeker, 1 çay kaşığı tuz ve 2 yemek zeytinyağını karıştırın.', 'Geniş bir tencereye 8 adet enginarı yerleştirin ve üzerlerine hazırladığınız garnitürden koyun.', 'Limonlu su karışımını da tencereye aktarın.', 'Enginarı sofralarınızda soğuk olarak servis edin, afiyet olsun.', 'Ardından kapağını kapatıp, enginarlar yumuşayana kadar pişirin.']",ZEYTİNYAĞLI,239b56,/tarif/zeytinyaglilar/,"['Sebze', 'Özel Beslenme', 'Vejetaryen', 'Diyet', 'Zeytinyağlı', 'Vegan', 'Video', 'Mevsiminde']","['akşam yemeği', 'diyet', 'öğle yemeği']","['Öğle Yemeği', 'Akşam Yemeği']",['Tencere'],"['Ekonomik', 'Vejetaryen', 'Düşük Kalorili', 'Düşük Karbonhidratlı', 'Vegan']",False,3600,1800,2022-03-22T07:15:40Z,4.0,940507,6313,False,True,True,0,,0,,,,2015/03/zeytinyagli-enginar-yemekcom.jpg,0,0,https://cdn.yemek.com/mnresize/940/940/uploads/2015/03/zeytinyagli-enginar-yemekcom.jpg,940,940,False,https://cdn.yemek.com/mncrop/300/200/uploads/2015/03/zeytinyagli-enginar-yemekcom.jpg,300,200,True,https://cdn.yemek.com/mncrop/940/625/uploads/2015/03/zeytinyagli-enginar-yemekcom.jpg,940,625,True,https://cdn.yemek.com/mncrop/620/388/uploads/2015/03/zeytinyagli-enginar-yemekcom.jpg,620,388,True,https://cdn.yemek.com/mncrop/600/315/uploads/2015/03/zeytinyagli-enginar-yemekcom.jpg,600,315,True,"['tencere', 'vejetaryen', 'bol proteinli', 'bol lifli', 'glutensiz', 'düşük kalorili']",,"['Mart', 'Nisan', 'Mayıs']",,,
802,185,Cemre Özgüzel,https://cdn.yemek.com/author/109/20200211010242_avatar.jpg,/profil/cemre-ozguzel/,Sandığınızdan da Kolay: Köstebek Pasta,Köstebek Pasta,/tarif/kostebek-pasta/,40 dk,40 dk,"<p><a href=""https://yemek.com/tarif/mini-kostebek-pasta/"" target=""_blank"">Köstebek pasta</a> <a href=""https://yemek.com/tarif/"" target=""_blank"">tarif</a>i biraz zaman alan, yaratıcı ve gösterişli pasta tariflerinden biridir. Yapılışı zor şeklinde rivayetler olsa da aslında çok basittir. Yuvarlak ve kelepçeli bir <a href=""https://yemek.com/tarif/kek/"" target=""_blank"">kek</a> kalıbında, kakaolu kabarık bir kek hazırlanır öncelikle. Kekin orta kısmı bir kaşık yardımıyla çıkartılır, ufalanarak toz haline getirilir. Orta kısımda kalan boşluk uzun ince muz dilimleriyle doldurulur. Önceden hazırlayıp soğuttuğunuz krema ile üzeri kümbet gibi kapatılır. Pastaya toprak görünümü verecek olan kek parçaları üzerine serpiştirilir. Bol meyveli, muzlu bu pasta, çay eşliğinde <a href=""https://yemek.com/tarif/tatli/"" target=""_blank"">tatlı</a> olarak dilim dilim yenilir. Evde hazırlanan en kolay pastalardan biridir.</p>
<p>Misafir oturmasına götürmelik, sevdiklerinizle paylaşmalık köstebek <a href=""https://yemek.com/tarif/pasta-tatli/"" target=""_blank"">pasta tarifi</a> geliyor. Afiyet olsun!</p>
",recipe,"['yumurta', 'toz şeker', 'süt', 'un', 'vanilya', 'kabartma tozu', 'toz krem şanti', 'kakao', 'soğuk süt', 'muz', 'sıvı yağ']","['Geniş bir kabın içerisine yumurtaları alın. Toz şekeri de üzerine ilave edin.', 'Krema kıvamını alana kadar güzelce çırpın.', 'Üzerine ayçiçek yağı ve yarım su bardağı sütü ilave ederek bir süre daha çırpın.', 'Kabartma tozu ve vanilyayı ekleyin. Un ve kakaoyu eleyerek harca ilave edin.', 'Spatula yardımıyla karıştırın.', 'Tereyağı ile yağladığınız yuvarlak fırın kalıbına kek karışımını boşaltın. Önceden ısıtılmış 175 derece fırında 30-35 dakika kadar pişirin.', 'Pastanın şantisini hazırlamak için; toz krem şantiyi bir kabın içine alın ve soğuk sütü ekleyin.', 'Birlikte güzelce çırpın.', 'Pişen keki fırından alın ve ılınması için beklettikten sonra kalıptan çıkartın.', 'Kekin üst kısmını bıçak yardımıyla dikkatli bir şekilde alın.', 'Üzerini düz bir hale getirin. Ardından bıçak yardımıyla çok derine girmeden, 4 parçaya bölün ve parçaları dikkatli bir şekilde çıkarın.', 'İç kısımlarını kaşık yardımıyla kenardan birkaç cm boşluk kalacak şekilde çıkarın.', 'Muzların kabuklarını soyun ve kekin tabanına dikkatli bir şekilde yerleştirin.', 'Ardından üzerini hazırladığınız krem şanti ile kaplayın.', 'Çıkardığınız kek içini rondodan geçirin.', 'Pastanızın üzerini bu keklerle kaplayın.', 'Buzdolabında en az 3 saat kadar dinlendirin ve dilimleyerek servis edin. Afiyet olsun.']",PASTA,239b56,/tarif/pasta-tatli/,"['Tatlı', 'Pasta', 'Video']","['ekonomik', 'çay saati']",['Çay Saati'],['Fırın'],['Ekonomik'],False,2400,2400,2019-05-02T08:36:54Z,4.0,934723,3943,False,True,True,0,,0,,,,2014/06/kostebek-pasta-yemekcom.jpg,0,0,https://cdn.yemek.com/mnresize/940/940/uploads/2014/06/kostebek-pasta-yemekcom.jpg,940,940,False,https://cdn.yemek.com/mncrop/300/200/uploads/2014/06/kostebek-pasta-yemekcom.jpg,300,200,True,https://cdn.yemek.com/mncrop/940/625/uploads/2014/06/kostebek-pasta-yemekcom.jpg,940,625,True,https://cdn.yemek.com/mncrop/620/388/uploads/2014/06/kostebek-pasta-yemekcom.jpg,620,388,True,https://cdn.yemek.com/mncrop/600/315/uploads/2014/06/kostebek-pasta-yemekcom.jpg,600,315,True,['fırın'],,,,,
803,611,Cemre Özgüzel,https://cdn.yemek.com/author/109/20200211010242_avatar.jpg,/profil/cemre-ozguzel/,Kıvamı Hep Tutar: Portakallı Kek,Portakallı Kek,/tarif/portakalli-kek/,35 dk,15 dk,"<p>Kış ayları gelince özellikle, keyfi ve lezzeti bir başka olur <a href=""https://yemek.com/portakalli-pratik-tarifler/"" target=""_blank"" rel=""noopener"">portakallı</a> kekin. Portakal kabuğunun o misler gibi kokan kokusu harca girer, piştikçe kokusu tüm eve yayılır. <a href=""https://yemek.com/tarif/kek/"" target=""_blank"" rel=""noopener"">Kek</a> kokusunun huzuru yüzlerde gülümse oluşturur, yemelere doyum olmaz. <a href=""https://yemek.com/tarif/"" target=""_blank"" rel=""noopener"">Tarif</a>in en zor anı fırından çıkınca dinlenmesini beklemek. <a href=""https://yemek.com/tarif/portakalli-anne-kurabiyesi/"" target=""_blank"" rel=""noopener"">Portakall</a>ı kek yapmanın da bazı önemli püf noktaları var. Bunlara dikkat edilmediği durumlarda kekin kıvamı tam istenilen gibi olmuyor. Gelin bugün ölçüleri sizi hiç yanıltmayan enfes bir <strong>portakallı kek tarifi</strong> hazırlayalım!</p>
<p>Keki hazırlarken portakal kabuklarının beyaz kısımlarına denk getirmeden rendelemeye özen gösterin. İçerisine dilerseniz<strong> ceviz, fındık, badem, damla çikolata </strong>gibi malzemeler de ilave edebilirsiniz. Şimdiden ellerinize sağlık diyor, mis gibi kokan tarifimize buyur ediyoruz. Afiyet olsun!</p>",recipe,"['tereyağı', 'yumurta', 'toz şeker', 'un', 'vanilya', 'kabartma tozu', 'portakal suyu', 'rendelenmiş portakal kabuğu', 'sıvı yağ']","['<p>Portakallı kek için oda sıcaklığındaki yumurtaları şekerle birlikte bir kaba alın.</p>', '<p>Güzelce çırpın.</p>', '<p>Ardından üzerine sıvı yağ ve portakal suyunu da ekleyerek çırpmaya devam edin.</p>', '<p>Un, kabartma tozu ve vanilini eleyerek harca ekleyin.</p>', '<p>Kıvam alana kadar çırpın.</p>', '<p>Yağlanmış kek kalıbına harcı aktarın.</p>', '<p>170 derecede önceden ısıtılmış fırında kontrollü olarak 35- 40 dakika pişirin.</p>', '<p>Oda sıcaklığında soğutun.</p>', '<p>Daha sonra kalıptan çıkarıp dilimleyerek servis edin.</p>', '<p>Afiyet olsun!</p>']",TATLI KEK,239b56,/tarif/tatli-kek/,"['Kek', 'Video', 'Tatlı Kek']",,['Çay Saati'],['Fırın'],,False,2100,900,2021-02-25T05:30:36Z,4.0,905102,4237,False,True,True,0,,0,,,,2021/02/portakalli-kek-tarifi-yemekcom.jpg,0,0,https://cdn.yemek.com/mnresize/940/940/uploads/2021/02/portakalli-kek-tarifi-yemekcom.jpg,940,940,False,https://cdn.yemek.com/mncrop/300/200/uploads/2021/02/portakalli-kek-tarifi-yemekcom.jpg,300,200,True,https://cdn.yemek.com/mncrop/940/625/uploads/2021/02/portakalli-kek-tarifi-yemekcom.jpg,940,625,True,https://cdn.yemek.com/mncrop/620/388/uploads/2021/02/portakalli-kek-tarifi-yemekcom.jpg,620,388,True,https://cdn.yemek.com/mncrop/600/315/uploads/2021/02/portakalli-kek-tarifi-yemekcom.jpg,600,315,True,,,,,,
804,11811,ipeksare,https://cdn.yemek.com/author/262494/20200820091315_avatar.jpg,/profil/ipeksare/,Tüm Sırlarıyla: Lokanta Usulü Mercimek Çorbası,Lokanta Usulü Mercimek Çorbası,/tarif/lokanta-usulu-mercimek-corbasi/,25 dk,15 dk,"<p>Soğuk kış günlerinde adeta bir hediye gibi değil midir, en yakın lokantanın mercimek çorbası... O an, bildiğimiz tüm <a href=""https://yemek.com/tarif/"" target=""_blank"">yemek tariflerinden</a> daha lezzetli gelmez mi, Müptelası değil miyiz?</p>
<p>Bu nefis lezzeti ev konforunda yaşayın istedik. Bu sefer soğuk kış günleri evde kendinizi lokanta usulü <a href=""https://yemek.com/tarif/corba/"" target=""_blank"">çorba</a>yla şımartın bizce. Eh önümüzde çetin bir kış bizi bekliyor. Sarı mercimeğin güzeller güzeli rengine... Hem blenderdan çekilip hem de süzgeçten süzülen pürüzsüz dokusuna saygı duruşunda bulunuyor ve tarifi sizinle buluşturuyoruz.</p>
<p>Her kaşığı afiyet, her kaşığı şifa olsun! <img src=""https://cdn.yemek.com/assets/images/smiley/smile.png"" class=""wp-smiley img-responsive"" /></p>
",recipe,"['tereyağı', 'tereyağı', 'sıcak su', 'tuz', 'pul biber', 'un', 'sarımsak', 'soğan', 'tavuk suyu', 'sarı mercimek']","['Mercimekleri bol suda yıkayın.Tereyağını eritin ve küp küp doğranmış soğanları ve ezilmiş sarımsakları kavurun.', 'Soğan ve sarımsak hafif kavrulunca unu ilave edin ve 2-3 dakika unu kavurun.', 'Çırpma teliyle unu çırpıyorken tavuk suyunu ilave edin.', 'Mercimekleri de ilave edin ve kalan sıcak suyu da ilave edip kaynamaya bırakın.', 'Su kaynayınca tuzu ilave edin ve mercimekler iyice yumuşayıncaya kadar pişirin. Kaynayan ve kıvamlanan çorbayı blenderdan geçirin.', 'Daha sonra ince delikli bir süzgeçten süzün ve pürüzsüz kıvama getirin.', 'Tereyağını eritin ve eriyen tereyağında pul biberi kavurun.Kaynayan çorbanın üzerine dökün ve tahta kaşık yardımıyla yağın çorbayla karışmasına yardımcı olun.', 'İşte bu kadar, afiyetler olsun!']",ÇORBA,,/tarif/corba/,"['Çorba', 'Ramazan', 'Bakliyat']","['pratik yemek tarifleri', 'ekonomik', 'başlangıç', 'akşam yemeği', 'öğle yemeği']","['Öğle Yemeği', 'Akşam Yemeği']",['Tencere'],['Ekonomik'],False,1500,900,2020-11-17T08:42:55Z,4.0,999436,4524,False,False,True,0,,0,,,,2016/10/lokanta-usulu-mercimek-corbasi-one-cikan-yeni.jpg,0,0,https://cdn.yemek.com/mnresize/940/940/uploads/2016/10/lokanta-usulu-mercimek-corbasi-one-cikan-yeni.jpg,940,940,False,https://cdn.yemek.com/mncrop/300/200/uploads/2016/10/lokanta-usulu-mercimek-corbasi-one-cikan-yeni.jpg,300,200,True,https://cdn.yemek.com/mncrop/940/625/uploads/2016/10/lokanta-usulu-mercimek-corbasi-one-cikan-yeni.jpg,940,625,True,https://cdn.yemek.com/mncrop/620/388/uploads/2016/10/lokanta-usulu-mercimek-corbasi-one-cikan-yeni.jpg,620,388,True,https://cdn.yemek.com/mncrop/600/315/uploads/2016/10/lokanta-usulu-mercimek-corbasi-one-cikan-yeni.jpg,600,315,True,"['tencere', 'vejetaryen', 'düşük karbonhidratlı', 'düşük kalorili']",greenLight,,,,
805,122,Neşe Ümit Tan,https://cdn.yemek.com/author/208653/20190910030615_avatar.jpg,/profil/neseumit/,Rengi de Mükemmel: Ayva Tatlısı,Ayva Tatlısı,/tarif/ayva-tatlisi/,1 sa,20 dk,"<p>Kışın sert ve uzun geçeceğinin habercisi olan <a href=""https://yemek.com/tarif/ayva-receli/"" target=""_blank"">ayva</a>, aynı zamanda keyifli bir <a href=""https://yemek.com/tarif/tatli/"" target=""_blank"">tatlı</a> malzemesi. Ayva tatlısı hazırlamak ve yemek sonrası tatlı keyfini şölene dönüştürmek için; ayvanın aromasını arttıracak birkaç ürün yeterli. Sevdiklerinize sunacağınız bu <a href=""https://yemek.com/en-fazla-5-malzemeli-pratik-tatli-tarifleri/"" target=""_blank"">pratik tatlı tarifi</a> ile kış gelsin ve bitmesin isteyeceksiniz. Ayvanın kendisini, reçelini sevmeyenler hazır olun; biliyoruz ki bu tatlıyı seveceksiniz!</p>
<p>Ayva <a href=""https://yemek.com/tarif/tatli/"" target=""_blank"">tatlısını</a> tencerede, en doğal haliyle hazırladık. Gıda boyası kullanmadan doğan renginde ve üzerine de nefis bir kaymak koyarak servis ettik. Hafifliğiyle <a href=""https://yemek.com/tarif/serbetli-tatlilar/"" target=""_blank"">şerbetli bir tatlı</a> olduğuna inanamayacaksınız. Kış bitmeden ayva tatlısı <a href=""https://yemek.com/tarif/"" target=""_blank"">tarif</a>ini denemeyen kalmasın!</p>
",recipe,"['toz şeker', 'su', 'büyük boy ayva', 'çubuk tarçın', 'karanfil', 'kaymak', 'toz Antep fıstığı', 'vişne suyu', 'limonun suyu']","['Bol suda yıkadığınız ayvaların kabuklarını soyun ve ortadan ikiye kesin. Kararmaması için limonlu su içine kabuklarıyla birlikte yerleştirin. Ayva çekirdeklerini daha sonra kullanmak üzere bir kenara ayırın.', 'Geniş tabanlı bir tencereye tek sıra halinde dizdiğiniz her bir ayvanın üzerine tepeleme 2 yemek kaşığı toz şeker ekleyin. Ardından su, limon suyu, ayva çekirdekleri, ayva kabukları ve baharatlarını de tencereye yerleştirin.', 'Tencereyi ocağa alın ve orta ateşte su kaynayınca dek pişirin.', 'Kaynayan suya vişne suyunu da ilave edin ve tencerenin kapağını kapatarak kısık ateşte pişmeye bırakın.', 'Yaklaşık bir saat sonra suyunu iyice çekip renk alan ayvaları bir bıçakla yardımıyla pişip pişmediğini kontrol edin. Pişmişse\xa0ilk sıcaklığının geçmesi\xa0için ocaktan alın ve dinlenmeye bırakın.', 'Pişen ayvaları servis tabağına alın ve tencerede kalan şerbetinden hafifçe üzerine sürün. Kaymak ve toz Antep fıstığı ilavesiyle ılık ya da soğuk olarak tatlıları servis edin.']",MEYVELİ TATLI,239b56,/tarif/meyveli-tatlilar/,"['Tatlı', 'Şerbetli Tatlı', 'Meyveli Tatlı', 'Mevsiminde']","['ekonomik', 'ara öğün']",['Çay Saati'],['Tencere'],"['Glutensiz', 'Vejetaryen', 'Düşük Karbonhidratlı']",False,3600,1200,2019-11-05T11:14:53Z,4.0,977390,1237,False,False,True,0,,0,,,,2014/06/ayva-tatlisi-buyuk-yemekcom.jpg,0,0,https://cdn.yemek.com/mnresize/940/940/uploads/2014/06/ayva-tatlisi-buyuk-yemekcom.jpg,940,940,False,https://cdn.yemek.com/mncrop/300/200/uploads/2014/06/ayva-tatlisi-buyuk-yemekcom.jpg,300,200,True,https://cdn.yemek.com/mncrop/940/625/uploads/2014/06/ayva-tatlisi-buyuk-yemekcom.jpg,940,625,True,https://cdn.yemek.com/mncrop/620/388/uploads/2014/06/ayva-tatlisi-buyuk-yemekcom.jpg,620,388,True,https://cdn.yemek.com/mncrop/600/315/uploads/2014/06/ayva-tatlisi-buyuk-yemekcom.jpg,600,315,True,"['tencere', 'vejetaryen', 'glutensiz']",,"['Ocak', 'Şubat', 'Kasım', 'Aralık']",,,
806,14899,Cemre Özgüzel,https://cdn.yemek.com/author/109/20200211010242_avatar.jpg,/profil/cemre-ozguzel/,Pastane Tadında: Sirkeli Tuzlu Kurabiye,Sirkeli Tuzlu Kurabiye,/tarif/sirkeli-tuzlu-kurabiye/,15 dk,25 dk,"<p>Pastanelerden almaya doyamadığımız o kuru pastalar var ya... İşte onların en büyük sırrı içindeki sirke.</p>
<p>Mutfağımızda sık sık kullandığımız sirke bu sefer <a href=""https://yemek.com/tarif/kurabiye/"" target=""_blank"">kurabiye</a> hamurunun içinde. Çay saatlerinize çok yakışacak bu kıyır kıyır hamuru çok seveceksiniz. Çörek otuyla ve yumurta sarısıyla kızaran o nefis dış yüzeyi de onu sevmek için başka bir neden.</p>
<p>Tek yapmanız gereken sevdiklerinizi bu çay saati için organize etmek ve onlara bu enfes <a href=""https://yemek.com/tarif/pastane-usulu-sirkeli-tuzlu-kurabiye/"" target=""_blank"">tuzlu kurabiye</a>lerden hazırlamak. Gerisi de demli çayın bağlayıcı büyüsüne kalmış.</p>
<p><a href=""https://yemek.com/tarif/kiyir-kiyir-tuzlu-pasta/"" target=""_blank"">Kıyır kıyır tuzlu pasta</a> tarifleri ile sizlere afiyetler olsun.</p>
<p>Daha fazla tarif için: <a href=""https://yemek.com/tarif/"" target=""_blank"">Yemek Tarifleri</a></p>
",recipe,"['tuz', 'yumurta', 'toz şeker', 'un', 'kabartma tozu', 'sirke', 'çörek otu', 'oda sıcaklığında tereyağı', 'yumurta beyazı', 'sıvı yağ']","['Oda sıcaklığındaki 250 gram tereyağını bir kabın içerisine alın. Üzerine 1 çay bardağı sıvı yağ ve 2 adet yumurta ilave ederek elinizle karıştırın.', 'Bu karışımın içerisine 2 yemek kaşığı sirke, 1 tatlı kaşığı tuz, 1,5 tatlı kaşığı toz şeker ve 1 paket kabartma tozu ilave ederek karıştırmaya devam edin.', 'Ardından 3 su bardağı kadar unu azar azar ilave ederek ele yapışmayan bir hamur elde edene kadar yoğurun.', 'Hamurdan ceviz büyüklüğünde parçalar kopartın ve ince bir rulo olacak şekilde uzatın. Bıçak yardımıyla 4 parmak genişliğinde kesin.', 'Üzerine yumurta beyazı ve çörek otu serperek fırın tepsisine dizin.', '180 derecelik fırında, üzeri kızarana kadar 10-12 dakika kadar pişirin ve fırından alıp\xa0 soğumaya bırakın. İşte bu kadar, afiyetler olsun!']",TUZLU KURABİYE,239b56,/tarif/tuzlu-kurabiyeler/,"['Kurabiye', 'Video', 'Tuzlu Kurabiye']",['çay saati'],['Çay Saati'],['Fırın'],['Vejetaryen'],False,900,1500,2017-02-20T15:25:51Z,4.0,970001,5433,False,True,True,0,,0,,,,2017/02/sirkeli-tuzlu-kurabiye-yemekcom.jpg,0,0,https://cdn.yemek.com/mnresize/940/940/uploads/2017/02/sirkeli-tuzlu-kurabiye-yemekcom.jpg,940,940,False,https://cdn.yemek.com/mncrop/300/200/uploads/2017/02/sirkeli-tuzlu-kurabiye-yemekcom.jpg,300,200,True,https://cdn.yemek.com/mncrop/940/625/uploads/2017/02/sirkeli-tuzlu-kurabiye-yemekcom.jpg,940,625,True,https://cdn.yemek.com/mncrop/620/388/uploads/2017/02/sirkeli-tuzlu-kurabiye-yemekcom.jpg,620,388,True,https://cdn.yemek.com/mncrop/600/315/uploads/2017/02/sirkeli-tuzlu-kurabiye-yemekcom.jpg,600,315,True,,,,,,
807,612,Yasemin Özaltın,https://cdn.yemek.com/author/35533/20181219061403_avatar.jpg,/profil/yasemingursurer/,"Dolu Dolu: Havuçlu, Tarçınlı, Cevizli Kek","Havuçlu, Tarçınlı, Cevizli Kek",/tarif/havuclu-tarcinli-kek/,40 dk,20 dk,"<p>Mikserleri çalıştırın! Altın günlerinde kulaktan kulağa tarifi fısıldanan lezzetiyle bilinen havuçlu, tarçınlı, <a href=""https://yemek.com/tarif/cevizli-kek/"" target=""_blank"">cevizli kek</a>in tarifini paylaşıyoruz ki damağınız şenlensin. Bu tarifi tüm adımlarıyla birebir hazırladığınızda öyle güzel oluyor ki, bundan sonra başka tarifler denemeyeceksiniz. İçi nemli, mis kokulu ve müthiş lezzetli havuçlu tarçınlı cevizli kek <a href=""https://yemek.com/tarif/"" target=""_blank"">tarif</a>imizi deneyenlerle yorumlarda buluşalım!</p>
<p><a href=""https://yemek.com/tarif/kek/"" target=""_blank"">Kek tariflerinin</a> en sevilenlerinden olan havuçlu kek tarçın desteğiyle en güzel haliyle karşınızda! <strong>Tüm püf noktaları</strong> ise aşağıda...</p>
",recipe,"['limon suyu', 'yumurta', 'toz şeker', 'süt', 'un', 'havuç', 'tarçın', 'ceviz içi', 'karbonat', 'vanilin', 'sıvı yağ']","['Havuçlu, tarçınlı, cevizli kek tarifi için oda sıcaklığında bekletilmiş 3 adet yumurta ile 1 su bardağı toz şekeri mikserle çırpın, bu işleme şeker tamamen eriyene kadar devam edin.', 'Ardından sırasıyla; 1 su bardağı sütü,\xa0yarım su bardağı sıvı yağı ilave edin.', 'Unu, karbonatı, limon suyunu ve vanilini harca eleyerek ekleyin, ardından mikserle çırpın.', 'Karışıma rendeleyip fazla suyunu aldığınız havuç, iri dövülmüş ceviz içi ve tarçını ekleyin.', 'Kek kalıbınızın tabanını yağlayın.', 'Kalıba aktardığınız keki, önceden ısıtılmış 170 derecelik fırında, yaklaşık 40 dakika pişirin. Soğuduktan sonra üzerine pudra şekeri serperek servis edin. Afiyet olsun.']",TATLI KEK,239b56,/tarif/tatli-kek/,"['Kek', 'Video', 'Tatlı Kek', 'Mevsiminde']","['ekonomik', 'ara öğün', 'çay saati']",['Çay Saati'],['Fırın'],,False,2400,1200,2020-11-24T12:02:38Z,4.0,968347,6578,False,True,False,0,,0,,,,2014/09/havuclu-tarcinli-kek-yemekcom2.jpg,0,0,https://cdn.yemek.com/mnresize/940/940/uploads/2014/09/havuclu-tarcinli-kek-yemekcom2.jpg,940,940,False,https://cdn.yemek.com/mncrop/300/200/uploads/2014/09/havuclu-tarcinli-kek-yemekcom2.jpg,300,200,True,https://cdn.yemek.com/mncrop/940/625/uploads/2014/09/havuclu-tarcinli-kek-yemekcom2.jpg,940,625,True,https://cdn.yemek.com/mncrop/620/388/uploads/2014/09/havuclu-tarcinli-kek-yemekcom2.jpg,620,388,True,https://cdn.yemek.com/mncrop/600/315/uploads/2014/09/havuclu-tarcinli-kek-yemekcom2.jpg,600,315,True,['fırın'],,"['Ocak', 'Şubat', 'Mart']",,,
808,1621,Yasemin Özaltın,https://cdn.yemek.com/author/35533/20181219061403_avatar.jpg,/profil/yasemingursurer/,Sonuç Mükemmel: Fırında Makarna,Fırında Makarna,/tarif/firinda-makarna/,25 dk,20 dk,"<p><a href=""https://yemek.com/tarif/hamur-isi/"" target=""_blank"">Hamur işlerine</a> olan ülkece yatkınlığımızı hepimiz kabul ederiz. Bu işin ana vatanı İtalya olsa da mesela <a href=""https://yemek.com/tarif/makarna/"" target=""_blank"">makarna</a> konusunda yüzlerce çeşitle onlardan aşağı kalmayız. Yeri gelir soslarla şov yaparız, yeri gelir erişteden makarna yaparız, yeri gelir fırınlarız, yeri gelir öğrenci evi gibi ketçap mayonezle yeriz. Ama biz bu işi biliriz. Bugün de fırınlıyoruz.</p>
<p>Spagettinin kalını, içi derin boşluklu fırın makarnaları özenle haşladıktan sonra özel sosuyla buluşturuyor, rendelenmiş kaşar peyniri ilavesiyle üzeri nar gibi kızarana kadar fırınlıyoruz. Pek kolay ve pratik olan beşamel soslu fırında makarna tarifimiz hazır olduğu gibi sofraya alıyor ve afiyetle sevdiklerimizle paylaşıyoruz.</p>
<p>Fırında peynirli makarna tarifi arayanları da unutmuyor, onları buraya davet ediyoruz: <a href=""https://yemek.com/tarif/beyaz-peynirli-firinda-makarna/"" target=""_blank"">Beyaz Peynirli Fırında Makarna Tarifi</a></p>
<p>""Ben fırında makarna çeşitlerini görmek istiyorum"" diyorsanız şöyle de buyurabilirsiniz: <a href=""https://yemek.com/firinda-makarna-tarifleri/"" target=""_blank"">Fırında Makarna Aşkını Doya Doya Yaşatan 10 Malzemesine Dolgun Tarif</a></p>
",recipe,"['tereyağı', 'süt', 'un', 'rendelenmiş kaşar peyniri', 'fırın makarna', 'muskat cevizi', 'sıvı yağ']","['Beşamel sosu hazırlamak için; 4 yemek kaşığı tereyağı ve 2 yemek kaşığı sıvı yağı bir sos tenceresinde kızdırın.', 'Ardından 3 yemek kaşığı unu üzerine ilave edin ve kokusu çıkana kadar kavurun.', '2,5 su bardağı sütü de sos tenceresine ilave edip iyice karıştırın ve karışım koyulaşana kadar orta ateşte pişirin. Ara ara karıştırmayı ihmal etmeyin.', 'Pişmiş olan beşamel sosun üzerine yarım muskat rendeleyip karıştırın ve ocaktan alın. Arzuya göre tuz ve karabiber ile tatlandırın.', '<div>Derin bir tencerede kaynamış olan tuzlu suyun içine fırın makarnayı atın ve 10 dakika, yumuşayana kadar pişirin. Ocaktan alıp, suyunu süzdürün.</div>\n&nbsp;', 'Geniş bir kabın içerisinde, süzülmüş olan makarnayı ve beşamel sosu güzelce karıştırın.', 'Makarnayı, pişireceğiniz fırın kabına alın ve üzerine 1,5 su bardağı rendelenmiş kaşar peyniri\xa0serpiştirin.', '<div>Önceden ısıtılmış 190 derece fırında 25 dakika pişirin. İlk sıcaklığı geçtikten sonra dilimleyin ve servis edin. Fırın makarnamız hazır, afiyet olsun!</div>']",MAKARNA,239b56,/tarif/makarna/,"['Makarna', 'Video']","['ekonomik', 'akşam yemeği', 'öğle yemeği']","['Öğle Yemeği', 'Akşam Yemeği']",,,False,1500,1200,2019-04-04T07:35:51Z,4.0,961687,7167,False,True,True,0,,0,,,,2015/02/firin-makarna-yemekcom-yeni.jpg,0,0,https://cdn.yemek.com/mnresize/940/940/uploads/2015/02/firin-makarna-yemekcom-yeni.jpg,940,940,False,https://cdn.yemek.com/mncrop/300/200/uploads/2015/02/firin-makarna-yemekcom-yeni.jpg,300,200,True,https://cdn.yemek.com/mncrop/940/625/uploads/2015/02/firin-makarna-yemekcom-yeni.jpg,940,625,True,https://cdn.yemek.com/mncrop/620/388/uploads/2015/02/firin-makarna-yemekcom-yeni.jpg,620,388,True,https://cdn.yemek.com/mncrop/600/315/uploads/2015/02/firin-makarna-yemekcom-yeni.jpg,600,315,True,['fırın'],,,,,
809,47391,Gökçen Mutaf,https://cdn.yemek.com/author/23120/20181227103819_avatar.jpeg,/profil/gokcenmutaf/,Sadece 10 Dakikada: Etsiz Çiğ Köfte,Etsiz Çiğ Köfte,/tarif/etsiz-cig-kofte/,10 dk,10 dk,"<p><a href=""https://yemek.com/tarif/etli-cig-kofte/"" target=""_blank"">Çiğ köfte tarifini</a> biz hep uzun uzun yoğrulan, maharet isteyen, herkesin kolaylıkla yapamayacağı bir tarif olarak biliyoruz. Urfa başta olmak üzere Güney Doğu'nun en sevilen tariflerinden biri olan <a href=""https://yemek.com/tarif/etsiz-cig-kofte-2/"" target=""_blank"">çiğ köfte</a> orijinalinde etli çiğ köfte olarak yapılıp sunulan bir tarif. Ancak evde daha ekonomik bir şekilde yapılmak istendiğinde elimiz hep etsiz çiğ köfte tarifine gidiyor. Onun da yoğrulması bir hayli zaman alıyor. Gelin, şu işi daha kolaylaştıralım. Karşınızda, en kolay ve lezzetlisinden: <strong>Etsiz çiğ köfte tarifi!</strong></p>
<p>Bu çiğ köfte tarifi yoğrulmadan, robotta tüm malzemelerin çekilmesiyle hazırlanıyor. Bu şekilde hem zamanda kazanılıyor hem de <strong>yoğurmadan enfes çiğ köfte</strong> hazırlanmış oluyor. Hadi o zaman şimdiden ellerinize sağlık diyor, bu pratik <a href=""https://yemek.com/tarif/mezeler/"" target=""_blank"">meze tariflerinden</a> biri olan etsiz çiğ köfte tarifine buyur ediyoruz sizleri. ''Çiğ köfte nasıl yapılır?'' sorunuzun cevabı tarifimizde saklı!</p>
",recipe,"['sıcak su', 'tuz', 'limon suyu', 'zeytinyağı', 'domates salçası', 'nar ekşisi', 'isot', 'soğan', 'tatlı toz kırmızı biber', 'esmer bulgur']","['Bulguru derince bir kaba alın ve üstüne 1,5 bardak sıcak suyu gezdirin. Üstünü kapatıp 10 dakika beklemeye alın.', 'Bulgur kabarırken soğanı robottan çekin.', 'Soğanı tel bir süzgece alarak fazla suyunu sıkın.', 'İsotu da bir kaseye alın ve üstüne sıcak su ekleyip 5 dakika kadar beklemeye alın.', 'Bulgur kabardıktan sonra, mutfak robotuna kabarmış bulguru alın ve üstüne, robottan çektiğiniz kuru soğanı, ıslanmış isotu (suyuyla birlikte), limon suyunu, nar ekşisini, zeytinyağını, tuzu, salçayı ve kırmızı biberi ekleyip, robottan ara ara durdurarak 10 dakika kadar çekin.', 'Sonra bir kaba alın ve elinize birkaç dakika daha yoğurun.', 'Klasik çiğ köfte şeklini verin.', 'Dilerseniz dürüm şeklinde de servis edebilirsiniz.', 'Suşi şeklini vermek için ise hazırladığınız dürümü halka halka doğrarsanız harika olur. Afiyet olsun!']",MEZE,239b56,/tarif/mezeler/,"['Özel Beslenme', 'Vejetaryen', 'Atıştırmalık', 'Meze', 'Vegan', 'Video', 'Tuzlu Atıştırmalık']",['ekonomik'],"['Öğle Yemeği', 'Akşam Yemeği']",,"['Ekonomik', 'Vejetaryen', 'Vegan']",False,600,600,2020-10-01T07:15:08Z,4.0,952286,3376,False,True,True,0,,0,,,,2020/10/etsiz-cig-kofte-yemekcom.jpg,0,0,https://cdn.yemek.com/mnresize/940/940/uploads/2020/10/etsiz-cig-kofte-yemekcom.jpg,940,940,False,https://cdn.yemek.com/mncrop/300/200/uploads/2020/10/etsiz-cig-kofte-yemekcom.jpg,300,200,True,https://cdn.yemek.com/mncrop/940/625/uploads/2020/10/etsiz-cig-kofte-yemekcom.jpg,940,625,True,https://cdn.yemek.com/mncrop/620/388/uploads/2020/10/etsiz-cig-kofte-yemekcom.jpg,620,388,True,https://cdn.yemek.com/mncrop/600/315/uploads/2020/10/etsiz-cig-kofte-yemekcom.jpg,600,315,True,['vejetaryen'],,,,,
810,140,Yasemin Özaltın,https://cdn.yemek.com/author/35533/20181219061403_avatar.jpg,/profil/yasemingursurer/,Tam Kıvamında: Kadınbudu Köfte,Kadınbudu Köfte,/tarif/kadinbudu-kofte/,5 dk,25 dk,"<p>Kadınbudu köfte, kendisine bu topraklarda <a href=""https://yemek.com/tarif/kofte/"" target=""_blank"" rel=""noopener"">köfte</a> dedirtme konusunda en başarılı tariflerden biri. Mesela neredeyse bütün köfteler pilavla çok iyi giderken, kadınbudu gitmez. Ancak patates püresiyle diğer bütün köftelerden daha güzel olur. Biraz hercai anlayacağınız.</p>
<p>Neyse bu kadar konuştuktan sonra bu akşam ve hatta ilk fırsatta <a href=""https://yemek.com/tarif/"" target=""_blank"" rel=""noopener"">yemek tariflerinin</a> en güzellerinden olan <strong>kadınbudu köfte</strong>yi yapmak bize farz oldu. Aşağıda bize eşlik etmek isteyenler için videolu tarifi var. Üstelik en <strong>tam kıvamında</strong>, en lezzetli haliyle bizlerle! Dileyen gelebilir, sofrasını güzelleştirebilir.</p>
<p>Haydi herkese afiyet olsun!</p>",recipe,"['kuru soğan', 'tuz', 'yumurta', 'yumurta', 'ayçiçek yağı', 'un', 'sarımsak', 'karabiber', 'orta yağlı kıyma', 'kimyon', 'haşlanmış pirinç', 'galeta unu']","['<p>Kadınbudu köfte için 1/2 su bardağı pirinci tuz ve su ile birlikte hafif yumuşayana kadar kaynatın. Çok yumuşamamasına dikkat edin.\xa0Bir tavada zeytinyağı ile soğanları\xa0 yumuşayana kadar kavurun.\xa0Sarımsakları da ekleyip kavurmaya devam edin.</p>', '<p>Kıymanın yarısını soğan ve sarımsakların içerisine alın ve suyunu salıp, çekene kadar kavurun. Pişen kıymaları ocaktan alın ve soğumaya bırakın.</p>', '<p>Geniş bir kasede çiğ kıyma, un, haşlanmış pirinç, pişip soğuyan soğanlı kıyma harcını, yumurta ve tüm baharatları bir araya getirip yoğurun.\xa0Yoğurduktan sonra üzerine streç çekip 20 dakika buzdolabında bekletin.</p>', '<p>Bekleyen harçtan yumurtadan biraz daha büyük parçalar koparıp yuvarlayarak şekil verin.</p>', '<p>Şekil verilmiş köfteleri önce un ve galeta unu karışımına, sonra yumurtaya batırın.</p>', '<p>Kadınbudu köfteleri kızgın yağda kızartın. Servis ederken püre ve sotelenmiş sebzeler ile servis edebilirsiniz, afiyet olsun!</p>']",KÖFTE,239b56,/tarif/kofte/,"['Et', 'Köfte', 'Ramazan', 'Video']",,"['Başlangıç', 'Öğle Yemeği', 'Ara Öğün', 'Akşam Yemeği']","['Kızartma', 'Ocak']",,False,300,1500,2021-10-18T08:41:49Z,4.0,944096,5753,False,True,True,0,,0,,,,2021/10/kadinbudu-kofte-yemekcom.jpg,0,0,https://cdn.yemek.com/mnresize/940/940/uploads/2021/10/kadinbudu-kofte-yemekcom.jpg,940,940,False,https://cdn.yemek.com/mncrop/300/200/uploads/2021/10/kadinbudu-kofte-yemekcom.jpg,300,200,True,https://cdn.yemek.com/mncrop/940/625/uploads/2021/10/kadinbudu-kofte-yemekcom.jpg,940,625,True,https://cdn.yemek.com/mncrop/620/388/uploads/2021/10/kadinbudu-kofte-yemekcom.jpg,620,388,True,https://cdn.yemek.com/mncrop/600/315/uploads/2021/10/kadinbudu-kofte-yemekcom.jpg,600,315,True,,,,,,
811,233,Yasemin Özaltın,https://cdn.yemek.com/author/35533/20181219061403_avatar.jpg,/profil/yasemingursurer/,Kalem Gibi Sarılır: Zeytinyağlı Yaprak Sarma,Zeytinyağlı Yaprak Sarma,/tarif/zeytinyagli-yaprak-sarma/,45 dk,40 dk,"<p>Bayram yemeklerinden altın günlerine kadar günün her anı yenilebilecek, en sevilen, en zamansız <a href=""https://yemek.com/tarif/"" target=""_blank"">yemek tariflerinden</a> biridir zeytinyağlı yaprak sarma. Belli başlı püf noktaları ve lezzet sırlarını takip edip, biraz zaman ayırdıktan sonra harika sarmalar hazırlayabilirsiniz. İncecik sarılan, bol zeytinyağlı ve limonlu olanı makbuldür yaprak sarmanın. İsterseniz salamura asma yaprağı kullanarak isterseniz de taze asma yaprağı kullanarak hazırlayabilirsiniz onu. Karşınızda yemelere doyamayacağınız zeytinyağlı yaprak sarma tarifi!</p>
<p>Tarifin en önemli sırrı yaprakların içini çok fazla doldurmamakta saklı. Bu sayede yapraklar pişerken patlamayacak ve tam kıvamında olacaklar. Yaprak sarması nasıl yapılır, yaprak sarması içi nasıl hazırlanır, yaprak sarma nasıl pişirilir diyenlere de adım adım görselli bir şekilde <a href=""https://yemek.com/tarif/zeytinyaglilar/"" target=""_blank"">zeytinyağlı</a> yaprak sarma yapımını anlatıyoruz tarifimizde. Bu tarif kaçmaz diyor, lezzeti ve görünümü mükemmel, en güzel zeytinyağlı yaprak sarma tarifine alıyoruz sizleri.</p>
<p>Dilerseniz taze yaprak sarması tarifimize de <a href=""https://yemek.com/tarif/taze-yaprak-sarmasi/"" target=""_blank"">şuradan</a> bakabilirsiniz.</p>
",recipe,"['pirinç', 'kuru soğan', 'sıcak su', 'sıcak su', 'nane', 'tuz', 'zeytinyağı', 'zeytinyağı', 'karabiber', 'tarçın', 'limon', 'kuş üzümü', 'dolmalık fıstık', 'asma yaprağı', 'yenibahar']","['Sarmanın iç harcını hazırlamak için; yarım su bardağı zeytinyağını geniş tabanlı bir tencerede kızdırın. 3 adet rendelenmiş soğanı hafif renk alana kadar kavurun. Ardından üzerine 1,5 yemek kaşığı dolmalık fıstığı da\xa0 koyup kavurmaya devam edin.', 'Ilık suda 5 dakika kadar bekletip suyunu süzdürdüğünüz 1,5 su bardağı pirinci soğanlarla birlikte, pirinçler şeffaf bir görünüm kazanana kadar kavurun.', ""Ardından sırasıyla; 1 yemek kaşığı kuş üzümü, 1'er çay kaşığı tuz, karabiber, yenibahar ve tarçın ekleyip karıştırın."", 'Yaklaşık 1 su bardağı sıcak suyu da ilave edin ve iç harcı kısık ateşte 5 dakika kadar pişirdikten sonra ocaktan alın.', 'Salamura asma yapraklarını tezgahın üzerinde damarlı kısımları üstte kalacak şekilde açın. Her bir yaprağın orta kısmına; hazırlayıp, ılıttığınız iç harçtan birer tatlı kaşığı kadar paylaştırın.', 'Kenar kısımlarını içe alıp, geniş kısmından uç kısmına doğru ilerleyin.', 'Tüm yaprakları sıkı bir şekilde sarın.', 'Sarma tenceresinin tabanını birkaç adet asma yaprağı ile kaplayın.', 'Hazırladığınız sarmaları, sıra halinde, yan yana dizin. Limonu halka halka dilimledikten sonra sarmaların üzerine yerleştirin.', 'Pişme esnasında açılmamaları için; üzerlerine düz bir servis tabağı kapatın. 1,5 su bardağı sıcak su ve 2 yemek kaşığı zeytinyağını da tencereye ekledikten sonra\xa0sarmaları, kısık ateşte yaklaşık 35 dakika pişirin.', 'Arzuya göre; ılık ya da soğuk olarak servis edin.']",ZEYTİNYAĞLI,239b56,/tarif/zeytinyaglilar/,"['Sebze', 'Ramazan', 'Zeytinyağlı', 'Video']","['ekonomik', 'başlangıç', 'akşam yemeği', 'öğle yemeği']","['Başlangıç', 'Çay Saati']",['Tencere'],"['Ekonomik', 'Vejetaryen', 'Düşük Kalorili']",False,2700,2400,2019-05-06T11:59:14Z,4.0,941586,5114,False,True,True,0,,0,,,,2014/07/zeytinyagli-yaprak-sarmasi-yemekcom.jpg,0,0,https://cdn.yemek.com/mnresize/940/940/uploads/2014/07/zeytinyagli-yaprak-sarmasi-yemekcom.jpg,940,940,False,https://cdn.yemek.com/mncrop/300/200/uploads/2014/07/zeytinyagli-yaprak-sarmasi-yemekcom.jpg,300,200,True,https://cdn.yemek.com/mncrop/940/625/uploads/2014/07/zeytinyagli-yaprak-sarmasi-yemekcom.jpg,940,625,True,https://cdn.yemek.com/mncrop/620/388/uploads/2014/07/zeytinyagli-yaprak-sarmasi-yemekcom.jpg,620,388,True,https://cdn.yemek.com/mncrop/600/315/uploads/2014/07/zeytinyagli-yaprak-sarmasi-yemekcom.jpg,600,315,True,"['tencere', 'vejetaryen', 'glutensiz']",,,,,
812,1806,Yasemin Özaltın,https://cdn.yemek.com/author/35533/20181219061403_avatar.jpg,/profil/yasemingursurer/,Ege Usulü: Zeytinyağlı Enginar,Zeytinyağlı Enginar,/tarif/enginar/,1 sa,30 dk,"<p>İçerdiği vitamin ve mineral değerleriyle tüm <a href=""https://yemek.com/tarif/"" target=""_blank"">yemek tarifleri</a> ve <strong><a href=""https://yemek.com/tarif/zeytinyaglilar/"" target=""_blank"">zeytinyağlılar</a></strong> içinde kendine ayrı bir yer bulması yetmezmiş gibi baharı müjdeleyen ve sağlık dostu sebzelerin başında gelen <a href=""https://yemek.com/tarif/baklali-enginar/"" target=""_blank"">enginarı</a>, zeytinyağı ve garnitür olarak bilinen <a href=""https://yemek.com/tarif/sebze/"" target=""_blank"">sebze</a> karışımıyla pişirmeye ne dersiniz?</p>
<p>Mart ayının gelişiyle pazar tezgahlarında yavaş yavaş yerini almaya başlayan enginarın gelişini <strong>sağlıklı bir sofra</strong> hazırlayarak kutlamak gerek. <strong><a href=""https://yemek.com/tarif/zeytinyaglilar/"" target=""_blank"">Zeytinyağlı tariflerinin</a> </strong>en sevilenlerinden zeytinyağlı enginar adım adım resimli ve videolu anlatımıyla karşınızda!</p>
<p>Unutmadan: Enginarı sadece lezzeti için değil sağlık için de tüketenlerdenseniz, yaprak kısımlarını ziyan etmeyin. Bu tarifte yerleri olmayabilir ancak onları çiğ ya da zeytinyağlı olarak <strong>salata</strong> yapımında kullanabilirsiniz.</p>
",recipe,"['tuz', 'toz şeker', 'patates', 'su', 'zeytinyağı', 'dondurulmuş bezelye', 'dereotu', 'orta boy kuru soğan', 'taze sıkılmış limon suyu', 'büyük boy havuç', 'ayıklanmış enginar']","['Bir tavada yarım su bardağı zeytinyağı ile 1 adet küp doğranmış soğanı hafif pembeleşinceye kadar kavurun.', ""Üzerine küp doğranmış ve haşlanmış, 1'er adet patates ve havucu da ekleyip 2-3 dakika bu şekilde kavurun."", '1 su bardağı bezelyeyi de üzerine ekledikten 3-4 dakika sonra garnitürünüzü ocaktan alın.', 'Enginarları pişireceğiniz sosu hazırlamak için bir kapta 2 adet sıkılmış limon suyu, 1 su bardağı su,\xa0 1 tatlı kaşığı toz şeker, 1 çay kaşığı tuz ve 2 yemek zeytinyağını karıştırın.', 'Geniş bir tencereye 8 adet enginarı yerleştirin ve üzerlerine hazırladığınız garnitürden koyun.', 'Limonlu su karışımını da tencereye aktarın.', 'Enginarı sofralarınızda soğuk olarak servis edin, afiyet olsun.', 'Ardından kapağını kapatıp, enginarlar yumuşayana kadar pişirin.']",ZEYTİNYAĞLI,239b56,/tarif/zeytinyaglilar/,"['Sebze', 'Özel Beslenme', 'Vejetaryen', 'Diyet', 'Zeytinyağlı', 'Vegan', 'Video', 'Mevsiminde']","['akşam yemeği', 'diyet', 'öğle yemeği']","['Öğle Yemeği', 'Akşam Yemeği']",['Tencere'],"['Ekonomik', 'Vejetaryen', 'Düşük Kalorili', 'Düşük Karbonhidratlı', 'Vegan']",False,3600,1800,2022-03-22T07:15:40Z,4.0,940507,6313,False,True,True,0,,0,,,,2015/03/zeytinyagli-enginar-yemekcom.jpg,0,0,https://cdn.yemek.com/mnresize/940/940/uploads/2015/03/zeytinyagli-enginar-yemekcom.jpg,940,940,False,https://cdn.yemek.com/mncrop/300/200/uploads/2015/03/zeytinyagli-enginar-yemekcom.jpg,300,200,True,https://cdn.yemek.com/mncrop/940/625/uploads/2015/03/zeytinyagli-enginar-yemekcom.jpg,940,625,True,https://cdn.yemek.com/mncrop/620/388/uploads/2015/03/zeytinyagli-enginar-yemekcom.jpg,620,388,True,https://cdn.yemek.com/mncrop/600/315/uploads/2015/03/zeytinyagli-enginar-yemekcom.jpg,600,315,True,"['tencere', 'vejetaryen', 'bol proteinli', 'bol lifli', 'glutensiz', 'düşük kalorili']",,"['Mart', 'Nisan', 'Mayıs']",,,
813,185,Cemre Özgüzel,https://cdn.yemek.com/author/109/20200211010242_avatar.jpg,/profil/cemre-ozguzel/,Sandığınızdan da Kolay: Köstebek Pasta,Köstebek Pasta,/tarif/kostebek-pasta/,40 dk,40 dk,"<p><a href=""https://yemek.com/tarif/mini-kostebek-pasta/"" target=""_blank"">Köstebek pasta</a> <a href=""https://yemek.com/tarif/"" target=""_blank"">tarif</a>i biraz zaman alan, yaratıcı ve gösterişli pasta tariflerinden biridir. Yapılışı zor şeklinde rivayetler olsa da aslında çok basittir. Yuvarlak ve kelepçeli bir <a href=""https://yemek.com/tarif/kek/"" target=""_blank"">kek</a> kalıbında, kakaolu kabarık bir kek hazırlanır öncelikle. Kekin orta kısmı bir kaşık yardımıyla çıkartılır, ufalanarak toz haline getirilir. Orta kısımda kalan boşluk uzun ince muz dilimleriyle doldurulur. Önceden hazırlayıp soğuttuğunuz krema ile üzeri kümbet gibi kapatılır. Pastaya toprak görünümü verecek olan kek parçaları üzerine serpiştirilir. Bol meyveli, muzlu bu pasta, çay eşliğinde <a href=""https://yemek.com/tarif/tatli/"" target=""_blank"">tatlı</a> olarak dilim dilim yenilir. Evde hazırlanan en kolay pastalardan biridir.</p>
<p>Misafir oturmasına götürmelik, sevdiklerinizle paylaşmalık köstebek <a href=""https://yemek.com/tarif/pasta-tatli/"" target=""_blank"">pasta tarifi</a> geliyor. Afiyet olsun!</p>
",recipe,"['yumurta', 'toz şeker', 'süt', 'un', 'vanilya', 'kabartma tozu', 'toz krem şanti', 'kakao', 'soğuk süt', 'muz', 'sıvı yağ']","['Geniş bir kabın içerisine yumurtaları alın. Toz şekeri de üzerine ilave edin.', 'Krema kıvamını alana kadar güzelce çırpın.', 'Üzerine ayçiçek yağı ve yarım su bardağı sütü ilave ederek bir süre daha çırpın.', 'Kabartma tozu ve vanilyayı ekleyin. Un ve kakaoyu eleyerek harca ilave edin.', 'Spatula yardımıyla karıştırın.', 'Tereyağı ile yağladığınız yuvarlak fırın kalıbına kek karışımını boşaltın. Önceden ısıtılmış 175 derece fırında 30-35 dakika kadar pişirin.', 'Pastanın şantisini hazırlamak için; toz krem şantiyi bir kabın içine alın ve soğuk sütü ekleyin.', 'Birlikte güzelce çırpın.', 'Pişen keki fırından alın ve ılınması için beklettikten sonra kalıptan çıkartın.', 'Kekin üst kısmını bıçak yardımıyla dikkatli bir şekilde alın.', 'Üzerini düz bir hale getirin. Ardından bıçak yardımıyla çok derine girmeden, 4 parçaya bölün ve parçaları dikkatli bir şekilde çıkarın.', 'İç kısımlarını kaşık yardımıyla kenardan birkaç cm boşluk kalacak şekilde çıkarın.', 'Muzların kabuklarını soyun ve kekin tabanına dikkatli bir şekilde yerleştirin.', 'Ardından üzerini hazırladığınız krem şanti ile kaplayın.', 'Çıkardığınız kek içini rondodan geçirin.', 'Pastanızın üzerini bu keklerle kaplayın.', 'Buzdolabında en az 3 saat kadar dinlendirin ve dilimleyerek servis edin. Afiyet olsun.']",PASTA,239b56,/tarif/pasta-tatli/,"['Tatlı', 'Pasta', 'Video']","['ekonomik', 'çay saati']",['Çay Saati'],['Fırın'],['Ekonomik'],False,2400,2400,2019-05-02T08:36:54Z,4.0,934723,3943,False,True,True,0,,0,,,,2014/06/kostebek-pasta-yemekcom.jpg,0,0,https://cdn.yemek.com/mnresize/940/940/uploads/2014/06/kostebek-pasta-yemekcom.jpg,940,940,False,https://cdn.yemek.com/mncrop/300/200/uploads/2014/06/kostebek-pasta-yemekcom.jpg,300,200,True,https://cdn.yemek.com/mncrop/940/625/uploads/2014/06/kostebek-pasta-yemekcom.jpg,940,625,True,https://cdn.yemek.com/mncrop/620/388/uploads/2014/06/kostebek-pasta-yemekcom.jpg,620,388,True,https://cdn.yemek.com/mncrop/600/315/uploads/2014/06/kostebek-pasta-yemekcom.jpg,600,315,True,['fırın'],,,,,
814,611,Cemre Özgüzel,https://cdn.yemek.com/author/109/20200211010242_avatar.jpg,/profil/cemre-ozguzel/,Kıvamı Hep Tutar: Portakallı Kek,Portakallı Kek,/tarif/portakalli-kek/,35 dk,15 dk,"<p>Kış ayları gelince özellikle, keyfi ve lezzeti bir başka olur <a href=""https://yemek.com/portakalli-pratik-tarifler/"" target=""_blank"" rel=""noopener"">portakallı</a> kekin. Portakal kabuğunun o misler gibi kokan kokusu harca girer, piştikçe kokusu tüm eve yayılır. <a href=""https://yemek.com/tarif/kek/"" target=""_blank"" rel=""noopener"">Kek</a> kokusunun huzuru yüzlerde gülümse oluşturur, yemelere doyum olmaz. <a href=""https://yemek.com/tarif/"" target=""_blank"" rel=""noopener"">Tarif</a>in en zor anı fırından çıkınca dinlenmesini beklemek. <a href=""https://yemek.com/tarif/portakalli-anne-kurabiyesi/"" target=""_blank"" rel=""noopener"">Portakall</a>ı kek yapmanın da bazı önemli püf noktaları var. Bunlara dikkat edilmediği durumlarda kekin kıvamı tam istenilen gibi olmuyor. Gelin bugün ölçüleri sizi hiç yanıltmayan enfes bir <strong>portakallı kek tarifi</strong> hazırlayalım!</p>
<p>Keki hazırlarken portakal kabuklarının beyaz kısımlarına denk getirmeden rendelemeye özen gösterin. İçerisine dilerseniz<strong> ceviz, fındık, badem, damla çikolata </strong>gibi malzemeler de ilave edebilirsiniz. Şimdiden ellerinize sağlık diyor, mis gibi kokan tarifimize buyur ediyoruz. Afiyet olsun!</p>",recipe,"['tereyağı', 'yumurta', 'toz şeker', 'un', 'vanilya', 'kabartma tozu', 'portakal suyu', 'rendelenmiş portakal kabuğu', 'sıvı yağ']","['<p>Portakallı kek için oda sıcaklığındaki yumurtaları şekerle birlikte bir kaba alın.</p>', '<p>Güzelce çırpın.</p>', '<p>Ardından üzerine sıvı yağ ve portakal suyunu da ekleyerek çırpmaya devam edin.</p>', '<p>Un, kabartma tozu ve vanilini eleyerek harca ekleyin.</p>', '<p>Kıvam alana kadar çırpın.</p>', '<p>Yağlanmış kek kalıbına harcı aktarın.</p>', '<p>170 derecede önceden ısıtılmış fırında kontrollü olarak 35- 40 dakika pişirin.</p>', '<p>Oda sıcaklığında soğutun.</p>', '<p>Daha sonra kalıptan çıkarıp dilimleyerek servis edin.</p>', '<p>Afiyet olsun!</p>']",TATLI KEK,239b56,/tarif/tatli-kek/,"['Kek', 'Video', 'Tatlı Kek']",,['Çay Saati'],['Fırın'],,False,2100,900,2021-02-25T05:30:36Z,4.0,905102,4237,False,True,True,0,,0,,,,2021/02/portakalli-kek-tarifi-yemekcom.jpg,0,0,https://cdn.yemek.com/mnresize/940/940/uploads/2021/02/portakalli-kek-tarifi-yemekcom.jpg,940,940,False,https://cdn.yemek.com/mncrop/300/200/uploads/2021/02/portakalli-kek-tarifi-yemekcom.jpg,300,200,True,https://cdn.yemek.com/mncrop/940/625/uploads/2021/02/portakalli-kek-tarifi-yemekcom.jpg,940,625,True,https://cdn.yemek.com/mncrop/620/388/uploads/2021/02/portakalli-kek-tarifi-yemekcom.jpg,620,388,True,https://cdn.yemek.com/mncrop/600/315/uploads/2021/02/portakalli-kek-tarifi-yemekcom.jpg,600,315,True,,,,,,
815,25072,Cemre Özgüzel,https://cdn.yemek.com/author/109/20200211010242_avatar.jpg,/profil/cemre-ozguzel/,Ağızda Dağılan Kıvamıyla: Margarinsiz Kurabiye,Margarinsiz Kurabiye,/tarif/margarinsiz-kurabiye/,15 dk,15 dk,"<p>İçinde margarin ya da tereyağı yok, yumurta yok, kabartma tozu yok... Tüm bu malzemelerin yokluğuna rağmen yumuşacık, kıyır kıyır bir kıvamı, dillere destan bir lezzeti var. Bu kurabiyenin bir özelliğini daha antalım. Çok kısa sürede hazırlanması ve az malzemeli olmasını belirtmeden geçmek olmaz.</p>
<p>Tüm bunlar nasıl oluyor derseniz, her şey sıvı yağ, pudra şekeri ve unun birleşiminden doğuyor. Ağızda dağılıyor oluşunu sıvı yağa, tatlılığını pudra şekerine ve kıvamını una borçlu. Bu malzemelere bir de lezzet vermesi için vanilin ve portakal kabuğu da ekledik ve lezzetini zirveye çıkardık. Dilerseniz onlar olmadan da nefis bir kurabiye hazırlamanız mümkün.</p>
<p>Hemencecik hazırlayıp pişireceğiniz bu kurabiyeyi kavanozların içerisinde uzunca bir süre saklayabilirsiniz üstelik. İçine farklı malzemeler ekleyebileceğiniz gibi sade de hazırlamanız mümkün. Öyleyse buyursunlar tarifimize. <img src=""https://cdn.yemek.com/assets/images/smiley/smile.png"" class=""wp-smiley img-responsive"" /></p>
",recipe,"['un', 'pudra şekeri', 'pudra şekeri', 'vanilin', 'sıvı yağ', 'portakal kabuğu rendesi']","['Derin bir kabın içerisine sıvı yağı aktarın.', 'Üzerine vanilin, pudra şekerini ilave ederek güzelce karıştırın.', 'Ardından bu karışımın içerisine azar azar un ilave ederek yoğurmaya başlayın.', 'Güzelce yoğururken ele yapışma durumu olursa elinizi hafifçe yağlayarak yoğurma işlemine devam edin.', 'Hamurunuz toparladığında elinizi yağlayın. Cevizden biraz büyük toplar koparın ve güzelce yuvarlayın.', 'Pişirme kağıdı serili bir fırın tepsisinin üzerine kurabiyelerinizi dizin.', 'Önceden ısıtılmış 170 derecelik fırında kontrollü bir biçimde 12-15 dakika arası üzeri hafif kızarıp renk değiştirene kadar pişirin.', 'Çıkarıp oda sıcaklığında dinlendirdikten sonra üzerine pudra şekeri serperek servis edin.']",KURABİYE,239b56,/tarif/kurabiye/,"['Kurabiye', 'Tatlı Kurabiye']","['ekonomik', 'ara öğün', 'çay saati']","['Kahvaltı', 'Çay Saati']",['Fırın'],"['Ekonomik', 'Vejetaryen']",False,900,900,2017-11-01T06:51:52Z,4.0,900549,2817,False,False,False,0,,0,,,,2017/10/margarinsiz-kurabiye-tarifi.jpg,0,0,https://cdn.yemek.com/mnresize/940/940/uploads/2017/10/margarinsiz-kurabiye-tarifi.jpg,940,940,False,https://cdn.yemek.com/mncrop/300/200/uploads/2017/10/margarinsiz-kurabiye-tarifi.jpg,300,200,True,https://cdn.yemek.com/mncrop/940/625/uploads/2017/10/margarinsiz-kurabiye-tarifi.jpg,940,625,True,https://cdn.yemek.com/mncrop/620/388/uploads/2017/10/margarinsiz-kurabiye-tarifi.jpg,620,388,True,https://cdn.yemek.com/mncrop/600/315/uploads/2017/10/margarinsiz-kurabiye-tarifi.jpg,600,315,True,['fırın'],,,,,
816,122,Neşe Ümit Tan,https://cdn.yemek.com/author/208653/20190910030615_avatar.jpg,/profil/neseumit/,Rengi de Mükemmel: Ayva Tatlısı,Ayva Tatlısı,/tarif/ayva-tatlisi/,1 sa,20 dk,"<p>Kışın sert ve uzun geçeceğinin habercisi olan <a href=""https://yemek.com/tarif/ayva-receli/"" target=""_blank"">ayva</a>, aynı zamanda keyifli bir <a href=""https://yemek.com/tarif/tatli/"" target=""_blank"">tatlı</a> malzemesi. Ayva tatlısı hazırlamak ve yemek sonrası tatlı keyfini şölene dönüştürmek için; ayvanın aromasını arttıracak birkaç ürün yeterli. Sevdiklerinize sunacağınız bu <a href=""https://yemek.com/en-fazla-5-malzemeli-pratik-tatli-tarifleri/"" target=""_blank"">pratik tatlı tarifi</a> ile kış gelsin ve bitmesin isteyeceksiniz. Ayvanın kendisini, reçelini sevmeyenler hazır olun; biliyoruz ki bu tatlıyı seveceksiniz!</p>
<p>Ayva <a href=""https://yemek.com/tarif/tatli/"" target=""_blank"">tatlısını</a> tencerede, en doğal haliyle hazırladık. Gıda boyası kullanmadan doğan renginde ve üzerine de nefis bir kaymak koyarak servis ettik. Hafifliğiyle <a href=""https://yemek.com/tarif/serbetli-tatlilar/"" target=""_blank"">şerbetli bir tatlı</a> olduğuna inanamayacaksınız. Kış bitmeden ayva tatlısı <a href=""https://yemek.com/tarif/"" target=""_blank"">tarif</a>ini denemeyen kalmasın!</p>
",recipe,"['toz şeker', 'su', 'büyük boy ayva', 'çubuk tarçın', 'karanfil', 'kaymak', 'toz Antep fıstığı', 'vişne suyu', 'limonun suyu']","['Bol suda yıkadığınız ayvaların kabuklarını soyun ve ortadan ikiye kesin. Kararmaması için limonlu su içine kabuklarıyla birlikte yerleştirin. Ayva çekirdeklerini daha sonra kullanmak üzere bir kenara ayırın.', 'Geniş tabanlı bir tencereye tek sıra halinde dizdiğiniz her bir ayvanın üzerine tepeleme 2 yemek kaşığı toz şeker ekleyin. Ardından su, limon suyu, ayva çekirdekleri, ayva kabukları ve baharatlarını de tencereye yerleştirin.', 'Tencereyi ocağa alın ve orta ateşte su kaynayınca dek pişirin.', 'Kaynayan suya vişne suyunu da ilave edin ve tencerenin kapağını kapatarak kısık ateşte pişmeye bırakın.', 'Yaklaşık bir saat sonra suyunu iyice çekip renk alan ayvaları bir bıçakla yardımıyla pişip pişmediğini kontrol edin. Pişmişse\xa0ilk sıcaklığının geçmesi\xa0için ocaktan alın ve dinlenmeye bırakın.', 'Pişen ayvaları servis tabağına alın ve tencerede kalan şerbetinden hafifçe üzerine sürün. Kaymak ve toz Antep fıstığı ilavesiyle ılık ya da soğuk olarak tatlıları servis edin.']",MEYVELİ TATLI,239b56,/tarif/meyveli-tatlilar/,"['Tatlı', 'Şerbetli Tatlı', 'Meyveli Tatlı', 'Mevsiminde']","['ekonomik', 'ara öğün']",['Çay Saati'],['Tencere'],"['Glutensiz', 'Vejetaryen', 'Düşük Karbonhidratlı']",False,3600,1200,2019-11-05T11:14:53Z,4.0,977390,1237,False,False,True,0,,0,,,,2014/06/ayva-tatlisi-buyuk-yemekcom.jpg,0,0,https://cdn.yemek.com/mnresize/940/940/uploads/2014/06/ayva-tatlisi-buyuk-yemekcom.jpg,940,940,False,https://cdn.yemek.com/mncrop/300/200/uploads/2014/06/ayva-tatlisi-buyuk-yemekcom.jpg,300,200,True,https://cdn.yemek.com/mncrop/940/625/uploads/2014/06/ayva-tatlisi-buyuk-yemekcom.jpg,940,625,True,https://cdn.yemek.com/mncrop/620/388/uploads/2014/06/ayva-tatlisi-buyuk-yemekcom.jpg,620,388,True,https://cdn.yemek.com/mncrop/600/315/uploads/2014/06/ayva-tatlisi-buyuk-yemekcom.jpg,600,315,True,"['tencere', 'vejetaryen', 'glutensiz']",,"['Ocak', 'Şubat', 'Kasım', 'Aralık']",,,
817,14899,Cemre Özgüzel,https://cdn.yemek.com/author/109/20200211010242_avatar.jpg,/profil/cemre-ozguzel/,Pastane Tadında: Sirkeli Tuzlu Kurabiye,Sirkeli Tuzlu Kurabiye,/tarif/sirkeli-tuzlu-kurabiye/,15 dk,25 dk,"<p>Pastanelerden almaya doyamadığımız o kuru pastalar var ya... İşte onların en büyük sırrı içindeki sirke.</p>
<p>Mutfağımızda sık sık kullandığımız sirke bu sefer <a href=""https://yemek.com/tarif/kurabiye/"" target=""_blank"">kurabiye</a> hamurunun içinde. Çay saatlerinize çok yakışacak bu kıyır kıyır hamuru çok seveceksiniz. Çörek otuyla ve yumurta sarısıyla kızaran o nefis dış yüzeyi de onu sevmek için başka bir neden.</p>
<p>Tek yapmanız gereken sevdiklerinizi bu çay saati için organize etmek ve onlara bu enfes <a href=""https://yemek.com/tarif/pastane-usulu-sirkeli-tuzlu-kurabiye/"" target=""_blank"">tuzlu kurabiye</a>lerden hazırlamak. Gerisi de demli çayın bağlayıcı büyüsüne kalmış.</p>
<p><a href=""https://yemek.com/tarif/kiyir-kiyir-tuzlu-pasta/"" target=""_blank"">Kıyır kıyır tuzlu pasta</a> tarifleri ile sizlere afiyetler olsun.</p>
<p>Daha fazla tarif için: <a href=""https://yemek.com/tarif/"" target=""_blank"">Yemek Tarifleri</a></p>
",recipe,"['tuz', 'yumurta', 'toz şeker', 'un', 'kabartma tozu', 'sirke', 'çörek otu', 'oda sıcaklığında tereyağı', 'yumurta beyazı', 'sıvı yağ']","['Oda sıcaklığındaki 250 gram tereyağını bir kabın içerisine alın. Üzerine 1 çay bardağı sıvı yağ ve 2 adet yumurta ilave ederek elinizle karıştırın.', 'Bu karışımın içerisine 2 yemek kaşığı sirke, 1 tatlı kaşığı tuz, 1,5 tatlı kaşığı toz şeker ve 1 paket kabartma tozu ilave ederek karıştırmaya devam edin.', 'Ardından 3 su bardağı kadar unu azar azar ilave ederek ele yapışmayan bir hamur elde edene kadar yoğurun.', 'Hamurdan ceviz büyüklüğünde parçalar kopartın ve ince bir rulo olacak şekilde uzatın. Bıçak yardımıyla 4 parmak genişliğinde kesin.', 'Üzerine yumurta beyazı ve çörek otu serperek fırın tepsisine dizin.', '180 derecelik fırında, üzeri kızarana kadar 10-12 dakika kadar pişirin ve fırından alıp\xa0 soğumaya bırakın. İşte bu kadar, afiyetler olsun!']",TUZLU KURABİYE,239b56,/tarif/tuzlu-kurabiyeler/,"['Kurabiye', 'Video', 'Tuzlu Kurabiye']",['çay saati'],['Çay Saati'],['Fırın'],['Vejetaryen'],False,900,1500,2017-02-20T15:25:51Z,4.0,970001,5433,False,True,True,0,,0,,,,2017/02/sirkeli-tuzlu-kurabiye-yemekcom.jpg,0,0,https://cdn.yemek.com/mnresize/940/940/uploads/2017/02/sirkeli-tuzlu-kurabiye-yemekcom.jpg,940,940,False,https://cdn.yemek.com/mncrop/300/200/uploads/2017/02/sirkeli-tuzlu-kurabiye-yemekcom.jpg,300,200,True,https://cdn.yemek.com/mncrop/940/625/uploads/2017/02/sirkeli-tuzlu-kurabiye-yemekcom.jpg,940,625,True,https://cdn.yemek.com/mncrop/620/388/uploads/2017/02/sirkeli-tuzlu-kurabiye-yemekcom.jpg,620,388,True,https://cdn.yemek.com/mncrop/600/315/uploads/2017/02/sirkeli-tuzlu-kurabiye-yemekcom.jpg,600,315,True,,,,,,
818,612,Yasemin Özaltın,https://cdn.yemek.com/author/35533/20181219061403_avatar.jpg,/profil/yasemingursurer/,"Dolu Dolu: Havuçlu, Tarçınlı, Cevizli Kek","Havuçlu, Tarçınlı, Cevizli Kek",/tarif/havuclu-tarcinli-kek/,40 dk,20 dk,"<p>Mikserleri çalıştırın! Altın günlerinde kulaktan kulağa tarifi fısıldanan lezzetiyle bilinen havuçlu, tarçınlı, <a href=""https://yemek.com/tarif/cevizli-kek/"" target=""_blank"">cevizli kek</a>in tarifini paylaşıyoruz ki damağınız şenlensin. Bu tarifi tüm adımlarıyla birebir hazırladığınızda öyle güzel oluyor ki, bundan sonra başka tarifler denemeyeceksiniz. İçi nemli, mis kokulu ve müthiş lezzetli havuçlu tarçınlı cevizli kek <a href=""https://yemek.com/tarif/"" target=""_blank"">tarif</a>imizi deneyenlerle yorumlarda buluşalım!</p>
<p><a href=""https://yemek.com/tarif/kek/"" target=""_blank"">Kek tariflerinin</a> en sevilenlerinden olan havuçlu kek tarçın desteğiyle en güzel haliyle karşınızda! <strong>Tüm püf noktaları</strong> ise aşağıda...</p>
",recipe,"['limon suyu', 'yumurta', 'toz şeker', 'süt', 'un', 'havuç', 'tarçın', 'ceviz içi', 'karbonat', 'vanilin', 'sıvı yağ']","['Havuçlu, tarçınlı, cevizli kek tarifi için oda sıcaklığında bekletilmiş 3 adet yumurta ile 1 su bardağı toz şekeri mikserle çırpın, bu işleme şeker tamamen eriyene kadar devam edin.', 'Ardından sırasıyla; 1 su bardağı sütü,\xa0yarım su bardağı sıvı yağı ilave edin.', 'Unu, karbonatı, limon suyunu ve vanilini harca eleyerek ekleyin, ardından mikserle çırpın.', 'Karışıma rendeleyip fazla suyunu aldığınız havuç, iri dövülmüş ceviz içi ve tarçını ekleyin.', 'Kek kalıbınızın tabanını yağlayın.', 'Kalıba aktardığınız keki, önceden ısıtılmış 170 derecelik fırında, yaklaşık 40 dakika pişirin. Soğuduktan sonra üzerine pudra şekeri serperek servis edin. Afiyet olsun.']",TATLI KEK,239b56,/tarif/tatli-kek/,"['Kek', 'Video', 'Tatlı Kek', 'Mevsiminde']","['ekonomik', 'ara öğün', 'çay saati']",['Çay Saati'],['Fırın'],,False,2400,1200,2020-11-24T12:02:38Z,4.0,968347,6578,False,True,False,0,,0,,,,2014/09/havuclu-tarcinli-kek-yemekcom2.jpg,0,0,https://cdn.yemek.com/mnresize/940/940/uploads/2014/09/havuclu-tarcinli-kek-yemekcom2.jpg,940,940,False,https://cdn.yemek.com/mncrop/300/200/uploads/2014/09/havuclu-tarcinli-kek-yemekcom2.jpg,300,200,True,https://cdn.yemek.com/mncrop/940/625/uploads/2014/09/havuclu-tarcinli-kek-yemekcom2.jpg,940,625,True,https://cdn.yemek.com/mncrop/620/388/uploads/2014/09/havuclu-tarcinli-kek-yemekcom2.jpg,620,388,True,https://cdn.yemek.com/mncrop/600/315/uploads/2014/09/havuclu-tarcinli-kek-yemekcom2.jpg,600,315,True,['fırın'],,"['Ocak', 'Şubat', 'Mart']",,,
819,1621,Yasemin Özaltın,https://cdn.yemek.com/author/35533/20181219061403_avatar.jpg,/profil/yasemingursurer/,Sonuç Mükemmel: Fırında Makarna,Fırında Makarna,/tarif/firinda-makarna/,25 dk,20 dk,"<p><a href=""https://yemek.com/tarif/hamur-isi/"" target=""_blank"">Hamur işlerine</a> olan ülkece yatkınlığımızı hepimiz kabul ederiz. Bu işin ana vatanı İtalya olsa da mesela <a href=""https://yemek.com/tarif/makarna/"" target=""_blank"">makarna</a> konusunda yüzlerce çeşitle onlardan aşağı kalmayız. Yeri gelir soslarla şov yaparız, yeri gelir erişteden makarna yaparız, yeri gelir fırınlarız, yeri gelir öğrenci evi gibi ketçap mayonezle yeriz. Ama biz bu işi biliriz. Bugün de fırınlıyoruz.</p>
<p>Spagettinin kalını, içi derin boşluklu fırın makarnaları özenle haşladıktan sonra özel sosuyla buluşturuyor, rendelenmiş kaşar peyniri ilavesiyle üzeri nar gibi kızarana kadar fırınlıyoruz. Pek kolay ve pratik olan beşamel soslu fırında makarna tarifimiz hazır olduğu gibi sofraya alıyor ve afiyetle sevdiklerimizle paylaşıyoruz.</p>
<p>Fırında peynirli makarna tarifi arayanları da unutmuyor, onları buraya davet ediyoruz: <a href=""https://yemek.com/tarif/beyaz-peynirli-firinda-makarna/"" target=""_blank"">Beyaz Peynirli Fırında Makarna Tarifi</a></p>
<p>""Ben fırında makarna çeşitlerini görmek istiyorum"" diyorsanız şöyle de buyurabilirsiniz: <a href=""https://yemek.com/firinda-makarna-tarifleri/"" target=""_blank"">Fırında Makarna Aşkını Doya Doya Yaşatan 10 Malzemesine Dolgun Tarif</a></p>
",recipe,"['tereyağı', 'süt', 'un', 'rendelenmiş kaşar peyniri', 'fırın makarna', 'muskat cevizi', 'sıvı yağ']","['Beşamel sosu hazırlamak için; 4 yemek kaşığı tereyağı ve 2 yemek kaşığı sıvı yağı bir sos tenceresinde kızdırın.', 'Ardından 3 yemek kaşığı unu üzerine ilave edin ve kokusu çıkana kadar kavurun.', '2,5 su bardağı sütü de sos tenceresine ilave edip iyice karıştırın ve karışım koyulaşana kadar orta ateşte pişirin. Ara ara karıştırmayı ihmal etmeyin.', 'Pişmiş olan beşamel sosun üzerine yarım muskat rendeleyip karıştırın ve ocaktan alın. Arzuya göre tuz ve karabiber ile tatlandırın.', '<div>Derin bir tencerede kaynamış olan tuzlu suyun içine fırın makarnayı atın ve 10 dakika, yumuşayana kadar pişirin. Ocaktan alıp, suyunu süzdürün.</div>\n&nbsp;', 'Geniş bir kabın içerisinde, süzülmüş olan makarnayı ve beşamel sosu güzelce karıştırın.', 'Makarnayı, pişireceğiniz fırın kabına alın ve üzerine 1,5 su bardağı rendelenmiş kaşar peyniri\xa0serpiştirin.', '<div>Önceden ısıtılmış 190 derece fırında 25 dakika pişirin. İlk sıcaklığı geçtikten sonra dilimleyin ve servis edin. Fırın makarnamız hazır, afiyet olsun!</div>']",MAKARNA,239b56,/tarif/makarna/,"['Makarna', 'Video']","['ekonomik', 'akşam yemeği', 'öğle yemeği']","['Öğle Yemeği', 'Akşam Yemeği']",,,False,1500,1200,2019-04-04T07:35:51Z,4.0,961687,7167,False,True,True,0,,0,,,,2015/02/firin-makarna-yemekcom-yeni.jpg,0,0,https://cdn.yemek.com/mnresize/940/940/uploads/2015/02/firin-makarna-yemekcom-yeni.jpg,940,940,False,https://cdn.yemek.com/mncrop/300/200/uploads/2015/02/firin-makarna-yemekcom-yeni.jpg,300,200,True,https://cdn.yemek.com/mncrop/940/625/uploads/2015/02/firin-makarna-yemekcom-yeni.jpg,940,625,True,https://cdn.yemek.com/mncrop/620/388/uploads/2015/02/firin-makarna-yemekcom-yeni.jpg,620,388,True,https://cdn.yemek.com/mncrop/600/315/uploads/2015/02/firin-makarna-yemekcom-yeni.jpg,600,315,True,['fırın'],,,,,
820,47391,Gökçen Mutaf,https://cdn.yemek.com/author/23120/20181227103819_avatar.jpeg,/profil/gokcenmutaf/,Sadece 10 Dakikada: Etsiz Çiğ Köfte,Etsiz Çiğ Köfte,/tarif/etsiz-cig-kofte/,10 dk,10 dk,"<p><a href=""https://yemek.com/tarif/etli-cig-kofte/"" target=""_blank"">Çiğ köfte tarifini</a> biz hep uzun uzun yoğrulan, maharet isteyen, herkesin kolaylıkla yapamayacağı bir tarif olarak biliyoruz. Urfa başta olmak üzere Güney Doğu'nun en sevilen tariflerinden biri olan <a href=""https://yemek.com/tarif/etsiz-cig-kofte-2/"" target=""_blank"">çiğ köfte</a> orijinalinde etli çiğ köfte olarak yapılıp sunulan bir tarif. Ancak evde daha ekonomik bir şekilde yapılmak istendiğinde elimiz hep etsiz çiğ köfte tarifine gidiyor. Onun da yoğrulması bir hayli zaman alıyor. Gelin, şu işi daha kolaylaştıralım. Karşınızda, en kolay ve lezzetlisinden: <strong>Etsiz çiğ köfte tarifi!</strong></p>
<p>Bu çiğ köfte tarifi yoğrulmadan, robotta tüm malzemelerin çekilmesiyle hazırlanıyor. Bu şekilde hem zamanda kazanılıyor hem de <strong>yoğurmadan enfes çiğ köfte</strong> hazırlanmış oluyor. Hadi o zaman şimdiden ellerinize sağlık diyor, bu pratik <a href=""https://yemek.com/tarif/mezeler/"" target=""_blank"">meze tariflerinden</a> biri olan etsiz çiğ köfte tarifine buyur ediyoruz sizleri. ''Çiğ köfte nasıl yapılır?'' sorunuzun cevabı tarifimizde saklı!</p>
",recipe,"['sıcak su', 'tuz', 'limon suyu', 'zeytinyağı', 'domates salçası', 'nar ekşisi', 'isot', 'soğan', 'tatlı toz kırmızı biber', 'esmer bulgur']","['Bulguru derince bir kaba alın ve üstüne 1,5 bardak sıcak suyu gezdirin. Üstünü kapatıp 10 dakika beklemeye alın.', 'Bulgur kabarırken soğanı robottan çekin.', 'Soğanı tel bir süzgece alarak fazla suyunu sıkın.', 'İsotu da bir kaseye alın ve üstüne sıcak su ekleyip 5 dakika kadar beklemeye alın.', 'Bulgur kabardıktan sonra, mutfak robotuna kabarmış bulguru alın ve üstüne, robottan çektiğiniz kuru soğanı, ıslanmış isotu (suyuyla birlikte), limon suyunu, nar ekşisini, zeytinyağını, tuzu, salçayı ve kırmızı biberi ekleyip, robottan ara ara durdurarak 10 dakika kadar çekin.', 'Sonra bir kaba alın ve elinize birkaç dakika daha yoğurun.', 'Klasik çiğ köfte şeklini verin.', 'Dilerseniz dürüm şeklinde de servis edebilirsiniz.', 'Suşi şeklini vermek için ise hazırladığınız dürümü halka halka doğrarsanız harika olur. Afiyet olsun!']",MEZE,239b56,/tarif/mezeler/,"['Özel Beslenme', 'Vejetaryen', 'Atıştırmalık', 'Meze', 'Vegan', 'Video', 'Tuzlu Atıştırmalık']",['ekonomik'],"['Öğle Yemeği', 'Akşam Yemeği']",,"['Ekonomik', 'Vejetaryen', 'Vegan']",False,600,600,2020-10-01T07:15:08Z,4.0,952286,3376,False,True,True,0,,0,,,,2020/10/etsiz-cig-kofte-yemekcom.jpg,0,0,https://cdn.yemek.com/mnresize/940/940/uploads/2020/10/etsiz-cig-kofte-yemekcom.jpg,940,940,False,https://cdn.yemek.com/mncrop/300/200/uploads/2020/10/etsiz-cig-kofte-yemekcom.jpg,300,200,True,https://cdn.yemek.com/mncrop/940/625/uploads/2020/10/etsiz-cig-kofte-yemekcom.jpg,940,625,True,https://cdn.yemek.com/mncrop/620/388/uploads/2020/10/etsiz-cig-kofte-yemekcom.jpg,620,388,True,https://cdn.yemek.com/mncrop/600/315/uploads/2020/10/etsiz-cig-kofte-yemekcom.jpg,600,315,True,['vejetaryen'],,,,,
821,140,Yasemin Özaltın,https://cdn.yemek.com/author/35533/20181219061403_avatar.jpg,/profil/yasemingursurer/,Tam Kıvamında: Kadınbudu Köfte,Kadınbudu Köfte,/tarif/kadinbudu-kofte/,5 dk,25 dk,"<p>Kadınbudu köfte, kendisine bu topraklarda <a href=""https://yemek.com/tarif/kofte/"" target=""_blank"" rel=""noopener"">köfte</a> dedirtme konusunda en başarılı tariflerden biri. Mesela neredeyse bütün köfteler pilavla çok iyi giderken, kadınbudu gitmez. Ancak patates püresiyle diğer bütün köftelerden daha güzel olur. Biraz hercai anlayacağınız.</p>
<p>Neyse bu kadar konuştuktan sonra bu akşam ve hatta ilk fırsatta <a href=""https://yemek.com/tarif/"" target=""_blank"" rel=""noopener"">yemek tariflerinin</a> en güzellerinden olan <strong>kadınbudu köfte</strong>yi yapmak bize farz oldu. Aşağıda bize eşlik etmek isteyenler için videolu tarifi var. Üstelik en <strong>tam kıvamında</strong>, en lezzetli haliyle bizlerle! Dileyen gelebilir, sofrasını güzelleştirebilir.</p>
<p>Haydi herkese afiyet olsun!</p>",recipe,"['kuru soğan', 'tuz', 'yumurta', 'yumurta', 'ayçiçek yağı', 'un', 'sarımsak', 'karabiber', 'orta yağlı kıyma', 'kimyon', 'haşlanmış pirinç', 'galeta unu']","['<p>Kadınbudu köfte için 1/2 su bardağı pirinci tuz ve su ile birlikte hafif yumuşayana kadar kaynatın. Çok yumuşamamasına dikkat edin.\xa0Bir tavada zeytinyağı ile soğanları\xa0 yumuşayana kadar kavurun.\xa0Sarımsakları da ekleyip kavurmaya devam edin.</p>', '<p>Kıymanın yarısını soğan ve sarımsakların içerisine alın ve suyunu salıp, çekene kadar kavurun. Pişen kıymaları ocaktan alın ve soğumaya bırakın.</p>', '<p>Geniş bir kasede çiğ kıyma, un, haşlanmış pirinç, pişip soğuyan soğanlı kıyma harcını, yumurta ve tüm baharatları bir araya getirip yoğurun.\xa0Yoğurduktan sonra üzerine streç çekip 20 dakika buzdolabında bekletin.</p>', '<p>Bekleyen harçtan yumurtadan biraz daha büyük parçalar koparıp yuvarlayarak şekil verin.</p>', '<p>Şekil verilmiş köfteleri önce un ve galeta unu karışımına, sonra yumurtaya batırın.</p>', '<p>Kadınbudu köfteleri kızgın yağda kızartın. Servis ederken püre ve sotelenmiş sebzeler ile servis edebilirsiniz, afiyet olsun!</p>']",KÖFTE,239b56,/tarif/kofte/,"['Et', 'Köfte', 'Ramazan', 'Video']",,"['Başlangıç', 'Öğle Yemeği', 'Ara Öğün', 'Akşam Yemeği']","['Kızartma', 'Ocak']",,False,300,1500,2021-10-18T08:41:49Z,4.0,944096,5753,False,True,True,0,,0,,,,2021/10/kadinbudu-kofte-yemekcom.jpg,0,0,https://cdn.yemek.com/mnresize/940/940/uploads/2021/10/kadinbudu-kofte-yemekcom.jpg,940,940,False,https://cdn.yemek.com/mncrop/300/200/uploads/2021/10/kadinbudu-kofte-yemekcom.jpg,300,200,True,https://cdn.yemek.com/mncrop/940/625/uploads/2021/10/kadinbudu-kofte-yemekcom.jpg,940,625,True,https://cdn.yemek.com/mncrop/620/388/uploads/2021/10/kadinbudu-kofte-yemekcom.jpg,620,388,True,https://cdn.yemek.com/mncrop/600/315/uploads/2021/10/kadinbudu-kofte-yemekcom.jpg,600,315,True,,,,,,
822,233,Yasemin Özaltın,https://cdn.yemek.com/author/35533/20181219061403_avatar.jpg,/profil/yasemingursurer/,Kalem Gibi Sarılır: Zeytinyağlı Yaprak Sarma,Zeytinyağlı Yaprak Sarma,/tarif/zeytinyagli-yaprak-sarma/,45 dk,40 dk,"<p>Bayram yemeklerinden altın günlerine kadar günün her anı yenilebilecek, en sevilen, en zamansız <a href=""https://yemek.com/tarif/"" target=""_blank"">yemek tariflerinden</a> biridir zeytinyağlı yaprak sarma. Belli başlı püf noktaları ve lezzet sırlarını takip edip, biraz zaman ayırdıktan sonra harika sarmalar hazırlayabilirsiniz. İncecik sarılan, bol zeytinyağlı ve limonlu olanı makbuldür yaprak sarmanın. İsterseniz salamura asma yaprağı kullanarak isterseniz de taze asma yaprağı kullanarak hazırlayabilirsiniz onu. Karşınızda yemelere doyamayacağınız zeytinyağlı yaprak sarma tarifi!</p>
<p>Tarifin en önemli sırrı yaprakların içini çok fazla doldurmamakta saklı. Bu sayede yapraklar pişerken patlamayacak ve tam kıvamında olacaklar. Yaprak sarması nasıl yapılır, yaprak sarması içi nasıl hazırlanır, yaprak sarma nasıl pişirilir diyenlere de adım adım görselli bir şekilde <a href=""https://yemek.com/tarif/zeytinyaglilar/"" target=""_blank"">zeytinyağlı</a> yaprak sarma yapımını anlatıyoruz tarifimizde. Bu tarif kaçmaz diyor, lezzeti ve görünümü mükemmel, en güzel zeytinyağlı yaprak sarma tarifine alıyoruz sizleri.</p>
<p>Dilerseniz taze yaprak sarması tarifimize de <a href=""https://yemek.com/tarif/taze-yaprak-sarmasi/"" target=""_blank"">şuradan</a> bakabilirsiniz.</p>
",recipe,"['pirinç', 'kuru soğan', 'sıcak su', 'sıcak su', 'nane', 'tuz', 'zeytinyağı', 'zeytinyağı', 'karabiber', 'tarçın', 'limon', 'kuş üzümü', 'dolmalık fıstık', 'asma yaprağı', 'yenibahar']","['Sarmanın iç harcını hazırlamak için; yarım su bardağı zeytinyağını geniş tabanlı bir tencerede kızdırın. 3 adet rendelenmiş soğanı hafif renk alana kadar kavurun. Ardından üzerine 1,5 yemek kaşığı dolmalık fıstığı da\xa0 koyup kavurmaya devam edin.', 'Ilık suda 5 dakika kadar bekletip suyunu süzdürdüğünüz 1,5 su bardağı pirinci soğanlarla birlikte, pirinçler şeffaf bir görünüm kazanana kadar kavurun.', ""Ardından sırasıyla; 1 yemek kaşığı kuş üzümü, 1'er çay kaşığı tuz, karabiber, yenibahar ve tarçın ekleyip karıştırın."", 'Yaklaşık 1 su bardağı sıcak suyu da ilave edin ve iç harcı kısık ateşte 5 dakika kadar pişirdikten sonra ocaktan alın.', 'Salamura asma yapraklarını tezgahın üzerinde damarlı kısımları üstte kalacak şekilde açın. Her bir yaprağın orta kısmına; hazırlayıp, ılıttığınız iç harçtan birer tatlı kaşığı kadar paylaştırın.', 'Kenar kısımlarını içe alıp, geniş kısmından uç kısmına doğru ilerleyin.', 'Tüm yaprakları sıkı bir şekilde sarın.', 'Sarma tenceresinin tabanını birkaç adet asma yaprağı ile kaplayın.', 'Hazırladığınız sarmaları, sıra halinde, yan yana dizin. Limonu halka halka dilimledikten sonra sarmaların üzerine yerleştirin.', 'Pişme esnasında açılmamaları için; üzerlerine düz bir servis tabağı kapatın. 1,5 su bardağı sıcak su ve 2 yemek kaşığı zeytinyağını da tencereye ekledikten sonra\xa0sarmaları, kısık ateşte yaklaşık 35 dakika pişirin.', 'Arzuya göre; ılık ya da soğuk olarak servis edin.']",ZEYTİNYAĞLI,239b56,/tarif/zeytinyaglilar/,"['Sebze', 'Ramazan', 'Zeytinyağlı', 'Video']","['ekonomik', 'başlangıç', 'akşam yemeği', 'öğle yemeği']","['Başlangıç', 'Çay Saati']",['Tencere'],"['Ekonomik', 'Vejetaryen', 'Düşük Kalorili']",False,2700,2400,2019-05-06T11:59:14Z,4.0,941586,5114,False,True,True,0,,0,,,,2014/07/zeytinyagli-yaprak-sarmasi-yemekcom.jpg,0,0,https://cdn.yemek.com/mnresize/940/940/uploads/2014/07/zeytinyagli-yaprak-sarmasi-yemekcom.jpg,940,940,False,https://cdn.yemek.com/mncrop/300/200/uploads/2014/07/zeytinyagli-yaprak-sarmasi-yemekcom.jpg,300,200,True,https://cdn.yemek.com/mncrop/940/625/uploads/2014/07/zeytinyagli-yaprak-sarmasi-yemekcom.jpg,940,625,True,https://cdn.yemek.com/mncrop/620/388/uploads/2014/07/zeytinyagli-yaprak-sarmasi-yemekcom.jpg,620,388,True,https://cdn.yemek.com/mncrop/600/315/uploads/2014/07/zeytinyagli-yaprak-sarmasi-yemekcom.jpg,600,315,True,"['tencere', 'vejetaryen', 'glutensiz']",,,,,
823,1806,Yasemin Özaltın,https://cdn.yemek.com/author/35533/20181219061403_avatar.jpg,/profil/yasemingursurer/,Ege Usulü: Zeytinyağlı Enginar,Zeytinyağlı Enginar,/tarif/enginar/,1 sa,30 dk,"<p>İçerdiği vitamin ve mineral değerleriyle tüm <a href=""https://yemek.com/tarif/"" target=""_blank"">yemek tarifleri</a> ve <strong><a href=""https://yemek.com/tarif/zeytinyaglilar/"" target=""_blank"">zeytinyağlılar</a></strong> içinde kendine ayrı bir yer bulması yetmezmiş gibi baharı müjdeleyen ve sağlık dostu sebzelerin başında gelen <a href=""https://yemek.com/tarif/baklali-enginar/"" target=""_blank"">enginarı</a>, zeytinyağı ve garnitür olarak bilinen <a href=""https://yemek.com/tarif/sebze/"" target=""_blank"">sebze</a> karışımıyla pişirmeye ne dersiniz?</p>
<p>Mart ayının gelişiyle pazar tezgahlarında yavaş yavaş yerini almaya başlayan enginarın gelişini <strong>sağlıklı bir sofra</strong> hazırlayarak kutlamak gerek. <strong><a href=""https://yemek.com/tarif/zeytinyaglilar/"" target=""_blank"">Zeytinyağlı tariflerinin</a> </strong>en sevilenlerinden zeytinyağlı enginar adım adım resimli ve videolu anlatımıyla karşınızda!</p>
<p>Unutmadan: Enginarı sadece lezzeti için değil sağlık için de tüketenlerdenseniz, yaprak kısımlarını ziyan etmeyin. Bu tarifte yerleri olmayabilir ancak onları çiğ ya da zeytinyağlı olarak <strong>salata</strong> yapımında kullanabilirsiniz.</p>
",recipe,"['tuz', 'toz şeker', 'patates', 'su', 'zeytinyağı', 'dondurulmuş bezelye', 'dereotu', 'orta boy kuru soğan', 'taze sıkılmış limon suyu', 'büyük boy havuç', 'ayıklanmış enginar']","['Bir tavada yarım su bardağı zeytinyağı ile 1 adet küp doğranmış soğanı hafif pembeleşinceye kadar kavurun.', ""Üzerine küp doğranmış ve haşlanmış, 1'er adet patates ve havucu da ekleyip 2-3 dakika bu şekilde kavurun."", '1 su bardağı bezelyeyi de üzerine ekledikten 3-4 dakika sonra garnitürünüzü ocaktan alın.', 'Enginarları pişireceğiniz sosu hazırlamak için bir kapta 2 adet sıkılmış limon suyu, 1 su bardağı su,\xa0 1 tatlı kaşığı toz şeker, 1 çay kaşığı tuz ve 2 yemek zeytinyağını karıştırın.', 'Geniş bir tencereye 8 adet enginarı yerleştirin ve üzerlerine hazırladığınız garnitürden koyun.', 'Limonlu su karışımını da tencereye aktarın.', 'Enginarı sofralarınızda soğuk olarak servis edin, afiyet olsun.', 'Ardından kapağını kapatıp, enginarlar yumuşayana kadar pişirin.']",ZEYTİNYAĞLI,239b56,/tarif/zeytinyaglilar/,"['Sebze', 'Özel Beslenme', 'Vejetaryen', 'Diyet', 'Zeytinyağlı', 'Vegan', 'Video', 'Mevsiminde']","['akşam yemeği', 'diyet', 'öğle yemeği']","['Öğle Yemeği', 'Akşam Yemeği']",['Tencere'],"['Ekonomik', 'Vejetaryen', 'Düşük Kalorili', 'Düşük Karbonhidratlı', 'Vegan']",False,3600,1800,2022-03-22T07:15:40Z,4.0,940507,6313,False,True,True,0,,0,,,,2015/03/zeytinyagli-enginar-yemekcom.jpg,0,0,https://cdn.yemek.com/mnresize/940/940/uploads/2015/03/zeytinyagli-enginar-yemekcom.jpg,940,940,False,https://cdn.yemek.com/mncrop/300/200/uploads/2015/03/zeytinyagli-enginar-yemekcom.jpg,300,200,True,https://cdn.yemek.com/mncrop/940/625/uploads/2015/03/zeytinyagli-enginar-yemekcom.jpg,940,625,True,https://cdn.yemek.com/mncrop/620/388/uploads/2015/03/zeytinyagli-enginar-yemekcom.jpg,620,388,True,https://cdn.yemek.com/mncrop/600/315/uploads/2015/03/zeytinyagli-enginar-yemekcom.jpg,600,315,True,"['tencere', 'vejetaryen', 'bol proteinli', 'bol lifli', 'glutensiz', 'düşük kalorili']",,"['Mart', 'Nisan', 'Mayıs']",,,
824,185,Cemre Özgüzel,https://cdn.yemek.com/author/109/20200211010242_avatar.jpg,/profil/cemre-ozguzel/,Sandığınızdan da Kolay: Köstebek Pasta,Köstebek Pasta,/tarif/kostebek-pasta/,40 dk,40 dk,"<p><a href=""https://yemek.com/tarif/mini-kostebek-pasta/"" target=""_blank"">Köstebek pasta</a> <a href=""https://yemek.com/tarif/"" target=""_blank"">tarif</a>i biraz zaman alan, yaratıcı ve gösterişli pasta tariflerinden biridir. Yapılışı zor şeklinde rivayetler olsa da aslında çok basittir. Yuvarlak ve kelepçeli bir <a href=""https://yemek.com/tarif/kek/"" target=""_blank"">kek</a> kalıbında, kakaolu kabarık bir kek hazırlanır öncelikle. Kekin orta kısmı bir kaşık yardımıyla çıkartılır, ufalanarak toz haline getirilir. Orta kısımda kalan boşluk uzun ince muz dilimleriyle doldurulur. Önceden hazırlayıp soğuttuğunuz krema ile üzeri kümbet gibi kapatılır. Pastaya toprak görünümü verecek olan kek parçaları üzerine serpiştirilir. Bol meyveli, muzlu bu pasta, çay eşliğinde <a href=""https://yemek.com/tarif/tatli/"" target=""_blank"">tatlı</a> olarak dilim dilim yenilir. Evde hazırlanan en kolay pastalardan biridir.</p>
<p>Misafir oturmasına götürmelik, sevdiklerinizle paylaşmalık köstebek <a href=""https://yemek.com/tarif/pasta-tatli/"" target=""_blank"">pasta tarifi</a> geliyor. Afiyet olsun!</p>
",recipe,"['yumurta', 'toz şeker', 'süt', 'un', 'vanilya', 'kabartma tozu', 'toz krem şanti', 'kakao', 'soğuk süt', 'muz', 'sıvı yağ']","['Geniş bir kabın içerisine yumurtaları alın. Toz şekeri de üzerine ilave edin.', 'Krema kıvamını alana kadar güzelce çırpın.', 'Üzerine ayçiçek yağı ve yarım su bardağı sütü ilave ederek bir süre daha çırpın.', 'Kabartma tozu ve vanilyayı ekleyin. Un ve kakaoyu eleyerek harca ilave edin.', 'Spatula yardımıyla karıştırın.', 'Tereyağı ile yağladığınız yuvarlak fırın kalıbına kek karışımını boşaltın. Önceden ısıtılmış 175 derece fırında 30-35 dakika kadar pişirin.', 'Pastanın şantisini hazırlamak için; toz krem şantiyi bir kabın içine alın ve soğuk sütü ekleyin.', 'Birlikte güzelce çırpın.', 'Pişen keki fırından alın ve ılınması için beklettikten sonra kalıptan çıkartın.', 'Kekin üst kısmını bıçak yardımıyla dikkatli bir şekilde alın.', 'Üzerini düz bir hale getirin. Ardından bıçak yardımıyla çok derine girmeden, 4 parçaya bölün ve parçaları dikkatli bir şekilde çıkarın.', 'İç kısımlarını kaşık yardımıyla kenardan birkaç cm boşluk kalacak şekilde çıkarın.', 'Muzların kabuklarını soyun ve kekin tabanına dikkatli bir şekilde yerleştirin.', 'Ardından üzerini hazırladığınız krem şanti ile kaplayın.', 'Çıkardığınız kek içini rondodan geçirin.', 'Pastanızın üzerini bu keklerle kaplayın.', 'Buzdolabında en az 3 saat kadar dinlendirin ve dilimleyerek servis edin. Afiyet olsun.']",PASTA,239b56,/tarif/pasta-tatli/,"['Tatlı', 'Pasta', 'Video']","['ekonomik', 'çay saati']",['Çay Saati'],['Fırın'],['Ekonomik'],False,2400,2400,2019-05-02T08:36:54Z,4.0,934723,3943,False,True,True,0,,0,,,,2014/06/kostebek-pasta-yemekcom.jpg,0,0,https://cdn.yemek.com/mnresize/940/940/uploads/2014/06/kostebek-pasta-yemekcom.jpg,940,940,False,https://cdn.yemek.com/mncrop/300/200/uploads/2014/06/kostebek-pasta-yemekcom.jpg,300,200,True,https://cdn.yemek.com/mncrop/940/625/uploads/2014/06/kostebek-pasta-yemekcom.jpg,940,625,True,https://cdn.yemek.com/mncrop/620/388/uploads/2014/06/kostebek-pasta-yemekcom.jpg,620,388,True,https://cdn.yemek.com/mncrop/600/315/uploads/2014/06/kostebek-pasta-yemekcom.jpg,600,315,True,['fırın'],,,,,
825,611,Cemre Özgüzel,https://cdn.yemek.com/author/109/20200211010242_avatar.jpg,/profil/cemre-ozguzel/,Kıvamı Hep Tutar: Portakallı Kek,Portakallı Kek,/tarif/portakalli-kek/,35 dk,15 dk,"<p>Kış ayları gelince özellikle, keyfi ve lezzeti bir başka olur <a href=""https://yemek.com/portakalli-pratik-tarifler/"" target=""_blank"" rel=""noopener"">portakallı</a> kekin. Portakal kabuğunun o misler gibi kokan kokusu harca girer, piştikçe kokusu tüm eve yayılır. <a href=""https://yemek.com/tarif/kek/"" target=""_blank"" rel=""noopener"">Kek</a> kokusunun huzuru yüzlerde gülümse oluşturur, yemelere doyum olmaz. <a href=""https://yemek.com/tarif/"" target=""_blank"" rel=""noopener"">Tarif</a>in en zor anı fırından çıkınca dinlenmesini beklemek. <a href=""https://yemek.com/tarif/portakalli-anne-kurabiyesi/"" target=""_blank"" rel=""noopener"">Portakall</a>ı kek yapmanın da bazı önemli püf noktaları var. Bunlara dikkat edilmediği durumlarda kekin kıvamı tam istenilen gibi olmuyor. Gelin bugün ölçüleri sizi hiç yanıltmayan enfes bir <strong>portakallı kek tarifi</strong> hazırlayalım!</p>
<p>Keki hazırlarken portakal kabuklarının beyaz kısımlarına denk getirmeden rendelemeye özen gösterin. İçerisine dilerseniz<strong> ceviz, fındık, badem, damla çikolata </strong>gibi malzemeler de ilave edebilirsiniz. Şimdiden ellerinize sağlık diyor, mis gibi kokan tarifimize buyur ediyoruz. Afiyet olsun!</p>",recipe,"['tereyağı', 'yumurta', 'toz şeker', 'un', 'vanilya', 'kabartma tozu', 'portakal suyu', 'rendelenmiş portakal kabuğu', 'sıvı yağ']","['<p>Portakallı kek için oda sıcaklığındaki yumurtaları şekerle birlikte bir kaba alın.</p>', '<p>Güzelce çırpın.</p>', '<p>Ardından üzerine sıvı yağ ve portakal suyunu da ekleyerek çırpmaya devam edin.</p>', '<p>Un, kabartma tozu ve vanilini eleyerek harca ekleyin.</p>', '<p>Kıvam alana kadar çırpın.</p>', '<p>Yağlanmış kek kalıbına harcı aktarın.</p>', '<p>170 derecede önceden ısıtılmış fırında kontrollü olarak 35- 40 dakika pişirin.</p>', '<p>Oda sıcaklığında soğutun.</p>', '<p>Daha sonra kalıptan çıkarıp dilimleyerek servis edin.</p>', '<p>Afiyet olsun!</p>']",TATLI KEK,239b56,/tarif/tatli-kek/,"['Kek', 'Video', 'Tatlı Kek']",,['Çay Saati'],['Fırın'],,False,2100,900,2021-02-25T05:30:36Z,4.0,905102,4237,False,True,True,0,,0,,,,2021/02/portakalli-kek-tarifi-yemekcom.jpg,0,0,https://cdn.yemek.com/mnresize/940/940/uploads/2021/02/portakalli-kek-tarifi-yemekcom.jpg,940,940,False,https://cdn.yemek.com/mncrop/300/200/uploads/2021/02/portakalli-kek-tarifi-yemekcom.jpg,300,200,True,https://cdn.yemek.com/mncrop/940/625/uploads/2021/02/portakalli-kek-tarifi-yemekcom.jpg,940,625,True,https://cdn.yemek.com/mncrop/620/388/uploads/2021/02/portakalli-kek-tarifi-yemekcom.jpg,620,388,True,https://cdn.yemek.com/mncrop/600/315/uploads/2021/02/portakalli-kek-tarifi-yemekcom.jpg,600,315,True,,,,,,
826,25072,Cemre Özgüzel,https://cdn.yemek.com/author/109/20200211010242_avatar.jpg,/profil/cemre-ozguzel/,Ağızda Dağılan Kıvamıyla: Margarinsiz Kurabiye,Margarinsiz Kurabiye,/tarif/margarinsiz-kurabiye/,15 dk,15 dk,"<p>İçinde margarin ya da tereyağı yok, yumurta yok, kabartma tozu yok... Tüm bu malzemelerin yokluğuna rağmen yumuşacık, kıyır kıyır bir kıvamı, dillere destan bir lezzeti var. Bu kurabiyenin bir özelliğini daha antalım. Çok kısa sürede hazırlanması ve az malzemeli olmasını belirtmeden geçmek olmaz.</p>
<p>Tüm bunlar nasıl oluyor derseniz, her şey sıvı yağ, pudra şekeri ve unun birleşiminden doğuyor. Ağızda dağılıyor oluşunu sıvı yağa, tatlılığını pudra şekerine ve kıvamını una borçlu. Bu malzemelere bir de lezzet vermesi için vanilin ve portakal kabuğu da ekledik ve lezzetini zirveye çıkardık. Dilerseniz onlar olmadan da nefis bir kurabiye hazırlamanız mümkün.</p>
<p>Hemencecik hazırlayıp pişireceğiniz bu kurabiyeyi kavanozların içerisinde uzunca bir süre saklayabilirsiniz üstelik. İçine farklı malzemeler ekleyebileceğiniz gibi sade de hazırlamanız mümkün. Öyleyse buyursunlar tarifimize. <img src=""https://cdn.yemek.com/assets/images/smiley/smile.png"" class=""wp-smiley img-responsive"" /></p>
",recipe,"['un', 'pudra şekeri', 'pudra şekeri', 'vanilin', 'sıvı yağ', 'portakal kabuğu rendesi']","['Derin bir kabın içerisine sıvı yağı aktarın.', 'Üzerine vanilin, pudra şekerini ilave ederek güzelce karıştırın.', 'Ardından bu karışımın içerisine azar azar un ilave ederek yoğurmaya başlayın.', 'Güzelce yoğururken ele yapışma durumu olursa elinizi hafifçe yağlayarak yoğurma işlemine devam edin.', 'Hamurunuz toparladığında elinizi yağlayın. Cevizden biraz büyük toplar koparın ve güzelce yuvarlayın.', 'Pişirme kağıdı serili bir fırın tepsisinin üzerine kurabiyelerinizi dizin.', 'Önceden ısıtılmış 170 derecelik fırında kontrollü bir biçimde 12-15 dakika arası üzeri hafif kızarıp renk değiştirene kadar pişirin.', 'Çıkarıp oda sıcaklığında dinlendirdikten sonra üzerine pudra şekeri serperek servis edin.']",KURABİYE,239b56,/tarif/kurabiye/,"['Kurabiye', 'Tatlı Kurabiye']","['ekonomik', 'ara öğün', 'çay saati']","['Kahvaltı', 'Çay Saati']",['Fırın'],"['Ekonomik', 'Vejetaryen']",False,900,900,2017-11-01T06:51:52Z,4.0,900549,2817,False,False,False,0,,0,,,,2017/10/margarinsiz-kurabiye-tarifi.jpg,0,0,https://cdn.yemek.com/mnresize/940/940/uploads/2017/10/margarinsiz-kurabiye-tarifi.jpg,940,940,False,https://cdn.yemek.com/mncrop/300/200/uploads/2017/10/margarinsiz-kurabiye-tarifi.jpg,300,200,True,https://cdn.yemek.com/mncrop/940/625/uploads/2017/10/margarinsiz-kurabiye-tarifi.jpg,940,625,True,https://cdn.yemek.com/mncrop/620/388/uploads/2017/10/margarinsiz-kurabiye-tarifi.jpg,620,388,True,https://cdn.yemek.com/mncrop/600/315/uploads/2017/10/margarinsiz-kurabiye-tarifi.jpg,600,315,True,['fırın'],,,,,
827,1843,Yasemin Özaltın,https://cdn.yemek.com/author/35533/20181219061403_avatar.jpg,/profil/yasemingursurer/,Pürüzsüz ve Yumuşacık: Patates Püresi,Patates Püresi,/tarif/patates-puresi/,30 dk,15 dk,"<p>Tereyağı ve süt ilavesiyle hazırlanan patates püresi, başlı başına ana yemek olarak servis edilebildiği gibi pek çok <a href=""https://yemek.com/tarif/"" target=""_blank"">yemek tarifinin</a> yanına yakışan kurtarıcı bir garnitür görevi üstlenir. Bu görev bazen öylesine mühim bir hal alır ki patates püresinin köfteden daha çok alkış aldığı, tavuğun sofrada gölgede bıraktığı, babası patatesi gururlandırdığı anlar vardır.</p>
<p>Her ne kadar çok kolay bir tarif gibi gözükse de patates püresi tarifini tam uygulamayan ve pürenin lezzetini bozuk poğaçaya benzetenler de vardır. O yüzden bu püre tarifine kulak verin.</p>
<p>Patates püresinde süt tadından hoşlananlar, bildik püre tariflerinin dışına çıkıyor ve patatesleri sütte haşlıyoruz.</p>
",recipe,"['tereyağı', 'tuz', 'süt', 'orta boy patates', 'karabiber (arzuya göre)']","['Kabukları soyulmuş patateslerinizi tencere alın ve üzerini geçecek kadar su ilave edin.', 'Ardından yumuşayana kadar pişmeye bırakın. Patateslerinizin pişip pişmediğini bir bıçak yardımıyla kontrol edin.', 'Yumuşayan patateslerinizin suyunu süzdürün. Üzerine tereyağı ilave ederek güzelce ezin.', 'Ardından tuz, karabiber ve sütü ekleyerek güzelce, pürüzsüz bir kıvam alana kadar ezmeye devam edin.', 'Patates püreniz hazır! Afiyet olsun.']",SEBZE,239b56,/tarif/sebze/,"['Sebze', 'Atıştırmalık', 'Video', 'Tuzlu Atıştırmalık', 'Mevsiminde']","['pratik yemek tarifleri', 'ekonomik', 'başlangıç']",['Başlangıç'],['Tencere'],['Ekonomik'],False,1800,900,2015-03-13T14:59:39Z,4.0,882052,5342,False,True,True,0,,0,,,,2015/03/patates-puresi-yemekcom.jpg,0,0,https://cdn.yemek.com/mnresize/940/940/uploads/2015/03/patates-puresi-yemekcom.jpg,940,940,False,https://cdn.yemek.com/mncrop/300/200/uploads/2015/03/patates-puresi-yemekcom.jpg,300,200,True,https://cdn.yemek.com/mncrop/940/625/uploads/2015/03/patates-puresi-yemekcom.jpg,940,625,True,https://cdn.yemek.com/mncrop/620/388/uploads/2015/03/patates-puresi-yemekcom.jpg,620,388,True,https://cdn.yemek.com/mncrop/600/315/uploads/2015/03/patates-puresi-yemekcom.jpg,600,315,True,"['tencere', 'vejetaryen', 'glutensiz', 'düşük karbonhidratlı']",,"['Haziran', 'Temmuz', 'Ağustos', 'Eylül']",,,
828,14899,Cemre Özgüzel,https://cdn.yemek.com/author/109/20200211010242_avatar.jpg,/profil/cemre-ozguzel/,Pastane Tadında: Sirkeli Tuzlu Kurabiye,Sirkeli Tuzlu Kurabiye,/tarif/sirkeli-tuzlu-kurabiye/,15 dk,25 dk,"<p>Pastanelerden almaya doyamadığımız o kuru pastalar var ya... İşte onların en büyük sırrı içindeki sirke.</p>
<p>Mutfağımızda sık sık kullandığımız sirke bu sefer <a href=""https://yemek.com/tarif/kurabiye/"" target=""_blank"">kurabiye</a> hamurunun içinde. Çay saatlerinize çok yakışacak bu kıyır kıyır hamuru çok seveceksiniz. Çörek otuyla ve yumurta sarısıyla kızaran o nefis dış yüzeyi de onu sevmek için başka bir neden.</p>
<p>Tek yapmanız gereken sevdiklerinizi bu çay saati için organize etmek ve onlara bu enfes <a href=""https://yemek.com/tarif/pastane-usulu-sirkeli-tuzlu-kurabiye/"" target=""_blank"">tuzlu kurabiye</a>lerden hazırlamak. Gerisi de demli çayın bağlayıcı büyüsüne kalmış.</p>
<p><a href=""https://yemek.com/tarif/kiyir-kiyir-tuzlu-pasta/"" target=""_blank"">Kıyır kıyır tuzlu pasta</a> tarifleri ile sizlere afiyetler olsun.</p>
<p>Daha fazla tarif için: <a href=""https://yemek.com/tarif/"" target=""_blank"">Yemek Tarifleri</a></p>
",recipe,"['tuz', 'yumurta', 'toz şeker', 'un', 'kabartma tozu', 'sirke', 'çörek otu', 'oda sıcaklığında tereyağı', 'yumurta beyazı', 'sıvı yağ']","['Oda sıcaklığındaki 250 gram tereyağını bir kabın içerisine alın. Üzerine 1 çay bardağı sıvı yağ ve 2 adet yumurta ilave ederek elinizle karıştırın.', 'Bu karışımın içerisine 2 yemek kaşığı sirke, 1 tatlı kaşığı tuz, 1,5 tatlı kaşığı toz şeker ve 1 paket kabartma tozu ilave ederek karıştırmaya devam edin.', 'Ardından 3 su bardağı kadar unu azar azar ilave ederek ele yapışmayan bir hamur elde edene kadar yoğurun.', 'Hamurdan ceviz büyüklüğünde parçalar kopartın ve ince bir rulo olacak şekilde uzatın. Bıçak yardımıyla 4 parmak genişliğinde kesin.', 'Üzerine yumurta beyazı ve çörek otu serperek fırın tepsisine dizin.', '180 derecelik fırında, üzeri kızarana kadar 10-12 dakika kadar pişirin ve fırından alıp\xa0 soğumaya bırakın. İşte bu kadar, afiyetler olsun!']",TUZLU KURABİYE,239b56,/tarif/tuzlu-kurabiyeler/,"['Kurabiye', 'Video', 'Tuzlu Kurabiye']",['çay saati'],['Çay Saati'],['Fırın'],['Vejetaryen'],False,900,1500,2017-02-20T15:25:51Z,4.0,970001,5433,False,True,True,0,,0,,,,2017/02/sirkeli-tuzlu-kurabiye-yemekcom.jpg,0,0,https://cdn.yemek.com/mnresize/940/940/uploads/2017/02/sirkeli-tuzlu-kurabiye-yemekcom.jpg,940,940,False,https://cdn.yemek.com/mncrop/300/200/uploads/2017/02/sirkeli-tuzlu-kurabiye-yemekcom.jpg,300,200,True,https://cdn.yemek.com/mncrop/940/625/uploads/2017/02/sirkeli-tuzlu-kurabiye-yemekcom.jpg,940,625,True,https://cdn.yemek.com/mncrop/620/388/uploads/2017/02/sirkeli-tuzlu-kurabiye-yemekcom.jpg,620,388,True,https://cdn.yemek.com/mncrop/600/315/uploads/2017/02/sirkeli-tuzlu-kurabiye-yemekcom.jpg,600,315,True,,,,,,
829,612,Yasemin Özaltın,https://cdn.yemek.com/author/35533/20181219061403_avatar.jpg,/profil/yasemingursurer/,"Dolu Dolu: Havuçlu, Tarçınlı, Cevizli Kek","Havuçlu, Tarçınlı, Cevizli Kek",/tarif/havuclu-tarcinli-kek/,40 dk,20 dk,"<p>Mikserleri çalıştırın! Altın günlerinde kulaktan kulağa tarifi fısıldanan lezzetiyle bilinen havuçlu, tarçınlı, <a href=""https://yemek.com/tarif/cevizli-kek/"" target=""_blank"">cevizli kek</a>in tarifini paylaşıyoruz ki damağınız şenlensin. Bu tarifi tüm adımlarıyla birebir hazırladığınızda öyle güzel oluyor ki, bundan sonra başka tarifler denemeyeceksiniz. İçi nemli, mis kokulu ve müthiş lezzetli havuçlu tarçınlı cevizli kek <a href=""https://yemek.com/tarif/"" target=""_blank"">tarif</a>imizi deneyenlerle yorumlarda buluşalım!</p>
<p><a href=""https://yemek.com/tarif/kek/"" target=""_blank"">Kek tariflerinin</a> en sevilenlerinden olan havuçlu kek tarçın desteğiyle en güzel haliyle karşınızda! <strong>Tüm püf noktaları</strong> ise aşağıda...</p>
",recipe,"['limon suyu', 'yumurta', 'toz şeker', 'süt', 'un', 'havuç', 'tarçın', 'ceviz içi', 'karbonat', 'vanilin', 'sıvı yağ']","['Havuçlu, tarçınlı, cevizli kek tarifi için oda sıcaklığında bekletilmiş 3 adet yumurta ile 1 su bardağı toz şekeri mikserle çırpın, bu işleme şeker tamamen eriyene kadar devam edin.', 'Ardından sırasıyla; 1 su bardağı sütü,\xa0yarım su bardağı sıvı yağı ilave edin.', 'Unu, karbonatı, limon suyunu ve vanilini harca eleyerek ekleyin, ardından mikserle çırpın.', 'Karışıma rendeleyip fazla suyunu aldığınız havuç, iri dövülmüş ceviz içi ve tarçını ekleyin.', 'Kek kalıbınızın tabanını yağlayın.', 'Kalıba aktardığınız keki, önceden ısıtılmış 170 derecelik fırında, yaklaşık 40 dakika pişirin. Soğuduktan sonra üzerine pudra şekeri serperek servis edin. Afiyet olsun.']",TATLI KEK,239b56,/tarif/tatli-kek/,"['Kek', 'Video', 'Tatlı Kek', 'Mevsiminde']","['ekonomik', 'ara öğün', 'çay saati']",['Çay Saati'],['Fırın'],,False,2400,1200,2020-11-24T12:02:38Z,4.0,968347,6578,False,True,False,0,,0,,,,2014/09/havuclu-tarcinli-kek-yemekcom2.jpg,0,0,https://cdn.yemek.com/mnresize/940/940/uploads/2014/09/havuclu-tarcinli-kek-yemekcom2.jpg,940,940,False,https://cdn.yemek.com/mncrop/300/200/uploads/2014/09/havuclu-tarcinli-kek-yemekcom2.jpg,300,200,True,https://cdn.yemek.com/mncrop/940/625/uploads/2014/09/havuclu-tarcinli-kek-yemekcom2.jpg,940,625,True,https://cdn.yemek.com/mncrop/620/388/uploads/2014/09/havuclu-tarcinli-kek-yemekcom2.jpg,620,388,True,https://cdn.yemek.com/mncrop/600/315/uploads/2014/09/havuclu-tarcinli-kek-yemekcom2.jpg,600,315,True,['fırın'],,"['Ocak', 'Şubat', 'Mart']",,,
830,1621,Yasemin Özaltın,https://cdn.yemek.com/author/35533/20181219061403_avatar.jpg,/profil/yasemingursurer/,Sonuç Mükemmel: Fırında Makarna,Fırında Makarna,/tarif/firinda-makarna/,25 dk,20 dk,"<p><a href=""https://yemek.com/tarif/hamur-isi/"" target=""_blank"">Hamur işlerine</a> olan ülkece yatkınlığımızı hepimiz kabul ederiz. Bu işin ana vatanı İtalya olsa da mesela <a href=""https://yemek.com/tarif/makarna/"" target=""_blank"">makarna</a> konusunda yüzlerce çeşitle onlardan aşağı kalmayız. Yeri gelir soslarla şov yaparız, yeri gelir erişteden makarna yaparız, yeri gelir fırınlarız, yeri gelir öğrenci evi gibi ketçap mayonezle yeriz. Ama biz bu işi biliriz. Bugün de fırınlıyoruz.</p>
<p>Spagettinin kalını, içi derin boşluklu fırın makarnaları özenle haşladıktan sonra özel sosuyla buluşturuyor, rendelenmiş kaşar peyniri ilavesiyle üzeri nar gibi kızarana kadar fırınlıyoruz. Pek kolay ve pratik olan beşamel soslu fırında makarna tarifimiz hazır olduğu gibi sofraya alıyor ve afiyetle sevdiklerimizle paylaşıyoruz.</p>
<p>Fırında peynirli makarna tarifi arayanları da unutmuyor, onları buraya davet ediyoruz: <a href=""https://yemek.com/tarif/beyaz-peynirli-firinda-makarna/"" target=""_blank"">Beyaz Peynirli Fırında Makarna Tarifi</a></p>
<p>""Ben fırında makarna çeşitlerini görmek istiyorum"" diyorsanız şöyle de buyurabilirsiniz: <a href=""https://yemek.com/firinda-makarna-tarifleri/"" target=""_blank"">Fırında Makarna Aşkını Doya Doya Yaşatan 10 Malzemesine Dolgun Tarif</a></p>
",recipe,"['tereyağı', 'süt', 'un', 'rendelenmiş kaşar peyniri', 'fırın makarna', 'muskat cevizi', 'sıvı yağ']","['Beşamel sosu hazırlamak için; 4 yemek kaşığı tereyağı ve 2 yemek kaşığı sıvı yağı bir sos tenceresinde kızdırın.', 'Ardından 3 yemek kaşığı unu üzerine ilave edin ve kokusu çıkana kadar kavurun.', '2,5 su bardağı sütü de sos tenceresine ilave edip iyice karıştırın ve karışım koyulaşana kadar orta ateşte pişirin. Ara ara karıştırmayı ihmal etmeyin.', 'Pişmiş olan beşamel sosun üzerine yarım muskat rendeleyip karıştırın ve ocaktan alın. Arzuya göre tuz ve karabiber ile tatlandırın.', '<div>Derin bir tencerede kaynamış olan tuzlu suyun içine fırın makarnayı atın ve 10 dakika, yumuşayana kadar pişirin. Ocaktan alıp, suyunu süzdürün.</div>\n&nbsp;', 'Geniş bir kabın içerisinde, süzülmüş olan makarnayı ve beşamel sosu güzelce karıştırın.', 'Makarnayı, pişireceğiniz fırın kabına alın ve üzerine 1,5 su bardağı rendelenmiş kaşar peyniri\xa0serpiştirin.', '<div>Önceden ısıtılmış 190 derece fırında 25 dakika pişirin. İlk sıcaklığı geçtikten sonra dilimleyin ve servis edin. Fırın makarnamız hazır, afiyet olsun!</div>']",MAKARNA,239b56,/tarif/makarna/,"['Makarna', 'Video']","['ekonomik', 'akşam yemeği', 'öğle yemeği']","['Öğle Yemeği', 'Akşam Yemeği']",,,False,1500,1200,2019-04-04T07:35:51Z,4.0,961687,7167,False,True,True,0,,0,,,,2015/02/firin-makarna-yemekcom-yeni.jpg,0,0,https://cdn.yemek.com/mnresize/940/940/uploads/2015/02/firin-makarna-yemekcom-yeni.jpg,940,940,False,https://cdn.yemek.com/mncrop/300/200/uploads/2015/02/firin-makarna-yemekcom-yeni.jpg,300,200,True,https://cdn.yemek.com/mncrop/940/625/uploads/2015/02/firin-makarna-yemekcom-yeni.jpg,940,625,True,https://cdn.yemek.com/mncrop/620/388/uploads/2015/02/firin-makarna-yemekcom-yeni.jpg,620,388,True,https://cdn.yemek.com/mncrop/600/315/uploads/2015/02/firin-makarna-yemekcom-yeni.jpg,600,315,True,['fırın'],,,,,
831,47391,Gökçen Mutaf,https://cdn.yemek.com/author/23120/20181227103819_avatar.jpeg,/profil/gokcenmutaf/,Sadece 10 Dakikada: Etsiz Çiğ Köfte,Etsiz Çiğ Köfte,/tarif/etsiz-cig-kofte/,10 dk,10 dk,"<p><a href=""https://yemek.com/tarif/etli-cig-kofte/"" target=""_blank"">Çiğ köfte tarifini</a> biz hep uzun uzun yoğrulan, maharet isteyen, herkesin kolaylıkla yapamayacağı bir tarif olarak biliyoruz. Urfa başta olmak üzere Güney Doğu'nun en sevilen tariflerinden biri olan <a href=""https://yemek.com/tarif/etsiz-cig-kofte-2/"" target=""_blank"">çiğ köfte</a> orijinalinde etli çiğ köfte olarak yapılıp sunulan bir tarif. Ancak evde daha ekonomik bir şekilde yapılmak istendiğinde elimiz hep etsiz çiğ köfte tarifine gidiyor. Onun da yoğrulması bir hayli zaman alıyor. Gelin, şu işi daha kolaylaştıralım. Karşınızda, en kolay ve lezzetlisinden: <strong>Etsiz çiğ köfte tarifi!</strong></p>
<p>Bu çiğ köfte tarifi yoğrulmadan, robotta tüm malzemelerin çekilmesiyle hazırlanıyor. Bu şekilde hem zamanda kazanılıyor hem de <strong>yoğurmadan enfes çiğ köfte</strong> hazırlanmış oluyor. Hadi o zaman şimdiden ellerinize sağlık diyor, bu pratik <a href=""https://yemek.com/tarif/mezeler/"" target=""_blank"">meze tariflerinden</a> biri olan etsiz çiğ köfte tarifine buyur ediyoruz sizleri. ''Çiğ köfte nasıl yapılır?'' sorunuzun cevabı tarifimizde saklı!</p>
",recipe,"['sıcak su', 'tuz', 'limon suyu', 'zeytinyağı', 'domates salçası', 'nar ekşisi', 'isot', 'soğan', 'tatlı toz kırmızı biber', 'esmer bulgur']","['Bulguru derince bir kaba alın ve üstüne 1,5 bardak sıcak suyu gezdirin. Üstünü kapatıp 10 dakika beklemeye alın.', 'Bulgur kabarırken soğanı robottan çekin.', 'Soğanı tel bir süzgece alarak fazla suyunu sıkın.', 'İsotu da bir kaseye alın ve üstüne sıcak su ekleyip 5 dakika kadar beklemeye alın.', 'Bulgur kabardıktan sonra, mutfak robotuna kabarmış bulguru alın ve üstüne, robottan çektiğiniz kuru soğanı, ıslanmış isotu (suyuyla birlikte), limon suyunu, nar ekşisini, zeytinyağını, tuzu, salçayı ve kırmızı biberi ekleyip, robottan ara ara durdurarak 10 dakika kadar çekin.', 'Sonra bir kaba alın ve elinize birkaç dakika daha yoğurun.', 'Klasik çiğ köfte şeklini verin.', 'Dilerseniz dürüm şeklinde de servis edebilirsiniz.', 'Suşi şeklini vermek için ise hazırladığınız dürümü halka halka doğrarsanız harika olur. Afiyet olsun!']",MEZE,239b56,/tarif/mezeler/,"['Özel Beslenme', 'Vejetaryen', 'Atıştırmalık', 'Meze', 'Vegan', 'Video', 'Tuzlu Atıştırmalık']",['ekonomik'],"['Öğle Yemeği', 'Akşam Yemeği']",,"['Ekonomik', 'Vejetaryen', 'Vegan']",False,600,600,2020-10-01T07:15:08Z,4.0,952286,3376,False,True,True,0,,0,,,,2020/10/etsiz-cig-kofte-yemekcom.jpg,0,0,https://cdn.yemek.com/mnresize/940/940/uploads/2020/10/etsiz-cig-kofte-yemekcom.jpg,940,940,False,https://cdn.yemek.com/mncrop/300/200/uploads/2020/10/etsiz-cig-kofte-yemekcom.jpg,300,200,True,https://cdn.yemek.com/mncrop/940/625/uploads/2020/10/etsiz-cig-kofte-yemekcom.jpg,940,625,True,https://cdn.yemek.com/mncrop/620/388/uploads/2020/10/etsiz-cig-kofte-yemekcom.jpg,620,388,True,https://cdn.yemek.com/mncrop/600/315/uploads/2020/10/etsiz-cig-kofte-yemekcom.jpg,600,315,True,['vejetaryen'],,,,,
832,140,Yasemin Özaltın,https://cdn.yemek.com/author/35533/20181219061403_avatar.jpg,/profil/yasemingursurer/,Tam Kıvamında: Kadınbudu Köfte,Kadınbudu Köfte,/tarif/kadinbudu-kofte/,5 dk,25 dk,"<p>Kadınbudu köfte, kendisine bu topraklarda <a href=""https://yemek.com/tarif/kofte/"" target=""_blank"" rel=""noopener"">köfte</a> dedirtme konusunda en başarılı tariflerden biri. Mesela neredeyse bütün köfteler pilavla çok iyi giderken, kadınbudu gitmez. Ancak patates püresiyle diğer bütün köftelerden daha güzel olur. Biraz hercai anlayacağınız.</p>
<p>Neyse bu kadar konuştuktan sonra bu akşam ve hatta ilk fırsatta <a href=""https://yemek.com/tarif/"" target=""_blank"" rel=""noopener"">yemek tariflerinin</a> en güzellerinden olan <strong>kadınbudu köfte</strong>yi yapmak bize farz oldu. Aşağıda bize eşlik etmek isteyenler için videolu tarifi var. Üstelik en <strong>tam kıvamında</strong>, en lezzetli haliyle bizlerle! Dileyen gelebilir, sofrasını güzelleştirebilir.</p>
<p>Haydi herkese afiyet olsun!</p>",recipe,"['kuru soğan', 'tuz', 'yumurta', 'yumurta', 'ayçiçek yağı', 'un', 'sarımsak', 'karabiber', 'orta yağlı kıyma', 'kimyon', 'haşlanmış pirinç', 'galeta unu']","['<p>Kadınbudu köfte için 1/2 su bardağı pirinci tuz ve su ile birlikte hafif yumuşayana kadar kaynatın. Çok yumuşamamasına dikkat edin.\xa0Bir tavada zeytinyağı ile soğanları\xa0 yumuşayana kadar kavurun.\xa0Sarımsakları da ekleyip kavurmaya devam edin.</p>', '<p>Kıymanın yarısını soğan ve sarımsakların içerisine alın ve suyunu salıp, çekene kadar kavurun. Pişen kıymaları ocaktan alın ve soğumaya bırakın.</p>', '<p>Geniş bir kasede çiğ kıyma, un, haşlanmış pirinç, pişip soğuyan soğanlı kıyma harcını, yumurta ve tüm baharatları bir araya getirip yoğurun.\xa0Yoğurduktan sonra üzerine streç çekip 20 dakika buzdolabında bekletin.</p>', '<p>Bekleyen harçtan yumurtadan biraz daha büyük parçalar koparıp yuvarlayarak şekil verin.</p>', '<p>Şekil verilmiş köfteleri önce un ve galeta unu karışımına, sonra yumurtaya batırın.</p>', '<p>Kadınbudu köfteleri kızgın yağda kızartın. Servis ederken püre ve sotelenmiş sebzeler ile servis edebilirsiniz, afiyet olsun!</p>']",KÖFTE,239b56,/tarif/kofte/,"['Et', 'Köfte', 'Ramazan', 'Video']",,"['Başlangıç', 'Öğle Yemeği', 'Ara Öğün', 'Akşam Yemeği']","['Kızartma', 'Ocak']",,False,300,1500,2021-10-18T08:41:49Z,4.0,944096,5753,False,True,True,0,,0,,,,2021/10/kadinbudu-kofte-yemekcom.jpg,0,0,https://cdn.yemek.com/mnresize/940/940/uploads/2021/10/kadinbudu-kofte-yemekcom.jpg,940,940,False,https://cdn.yemek.com/mncrop/300/200/uploads/2021/10/kadinbudu-kofte-yemekcom.jpg,300,200,True,https://cdn.yemek.com/mncrop/940/625/uploads/2021/10/kadinbudu-kofte-yemekcom.jpg,940,625,True,https://cdn.yemek.com/mncrop/620/388/uploads/2021/10/kadinbudu-kofte-yemekcom.jpg,620,388,True,https://cdn.yemek.com/mncrop/600/315/uploads/2021/10/kadinbudu-kofte-yemekcom.jpg,600,315,True,,,,,,
833,233,Yasemin Özaltın,https://cdn.yemek.com/author/35533/20181219061403_avatar.jpg,/profil/yasemingursurer/,Kalem Gibi Sarılır: Zeytinyağlı Yaprak Sarma,Zeytinyağlı Yaprak Sarma,/tarif/zeytinyagli-yaprak-sarma/,45 dk,40 dk,"<p>Bayram yemeklerinden altın günlerine kadar günün her anı yenilebilecek, en sevilen, en zamansız <a href=""https://yemek.com/tarif/"" target=""_blank"">yemek tariflerinden</a> biridir zeytinyağlı yaprak sarma. Belli başlı püf noktaları ve lezzet sırlarını takip edip, biraz zaman ayırdıktan sonra harika sarmalar hazırlayabilirsiniz. İncecik sarılan, bol zeytinyağlı ve limonlu olanı makbuldür yaprak sarmanın. İsterseniz salamura asma yaprağı kullanarak isterseniz de taze asma yaprağı kullanarak hazırlayabilirsiniz onu. Karşınızda yemelere doyamayacağınız zeytinyağlı yaprak sarma tarifi!</p>
<p>Tarifin en önemli sırrı yaprakların içini çok fazla doldurmamakta saklı. Bu sayede yapraklar pişerken patlamayacak ve tam kıvamında olacaklar. Yaprak sarması nasıl yapılır, yaprak sarması içi nasıl hazırlanır, yaprak sarma nasıl pişirilir diyenlere de adım adım görselli bir şekilde <a href=""https://yemek.com/tarif/zeytinyaglilar/"" target=""_blank"">zeytinyağlı</a> yaprak sarma yapımını anlatıyoruz tarifimizde. Bu tarif kaçmaz diyor, lezzeti ve görünümü mükemmel, en güzel zeytinyağlı yaprak sarma tarifine alıyoruz sizleri.</p>
<p>Dilerseniz taze yaprak sarması tarifimize de <a href=""https://yemek.com/tarif/taze-yaprak-sarmasi/"" target=""_blank"">şuradan</a> bakabilirsiniz.</p>
",recipe,"['pirinç', 'kuru soğan', 'sıcak su', 'sıcak su', 'nane', 'tuz', 'zeytinyağı', 'zeytinyağı', 'karabiber', 'tarçın', 'limon', 'kuş üzümü', 'dolmalık fıstık', 'asma yaprağı', 'yenibahar']","['Sarmanın iç harcını hazırlamak için; yarım su bardağı zeytinyağını geniş tabanlı bir tencerede kızdırın. 3 adet rendelenmiş soğanı hafif renk alana kadar kavurun. Ardından üzerine 1,5 yemek kaşığı dolmalık fıstığı da\xa0 koyup kavurmaya devam edin.', 'Ilık suda 5 dakika kadar bekletip suyunu süzdürdüğünüz 1,5 su bardağı pirinci soğanlarla birlikte, pirinçler şeffaf bir görünüm kazanana kadar kavurun.', ""Ardından sırasıyla; 1 yemek kaşığı kuş üzümü, 1'er çay kaşığı tuz, karabiber, yenibahar ve tarçın ekleyip karıştırın."", 'Yaklaşık 1 su bardağı sıcak suyu da ilave edin ve iç harcı kısık ateşte 5 dakika kadar pişirdikten sonra ocaktan alın.', 'Salamura asma yapraklarını tezgahın üzerinde damarlı kısımları üstte kalacak şekilde açın. Her bir yaprağın orta kısmına; hazırlayıp, ılıttığınız iç harçtan birer tatlı kaşığı kadar paylaştırın.', 'Kenar kısımlarını içe alıp, geniş kısmından uç kısmına doğru ilerleyin.', 'Tüm yaprakları sıkı bir şekilde sarın.', 'Sarma tenceresinin tabanını birkaç adet asma yaprağı ile kaplayın.', 'Hazırladığınız sarmaları, sıra halinde, yan yana dizin. Limonu halka halka dilimledikten sonra sarmaların üzerine yerleştirin.', 'Pişme esnasında açılmamaları için; üzerlerine düz bir servis tabağı kapatın. 1,5 su bardağı sıcak su ve 2 yemek kaşığı zeytinyağını da tencereye ekledikten sonra\xa0sarmaları, kısık ateşte yaklaşık 35 dakika pişirin.', 'Arzuya göre; ılık ya da soğuk olarak servis edin.']",ZEYTİNYAĞLI,239b56,/tarif/zeytinyaglilar/,"['Sebze', 'Ramazan', 'Zeytinyağlı', 'Video']","['ekonomik', 'başlangıç', 'akşam yemeği', 'öğle yemeği']","['Başlangıç', 'Çay Saati']",['Tencere'],"['Ekonomik', 'Vejetaryen', 'Düşük Kalorili']",False,2700,2400,2019-05-06T11:59:14Z,4.0,941586,5114,False,True,True,0,,0,,,,2014/07/zeytinyagli-yaprak-sarmasi-yemekcom.jpg,0,0,https://cdn.yemek.com/mnresize/940/940/uploads/2014/07/zeytinyagli-yaprak-sarmasi-yemekcom.jpg,940,940,False,https://cdn.yemek.com/mncrop/300/200/uploads/2014/07/zeytinyagli-yaprak-sarmasi-yemekcom.jpg,300,200,True,https://cdn.yemek.com/mncrop/940/625/uploads/2014/07/zeytinyagli-yaprak-sarmasi-yemekcom.jpg,940,625,True,https://cdn.yemek.com/mncrop/620/388/uploads/2014/07/zeytinyagli-yaprak-sarmasi-yemekcom.jpg,620,388,True,https://cdn.yemek.com/mncrop/600/315/uploads/2014/07/zeytinyagli-yaprak-sarmasi-yemekcom.jpg,600,315,True,"['tencere', 'vejetaryen', 'glutensiz']",,,,,
834,1806,Yasemin Özaltın,https://cdn.yemek.com/author/35533/20181219061403_avatar.jpg,/profil/yasemingursurer/,Ege Usulü: Zeytinyağlı Enginar,Zeytinyağlı Enginar,/tarif/enginar/,1 sa,30 dk,"<p>İçerdiği vitamin ve mineral değerleriyle tüm <a href=""https://yemek.com/tarif/"" target=""_blank"">yemek tarifleri</a> ve <strong><a href=""https://yemek.com/tarif/zeytinyaglilar/"" target=""_blank"">zeytinyağlılar</a></strong> içinde kendine ayrı bir yer bulması yetmezmiş gibi baharı müjdeleyen ve sağlık dostu sebzelerin başında gelen <a href=""https://yemek.com/tarif/baklali-enginar/"" target=""_blank"">enginarı</a>, zeytinyağı ve garnitür olarak bilinen <a href=""https://yemek.com/tarif/sebze/"" target=""_blank"">sebze</a> karışımıyla pişirmeye ne dersiniz?</p>
<p>Mart ayının gelişiyle pazar tezgahlarında yavaş yavaş yerini almaya başlayan enginarın gelişini <strong>sağlıklı bir sofra</strong> hazırlayarak kutlamak gerek. <strong><a href=""https://yemek.com/tarif/zeytinyaglilar/"" target=""_blank"">Zeytinyağlı tariflerinin</a> </strong>en sevilenlerinden zeytinyağlı enginar adım adım resimli ve videolu anlatımıyla karşınızda!</p>
<p>Unutmadan: Enginarı sadece lezzeti için değil sağlık için de tüketenlerdenseniz, yaprak kısımlarını ziyan etmeyin. Bu tarifte yerleri olmayabilir ancak onları çiğ ya da zeytinyağlı olarak <strong>salata</strong> yapımında kullanabilirsiniz.</p>
",recipe,"['tuz', 'toz şeker', 'patates', 'su', 'zeytinyağı', 'dondurulmuş bezelye', 'dereotu', 'orta boy kuru soğan', 'taze sıkılmış limon suyu', 'büyük boy havuç', 'ayıklanmış enginar']","['Bir tavada yarım su bardağı zeytinyağı ile 1 adet küp doğranmış soğanı hafif pembeleşinceye kadar kavurun.', ""Üzerine küp doğranmış ve haşlanmış, 1'er adet patates ve havucu da ekleyip 2-3 dakika bu şekilde kavurun."", '1 su bardağı bezelyeyi de üzerine ekledikten 3-4 dakika sonra garnitürünüzü ocaktan alın.', 'Enginarları pişireceğiniz sosu hazırlamak için bir kapta 2 adet sıkılmış limon suyu, 1 su bardağı su,\xa0 1 tatlı kaşığı toz şeker, 1 çay kaşığı tuz ve 2 yemek zeytinyağını karıştırın.', 'Geniş bir tencereye 8 adet enginarı yerleştirin ve üzerlerine hazırladığınız garnitürden koyun.', 'Limonlu su karışımını da tencereye aktarın.', 'Enginarı sofralarınızda soğuk olarak servis edin, afiyet olsun.', 'Ardından kapağını kapatıp, enginarlar yumuşayana kadar pişirin.']",ZEYTİNYAĞLI,239b56,/tarif/zeytinyaglilar/,"['Sebze', 'Özel Beslenme', 'Vejetaryen', 'Diyet', 'Zeytinyağlı', 'Vegan', 'Video', 'Mevsiminde']","['akşam yemeği', 'diyet', 'öğle yemeği']","['Öğle Yemeği', 'Akşam Yemeği']",['Tencere'],"['Ekonomik', 'Vejetaryen', 'Düşük Kalorili', 'Düşük Karbonhidratlı', 'Vegan']",False,3600,1800,2022-03-22T07:15:40Z,4.0,940507,6313,False,True,True,0,,0,,,,2015/03/zeytinyagli-enginar-yemekcom.jpg,0,0,https://cdn.yemek.com/mnresize/940/940/uploads/2015/03/zeytinyagli-enginar-yemekcom.jpg,940,940,False,https://cdn.yemek.com/mncrop/300/200/uploads/2015/03/zeytinyagli-enginar-yemekcom.jpg,300,200,True,https://cdn.yemek.com/mncrop/940/625/uploads/2015/03/zeytinyagli-enginar-yemekcom.jpg,940,625,True,https://cdn.yemek.com/mncrop/620/388/uploads/2015/03/zeytinyagli-enginar-yemekcom.jpg,620,388,True,https://cdn.yemek.com/mncrop/600/315/uploads/2015/03/zeytinyagli-enginar-yemekcom.jpg,600,315,True,"['tencere', 'vejetaryen', 'bol proteinli', 'bol lifli', 'glutensiz', 'düşük kalorili']",,"['Mart', 'Nisan', 'Mayıs']",,,
835,185,Cemre Özgüzel,https://cdn.yemek.com/author/109/20200211010242_avatar.jpg,/profil/cemre-ozguzel/,Sandığınızdan da Kolay: Köstebek Pasta,Köstebek Pasta,/tarif/kostebek-pasta/,40 dk,40 dk,"<p><a href=""https://yemek.com/tarif/mini-kostebek-pasta/"" target=""_blank"">Köstebek pasta</a> <a href=""https://yemek.com/tarif/"" target=""_blank"">tarif</a>i biraz zaman alan, yaratıcı ve gösterişli pasta tariflerinden biridir. Yapılışı zor şeklinde rivayetler olsa da aslında çok basittir. Yuvarlak ve kelepçeli bir <a href=""https://yemek.com/tarif/kek/"" target=""_blank"">kek</a> kalıbında, kakaolu kabarık bir kek hazırlanır öncelikle. Kekin orta kısmı bir kaşık yardımıyla çıkartılır, ufalanarak toz haline getirilir. Orta kısımda kalan boşluk uzun ince muz dilimleriyle doldurulur. Önceden hazırlayıp soğuttuğunuz krema ile üzeri kümbet gibi kapatılır. Pastaya toprak görünümü verecek olan kek parçaları üzerine serpiştirilir. Bol meyveli, muzlu bu pasta, çay eşliğinde <a href=""https://yemek.com/tarif/tatli/"" target=""_blank"">tatlı</a> olarak dilim dilim yenilir. Evde hazırlanan en kolay pastalardan biridir.</p>
<p>Misafir oturmasına götürmelik, sevdiklerinizle paylaşmalık köstebek <a href=""https://yemek.com/tarif/pasta-tatli/"" target=""_blank"">pasta tarifi</a> geliyor. Afiyet olsun!</p>
",recipe,"['yumurta', 'toz şeker', 'süt', 'un', 'vanilya', 'kabartma tozu', 'toz krem şanti', 'kakao', 'soğuk süt', 'muz', 'sıvı yağ']","['Geniş bir kabın içerisine yumurtaları alın. Toz şekeri de üzerine ilave edin.', 'Krema kıvamını alana kadar güzelce çırpın.', 'Üzerine ayçiçek yağı ve yarım su bardağı sütü ilave ederek bir süre daha çırpın.', 'Kabartma tozu ve vanilyayı ekleyin. Un ve kakaoyu eleyerek harca ilave edin.', 'Spatula yardımıyla karıştırın.', 'Tereyağı ile yağladığınız yuvarlak fırın kalıbına kek karışımını boşaltın. Önceden ısıtılmış 175 derece fırında 30-35 dakika kadar pişirin.', 'Pastanın şantisini hazırlamak için; toz krem şantiyi bir kabın içine alın ve soğuk sütü ekleyin.', 'Birlikte güzelce çırpın.', 'Pişen keki fırından alın ve ılınması için beklettikten sonra kalıptan çıkartın.', 'Kekin üst kısmını bıçak yardımıyla dikkatli bir şekilde alın.', 'Üzerini düz bir hale getirin. Ardından bıçak yardımıyla çok derine girmeden, 4 parçaya bölün ve parçaları dikkatli bir şekilde çıkarın.', 'İç kısımlarını kaşık yardımıyla kenardan birkaç cm boşluk kalacak şekilde çıkarın.', 'Muzların kabuklarını soyun ve kekin tabanına dikkatli bir şekilde yerleştirin.', 'Ardından üzerini hazırladığınız krem şanti ile kaplayın.', 'Çıkardığınız kek içini rondodan geçirin.', 'Pastanızın üzerini bu keklerle kaplayın.', 'Buzdolabında en az 3 saat kadar dinlendirin ve dilimleyerek servis edin. Afiyet olsun.']",PASTA,239b56,/tarif/pasta-tatli/,"['Tatlı', 'Pasta', 'Video']","['ekonomik', 'çay saati']",['Çay Saati'],['Fırın'],['Ekonomik'],False,2400,2400,2019-05-02T08:36:54Z,4.0,934723,3943,False,True,True,0,,0,,,,2014/06/kostebek-pasta-yemekcom.jpg,0,0,https://cdn.yemek.com/mnresize/940/940/uploads/2014/06/kostebek-pasta-yemekcom.jpg,940,940,False,https://cdn.yemek.com/mncrop/300/200/uploads/2014/06/kostebek-pasta-yemekcom.jpg,300,200,True,https://cdn.yemek.com/mncrop/940/625/uploads/2014/06/kostebek-pasta-yemekcom.jpg,940,625,True,https://cdn.yemek.com/mncrop/620/388/uploads/2014/06/kostebek-pasta-yemekcom.jpg,620,388,True,https://cdn.yemek.com/mncrop/600/315/uploads/2014/06/kostebek-pasta-yemekcom.jpg,600,315,True,['fırın'],,,,,
836,611,Cemre Özgüzel,https://cdn.yemek.com/author/109/20200211010242_avatar.jpg,/profil/cemre-ozguzel/,Kıvamı Hep Tutar: Portakallı Kek,Portakallı Kek,/tarif/portakalli-kek/,35 dk,15 dk,"<p>Kış ayları gelince özellikle, keyfi ve lezzeti bir başka olur <a href=""https://yemek.com/portakalli-pratik-tarifler/"" target=""_blank"" rel=""noopener"">portakallı</a> kekin. Portakal kabuğunun o misler gibi kokan kokusu harca girer, piştikçe kokusu tüm eve yayılır. <a href=""https://yemek.com/tarif/kek/"" target=""_blank"" rel=""noopener"">Kek</a> kokusunun huzuru yüzlerde gülümse oluşturur, yemelere doyum olmaz. <a href=""https://yemek.com/tarif/"" target=""_blank"" rel=""noopener"">Tarif</a>in en zor anı fırından çıkınca dinlenmesini beklemek. <a href=""https://yemek.com/tarif/portakalli-anne-kurabiyesi/"" target=""_blank"" rel=""noopener"">Portakall</a>ı kek yapmanın da bazı önemli püf noktaları var. Bunlara dikkat edilmediği durumlarda kekin kıvamı tam istenilen gibi olmuyor. Gelin bugün ölçüleri sizi hiç yanıltmayan enfes bir <strong>portakallı kek tarifi</strong> hazırlayalım!</p>
<p>Keki hazırlarken portakal kabuklarının beyaz kısımlarına denk getirmeden rendelemeye özen gösterin. İçerisine dilerseniz<strong> ceviz, fındık, badem, damla çikolata </strong>gibi malzemeler de ilave edebilirsiniz. Şimdiden ellerinize sağlık diyor, mis gibi kokan tarifimize buyur ediyoruz. Afiyet olsun!</p>",recipe,"['tereyağı', 'yumurta', 'toz şeker', 'un', 'vanilya', 'kabartma tozu', 'portakal suyu', 'rendelenmiş portakal kabuğu', 'sıvı yağ']","['<p>Portakallı kek için oda sıcaklığındaki yumurtaları şekerle birlikte bir kaba alın.</p>', '<p>Güzelce çırpın.</p>', '<p>Ardından üzerine sıvı yağ ve portakal suyunu da ekleyerek çırpmaya devam edin.</p>', '<p>Un, kabartma tozu ve vanilini eleyerek harca ekleyin.</p>', '<p>Kıvam alana kadar çırpın.</p>', '<p>Yağlanmış kek kalıbına harcı aktarın.</p>', '<p>170 derecede önceden ısıtılmış fırında kontrollü olarak 35- 40 dakika pişirin.</p>', '<p>Oda sıcaklığında soğutun.</p>', '<p>Daha sonra kalıptan çıkarıp dilimleyerek servis edin.</p>', '<p>Afiyet olsun!</p>']",TATLI KEK,239b56,/tarif/tatli-kek/,"['Kek', 'Video', 'Tatlı Kek']",,['Çay Saati'],['Fırın'],,False,2100,900,2021-02-25T05:30:36Z,4.0,905102,4237,False,True,True,0,,0,,,,2021/02/portakalli-kek-tarifi-yemekcom.jpg,0,0,https://cdn.yemek.com/mnresize/940/940/uploads/2021/02/portakalli-kek-tarifi-yemekcom.jpg,940,940,False,https://cdn.yemek.com/mncrop/300/200/uploads/2021/02/portakalli-kek-tarifi-yemekcom.jpg,300,200,True,https://cdn.yemek.com/mncrop/940/625/uploads/2021/02/portakalli-kek-tarifi-yemekcom.jpg,940,625,True,https://cdn.yemek.com/mncrop/620/388/uploads/2021/02/portakalli-kek-tarifi-yemekcom.jpg,620,388,True,https://cdn.yemek.com/mncrop/600/315/uploads/2021/02/portakalli-kek-tarifi-yemekcom.jpg,600,315,True,,,,,,
837,25072,Cemre Özgüzel,https://cdn.yemek.com/author/109/20200211010242_avatar.jpg,/profil/cemre-ozguzel/,Ağızda Dağılan Kıvamıyla: Margarinsiz Kurabiye,Margarinsiz Kurabiye,/tarif/margarinsiz-kurabiye/,15 dk,15 dk,"<p>İçinde margarin ya da tereyağı yok, yumurta yok, kabartma tozu yok... Tüm bu malzemelerin yokluğuna rağmen yumuşacık, kıyır kıyır bir kıvamı, dillere destan bir lezzeti var. Bu kurabiyenin bir özelliğini daha antalım. Çok kısa sürede hazırlanması ve az malzemeli olmasını belirtmeden geçmek olmaz.</p>
<p>Tüm bunlar nasıl oluyor derseniz, her şey sıvı yağ, pudra şekeri ve unun birleşiminden doğuyor. Ağızda dağılıyor oluşunu sıvı yağa, tatlılığını pudra şekerine ve kıvamını una borçlu. Bu malzemelere bir de lezzet vermesi için vanilin ve portakal kabuğu da ekledik ve lezzetini zirveye çıkardık. Dilerseniz onlar olmadan da nefis bir kurabiye hazırlamanız mümkün.</p>
<p>Hemencecik hazırlayıp pişireceğiniz bu kurabiyeyi kavanozların içerisinde uzunca bir süre saklayabilirsiniz üstelik. İçine farklı malzemeler ekleyebileceğiniz gibi sade de hazırlamanız mümkün. Öyleyse buyursunlar tarifimize. <img src=""https://cdn.yemek.com/assets/images/smiley/smile.png"" class=""wp-smiley img-responsive"" /></p>
",recipe,"['un', 'pudra şekeri', 'pudra şekeri', 'vanilin', 'sıvı yağ', 'portakal kabuğu rendesi']","['Derin bir kabın içerisine sıvı yağı aktarın.', 'Üzerine vanilin, pudra şekerini ilave ederek güzelce karıştırın.', 'Ardından bu karışımın içerisine azar azar un ilave ederek yoğurmaya başlayın.', 'Güzelce yoğururken ele yapışma durumu olursa elinizi hafifçe yağlayarak yoğurma işlemine devam edin.', 'Hamurunuz toparladığında elinizi yağlayın. Cevizden biraz büyük toplar koparın ve güzelce yuvarlayın.', 'Pişirme kağıdı serili bir fırın tepsisinin üzerine kurabiyelerinizi dizin.', 'Önceden ısıtılmış 170 derecelik fırında kontrollü bir biçimde 12-15 dakika arası üzeri hafif kızarıp renk değiştirene kadar pişirin.', 'Çıkarıp oda sıcaklığında dinlendirdikten sonra üzerine pudra şekeri serperek servis edin.']",KURABİYE,239b56,/tarif/kurabiye/,"['Kurabiye', 'Tatlı Kurabiye']","['ekonomik', 'ara öğün', 'çay saati']","['Kahvaltı', 'Çay Saati']",['Fırın'],"['Ekonomik', 'Vejetaryen']",False,900,900,2017-11-01T06:51:52Z,4.0,900549,2817,False,False,False,0,,0,,,,2017/10/margarinsiz-kurabiye-tarifi.jpg,0,0,https://cdn.yemek.com/mnresize/940/940/uploads/2017/10/margarinsiz-kurabiye-tarifi.jpg,940,940,False,https://cdn.yemek.com/mncrop/300/200/uploads/2017/10/margarinsiz-kurabiye-tarifi.jpg,300,200,True,https://cdn.yemek.com/mncrop/940/625/uploads/2017/10/margarinsiz-kurabiye-tarifi.jpg,940,625,True,https://cdn.yemek.com/mncrop/620/388/uploads/2017/10/margarinsiz-kurabiye-tarifi.jpg,620,388,True,https://cdn.yemek.com/mncrop/600/315/uploads/2017/10/margarinsiz-kurabiye-tarifi.jpg,600,315,True,['fırın'],,,,,
838,1843,Yasemin Özaltın,https://cdn.yemek.com/author/35533/20181219061403_avatar.jpg,/profil/yasemingursurer/,Pürüzsüz ve Yumuşacık: Patates Püresi,Patates Püresi,/tarif/patates-puresi/,30 dk,15 dk,"<p>Tereyağı ve süt ilavesiyle hazırlanan patates püresi, başlı başına ana yemek olarak servis edilebildiği gibi pek çok <a href=""https://yemek.com/tarif/"" target=""_blank"">yemek tarifinin</a> yanına yakışan kurtarıcı bir garnitür görevi üstlenir. Bu görev bazen öylesine mühim bir hal alır ki patates püresinin köfteden daha çok alkış aldığı, tavuğun sofrada gölgede bıraktığı, babası patatesi gururlandırdığı anlar vardır.</p>
<p>Her ne kadar çok kolay bir tarif gibi gözükse de patates püresi tarifini tam uygulamayan ve pürenin lezzetini bozuk poğaçaya benzetenler de vardır. O yüzden bu püre tarifine kulak verin.</p>
<p>Patates püresinde süt tadından hoşlananlar, bildik püre tariflerinin dışına çıkıyor ve patatesleri sütte haşlıyoruz.</p>
",recipe,"['tereyağı', 'tuz', 'süt', 'orta boy patates', 'karabiber (arzuya göre)']","['Kabukları soyulmuş patateslerinizi tencere alın ve üzerini geçecek kadar su ilave edin.', 'Ardından yumuşayana kadar pişmeye bırakın. Patateslerinizin pişip pişmediğini bir bıçak yardımıyla kontrol edin.', 'Yumuşayan patateslerinizin suyunu süzdürün. Üzerine tereyağı ilave ederek güzelce ezin.', 'Ardından tuz, karabiber ve sütü ekleyerek güzelce, pürüzsüz bir kıvam alana kadar ezmeye devam edin.', 'Patates püreniz hazır! Afiyet olsun.']",SEBZE,239b56,/tarif/sebze/,"['Sebze', 'Atıştırmalık', 'Video', 'Tuzlu Atıştırmalık', 'Mevsiminde']","['pratik yemek tarifleri', 'ekonomik', 'başlangıç']",['Başlangıç'],['Tencere'],['Ekonomik'],False,1800,900,2015-03-13T14:59:39Z,4.0,882052,5342,False,True,True,0,,0,,,,2015/03/patates-puresi-yemekcom.jpg,0,0,https://cdn.yemek.com/mnresize/940/940/uploads/2015/03/patates-puresi-yemekcom.jpg,940,940,False,https://cdn.yemek.com/mncrop/300/200/uploads/2015/03/patates-puresi-yemekcom.jpg,300,200,True,https://cdn.yemek.com/mncrop/940/625/uploads/2015/03/patates-puresi-yemekcom.jpg,940,625,True,https://cdn.yemek.com/mncrop/620/388/uploads/2015/03/patates-puresi-yemekcom.jpg,620,388,True,https://cdn.yemek.com/mncrop/600/315/uploads/2015/03/patates-puresi-yemekcom.jpg,600,315,True,"['tencere', 'vejetaryen', 'glutensiz', 'düşük karbonhidratlı']",,"['Haziran', 'Temmuz', 'Ağustos', 'Eylül']",,,
839,24008,Neşe Ümit Tan,https://cdn.yemek.com/author/208653/20190910030615_avatar.jpg,/profil/neseumit/,Terbiyesi Kesilmez: Pirinçli Yoğurt Çorbası,Pirinçli Yoğurt Çorbası,/tarif/pirincli-yogurt-corbasi/,25 dk,10 dk,"<p>Mevsim farketmeden afiyetle içilecek bir <a href=""https://yemek.com/tarif/corba/"" target=""_blank"">çorba</a> varsa o da tartışmasız pirinçli yoğurt çorbasıdır. <a href=""https://yemek.com/tarif/"" target=""_blank"">Yemek tarifleri</a> arasında özel bir yeri olan bu çorba o her daim tüketilecek kadar güzel lezzetini yoğurda borçlu. Üstelik hazırlaması da öyle pratik ki! Terbiyesi kesilmeyen, tadı damağınızda kalacak bu nefis lezzeti hazırlamak isteyenler için adım adım resimli anlatımla tarifimizi sizler için hazırladık.</p>
<p><a href=""https://yemek.com/tarif/yayla-corbasi/"" target=""_blank"">Yayla çorbasına</a> benzerliğiyle dikkat çeken, <a href=""https://yemek.com/yogurtlu-corba-tarifleri/"" target=""_blank"">yoğurtlu çorbaların </a>en güzellerinden pirinçli yoğurt çorbasını hazırlarken dikkat etmeniz gereken nokta terbiyesinin kesilmemesi için ısınan suyla ılıtmak ve tencereye eklerken muhakkak karıştırarak ve yavaş yavaş eklemek. Haydi bu nefis yoğurt çorbasını denemek isteyenler, hemen mutfağa!</p>
",recipe,"['pirinç', 'tereyağı', 'tuz', 'yumurta', 'un', 'su', 'yoğurt', 'kuru nane']","['Orta boy bir tencerenin içerisine suyu dökün. İçine pirinçleri ekleyin. Kısık ateşte pirinçler yumuşayana kadar pişirin.', 'Bir kabın içerisine\xa0yoğurt, yumurta ve unu aktarın.', 'Güzelce çırpın ve içerisinde unun topaklanmamasına özen gösterin.', 'Ocağın üzerinde pişen pirinçlerin suyundan bir kepçe alıp güzelce yoğurtlu karışıma yedirin. Ardından bu işlemi birkaç kepçe daha ilave ederek gerçekleştirin.', 'Ocakta pişmekte olan pirinçlerin üzerine yoğurtlu karışımı çok dikkatli bir şekilde, incecik bir ip halinde dökerek bir yandandan da karıştırın.', 'Bu şekilde tüm yoğurdu ilave ettikten sonra kaynayana kadar güzelce karıştırın. Kuru naneyi ve tuzunu da ilave edin.', 'Birkaç dakika daha ocakta pişirmeye devam edin. Bu aşamada kıvamı çok yoğunlaşırsa su ilave edebilirsiniz.', 'Ayrı bir tavanın içerisinde tereyağını eritin ve üzerine kuru naneyi ekleyerek hafifçe yakın. Servis etmeden önce çorbanızın üzerine gezdirin.', 'Ardından çorbanızı servis edin. Afiyetler olsun!']",ÇORBA,,/tarif/corba/,"['Çorba', 'Ramazan']","['pratik yemek tarifleri', 'ekonomik', 'başlangıç', 'akşam yemeği', 'öğle yemeği']","['Başlangıç', 'Öğle Yemeği', 'Akşam Yemeği']",['Tencere'],"['Ekonomik', 'Vejetaryen']",False,1500,600,2020-02-13T07:44:25Z,4.0,875331,5036,False,False,True,0,,0,,,,2019/05/pirincli-yogurt-corbasi-yeni.jpg,0,0,https://cdn.yemek.com/mnresize/940/940/uploads/2019/05/pirincli-yogurt-corbasi-yeni.jpg,940,940,False,https://cdn.yemek.com/mncrop/300/200/uploads/2019/05/pirincli-yogurt-corbasi-yeni.jpg,300,200,True,https://cdn.yemek.com/mncrop/940/625/uploads/2019/05/pirincli-yogurt-corbasi-yeni.jpg,940,625,True,https://cdn.yemek.com/mncrop/620/388/uploads/2019/05/pirincli-yogurt-corbasi-yeni.jpg,620,388,True,https://cdn.yemek.com/mncrop/600/315/uploads/2019/05/pirincli-yogurt-corbasi-yeni.jpg,600,315,True,"['tencere', 'vejetaryen']",greenLight,,,,
840,612,Yasemin Özaltın,https://cdn.yemek.com/author/35533/20181219061403_avatar.jpg,/profil/yasemingursurer/,"Dolu Dolu: Havuçlu, Tarçınlı, Cevizli Kek","Havuçlu, Tarçınlı, Cevizli Kek",/tarif/havuclu-tarcinli-kek/,40 dk,20 dk,"<p>Mikserleri çalıştırın! Altın günlerinde kulaktan kulağa tarifi fısıldanan lezzetiyle bilinen havuçlu, tarçınlı, <a href=""https://yemek.com/tarif/cevizli-kek/"" target=""_blank"">cevizli kek</a>in tarifini paylaşıyoruz ki damağınız şenlensin. Bu tarifi tüm adımlarıyla birebir hazırladığınızda öyle güzel oluyor ki, bundan sonra başka tarifler denemeyeceksiniz. İçi nemli, mis kokulu ve müthiş lezzetli havuçlu tarçınlı cevizli kek <a href=""https://yemek.com/tarif/"" target=""_blank"">tarif</a>imizi deneyenlerle yorumlarda buluşalım!</p>
<p><a href=""https://yemek.com/tarif/kek/"" target=""_blank"">Kek tariflerinin</a> en sevilenlerinden olan havuçlu kek tarçın desteğiyle en güzel haliyle karşınızda! <strong>Tüm püf noktaları</strong> ise aşağıda...</p>
",recipe,"['limon suyu', 'yumurta', 'toz şeker', 'süt', 'un', 'havuç', 'tarçın', 'ceviz içi', 'karbonat', 'vanilin', 'sıvı yağ']","['Havuçlu, tarçınlı, cevizli kek tarifi için oda sıcaklığında bekletilmiş 3 adet yumurta ile 1 su bardağı toz şekeri mikserle çırpın, bu işleme şeker tamamen eriyene kadar devam edin.', 'Ardından sırasıyla; 1 su bardağı sütü,\xa0yarım su bardağı sıvı yağı ilave edin.', 'Unu, karbonatı, limon suyunu ve vanilini harca eleyerek ekleyin, ardından mikserle çırpın.', 'Karışıma rendeleyip fazla suyunu aldığınız havuç, iri dövülmüş ceviz içi ve tarçını ekleyin.', 'Kek kalıbınızın tabanını yağlayın.', 'Kalıba aktardığınız keki, önceden ısıtılmış 170 derecelik fırında, yaklaşık 40 dakika pişirin. Soğuduktan sonra üzerine pudra şekeri serperek servis edin. Afiyet olsun.']",TATLI KEK,239b56,/tarif/tatli-kek/,"['Kek', 'Video', 'Tatlı Kek', 'Mevsiminde']","['ekonomik', 'ara öğün', 'çay saati']",['Çay Saati'],['Fırın'],,False,2400,1200,2020-11-24T12:02:38Z,4.0,968347,6578,False,True,False,0,,0,,,,2014/09/havuclu-tarcinli-kek-yemekcom2.jpg,0,0,https://cdn.yemek.com/mnresize/940/940/uploads/2014/09/havuclu-tarcinli-kek-yemekcom2.jpg,940,940,False,https://cdn.yemek.com/mncrop/300/200/uploads/2014/09/havuclu-tarcinli-kek-yemekcom2.jpg,300,200,True,https://cdn.yemek.com/mncrop/940/625/uploads/2014/09/havuclu-tarcinli-kek-yemekcom2.jpg,940,625,True,https://cdn.yemek.com/mncrop/620/388/uploads/2014/09/havuclu-tarcinli-kek-yemekcom2.jpg,620,388,True,https://cdn.yemek.com/mncrop/600/315/uploads/2014/09/havuclu-tarcinli-kek-yemekcom2.jpg,600,315,True,['fırın'],,"['Ocak', 'Şubat', 'Mart']",,,
841,1621,Yasemin Özaltın,https://cdn.yemek.com/author/35533/20181219061403_avatar.jpg,/profil/yasemingursurer/,Sonuç Mükemmel: Fırında Makarna,Fırında Makarna,/tarif/firinda-makarna/,25 dk,20 dk,"<p><a href=""https://yemek.com/tarif/hamur-isi/"" target=""_blank"">Hamur işlerine</a> olan ülkece yatkınlığımızı hepimiz kabul ederiz. Bu işin ana vatanı İtalya olsa da mesela <a href=""https://yemek.com/tarif/makarna/"" target=""_blank"">makarna</a> konusunda yüzlerce çeşitle onlardan aşağı kalmayız. Yeri gelir soslarla şov yaparız, yeri gelir erişteden makarna yaparız, yeri gelir fırınlarız, yeri gelir öğrenci evi gibi ketçap mayonezle yeriz. Ama biz bu işi biliriz. Bugün de fırınlıyoruz.</p>
<p>Spagettinin kalını, içi derin boşluklu fırın makarnaları özenle haşladıktan sonra özel sosuyla buluşturuyor, rendelenmiş kaşar peyniri ilavesiyle üzeri nar gibi kızarana kadar fırınlıyoruz. Pek kolay ve pratik olan beşamel soslu fırında makarna tarifimiz hazır olduğu gibi sofraya alıyor ve afiyetle sevdiklerimizle paylaşıyoruz.</p>
<p>Fırında peynirli makarna tarifi arayanları da unutmuyor, onları buraya davet ediyoruz: <a href=""https://yemek.com/tarif/beyaz-peynirli-firinda-makarna/"" target=""_blank"">Beyaz Peynirli Fırında Makarna Tarifi</a></p>
<p>""Ben fırında makarna çeşitlerini görmek istiyorum"" diyorsanız şöyle de buyurabilirsiniz: <a href=""https://yemek.com/firinda-makarna-tarifleri/"" target=""_blank"">Fırında Makarna Aşkını Doya Doya Yaşatan 10 Malzemesine Dolgun Tarif</a></p>
",recipe,"['tereyağı', 'süt', 'un', 'rendelenmiş kaşar peyniri', 'fırın makarna', 'muskat cevizi', 'sıvı yağ']","['Beşamel sosu hazırlamak için; 4 yemek kaşığı tereyağı ve 2 yemek kaşığı sıvı yağı bir sos tenceresinde kızdırın.', 'Ardından 3 yemek kaşığı unu üzerine ilave edin ve kokusu çıkana kadar kavurun.', '2,5 su bardağı sütü de sos tenceresine ilave edip iyice karıştırın ve karışım koyulaşana kadar orta ateşte pişirin. Ara ara karıştırmayı ihmal etmeyin.', 'Pişmiş olan beşamel sosun üzerine yarım muskat rendeleyip karıştırın ve ocaktan alın. Arzuya göre tuz ve karabiber ile tatlandırın.', '<div>Derin bir tencerede kaynamış olan tuzlu suyun içine fırın makarnayı atın ve 10 dakika, yumuşayana kadar pişirin. Ocaktan alıp, suyunu süzdürün.</div>\n&nbsp;', 'Geniş bir kabın içerisinde, süzülmüş olan makarnayı ve beşamel sosu güzelce karıştırın.', 'Makarnayı, pişireceğiniz fırın kabına alın ve üzerine 1,5 su bardağı rendelenmiş kaşar peyniri\xa0serpiştirin.', '<div>Önceden ısıtılmış 190 derece fırında 25 dakika pişirin. İlk sıcaklığı geçtikten sonra dilimleyin ve servis edin. Fırın makarnamız hazır, afiyet olsun!</div>']",MAKARNA,239b56,/tarif/makarna/,"['Makarna', 'Video']","['ekonomik', 'akşam yemeği', 'öğle yemeği']","['Öğle Yemeği', 'Akşam Yemeği']",,,False,1500,1200,2019-04-04T07:35:51Z,4.0,961687,7167,False,True,True,0,,0,,,,2015/02/firin-makarna-yemekcom-yeni.jpg,0,0,https://cdn.yemek.com/mnresize/940/940/uploads/2015/02/firin-makarna-yemekcom-yeni.jpg,940,940,False,https://cdn.yemek.com/mncrop/300/200/uploads/2015/02/firin-makarna-yemekcom-yeni.jpg,300,200,True,https://cdn.yemek.com/mncrop/940/625/uploads/2015/02/firin-makarna-yemekcom-yeni.jpg,940,625,True,https://cdn.yemek.com/mncrop/620/388/uploads/2015/02/firin-makarna-yemekcom-yeni.jpg,620,388,True,https://cdn.yemek.com/mncrop/600/315/uploads/2015/02/firin-makarna-yemekcom-yeni.jpg,600,315,True,['fırın'],,,,,
842,47391,Gökçen Mutaf,https://cdn.yemek.com/author/23120/20181227103819_avatar.jpeg,/profil/gokcenmutaf/,Sadece 10 Dakikada: Etsiz Çiğ Köfte,Etsiz Çiğ Köfte,/tarif/etsiz-cig-kofte/,10 dk,10 dk,"<p><a href=""https://yemek.com/tarif/etli-cig-kofte/"" target=""_blank"">Çiğ köfte tarifini</a> biz hep uzun uzun yoğrulan, maharet isteyen, herkesin kolaylıkla yapamayacağı bir tarif olarak biliyoruz. Urfa başta olmak üzere Güney Doğu'nun en sevilen tariflerinden biri olan <a href=""https://yemek.com/tarif/etsiz-cig-kofte-2/"" target=""_blank"">çiğ köfte</a> orijinalinde etli çiğ köfte olarak yapılıp sunulan bir tarif. Ancak evde daha ekonomik bir şekilde yapılmak istendiğinde elimiz hep etsiz çiğ köfte tarifine gidiyor. Onun da yoğrulması bir hayli zaman alıyor. Gelin, şu işi daha kolaylaştıralım. Karşınızda, en kolay ve lezzetlisinden: <strong>Etsiz çiğ köfte tarifi!</strong></p>
<p>Bu çiğ köfte tarifi yoğrulmadan, robotta tüm malzemelerin çekilmesiyle hazırlanıyor. Bu şekilde hem zamanda kazanılıyor hem de <strong>yoğurmadan enfes çiğ köfte</strong> hazırlanmış oluyor. Hadi o zaman şimdiden ellerinize sağlık diyor, bu pratik <a href=""https://yemek.com/tarif/mezeler/"" target=""_blank"">meze tariflerinden</a> biri olan etsiz çiğ köfte tarifine buyur ediyoruz sizleri. ''Çiğ köfte nasıl yapılır?'' sorunuzun cevabı tarifimizde saklı!</p>
",recipe,"['sıcak su', 'tuz', 'limon suyu', 'zeytinyağı', 'domates salçası', 'nar ekşisi', 'isot', 'soğan', 'tatlı toz kırmızı biber', 'esmer bulgur']","['Bulguru derince bir kaba alın ve üstüne 1,5 bardak sıcak suyu gezdirin. Üstünü kapatıp 10 dakika beklemeye alın.', 'Bulgur kabarırken soğanı robottan çekin.', 'Soğanı tel bir süzgece alarak fazla suyunu sıkın.', 'İsotu da bir kaseye alın ve üstüne sıcak su ekleyip 5 dakika kadar beklemeye alın.', 'Bulgur kabardıktan sonra, mutfak robotuna kabarmış bulguru alın ve üstüne, robottan çektiğiniz kuru soğanı, ıslanmış isotu (suyuyla birlikte), limon suyunu, nar ekşisini, zeytinyağını, tuzu, salçayı ve kırmızı biberi ekleyip, robottan ara ara durdurarak 10 dakika kadar çekin.', 'Sonra bir kaba alın ve elinize birkaç dakika daha yoğurun.', 'Klasik çiğ köfte şeklini verin.', 'Dilerseniz dürüm şeklinde de servis edebilirsiniz.', 'Suşi şeklini vermek için ise hazırladığınız dürümü halka halka doğrarsanız harika olur. Afiyet olsun!']",MEZE,239b56,/tarif/mezeler/,"['Özel Beslenme', 'Vejetaryen', 'Atıştırmalık', 'Meze', 'Vegan', 'Video', 'Tuzlu Atıştırmalık']",['ekonomik'],"['Öğle Yemeği', 'Akşam Yemeği']",,"['Ekonomik', 'Vejetaryen', 'Vegan']",False,600,600,2020-10-01T07:15:08Z,4.0,952286,3376,False,True,True,0,,0,,,,2020/10/etsiz-cig-kofte-yemekcom.jpg,0,0,https://cdn.yemek.com/mnresize/940/940/uploads/2020/10/etsiz-cig-kofte-yemekcom.jpg,940,940,False,https://cdn.yemek.com/mncrop/300/200/uploads/2020/10/etsiz-cig-kofte-yemekcom.jpg,300,200,True,https://cdn.yemek.com/mncrop/940/625/uploads/2020/10/etsiz-cig-kofte-yemekcom.jpg,940,625,True,https://cdn.yemek.com/mncrop/620/388/uploads/2020/10/etsiz-cig-kofte-yemekcom.jpg,620,388,True,https://cdn.yemek.com/mncrop/600/315/uploads/2020/10/etsiz-cig-kofte-yemekcom.jpg,600,315,True,['vejetaryen'],,,,,
843,140,Yasemin Özaltın,https://cdn.yemek.com/author/35533/20181219061403_avatar.jpg,/profil/yasemingursurer/,Tam Kıvamında: Kadınbudu Köfte,Kadınbudu Köfte,/tarif/kadinbudu-kofte/,5 dk,25 dk,"<p>Kadınbudu köfte, kendisine bu topraklarda <a href=""https://yemek.com/tarif/kofte/"" target=""_blank"" rel=""noopener"">köfte</a> dedirtme konusunda en başarılı tariflerden biri. Mesela neredeyse bütün köfteler pilavla çok iyi giderken, kadınbudu gitmez. Ancak patates püresiyle diğer bütün köftelerden daha güzel olur. Biraz hercai anlayacağınız.</p>
<p>Neyse bu kadar konuştuktan sonra bu akşam ve hatta ilk fırsatta <a href=""https://yemek.com/tarif/"" target=""_blank"" rel=""noopener"">yemek tariflerinin</a> en güzellerinden olan <strong>kadınbudu köfte</strong>yi yapmak bize farz oldu. Aşağıda bize eşlik etmek isteyenler için videolu tarifi var. Üstelik en <strong>tam kıvamında</strong>, en lezzetli haliyle bizlerle! Dileyen gelebilir, sofrasını güzelleştirebilir.</p>
<p>Haydi herkese afiyet olsun!</p>",recipe,"['kuru soğan', 'tuz', 'yumurta', 'yumurta', 'ayçiçek yağı', 'un', 'sarımsak', 'karabiber', 'orta yağlı kıyma', 'kimyon', 'haşlanmış pirinç', 'galeta unu']","['<p>Kadınbudu köfte için 1/2 su bardağı pirinci tuz ve su ile birlikte hafif yumuşayana kadar kaynatın. Çok yumuşamamasına dikkat edin.\xa0Bir tavada zeytinyağı ile soğanları\xa0 yumuşayana kadar kavurun.\xa0Sarımsakları da ekleyip kavurmaya devam edin.</p>', '<p>Kıymanın yarısını soğan ve sarımsakların içerisine alın ve suyunu salıp, çekene kadar kavurun. Pişen kıymaları ocaktan alın ve soğumaya bırakın.</p>', '<p>Geniş bir kasede çiğ kıyma, un, haşlanmış pirinç, pişip soğuyan soğanlı kıyma harcını, yumurta ve tüm baharatları bir araya getirip yoğurun.\xa0Yoğurduktan sonra üzerine streç çekip 20 dakika buzdolabında bekletin.</p>', '<p>Bekleyen harçtan yumurtadan biraz daha büyük parçalar koparıp yuvarlayarak şekil verin.</p>', '<p>Şekil verilmiş köfteleri önce un ve galeta unu karışımına, sonra yumurtaya batırın.</p>', '<p>Kadınbudu köfteleri kızgın yağda kızartın. Servis ederken püre ve sotelenmiş sebzeler ile servis edebilirsiniz, afiyet olsun!</p>']",KÖFTE,239b56,/tarif/kofte/,"['Et', 'Köfte', 'Ramazan', 'Video']",,"['Başlangıç', 'Öğle Yemeği', 'Ara Öğün', 'Akşam Yemeği']","['Kızartma', 'Ocak']",,False,300,1500,2021-10-18T08:41:49Z,4.0,944096,5753,False,True,True,0,,0,,,,2021/10/kadinbudu-kofte-yemekcom.jpg,0,0,https://cdn.yemek.com/mnresize/940/940/uploads/2021/10/kadinbudu-kofte-yemekcom.jpg,940,940,False,https://cdn.yemek.com/mncrop/300/200/uploads/2021/10/kadinbudu-kofte-yemekcom.jpg,300,200,True,https://cdn.yemek.com/mncrop/940/625/uploads/2021/10/kadinbudu-kofte-yemekcom.jpg,940,625,True,https://cdn.yemek.com/mncrop/620/388/uploads/2021/10/kadinbudu-kofte-yemekcom.jpg,620,388,True,https://cdn.yemek.com/mncrop/600/315/uploads/2021/10/kadinbudu-kofte-yemekcom.jpg,600,315,True,,,,,,
844,233,Yasemin Özaltın,https://cdn.yemek.com/author/35533/20181219061403_avatar.jpg,/profil/yasemingursurer/,Kalem Gibi Sarılır: Zeytinyağlı Yaprak Sarma,Zeytinyağlı Yaprak Sarma,/tarif/zeytinyagli-yaprak-sarma/,45 dk,40 dk,"<p>Bayram yemeklerinden altın günlerine kadar günün her anı yenilebilecek, en sevilen, en zamansız <a href=""https://yemek.com/tarif/"" target=""_blank"">yemek tariflerinden</a> biridir zeytinyağlı yaprak sarma. Belli başlı püf noktaları ve lezzet sırlarını takip edip, biraz zaman ayırdıktan sonra harika sarmalar hazırlayabilirsiniz. İncecik sarılan, bol zeytinyağlı ve limonlu olanı makbuldür yaprak sarmanın. İsterseniz salamura asma yaprağı kullanarak isterseniz de taze asma yaprağı kullanarak hazırlayabilirsiniz onu. Karşınızda yemelere doyamayacağınız zeytinyağlı yaprak sarma tarifi!</p>
<p>Tarifin en önemli sırrı yaprakların içini çok fazla doldurmamakta saklı. Bu sayede yapraklar pişerken patlamayacak ve tam kıvamında olacaklar. Yaprak sarması nasıl yapılır, yaprak sarması içi nasıl hazırlanır, yaprak sarma nasıl pişirilir diyenlere de adım adım görselli bir şekilde <a href=""https://yemek.com/tarif/zeytinyaglilar/"" target=""_blank"">zeytinyağlı</a> yaprak sarma yapımını anlatıyoruz tarifimizde. Bu tarif kaçmaz diyor, lezzeti ve görünümü mükemmel, en güzel zeytinyağlı yaprak sarma tarifine alıyoruz sizleri.</p>
<p>Dilerseniz taze yaprak sarması tarifimize de <a href=""https://yemek.com/tarif/taze-yaprak-sarmasi/"" target=""_blank"">şuradan</a> bakabilirsiniz.</p>
",recipe,"['pirinç', 'kuru soğan', 'sıcak su', 'sıcak su', 'nane', 'tuz', 'zeytinyağı', 'zeytinyağı', 'karabiber', 'tarçın', 'limon', 'kuş üzümü', 'dolmalık fıstık', 'asma yaprağı', 'yenibahar']","['Sarmanın iç harcını hazırlamak için; yarım su bardağı zeytinyağını geniş tabanlı bir tencerede kızdırın. 3 adet rendelenmiş soğanı hafif renk alana kadar kavurun. Ardından üzerine 1,5 yemek kaşığı dolmalık fıstığı da\xa0 koyup kavurmaya devam edin.', 'Ilık suda 5 dakika kadar bekletip suyunu süzdürdüğünüz 1,5 su bardağı pirinci soğanlarla birlikte, pirinçler şeffaf bir görünüm kazanana kadar kavurun.', ""Ardından sırasıyla; 1 yemek kaşığı kuş üzümü, 1'er çay kaşığı tuz, karabiber, yenibahar ve tarçın ekleyip karıştırın."", 'Yaklaşık 1 su bardağı sıcak suyu da ilave edin ve iç harcı kısık ateşte 5 dakika kadar pişirdikten sonra ocaktan alın.', 'Salamura asma yapraklarını tezgahın üzerinde damarlı kısımları üstte kalacak şekilde açın. Her bir yaprağın orta kısmına; hazırlayıp, ılıttığınız iç harçtan birer tatlı kaşığı kadar paylaştırın.', 'Kenar kısımlarını içe alıp, geniş kısmından uç kısmına doğru ilerleyin.', 'Tüm yaprakları sıkı bir şekilde sarın.', 'Sarma tenceresinin tabanını birkaç adet asma yaprağı ile kaplayın.', 'Hazırladığınız sarmaları, sıra halinde, yan yana dizin. Limonu halka halka dilimledikten sonra sarmaların üzerine yerleştirin.', 'Pişme esnasında açılmamaları için; üzerlerine düz bir servis tabağı kapatın. 1,5 su bardağı sıcak su ve 2 yemek kaşığı zeytinyağını da tencereye ekledikten sonra\xa0sarmaları, kısık ateşte yaklaşık 35 dakika pişirin.', 'Arzuya göre; ılık ya da soğuk olarak servis edin.']",ZEYTİNYAĞLI,239b56,/tarif/zeytinyaglilar/,"['Sebze', 'Ramazan', 'Zeytinyağlı', 'Video']","['ekonomik', 'başlangıç', 'akşam yemeği', 'öğle yemeği']","['Başlangıç', 'Çay Saati']",['Tencere'],"['Ekonomik', 'Vejetaryen', 'Düşük Kalorili']",False,2700,2400,2019-05-06T11:59:14Z,4.0,941586,5114,False,True,True,0,,0,,,,2014/07/zeytinyagli-yaprak-sarmasi-yemekcom.jpg,0,0,https://cdn.yemek.com/mnresize/940/940/uploads/2014/07/zeytinyagli-yaprak-sarmasi-yemekcom.jpg,940,940,False,https://cdn.yemek.com/mncrop/300/200/uploads/2014/07/zeytinyagli-yaprak-sarmasi-yemekcom.jpg,300,200,True,https://cdn.yemek.com/mncrop/940/625/uploads/2014/07/zeytinyagli-yaprak-sarmasi-yemekcom.jpg,940,625,True,https://cdn.yemek.com/mncrop/620/388/uploads/2014/07/zeytinyagli-yaprak-sarmasi-yemekcom.jpg,620,388,True,https://cdn.yemek.com/mncrop/600/315/uploads/2014/07/zeytinyagli-yaprak-sarmasi-yemekcom.jpg,600,315,True,"['tencere', 'vejetaryen', 'glutensiz']",,,,,
845,1806,Yasemin Özaltın,https://cdn.yemek.com/author/35533/20181219061403_avatar.jpg,/profil/yasemingursurer/,Ege Usulü: Zeytinyağlı Enginar,Zeytinyağlı Enginar,/tarif/enginar/,1 sa,30 dk,"<p>İçerdiği vitamin ve mineral değerleriyle tüm <a href=""https://yemek.com/tarif/"" target=""_blank"">yemek tarifleri</a> ve <strong><a href=""https://yemek.com/tarif/zeytinyaglilar/"" target=""_blank"">zeytinyağlılar</a></strong> içinde kendine ayrı bir yer bulması yetmezmiş gibi baharı müjdeleyen ve sağlık dostu sebzelerin başında gelen <a href=""https://yemek.com/tarif/baklali-enginar/"" target=""_blank"">enginarı</a>, zeytinyağı ve garnitür olarak bilinen <a href=""https://yemek.com/tarif/sebze/"" target=""_blank"">sebze</a> karışımıyla pişirmeye ne dersiniz?</p>
<p>Mart ayının gelişiyle pazar tezgahlarında yavaş yavaş yerini almaya başlayan enginarın gelişini <strong>sağlıklı bir sofra</strong> hazırlayarak kutlamak gerek. <strong><a href=""https://yemek.com/tarif/zeytinyaglilar/"" target=""_blank"">Zeytinyağlı tariflerinin</a> </strong>en sevilenlerinden zeytinyağlı enginar adım adım resimli ve videolu anlatımıyla karşınızda!</p>
<p>Unutmadan: Enginarı sadece lezzeti için değil sağlık için de tüketenlerdenseniz, yaprak kısımlarını ziyan etmeyin. Bu tarifte yerleri olmayabilir ancak onları çiğ ya da zeytinyağlı olarak <strong>salata</strong> yapımında kullanabilirsiniz.</p>
",recipe,"['tuz', 'toz şeker', 'patates', 'su', 'zeytinyağı', 'dondurulmuş bezelye', 'dereotu', 'orta boy kuru soğan', 'taze sıkılmış limon suyu', 'büyük boy havuç', 'ayıklanmış enginar']","['Bir tavada yarım su bardağı zeytinyağı ile 1 adet küp doğranmış soğanı hafif pembeleşinceye kadar kavurun.', ""Üzerine küp doğranmış ve haşlanmış, 1'er adet patates ve havucu da ekleyip 2-3 dakika bu şekilde kavurun."", '1 su bardağı bezelyeyi de üzerine ekledikten 3-4 dakika sonra garnitürünüzü ocaktan alın.', 'Enginarları pişireceğiniz sosu hazırlamak için bir kapta 2 adet sıkılmış limon suyu, 1 su bardağı su,\xa0 1 tatlı kaşığı toz şeker, 1 çay kaşığı tuz ve 2 yemek zeytinyağını karıştırın.', 'Geniş bir tencereye 8 adet enginarı yerleştirin ve üzerlerine hazırladığınız garnitürden koyun.', 'Limonlu su karışımını da tencereye aktarın.', 'Enginarı sofralarınızda soğuk olarak servis edin, afiyet olsun.', 'Ardından kapağını kapatıp, enginarlar yumuşayana kadar pişirin.']",ZEYTİNYAĞLI,239b56,/tarif/zeytinyaglilar/,"['Sebze', 'Özel Beslenme', 'Vejetaryen', 'Diyet', 'Zeytinyağlı', 'Vegan', 'Video', 'Mevsiminde']","['akşam yemeği', 'diyet', 'öğle yemeği']","['Öğle Yemeği', 'Akşam Yemeği']",['Tencere'],"['Ekonomik', 'Vejetaryen', 'Düşük Kalorili', 'Düşük Karbonhidratlı', 'Vegan']",False,3600,1800,2022-03-22T07:15:40Z,4.0,940507,6313,False,True,True,0,,0,,,,2015/03/zeytinyagli-enginar-yemekcom.jpg,0,0,https://cdn.yemek.com/mnresize/940/940/uploads/2015/03/zeytinyagli-enginar-yemekcom.jpg,940,940,False,https://cdn.yemek.com/mncrop/300/200/uploads/2015/03/zeytinyagli-enginar-yemekcom.jpg,300,200,True,https://cdn.yemek.com/mncrop/940/625/uploads/2015/03/zeytinyagli-enginar-yemekcom.jpg,940,625,True,https://cdn.yemek.com/mncrop/620/388/uploads/2015/03/zeytinyagli-enginar-yemekcom.jpg,620,388,True,https://cdn.yemek.com/mncrop/600/315/uploads/2015/03/zeytinyagli-enginar-yemekcom.jpg,600,315,True,"['tencere', 'vejetaryen', 'bol proteinli', 'bol lifli', 'glutensiz', 'düşük kalorili']",,"['Mart', 'Nisan', 'Mayıs']",,,
846,185,Cemre Özgüzel,https://cdn.yemek.com/author/109/20200211010242_avatar.jpg,/profil/cemre-ozguzel/,Sandığınızdan da Kolay: Köstebek Pasta,Köstebek Pasta,/tarif/kostebek-pasta/,40 dk,40 dk,"<p><a href=""https://yemek.com/tarif/mini-kostebek-pasta/"" target=""_blank"">Köstebek pasta</a> <a href=""https://yemek.com/tarif/"" target=""_blank"">tarif</a>i biraz zaman alan, yaratıcı ve gösterişli pasta tariflerinden biridir. Yapılışı zor şeklinde rivayetler olsa da aslında çok basittir. Yuvarlak ve kelepçeli bir <a href=""https://yemek.com/tarif/kek/"" target=""_blank"">kek</a> kalıbında, kakaolu kabarık bir kek hazırlanır öncelikle. Kekin orta kısmı bir kaşık yardımıyla çıkartılır, ufalanarak toz haline getirilir. Orta kısımda kalan boşluk uzun ince muz dilimleriyle doldurulur. Önceden hazırlayıp soğuttuğunuz krema ile üzeri kümbet gibi kapatılır. Pastaya toprak görünümü verecek olan kek parçaları üzerine serpiştirilir. Bol meyveli, muzlu bu pasta, çay eşliğinde <a href=""https://yemek.com/tarif/tatli/"" target=""_blank"">tatlı</a> olarak dilim dilim yenilir. Evde hazırlanan en kolay pastalardan biridir.</p>
<p>Misafir oturmasına götürmelik, sevdiklerinizle paylaşmalık köstebek <a href=""https://yemek.com/tarif/pasta-tatli/"" target=""_blank"">pasta tarifi</a> geliyor. Afiyet olsun!</p>
",recipe,"['yumurta', 'toz şeker', 'süt', 'un', 'vanilya', 'kabartma tozu', 'toz krem şanti', 'kakao', 'soğuk süt', 'muz', 'sıvı yağ']","['Geniş bir kabın içerisine yumurtaları alın. Toz şekeri de üzerine ilave edin.', 'Krema kıvamını alana kadar güzelce çırpın.', 'Üzerine ayçiçek yağı ve yarım su bardağı sütü ilave ederek bir süre daha çırpın.', 'Kabartma tozu ve vanilyayı ekleyin. Un ve kakaoyu eleyerek harca ilave edin.', 'Spatula yardımıyla karıştırın.', 'Tereyağı ile yağladığınız yuvarlak fırın kalıbına kek karışımını boşaltın. Önceden ısıtılmış 175 derece fırında 30-35 dakika kadar pişirin.', 'Pastanın şantisini hazırlamak için; toz krem şantiyi bir kabın içine alın ve soğuk sütü ekleyin.', 'Birlikte güzelce çırpın.', 'Pişen keki fırından alın ve ılınması için beklettikten sonra kalıptan çıkartın.', 'Kekin üst kısmını bıçak yardımıyla dikkatli bir şekilde alın.', 'Üzerini düz bir hale getirin. Ardından bıçak yardımıyla çok derine girmeden, 4 parçaya bölün ve parçaları dikkatli bir şekilde çıkarın.', 'İç kısımlarını kaşık yardımıyla kenardan birkaç cm boşluk kalacak şekilde çıkarın.', 'Muzların kabuklarını soyun ve kekin tabanına dikkatli bir şekilde yerleştirin.', 'Ardından üzerini hazırladığınız krem şanti ile kaplayın.', 'Çıkardığınız kek içini rondodan geçirin.', 'Pastanızın üzerini bu keklerle kaplayın.', 'Buzdolabında en az 3 saat kadar dinlendirin ve dilimleyerek servis edin. Afiyet olsun.']",PASTA,239b56,/tarif/pasta-tatli/,"['Tatlı', 'Pasta', 'Video']","['ekonomik', 'çay saati']",['Çay Saati'],['Fırın'],['Ekonomik'],False,2400,2400,2019-05-02T08:36:54Z,4.0,934723,3943,False,True,True,0,,0,,,,2014/06/kostebek-pasta-yemekcom.jpg,0,0,https://cdn.yemek.com/mnresize/940/940/uploads/2014/06/kostebek-pasta-yemekcom.jpg,940,940,False,https://cdn.yemek.com/mncrop/300/200/uploads/2014/06/kostebek-pasta-yemekcom.jpg,300,200,True,https://cdn.yemek.com/mncrop/940/625/uploads/2014/06/kostebek-pasta-yemekcom.jpg,940,625,True,https://cdn.yemek.com/mncrop/620/388/uploads/2014/06/kostebek-pasta-yemekcom.jpg,620,388,True,https://cdn.yemek.com/mncrop/600/315/uploads/2014/06/kostebek-pasta-yemekcom.jpg,600,315,True,['fırın'],,,,,
847,611,Cemre Özgüzel,https://cdn.yemek.com/author/109/20200211010242_avatar.jpg,/profil/cemre-ozguzel/,Kıvamı Hep Tutar: Portakallı Kek,Portakallı Kek,/tarif/portakalli-kek/,35 dk,15 dk,"<p>Kış ayları gelince özellikle, keyfi ve lezzeti bir başka olur <a href=""https://yemek.com/portakalli-pratik-tarifler/"" target=""_blank"" rel=""noopener"">portakallı</a> kekin. Portakal kabuğunun o misler gibi kokan kokusu harca girer, piştikçe kokusu tüm eve yayılır. <a href=""https://yemek.com/tarif/kek/"" target=""_blank"" rel=""noopener"">Kek</a> kokusunun huzuru yüzlerde gülümse oluşturur, yemelere doyum olmaz. <a href=""https://yemek.com/tarif/"" target=""_blank"" rel=""noopener"">Tarif</a>in en zor anı fırından çıkınca dinlenmesini beklemek. <a href=""https://yemek.com/tarif/portakalli-anne-kurabiyesi/"" target=""_blank"" rel=""noopener"">Portakall</a>ı kek yapmanın da bazı önemli püf noktaları var. Bunlara dikkat edilmediği durumlarda kekin kıvamı tam istenilen gibi olmuyor. Gelin bugün ölçüleri sizi hiç yanıltmayan enfes bir <strong>portakallı kek tarifi</strong> hazırlayalım!</p>
<p>Keki hazırlarken portakal kabuklarının beyaz kısımlarına denk getirmeden rendelemeye özen gösterin. İçerisine dilerseniz<strong> ceviz, fındık, badem, damla çikolata </strong>gibi malzemeler de ilave edebilirsiniz. Şimdiden ellerinize sağlık diyor, mis gibi kokan tarifimize buyur ediyoruz. Afiyet olsun!</p>",recipe,"['tereyağı', 'yumurta', 'toz şeker', 'un', 'vanilya', 'kabartma tozu', 'portakal suyu', 'rendelenmiş portakal kabuğu', 'sıvı yağ']","['<p>Portakallı kek için oda sıcaklığındaki yumurtaları şekerle birlikte bir kaba alın.</p>', '<p>Güzelce çırpın.</p>', '<p>Ardından üzerine sıvı yağ ve portakal suyunu da ekleyerek çırpmaya devam edin.</p>', '<p>Un, kabartma tozu ve vanilini eleyerek harca ekleyin.</p>', '<p>Kıvam alana kadar çırpın.</p>', '<p>Yağlanmış kek kalıbına harcı aktarın.</p>', '<p>170 derecede önceden ısıtılmış fırında kontrollü olarak 35- 40 dakika pişirin.</p>', '<p>Oda sıcaklığında soğutun.</p>', '<p>Daha sonra kalıptan çıkarıp dilimleyerek servis edin.</p>', '<p>Afiyet olsun!</p>']",TATLI KEK,239b56,/tarif/tatli-kek/,"['Kek', 'Video', 'Tatlı Kek']",,['Çay Saati'],['Fırın'],,False,2100,900,2021-02-25T05:30:36Z,4.0,905102,4237,False,True,True,0,,0,,,,2021/02/portakalli-kek-tarifi-yemekcom.jpg,0,0,https://cdn.yemek.com/mnresize/940/940/uploads/2021/02/portakalli-kek-tarifi-yemekcom.jpg,940,940,False,https://cdn.yemek.com/mncrop/300/200/uploads/2021/02/portakalli-kek-tarifi-yemekcom.jpg,300,200,True,https://cdn.yemek.com/mncrop/940/625/uploads/2021/02/portakalli-kek-tarifi-yemekcom.jpg,940,625,True,https://cdn.yemek.com/mncrop/620/388/uploads/2021/02/portakalli-kek-tarifi-yemekcom.jpg,620,388,True,https://cdn.yemek.com/mncrop/600/315/uploads/2021/02/portakalli-kek-tarifi-yemekcom.jpg,600,315,True,,,,,,
848,25072,Cemre Özgüzel,https://cdn.yemek.com/author/109/20200211010242_avatar.jpg,/profil/cemre-ozguzel/,Ağızda Dağılan Kıvamıyla: Margarinsiz Kurabiye,Margarinsiz Kurabiye,/tarif/margarinsiz-kurabiye/,15 dk,15 dk,"<p>İçinde margarin ya da tereyağı yok, yumurta yok, kabartma tozu yok... Tüm bu malzemelerin yokluğuna rağmen yumuşacık, kıyır kıyır bir kıvamı, dillere destan bir lezzeti var. Bu kurabiyenin bir özelliğini daha antalım. Çok kısa sürede hazırlanması ve az malzemeli olmasını belirtmeden geçmek olmaz.</p>
<p>Tüm bunlar nasıl oluyor derseniz, her şey sıvı yağ, pudra şekeri ve unun birleşiminden doğuyor. Ağızda dağılıyor oluşunu sıvı yağa, tatlılığını pudra şekerine ve kıvamını una borçlu. Bu malzemelere bir de lezzet vermesi için vanilin ve portakal kabuğu da ekledik ve lezzetini zirveye çıkardık. Dilerseniz onlar olmadan da nefis bir kurabiye hazırlamanız mümkün.</p>
<p>Hemencecik hazırlayıp pişireceğiniz bu kurabiyeyi kavanozların içerisinde uzunca bir süre saklayabilirsiniz üstelik. İçine farklı malzemeler ekleyebileceğiniz gibi sade de hazırlamanız mümkün. Öyleyse buyursunlar tarifimize. <img src=""https://cdn.yemek.com/assets/images/smiley/smile.png"" class=""wp-smiley img-responsive"" /></p>
",recipe,"['un', 'pudra şekeri', 'pudra şekeri', 'vanilin', 'sıvı yağ', 'portakal kabuğu rendesi']","['Derin bir kabın içerisine sıvı yağı aktarın.', 'Üzerine vanilin, pudra şekerini ilave ederek güzelce karıştırın.', 'Ardından bu karışımın içerisine azar azar un ilave ederek yoğurmaya başlayın.', 'Güzelce yoğururken ele yapışma durumu olursa elinizi hafifçe yağlayarak yoğurma işlemine devam edin.', 'Hamurunuz toparladığında elinizi yağlayın. Cevizden biraz büyük toplar koparın ve güzelce yuvarlayın.', 'Pişirme kağıdı serili bir fırın tepsisinin üzerine kurabiyelerinizi dizin.', 'Önceden ısıtılmış 170 derecelik fırında kontrollü bir biçimde 12-15 dakika arası üzeri hafif kızarıp renk değiştirene kadar pişirin.', 'Çıkarıp oda sıcaklığında dinlendirdikten sonra üzerine pudra şekeri serperek servis edin.']",KURABİYE,239b56,/tarif/kurabiye/,"['Kurabiye', 'Tatlı Kurabiye']","['ekonomik', 'ara öğün', 'çay saati']","['Kahvaltı', 'Çay Saati']",['Fırın'],"['Ekonomik', 'Vejetaryen']",False,900,900,2017-11-01T06:51:52Z,4.0,900549,2817,False,False,False,0,,0,,,,2017/10/margarinsiz-kurabiye-tarifi.jpg,0,0,https://cdn.yemek.com/mnresize/940/940/uploads/2017/10/margarinsiz-kurabiye-tarifi.jpg,940,940,False,https://cdn.yemek.com/mncrop/300/200/uploads/2017/10/margarinsiz-kurabiye-tarifi.jpg,300,200,True,https://cdn.yemek.com/mncrop/940/625/uploads/2017/10/margarinsiz-kurabiye-tarifi.jpg,940,625,True,https://cdn.yemek.com/mncrop/620/388/uploads/2017/10/margarinsiz-kurabiye-tarifi.jpg,620,388,True,https://cdn.yemek.com/mncrop/600/315/uploads/2017/10/margarinsiz-kurabiye-tarifi.jpg,600,315,True,['fırın'],,,,,
849,1843,Yasemin Özaltın,https://cdn.yemek.com/author/35533/20181219061403_avatar.jpg,/profil/yasemingursurer/,Pürüzsüz ve Yumuşacık: Patates Püresi,Patates Püresi,/tarif/patates-puresi/,30 dk,15 dk,"<p>Tereyağı ve süt ilavesiyle hazırlanan patates püresi, başlı başına ana yemek olarak servis edilebildiği gibi pek çok <a href=""https://yemek.com/tarif/"" target=""_blank"">yemek tarifinin</a> yanına yakışan kurtarıcı bir garnitür görevi üstlenir. Bu görev bazen öylesine mühim bir hal alır ki patates püresinin köfteden daha çok alkış aldığı, tavuğun sofrada gölgede bıraktığı, babası patatesi gururlandırdığı anlar vardır.</p>
<p>Her ne kadar çok kolay bir tarif gibi gözükse de patates püresi tarifini tam uygulamayan ve pürenin lezzetini bozuk poğaçaya benzetenler de vardır. O yüzden bu püre tarifine kulak verin.</p>
<p>Patates püresinde süt tadından hoşlananlar, bildik püre tariflerinin dışına çıkıyor ve patatesleri sütte haşlıyoruz.</p>
",recipe,"['tereyağı', 'tuz', 'süt', 'orta boy patates', 'karabiber (arzuya göre)']","['Kabukları soyulmuş patateslerinizi tencere alın ve üzerini geçecek kadar su ilave edin.', 'Ardından yumuşayana kadar pişmeye bırakın. Patateslerinizin pişip pişmediğini bir bıçak yardımıyla kontrol edin.', 'Yumuşayan patateslerinizin suyunu süzdürün. Üzerine tereyağı ilave ederek güzelce ezin.', 'Ardından tuz, karabiber ve sütü ekleyerek güzelce, pürüzsüz bir kıvam alana kadar ezmeye devam edin.', 'Patates püreniz hazır! Afiyet olsun.']",SEBZE,239b56,/tarif/sebze/,"['Sebze', 'Atıştırmalık', 'Video', 'Tuzlu Atıştırmalık', 'Mevsiminde']","['pratik yemek tarifleri', 'ekonomik', 'başlangıç']",['Başlangıç'],['Tencere'],['Ekonomik'],False,1800,900,2015-03-13T14:59:39Z,4.0,882052,5342,False,True,True,0,,0,,,,2015/03/patates-puresi-yemekcom.jpg,0,0,https://cdn.yemek.com/mnresize/940/940/uploads/2015/03/patates-puresi-yemekcom.jpg,940,940,False,https://cdn.yemek.com/mncrop/300/200/uploads/2015/03/patates-puresi-yemekcom.jpg,300,200,True,https://cdn.yemek.com/mncrop/940/625/uploads/2015/03/patates-puresi-yemekcom.jpg,940,625,True,https://cdn.yemek.com/mncrop/620/388/uploads/2015/03/patates-puresi-yemekcom.jpg,620,388,True,https://cdn.yemek.com/mncrop/600/315/uploads/2015/03/patates-puresi-yemekcom.jpg,600,315,True,"['tencere', 'vejetaryen', 'glutensiz', 'düşük karbonhidratlı']",,"['Haziran', 'Temmuz', 'Ağustos', 'Eylül']",,,
850,24008,Neşe Ümit Tan,https://cdn.yemek.com/author/208653/20190910030615_avatar.jpg,/profil/neseumit/,Terbiyesi Kesilmez: Pirinçli Yoğurt Çorbası,Pirinçli Yoğurt Çorbası,/tarif/pirincli-yogurt-corbasi/,25 dk,10 dk,"<p>Mevsim farketmeden afiyetle içilecek bir <a href=""https://yemek.com/tarif/corba/"" target=""_blank"">çorba</a> varsa o da tartışmasız pirinçli yoğurt çorbasıdır. <a href=""https://yemek.com/tarif/"" target=""_blank"">Yemek tarifleri</a> arasında özel bir yeri olan bu çorba o her daim tüketilecek kadar güzel lezzetini yoğurda borçlu. Üstelik hazırlaması da öyle pratik ki! Terbiyesi kesilmeyen, tadı damağınızda kalacak bu nefis lezzeti hazırlamak isteyenler için adım adım resimli anlatımla tarifimizi sizler için hazırladık.</p>
<p><a href=""https://yemek.com/tarif/yayla-corbasi/"" target=""_blank"">Yayla çorbasına</a> benzerliğiyle dikkat çeken, <a href=""https://yemek.com/yogurtlu-corba-tarifleri/"" target=""_blank"">yoğurtlu çorbaların </a>en güzellerinden pirinçli yoğurt çorbasını hazırlarken dikkat etmeniz gereken nokta terbiyesinin kesilmemesi için ısınan suyla ılıtmak ve tencereye eklerken muhakkak karıştırarak ve yavaş yavaş eklemek. Haydi bu nefis yoğurt çorbasını denemek isteyenler, hemen mutfağa!</p>
",recipe,"['pirinç', 'tereyağı', 'tuz', 'yumurta', 'un', 'su', 'yoğurt', 'kuru nane']","['Orta boy bir tencerenin içerisine suyu dökün. İçine pirinçleri ekleyin. Kısık ateşte pirinçler yumuşayana kadar pişirin.', 'Bir kabın içerisine\xa0yoğurt, yumurta ve unu aktarın.', 'Güzelce çırpın ve içerisinde unun topaklanmamasına özen gösterin.', 'Ocağın üzerinde pişen pirinçlerin suyundan bir kepçe alıp güzelce yoğurtlu karışıma yedirin. Ardından bu işlemi birkaç kepçe daha ilave ederek gerçekleştirin.', 'Ocakta pişmekte olan pirinçlerin üzerine yoğurtlu karışımı çok dikkatli bir şekilde, incecik bir ip halinde dökerek bir yandandan da karıştırın.', 'Bu şekilde tüm yoğurdu ilave ettikten sonra kaynayana kadar güzelce karıştırın. Kuru naneyi ve tuzunu da ilave edin.', 'Birkaç dakika daha ocakta pişirmeye devam edin. Bu aşamada kıvamı çok yoğunlaşırsa su ilave edebilirsiniz.', 'Ayrı bir tavanın içerisinde tereyağını eritin ve üzerine kuru naneyi ekleyerek hafifçe yakın. Servis etmeden önce çorbanızın üzerine gezdirin.', 'Ardından çorbanızı servis edin. Afiyetler olsun!']",ÇORBA,,/tarif/corba/,"['Çorba', 'Ramazan']","['pratik yemek tarifleri', 'ekonomik', 'başlangıç', 'akşam yemeği', 'öğle yemeği']","['Başlangıç', 'Öğle Yemeği', 'Akşam Yemeği']",['Tencere'],"['Ekonomik', 'Vejetaryen']",False,1500,600,2020-02-13T07:44:25Z,4.0,875331,5036,False,False,True,0,,0,,,,2019/05/pirincli-yogurt-corbasi-yeni.jpg,0,0,https://cdn.yemek.com/mnresize/940/940/uploads/2019/05/pirincli-yogurt-corbasi-yeni.jpg,940,940,False,https://cdn.yemek.com/mncrop/300/200/uploads/2019/05/pirincli-yogurt-corbasi-yeni.jpg,300,200,True,https://cdn.yemek.com/mncrop/940/625/uploads/2019/05/pirincli-yogurt-corbasi-yeni.jpg,940,625,True,https://cdn.yemek.com/mncrop/620/388/uploads/2019/05/pirincli-yogurt-corbasi-yeni.jpg,620,388,True,https://cdn.yemek.com/mncrop/600/315/uploads/2019/05/pirincli-yogurt-corbasi-yeni.jpg,600,315,True,"['tencere', 'vejetaryen']",greenLight,,,,
851,434,Cemre Özgüzel,https://cdn.yemek.com/author/109/20200211010242_avatar.jpg,/profil/cemre-ozguzel/,Çıtırlığını Uzun Süre Korur: Lokma Tatlısı,Lokma Tatlısı,/tarif/lokma-tatlisi/,20 dk,40 dk,"<p><a href=""https://yemek.com/tarif/serbetli-tatlilar/"" target=""_blank"">Şerbetli tatlı tariflerinin</a> en sevilenlerinden, özellikle İzmir ve çevresi başta olmak üzere Ege'de birçok sokakta mis gibi kokusuyla sizi karşılayan lokma tatlısı aslında evde de çok kolay bir şekilde hazırlanır!</p>
<p>Her evde bulunan malzemelerle yapılan lokma hamuru mis gibi kızartılır, tam kıvamında şerbetiyle buluştuğunda lezzeti devleşir. Porsiyonlaması ve ikramı kolay, sokak satıcısı ve yazlıkların gözde tatlısı lokma, şerbeti ile buluştuktan sonraysa ağızda öyle nefis bir tat bırakır ki bir yiyen bir daha ister.</p>
<p>Sözün kısası evde, ellerinizle hazırlayabileceğiniz en pratik şerbetli tatlılardan olan bu nefis <strong>gerçek lokma</strong> <a href=""https://yemek.com/tarif/tatli/"" target=""_blank"">tatlı</a>sı tarifini mutlaka deneyin.</p>
<p>Tabii yerken de ölçüyü kaçırmayın diyelim ve hemen <a href=""https://yemek.com/tarif/"" target=""_blank"">tarif</a>e geçelim. Şimdiden ellerinize sağlık. <img src=""https://cdn.yemek.com/assets/images/smiley/smile.png"" class=""wp-smiley img-responsive"" /></p>
",recipe,"['limon suyu', 'toz şeker', 'toz şeker', 'ayçiçek yağı', 'un', 'su', 'ılık su', 'kuru maya']","['Lokma tatlısı için 3,5 su bardağı unu geniş bir kabın içine alın ve ortasını havuz şeklinde açın. 1 paket kuru maya, 1 yemek kaşığı toz şeker ilave edin.', '2 su bardağı ılık suyu ilave ederek yoğurmaya başlayın. Ele yapışan ve cıvık bir hamur elde edin.', 'Hamurunuzun üzerini kapatın, oda sıcaklığında 1 saat mayalandırın.', 'Hamur mayalanırken şerbetini hazırlayın. Tencerenin içerisine 2 su bardağı toz şeker ve 1,5 su bardağı suyu aktarın. Şeker eriyince limon suyunu ilave edin. Hafif kaynayınca ocaktan alın ve soğumaya bırakın.', 'Mayalanan hamuru sıkma torbasına aktarın.', 'Yağlanmış mutfak makası yardımıyla hamurunuzdan küçük toplar kesin. Kızgın yağın içerisinde kızartın.', 'Kızan lokmaları kevgir yardımıyla alın ve soğuk şerbetin içerisine atın. 10 saniye kadar şerbetin içerisinde tutun.', 'Üzerine tarçın serperek nefis lokmalarınızı servis edebilirsiniz. Afiyet olsun.']",ŞERBETLİ TATLI,239b56,/tarif/serbetli-tatlilar/,"['Tatlı', 'Şerbetli Tatlı', 'Ramazan', 'Video']","['ekonomik', 'ara öğün']",['Çay Saati'],['Kızartma'],['Ekonomik'],False,1200,2400,2019-03-18T13:30:38Z,4.0,859996,2472,False,True,True,0,,0,,,,2014/08/lokma-yemekcom.jpg,0,0,https://cdn.yemek.com/mnresize/940/940/uploads/2014/08/lokma-yemekcom.jpg,940,940,False,https://cdn.yemek.com/mncrop/300/200/uploads/2014/08/lokma-yemekcom.jpg,300,200,True,https://cdn.yemek.com/mncrop/940/625/uploads/2014/08/lokma-yemekcom.jpg,940,625,True,https://cdn.yemek.com/mncrop/620/388/uploads/2014/08/lokma-yemekcom.jpg,620,388,True,https://cdn.yemek.com/mncrop/600/315/uploads/2014/08/lokma-yemekcom.jpg,600,315,True,"['vejetaryen', 'kızartma']",,,,,
852,1621,Yasemin Özaltın,https://cdn.yemek.com/author/35533/20181219061403_avatar.jpg,/profil/yasemingursurer/,Sonuç Mükemmel: Fırında Makarna,Fırında Makarna,/tarif/firinda-makarna/,25 dk,20 dk,"<p><a href=""https://yemek.com/tarif/hamur-isi/"" target=""_blank"">Hamur işlerine</a> olan ülkece yatkınlığımızı hepimiz kabul ederiz. Bu işin ana vatanı İtalya olsa da mesela <a href=""https://yemek.com/tarif/makarna/"" target=""_blank"">makarna</a> konusunda yüzlerce çeşitle onlardan aşağı kalmayız. Yeri gelir soslarla şov yaparız, yeri gelir erişteden makarna yaparız, yeri gelir fırınlarız, yeri gelir öğrenci evi gibi ketçap mayonezle yeriz. Ama biz bu işi biliriz. Bugün de fırınlıyoruz.</p>
<p>Spagettinin kalını, içi derin boşluklu fırın makarnaları özenle haşladıktan sonra özel sosuyla buluşturuyor, rendelenmiş kaşar peyniri ilavesiyle üzeri nar gibi kızarana kadar fırınlıyoruz. Pek kolay ve pratik olan beşamel soslu fırında makarna tarifimiz hazır olduğu gibi sofraya alıyor ve afiyetle sevdiklerimizle paylaşıyoruz.</p>
<p>Fırında peynirli makarna tarifi arayanları da unutmuyor, onları buraya davet ediyoruz: <a href=""https://yemek.com/tarif/beyaz-peynirli-firinda-makarna/"" target=""_blank"">Beyaz Peynirli Fırında Makarna Tarifi</a></p>
<p>""Ben fırında makarna çeşitlerini görmek istiyorum"" diyorsanız şöyle de buyurabilirsiniz: <a href=""https://yemek.com/firinda-makarna-tarifleri/"" target=""_blank"">Fırında Makarna Aşkını Doya Doya Yaşatan 10 Malzemesine Dolgun Tarif</a></p>
",recipe,"['tereyağı', 'süt', 'un', 'rendelenmiş kaşar peyniri', 'fırın makarna', 'muskat cevizi', 'sıvı yağ']","['Beşamel sosu hazırlamak için; 4 yemek kaşığı tereyağı ve 2 yemek kaşığı sıvı yağı bir sos tenceresinde kızdırın.', 'Ardından 3 yemek kaşığı unu üzerine ilave edin ve kokusu çıkana kadar kavurun.', '2,5 su bardağı sütü de sos tenceresine ilave edip iyice karıştırın ve karışım koyulaşana kadar orta ateşte pişirin. Ara ara karıştırmayı ihmal etmeyin.', 'Pişmiş olan beşamel sosun üzerine yarım muskat rendeleyip karıştırın ve ocaktan alın. Arzuya göre tuz ve karabiber ile tatlandırın.', '<div>Derin bir tencerede kaynamış olan tuzlu suyun içine fırın makarnayı atın ve 10 dakika, yumuşayana kadar pişirin. Ocaktan alıp, suyunu süzdürün.</div>\n&nbsp;', 'Geniş bir kabın içerisinde, süzülmüş olan makarnayı ve beşamel sosu güzelce karıştırın.', 'Makarnayı, pişireceğiniz fırın kabına alın ve üzerine 1,5 su bardağı rendelenmiş kaşar peyniri\xa0serpiştirin.', '<div>Önceden ısıtılmış 190 derece fırında 25 dakika pişirin. İlk sıcaklığı geçtikten sonra dilimleyin ve servis edin. Fırın makarnamız hazır, afiyet olsun!</div>']",MAKARNA,239b56,/tarif/makarna/,"['Makarna', 'Video']","['ekonomik', 'akşam yemeği', 'öğle yemeği']","['Öğle Yemeği', 'Akşam Yemeği']",,,False,1500,1200,2019-04-04T07:35:51Z,4.0,961687,7167,False,True,True,0,,0,,,,2015/02/firin-makarna-yemekcom-yeni.jpg,0,0,https://cdn.yemek.com/mnresize/940/940/uploads/2015/02/firin-makarna-yemekcom-yeni.jpg,940,940,False,https://cdn.yemek.com/mncrop/300/200/uploads/2015/02/firin-makarna-yemekcom-yeni.jpg,300,200,True,https://cdn.yemek.com/mncrop/940/625/uploads/2015/02/firin-makarna-yemekcom-yeni.jpg,940,625,True,https://cdn.yemek.com/mncrop/620/388/uploads/2015/02/firin-makarna-yemekcom-yeni.jpg,620,388,True,https://cdn.yemek.com/mncrop/600/315/uploads/2015/02/firin-makarna-yemekcom-yeni.jpg,600,315,True,['fırın'],,,,,
853,47391,Gökçen Mutaf,https://cdn.yemek.com/author/23120/20181227103819_avatar.jpeg,/profil/gokcenmutaf/,Sadece 10 Dakikada: Etsiz Çiğ Köfte,Etsiz Çiğ Köfte,/tarif/etsiz-cig-kofte/,10 dk,10 dk,"<p><a href=""https://yemek.com/tarif/etli-cig-kofte/"" target=""_blank"">Çiğ köfte tarifini</a> biz hep uzun uzun yoğrulan, maharet isteyen, herkesin kolaylıkla yapamayacağı bir tarif olarak biliyoruz. Urfa başta olmak üzere Güney Doğu'nun en sevilen tariflerinden biri olan <a href=""https://yemek.com/tarif/etsiz-cig-kofte-2/"" target=""_blank"">çiğ köfte</a> orijinalinde etli çiğ köfte olarak yapılıp sunulan bir tarif. Ancak evde daha ekonomik bir şekilde yapılmak istendiğinde elimiz hep etsiz çiğ köfte tarifine gidiyor. Onun da yoğrulması bir hayli zaman alıyor. Gelin, şu işi daha kolaylaştıralım. Karşınızda, en kolay ve lezzetlisinden: <strong>Etsiz çiğ köfte tarifi!</strong></p>
<p>Bu çiğ köfte tarifi yoğrulmadan, robotta tüm malzemelerin çekilmesiyle hazırlanıyor. Bu şekilde hem zamanda kazanılıyor hem de <strong>yoğurmadan enfes çiğ köfte</strong> hazırlanmış oluyor. Hadi o zaman şimdiden ellerinize sağlık diyor, bu pratik <a href=""https://yemek.com/tarif/mezeler/"" target=""_blank"">meze tariflerinden</a> biri olan etsiz çiğ köfte tarifine buyur ediyoruz sizleri. ''Çiğ köfte nasıl yapılır?'' sorunuzun cevabı tarifimizde saklı!</p>
",recipe,"['sıcak su', 'tuz', 'limon suyu', 'zeytinyağı', 'domates salçası', 'nar ekşisi', 'isot', 'soğan', 'tatlı toz kırmızı biber', 'esmer bulgur']","['Bulguru derince bir kaba alın ve üstüne 1,5 bardak sıcak suyu gezdirin. Üstünü kapatıp 10 dakika beklemeye alın.', 'Bulgur kabarırken soğanı robottan çekin.', 'Soğanı tel bir süzgece alarak fazla suyunu sıkın.', 'İsotu da bir kaseye alın ve üstüne sıcak su ekleyip 5 dakika kadar beklemeye alın.', 'Bulgur kabardıktan sonra, mutfak robotuna kabarmış bulguru alın ve üstüne, robottan çektiğiniz kuru soğanı, ıslanmış isotu (suyuyla birlikte), limon suyunu, nar ekşisini, zeytinyağını, tuzu, salçayı ve kırmızı biberi ekleyip, robottan ara ara durdurarak 10 dakika kadar çekin.', 'Sonra bir kaba alın ve elinize birkaç dakika daha yoğurun.', 'Klasik çiğ köfte şeklini verin.', 'Dilerseniz dürüm şeklinde de servis edebilirsiniz.', 'Suşi şeklini vermek için ise hazırladığınız dürümü halka halka doğrarsanız harika olur. Afiyet olsun!']",MEZE,239b56,/tarif/mezeler/,"['Özel Beslenme', 'Vejetaryen', 'Atıştırmalık', 'Meze', 'Vegan', 'Video', 'Tuzlu Atıştırmalık']",['ekonomik'],"['Öğle Yemeği', 'Akşam Yemeği']",,"['Ekonomik', 'Vejetaryen', 'Vegan']",False,600,600,2020-10-01T07:15:08Z,4.0,952286,3376,False,True,True,0,,0,,,,2020/10/etsiz-cig-kofte-yemekcom.jpg,0,0,https://cdn.yemek.com/mnresize/940/940/uploads/2020/10/etsiz-cig-kofte-yemekcom.jpg,940,940,False,https://cdn.yemek.com/mncrop/300/200/uploads/2020/10/etsiz-cig-kofte-yemekcom.jpg,300,200,True,https://cdn.yemek.com/mncrop/940/625/uploads/2020/10/etsiz-cig-kofte-yemekcom.jpg,940,625,True,https://cdn.yemek.com/mncrop/620/388/uploads/2020/10/etsiz-cig-kofte-yemekcom.jpg,620,388,True,https://cdn.yemek.com/mncrop/600/315/uploads/2020/10/etsiz-cig-kofte-yemekcom.jpg,600,315,True,['vejetaryen'],,,,,
854,140,Yasemin Özaltın,https://cdn.yemek.com/author/35533/20181219061403_avatar.jpg,/profil/yasemingursurer/,Tam Kıvamında: Kadınbudu Köfte,Kadınbudu Köfte,/tarif/kadinbudu-kofte/,5 dk,25 dk,"<p>Kadınbudu köfte, kendisine bu topraklarda <a href=""https://yemek.com/tarif/kofte/"" target=""_blank"" rel=""noopener"">köfte</a> dedirtme konusunda en başarılı tariflerden biri. Mesela neredeyse bütün köfteler pilavla çok iyi giderken, kadınbudu gitmez. Ancak patates püresiyle diğer bütün köftelerden daha güzel olur. Biraz hercai anlayacağınız.</p>
<p>Neyse bu kadar konuştuktan sonra bu akşam ve hatta ilk fırsatta <a href=""https://yemek.com/tarif/"" target=""_blank"" rel=""noopener"">yemek tariflerinin</a> en güzellerinden olan <strong>kadınbudu köfte</strong>yi yapmak bize farz oldu. Aşağıda bize eşlik etmek isteyenler için videolu tarifi var. Üstelik en <strong>tam kıvamında</strong>, en lezzetli haliyle bizlerle! Dileyen gelebilir, sofrasını güzelleştirebilir.</p>
<p>Haydi herkese afiyet olsun!</p>",recipe,"['kuru soğan', 'tuz', 'yumurta', 'yumurta', 'ayçiçek yağı', 'un', 'sarımsak', 'karabiber', 'orta yağlı kıyma', 'kimyon', 'haşlanmış pirinç', 'galeta unu']","['<p>Kadınbudu köfte için 1/2 su bardağı pirinci tuz ve su ile birlikte hafif yumuşayana kadar kaynatın. Çok yumuşamamasına dikkat edin.\xa0Bir tavada zeytinyağı ile soğanları\xa0 yumuşayana kadar kavurun.\xa0Sarımsakları da ekleyip kavurmaya devam edin.</p>', '<p>Kıymanın yarısını soğan ve sarımsakların içerisine alın ve suyunu salıp, çekene kadar kavurun. Pişen kıymaları ocaktan alın ve soğumaya bırakın.</p>', '<p>Geniş bir kasede çiğ kıyma, un, haşlanmış pirinç, pişip soğuyan soğanlı kıyma harcını, yumurta ve tüm baharatları bir araya getirip yoğurun.\xa0Yoğurduktan sonra üzerine streç çekip 20 dakika buzdolabında bekletin.</p>', '<p>Bekleyen harçtan yumurtadan biraz daha büyük parçalar koparıp yuvarlayarak şekil verin.</p>', '<p>Şekil verilmiş köfteleri önce un ve galeta unu karışımına, sonra yumurtaya batırın.</p>', '<p>Kadınbudu köfteleri kızgın yağda kızartın. Servis ederken püre ve sotelenmiş sebzeler ile servis edebilirsiniz, afiyet olsun!</p>']",KÖFTE,239b56,/tarif/kofte/,"['Et', 'Köfte', 'Ramazan', 'Video']",,"['Başlangıç', 'Öğle Yemeği', 'Ara Öğün', 'Akşam Yemeği']","['Kızartma', 'Ocak']",,False,300,1500,2021-10-18T08:41:49Z,4.0,944096,5753,False,True,True,0,,0,,,,2021/10/kadinbudu-kofte-yemekcom.jpg,0,0,https://cdn.yemek.com/mnresize/940/940/uploads/2021/10/kadinbudu-kofte-yemekcom.jpg,940,940,False,https://cdn.yemek.com/mncrop/300/200/uploads/2021/10/kadinbudu-kofte-yemekcom.jpg,300,200,True,https://cdn.yemek.com/mncrop/940/625/uploads/2021/10/kadinbudu-kofte-yemekcom.jpg,940,625,True,https://cdn.yemek.com/mncrop/620/388/uploads/2021/10/kadinbudu-kofte-yemekcom.jpg,620,388,True,https://cdn.yemek.com/mncrop/600/315/uploads/2021/10/kadinbudu-kofte-yemekcom.jpg,600,315,True,,,,,,
855,233,Yasemin Özaltın,https://cdn.yemek.com/author/35533/20181219061403_avatar.jpg,/profil/yasemingursurer/,Kalem Gibi Sarılır: Zeytinyağlı Yaprak Sarma,Zeytinyağlı Yaprak Sarma,/tarif/zeytinyagli-yaprak-sarma/,45 dk,40 dk,"<p>Bayram yemeklerinden altın günlerine kadar günün her anı yenilebilecek, en sevilen, en zamansız <a href=""https://yemek.com/tarif/"" target=""_blank"">yemek tariflerinden</a> biridir zeytinyağlı yaprak sarma. Belli başlı püf noktaları ve lezzet sırlarını takip edip, biraz zaman ayırdıktan sonra harika sarmalar hazırlayabilirsiniz. İncecik sarılan, bol zeytinyağlı ve limonlu olanı makbuldür yaprak sarmanın. İsterseniz salamura asma yaprağı kullanarak isterseniz de taze asma yaprağı kullanarak hazırlayabilirsiniz onu. Karşınızda yemelere doyamayacağınız zeytinyağlı yaprak sarma tarifi!</p>
<p>Tarifin en önemli sırrı yaprakların içini çok fazla doldurmamakta saklı. Bu sayede yapraklar pişerken patlamayacak ve tam kıvamında olacaklar. Yaprak sarması nasıl yapılır, yaprak sarması içi nasıl hazırlanır, yaprak sarma nasıl pişirilir diyenlere de adım adım görselli bir şekilde <a href=""https://yemek.com/tarif/zeytinyaglilar/"" target=""_blank"">zeytinyağlı</a> yaprak sarma yapımını anlatıyoruz tarifimizde. Bu tarif kaçmaz diyor, lezzeti ve görünümü mükemmel, en güzel zeytinyağlı yaprak sarma tarifine alıyoruz sizleri.</p>
<p>Dilerseniz taze yaprak sarması tarifimize de <a href=""https://yemek.com/tarif/taze-yaprak-sarmasi/"" target=""_blank"">şuradan</a> bakabilirsiniz.</p>
",recipe,"['pirinç', 'kuru soğan', 'sıcak su', 'sıcak su', 'nane', 'tuz', 'zeytinyağı', 'zeytinyağı', 'karabiber', 'tarçın', 'limon', 'kuş üzümü', 'dolmalık fıstık', 'asma yaprağı', 'yenibahar']","['Sarmanın iç harcını hazırlamak için; yarım su bardağı zeytinyağını geniş tabanlı bir tencerede kızdırın. 3 adet rendelenmiş soğanı hafif renk alana kadar kavurun. Ardından üzerine 1,5 yemek kaşığı dolmalık fıstığı da\xa0 koyup kavurmaya devam edin.', 'Ilık suda 5 dakika kadar bekletip suyunu süzdürdüğünüz 1,5 su bardağı pirinci soğanlarla birlikte, pirinçler şeffaf bir görünüm kazanana kadar kavurun.', ""Ardından sırasıyla; 1 yemek kaşığı kuş üzümü, 1'er çay kaşığı tuz, karabiber, yenibahar ve tarçın ekleyip karıştırın."", 'Yaklaşık 1 su bardağı sıcak suyu da ilave edin ve iç harcı kısık ateşte 5 dakika kadar pişirdikten sonra ocaktan alın.', 'Salamura asma yapraklarını tezgahın üzerinde damarlı kısımları üstte kalacak şekilde açın. Her bir yaprağın orta kısmına; hazırlayıp, ılıttığınız iç harçtan birer tatlı kaşığı kadar paylaştırın.', 'Kenar kısımlarını içe alıp, geniş kısmından uç kısmına doğru ilerleyin.', 'Tüm yaprakları sıkı bir şekilde sarın.', 'Sarma tenceresinin tabanını birkaç adet asma yaprağı ile kaplayın.', 'Hazırladığınız sarmaları, sıra halinde, yan yana dizin. Limonu halka halka dilimledikten sonra sarmaların üzerine yerleştirin.', 'Pişme esnasında açılmamaları için; üzerlerine düz bir servis tabağı kapatın. 1,5 su bardağı sıcak su ve 2 yemek kaşığı zeytinyağını da tencereye ekledikten sonra\xa0sarmaları, kısık ateşte yaklaşık 35 dakika pişirin.', 'Arzuya göre; ılık ya da soğuk olarak servis edin.']",ZEYTİNYAĞLI,239b56,/tarif/zeytinyaglilar/,"['Sebze', 'Ramazan', 'Zeytinyağlı', 'Video']","['ekonomik', 'başlangıç', 'akşam yemeği', 'öğle yemeği']","['Başlangıç', 'Çay Saati']",['Tencere'],"['Ekonomik', 'Vejetaryen', 'Düşük Kalorili']",False,2700,2400,2019-05-06T11:59:14Z,4.0,941586,5114,False,True,True,0,,0,,,,2014/07/zeytinyagli-yaprak-sarmasi-yemekcom.jpg,0,0,https://cdn.yemek.com/mnresize/940/940/uploads/2014/07/zeytinyagli-yaprak-sarmasi-yemekcom.jpg,940,940,False,https://cdn.yemek.com/mncrop/300/200/uploads/2014/07/zeytinyagli-yaprak-sarmasi-yemekcom.jpg,300,200,True,https://cdn.yemek.com/mncrop/940/625/uploads/2014/07/zeytinyagli-yaprak-sarmasi-yemekcom.jpg,940,625,True,https://cdn.yemek.com/mncrop/620/388/uploads/2014/07/zeytinyagli-yaprak-sarmasi-yemekcom.jpg,620,388,True,https://cdn.yemek.com/mncrop/600/315/uploads/2014/07/zeytinyagli-yaprak-sarmasi-yemekcom.jpg,600,315,True,"['tencere', 'vejetaryen', 'glutensiz']",,,,,
856,1806,Yasemin Özaltın,https://cdn.yemek.com/author/35533/20181219061403_avatar.jpg,/profil/yasemingursurer/,Ege Usulü: Zeytinyağlı Enginar,Zeytinyağlı Enginar,/tarif/enginar/,1 sa,30 dk,"<p>İçerdiği vitamin ve mineral değerleriyle tüm <a href=""https://yemek.com/tarif/"" target=""_blank"">yemek tarifleri</a> ve <strong><a href=""https://yemek.com/tarif/zeytinyaglilar/"" target=""_blank"">zeytinyağlılar</a></strong> içinde kendine ayrı bir yer bulması yetmezmiş gibi baharı müjdeleyen ve sağlık dostu sebzelerin başında gelen <a href=""https://yemek.com/tarif/baklali-enginar/"" target=""_blank"">enginarı</a>, zeytinyağı ve garnitür olarak bilinen <a href=""https://yemek.com/tarif/sebze/"" target=""_blank"">sebze</a> karışımıyla pişirmeye ne dersiniz?</p>
<p>Mart ayının gelişiyle pazar tezgahlarında yavaş yavaş yerini almaya başlayan enginarın gelişini <strong>sağlıklı bir sofra</strong> hazırlayarak kutlamak gerek. <strong><a href=""https://yemek.com/tarif/zeytinyaglilar/"" target=""_blank"">Zeytinyağlı tariflerinin</a> </strong>en sevilenlerinden zeytinyağlı enginar adım adım resimli ve videolu anlatımıyla karşınızda!</p>
<p>Unutmadan: Enginarı sadece lezzeti için değil sağlık için de tüketenlerdenseniz, yaprak kısımlarını ziyan etmeyin. Bu tarifte yerleri olmayabilir ancak onları çiğ ya da zeytinyağlı olarak <strong>salata</strong> yapımında kullanabilirsiniz.</p>
",recipe,"['tuz', 'toz şeker', 'patates', 'su', 'zeytinyağı', 'dondurulmuş bezelye', 'dereotu', 'orta boy kuru soğan', 'taze sıkılmış limon suyu', 'büyük boy havuç', 'ayıklanmış enginar']","['Bir tavada yarım su bardağı zeytinyağı ile 1 adet küp doğranmış soğanı hafif pembeleşinceye kadar kavurun.', ""Üzerine küp doğranmış ve haşlanmış, 1'er adet patates ve havucu da ekleyip 2-3 dakika bu şekilde kavurun."", '1 su bardağı bezelyeyi de üzerine ekledikten 3-4 dakika sonra garnitürünüzü ocaktan alın.', 'Enginarları pişireceğiniz sosu hazırlamak için bir kapta 2 adet sıkılmış limon suyu, 1 su bardağı su,\xa0 1 tatlı kaşığı toz şeker, 1 çay kaşığı tuz ve 2 yemek zeytinyağını karıştırın.', 'Geniş bir tencereye 8 adet enginarı yerleştirin ve üzerlerine hazırladığınız garnitürden koyun.', 'Limonlu su karışımını da tencereye aktarın.', 'Enginarı sofralarınızda soğuk olarak servis edin, afiyet olsun.', 'Ardından kapağını kapatıp, enginarlar yumuşayana kadar pişirin.']",ZEYTİNYAĞLI,239b56,/tarif/zeytinyaglilar/,"['Sebze', 'Özel Beslenme', 'Vejetaryen', 'Diyet', 'Zeytinyağlı', 'Vegan', 'Video', 'Mevsiminde']","['akşam yemeği', 'diyet', 'öğle yemeği']","['Öğle Yemeği', 'Akşam Yemeği']",['Tencere'],"['Ekonomik', 'Vejetaryen', 'Düşük Kalorili', 'Düşük Karbonhidratlı', 'Vegan']",False,3600,1800,2022-03-22T07:15:40Z,4.0,940507,6313,False,True,True,0,,0,,,,2015/03/zeytinyagli-enginar-yemekcom.jpg,0,0,https://cdn.yemek.com/mnresize/940/940/uploads/2015/03/zeytinyagli-enginar-yemekcom.jpg,940,940,False,https://cdn.yemek.com/mncrop/300/200/uploads/2015/03/zeytinyagli-enginar-yemekcom.jpg,300,200,True,https://cdn.yemek.com/mncrop/940/625/uploads/2015/03/zeytinyagli-enginar-yemekcom.jpg,940,625,True,https://cdn.yemek.com/mncrop/620/388/uploads/2015/03/zeytinyagli-enginar-yemekcom.jpg,620,388,True,https://cdn.yemek.com/mncrop/600/315/uploads/2015/03/zeytinyagli-enginar-yemekcom.jpg,600,315,True,"['tencere', 'vejetaryen', 'bol proteinli', 'bol lifli', 'glutensiz', 'düşük kalorili']",,"['Mart', 'Nisan', 'Mayıs']",,,
857,185,Cemre Özgüzel,https://cdn.yemek.com/author/109/20200211010242_avatar.jpg,/profil/cemre-ozguzel/,Sandığınızdan da Kolay: Köstebek Pasta,Köstebek Pasta,/tarif/kostebek-pasta/,40 dk,40 dk,"<p><a href=""https://yemek.com/tarif/mini-kostebek-pasta/"" target=""_blank"">Köstebek pasta</a> <a href=""https://yemek.com/tarif/"" target=""_blank"">tarif</a>i biraz zaman alan, yaratıcı ve gösterişli pasta tariflerinden biridir. Yapılışı zor şeklinde rivayetler olsa da aslında çok basittir. Yuvarlak ve kelepçeli bir <a href=""https://yemek.com/tarif/kek/"" target=""_blank"">kek</a> kalıbında, kakaolu kabarık bir kek hazırlanır öncelikle. Kekin orta kısmı bir kaşık yardımıyla çıkartılır, ufalanarak toz haline getirilir. Orta kısımda kalan boşluk uzun ince muz dilimleriyle doldurulur. Önceden hazırlayıp soğuttuğunuz krema ile üzeri kümbet gibi kapatılır. Pastaya toprak görünümü verecek olan kek parçaları üzerine serpiştirilir. Bol meyveli, muzlu bu pasta, çay eşliğinde <a href=""https://yemek.com/tarif/tatli/"" target=""_blank"">tatlı</a> olarak dilim dilim yenilir. Evde hazırlanan en kolay pastalardan biridir.</p>
<p>Misafir oturmasına götürmelik, sevdiklerinizle paylaşmalık köstebek <a href=""https://yemek.com/tarif/pasta-tatli/"" target=""_blank"">pasta tarifi</a> geliyor. Afiyet olsun!</p>
",recipe,"['yumurta', 'toz şeker', 'süt', 'un', 'vanilya', 'kabartma tozu', 'toz krem şanti', 'kakao', 'soğuk süt', 'muz', 'sıvı yağ']","['Geniş bir kabın içerisine yumurtaları alın. Toz şekeri de üzerine ilave edin.', 'Krema kıvamını alana kadar güzelce çırpın.', 'Üzerine ayçiçek yağı ve yarım su bardağı sütü ilave ederek bir süre daha çırpın.', 'Kabartma tozu ve vanilyayı ekleyin. Un ve kakaoyu eleyerek harca ilave edin.', 'Spatula yardımıyla karıştırın.', 'Tereyağı ile yağladığınız yuvarlak fırın kalıbına kek karışımını boşaltın. Önceden ısıtılmış 175 derece fırında 30-35 dakika kadar pişirin.', 'Pastanın şantisini hazırlamak için; toz krem şantiyi bir kabın içine alın ve soğuk sütü ekleyin.', 'Birlikte güzelce çırpın.', 'Pişen keki fırından alın ve ılınması için beklettikten sonra kalıptan çıkartın.', 'Kekin üst kısmını bıçak yardımıyla dikkatli bir şekilde alın.', 'Üzerini düz bir hale getirin. Ardından bıçak yardımıyla çok derine girmeden, 4 parçaya bölün ve parçaları dikkatli bir şekilde çıkarın.', 'İç kısımlarını kaşık yardımıyla kenardan birkaç cm boşluk kalacak şekilde çıkarın.', 'Muzların kabuklarını soyun ve kekin tabanına dikkatli bir şekilde yerleştirin.', 'Ardından üzerini hazırladığınız krem şanti ile kaplayın.', 'Çıkardığınız kek içini rondodan geçirin.', 'Pastanızın üzerini bu keklerle kaplayın.', 'Buzdolabında en az 3 saat kadar dinlendirin ve dilimleyerek servis edin. Afiyet olsun.']",PASTA,239b56,/tarif/pasta-tatli/,"['Tatlı', 'Pasta', 'Video']","['ekonomik', 'çay saati']",['Çay Saati'],['Fırın'],['Ekonomik'],False,2400,2400,2019-05-02T08:36:54Z,4.0,934723,3943,False,True,True,0,,0,,,,2014/06/kostebek-pasta-yemekcom.jpg,0,0,https://cdn.yemek.com/mnresize/940/940/uploads/2014/06/kostebek-pasta-yemekcom.jpg,940,940,False,https://cdn.yemek.com/mncrop/300/200/uploads/2014/06/kostebek-pasta-yemekcom.jpg,300,200,True,https://cdn.yemek.com/mncrop/940/625/uploads/2014/06/kostebek-pasta-yemekcom.jpg,940,625,True,https://cdn.yemek.com/mncrop/620/388/uploads/2014/06/kostebek-pasta-yemekcom.jpg,620,388,True,https://cdn.yemek.com/mncrop/600/315/uploads/2014/06/kostebek-pasta-yemekcom.jpg,600,315,True,['fırın'],,,,,
858,611,Cemre Özgüzel,https://cdn.yemek.com/author/109/20200211010242_avatar.jpg,/profil/cemre-ozguzel/,Kıvamı Hep Tutar: Portakallı Kek,Portakallı Kek,/tarif/portakalli-kek/,35 dk,15 dk,"<p>Kış ayları gelince özellikle, keyfi ve lezzeti bir başka olur <a href=""https://yemek.com/portakalli-pratik-tarifler/"" target=""_blank"" rel=""noopener"">portakallı</a> kekin. Portakal kabuğunun o misler gibi kokan kokusu harca girer, piştikçe kokusu tüm eve yayılır. <a href=""https://yemek.com/tarif/kek/"" target=""_blank"" rel=""noopener"">Kek</a> kokusunun huzuru yüzlerde gülümse oluşturur, yemelere doyum olmaz. <a href=""https://yemek.com/tarif/"" target=""_blank"" rel=""noopener"">Tarif</a>in en zor anı fırından çıkınca dinlenmesini beklemek. <a href=""https://yemek.com/tarif/portakalli-anne-kurabiyesi/"" target=""_blank"" rel=""noopener"">Portakall</a>ı kek yapmanın da bazı önemli püf noktaları var. Bunlara dikkat edilmediği durumlarda kekin kıvamı tam istenilen gibi olmuyor. Gelin bugün ölçüleri sizi hiç yanıltmayan enfes bir <strong>portakallı kek tarifi</strong> hazırlayalım!</p>
<p>Keki hazırlarken portakal kabuklarının beyaz kısımlarına denk getirmeden rendelemeye özen gösterin. İçerisine dilerseniz<strong> ceviz, fındık, badem, damla çikolata </strong>gibi malzemeler de ilave edebilirsiniz. Şimdiden ellerinize sağlık diyor, mis gibi kokan tarifimize buyur ediyoruz. Afiyet olsun!</p>",recipe,"['tereyağı', 'yumurta', 'toz şeker', 'un', 'vanilya', 'kabartma tozu', 'portakal suyu', 'rendelenmiş portakal kabuğu', 'sıvı yağ']","['<p>Portakallı kek için oda sıcaklığındaki yumurtaları şekerle birlikte bir kaba alın.</p>', '<p>Güzelce çırpın.</p>', '<p>Ardından üzerine sıvı yağ ve portakal suyunu da ekleyerek çırpmaya devam edin.</p>', '<p>Un, kabartma tozu ve vanilini eleyerek harca ekleyin.</p>', '<p>Kıvam alana kadar çırpın.</p>', '<p>Yağlanmış kek kalıbına harcı aktarın.</p>', '<p>170 derecede önceden ısıtılmış fırında kontrollü olarak 35- 40 dakika pişirin.</p>', '<p>Oda sıcaklığında soğutun.</p>', '<p>Daha sonra kalıptan çıkarıp dilimleyerek servis edin.</p>', '<p>Afiyet olsun!</p>']",TATLI KEK,239b56,/tarif/tatli-kek/,"['Kek', 'Video', 'Tatlı Kek']",,['Çay Saati'],['Fırın'],,False,2100,900,2021-02-25T05:30:36Z,4.0,905102,4237,False,True,True,0,,0,,,,2021/02/portakalli-kek-tarifi-yemekcom.jpg,0,0,https://cdn.yemek.com/mnresize/940/940/uploads/2021/02/portakalli-kek-tarifi-yemekcom.jpg,940,940,False,https://cdn.yemek.com/mncrop/300/200/uploads/2021/02/portakalli-kek-tarifi-yemekcom.jpg,300,200,True,https://cdn.yemek.com/mncrop/940/625/uploads/2021/02/portakalli-kek-tarifi-yemekcom.jpg,940,625,True,https://cdn.yemek.com/mncrop/620/388/uploads/2021/02/portakalli-kek-tarifi-yemekcom.jpg,620,388,True,https://cdn.yemek.com/mncrop/600/315/uploads/2021/02/portakalli-kek-tarifi-yemekcom.jpg,600,315,True,,,,,,
859,25072,Cemre Özgüzel,https://cdn.yemek.com/author/109/20200211010242_avatar.jpg,/profil/cemre-ozguzel/,Ağızda Dağılan Kıvamıyla: Margarinsiz Kurabiye,Margarinsiz Kurabiye,/tarif/margarinsiz-kurabiye/,15 dk,15 dk,"<p>İçinde margarin ya da tereyağı yok, yumurta yok, kabartma tozu yok... Tüm bu malzemelerin yokluğuna rağmen yumuşacık, kıyır kıyır bir kıvamı, dillere destan bir lezzeti var. Bu kurabiyenin bir özelliğini daha antalım. Çok kısa sürede hazırlanması ve az malzemeli olmasını belirtmeden geçmek olmaz.</p>
<p>Tüm bunlar nasıl oluyor derseniz, her şey sıvı yağ, pudra şekeri ve unun birleşiminden doğuyor. Ağızda dağılıyor oluşunu sıvı yağa, tatlılığını pudra şekerine ve kıvamını una borçlu. Bu malzemelere bir de lezzet vermesi için vanilin ve portakal kabuğu da ekledik ve lezzetini zirveye çıkardık. Dilerseniz onlar olmadan da nefis bir kurabiye hazırlamanız mümkün.</p>
<p>Hemencecik hazırlayıp pişireceğiniz bu kurabiyeyi kavanozların içerisinde uzunca bir süre saklayabilirsiniz üstelik. İçine farklı malzemeler ekleyebileceğiniz gibi sade de hazırlamanız mümkün. Öyleyse buyursunlar tarifimize. <img src=""https://cdn.yemek.com/assets/images/smiley/smile.png"" class=""wp-smiley img-responsive"" /></p>
",recipe,"['un', 'pudra şekeri', 'pudra şekeri', 'vanilin', 'sıvı yağ', 'portakal kabuğu rendesi']","['Derin bir kabın içerisine sıvı yağı aktarın.', 'Üzerine vanilin, pudra şekerini ilave ederek güzelce karıştırın.', 'Ardından bu karışımın içerisine azar azar un ilave ederek yoğurmaya başlayın.', 'Güzelce yoğururken ele yapışma durumu olursa elinizi hafifçe yağlayarak yoğurma işlemine devam edin.', 'Hamurunuz toparladığında elinizi yağlayın. Cevizden biraz büyük toplar koparın ve güzelce yuvarlayın.', 'Pişirme kağıdı serili bir fırın tepsisinin üzerine kurabiyelerinizi dizin.', 'Önceden ısıtılmış 170 derecelik fırında kontrollü bir biçimde 12-15 dakika arası üzeri hafif kızarıp renk değiştirene kadar pişirin.', 'Çıkarıp oda sıcaklığında dinlendirdikten sonra üzerine pudra şekeri serperek servis edin.']",KURABİYE,239b56,/tarif/kurabiye/,"['Kurabiye', 'Tatlı Kurabiye']","['ekonomik', 'ara öğün', 'çay saati']","['Kahvaltı', 'Çay Saati']",['Fırın'],"['Ekonomik', 'Vejetaryen']",False,900,900,2017-11-01T06:51:52Z,4.0,900549,2817,False,False,False,0,,0,,,,2017/10/margarinsiz-kurabiye-tarifi.jpg,0,0,https://cdn.yemek.com/mnresize/940/940/uploads/2017/10/margarinsiz-kurabiye-tarifi.jpg,940,940,False,https://cdn.yemek.com/mncrop/300/200/uploads/2017/10/margarinsiz-kurabiye-tarifi.jpg,300,200,True,https://cdn.yemek.com/mncrop/940/625/uploads/2017/10/margarinsiz-kurabiye-tarifi.jpg,940,625,True,https://cdn.yemek.com/mncrop/620/388/uploads/2017/10/margarinsiz-kurabiye-tarifi.jpg,620,388,True,https://cdn.yemek.com/mncrop/600/315/uploads/2017/10/margarinsiz-kurabiye-tarifi.jpg,600,315,True,['fırın'],,,,,
860,1843,Yasemin Özaltın,https://cdn.yemek.com/author/35533/20181219061403_avatar.jpg,/profil/yasemingursurer/,Pürüzsüz ve Yumuşacık: Patates Püresi,Patates Püresi,/tarif/patates-puresi/,30 dk,15 dk,"<p>Tereyağı ve süt ilavesiyle hazırlanan patates püresi, başlı başına ana yemek olarak servis edilebildiği gibi pek çok <a href=""https://yemek.com/tarif/"" target=""_blank"">yemek tarifinin</a> yanına yakışan kurtarıcı bir garnitür görevi üstlenir. Bu görev bazen öylesine mühim bir hal alır ki patates püresinin köfteden daha çok alkış aldığı, tavuğun sofrada gölgede bıraktığı, babası patatesi gururlandırdığı anlar vardır.</p>
<p>Her ne kadar çok kolay bir tarif gibi gözükse de patates püresi tarifini tam uygulamayan ve pürenin lezzetini bozuk poğaçaya benzetenler de vardır. O yüzden bu püre tarifine kulak verin.</p>
<p>Patates püresinde süt tadından hoşlananlar, bildik püre tariflerinin dışına çıkıyor ve patatesleri sütte haşlıyoruz.</p>
",recipe,"['tereyağı', 'tuz', 'süt', 'orta boy patates', 'karabiber (arzuya göre)']","['Kabukları soyulmuş patateslerinizi tencere alın ve üzerini geçecek kadar su ilave edin.', 'Ardından yumuşayana kadar pişmeye bırakın. Patateslerinizin pişip pişmediğini bir bıçak yardımıyla kontrol edin.', 'Yumuşayan patateslerinizin suyunu süzdürün. Üzerine tereyağı ilave ederek güzelce ezin.', 'Ardından tuz, karabiber ve sütü ekleyerek güzelce, pürüzsüz bir kıvam alana kadar ezmeye devam edin.', 'Patates püreniz hazır! Afiyet olsun.']",SEBZE,239b56,/tarif/sebze/,"['Sebze', 'Atıştırmalık', 'Video', 'Tuzlu Atıştırmalık', 'Mevsiminde']","['pratik yemek tarifleri', 'ekonomik', 'başlangıç']",['Başlangıç'],['Tencere'],['Ekonomik'],False,1800,900,2015-03-13T14:59:39Z,4.0,882052,5342,False,True,True,0,,0,,,,2015/03/patates-puresi-yemekcom.jpg,0,0,https://cdn.yemek.com/mnresize/940/940/uploads/2015/03/patates-puresi-yemekcom.jpg,940,940,False,https://cdn.yemek.com/mncrop/300/200/uploads/2015/03/patates-puresi-yemekcom.jpg,300,200,True,https://cdn.yemek.com/mncrop/940/625/uploads/2015/03/patates-puresi-yemekcom.jpg,940,625,True,https://cdn.yemek.com/mncrop/620/388/uploads/2015/03/patates-puresi-yemekcom.jpg,620,388,True,https://cdn.yemek.com/mncrop/600/315/uploads/2015/03/patates-puresi-yemekcom.jpg,600,315,True,"['tencere', 'vejetaryen', 'glutensiz', 'düşük karbonhidratlı']",,"['Haziran', 'Temmuz', 'Ağustos', 'Eylül']",,,
861,24008,Neşe Ümit Tan,https://cdn.yemek.com/author/208653/20190910030615_avatar.jpg,/profil/neseumit/,Terbiyesi Kesilmez: Pirinçli Yoğurt Çorbası,Pirinçli Yoğurt Çorbası,/tarif/pirincli-yogurt-corbasi/,25 dk,10 dk,"<p>Mevsim farketmeden afiyetle içilecek bir <a href=""https://yemek.com/tarif/corba/"" target=""_blank"">çorba</a> varsa o da tartışmasız pirinçli yoğurt çorbasıdır. <a href=""https://yemek.com/tarif/"" target=""_blank"">Yemek tarifleri</a> arasında özel bir yeri olan bu çorba o her daim tüketilecek kadar güzel lezzetini yoğurda borçlu. Üstelik hazırlaması da öyle pratik ki! Terbiyesi kesilmeyen, tadı damağınızda kalacak bu nefis lezzeti hazırlamak isteyenler için adım adım resimli anlatımla tarifimizi sizler için hazırladık.</p>
<p><a href=""https://yemek.com/tarif/yayla-corbasi/"" target=""_blank"">Yayla çorbasına</a> benzerliğiyle dikkat çeken, <a href=""https://yemek.com/yogurtlu-corba-tarifleri/"" target=""_blank"">yoğurtlu çorbaların </a>en güzellerinden pirinçli yoğurt çorbasını hazırlarken dikkat etmeniz gereken nokta terbiyesinin kesilmemesi için ısınan suyla ılıtmak ve tencereye eklerken muhakkak karıştırarak ve yavaş yavaş eklemek. Haydi bu nefis yoğurt çorbasını denemek isteyenler, hemen mutfağa!</p>
",recipe,"['pirinç', 'tereyağı', 'tuz', 'yumurta', 'un', 'su', 'yoğurt', 'kuru nane']","['Orta boy bir tencerenin içerisine suyu dökün. İçine pirinçleri ekleyin. Kısık ateşte pirinçler yumuşayana kadar pişirin.', 'Bir kabın içerisine\xa0yoğurt, yumurta ve unu aktarın.', 'Güzelce çırpın ve içerisinde unun topaklanmamasına özen gösterin.', 'Ocağın üzerinde pişen pirinçlerin suyundan bir kepçe alıp güzelce yoğurtlu karışıma yedirin. Ardından bu işlemi birkaç kepçe daha ilave ederek gerçekleştirin.', 'Ocakta pişmekte olan pirinçlerin üzerine yoğurtlu karışımı çok dikkatli bir şekilde, incecik bir ip halinde dökerek bir yandandan da karıştırın.', 'Bu şekilde tüm yoğurdu ilave ettikten sonra kaynayana kadar güzelce karıştırın. Kuru naneyi ve tuzunu da ilave edin.', 'Birkaç dakika daha ocakta pişirmeye devam edin. Bu aşamada kıvamı çok yoğunlaşırsa su ilave edebilirsiniz.', 'Ayrı bir tavanın içerisinde tereyağını eritin ve üzerine kuru naneyi ekleyerek hafifçe yakın. Servis etmeden önce çorbanızın üzerine gezdirin.', 'Ardından çorbanızı servis edin. Afiyetler olsun!']",ÇORBA,,/tarif/corba/,"['Çorba', 'Ramazan']","['pratik yemek tarifleri', 'ekonomik', 'başlangıç', 'akşam yemeği', 'öğle yemeği']","['Başlangıç', 'Öğle Yemeği', 'Akşam Yemeği']",['Tencere'],"['Ekonomik', 'Vejetaryen']",False,1500,600,2020-02-13T07:44:25Z,4.0,875331,5036,False,False,True,0,,0,,,,2019/05/pirincli-yogurt-corbasi-yeni.jpg,0,0,https://cdn.yemek.com/mnresize/940/940/uploads/2019/05/pirincli-yogurt-corbasi-yeni.jpg,940,940,False,https://cdn.yemek.com/mncrop/300/200/uploads/2019/05/pirincli-yogurt-corbasi-yeni.jpg,300,200,True,https://cdn.yemek.com/mncrop/940/625/uploads/2019/05/pirincli-yogurt-corbasi-yeni.jpg,940,625,True,https://cdn.yemek.com/mncrop/620/388/uploads/2019/05/pirincli-yogurt-corbasi-yeni.jpg,620,388,True,https://cdn.yemek.com/mncrop/600/315/uploads/2019/05/pirincli-yogurt-corbasi-yeni.jpg,600,315,True,"['tencere', 'vejetaryen']",greenLight,,,,
862,434,Cemre Özgüzel,https://cdn.yemek.com/author/109/20200211010242_avatar.jpg,/profil/cemre-ozguzel/,Çıtırlığını Uzun Süre Korur: Lokma Tatlısı,Lokma Tatlısı,/tarif/lokma-tatlisi/,20 dk,40 dk,"<p><a href=""https://yemek.com/tarif/serbetli-tatlilar/"" target=""_blank"">Şerbetli tatlı tariflerinin</a> en sevilenlerinden, özellikle İzmir ve çevresi başta olmak üzere Ege'de birçok sokakta mis gibi kokusuyla sizi karşılayan lokma tatlısı aslında evde de çok kolay bir şekilde hazırlanır!</p>
<p>Her evde bulunan malzemelerle yapılan lokma hamuru mis gibi kızartılır, tam kıvamında şerbetiyle buluştuğunda lezzeti devleşir. Porsiyonlaması ve ikramı kolay, sokak satıcısı ve yazlıkların gözde tatlısı lokma, şerbeti ile buluştuktan sonraysa ağızda öyle nefis bir tat bırakır ki bir yiyen bir daha ister.</p>
<p>Sözün kısası evde, ellerinizle hazırlayabileceğiniz en pratik şerbetli tatlılardan olan bu nefis <strong>gerçek lokma</strong> <a href=""https://yemek.com/tarif/tatli/"" target=""_blank"">tatlı</a>sı tarifini mutlaka deneyin.</p>
<p>Tabii yerken de ölçüyü kaçırmayın diyelim ve hemen <a href=""https://yemek.com/tarif/"" target=""_blank"">tarif</a>e geçelim. Şimdiden ellerinize sağlık. <img src=""https://cdn.yemek.com/assets/images/smiley/smile.png"" class=""wp-smiley img-responsive"" /></p>
",recipe,"['limon suyu', 'toz şeker', 'toz şeker', 'ayçiçek yağı', 'un', 'su', 'ılık su', 'kuru maya']","['Lokma tatlısı için 3,5 su bardağı unu geniş bir kabın içine alın ve ortasını havuz şeklinde açın. 1 paket kuru maya, 1 yemek kaşığı toz şeker ilave edin.', '2 su bardağı ılık suyu ilave ederek yoğurmaya başlayın. Ele yapışan ve cıvık bir hamur elde edin.', 'Hamurunuzun üzerini kapatın, oda sıcaklığında 1 saat mayalandırın.', 'Hamur mayalanırken şerbetini hazırlayın. Tencerenin içerisine 2 su bardağı toz şeker ve 1,5 su bardağı suyu aktarın. Şeker eriyince limon suyunu ilave edin. Hafif kaynayınca ocaktan alın ve soğumaya bırakın.', 'Mayalanan hamuru sıkma torbasına aktarın.', 'Yağlanmış mutfak makası yardımıyla hamurunuzdan küçük toplar kesin. Kızgın yağın içerisinde kızartın.', 'Kızan lokmaları kevgir yardımıyla alın ve soğuk şerbetin içerisine atın. 10 saniye kadar şerbetin içerisinde tutun.', 'Üzerine tarçın serperek nefis lokmalarınızı servis edebilirsiniz. Afiyet olsun.']",ŞERBETLİ TATLI,239b56,/tarif/serbetli-tatlilar/,"['Tatlı', 'Şerbetli Tatlı', 'Ramazan', 'Video']","['ekonomik', 'ara öğün']",['Çay Saati'],['Kızartma'],['Ekonomik'],False,1200,2400,2019-03-18T13:30:38Z,4.0,859996,2472,False,True,True,0,,0,,,,2014/08/lokma-yemekcom.jpg,0,0,https://cdn.yemek.com/mnresize/940/940/uploads/2014/08/lokma-yemekcom.jpg,940,940,False,https://cdn.yemek.com/mncrop/300/200/uploads/2014/08/lokma-yemekcom.jpg,300,200,True,https://cdn.yemek.com/mncrop/940/625/uploads/2014/08/lokma-yemekcom.jpg,940,625,True,https://cdn.yemek.com/mncrop/620/388/uploads/2014/08/lokma-yemekcom.jpg,620,388,True,https://cdn.yemek.com/mncrop/600/315/uploads/2014/08/lokma-yemekcom.jpg,600,315,True,"['vejetaryen', 'kızartma']",,,,,
863,10116,Neşe Ümit Tan,https://cdn.yemek.com/author/208653/20190910030615_avatar.jpg,/profil/neseumit/,İçi Yumuşak: Kakaolu Çatlak Kurabiye,Kakaolu Çatlak Kurabiye,/tarif/kakaolu-catlak-kurabiye/,8 dk,15 dk,"<p>Fırından nefis bir davetiye çıktı. Bu davetiye size mis kokulu keyif anlarına konuk olmanız için gönderildi. Göndereni ise <strong>kakaolu çatlak kurabiye</strong>! Görüntüsüyle dahi içimizi açan <a href=""https://yemek.com/tarif/kurabiye/"" target=""_blank"" rel=""noopener"">kurabiye</a>, yapımıyla da pek bir keyifli. Buzdolabımızda her daim bulunan malzemelerle hemencecik hazırlanıyor. İçine tereyağı yerine sıvı yağ giriyor, daha bir hafifliyor.</p>
<p>Gönderdiği davetiyeyi geri çevirmek olmaz. Biz de kendisini çayımızın yanına, kahvemizin baş ucuna, sütümüzün dibinde ağırlamak istiyoruz. Bu yüzden çıkardık malzemelerimizi, kaplarımızı. <a href=""https://yemek.com/tarif/"" target=""_blank"" rel=""noopener"">Tarif</a>imizi de tüm ayrıntılarına kadar anlattık. Aman dikkat! Minik püf noktalarını es geçmeyin.</p>",recipe,"['yumurta', 'toz şeker', 'sıvı yağ', 'kakao', 'vanilin', 'kabartma tozu', 'un', 'pudra şekeri']","['<p>Orta boy bir kabın içerisinde yumurta ve şekeri mikser ya da çırpma teli yardımıyla çırpın.</p>', '<p>Şekerler eriyip, karışımın rengi kırık beyaz hale geldiğinde sıvı yağ ekleyerek biraz daha çırpın.</p>', '<p>Üzerine kakao, kabartma tozu ve vanilini eleyin.</p>', '<p>Son olarak unu eleyin.\xa0Bir spatula yardımıyla malzemeler birleşinceye dek karıştırın. Hamurun kıvamı kurabiye hamuruna göre cıvık olacak ve daha çok brownie hamuruna benzeyecektir. Dilediğiniz kıvama gelen hamuru streç filme sararak en az 2 saat buzdolabında dinlenmeye bırakın.</p>', '<p>Dinlenen kurabiye hamurunuzu çıkarın. Hamurunuzdan ceviz büyüklüğünde toplar koparak minik toplar halinde şekil verin.</p>', '<p>Şekil verdiğiniz kurabiyeleri pudra şekeri ile kaplayın. Pudra şekeri ile kaplamış çatlak kurabiyelerinizi yağlı kağıt serdiğiniz tepsiye yerleştirin. Önceden ısıtılmış 180 derecelik fırında kontrollü bir şekilde yaklaşık\xa08-10 dakika pişirin.</p>', '<p>Pudra şekeri ile kaplamış çatlak kurabiyelerinizi yağlı kağıt serdiğiniz tepsiye yerleştirin.</p>', '<p>Önceden ısıtılmış 180 derecelik fırında kontrollü bir şekilde yaklaşık\xa08-10 dakika pişirin.</p>', '<p>Fırından çıkardıktan sonra\xa015-20 dakika kadar oda sıcaklığında dinlendirdikten sonra servis edin.</p>', '<p>Kakaolu çatlak kurabiyeleriniz hazır.</p>', '<p>Afiyet olsun!</p>']",TATLI KURABİYE,239b56,/tarif/tatli-kurabiyeler/,"['Kurabiye', 'Video', 'Tatlı Kurabiye']",,['Çay Saati'],['Fırın'],['Ekonomik'],False,480,900,2016-11-07T07:15:24Z,4.0,853260,6544,False,True,True,0,,0,,,,2016/11/kakaolu-catlak-kurabiye-yemekcom.jpg,0,0,https://cdn.yemek.com/mnresize/940/940/uploads/2016/11/kakaolu-catlak-kurabiye-yemekcom.jpg,940,940,False,https://cdn.yemek.com/mncrop/300/200/uploads/2016/11/kakaolu-catlak-kurabiye-yemekcom.jpg,300,200,True,https://cdn.yemek.com/mncrop/940/625/uploads/2016/11/kakaolu-catlak-kurabiye-yemekcom.jpg,940,625,True,https://cdn.yemek.com/mncrop/620/388/uploads/2016/11/kakaolu-catlak-kurabiye-yemekcom.jpg,620,388,True,https://cdn.yemek.com/mncrop/600/315/uploads/2016/11/kakaolu-catlak-kurabiye-yemekcom.jpg,600,315,True,,,,,,
864,47391,Gökçen Mutaf,https://cdn.yemek.com/author/23120/20181227103819_avatar.jpeg,/profil/gokcenmutaf/,Sadece 10 Dakikada: Etsiz Çiğ Köfte,Etsiz Çiğ Köfte,/tarif/etsiz-cig-kofte/,10 dk,10 dk,"<p><a href=""https://yemek.com/tarif/etli-cig-kofte/"" target=""_blank"">Çiğ köfte tarifini</a> biz hep uzun uzun yoğrulan, maharet isteyen, herkesin kolaylıkla yapamayacağı bir tarif olarak biliyoruz. Urfa başta olmak üzere Güney Doğu'nun en sevilen tariflerinden biri olan <a href=""https://yemek.com/tarif/etsiz-cig-kofte-2/"" target=""_blank"">çiğ köfte</a> orijinalinde etli çiğ köfte olarak yapılıp sunulan bir tarif. Ancak evde daha ekonomik bir şekilde yapılmak istendiğinde elimiz hep etsiz çiğ köfte tarifine gidiyor. Onun da yoğrulması bir hayli zaman alıyor. Gelin, şu işi daha kolaylaştıralım. Karşınızda, en kolay ve lezzetlisinden: <strong>Etsiz çiğ köfte tarifi!</strong></p>
<p>Bu çiğ köfte tarifi yoğrulmadan, robotta tüm malzemelerin çekilmesiyle hazırlanıyor. Bu şekilde hem zamanda kazanılıyor hem de <strong>yoğurmadan enfes çiğ köfte</strong> hazırlanmış oluyor. Hadi o zaman şimdiden ellerinize sağlık diyor, bu pratik <a href=""https://yemek.com/tarif/mezeler/"" target=""_blank"">meze tariflerinden</a> biri olan etsiz çiğ köfte tarifine buyur ediyoruz sizleri. ''Çiğ köfte nasıl yapılır?'' sorunuzun cevabı tarifimizde saklı!</p>
",recipe,"['sıcak su', 'tuz', 'limon suyu', 'zeytinyağı', 'domates salçası', 'nar ekşisi', 'isot', 'soğan', 'tatlı toz kırmızı biber', 'esmer bulgur']","['Bulguru derince bir kaba alın ve üstüne 1,5 bardak sıcak suyu gezdirin. Üstünü kapatıp 10 dakika beklemeye alın.', 'Bulgur kabarırken soğanı robottan çekin.', 'Soğanı tel bir süzgece alarak fazla suyunu sıkın.', 'İsotu da bir kaseye alın ve üstüne sıcak su ekleyip 5 dakika kadar beklemeye alın.', 'Bulgur kabardıktan sonra, mutfak robotuna kabarmış bulguru alın ve üstüne, robottan çektiğiniz kuru soğanı, ıslanmış isotu (suyuyla birlikte), limon suyunu, nar ekşisini, zeytinyağını, tuzu, salçayı ve kırmızı biberi ekleyip, robottan ara ara durdurarak 10 dakika kadar çekin.', 'Sonra bir kaba alın ve elinize birkaç dakika daha yoğurun.', 'Klasik çiğ köfte şeklini verin.', 'Dilerseniz dürüm şeklinde de servis edebilirsiniz.', 'Suşi şeklini vermek için ise hazırladığınız dürümü halka halka doğrarsanız harika olur. Afiyet olsun!']",MEZE,239b56,/tarif/mezeler/,"['Özel Beslenme', 'Vejetaryen', 'Atıştırmalık', 'Meze', 'Vegan', 'Video', 'Tuzlu Atıştırmalık']",['ekonomik'],"['Öğle Yemeği', 'Akşam Yemeği']",,"['Ekonomik', 'Vejetaryen', 'Vegan']",False,600,600,2020-10-01T07:15:08Z,4.0,952286,3376,False,True,True,0,,0,,,,2020/10/etsiz-cig-kofte-yemekcom.jpg,0,0,https://cdn.yemek.com/mnresize/940/940/uploads/2020/10/etsiz-cig-kofte-yemekcom.jpg,940,940,False,https://cdn.yemek.com/mncrop/300/200/uploads/2020/10/etsiz-cig-kofte-yemekcom.jpg,300,200,True,https://cdn.yemek.com/mncrop/940/625/uploads/2020/10/etsiz-cig-kofte-yemekcom.jpg,940,625,True,https://cdn.yemek.com/mncrop/620/388/uploads/2020/10/etsiz-cig-kofte-yemekcom.jpg,620,388,True,https://cdn.yemek.com/mncrop/600/315/uploads/2020/10/etsiz-cig-kofte-yemekcom.jpg,600,315,True,['vejetaryen'],,,,,
865,140,Yasemin Özaltın,https://cdn.yemek.com/author/35533/20181219061403_avatar.jpg,/profil/yasemingursurer/,Tam Kıvamında: Kadınbudu Köfte,Kadınbudu Köfte,/tarif/kadinbudu-kofte/,5 dk,25 dk,"<p>Kadınbudu köfte, kendisine bu topraklarda <a href=""https://yemek.com/tarif/kofte/"" target=""_blank"" rel=""noopener"">köfte</a> dedirtme konusunda en başarılı tariflerden biri. Mesela neredeyse bütün köfteler pilavla çok iyi giderken, kadınbudu gitmez. Ancak patates püresiyle diğer bütün köftelerden daha güzel olur. Biraz hercai anlayacağınız.</p>
<p>Neyse bu kadar konuştuktan sonra bu akşam ve hatta ilk fırsatta <a href=""https://yemek.com/tarif/"" target=""_blank"" rel=""noopener"">yemek tariflerinin</a> en güzellerinden olan <strong>kadınbudu köfte</strong>yi yapmak bize farz oldu. Aşağıda bize eşlik etmek isteyenler için videolu tarifi var. Üstelik en <strong>tam kıvamında</strong>, en lezzetli haliyle bizlerle! Dileyen gelebilir, sofrasını güzelleştirebilir.</p>
<p>Haydi herkese afiyet olsun!</p>",recipe,"['kuru soğan', 'tuz', 'yumurta', 'yumurta', 'ayçiçek yağı', 'un', 'sarımsak', 'karabiber', 'orta yağlı kıyma', 'kimyon', 'haşlanmış pirinç', 'galeta unu']","['<p>Kadınbudu köfte için 1/2 su bardağı pirinci tuz ve su ile birlikte hafif yumuşayana kadar kaynatın. Çok yumuşamamasına dikkat edin.\xa0Bir tavada zeytinyağı ile soğanları\xa0 yumuşayana kadar kavurun.\xa0Sarımsakları da ekleyip kavurmaya devam edin.</p>', '<p>Kıymanın yarısını soğan ve sarımsakların içerisine alın ve suyunu salıp, çekene kadar kavurun. Pişen kıymaları ocaktan alın ve soğumaya bırakın.</p>', '<p>Geniş bir kasede çiğ kıyma, un, haşlanmış pirinç, pişip soğuyan soğanlı kıyma harcını, yumurta ve tüm baharatları bir araya getirip yoğurun.\xa0Yoğurduktan sonra üzerine streç çekip 20 dakika buzdolabında bekletin.</p>', '<p>Bekleyen harçtan yumurtadan biraz daha büyük parçalar koparıp yuvarlayarak şekil verin.</p>', '<p>Şekil verilmiş köfteleri önce un ve galeta unu karışımına, sonra yumurtaya batırın.</p>', '<p>Kadınbudu köfteleri kızgın yağda kızartın. Servis ederken püre ve sotelenmiş sebzeler ile servis edebilirsiniz, afiyet olsun!</p>']",KÖFTE,239b56,/tarif/kofte/,"['Et', 'Köfte', 'Ramazan', 'Video']",,"['Başlangıç', 'Öğle Yemeği', 'Ara Öğün', 'Akşam Yemeği']","['Kızartma', 'Ocak']",,False,300,1500,2021-10-18T08:41:49Z,4.0,944096,5753,False,True,True,0,,0,,,,2021/10/kadinbudu-kofte-yemekcom.jpg,0,0,https://cdn.yemek.com/mnresize/940/940/uploads/2021/10/kadinbudu-kofte-yemekcom.jpg,940,940,False,https://cdn.yemek.com/mncrop/300/200/uploads/2021/10/kadinbudu-kofte-yemekcom.jpg,300,200,True,https://cdn.yemek.com/mncrop/940/625/uploads/2021/10/kadinbudu-kofte-yemekcom.jpg,940,625,True,https://cdn.yemek.com/mncrop/620/388/uploads/2021/10/kadinbudu-kofte-yemekcom.jpg,620,388,True,https://cdn.yemek.com/mncrop/600/315/uploads/2021/10/kadinbudu-kofte-yemekcom.jpg,600,315,True,,,,,,
866,233,Yasemin Özaltın,https://cdn.yemek.com/author/35533/20181219061403_avatar.jpg,/profil/yasemingursurer/,Kalem Gibi Sarılır: Zeytinyağlı Yaprak Sarma,Zeytinyağlı Yaprak Sarma,/tarif/zeytinyagli-yaprak-sarma/,45 dk,40 dk,"<p>Bayram yemeklerinden altın günlerine kadar günün her anı yenilebilecek, en sevilen, en zamansız <a href=""https://yemek.com/tarif/"" target=""_blank"">yemek tariflerinden</a> biridir zeytinyağlı yaprak sarma. Belli başlı püf noktaları ve lezzet sırlarını takip edip, biraz zaman ayırdıktan sonra harika sarmalar hazırlayabilirsiniz. İncecik sarılan, bol zeytinyağlı ve limonlu olanı makbuldür yaprak sarmanın. İsterseniz salamura asma yaprağı kullanarak isterseniz de taze asma yaprağı kullanarak hazırlayabilirsiniz onu. Karşınızda yemelere doyamayacağınız zeytinyağlı yaprak sarma tarifi!</p>
<p>Tarifin en önemli sırrı yaprakların içini çok fazla doldurmamakta saklı. Bu sayede yapraklar pişerken patlamayacak ve tam kıvamında olacaklar. Yaprak sarması nasıl yapılır, yaprak sarması içi nasıl hazırlanır, yaprak sarma nasıl pişirilir diyenlere de adım adım görselli bir şekilde <a href=""https://yemek.com/tarif/zeytinyaglilar/"" target=""_blank"">zeytinyağlı</a> yaprak sarma yapımını anlatıyoruz tarifimizde. Bu tarif kaçmaz diyor, lezzeti ve görünümü mükemmel, en güzel zeytinyağlı yaprak sarma tarifine alıyoruz sizleri.</p>
<p>Dilerseniz taze yaprak sarması tarifimize de <a href=""https://yemek.com/tarif/taze-yaprak-sarmasi/"" target=""_blank"">şuradan</a> bakabilirsiniz.</p>
",recipe,"['pirinç', 'kuru soğan', 'sıcak su', 'sıcak su', 'nane', 'tuz', 'zeytinyağı', 'zeytinyağı', 'karabiber', 'tarçın', 'limon', 'kuş üzümü', 'dolmalık fıstık', 'asma yaprağı', 'yenibahar']","['Sarmanın iç harcını hazırlamak için; yarım su bardağı zeytinyağını geniş tabanlı bir tencerede kızdırın. 3 adet rendelenmiş soğanı hafif renk alana kadar kavurun. Ardından üzerine 1,5 yemek kaşığı dolmalık fıstığı da\xa0 koyup kavurmaya devam edin.', 'Ilık suda 5 dakika kadar bekletip suyunu süzdürdüğünüz 1,5 su bardağı pirinci soğanlarla birlikte, pirinçler şeffaf bir görünüm kazanana kadar kavurun.', ""Ardından sırasıyla; 1 yemek kaşığı kuş üzümü, 1'er çay kaşığı tuz, karabiber, yenibahar ve tarçın ekleyip karıştırın."", 'Yaklaşık 1 su bardağı sıcak suyu da ilave edin ve iç harcı kısık ateşte 5 dakika kadar pişirdikten sonra ocaktan alın.', 'Salamura asma yapraklarını tezgahın üzerinde damarlı kısımları üstte kalacak şekilde açın. Her bir yaprağın orta kısmına; hazırlayıp, ılıttığınız iç harçtan birer tatlı kaşığı kadar paylaştırın.', 'Kenar kısımlarını içe alıp, geniş kısmından uç kısmına doğru ilerleyin.', 'Tüm yaprakları sıkı bir şekilde sarın.', 'Sarma tenceresinin tabanını birkaç adet asma yaprağı ile kaplayın.', 'Hazırladığınız sarmaları, sıra halinde, yan yana dizin. Limonu halka halka dilimledikten sonra sarmaların üzerine yerleştirin.', 'Pişme esnasında açılmamaları için; üzerlerine düz bir servis tabağı kapatın. 1,5 su bardağı sıcak su ve 2 yemek kaşığı zeytinyağını da tencereye ekledikten sonra\xa0sarmaları, kısık ateşte yaklaşık 35 dakika pişirin.', 'Arzuya göre; ılık ya da soğuk olarak servis edin.']",ZEYTİNYAĞLI,239b56,/tarif/zeytinyaglilar/,"['Sebze', 'Ramazan', 'Zeytinyağlı', 'Video']","['ekonomik', 'başlangıç', 'akşam yemeği', 'öğle yemeği']","['Başlangıç', 'Çay Saati']",['Tencere'],"['Ekonomik', 'Vejetaryen', 'Düşük Kalorili']",False,2700,2400,2019-05-06T11:59:14Z,4.0,941586,5114,False,True,True,0,,0,,,,2014/07/zeytinyagli-yaprak-sarmasi-yemekcom.jpg,0,0,https://cdn.yemek.com/mnresize/940/940/uploads/2014/07/zeytinyagli-yaprak-sarmasi-yemekcom.jpg,940,940,False,https://cdn.yemek.com/mncrop/300/200/uploads/2014/07/zeytinyagli-yaprak-sarmasi-yemekcom.jpg,300,200,True,https://cdn.yemek.com/mncrop/940/625/uploads/2014/07/zeytinyagli-yaprak-sarmasi-yemekcom.jpg,940,625,True,https://cdn.yemek.com/mncrop/620/388/uploads/2014/07/zeytinyagli-yaprak-sarmasi-yemekcom.jpg,620,388,True,https://cdn.yemek.com/mncrop/600/315/uploads/2014/07/zeytinyagli-yaprak-sarmasi-yemekcom.jpg,600,315,True,"['tencere', 'vejetaryen', 'glutensiz']",,,,,
867,1806,Yasemin Özaltın,https://cdn.yemek.com/author/35533/20181219061403_avatar.jpg,/profil/yasemingursurer/,Ege Usulü: Zeytinyağlı Enginar,Zeytinyağlı Enginar,/tarif/enginar/,1 sa,30 dk,"<p>İçerdiği vitamin ve mineral değerleriyle tüm <a href=""https://yemek.com/tarif/"" target=""_blank"">yemek tarifleri</a> ve <strong><a href=""https://yemek.com/tarif/zeytinyaglilar/"" target=""_blank"">zeytinyağlılar</a></strong> içinde kendine ayrı bir yer bulması yetmezmiş gibi baharı müjdeleyen ve sağlık dostu sebzelerin başında gelen <a href=""https://yemek.com/tarif/baklali-enginar/"" target=""_blank"">enginarı</a>, zeytinyağı ve garnitür olarak bilinen <a href=""https://yemek.com/tarif/sebze/"" target=""_blank"">sebze</a> karışımıyla pişirmeye ne dersiniz?</p>
<p>Mart ayının gelişiyle pazar tezgahlarında yavaş yavaş yerini almaya başlayan enginarın gelişini <strong>sağlıklı bir sofra</strong> hazırlayarak kutlamak gerek. <strong><a href=""https://yemek.com/tarif/zeytinyaglilar/"" target=""_blank"">Zeytinyağlı tariflerinin</a> </strong>en sevilenlerinden zeytinyağlı enginar adım adım resimli ve videolu anlatımıyla karşınızda!</p>
<p>Unutmadan: Enginarı sadece lezzeti için değil sağlık için de tüketenlerdenseniz, yaprak kısımlarını ziyan etmeyin. Bu tarifte yerleri olmayabilir ancak onları çiğ ya da zeytinyağlı olarak <strong>salata</strong> yapımında kullanabilirsiniz.</p>
",recipe,"['tuz', 'toz şeker', 'patates', 'su', 'zeytinyağı', 'dondurulmuş bezelye', 'dereotu', 'orta boy kuru soğan', 'taze sıkılmış limon suyu', 'büyük boy havuç', 'ayıklanmış enginar']","['Bir tavada yarım su bardağı zeytinyağı ile 1 adet küp doğranmış soğanı hafif pembeleşinceye kadar kavurun.', ""Üzerine küp doğranmış ve haşlanmış, 1'er adet patates ve havucu da ekleyip 2-3 dakika bu şekilde kavurun."", '1 su bardağı bezelyeyi de üzerine ekledikten 3-4 dakika sonra garnitürünüzü ocaktan alın.', 'Enginarları pişireceğiniz sosu hazırlamak için bir kapta 2 adet sıkılmış limon suyu, 1 su bardağı su,\xa0 1 tatlı kaşığı toz şeker, 1 çay kaşığı tuz ve 2 yemek zeytinyağını karıştırın.', 'Geniş bir tencereye 8 adet enginarı yerleştirin ve üzerlerine hazırladığınız garnitürden koyun.', 'Limonlu su karışımını da tencereye aktarın.', 'Enginarı sofralarınızda soğuk olarak servis edin, afiyet olsun.', 'Ardından kapağını kapatıp, enginarlar yumuşayana kadar pişirin.']",ZEYTİNYAĞLI,239b56,/tarif/zeytinyaglilar/,"['Sebze', 'Özel Beslenme', 'Vejetaryen', 'Diyet', 'Zeytinyağlı', 'Vegan', 'Video', 'Mevsiminde']","['akşam yemeği', 'diyet', 'öğle yemeği']","['Öğle Yemeği', 'Akşam Yemeği']",['Tencere'],"['Ekonomik', 'Vejetaryen', 'Düşük Kalorili', 'Düşük Karbonhidratlı', 'Vegan']",False,3600,1800,2022-03-22T07:15:40Z,4.0,940507,6313,False,True,True,0,,0,,,,2015/03/zeytinyagli-enginar-yemekcom.jpg,0,0,https://cdn.yemek.com/mnresize/940/940/uploads/2015/03/zeytinyagli-enginar-yemekcom.jpg,940,940,False,https://cdn.yemek.com/mncrop/300/200/uploads/2015/03/zeytinyagli-enginar-yemekcom.jpg,300,200,True,https://cdn.yemek.com/mncrop/940/625/uploads/2015/03/zeytinyagli-enginar-yemekcom.jpg,940,625,True,https://cdn.yemek.com/mncrop/620/388/uploads/2015/03/zeytinyagli-enginar-yemekcom.jpg,620,388,True,https://cdn.yemek.com/mncrop/600/315/uploads/2015/03/zeytinyagli-enginar-yemekcom.jpg,600,315,True,"['tencere', 'vejetaryen', 'bol proteinli', 'bol lifli', 'glutensiz', 'düşük kalorili']",,"['Mart', 'Nisan', 'Mayıs']",,,
868,185,Cemre Özgüzel,https://cdn.yemek.com/author/109/20200211010242_avatar.jpg,/profil/cemre-ozguzel/,Sandığınızdan da Kolay: Köstebek Pasta,Köstebek Pasta,/tarif/kostebek-pasta/,40 dk,40 dk,"<p><a href=""https://yemek.com/tarif/mini-kostebek-pasta/"" target=""_blank"">Köstebek pasta</a> <a href=""https://yemek.com/tarif/"" target=""_blank"">tarif</a>i biraz zaman alan, yaratıcı ve gösterişli pasta tariflerinden biridir. Yapılışı zor şeklinde rivayetler olsa da aslında çok basittir. Yuvarlak ve kelepçeli bir <a href=""https://yemek.com/tarif/kek/"" target=""_blank"">kek</a> kalıbında, kakaolu kabarık bir kek hazırlanır öncelikle. Kekin orta kısmı bir kaşık yardımıyla çıkartılır, ufalanarak toz haline getirilir. Orta kısımda kalan boşluk uzun ince muz dilimleriyle doldurulur. Önceden hazırlayıp soğuttuğunuz krema ile üzeri kümbet gibi kapatılır. Pastaya toprak görünümü verecek olan kek parçaları üzerine serpiştirilir. Bol meyveli, muzlu bu pasta, çay eşliğinde <a href=""https://yemek.com/tarif/tatli/"" target=""_blank"">tatlı</a> olarak dilim dilim yenilir. Evde hazırlanan en kolay pastalardan biridir.</p>
<p>Misafir oturmasına götürmelik, sevdiklerinizle paylaşmalık köstebek <a href=""https://yemek.com/tarif/pasta-tatli/"" target=""_blank"">pasta tarifi</a> geliyor. Afiyet olsun!</p>
",recipe,"['yumurta', 'toz şeker', 'süt', 'un', 'vanilya', 'kabartma tozu', 'toz krem şanti', 'kakao', 'soğuk süt', 'muz', 'sıvı yağ']","['Geniş bir kabın içerisine yumurtaları alın. Toz şekeri de üzerine ilave edin.', 'Krema kıvamını alana kadar güzelce çırpın.', 'Üzerine ayçiçek yağı ve yarım su bardağı sütü ilave ederek bir süre daha çırpın.', 'Kabartma tozu ve vanilyayı ekleyin. Un ve kakaoyu eleyerek harca ilave edin.', 'Spatula yardımıyla karıştırın.', 'Tereyağı ile yağladığınız yuvarlak fırın kalıbına kek karışımını boşaltın. Önceden ısıtılmış 175 derece fırında 30-35 dakika kadar pişirin.', 'Pastanın şantisini hazırlamak için; toz krem şantiyi bir kabın içine alın ve soğuk sütü ekleyin.', 'Birlikte güzelce çırpın.', 'Pişen keki fırından alın ve ılınması için beklettikten sonra kalıptan çıkartın.', 'Kekin üst kısmını bıçak yardımıyla dikkatli bir şekilde alın.', 'Üzerini düz bir hale getirin. Ardından bıçak yardımıyla çok derine girmeden, 4 parçaya bölün ve parçaları dikkatli bir şekilde çıkarın.', 'İç kısımlarını kaşık yardımıyla kenardan birkaç cm boşluk kalacak şekilde çıkarın.', 'Muzların kabuklarını soyun ve kekin tabanına dikkatli bir şekilde yerleştirin.', 'Ardından üzerini hazırladığınız krem şanti ile kaplayın.', 'Çıkardığınız kek içini rondodan geçirin.', 'Pastanızın üzerini bu keklerle kaplayın.', 'Buzdolabında en az 3 saat kadar dinlendirin ve dilimleyerek servis edin. Afiyet olsun.']",PASTA,239b56,/tarif/pasta-tatli/,"['Tatlı', 'Pasta', 'Video']","['ekonomik', 'çay saati']",['Çay Saati'],['Fırın'],['Ekonomik'],False,2400,2400,2019-05-02T08:36:54Z,4.0,934723,3943,False,True,True,0,,0,,,,2014/06/kostebek-pasta-yemekcom.jpg,0,0,https://cdn.yemek.com/mnresize/940/940/uploads/2014/06/kostebek-pasta-yemekcom.jpg,940,940,False,https://cdn.yemek.com/mncrop/300/200/uploads/2014/06/kostebek-pasta-yemekcom.jpg,300,200,True,https://cdn.yemek.com/mncrop/940/625/uploads/2014/06/kostebek-pasta-yemekcom.jpg,940,625,True,https://cdn.yemek.com/mncrop/620/388/uploads/2014/06/kostebek-pasta-yemekcom.jpg,620,388,True,https://cdn.yemek.com/mncrop/600/315/uploads/2014/06/kostebek-pasta-yemekcom.jpg,600,315,True,['fırın'],,,,,
869,611,Cemre Özgüzel,https://cdn.yemek.com/author/109/20200211010242_avatar.jpg,/profil/cemre-ozguzel/,Kıvamı Hep Tutar: Portakallı Kek,Portakallı Kek,/tarif/portakalli-kek/,35 dk,15 dk,"<p>Kış ayları gelince özellikle, keyfi ve lezzeti bir başka olur <a href=""https://yemek.com/portakalli-pratik-tarifler/"" target=""_blank"" rel=""noopener"">portakallı</a> kekin. Portakal kabuğunun o misler gibi kokan kokusu harca girer, piştikçe kokusu tüm eve yayılır. <a href=""https://yemek.com/tarif/kek/"" target=""_blank"" rel=""noopener"">Kek</a> kokusunun huzuru yüzlerde gülümse oluşturur, yemelere doyum olmaz. <a href=""https://yemek.com/tarif/"" target=""_blank"" rel=""noopener"">Tarif</a>in en zor anı fırından çıkınca dinlenmesini beklemek. <a href=""https://yemek.com/tarif/portakalli-anne-kurabiyesi/"" target=""_blank"" rel=""noopener"">Portakall</a>ı kek yapmanın da bazı önemli püf noktaları var. Bunlara dikkat edilmediği durumlarda kekin kıvamı tam istenilen gibi olmuyor. Gelin bugün ölçüleri sizi hiç yanıltmayan enfes bir <strong>portakallı kek tarifi</strong> hazırlayalım!</p>
<p>Keki hazırlarken portakal kabuklarının beyaz kısımlarına denk getirmeden rendelemeye özen gösterin. İçerisine dilerseniz<strong> ceviz, fındık, badem, damla çikolata </strong>gibi malzemeler de ilave edebilirsiniz. Şimdiden ellerinize sağlık diyor, mis gibi kokan tarifimize buyur ediyoruz. Afiyet olsun!</p>",recipe,"['tereyağı', 'yumurta', 'toz şeker', 'un', 'vanilya', 'kabartma tozu', 'portakal suyu', 'rendelenmiş portakal kabuğu', 'sıvı yağ']","['<p>Portakallı kek için oda sıcaklığındaki yumurtaları şekerle birlikte bir kaba alın.</p>', '<p>Güzelce çırpın.</p>', '<p>Ardından üzerine sıvı yağ ve portakal suyunu da ekleyerek çırpmaya devam edin.</p>', '<p>Un, kabartma tozu ve vanilini eleyerek harca ekleyin.</p>', '<p>Kıvam alana kadar çırpın.</p>', '<p>Yağlanmış kek kalıbına harcı aktarın.</p>', '<p>170 derecede önceden ısıtılmış fırında kontrollü olarak 35- 40 dakika pişirin.</p>', '<p>Oda sıcaklığında soğutun.</p>', '<p>Daha sonra kalıptan çıkarıp dilimleyerek servis edin.</p>', '<p>Afiyet olsun!</p>']",TATLI KEK,239b56,/tarif/tatli-kek/,"['Kek', 'Video', 'Tatlı Kek']",,['Çay Saati'],['Fırın'],,False,2100,900,2021-02-25T05:30:36Z,4.0,905102,4237,False,True,True,0,,0,,,,2021/02/portakalli-kek-tarifi-yemekcom.jpg,0,0,https://cdn.yemek.com/mnresize/940/940/uploads/2021/02/portakalli-kek-tarifi-yemekcom.jpg,940,940,False,https://cdn.yemek.com/mncrop/300/200/uploads/2021/02/portakalli-kek-tarifi-yemekcom.jpg,300,200,True,https://cdn.yemek.com/mncrop/940/625/uploads/2021/02/portakalli-kek-tarifi-yemekcom.jpg,940,625,True,https://cdn.yemek.com/mncrop/620/388/uploads/2021/02/portakalli-kek-tarifi-yemekcom.jpg,620,388,True,https://cdn.yemek.com/mncrop/600/315/uploads/2021/02/portakalli-kek-tarifi-yemekcom.jpg,600,315,True,,,,,,
870,25072,Cemre Özgüzel,https://cdn.yemek.com/author/109/20200211010242_avatar.jpg,/profil/cemre-ozguzel/,Ağızda Dağılan Kıvamıyla: Margarinsiz Kurabiye,Margarinsiz Kurabiye,/tarif/margarinsiz-kurabiye/,15 dk,15 dk,"<p>İçinde margarin ya da tereyağı yok, yumurta yok, kabartma tozu yok... Tüm bu malzemelerin yokluğuna rağmen yumuşacık, kıyır kıyır bir kıvamı, dillere destan bir lezzeti var. Bu kurabiyenin bir özelliğini daha antalım. Çok kısa sürede hazırlanması ve az malzemeli olmasını belirtmeden geçmek olmaz.</p>
<p>Tüm bunlar nasıl oluyor derseniz, her şey sıvı yağ, pudra şekeri ve unun birleşiminden doğuyor. Ağızda dağılıyor oluşunu sıvı yağa, tatlılığını pudra şekerine ve kıvamını una borçlu. Bu malzemelere bir de lezzet vermesi için vanilin ve portakal kabuğu da ekledik ve lezzetini zirveye çıkardık. Dilerseniz onlar olmadan da nefis bir kurabiye hazırlamanız mümkün.</p>
<p>Hemencecik hazırlayıp pişireceğiniz bu kurabiyeyi kavanozların içerisinde uzunca bir süre saklayabilirsiniz üstelik. İçine farklı malzemeler ekleyebileceğiniz gibi sade de hazırlamanız mümkün. Öyleyse buyursunlar tarifimize. <img src=""https://cdn.yemek.com/assets/images/smiley/smile.png"" class=""wp-smiley img-responsive"" /></p>
",recipe,"['un', 'pudra şekeri', 'pudra şekeri', 'vanilin', 'sıvı yağ', 'portakal kabuğu rendesi']","['Derin bir kabın içerisine sıvı yağı aktarın.', 'Üzerine vanilin, pudra şekerini ilave ederek güzelce karıştırın.', 'Ardından bu karışımın içerisine azar azar un ilave ederek yoğurmaya başlayın.', 'Güzelce yoğururken ele yapışma durumu olursa elinizi hafifçe yağlayarak yoğurma işlemine devam edin.', 'Hamurunuz toparladığında elinizi yağlayın. Cevizden biraz büyük toplar koparın ve güzelce yuvarlayın.', 'Pişirme kağıdı serili bir fırın tepsisinin üzerine kurabiyelerinizi dizin.', 'Önceden ısıtılmış 170 derecelik fırında kontrollü bir biçimde 12-15 dakika arası üzeri hafif kızarıp renk değiştirene kadar pişirin.', 'Çıkarıp oda sıcaklığında dinlendirdikten sonra üzerine pudra şekeri serperek servis edin.']",KURABİYE,239b56,/tarif/kurabiye/,"['Kurabiye', 'Tatlı Kurabiye']","['ekonomik', 'ara öğün', 'çay saati']","['Kahvaltı', 'Çay Saati']",['Fırın'],"['Ekonomik', 'Vejetaryen']",False,900,900,2017-11-01T06:51:52Z,4.0,900549,2817,False,False,False,0,,0,,,,2017/10/margarinsiz-kurabiye-tarifi.jpg,0,0,https://cdn.yemek.com/mnresize/940/940/uploads/2017/10/margarinsiz-kurabiye-tarifi.jpg,940,940,False,https://cdn.yemek.com/mncrop/300/200/uploads/2017/10/margarinsiz-kurabiye-tarifi.jpg,300,200,True,https://cdn.yemek.com/mncrop/940/625/uploads/2017/10/margarinsiz-kurabiye-tarifi.jpg,940,625,True,https://cdn.yemek.com/mncrop/620/388/uploads/2017/10/margarinsiz-kurabiye-tarifi.jpg,620,388,True,https://cdn.yemek.com/mncrop/600/315/uploads/2017/10/margarinsiz-kurabiye-tarifi.jpg,600,315,True,['fırın'],,,,,
871,1843,Yasemin Özaltın,https://cdn.yemek.com/author/35533/20181219061403_avatar.jpg,/profil/yasemingursurer/,Pürüzsüz ve Yumuşacık: Patates Püresi,Patates Püresi,/tarif/patates-puresi/,30 dk,15 dk,"<p>Tereyağı ve süt ilavesiyle hazırlanan patates püresi, başlı başına ana yemek olarak servis edilebildiği gibi pek çok <a href=""https://yemek.com/tarif/"" target=""_blank"">yemek tarifinin</a> yanına yakışan kurtarıcı bir garnitür görevi üstlenir. Bu görev bazen öylesine mühim bir hal alır ki patates püresinin köfteden daha çok alkış aldığı, tavuğun sofrada gölgede bıraktığı, babası patatesi gururlandırdığı anlar vardır.</p>
<p>Her ne kadar çok kolay bir tarif gibi gözükse de patates püresi tarifini tam uygulamayan ve pürenin lezzetini bozuk poğaçaya benzetenler de vardır. O yüzden bu püre tarifine kulak verin.</p>
<p>Patates püresinde süt tadından hoşlananlar, bildik püre tariflerinin dışına çıkıyor ve patatesleri sütte haşlıyoruz.</p>
",recipe,"['tereyağı', 'tuz', 'süt', 'orta boy patates', 'karabiber (arzuya göre)']","['Kabukları soyulmuş patateslerinizi tencere alın ve üzerini geçecek kadar su ilave edin.', 'Ardından yumuşayana kadar pişmeye bırakın. Patateslerinizin pişip pişmediğini bir bıçak yardımıyla kontrol edin.', 'Yumuşayan patateslerinizin suyunu süzdürün. Üzerine tereyağı ilave ederek güzelce ezin.', 'Ardından tuz, karabiber ve sütü ekleyerek güzelce, pürüzsüz bir kıvam alana kadar ezmeye devam edin.', 'Patates püreniz hazır! Afiyet olsun.']",SEBZE,239b56,/tarif/sebze/,"['Sebze', 'Atıştırmalık', 'Video', 'Tuzlu Atıştırmalık', 'Mevsiminde']","['pratik yemek tarifleri', 'ekonomik', 'başlangıç']",['Başlangıç'],['Tencere'],['Ekonomik'],False,1800,900,2015-03-13T14:59:39Z,4.0,882052,5342,False,True,True,0,,0,,,,2015/03/patates-puresi-yemekcom.jpg,0,0,https://cdn.yemek.com/mnresize/940/940/uploads/2015/03/patates-puresi-yemekcom.jpg,940,940,False,https://cdn.yemek.com/mncrop/300/200/uploads/2015/03/patates-puresi-yemekcom.jpg,300,200,True,https://cdn.yemek.com/mncrop/940/625/uploads/2015/03/patates-puresi-yemekcom.jpg,940,625,True,https://cdn.yemek.com/mncrop/620/388/uploads/2015/03/patates-puresi-yemekcom.jpg,620,388,True,https://cdn.yemek.com/mncrop/600/315/uploads/2015/03/patates-puresi-yemekcom.jpg,600,315,True,"['tencere', 'vejetaryen', 'glutensiz', 'düşük karbonhidratlı']",,"['Haziran', 'Temmuz', 'Ağustos', 'Eylül']",,,
872,24008,Neşe Ümit Tan,https://cdn.yemek.com/author/208653/20190910030615_avatar.jpg,/profil/neseumit/,Terbiyesi Kesilmez: Pirinçli Yoğurt Çorbası,Pirinçli Yoğurt Çorbası,/tarif/pirincli-yogurt-corbasi/,25 dk,10 dk,"<p>Mevsim farketmeden afiyetle içilecek bir <a href=""https://yemek.com/tarif/corba/"" target=""_blank"">çorba</a> varsa o da tartışmasız pirinçli yoğurt çorbasıdır. <a href=""https://yemek.com/tarif/"" target=""_blank"">Yemek tarifleri</a> arasında özel bir yeri olan bu çorba o her daim tüketilecek kadar güzel lezzetini yoğurda borçlu. Üstelik hazırlaması da öyle pratik ki! Terbiyesi kesilmeyen, tadı damağınızda kalacak bu nefis lezzeti hazırlamak isteyenler için adım adım resimli anlatımla tarifimizi sizler için hazırladık.</p>
<p><a href=""https://yemek.com/tarif/yayla-corbasi/"" target=""_blank"">Yayla çorbasına</a> benzerliğiyle dikkat çeken, <a href=""https://yemek.com/yogurtlu-corba-tarifleri/"" target=""_blank"">yoğurtlu çorbaların </a>en güzellerinden pirinçli yoğurt çorbasını hazırlarken dikkat etmeniz gereken nokta terbiyesinin kesilmemesi için ısınan suyla ılıtmak ve tencereye eklerken muhakkak karıştırarak ve yavaş yavaş eklemek. Haydi bu nefis yoğurt çorbasını denemek isteyenler, hemen mutfağa!</p>
",recipe,"['pirinç', 'tereyağı', 'tuz', 'yumurta', 'un', 'su', 'yoğurt', 'kuru nane']","['Orta boy bir tencerenin içerisine suyu dökün. İçine pirinçleri ekleyin. Kısık ateşte pirinçler yumuşayana kadar pişirin.', 'Bir kabın içerisine\xa0yoğurt, yumurta ve unu aktarın.', 'Güzelce çırpın ve içerisinde unun topaklanmamasına özen gösterin.', 'Ocağın üzerinde pişen pirinçlerin suyundan bir kepçe alıp güzelce yoğurtlu karışıma yedirin. Ardından bu işlemi birkaç kepçe daha ilave ederek gerçekleştirin.', 'Ocakta pişmekte olan pirinçlerin üzerine yoğurtlu karışımı çok dikkatli bir şekilde, incecik bir ip halinde dökerek bir yandandan da karıştırın.', 'Bu şekilde tüm yoğurdu ilave ettikten sonra kaynayana kadar güzelce karıştırın. Kuru naneyi ve tuzunu da ilave edin.', 'Birkaç dakika daha ocakta pişirmeye devam edin. Bu aşamada kıvamı çok yoğunlaşırsa su ilave edebilirsiniz.', 'Ayrı bir tavanın içerisinde tereyağını eritin ve üzerine kuru naneyi ekleyerek hafifçe yakın. Servis etmeden önce çorbanızın üzerine gezdirin.', 'Ardından çorbanızı servis edin. Afiyetler olsun!']",ÇORBA,,/tarif/corba/,"['Çorba', 'Ramazan']","['pratik yemek tarifleri', 'ekonomik', 'başlangıç', 'akşam yemeği', 'öğle yemeği']","['Başlangıç', 'Öğle Yemeği', 'Akşam Yemeği']",['Tencere'],"['Ekonomik', 'Vejetaryen']",False,1500,600,2020-02-13T07:44:25Z,4.0,875331,5036,False,False,True,0,,0,,,,2019/05/pirincli-yogurt-corbasi-yeni.jpg,0,0,https://cdn.yemek.com/mnresize/940/940/uploads/2019/05/pirincli-yogurt-corbasi-yeni.jpg,940,940,False,https://cdn.yemek.com/mncrop/300/200/uploads/2019/05/pirincli-yogurt-corbasi-yeni.jpg,300,200,True,https://cdn.yemek.com/mncrop/940/625/uploads/2019/05/pirincli-yogurt-corbasi-yeni.jpg,940,625,True,https://cdn.yemek.com/mncrop/620/388/uploads/2019/05/pirincli-yogurt-corbasi-yeni.jpg,620,388,True,https://cdn.yemek.com/mncrop/600/315/uploads/2019/05/pirincli-yogurt-corbasi-yeni.jpg,600,315,True,"['tencere', 'vejetaryen']",greenLight,,,,
873,434,Cemre Özgüzel,https://cdn.yemek.com/author/109/20200211010242_avatar.jpg,/profil/cemre-ozguzel/,Çıtırlığını Uzun Süre Korur: Lokma Tatlısı,Lokma Tatlısı,/tarif/lokma-tatlisi/,20 dk,40 dk,"<p><a href=""https://yemek.com/tarif/serbetli-tatlilar/"" target=""_blank"">Şerbetli tatlı tariflerinin</a> en sevilenlerinden, özellikle İzmir ve çevresi başta olmak üzere Ege'de birçok sokakta mis gibi kokusuyla sizi karşılayan lokma tatlısı aslında evde de çok kolay bir şekilde hazırlanır!</p>
<p>Her evde bulunan malzemelerle yapılan lokma hamuru mis gibi kızartılır, tam kıvamında şerbetiyle buluştuğunda lezzeti devleşir. Porsiyonlaması ve ikramı kolay, sokak satıcısı ve yazlıkların gözde tatlısı lokma, şerbeti ile buluştuktan sonraysa ağızda öyle nefis bir tat bırakır ki bir yiyen bir daha ister.</p>
<p>Sözün kısası evde, ellerinizle hazırlayabileceğiniz en pratik şerbetli tatlılardan olan bu nefis <strong>gerçek lokma</strong> <a href=""https://yemek.com/tarif/tatli/"" target=""_blank"">tatlı</a>sı tarifini mutlaka deneyin.</p>
<p>Tabii yerken de ölçüyü kaçırmayın diyelim ve hemen <a href=""https://yemek.com/tarif/"" target=""_blank"">tarif</a>e geçelim. Şimdiden ellerinize sağlık. <img src=""https://cdn.yemek.com/assets/images/smiley/smile.png"" class=""wp-smiley img-responsive"" /></p>
",recipe,"['limon suyu', 'toz şeker', 'toz şeker', 'ayçiçek yağı', 'un', 'su', 'ılık su', 'kuru maya']","['Lokma tatlısı için 3,5 su bardağı unu geniş bir kabın içine alın ve ortasını havuz şeklinde açın. 1 paket kuru maya, 1 yemek kaşığı toz şeker ilave edin.', '2 su bardağı ılık suyu ilave ederek yoğurmaya başlayın. Ele yapışan ve cıvık bir hamur elde edin.', 'Hamurunuzun üzerini kapatın, oda sıcaklığında 1 saat mayalandırın.', 'Hamur mayalanırken şerbetini hazırlayın. Tencerenin içerisine 2 su bardağı toz şeker ve 1,5 su bardağı suyu aktarın. Şeker eriyince limon suyunu ilave edin. Hafif kaynayınca ocaktan alın ve soğumaya bırakın.', 'Mayalanan hamuru sıkma torbasına aktarın.', 'Yağlanmış mutfak makası yardımıyla hamurunuzdan küçük toplar kesin. Kızgın yağın içerisinde kızartın.', 'Kızan lokmaları kevgir yardımıyla alın ve soğuk şerbetin içerisine atın. 10 saniye kadar şerbetin içerisinde tutun.', 'Üzerine tarçın serperek nefis lokmalarınızı servis edebilirsiniz. Afiyet olsun.']",ŞERBETLİ TATLI,239b56,/tarif/serbetli-tatlilar/,"['Tatlı', 'Şerbetli Tatlı', 'Ramazan', 'Video']","['ekonomik', 'ara öğün']",['Çay Saati'],['Kızartma'],['Ekonomik'],False,1200,2400,2019-03-18T13:30:38Z,4.0,859996,2472,False,True,True,0,,0,,,,2014/08/lokma-yemekcom.jpg,0,0,https://cdn.yemek.com/mnresize/940/940/uploads/2014/08/lokma-yemekcom.jpg,940,940,False,https://cdn.yemek.com/mncrop/300/200/uploads/2014/08/lokma-yemekcom.jpg,300,200,True,https://cdn.yemek.com/mncrop/940/625/uploads/2014/08/lokma-yemekcom.jpg,940,625,True,https://cdn.yemek.com/mncrop/620/388/uploads/2014/08/lokma-yemekcom.jpg,620,388,True,https://cdn.yemek.com/mncrop/600/315/uploads/2014/08/lokma-yemekcom.jpg,600,315,True,"['vejetaryen', 'kızartma']",,,,,
874,10116,Neşe Ümit Tan,https://cdn.yemek.com/author/208653/20190910030615_avatar.jpg,/profil/neseumit/,İçi Yumuşak: Kakaolu Çatlak Kurabiye,Kakaolu Çatlak Kurabiye,/tarif/kakaolu-catlak-kurabiye/,8 dk,15 dk,"<p>Fırından nefis bir davetiye çıktı. Bu davetiye size mis kokulu keyif anlarına konuk olmanız için gönderildi. Göndereni ise <strong>kakaolu çatlak kurabiye</strong>! Görüntüsüyle dahi içimizi açan <a href=""https://yemek.com/tarif/kurabiye/"" target=""_blank"" rel=""noopener"">kurabiye</a>, yapımıyla da pek bir keyifli. Buzdolabımızda her daim bulunan malzemelerle hemencecik hazırlanıyor. İçine tereyağı yerine sıvı yağ giriyor, daha bir hafifliyor.</p>
<p>Gönderdiği davetiyeyi geri çevirmek olmaz. Biz de kendisini çayımızın yanına, kahvemizin baş ucuna, sütümüzün dibinde ağırlamak istiyoruz. Bu yüzden çıkardık malzemelerimizi, kaplarımızı. <a href=""https://yemek.com/tarif/"" target=""_blank"" rel=""noopener"">Tarif</a>imizi de tüm ayrıntılarına kadar anlattık. Aman dikkat! Minik püf noktalarını es geçmeyin.</p>",recipe,"['yumurta', 'toz şeker', 'sıvı yağ', 'kakao', 'vanilin', 'kabartma tozu', 'un', 'pudra şekeri']","['<p>Orta boy bir kabın içerisinde yumurta ve şekeri mikser ya da çırpma teli yardımıyla çırpın.</p>', '<p>Şekerler eriyip, karışımın rengi kırık beyaz hale geldiğinde sıvı yağ ekleyerek biraz daha çırpın.</p>', '<p>Üzerine kakao, kabartma tozu ve vanilini eleyin.</p>', '<p>Son olarak unu eleyin.\xa0Bir spatula yardımıyla malzemeler birleşinceye dek karıştırın. Hamurun kıvamı kurabiye hamuruna göre cıvık olacak ve daha çok brownie hamuruna benzeyecektir. Dilediğiniz kıvama gelen hamuru streç filme sararak en az 2 saat buzdolabında dinlenmeye bırakın.</p>', '<p>Dinlenen kurabiye hamurunuzu çıkarın. Hamurunuzdan ceviz büyüklüğünde toplar koparak minik toplar halinde şekil verin.</p>', '<p>Şekil verdiğiniz kurabiyeleri pudra şekeri ile kaplayın. Pudra şekeri ile kaplamış çatlak kurabiyelerinizi yağlı kağıt serdiğiniz tepsiye yerleştirin. Önceden ısıtılmış 180 derecelik fırında kontrollü bir şekilde yaklaşık\xa08-10 dakika pişirin.</p>', '<p>Pudra şekeri ile kaplamış çatlak kurabiyelerinizi yağlı kağıt serdiğiniz tepsiye yerleştirin.</p>', '<p>Önceden ısıtılmış 180 derecelik fırında kontrollü bir şekilde yaklaşık\xa08-10 dakika pişirin.</p>', '<p>Fırından çıkardıktan sonra\xa015-20 dakika kadar oda sıcaklığında dinlendirdikten sonra servis edin.</p>', '<p>Kakaolu çatlak kurabiyeleriniz hazır.</p>', '<p>Afiyet olsun!</p>']",TATLI KURABİYE,239b56,/tarif/tatli-kurabiyeler/,"['Kurabiye', 'Video', 'Tatlı Kurabiye']",,['Çay Saati'],['Fırın'],['Ekonomik'],False,480,900,2016-11-07T07:15:24Z,4.0,853260,6544,False,True,True,0,,0,,,,2016/11/kakaolu-catlak-kurabiye-yemekcom.jpg,0,0,https://cdn.yemek.com/mnresize/940/940/uploads/2016/11/kakaolu-catlak-kurabiye-yemekcom.jpg,940,940,False,https://cdn.yemek.com/mncrop/300/200/uploads/2016/11/kakaolu-catlak-kurabiye-yemekcom.jpg,300,200,True,https://cdn.yemek.com/mncrop/940/625/uploads/2016/11/kakaolu-catlak-kurabiye-yemekcom.jpg,940,625,True,https://cdn.yemek.com/mncrop/620/388/uploads/2016/11/kakaolu-catlak-kurabiye-yemekcom.jpg,620,388,True,https://cdn.yemek.com/mncrop/600/315/uploads/2016/11/kakaolu-catlak-kurabiye-yemekcom.jpg,600,315,True,,,,,,
875,2914,Yasemin Özaltın,https://cdn.yemek.com/author/35533/20181219061403_avatar.jpg,/profil/yasemingursurer/,Zeytinyağlıların En Şekeri: Taze Fasulye,Taze Fasulye,/tarif/taze-fasulye/,25 dk,20 dk,"<p>Tek tek kılçıkları ayıklanan, <a href=""https://yemek.com/tarif/zeytinyaglilar"" target=""_blank"">zeytinyağlı</a> tariflerin en makbulü, <a href=""https://yemek.com/tarif/"" target=""_blank"">yemek tariflerinin</a> en zarifi zeytinyağlı taze fasulye. Yerine göre jülyen şeklinde doğranan yeşil fasulyeleri, uç kısımlarını aldıktan sonra ortadan ikiye böldük. Sulu domates, kuru soğan ve sarımsak ilavesiyle tadına tat kattık.</p>
<p>Naneli <a href=""https://yemek.com/tarif/cacik/"" target=""_blank"">cacık</a>la güzel, her dem yenir zeytinyağlı taze fasulye. Videolu ve adım adım resimli yapılış aşamalarıyla şimdi karşınızda!</p>
<p>Ayrıca bunu seven bunu da sevdi: <a href=""https://yemek.com/tarif/kiymali-taze-fasulye/"" target=""_blank"">Kıymalı taze fasulye tarifi</a>!</p>
",recipe,"['sıcak su', 'tuz', 'toz şeker', 'sarımsak', 'zeytinyağı', 'büyük boy kuru soğan', 'taze fasulye', 'orta boy domates (etli ve sulu)']","['Kuru soğanları küçük küpler halinde kesin. Sarımsakları ince ince dilimleyin. Domatesleri rendeleyin. Fasulyeleri de ayıklayarak bir köşeye alın.5 yemek kaşığı zeytinyağını bir tencerede kızdırın.', 'Doğradığınız 1 adet büyük boy kuru soğan ve 2 diş doğranmış sarımsakları hafif bir renk alana kadar kavurun.', '600 gram doğranmış taze fasulyeyi de ekleyerek kavurma işlemini sürdürün.', '2 çay kaşığı tuz, 1 tatlı kaşığı toz şeker, 3 adet rendelenmiş domates ve 1 su bardağı sıcak suyu da ekledikten sonra güzelce karıştırın.', 'Kapağını kapatıp fasulyeler yumuşayana kadar kısık ateşte pişirmeye bırakın.', 'Arzuya göre ılık, fakat daha da lezzetli olması için soğuk olarak servis edin. Afiyet olsun!']",ZEYTİNYAĞLI,239b56,/tarif/zeytinyaglilar/,"['Sebze', 'Zeytinyağlı', 'Video', 'Mevsiminde']",,"['Öğle Yemeği', 'Akşam Yemeği']","['Tencere', 'Ocak']",,False,1500,1200,2019-05-15T06:39:55Z,4.0,841532,5174,False,True,True,0,,0,,,,2015/07/taze-fasulye-yemekcom.jpg,0,0,https://cdn.yemek.com/mnresize/940/940/uploads/2015/07/taze-fasulye-yemekcom.jpg,940,940,False,https://cdn.yemek.com/mncrop/300/200/uploads/2015/07/taze-fasulye-yemekcom.jpg,300,200,True,https://cdn.yemek.com/mncrop/940/625/uploads/2015/07/taze-fasulye-yemekcom.jpg,940,625,True,https://cdn.yemek.com/mncrop/620/388/uploads/2015/07/taze-fasulye-yemekcom.jpg,620,388,True,https://cdn.yemek.com/mncrop/600/315/uploads/2015/07/taze-fasulye-yemekcom.jpg,600,315,True,,,"['Nisan', 'Mayıs', 'Haziran', 'Temmuz']",,,
876,140,Yasemin Özaltın,https://cdn.yemek.com/author/35533/20181219061403_avatar.jpg,/profil/yasemingursurer/,Tam Kıvamında: Kadınbudu Köfte,Kadınbudu Köfte,/tarif/kadinbudu-kofte/,5 dk,25 dk,"<p>Kadınbudu köfte, kendisine bu topraklarda <a href=""https://yemek.com/tarif/kofte/"" target=""_blank"" rel=""noopener"">köfte</a> dedirtme konusunda en başarılı tariflerden biri. Mesela neredeyse bütün köfteler pilavla çok iyi giderken, kadınbudu gitmez. Ancak patates püresiyle diğer bütün köftelerden daha güzel olur. Biraz hercai anlayacağınız.</p>
<p>Neyse bu kadar konuştuktan sonra bu akşam ve hatta ilk fırsatta <a href=""https://yemek.com/tarif/"" target=""_blank"" rel=""noopener"">yemek tariflerinin</a> en güzellerinden olan <strong>kadınbudu köfte</strong>yi yapmak bize farz oldu. Aşağıda bize eşlik etmek isteyenler için videolu tarifi var. Üstelik en <strong>tam kıvamında</strong>, en lezzetli haliyle bizlerle! Dileyen gelebilir, sofrasını güzelleştirebilir.</p>
<p>Haydi herkese afiyet olsun!</p>",recipe,"['kuru soğan', 'tuz', 'yumurta', 'yumurta', 'ayçiçek yağı', 'un', 'sarımsak', 'karabiber', 'orta yağlı kıyma', 'kimyon', 'haşlanmış pirinç', 'galeta unu']","['<p>Kadınbudu köfte için 1/2 su bardağı pirinci tuz ve su ile birlikte hafif yumuşayana kadar kaynatın. Çok yumuşamamasına dikkat edin.\xa0Bir tavada zeytinyağı ile soğanları\xa0 yumuşayana kadar kavurun.\xa0Sarımsakları da ekleyip kavurmaya devam edin.</p>', '<p>Kıymanın yarısını soğan ve sarımsakların içerisine alın ve suyunu salıp, çekene kadar kavurun. Pişen kıymaları ocaktan alın ve soğumaya bırakın.</p>', '<p>Geniş bir kasede çiğ kıyma, un, haşlanmış pirinç, pişip soğuyan soğanlı kıyma harcını, yumurta ve tüm baharatları bir araya getirip yoğurun.\xa0Yoğurduktan sonra üzerine streç çekip 20 dakika buzdolabında bekletin.</p>', '<p>Bekleyen harçtan yumurtadan biraz daha büyük parçalar koparıp yuvarlayarak şekil verin.</p>', '<p>Şekil verilmiş köfteleri önce un ve galeta unu karışımına, sonra yumurtaya batırın.</p>', '<p>Kadınbudu köfteleri kızgın yağda kızartın. Servis ederken püre ve sotelenmiş sebzeler ile servis edebilirsiniz, afiyet olsun!</p>']",KÖFTE,239b56,/tarif/kofte/,"['Et', 'Köfte', 'Ramazan', 'Video']",,"['Başlangıç', 'Öğle Yemeği', 'Ara Öğün', 'Akşam Yemeği']","['Kızartma', 'Ocak']",,False,300,1500,2021-10-18T08:41:49Z,4.0,944096,5753,False,True,True,0,,0,,,,2021/10/kadinbudu-kofte-yemekcom.jpg,0,0,https://cdn.yemek.com/mnresize/940/940/uploads/2021/10/kadinbudu-kofte-yemekcom.jpg,940,940,False,https://cdn.yemek.com/mncrop/300/200/uploads/2021/10/kadinbudu-kofte-yemekcom.jpg,300,200,True,https://cdn.yemek.com/mncrop/940/625/uploads/2021/10/kadinbudu-kofte-yemekcom.jpg,940,625,True,https://cdn.yemek.com/mncrop/620/388/uploads/2021/10/kadinbudu-kofte-yemekcom.jpg,620,388,True,https://cdn.yemek.com/mncrop/600/315/uploads/2021/10/kadinbudu-kofte-yemekcom.jpg,600,315,True,,,,,,
877,233,Yasemin Özaltın,https://cdn.yemek.com/author/35533/20181219061403_avatar.jpg,/profil/yasemingursurer/,Kalem Gibi Sarılır: Zeytinyağlı Yaprak Sarma,Zeytinyağlı Yaprak Sarma,/tarif/zeytinyagli-yaprak-sarma/,45 dk,40 dk,"<p>Bayram yemeklerinden altın günlerine kadar günün her anı yenilebilecek, en sevilen, en zamansız <a href=""https://yemek.com/tarif/"" target=""_blank"">yemek tariflerinden</a> biridir zeytinyağlı yaprak sarma. Belli başlı püf noktaları ve lezzet sırlarını takip edip, biraz zaman ayırdıktan sonra harika sarmalar hazırlayabilirsiniz. İncecik sarılan, bol zeytinyağlı ve limonlu olanı makbuldür yaprak sarmanın. İsterseniz salamura asma yaprağı kullanarak isterseniz de taze asma yaprağı kullanarak hazırlayabilirsiniz onu. Karşınızda yemelere doyamayacağınız zeytinyağlı yaprak sarma tarifi!</p>
<p>Tarifin en önemli sırrı yaprakların içini çok fazla doldurmamakta saklı. Bu sayede yapraklar pişerken patlamayacak ve tam kıvamında olacaklar. Yaprak sarması nasıl yapılır, yaprak sarması içi nasıl hazırlanır, yaprak sarma nasıl pişirilir diyenlere de adım adım görselli bir şekilde <a href=""https://yemek.com/tarif/zeytinyaglilar/"" target=""_blank"">zeytinyağlı</a> yaprak sarma yapımını anlatıyoruz tarifimizde. Bu tarif kaçmaz diyor, lezzeti ve görünümü mükemmel, en güzel zeytinyağlı yaprak sarma tarifine alıyoruz sizleri.</p>
<p>Dilerseniz taze yaprak sarması tarifimize de <a href=""https://yemek.com/tarif/taze-yaprak-sarmasi/"" target=""_blank"">şuradan</a> bakabilirsiniz.</p>
",recipe,"['pirinç', 'kuru soğan', 'sıcak su', 'sıcak su', 'nane', 'tuz', 'zeytinyağı', 'zeytinyağı', 'karabiber', 'tarçın', 'limon', 'kuş üzümü', 'dolmalık fıstık', 'asma yaprağı', 'yenibahar']","['Sarmanın iç harcını hazırlamak için; yarım su bardağı zeytinyağını geniş tabanlı bir tencerede kızdırın. 3 adet rendelenmiş soğanı hafif renk alana kadar kavurun. Ardından üzerine 1,5 yemek kaşığı dolmalık fıstığı da\xa0 koyup kavurmaya devam edin.', 'Ilık suda 5 dakika kadar bekletip suyunu süzdürdüğünüz 1,5 su bardağı pirinci soğanlarla birlikte, pirinçler şeffaf bir görünüm kazanana kadar kavurun.', ""Ardından sırasıyla; 1 yemek kaşığı kuş üzümü, 1'er çay kaşığı tuz, karabiber, yenibahar ve tarçın ekleyip karıştırın."", 'Yaklaşık 1 su bardağı sıcak suyu da ilave edin ve iç harcı kısık ateşte 5 dakika kadar pişirdikten sonra ocaktan alın.', 'Salamura asma yapraklarını tezgahın üzerinde damarlı kısımları üstte kalacak şekilde açın. Her bir yaprağın orta kısmına; hazırlayıp, ılıttığınız iç harçtan birer tatlı kaşığı kadar paylaştırın.', 'Kenar kısımlarını içe alıp, geniş kısmından uç kısmına doğru ilerleyin.', 'Tüm yaprakları sıkı bir şekilde sarın.', 'Sarma tenceresinin tabanını birkaç adet asma yaprağı ile kaplayın.', 'Hazırladığınız sarmaları, sıra halinde, yan yana dizin. Limonu halka halka dilimledikten sonra sarmaların üzerine yerleştirin.', 'Pişme esnasında açılmamaları için; üzerlerine düz bir servis tabağı kapatın. 1,5 su bardağı sıcak su ve 2 yemek kaşığı zeytinyağını da tencereye ekledikten sonra\xa0sarmaları, kısık ateşte yaklaşık 35 dakika pişirin.', 'Arzuya göre; ılık ya da soğuk olarak servis edin.']",ZEYTİNYAĞLI,239b56,/tarif/zeytinyaglilar/,"['Sebze', 'Ramazan', 'Zeytinyağlı', 'Video']","['ekonomik', 'başlangıç', 'akşam yemeği', 'öğle yemeği']","['Başlangıç', 'Çay Saati']",['Tencere'],"['Ekonomik', 'Vejetaryen', 'Düşük Kalorili']",False,2700,2400,2019-05-06T11:59:14Z,4.0,941586,5114,False,True,True,0,,0,,,,2014/07/zeytinyagli-yaprak-sarmasi-yemekcom.jpg,0,0,https://cdn.yemek.com/mnresize/940/940/uploads/2014/07/zeytinyagli-yaprak-sarmasi-yemekcom.jpg,940,940,False,https://cdn.yemek.com/mncrop/300/200/uploads/2014/07/zeytinyagli-yaprak-sarmasi-yemekcom.jpg,300,200,True,https://cdn.yemek.com/mncrop/940/625/uploads/2014/07/zeytinyagli-yaprak-sarmasi-yemekcom.jpg,940,625,True,https://cdn.yemek.com/mncrop/620/388/uploads/2014/07/zeytinyagli-yaprak-sarmasi-yemekcom.jpg,620,388,True,https://cdn.yemek.com/mncrop/600/315/uploads/2014/07/zeytinyagli-yaprak-sarmasi-yemekcom.jpg,600,315,True,"['tencere', 'vejetaryen', 'glutensiz']",,,,,
878,1806,Yasemin Özaltın,https://cdn.yemek.com/author/35533/20181219061403_avatar.jpg,/profil/yasemingursurer/,Ege Usulü: Zeytinyağlı Enginar,Zeytinyağlı Enginar,/tarif/enginar/,1 sa,30 dk,"<p>İçerdiği vitamin ve mineral değerleriyle tüm <a href=""https://yemek.com/tarif/"" target=""_blank"">yemek tarifleri</a> ve <strong><a href=""https://yemek.com/tarif/zeytinyaglilar/"" target=""_blank"">zeytinyağlılar</a></strong> içinde kendine ayrı bir yer bulması yetmezmiş gibi baharı müjdeleyen ve sağlık dostu sebzelerin başında gelen <a href=""https://yemek.com/tarif/baklali-enginar/"" target=""_blank"">enginarı</a>, zeytinyağı ve garnitür olarak bilinen <a href=""https://yemek.com/tarif/sebze/"" target=""_blank"">sebze</a> karışımıyla pişirmeye ne dersiniz?</p>
<p>Mart ayının gelişiyle pazar tezgahlarında yavaş yavaş yerini almaya başlayan enginarın gelişini <strong>sağlıklı bir sofra</strong> hazırlayarak kutlamak gerek. <strong><a href=""https://yemek.com/tarif/zeytinyaglilar/"" target=""_blank"">Zeytinyağlı tariflerinin</a> </strong>en sevilenlerinden zeytinyağlı enginar adım adım resimli ve videolu anlatımıyla karşınızda!</p>
<p>Unutmadan: Enginarı sadece lezzeti için değil sağlık için de tüketenlerdenseniz, yaprak kısımlarını ziyan etmeyin. Bu tarifte yerleri olmayabilir ancak onları çiğ ya da zeytinyağlı olarak <strong>salata</strong> yapımında kullanabilirsiniz.</p>
",recipe,"['tuz', 'toz şeker', 'patates', 'su', 'zeytinyağı', 'dondurulmuş bezelye', 'dereotu', 'orta boy kuru soğan', 'taze sıkılmış limon suyu', 'büyük boy havuç', 'ayıklanmış enginar']","['Bir tavada yarım su bardağı zeytinyağı ile 1 adet küp doğranmış soğanı hafif pembeleşinceye kadar kavurun.', ""Üzerine küp doğranmış ve haşlanmış, 1'er adet patates ve havucu da ekleyip 2-3 dakika bu şekilde kavurun."", '1 su bardağı bezelyeyi de üzerine ekledikten 3-4 dakika sonra garnitürünüzü ocaktan alın.', 'Enginarları pişireceğiniz sosu hazırlamak için bir kapta 2 adet sıkılmış limon suyu, 1 su bardağı su,\xa0 1 tatlı kaşığı toz şeker, 1 çay kaşığı tuz ve 2 yemek zeytinyağını karıştırın.', 'Geniş bir tencereye 8 adet enginarı yerleştirin ve üzerlerine hazırladığınız garnitürden koyun.', 'Limonlu su karışımını da tencereye aktarın.', 'Enginarı sofralarınızda soğuk olarak servis edin, afiyet olsun.', 'Ardından kapağını kapatıp, enginarlar yumuşayana kadar pişirin.']",ZEYTİNYAĞLI,239b56,/tarif/zeytinyaglilar/,"['Sebze', 'Özel Beslenme', 'Vejetaryen', 'Diyet', 'Zeytinyağlı', 'Vegan', 'Video', 'Mevsiminde']","['akşam yemeği', 'diyet', 'öğle yemeği']","['Öğle Yemeği', 'Akşam Yemeği']",['Tencere'],"['Ekonomik', 'Vejetaryen', 'Düşük Kalorili', 'Düşük Karbonhidratlı', 'Vegan']",False,3600,1800,2022-03-22T07:15:40Z,4.0,940507,6313,False,True,True,0,,0,,,,2015/03/zeytinyagli-enginar-yemekcom.jpg,0,0,https://cdn.yemek.com/mnresize/940/940/uploads/2015/03/zeytinyagli-enginar-yemekcom.jpg,940,940,False,https://cdn.yemek.com/mncrop/300/200/uploads/2015/03/zeytinyagli-enginar-yemekcom.jpg,300,200,True,https://cdn.yemek.com/mncrop/940/625/uploads/2015/03/zeytinyagli-enginar-yemekcom.jpg,940,625,True,https://cdn.yemek.com/mncrop/620/388/uploads/2015/03/zeytinyagli-enginar-yemekcom.jpg,620,388,True,https://cdn.yemek.com/mncrop/600/315/uploads/2015/03/zeytinyagli-enginar-yemekcom.jpg,600,315,True,"['tencere', 'vejetaryen', 'bol proteinli', 'bol lifli', 'glutensiz', 'düşük kalorili']",,"['Mart', 'Nisan', 'Mayıs']",,,
879,185,Cemre Özgüzel,https://cdn.yemek.com/author/109/20200211010242_avatar.jpg,/profil/cemre-ozguzel/,Sandığınızdan da Kolay: Köstebek Pasta,Köstebek Pasta,/tarif/kostebek-pasta/,40 dk,40 dk,"<p><a href=""https://yemek.com/tarif/mini-kostebek-pasta/"" target=""_blank"">Köstebek pasta</a> <a href=""https://yemek.com/tarif/"" target=""_blank"">tarif</a>i biraz zaman alan, yaratıcı ve gösterişli pasta tariflerinden biridir. Yapılışı zor şeklinde rivayetler olsa da aslında çok basittir. Yuvarlak ve kelepçeli bir <a href=""https://yemek.com/tarif/kek/"" target=""_blank"">kek</a> kalıbında, kakaolu kabarık bir kek hazırlanır öncelikle. Kekin orta kısmı bir kaşık yardımıyla çıkartılır, ufalanarak toz haline getirilir. Orta kısımda kalan boşluk uzun ince muz dilimleriyle doldurulur. Önceden hazırlayıp soğuttuğunuz krema ile üzeri kümbet gibi kapatılır. Pastaya toprak görünümü verecek olan kek parçaları üzerine serpiştirilir. Bol meyveli, muzlu bu pasta, çay eşliğinde <a href=""https://yemek.com/tarif/tatli/"" target=""_blank"">tatlı</a> olarak dilim dilim yenilir. Evde hazırlanan en kolay pastalardan biridir.</p>
<p>Misafir oturmasına götürmelik, sevdiklerinizle paylaşmalık köstebek <a href=""https://yemek.com/tarif/pasta-tatli/"" target=""_blank"">pasta tarifi</a> geliyor. Afiyet olsun!</p>
",recipe,"['yumurta', 'toz şeker', 'süt', 'un', 'vanilya', 'kabartma tozu', 'toz krem şanti', 'kakao', 'soğuk süt', 'muz', 'sıvı yağ']","['Geniş bir kabın içerisine yumurtaları alın. Toz şekeri de üzerine ilave edin.', 'Krema kıvamını alana kadar güzelce çırpın.', 'Üzerine ayçiçek yağı ve yarım su bardağı sütü ilave ederek bir süre daha çırpın.', 'Kabartma tozu ve vanilyayı ekleyin. Un ve kakaoyu eleyerek harca ilave edin.', 'Spatula yardımıyla karıştırın.', 'Tereyağı ile yağladığınız yuvarlak fırın kalıbına kek karışımını boşaltın. Önceden ısıtılmış 175 derece fırında 30-35 dakika kadar pişirin.', 'Pastanın şantisini hazırlamak için; toz krem şantiyi bir kabın içine alın ve soğuk sütü ekleyin.', 'Birlikte güzelce çırpın.', 'Pişen keki fırından alın ve ılınması için beklettikten sonra kalıptan çıkartın.', 'Kekin üst kısmını bıçak yardımıyla dikkatli bir şekilde alın.', 'Üzerini düz bir hale getirin. Ardından bıçak yardımıyla çok derine girmeden, 4 parçaya bölün ve parçaları dikkatli bir şekilde çıkarın.', 'İç kısımlarını kaşık yardımıyla kenardan birkaç cm boşluk kalacak şekilde çıkarın.', 'Muzların kabuklarını soyun ve kekin tabanına dikkatli bir şekilde yerleştirin.', 'Ardından üzerini hazırladığınız krem şanti ile kaplayın.', 'Çıkardığınız kek içini rondodan geçirin.', 'Pastanızın üzerini bu keklerle kaplayın.', 'Buzdolabında en az 3 saat kadar dinlendirin ve dilimleyerek servis edin. Afiyet olsun.']",PASTA,239b56,/tarif/pasta-tatli/,"['Tatlı', 'Pasta', 'Video']","['ekonomik', 'çay saati']",['Çay Saati'],['Fırın'],['Ekonomik'],False,2400,2400,2019-05-02T08:36:54Z,4.0,934723,3943,False,True,True,0,,0,,,,2014/06/kostebek-pasta-yemekcom.jpg,0,0,https://cdn.yemek.com/mnresize/940/940/uploads/2014/06/kostebek-pasta-yemekcom.jpg,940,940,False,https://cdn.yemek.com/mncrop/300/200/uploads/2014/06/kostebek-pasta-yemekcom.jpg,300,200,True,https://cdn.yemek.com/mncrop/940/625/uploads/2014/06/kostebek-pasta-yemekcom.jpg,940,625,True,https://cdn.yemek.com/mncrop/620/388/uploads/2014/06/kostebek-pasta-yemekcom.jpg,620,388,True,https://cdn.yemek.com/mncrop/600/315/uploads/2014/06/kostebek-pasta-yemekcom.jpg,600,315,True,['fırın'],,,,,
880,611,Cemre Özgüzel,https://cdn.yemek.com/author/109/20200211010242_avatar.jpg,/profil/cemre-ozguzel/,Kıvamı Hep Tutar: Portakallı Kek,Portakallı Kek,/tarif/portakalli-kek/,35 dk,15 dk,"<p>Kış ayları gelince özellikle, keyfi ve lezzeti bir başka olur <a href=""https://yemek.com/portakalli-pratik-tarifler/"" target=""_blank"" rel=""noopener"">portakallı</a> kekin. Portakal kabuğunun o misler gibi kokan kokusu harca girer, piştikçe kokusu tüm eve yayılır. <a href=""https://yemek.com/tarif/kek/"" target=""_blank"" rel=""noopener"">Kek</a> kokusunun huzuru yüzlerde gülümse oluşturur, yemelere doyum olmaz. <a href=""https://yemek.com/tarif/"" target=""_blank"" rel=""noopener"">Tarif</a>in en zor anı fırından çıkınca dinlenmesini beklemek. <a href=""https://yemek.com/tarif/portakalli-anne-kurabiyesi/"" target=""_blank"" rel=""noopener"">Portakall</a>ı kek yapmanın da bazı önemli püf noktaları var. Bunlara dikkat edilmediği durumlarda kekin kıvamı tam istenilen gibi olmuyor. Gelin bugün ölçüleri sizi hiç yanıltmayan enfes bir <strong>portakallı kek tarifi</strong> hazırlayalım!</p>
<p>Keki hazırlarken portakal kabuklarının beyaz kısımlarına denk getirmeden rendelemeye özen gösterin. İçerisine dilerseniz<strong> ceviz, fındık, badem, damla çikolata </strong>gibi malzemeler de ilave edebilirsiniz. Şimdiden ellerinize sağlık diyor, mis gibi kokan tarifimize buyur ediyoruz. Afiyet olsun!</p>",recipe,"['tereyağı', 'yumurta', 'toz şeker', 'un', 'vanilya', 'kabartma tozu', 'portakal suyu', 'rendelenmiş portakal kabuğu', 'sıvı yağ']","['<p>Portakallı kek için oda sıcaklığındaki yumurtaları şekerle birlikte bir kaba alın.</p>', '<p>Güzelce çırpın.</p>', '<p>Ardından üzerine sıvı yağ ve portakal suyunu da ekleyerek çırpmaya devam edin.</p>', '<p>Un, kabartma tozu ve vanilini eleyerek harca ekleyin.</p>', '<p>Kıvam alana kadar çırpın.</p>', '<p>Yağlanmış kek kalıbına harcı aktarın.</p>', '<p>170 derecede önceden ısıtılmış fırında kontrollü olarak 35- 40 dakika pişirin.</p>', '<p>Oda sıcaklığında soğutun.</p>', '<p>Daha sonra kalıptan çıkarıp dilimleyerek servis edin.</p>', '<p>Afiyet olsun!</p>']",TATLI KEK,239b56,/tarif/tatli-kek/,"['Kek', 'Video', 'Tatlı Kek']",,['Çay Saati'],['Fırın'],,False,2100,900,2021-02-25T05:30:36Z,4.0,905102,4237,False,True,True,0,,0,,,,2021/02/portakalli-kek-tarifi-yemekcom.jpg,0,0,https://cdn.yemek.com/mnresize/940/940/uploads/2021/02/portakalli-kek-tarifi-yemekcom.jpg,940,940,False,https://cdn.yemek.com/mncrop/300/200/uploads/2021/02/portakalli-kek-tarifi-yemekcom.jpg,300,200,True,https://cdn.yemek.com/mncrop/940/625/uploads/2021/02/portakalli-kek-tarifi-yemekcom.jpg,940,625,True,https://cdn.yemek.com/mncrop/620/388/uploads/2021/02/portakalli-kek-tarifi-yemekcom.jpg,620,388,True,https://cdn.yemek.com/mncrop/600/315/uploads/2021/02/portakalli-kek-tarifi-yemekcom.jpg,600,315,True,,,,,,
881,25072,Cemre Özgüzel,https://cdn.yemek.com/author/109/20200211010242_avatar.jpg,/profil/cemre-ozguzel/,Ağızda Dağılan Kıvamıyla: Margarinsiz Kurabiye,Margarinsiz Kurabiye,/tarif/margarinsiz-kurabiye/,15 dk,15 dk,"<p>İçinde margarin ya da tereyağı yok, yumurta yok, kabartma tozu yok... Tüm bu malzemelerin yokluğuna rağmen yumuşacık, kıyır kıyır bir kıvamı, dillere destan bir lezzeti var. Bu kurabiyenin bir özelliğini daha antalım. Çok kısa sürede hazırlanması ve az malzemeli olmasını belirtmeden geçmek olmaz.</p>
<p>Tüm bunlar nasıl oluyor derseniz, her şey sıvı yağ, pudra şekeri ve unun birleşiminden doğuyor. Ağızda dağılıyor oluşunu sıvı yağa, tatlılığını pudra şekerine ve kıvamını una borçlu. Bu malzemelere bir de lezzet vermesi için vanilin ve portakal kabuğu da ekledik ve lezzetini zirveye çıkardık. Dilerseniz onlar olmadan da nefis bir kurabiye hazırlamanız mümkün.</p>
<p>Hemencecik hazırlayıp pişireceğiniz bu kurabiyeyi kavanozların içerisinde uzunca bir süre saklayabilirsiniz üstelik. İçine farklı malzemeler ekleyebileceğiniz gibi sade de hazırlamanız mümkün. Öyleyse buyursunlar tarifimize. <img src=""https://cdn.yemek.com/assets/images/smiley/smile.png"" class=""wp-smiley img-responsive"" /></p>
",recipe,"['un', 'pudra şekeri', 'pudra şekeri', 'vanilin', 'sıvı yağ', 'portakal kabuğu rendesi']","['Derin bir kabın içerisine sıvı yağı aktarın.', 'Üzerine vanilin, pudra şekerini ilave ederek güzelce karıştırın.', 'Ardından bu karışımın içerisine azar azar un ilave ederek yoğurmaya başlayın.', 'Güzelce yoğururken ele yapışma durumu olursa elinizi hafifçe yağlayarak yoğurma işlemine devam edin.', 'Hamurunuz toparladığında elinizi yağlayın. Cevizden biraz büyük toplar koparın ve güzelce yuvarlayın.', 'Pişirme kağıdı serili bir fırın tepsisinin üzerine kurabiyelerinizi dizin.', 'Önceden ısıtılmış 170 derecelik fırında kontrollü bir biçimde 12-15 dakika arası üzeri hafif kızarıp renk değiştirene kadar pişirin.', 'Çıkarıp oda sıcaklığında dinlendirdikten sonra üzerine pudra şekeri serperek servis edin.']",KURABİYE,239b56,/tarif/kurabiye/,"['Kurabiye', 'Tatlı Kurabiye']","['ekonomik', 'ara öğün', 'çay saati']","['Kahvaltı', 'Çay Saati']",['Fırın'],"['Ekonomik', 'Vejetaryen']",False,900,900,2017-11-01T06:51:52Z,4.0,900549,2817,False,False,False,0,,0,,,,2017/10/margarinsiz-kurabiye-tarifi.jpg,0,0,https://cdn.yemek.com/mnresize/940/940/uploads/2017/10/margarinsiz-kurabiye-tarifi.jpg,940,940,False,https://cdn.yemek.com/mncrop/300/200/uploads/2017/10/margarinsiz-kurabiye-tarifi.jpg,300,200,True,https://cdn.yemek.com/mncrop/940/625/uploads/2017/10/margarinsiz-kurabiye-tarifi.jpg,940,625,True,https://cdn.yemek.com/mncrop/620/388/uploads/2017/10/margarinsiz-kurabiye-tarifi.jpg,620,388,True,https://cdn.yemek.com/mncrop/600/315/uploads/2017/10/margarinsiz-kurabiye-tarifi.jpg,600,315,True,['fırın'],,,,,
882,1843,Yasemin Özaltın,https://cdn.yemek.com/author/35533/20181219061403_avatar.jpg,/profil/yasemingursurer/,Pürüzsüz ve Yumuşacık: Patates Püresi,Patates Püresi,/tarif/patates-puresi/,30 dk,15 dk,"<p>Tereyağı ve süt ilavesiyle hazırlanan patates püresi, başlı başına ana yemek olarak servis edilebildiği gibi pek çok <a href=""https://yemek.com/tarif/"" target=""_blank"">yemek tarifinin</a> yanına yakışan kurtarıcı bir garnitür görevi üstlenir. Bu görev bazen öylesine mühim bir hal alır ki patates püresinin köfteden daha çok alkış aldığı, tavuğun sofrada gölgede bıraktığı, babası patatesi gururlandırdığı anlar vardır.</p>
<p>Her ne kadar çok kolay bir tarif gibi gözükse de patates püresi tarifini tam uygulamayan ve pürenin lezzetini bozuk poğaçaya benzetenler de vardır. O yüzden bu püre tarifine kulak verin.</p>
<p>Patates püresinde süt tadından hoşlananlar, bildik püre tariflerinin dışına çıkıyor ve patatesleri sütte haşlıyoruz.</p>
",recipe,"['tereyağı', 'tuz', 'süt', 'orta boy patates', 'karabiber (arzuya göre)']","['Kabukları soyulmuş patateslerinizi tencere alın ve üzerini geçecek kadar su ilave edin.', 'Ardından yumuşayana kadar pişmeye bırakın. Patateslerinizin pişip pişmediğini bir bıçak yardımıyla kontrol edin.', 'Yumuşayan patateslerinizin suyunu süzdürün. Üzerine tereyağı ilave ederek güzelce ezin.', 'Ardından tuz, karabiber ve sütü ekleyerek güzelce, pürüzsüz bir kıvam alana kadar ezmeye devam edin.', 'Patates püreniz hazır! Afiyet olsun.']",SEBZE,239b56,/tarif/sebze/,"['Sebze', 'Atıştırmalık', 'Video', 'Tuzlu Atıştırmalık', 'Mevsiminde']","['pratik yemek tarifleri', 'ekonomik', 'başlangıç']",['Başlangıç'],['Tencere'],['Ekonomik'],False,1800,900,2015-03-13T14:59:39Z,4.0,882052,5342,False,True,True,0,,0,,,,2015/03/patates-puresi-yemekcom.jpg,0,0,https://cdn.yemek.com/mnresize/940/940/uploads/2015/03/patates-puresi-yemekcom.jpg,940,940,False,https://cdn.yemek.com/mncrop/300/200/uploads/2015/03/patates-puresi-yemekcom.jpg,300,200,True,https://cdn.yemek.com/mncrop/940/625/uploads/2015/03/patates-puresi-yemekcom.jpg,940,625,True,https://cdn.yemek.com/mncrop/620/388/uploads/2015/03/patates-puresi-yemekcom.jpg,620,388,True,https://cdn.yemek.com/mncrop/600/315/uploads/2015/03/patates-puresi-yemekcom.jpg,600,315,True,"['tencere', 'vejetaryen', 'glutensiz', 'düşük karbonhidratlı']",,"['Haziran', 'Temmuz', 'Ağustos', 'Eylül']",,,
883,24008,Neşe Ümit Tan,https://cdn.yemek.com/author/208653/20190910030615_avatar.jpg,/profil/neseumit/,Terbiyesi Kesilmez: Pirinçli Yoğurt Çorbası,Pirinçli Yoğurt Çorbası,/tarif/pirincli-yogurt-corbasi/,25 dk,10 dk,"<p>Mevsim farketmeden afiyetle içilecek bir <a href=""https://yemek.com/tarif/corba/"" target=""_blank"">çorba</a> varsa o da tartışmasız pirinçli yoğurt çorbasıdır. <a href=""https://yemek.com/tarif/"" target=""_blank"">Yemek tarifleri</a> arasında özel bir yeri olan bu çorba o her daim tüketilecek kadar güzel lezzetini yoğurda borçlu. Üstelik hazırlaması da öyle pratik ki! Terbiyesi kesilmeyen, tadı damağınızda kalacak bu nefis lezzeti hazırlamak isteyenler için adım adım resimli anlatımla tarifimizi sizler için hazırladık.</p>
<p><a href=""https://yemek.com/tarif/yayla-corbasi/"" target=""_blank"">Yayla çorbasına</a> benzerliğiyle dikkat çeken, <a href=""https://yemek.com/yogurtlu-corba-tarifleri/"" target=""_blank"">yoğurtlu çorbaların </a>en güzellerinden pirinçli yoğurt çorbasını hazırlarken dikkat etmeniz gereken nokta terbiyesinin kesilmemesi için ısınan suyla ılıtmak ve tencereye eklerken muhakkak karıştırarak ve yavaş yavaş eklemek. Haydi bu nefis yoğurt çorbasını denemek isteyenler, hemen mutfağa!</p>
",recipe,"['pirinç', 'tereyağı', 'tuz', 'yumurta', 'un', 'su', 'yoğurt', 'kuru nane']","['Orta boy bir tencerenin içerisine suyu dökün. İçine pirinçleri ekleyin. Kısık ateşte pirinçler yumuşayana kadar pişirin.', 'Bir kabın içerisine\xa0yoğurt, yumurta ve unu aktarın.', 'Güzelce çırpın ve içerisinde unun topaklanmamasına özen gösterin.', 'Ocağın üzerinde pişen pirinçlerin suyundan bir kepçe alıp güzelce yoğurtlu karışıma yedirin. Ardından bu işlemi birkaç kepçe daha ilave ederek gerçekleştirin.', 'Ocakta pişmekte olan pirinçlerin üzerine yoğurtlu karışımı çok dikkatli bir şekilde, incecik bir ip halinde dökerek bir yandandan da karıştırın.', 'Bu şekilde tüm yoğurdu ilave ettikten sonra kaynayana kadar güzelce karıştırın. Kuru naneyi ve tuzunu da ilave edin.', 'Birkaç dakika daha ocakta pişirmeye devam edin. Bu aşamada kıvamı çok yoğunlaşırsa su ilave edebilirsiniz.', 'Ayrı bir tavanın içerisinde tereyağını eritin ve üzerine kuru naneyi ekleyerek hafifçe yakın. Servis etmeden önce çorbanızın üzerine gezdirin.', 'Ardından çorbanızı servis edin. Afiyetler olsun!']",ÇORBA,,/tarif/corba/,"['Çorba', 'Ramazan']","['pratik yemek tarifleri', 'ekonomik', 'başlangıç', 'akşam yemeği', 'öğle yemeği']","['Başlangıç', 'Öğle Yemeği', 'Akşam Yemeği']",['Tencere'],"['Ekonomik', 'Vejetaryen']",False,1500,600,2020-02-13T07:44:25Z,4.0,875331,5036,False,False,True,0,,0,,,,2019/05/pirincli-yogurt-corbasi-yeni.jpg,0,0,https://cdn.yemek.com/mnresize/940/940/uploads/2019/05/pirincli-yogurt-corbasi-yeni.jpg,940,940,False,https://cdn.yemek.com/mncrop/300/200/uploads/2019/05/pirincli-yogurt-corbasi-yeni.jpg,300,200,True,https://cdn.yemek.com/mncrop/940/625/uploads/2019/05/pirincli-yogurt-corbasi-yeni.jpg,940,625,True,https://cdn.yemek.com/mncrop/620/388/uploads/2019/05/pirincli-yogurt-corbasi-yeni.jpg,620,388,True,https://cdn.yemek.com/mncrop/600/315/uploads/2019/05/pirincli-yogurt-corbasi-yeni.jpg,600,315,True,"['tencere', 'vejetaryen']",greenLight,,,,
884,434,Cemre Özgüzel,https://cdn.yemek.com/author/109/20200211010242_avatar.jpg,/profil/cemre-ozguzel/,Çıtırlığını Uzun Süre Korur: Lokma Tatlısı,Lokma Tatlısı,/tarif/lokma-tatlisi/,20 dk,40 dk,"<p><a href=""https://yemek.com/tarif/serbetli-tatlilar/"" target=""_blank"">Şerbetli tatlı tariflerinin</a> en sevilenlerinden, özellikle İzmir ve çevresi başta olmak üzere Ege'de birçok sokakta mis gibi kokusuyla sizi karşılayan lokma tatlısı aslında evde de çok kolay bir şekilde hazırlanır!</p>
<p>Her evde bulunan malzemelerle yapılan lokma hamuru mis gibi kızartılır, tam kıvamında şerbetiyle buluştuğunda lezzeti devleşir. Porsiyonlaması ve ikramı kolay, sokak satıcısı ve yazlıkların gözde tatlısı lokma, şerbeti ile buluştuktan sonraysa ağızda öyle nefis bir tat bırakır ki bir yiyen bir daha ister.</p>
<p>Sözün kısası evde, ellerinizle hazırlayabileceğiniz en pratik şerbetli tatlılardan olan bu nefis <strong>gerçek lokma</strong> <a href=""https://yemek.com/tarif/tatli/"" target=""_blank"">tatlı</a>sı tarifini mutlaka deneyin.</p>
<p>Tabii yerken de ölçüyü kaçırmayın diyelim ve hemen <a href=""https://yemek.com/tarif/"" target=""_blank"">tarif</a>e geçelim. Şimdiden ellerinize sağlık. <img src=""https://cdn.yemek.com/assets/images/smiley/smile.png"" class=""wp-smiley img-responsive"" /></p>
",recipe,"['limon suyu', 'toz şeker', 'toz şeker', 'ayçiçek yağı', 'un', 'su', 'ılık su', 'kuru maya']","['Lokma tatlısı için 3,5 su bardağı unu geniş bir kabın içine alın ve ortasını havuz şeklinde açın. 1 paket kuru maya, 1 yemek kaşığı toz şeker ilave edin.', '2 su bardağı ılık suyu ilave ederek yoğurmaya başlayın. Ele yapışan ve cıvık bir hamur elde edin.', 'Hamurunuzun üzerini kapatın, oda sıcaklığında 1 saat mayalandırın.', 'Hamur mayalanırken şerbetini hazırlayın. Tencerenin içerisine 2 su bardağı toz şeker ve 1,5 su bardağı suyu aktarın. Şeker eriyince limon suyunu ilave edin. Hafif kaynayınca ocaktan alın ve soğumaya bırakın.', 'Mayalanan hamuru sıkma torbasına aktarın.', 'Yağlanmış mutfak makası yardımıyla hamurunuzdan küçük toplar kesin. Kızgın yağın içerisinde kızartın.', 'Kızan lokmaları kevgir yardımıyla alın ve soğuk şerbetin içerisine atın. 10 saniye kadar şerbetin içerisinde tutun.', 'Üzerine tarçın serperek nefis lokmalarınızı servis edebilirsiniz. Afiyet olsun.']",ŞERBETLİ TATLI,239b56,/tarif/serbetli-tatlilar/,"['Tatlı', 'Şerbetli Tatlı', 'Ramazan', 'Video']","['ekonomik', 'ara öğün']",['Çay Saati'],['Kızartma'],['Ekonomik'],False,1200,2400,2019-03-18T13:30:38Z,4.0,859996,2472,False,True,True,0,,0,,,,2014/08/lokma-yemekcom.jpg,0,0,https://cdn.yemek.com/mnresize/940/940/uploads/2014/08/lokma-yemekcom.jpg,940,940,False,https://cdn.yemek.com/mncrop/300/200/uploads/2014/08/lokma-yemekcom.jpg,300,200,True,https://cdn.yemek.com/mncrop/940/625/uploads/2014/08/lokma-yemekcom.jpg,940,625,True,https://cdn.yemek.com/mncrop/620/388/uploads/2014/08/lokma-yemekcom.jpg,620,388,True,https://cdn.yemek.com/mncrop/600/315/uploads/2014/08/lokma-yemekcom.jpg,600,315,True,"['vejetaryen', 'kızartma']",,,,,
885,10116,Neşe Ümit Tan,https://cdn.yemek.com/author/208653/20190910030615_avatar.jpg,/profil/neseumit/,İçi Yumuşak: Kakaolu Çatlak Kurabiye,Kakaolu Çatlak Kurabiye,/tarif/kakaolu-catlak-kurabiye/,8 dk,15 dk,"<p>Fırından nefis bir davetiye çıktı. Bu davetiye size mis kokulu keyif anlarına konuk olmanız için gönderildi. Göndereni ise <strong>kakaolu çatlak kurabiye</strong>! Görüntüsüyle dahi içimizi açan <a href=""https://yemek.com/tarif/kurabiye/"" target=""_blank"" rel=""noopener"">kurabiye</a>, yapımıyla da pek bir keyifli. Buzdolabımızda her daim bulunan malzemelerle hemencecik hazırlanıyor. İçine tereyağı yerine sıvı yağ giriyor, daha bir hafifliyor.</p>
<p>Gönderdiği davetiyeyi geri çevirmek olmaz. Biz de kendisini çayımızın yanına, kahvemizin baş ucuna, sütümüzün dibinde ağırlamak istiyoruz. Bu yüzden çıkardık malzemelerimizi, kaplarımızı. <a href=""https://yemek.com/tarif/"" target=""_blank"" rel=""noopener"">Tarif</a>imizi de tüm ayrıntılarına kadar anlattık. Aman dikkat! Minik püf noktalarını es geçmeyin.</p>",recipe,"['yumurta', 'toz şeker', 'sıvı yağ', 'kakao', 'vanilin', 'kabartma tozu', 'un', 'pudra şekeri']","['<p>Orta boy bir kabın içerisinde yumurta ve şekeri mikser ya da çırpma teli yardımıyla çırpın.</p>', '<p>Şekerler eriyip, karışımın rengi kırık beyaz hale geldiğinde sıvı yağ ekleyerek biraz daha çırpın.</p>', '<p>Üzerine kakao, kabartma tozu ve vanilini eleyin.</p>', '<p>Son olarak unu eleyin.\xa0Bir spatula yardımıyla malzemeler birleşinceye dek karıştırın. Hamurun kıvamı kurabiye hamuruna göre cıvık olacak ve daha çok brownie hamuruna benzeyecektir. Dilediğiniz kıvama gelen hamuru streç filme sararak en az 2 saat buzdolabında dinlenmeye bırakın.</p>', '<p>Dinlenen kurabiye hamurunuzu çıkarın. Hamurunuzdan ceviz büyüklüğünde toplar koparak minik toplar halinde şekil verin.</p>', '<p>Şekil verdiğiniz kurabiyeleri pudra şekeri ile kaplayın. Pudra şekeri ile kaplamış çatlak kurabiyelerinizi yağlı kağıt serdiğiniz tepsiye yerleştirin. Önceden ısıtılmış 180 derecelik fırında kontrollü bir şekilde yaklaşık\xa08-10 dakika pişirin.</p>', '<p>Pudra şekeri ile kaplamış çatlak kurabiyelerinizi yağlı kağıt serdiğiniz tepsiye yerleştirin.</p>', '<p>Önceden ısıtılmış 180 derecelik fırında kontrollü bir şekilde yaklaşık\xa08-10 dakika pişirin.</p>', '<p>Fırından çıkardıktan sonra\xa015-20 dakika kadar oda sıcaklığında dinlendirdikten sonra servis edin.</p>', '<p>Kakaolu çatlak kurabiyeleriniz hazır.</p>', '<p>Afiyet olsun!</p>']",TATLI KURABİYE,239b56,/tarif/tatli-kurabiyeler/,"['Kurabiye', 'Video', 'Tatlı Kurabiye']",,['Çay Saati'],['Fırın'],['Ekonomik'],False,480,900,2016-11-07T07:15:24Z,4.0,853260,6544,False,True,True,0,,0,,,,2016/11/kakaolu-catlak-kurabiye-yemekcom.jpg,0,0,https://cdn.yemek.com/mnresize/940/940/uploads/2016/11/kakaolu-catlak-kurabiye-yemekcom.jpg,940,940,False,https://cdn.yemek.com/mncrop/300/200/uploads/2016/11/kakaolu-catlak-kurabiye-yemekcom.jpg,300,200,True,https://cdn.yemek.com/mncrop/940/625/uploads/2016/11/kakaolu-catlak-kurabiye-yemekcom.jpg,940,625,True,https://cdn.yemek.com/mncrop/620/388/uploads/2016/11/kakaolu-catlak-kurabiye-yemekcom.jpg,620,388,True,https://cdn.yemek.com/mncrop/600/315/uploads/2016/11/kakaolu-catlak-kurabiye-yemekcom.jpg,600,315,True,,,,,,
886,2914,Yasemin Özaltın,https://cdn.yemek.com/author/35533/20181219061403_avatar.jpg,/profil/yasemingursurer/,Zeytinyağlıların En Şekeri: Taze Fasulye,Taze Fasulye,/tarif/taze-fasulye/,25 dk,20 dk,"<p>Tek tek kılçıkları ayıklanan, <a href=""https://yemek.com/tarif/zeytinyaglilar"" target=""_blank"">zeytinyağlı</a> tariflerin en makbulü, <a href=""https://yemek.com/tarif/"" target=""_blank"">yemek tariflerinin</a> en zarifi zeytinyağlı taze fasulye. Yerine göre jülyen şeklinde doğranan yeşil fasulyeleri, uç kısımlarını aldıktan sonra ortadan ikiye böldük. Sulu domates, kuru soğan ve sarımsak ilavesiyle tadına tat kattık.</p>
<p>Naneli <a href=""https://yemek.com/tarif/cacik/"" target=""_blank"">cacık</a>la güzel, her dem yenir zeytinyağlı taze fasulye. Videolu ve adım adım resimli yapılış aşamalarıyla şimdi karşınızda!</p>
<p>Ayrıca bunu seven bunu da sevdi: <a href=""https://yemek.com/tarif/kiymali-taze-fasulye/"" target=""_blank"">Kıymalı taze fasulye tarifi</a>!</p>
",recipe,"['sıcak su', 'tuz', 'toz şeker', 'sarımsak', 'zeytinyağı', 'büyük boy kuru soğan', 'taze fasulye', 'orta boy domates (etli ve sulu)']","['Kuru soğanları küçük küpler halinde kesin. Sarımsakları ince ince dilimleyin. Domatesleri rendeleyin. Fasulyeleri de ayıklayarak bir köşeye alın.5 yemek kaşığı zeytinyağını bir tencerede kızdırın.', 'Doğradığınız 1 adet büyük boy kuru soğan ve 2 diş doğranmış sarımsakları hafif bir renk alana kadar kavurun.', '600 gram doğranmış taze fasulyeyi de ekleyerek kavurma işlemini sürdürün.', '2 çay kaşığı tuz, 1 tatlı kaşığı toz şeker, 3 adet rendelenmiş domates ve 1 su bardağı sıcak suyu da ekledikten sonra güzelce karıştırın.', 'Kapağını kapatıp fasulyeler yumuşayana kadar kısık ateşte pişirmeye bırakın.', 'Arzuya göre ılık, fakat daha da lezzetli olması için soğuk olarak servis edin. Afiyet olsun!']",ZEYTİNYAĞLI,239b56,/tarif/zeytinyaglilar/,"['Sebze', 'Zeytinyağlı', 'Video', 'Mevsiminde']",,"['Öğle Yemeği', 'Akşam Yemeği']","['Tencere', 'Ocak']",,False,1500,1200,2019-05-15T06:39:55Z,4.0,841532,5174,False,True,True,0,,0,,,,2015/07/taze-fasulye-yemekcom.jpg,0,0,https://cdn.yemek.com/mnresize/940/940/uploads/2015/07/taze-fasulye-yemekcom.jpg,940,940,False,https://cdn.yemek.com/mncrop/300/200/uploads/2015/07/taze-fasulye-yemekcom.jpg,300,200,True,https://cdn.yemek.com/mncrop/940/625/uploads/2015/07/taze-fasulye-yemekcom.jpg,940,625,True,https://cdn.yemek.com/mncrop/620/388/uploads/2015/07/taze-fasulye-yemekcom.jpg,620,388,True,https://cdn.yemek.com/mncrop/600/315/uploads/2015/07/taze-fasulye-yemekcom.jpg,600,315,True,,,"['Nisan', 'Mayıs', 'Haziran', 'Temmuz']",,,
887,2602,Yasemin Özaltın,https://cdn.yemek.com/author/35533/20181219061403_avatar.jpg,/profil/yasemingursurer/,Kusursuz Kıvamda: Omlet,Omlet,/tarif/omlet/,3 dk,5 dk,"<p><a href=""https://yemek.com/tarif/kahvaltiliklar/"" target=""_blank"">Kahvaltıların</a> tadı tuzudur iyi yapılmış bir omlet. İçinde yer alan malzemeler değişiklik gösterse de kabarık bir <a href=""https://yemek.com/omlet-tarifleri/"" target=""_blank"">omlet tarifi</a> hazırlamak için 3 ya da 4 yumurtanız varsa o iş tamamdır! <img src=""https://cdn.yemek.com/assets/images/smiley/smile.png"" class=""wp-smiley img-responsive"" /> Arzuya göre 1 ya da 2 yumurta ile de tereyağı ve zeytinyağı oranını azaltarak <strong>sade omlet</strong> yapılabilir elbette. <strong>İyice çırpılan yumurtalar</strong> tavaya alınır ve kısa sürede pişirilir. Ne sulu ne de çok katı olmalıdır.</p>
<p>Sonrasında gelsin demli bir bardak çay ve kızarmış ekmekler. Haydi mutfağa, kusursuz kıvamda leziz mi leziz <strong>omlet tarifi</strong> yapıyoruz. Afiyetler olsun!</p>
",recipe,"['tereyağı', 'tuz', 'yumurta', 'zeytinyağı', 'taze çekilmiş tane karabiber']","['Omlet için derin bir karıştırma kasesinde 4 adet yumurtayı bir kasenin içerisine alın.', 'Yarım çay kaşığı tuz ve biberi birleştirin. Bir çırpıcı yardımıyla alttan üste doğru hava kabarcıkları oluşana kadar güzelce çırpın.', ""Tavanızı ısıtın ve 1'er yemek kaşığı tereyağı ve zeytinyağını kızdırın."", 'Ardından yumurta karışımını tavaya dökün. Ocağınızın altını kısın ve alt kısmı kızarana adar pişirin.', 'Omletin alt kısmı kızarıp, üst kısmı hafif sulu kaldığında tavanızı önce doğru eğip omleti ikiye katlayın.', '1-2 dakika daha bu şekilde pişirip ocaktan alın.', 'Soğumadan omleti kahvaltılıklarla servis edin. Afiyet olsun!']",KAHVALTILIK,239b56,/tarif/kahvaltiliklar/,"['Kahvaltılık', 'Video']",['kahvaltı'],['Kahvaltı'],['Tava'],['Bol Proteinli'],False,180,300,2022-08-24T11:20:10Z,4.0,828088,1909,False,True,True,0,,0,,,,2015/05/omlet-yemekcom.jpg,0,0,https://cdn.yemek.com/mnresize/940/940/uploads/2015/05/omlet-yemekcom.jpg,940,940,False,https://cdn.yemek.com/mncrop/300/200/uploads/2015/05/omlet-yemekcom.jpg,300,200,True,https://cdn.yemek.com/mncrop/940/625/uploads/2015/05/omlet-yemekcom.jpg,940,625,True,https://cdn.yemek.com/mncrop/620/388/uploads/2015/05/omlet-yemekcom.jpg,620,388,True,https://cdn.yemek.com/mncrop/600/315/uploads/2015/05/omlet-yemekcom.jpg,600,315,True,"['bol proteinli', 'glutensiz', 'düşük kalorili']",,,,,
888,233,Yasemin Özaltın,https://cdn.yemek.com/author/35533/20181219061403_avatar.jpg,/profil/yasemingursurer/,Kalem Gibi Sarılır: Zeytinyağlı Yaprak Sarma,Zeytinyağlı Yaprak Sarma,/tarif/zeytinyagli-yaprak-sarma/,45 dk,40 dk,"<p>Bayram yemeklerinden altın günlerine kadar günün her anı yenilebilecek, en sevilen, en zamansız <a href=""https://yemek.com/tarif/"" target=""_blank"">yemek tariflerinden</a> biridir zeytinyağlı yaprak sarma. Belli başlı püf noktaları ve lezzet sırlarını takip edip, biraz zaman ayırdıktan sonra harika sarmalar hazırlayabilirsiniz. İncecik sarılan, bol zeytinyağlı ve limonlu olanı makbuldür yaprak sarmanın. İsterseniz salamura asma yaprağı kullanarak isterseniz de taze asma yaprağı kullanarak hazırlayabilirsiniz onu. Karşınızda yemelere doyamayacağınız zeytinyağlı yaprak sarma tarifi!</p>
<p>Tarifin en önemli sırrı yaprakların içini çok fazla doldurmamakta saklı. Bu sayede yapraklar pişerken patlamayacak ve tam kıvamında olacaklar. Yaprak sarması nasıl yapılır, yaprak sarması içi nasıl hazırlanır, yaprak sarma nasıl pişirilir diyenlere de adım adım görselli bir şekilde <a href=""https://yemek.com/tarif/zeytinyaglilar/"" target=""_blank"">zeytinyağlı</a> yaprak sarma yapımını anlatıyoruz tarifimizde. Bu tarif kaçmaz diyor, lezzeti ve görünümü mükemmel, en güzel zeytinyağlı yaprak sarma tarifine alıyoruz sizleri.</p>
<p>Dilerseniz taze yaprak sarması tarifimize de <a href=""https://yemek.com/tarif/taze-yaprak-sarmasi/"" target=""_blank"">şuradan</a> bakabilirsiniz.</p>
",recipe,"['pirinç', 'kuru soğan', 'sıcak su', 'sıcak su', 'nane', 'tuz', 'zeytinyağı', 'zeytinyağı', 'karabiber', 'tarçın', 'limon', 'kuş üzümü', 'dolmalık fıstık', 'asma yaprağı', 'yenibahar']","['Sarmanın iç harcını hazırlamak için; yarım su bardağı zeytinyağını geniş tabanlı bir tencerede kızdırın. 3 adet rendelenmiş soğanı hafif renk alana kadar kavurun. Ardından üzerine 1,5 yemek kaşığı dolmalık fıstığı da\xa0 koyup kavurmaya devam edin.', 'Ilık suda 5 dakika kadar bekletip suyunu süzdürdüğünüz 1,5 su bardağı pirinci soğanlarla birlikte, pirinçler şeffaf bir görünüm kazanana kadar kavurun.', ""Ardından sırasıyla; 1 yemek kaşığı kuş üzümü, 1'er çay kaşığı tuz, karabiber, yenibahar ve tarçın ekleyip karıştırın."", 'Yaklaşık 1 su bardağı sıcak suyu da ilave edin ve iç harcı kısık ateşte 5 dakika kadar pişirdikten sonra ocaktan alın.', 'Salamura asma yapraklarını tezgahın üzerinde damarlı kısımları üstte kalacak şekilde açın. Her bir yaprağın orta kısmına; hazırlayıp, ılıttığınız iç harçtan birer tatlı kaşığı kadar paylaştırın.', 'Kenar kısımlarını içe alıp, geniş kısmından uç kısmına doğru ilerleyin.', 'Tüm yaprakları sıkı bir şekilde sarın.', 'Sarma tenceresinin tabanını birkaç adet asma yaprağı ile kaplayın.', 'Hazırladığınız sarmaları, sıra halinde, yan yana dizin. Limonu halka halka dilimledikten sonra sarmaların üzerine yerleştirin.', 'Pişme esnasında açılmamaları için; üzerlerine düz bir servis tabağı kapatın. 1,5 su bardağı sıcak su ve 2 yemek kaşığı zeytinyağını da tencereye ekledikten sonra\xa0sarmaları, kısık ateşte yaklaşık 35 dakika pişirin.', 'Arzuya göre; ılık ya da soğuk olarak servis edin.']",ZEYTİNYAĞLI,239b56,/tarif/zeytinyaglilar/,"['Sebze', 'Ramazan', 'Zeytinyağlı', 'Video']","['ekonomik', 'başlangıç', 'akşam yemeği', 'öğle yemeği']","['Başlangıç', 'Çay Saati']",['Tencere'],"['Ekonomik', 'Vejetaryen', 'Düşük Kalorili']",False,2700,2400,2019-05-06T11:59:14Z,4.0,941586,5114,False,True,True,0,,0,,,,2014/07/zeytinyagli-yaprak-sarmasi-yemekcom.jpg,0,0,https://cdn.yemek.com/mnresize/940/940/uploads/2014/07/zeytinyagli-yaprak-sarmasi-yemekcom.jpg,940,940,False,https://cdn.yemek.com/mncrop/300/200/uploads/2014/07/zeytinyagli-yaprak-sarmasi-yemekcom.jpg,300,200,True,https://cdn.yemek.com/mncrop/940/625/uploads/2014/07/zeytinyagli-yaprak-sarmasi-yemekcom.jpg,940,625,True,https://cdn.yemek.com/mncrop/620/388/uploads/2014/07/zeytinyagli-yaprak-sarmasi-yemekcom.jpg,620,388,True,https://cdn.yemek.com/mncrop/600/315/uploads/2014/07/zeytinyagli-yaprak-sarmasi-yemekcom.jpg,600,315,True,"['tencere', 'vejetaryen', 'glutensiz']",,,,,
889,1806,Yasemin Özaltın,https://cdn.yemek.com/author/35533/20181219061403_avatar.jpg,/profil/yasemingursurer/,Ege Usulü: Zeytinyağlı Enginar,Zeytinyağlı Enginar,/tarif/enginar/,1 sa,30 dk,"<p>İçerdiği vitamin ve mineral değerleriyle tüm <a href=""https://yemek.com/tarif/"" target=""_blank"">yemek tarifleri</a> ve <strong><a href=""https://yemek.com/tarif/zeytinyaglilar/"" target=""_blank"">zeytinyağlılar</a></strong> içinde kendine ayrı bir yer bulması yetmezmiş gibi baharı müjdeleyen ve sağlık dostu sebzelerin başında gelen <a href=""https://yemek.com/tarif/baklali-enginar/"" target=""_blank"">enginarı</a>, zeytinyağı ve garnitür olarak bilinen <a href=""https://yemek.com/tarif/sebze/"" target=""_blank"">sebze</a> karışımıyla pişirmeye ne dersiniz?</p>
<p>Mart ayının gelişiyle pazar tezgahlarında yavaş yavaş yerini almaya başlayan enginarın gelişini <strong>sağlıklı bir sofra</strong> hazırlayarak kutlamak gerek. <strong><a href=""https://yemek.com/tarif/zeytinyaglilar/"" target=""_blank"">Zeytinyağlı tariflerinin</a> </strong>en sevilenlerinden zeytinyağlı enginar adım adım resimli ve videolu anlatımıyla karşınızda!</p>
<p>Unutmadan: Enginarı sadece lezzeti için değil sağlık için de tüketenlerdenseniz, yaprak kısımlarını ziyan etmeyin. Bu tarifte yerleri olmayabilir ancak onları çiğ ya da zeytinyağlı olarak <strong>salata</strong> yapımında kullanabilirsiniz.</p>
",recipe,"['tuz', 'toz şeker', 'patates', 'su', 'zeytinyağı', 'dondurulmuş bezelye', 'dereotu', 'orta boy kuru soğan', 'taze sıkılmış limon suyu', 'büyük boy havuç', 'ayıklanmış enginar']","['Bir tavada yarım su bardağı zeytinyağı ile 1 adet küp doğranmış soğanı hafif pembeleşinceye kadar kavurun.', ""Üzerine küp doğranmış ve haşlanmış, 1'er adet patates ve havucu da ekleyip 2-3 dakika bu şekilde kavurun."", '1 su bardağı bezelyeyi de üzerine ekledikten 3-4 dakika sonra garnitürünüzü ocaktan alın.', 'Enginarları pişireceğiniz sosu hazırlamak için bir kapta 2 adet sıkılmış limon suyu, 1 su bardağı su,\xa0 1 tatlı kaşığı toz şeker, 1 çay kaşığı tuz ve 2 yemek zeytinyağını karıştırın.', 'Geniş bir tencereye 8 adet enginarı yerleştirin ve üzerlerine hazırladığınız garnitürden koyun.', 'Limonlu su karışımını da tencereye aktarın.', 'Enginarı sofralarınızda soğuk olarak servis edin, afiyet olsun.', 'Ardından kapağını kapatıp, enginarlar yumuşayana kadar pişirin.']",ZEYTİNYAĞLI,239b56,/tarif/zeytinyaglilar/,"['Sebze', 'Özel Beslenme', 'Vejetaryen', 'Diyet', 'Zeytinyağlı', 'Vegan', 'Video', 'Mevsiminde']","['akşam yemeği', 'diyet', 'öğle yemeği']","['Öğle Yemeği', 'Akşam Yemeği']",['Tencere'],"['Ekonomik', 'Vejetaryen', 'Düşük Kalorili', 'Düşük Karbonhidratlı', 'Vegan']",False,3600,1800,2022-03-22T07:15:40Z,4.0,940507,6313,False,True,True,0,,0,,,,2015/03/zeytinyagli-enginar-yemekcom.jpg,0,0,https://cdn.yemek.com/mnresize/940/940/uploads/2015/03/zeytinyagli-enginar-yemekcom.jpg,940,940,False,https://cdn.yemek.com/mncrop/300/200/uploads/2015/03/zeytinyagli-enginar-yemekcom.jpg,300,200,True,https://cdn.yemek.com/mncrop/940/625/uploads/2015/03/zeytinyagli-enginar-yemekcom.jpg,940,625,True,https://cdn.yemek.com/mncrop/620/388/uploads/2015/03/zeytinyagli-enginar-yemekcom.jpg,620,388,True,https://cdn.yemek.com/mncrop/600/315/uploads/2015/03/zeytinyagli-enginar-yemekcom.jpg,600,315,True,"['tencere', 'vejetaryen', 'bol proteinli', 'bol lifli', 'glutensiz', 'düşük kalorili']",,"['Mart', 'Nisan', 'Mayıs']",,,
890,185,Cemre Özgüzel,https://cdn.yemek.com/author/109/20200211010242_avatar.jpg,/profil/cemre-ozguzel/,Sandığınızdan da Kolay: Köstebek Pasta,Köstebek Pasta,/tarif/kostebek-pasta/,40 dk,40 dk,"<p><a href=""https://yemek.com/tarif/mini-kostebek-pasta/"" target=""_blank"">Köstebek pasta</a> <a href=""https://yemek.com/tarif/"" target=""_blank"">tarif</a>i biraz zaman alan, yaratıcı ve gösterişli pasta tariflerinden biridir. Yapılışı zor şeklinde rivayetler olsa da aslında çok basittir. Yuvarlak ve kelepçeli bir <a href=""https://yemek.com/tarif/kek/"" target=""_blank"">kek</a> kalıbında, kakaolu kabarık bir kek hazırlanır öncelikle. Kekin orta kısmı bir kaşık yardımıyla çıkartılır, ufalanarak toz haline getirilir. Orta kısımda kalan boşluk uzun ince muz dilimleriyle doldurulur. Önceden hazırlayıp soğuttuğunuz krema ile üzeri kümbet gibi kapatılır. Pastaya toprak görünümü verecek olan kek parçaları üzerine serpiştirilir. Bol meyveli, muzlu bu pasta, çay eşliğinde <a href=""https://yemek.com/tarif/tatli/"" target=""_blank"">tatlı</a> olarak dilim dilim yenilir. Evde hazırlanan en kolay pastalardan biridir.</p>
<p>Misafir oturmasına götürmelik, sevdiklerinizle paylaşmalık köstebek <a href=""https://yemek.com/tarif/pasta-tatli/"" target=""_blank"">pasta tarifi</a> geliyor. Afiyet olsun!</p>
",recipe,"['yumurta', 'toz şeker', 'süt', 'un', 'vanilya', 'kabartma tozu', 'toz krem şanti', 'kakao', 'soğuk süt', 'muz', 'sıvı yağ']","['Geniş bir kabın içerisine yumurtaları alın. Toz şekeri de üzerine ilave edin.', 'Krema kıvamını alana kadar güzelce çırpın.', 'Üzerine ayçiçek yağı ve yarım su bardağı sütü ilave ederek bir süre daha çırpın.', 'Kabartma tozu ve vanilyayı ekleyin. Un ve kakaoyu eleyerek harca ilave edin.', 'Spatula yardımıyla karıştırın.', 'Tereyağı ile yağladığınız yuvarlak fırın kalıbına kek karışımını boşaltın. Önceden ısıtılmış 175 derece fırında 30-35 dakika kadar pişirin.', 'Pastanın şantisini hazırlamak için; toz krem şantiyi bir kabın içine alın ve soğuk sütü ekleyin.', 'Birlikte güzelce çırpın.', 'Pişen keki fırından alın ve ılınması için beklettikten sonra kalıptan çıkartın.', 'Kekin üst kısmını bıçak yardımıyla dikkatli bir şekilde alın.', 'Üzerini düz bir hale getirin. Ardından bıçak yardımıyla çok derine girmeden, 4 parçaya bölün ve parçaları dikkatli bir şekilde çıkarın.', 'İç kısımlarını kaşık yardımıyla kenardan birkaç cm boşluk kalacak şekilde çıkarın.', 'Muzların kabuklarını soyun ve kekin tabanına dikkatli bir şekilde yerleştirin.', 'Ardından üzerini hazırladığınız krem şanti ile kaplayın.', 'Çıkardığınız kek içini rondodan geçirin.', 'Pastanızın üzerini bu keklerle kaplayın.', 'Buzdolabında en az 3 saat kadar dinlendirin ve dilimleyerek servis edin. Afiyet olsun.']",PASTA,239b56,/tarif/pasta-tatli/,"['Tatlı', 'Pasta', 'Video']","['ekonomik', 'çay saati']",['Çay Saati'],['Fırın'],['Ekonomik'],False,2400,2400,2019-05-02T08:36:54Z,4.0,934723,3943,False,True,True,0,,0,,,,2014/06/kostebek-pasta-yemekcom.jpg,0,0,https://cdn.yemek.com/mnresize/940/940/uploads/2014/06/kostebek-pasta-yemekcom.jpg,940,940,False,https://cdn.yemek.com/mncrop/300/200/uploads/2014/06/kostebek-pasta-yemekcom.jpg,300,200,True,https://cdn.yemek.com/mncrop/940/625/uploads/2014/06/kostebek-pasta-yemekcom.jpg,940,625,True,https://cdn.yemek.com/mncrop/620/388/uploads/2014/06/kostebek-pasta-yemekcom.jpg,620,388,True,https://cdn.yemek.com/mncrop/600/315/uploads/2014/06/kostebek-pasta-yemekcom.jpg,600,315,True,['fırın'],,,,,
891,611,Cemre Özgüzel,https://cdn.yemek.com/author/109/20200211010242_avatar.jpg,/profil/cemre-ozguzel/,Kıvamı Hep Tutar: Portakallı Kek,Portakallı Kek,/tarif/portakalli-kek/,35 dk,15 dk,"<p>Kış ayları gelince özellikle, keyfi ve lezzeti bir başka olur <a href=""https://yemek.com/portakalli-pratik-tarifler/"" target=""_blank"" rel=""noopener"">portakallı</a> kekin. Portakal kabuğunun o misler gibi kokan kokusu harca girer, piştikçe kokusu tüm eve yayılır. <a href=""https://yemek.com/tarif/kek/"" target=""_blank"" rel=""noopener"">Kek</a> kokusunun huzuru yüzlerde gülümse oluşturur, yemelere doyum olmaz. <a href=""https://yemek.com/tarif/"" target=""_blank"" rel=""noopener"">Tarif</a>in en zor anı fırından çıkınca dinlenmesini beklemek. <a href=""https://yemek.com/tarif/portakalli-anne-kurabiyesi/"" target=""_blank"" rel=""noopener"">Portakall</a>ı kek yapmanın da bazı önemli püf noktaları var. Bunlara dikkat edilmediği durumlarda kekin kıvamı tam istenilen gibi olmuyor. Gelin bugün ölçüleri sizi hiç yanıltmayan enfes bir <strong>portakallı kek tarifi</strong> hazırlayalım!</p>
<p>Keki hazırlarken portakal kabuklarının beyaz kısımlarına denk getirmeden rendelemeye özen gösterin. İçerisine dilerseniz<strong> ceviz, fındık, badem, damla çikolata </strong>gibi malzemeler de ilave edebilirsiniz. Şimdiden ellerinize sağlık diyor, mis gibi kokan tarifimize buyur ediyoruz. Afiyet olsun!</p>",recipe,"['tereyağı', 'yumurta', 'toz şeker', 'un', 'vanilya', 'kabartma tozu', 'portakal suyu', 'rendelenmiş portakal kabuğu', 'sıvı yağ']","['<p>Portakallı kek için oda sıcaklığındaki yumurtaları şekerle birlikte bir kaba alın.</p>', '<p>Güzelce çırpın.</p>', '<p>Ardından üzerine sıvı yağ ve portakal suyunu da ekleyerek çırpmaya devam edin.</p>', '<p>Un, kabartma tozu ve vanilini eleyerek harca ekleyin.</p>', '<p>Kıvam alana kadar çırpın.</p>', '<p>Yağlanmış kek kalıbına harcı aktarın.</p>', '<p>170 derecede önceden ısıtılmış fırında kontrollü olarak 35- 40 dakika pişirin.</p>', '<p>Oda sıcaklığında soğutun.</p>', '<p>Daha sonra kalıptan çıkarıp dilimleyerek servis edin.</p>', '<p>Afiyet olsun!</p>']",TATLI KEK,239b56,/tarif/tatli-kek/,"['Kek', 'Video', 'Tatlı Kek']",,['Çay Saati'],['Fırın'],,False,2100,900,2021-02-25T05:30:36Z,4.0,905102,4237,False,True,True,0,,0,,,,2021/02/portakalli-kek-tarifi-yemekcom.jpg,0,0,https://cdn.yemek.com/mnresize/940/940/uploads/2021/02/portakalli-kek-tarifi-yemekcom.jpg,940,940,False,https://cdn.yemek.com/mncrop/300/200/uploads/2021/02/portakalli-kek-tarifi-yemekcom.jpg,300,200,True,https://cdn.yemek.com/mncrop/940/625/uploads/2021/02/portakalli-kek-tarifi-yemekcom.jpg,940,625,True,https://cdn.yemek.com/mncrop/620/388/uploads/2021/02/portakalli-kek-tarifi-yemekcom.jpg,620,388,True,https://cdn.yemek.com/mncrop/600/315/uploads/2021/02/portakalli-kek-tarifi-yemekcom.jpg,600,315,True,,,,,,
892,25072,Cemre Özgüzel,https://cdn.yemek.com/author/109/20200211010242_avatar.jpg,/profil/cemre-ozguzel/,Ağızda Dağılan Kıvamıyla: Margarinsiz Kurabiye,Margarinsiz Kurabiye,/tarif/margarinsiz-kurabiye/,15 dk,15 dk,"<p>İçinde margarin ya da tereyağı yok, yumurta yok, kabartma tozu yok... Tüm bu malzemelerin yokluğuna rağmen yumuşacık, kıyır kıyır bir kıvamı, dillere destan bir lezzeti var. Bu kurabiyenin bir özelliğini daha antalım. Çok kısa sürede hazırlanması ve az malzemeli olmasını belirtmeden geçmek olmaz.</p>
<p>Tüm bunlar nasıl oluyor derseniz, her şey sıvı yağ, pudra şekeri ve unun birleşiminden doğuyor. Ağızda dağılıyor oluşunu sıvı yağa, tatlılığını pudra şekerine ve kıvamını una borçlu. Bu malzemelere bir de lezzet vermesi için vanilin ve portakal kabuğu da ekledik ve lezzetini zirveye çıkardık. Dilerseniz onlar olmadan da nefis bir kurabiye hazırlamanız mümkün.</p>
<p>Hemencecik hazırlayıp pişireceğiniz bu kurabiyeyi kavanozların içerisinde uzunca bir süre saklayabilirsiniz üstelik. İçine farklı malzemeler ekleyebileceğiniz gibi sade de hazırlamanız mümkün. Öyleyse buyursunlar tarifimize. <img src=""https://cdn.yemek.com/assets/images/smiley/smile.png"" class=""wp-smiley img-responsive"" /></p>
",recipe,"['un', 'pudra şekeri', 'pudra şekeri', 'vanilin', 'sıvı yağ', 'portakal kabuğu rendesi']","['Derin bir kabın içerisine sıvı yağı aktarın.', 'Üzerine vanilin, pudra şekerini ilave ederek güzelce karıştırın.', 'Ardından bu karışımın içerisine azar azar un ilave ederek yoğurmaya başlayın.', 'Güzelce yoğururken ele yapışma durumu olursa elinizi hafifçe yağlayarak yoğurma işlemine devam edin.', 'Hamurunuz toparladığında elinizi yağlayın. Cevizden biraz büyük toplar koparın ve güzelce yuvarlayın.', 'Pişirme kağıdı serili bir fırın tepsisinin üzerine kurabiyelerinizi dizin.', 'Önceden ısıtılmış 170 derecelik fırında kontrollü bir biçimde 12-15 dakika arası üzeri hafif kızarıp renk değiştirene kadar pişirin.', 'Çıkarıp oda sıcaklığında dinlendirdikten sonra üzerine pudra şekeri serperek servis edin.']",KURABİYE,239b56,/tarif/kurabiye/,"['Kurabiye', 'Tatlı Kurabiye']","['ekonomik', 'ara öğün', 'çay saati']","['Kahvaltı', 'Çay Saati']",['Fırın'],"['Ekonomik', 'Vejetaryen']",False,900,900,2017-11-01T06:51:52Z,4.0,900549,2817,False,False,False,0,,0,,,,2017/10/margarinsiz-kurabiye-tarifi.jpg,0,0,https://cdn.yemek.com/mnresize/940/940/uploads/2017/10/margarinsiz-kurabiye-tarifi.jpg,940,940,False,https://cdn.yemek.com/mncrop/300/200/uploads/2017/10/margarinsiz-kurabiye-tarifi.jpg,300,200,True,https://cdn.yemek.com/mncrop/940/625/uploads/2017/10/margarinsiz-kurabiye-tarifi.jpg,940,625,True,https://cdn.yemek.com/mncrop/620/388/uploads/2017/10/margarinsiz-kurabiye-tarifi.jpg,620,388,True,https://cdn.yemek.com/mncrop/600/315/uploads/2017/10/margarinsiz-kurabiye-tarifi.jpg,600,315,True,['fırın'],,,,,
893,1843,Yasemin Özaltın,https://cdn.yemek.com/author/35533/20181219061403_avatar.jpg,/profil/yasemingursurer/,Pürüzsüz ve Yumuşacık: Patates Püresi,Patates Püresi,/tarif/patates-puresi/,30 dk,15 dk,"<p>Tereyağı ve süt ilavesiyle hazırlanan patates püresi, başlı başına ana yemek olarak servis edilebildiği gibi pek çok <a href=""https://yemek.com/tarif/"" target=""_blank"">yemek tarifinin</a> yanına yakışan kurtarıcı bir garnitür görevi üstlenir. Bu görev bazen öylesine mühim bir hal alır ki patates püresinin köfteden daha çok alkış aldığı, tavuğun sofrada gölgede bıraktığı, babası patatesi gururlandırdığı anlar vardır.</p>
<p>Her ne kadar çok kolay bir tarif gibi gözükse de patates püresi tarifini tam uygulamayan ve pürenin lezzetini bozuk poğaçaya benzetenler de vardır. O yüzden bu püre tarifine kulak verin.</p>
<p>Patates püresinde süt tadından hoşlananlar, bildik püre tariflerinin dışına çıkıyor ve patatesleri sütte haşlıyoruz.</p>
",recipe,"['tereyağı', 'tuz', 'süt', 'orta boy patates', 'karabiber (arzuya göre)']","['Kabukları soyulmuş patateslerinizi tencere alın ve üzerini geçecek kadar su ilave edin.', 'Ardından yumuşayana kadar pişmeye bırakın. Patateslerinizin pişip pişmediğini bir bıçak yardımıyla kontrol edin.', 'Yumuşayan patateslerinizin suyunu süzdürün. Üzerine tereyağı ilave ederek güzelce ezin.', 'Ardından tuz, karabiber ve sütü ekleyerek güzelce, pürüzsüz bir kıvam alana kadar ezmeye devam edin.', 'Patates püreniz hazır! Afiyet olsun.']",SEBZE,239b56,/tarif/sebze/,"['Sebze', 'Atıştırmalık', 'Video', 'Tuzlu Atıştırmalık', 'Mevsiminde']","['pratik yemek tarifleri', 'ekonomik', 'başlangıç']",['Başlangıç'],['Tencere'],['Ekonomik'],False,1800,900,2015-03-13T14:59:39Z,4.0,882052,5342,False,True,True,0,,0,,,,2015/03/patates-puresi-yemekcom.jpg,0,0,https://cdn.yemek.com/mnresize/940/940/uploads/2015/03/patates-puresi-yemekcom.jpg,940,940,False,https://cdn.yemek.com/mncrop/300/200/uploads/2015/03/patates-puresi-yemekcom.jpg,300,200,True,https://cdn.yemek.com/mncrop/940/625/uploads/2015/03/patates-puresi-yemekcom.jpg,940,625,True,https://cdn.yemek.com/mncrop/620/388/uploads/2015/03/patates-puresi-yemekcom.jpg,620,388,True,https://cdn.yemek.com/mncrop/600/315/uploads/2015/03/patates-puresi-yemekcom.jpg,600,315,True,"['tencere', 'vejetaryen', 'glutensiz', 'düşük karbonhidratlı']",,"['Haziran', 'Temmuz', 'Ağustos', 'Eylül']",,,
894,24008,Neşe Ümit Tan,https://cdn.yemek.com/author/208653/20190910030615_avatar.jpg,/profil/neseumit/,Terbiyesi Kesilmez: Pirinçli Yoğurt Çorbası,Pirinçli Yoğurt Çorbası,/tarif/pirincli-yogurt-corbasi/,25 dk,10 dk,"<p>Mevsim farketmeden afiyetle içilecek bir <a href=""https://yemek.com/tarif/corba/"" target=""_blank"">çorba</a> varsa o da tartışmasız pirinçli yoğurt çorbasıdır. <a href=""https://yemek.com/tarif/"" target=""_blank"">Yemek tarifleri</a> arasında özel bir yeri olan bu çorba o her daim tüketilecek kadar güzel lezzetini yoğurda borçlu. Üstelik hazırlaması da öyle pratik ki! Terbiyesi kesilmeyen, tadı damağınızda kalacak bu nefis lezzeti hazırlamak isteyenler için adım adım resimli anlatımla tarifimizi sizler için hazırladık.</p>
<p><a href=""https://yemek.com/tarif/yayla-corbasi/"" target=""_blank"">Yayla çorbasına</a> benzerliğiyle dikkat çeken, <a href=""https://yemek.com/yogurtlu-corba-tarifleri/"" target=""_blank"">yoğurtlu çorbaların </a>en güzellerinden pirinçli yoğurt çorbasını hazırlarken dikkat etmeniz gereken nokta terbiyesinin kesilmemesi için ısınan suyla ılıtmak ve tencereye eklerken muhakkak karıştırarak ve yavaş yavaş eklemek. Haydi bu nefis yoğurt çorbasını denemek isteyenler, hemen mutfağa!</p>
",recipe,"['pirinç', 'tereyağı', 'tuz', 'yumurta', 'un', 'su', 'yoğurt', 'kuru nane']","['Orta boy bir tencerenin içerisine suyu dökün. İçine pirinçleri ekleyin. Kısık ateşte pirinçler yumuşayana kadar pişirin.', 'Bir kabın içerisine\xa0yoğurt, yumurta ve unu aktarın.', 'Güzelce çırpın ve içerisinde unun topaklanmamasına özen gösterin.', 'Ocağın üzerinde pişen pirinçlerin suyundan bir kepçe alıp güzelce yoğurtlu karışıma yedirin. Ardından bu işlemi birkaç kepçe daha ilave ederek gerçekleştirin.', 'Ocakta pişmekte olan pirinçlerin üzerine yoğurtlu karışımı çok dikkatli bir şekilde, incecik bir ip halinde dökerek bir yandandan da karıştırın.', 'Bu şekilde tüm yoğurdu ilave ettikten sonra kaynayana kadar güzelce karıştırın. Kuru naneyi ve tuzunu da ilave edin.', 'Birkaç dakika daha ocakta pişirmeye devam edin. Bu aşamada kıvamı çok yoğunlaşırsa su ilave edebilirsiniz.', 'Ayrı bir tavanın içerisinde tereyağını eritin ve üzerine kuru naneyi ekleyerek hafifçe yakın. Servis etmeden önce çorbanızın üzerine gezdirin.', 'Ardından çorbanızı servis edin. Afiyetler olsun!']",ÇORBA,,/tarif/corba/,"['Çorba', 'Ramazan']","['pratik yemek tarifleri', 'ekonomik', 'başlangıç', 'akşam yemeği', 'öğle yemeği']","['Başlangıç', 'Öğle Yemeği', 'Akşam Yemeği']",['Tencere'],"['Ekonomik', 'Vejetaryen']",False,1500,600,2020-02-13T07:44:25Z,4.0,875331,5036,False,False,True,0,,0,,,,2019/05/pirincli-yogurt-corbasi-yeni.jpg,0,0,https://cdn.yemek.com/mnresize/940/940/uploads/2019/05/pirincli-yogurt-corbasi-yeni.jpg,940,940,False,https://cdn.yemek.com/mncrop/300/200/uploads/2019/05/pirincli-yogurt-corbasi-yeni.jpg,300,200,True,https://cdn.yemek.com/mncrop/940/625/uploads/2019/05/pirincli-yogurt-corbasi-yeni.jpg,940,625,True,https://cdn.yemek.com/mncrop/620/388/uploads/2019/05/pirincli-yogurt-corbasi-yeni.jpg,620,388,True,https://cdn.yemek.com/mncrop/600/315/uploads/2019/05/pirincli-yogurt-corbasi-yeni.jpg,600,315,True,"['tencere', 'vejetaryen']",greenLight,,,,
895,434,Cemre Özgüzel,https://cdn.yemek.com/author/109/20200211010242_avatar.jpg,/profil/cemre-ozguzel/,Çıtırlığını Uzun Süre Korur: Lokma Tatlısı,Lokma Tatlısı,/tarif/lokma-tatlisi/,20 dk,40 dk,"<p><a href=""https://yemek.com/tarif/serbetli-tatlilar/"" target=""_blank"">Şerbetli tatlı tariflerinin</a> en sevilenlerinden, özellikle İzmir ve çevresi başta olmak üzere Ege'de birçok sokakta mis gibi kokusuyla sizi karşılayan lokma tatlısı aslında evde de çok kolay bir şekilde hazırlanır!</p>
<p>Her evde bulunan malzemelerle yapılan lokma hamuru mis gibi kızartılır, tam kıvamında şerbetiyle buluştuğunda lezzeti devleşir. Porsiyonlaması ve ikramı kolay, sokak satıcısı ve yazlıkların gözde tatlısı lokma, şerbeti ile buluştuktan sonraysa ağızda öyle nefis bir tat bırakır ki bir yiyen bir daha ister.</p>
<p>Sözün kısası evde, ellerinizle hazırlayabileceğiniz en pratik şerbetli tatlılardan olan bu nefis <strong>gerçek lokma</strong> <a href=""https://yemek.com/tarif/tatli/"" target=""_blank"">tatlı</a>sı tarifini mutlaka deneyin.</p>
<p>Tabii yerken de ölçüyü kaçırmayın diyelim ve hemen <a href=""https://yemek.com/tarif/"" target=""_blank"">tarif</a>e geçelim. Şimdiden ellerinize sağlık. <img src=""https://cdn.yemek.com/assets/images/smiley/smile.png"" class=""wp-smiley img-responsive"" /></p>
",recipe,"['limon suyu', 'toz şeker', 'toz şeker', 'ayçiçek yağı', 'un', 'su', 'ılık su', 'kuru maya']","['Lokma tatlısı için 3,5 su bardağı unu geniş bir kabın içine alın ve ortasını havuz şeklinde açın. 1 paket kuru maya, 1 yemek kaşığı toz şeker ilave edin.', '2 su bardağı ılık suyu ilave ederek yoğurmaya başlayın. Ele yapışan ve cıvık bir hamur elde edin.', 'Hamurunuzun üzerini kapatın, oda sıcaklığında 1 saat mayalandırın.', 'Hamur mayalanırken şerbetini hazırlayın. Tencerenin içerisine 2 su bardağı toz şeker ve 1,5 su bardağı suyu aktarın. Şeker eriyince limon suyunu ilave edin. Hafif kaynayınca ocaktan alın ve soğumaya bırakın.', 'Mayalanan hamuru sıkma torbasına aktarın.', 'Yağlanmış mutfak makası yardımıyla hamurunuzdan küçük toplar kesin. Kızgın yağın içerisinde kızartın.', 'Kızan lokmaları kevgir yardımıyla alın ve soğuk şerbetin içerisine atın. 10 saniye kadar şerbetin içerisinde tutun.', 'Üzerine tarçın serperek nefis lokmalarınızı servis edebilirsiniz. Afiyet olsun.']",ŞERBETLİ TATLI,239b56,/tarif/serbetli-tatlilar/,"['Tatlı', 'Şerbetli Tatlı', 'Ramazan', 'Video']","['ekonomik', 'ara öğün']",['Çay Saati'],['Kızartma'],['Ekonomik'],False,1200,2400,2019-03-18T13:30:38Z,4.0,859996,2472,False,True,True,0,,0,,,,2014/08/lokma-yemekcom.jpg,0,0,https://cdn.yemek.com/mnresize/940/940/uploads/2014/08/lokma-yemekcom.jpg,940,940,False,https://cdn.yemek.com/mncrop/300/200/uploads/2014/08/lokma-yemekcom.jpg,300,200,True,https://cdn.yemek.com/mncrop/940/625/uploads/2014/08/lokma-yemekcom.jpg,940,625,True,https://cdn.yemek.com/mncrop/620/388/uploads/2014/08/lokma-yemekcom.jpg,620,388,True,https://cdn.yemek.com/mncrop/600/315/uploads/2014/08/lokma-yemekcom.jpg,600,315,True,"['vejetaryen', 'kızartma']",,,,,
896,10116,Neşe Ümit Tan,https://cdn.yemek.com/author/208653/20190910030615_avatar.jpg,/profil/neseumit/,İçi Yumuşak: Kakaolu Çatlak Kurabiye,Kakaolu Çatlak Kurabiye,/tarif/kakaolu-catlak-kurabiye/,8 dk,15 dk,"<p>Fırından nefis bir davetiye çıktı. Bu davetiye size mis kokulu keyif anlarına konuk olmanız için gönderildi. Göndereni ise <strong>kakaolu çatlak kurabiye</strong>! Görüntüsüyle dahi içimizi açan <a href=""https://yemek.com/tarif/kurabiye/"" target=""_blank"" rel=""noopener"">kurabiye</a>, yapımıyla da pek bir keyifli. Buzdolabımızda her daim bulunan malzemelerle hemencecik hazırlanıyor. İçine tereyağı yerine sıvı yağ giriyor, daha bir hafifliyor.</p>
<p>Gönderdiği davetiyeyi geri çevirmek olmaz. Biz de kendisini çayımızın yanına, kahvemizin baş ucuna, sütümüzün dibinde ağırlamak istiyoruz. Bu yüzden çıkardık malzemelerimizi, kaplarımızı. <a href=""https://yemek.com/tarif/"" target=""_blank"" rel=""noopener"">Tarif</a>imizi de tüm ayrıntılarına kadar anlattık. Aman dikkat! Minik püf noktalarını es geçmeyin.</p>",recipe,"['yumurta', 'toz şeker', 'sıvı yağ', 'kakao', 'vanilin', 'kabartma tozu', 'un', 'pudra şekeri']","['<p>Orta boy bir kabın içerisinde yumurta ve şekeri mikser ya da çırpma teli yardımıyla çırpın.</p>', '<p>Şekerler eriyip, karışımın rengi kırık beyaz hale geldiğinde sıvı yağ ekleyerek biraz daha çırpın.</p>', '<p>Üzerine kakao, kabartma tozu ve vanilini eleyin.</p>', '<p>Son olarak unu eleyin.\xa0Bir spatula yardımıyla malzemeler birleşinceye dek karıştırın. Hamurun kıvamı kurabiye hamuruna göre cıvık olacak ve daha çok brownie hamuruna benzeyecektir. Dilediğiniz kıvama gelen hamuru streç filme sararak en az 2 saat buzdolabında dinlenmeye bırakın.</p>', '<p>Dinlenen kurabiye hamurunuzu çıkarın. Hamurunuzdan ceviz büyüklüğünde toplar koparak minik toplar halinde şekil verin.</p>', '<p>Şekil verdiğiniz kurabiyeleri pudra şekeri ile kaplayın. Pudra şekeri ile kaplamış çatlak kurabiyelerinizi yağlı kağıt serdiğiniz tepsiye yerleştirin. Önceden ısıtılmış 180 derecelik fırında kontrollü bir şekilde yaklaşık\xa08-10 dakika pişirin.</p>', '<p>Pudra şekeri ile kaplamış çatlak kurabiyelerinizi yağlı kağıt serdiğiniz tepsiye yerleştirin.</p>', '<p>Önceden ısıtılmış 180 derecelik fırında kontrollü bir şekilde yaklaşık\xa08-10 dakika pişirin.</p>', '<p>Fırından çıkardıktan sonra\xa015-20 dakika kadar oda sıcaklığında dinlendirdikten sonra servis edin.</p>', '<p>Kakaolu çatlak kurabiyeleriniz hazır.</p>', '<p>Afiyet olsun!</p>']",TATLI KURABİYE,239b56,/tarif/tatli-kurabiyeler/,"['Kurabiye', 'Video', 'Tatlı Kurabiye']",,['Çay Saati'],['Fırın'],['Ekonomik'],False,480,900,2016-11-07T07:15:24Z,4.0,853260,6544,False,True,True,0,,0,,,,2016/11/kakaolu-catlak-kurabiye-yemekcom.jpg,0,0,https://cdn.yemek.com/mnresize/940/940/uploads/2016/11/kakaolu-catlak-kurabiye-yemekcom.jpg,940,940,False,https://cdn.yemek.com/mncrop/300/200/uploads/2016/11/kakaolu-catlak-kurabiye-yemekcom.jpg,300,200,True,https://cdn.yemek.com/mncrop/940/625/uploads/2016/11/kakaolu-catlak-kurabiye-yemekcom.jpg,940,625,True,https://cdn.yemek.com/mncrop/620/388/uploads/2016/11/kakaolu-catlak-kurabiye-yemekcom.jpg,620,388,True,https://cdn.yemek.com/mncrop/600/315/uploads/2016/11/kakaolu-catlak-kurabiye-yemekcom.jpg,600,315,True,,,,,,
897,2914,Yasemin Özaltın,https://cdn.yemek.com/author/35533/20181219061403_avatar.jpg,/profil/yasemingursurer/,Zeytinyağlıların En Şekeri: Taze Fasulye,Taze Fasulye,/tarif/taze-fasulye/,25 dk,20 dk,"<p>Tek tek kılçıkları ayıklanan, <a href=""https://yemek.com/tarif/zeytinyaglilar"" target=""_blank"">zeytinyağlı</a> tariflerin en makbulü, <a href=""https://yemek.com/tarif/"" target=""_blank"">yemek tariflerinin</a> en zarifi zeytinyağlı taze fasulye. Yerine göre jülyen şeklinde doğranan yeşil fasulyeleri, uç kısımlarını aldıktan sonra ortadan ikiye böldük. Sulu domates, kuru soğan ve sarımsak ilavesiyle tadına tat kattık.</p>
<p>Naneli <a href=""https://yemek.com/tarif/cacik/"" target=""_blank"">cacık</a>la güzel, her dem yenir zeytinyağlı taze fasulye. Videolu ve adım adım resimli yapılış aşamalarıyla şimdi karşınızda!</p>
<p>Ayrıca bunu seven bunu da sevdi: <a href=""https://yemek.com/tarif/kiymali-taze-fasulye/"" target=""_blank"">Kıymalı taze fasulye tarifi</a>!</p>
",recipe,"['sıcak su', 'tuz', 'toz şeker', 'sarımsak', 'zeytinyağı', 'büyük boy kuru soğan', 'taze fasulye', 'orta boy domates (etli ve sulu)']","['Kuru soğanları küçük küpler halinde kesin. Sarımsakları ince ince dilimleyin. Domatesleri rendeleyin. Fasulyeleri de ayıklayarak bir köşeye alın.5 yemek kaşığı zeytinyağını bir tencerede kızdırın.', 'Doğradığınız 1 adet büyük boy kuru soğan ve 2 diş doğranmış sarımsakları hafif bir renk alana kadar kavurun.', '600 gram doğranmış taze fasulyeyi de ekleyerek kavurma işlemini sürdürün.', '2 çay kaşığı tuz, 1 tatlı kaşığı toz şeker, 3 adet rendelenmiş domates ve 1 su bardağı sıcak suyu da ekledikten sonra güzelce karıştırın.', 'Kapağını kapatıp fasulyeler yumuşayana kadar kısık ateşte pişirmeye bırakın.', 'Arzuya göre ılık, fakat daha da lezzetli olması için soğuk olarak servis edin. Afiyet olsun!']",ZEYTİNYAĞLI,239b56,/tarif/zeytinyaglilar/,"['Sebze', 'Zeytinyağlı', 'Video', 'Mevsiminde']",,"['Öğle Yemeği', 'Akşam Yemeği']","['Tencere', 'Ocak']",,False,1500,1200,2019-05-15T06:39:55Z,4.0,841532,5174,False,True,True,0,,0,,,,2015/07/taze-fasulye-yemekcom.jpg,0,0,https://cdn.yemek.com/mnresize/940/940/uploads/2015/07/taze-fasulye-yemekcom.jpg,940,940,False,https://cdn.yemek.com/mncrop/300/200/uploads/2015/07/taze-fasulye-yemekcom.jpg,300,200,True,https://cdn.yemek.com/mncrop/940/625/uploads/2015/07/taze-fasulye-yemekcom.jpg,940,625,True,https://cdn.yemek.com/mncrop/620/388/uploads/2015/07/taze-fasulye-yemekcom.jpg,620,388,True,https://cdn.yemek.com/mncrop/600/315/uploads/2015/07/taze-fasulye-yemekcom.jpg,600,315,True,,,"['Nisan', 'Mayıs', 'Haziran', 'Temmuz']",,,
898,2602,Yasemin Özaltın,https://cdn.yemek.com/author/35533/20181219061403_avatar.jpg,/profil/yasemingursurer/,Kusursuz Kıvamda: Omlet,Omlet,/tarif/omlet/,3 dk,5 dk,"<p><a href=""https://yemek.com/tarif/kahvaltiliklar/"" target=""_blank"">Kahvaltıların</a> tadı tuzudur iyi yapılmış bir omlet. İçinde yer alan malzemeler değişiklik gösterse de kabarık bir <a href=""https://yemek.com/omlet-tarifleri/"" target=""_blank"">omlet tarifi</a> hazırlamak için 3 ya da 4 yumurtanız varsa o iş tamamdır! <img src=""https://cdn.yemek.com/assets/images/smiley/smile.png"" class=""wp-smiley img-responsive"" /> Arzuya göre 1 ya da 2 yumurta ile de tereyağı ve zeytinyağı oranını azaltarak <strong>sade omlet</strong> yapılabilir elbette. <strong>İyice çırpılan yumurtalar</strong> tavaya alınır ve kısa sürede pişirilir. Ne sulu ne de çok katı olmalıdır.</p>
<p>Sonrasında gelsin demli bir bardak çay ve kızarmış ekmekler. Haydi mutfağa, kusursuz kıvamda leziz mi leziz <strong>omlet tarifi</strong> yapıyoruz. Afiyetler olsun!</p>
",recipe,"['tereyağı', 'tuz', 'yumurta', 'zeytinyağı', 'taze çekilmiş tane karabiber']","['Omlet için derin bir karıştırma kasesinde 4 adet yumurtayı bir kasenin içerisine alın.', 'Yarım çay kaşığı tuz ve biberi birleştirin. Bir çırpıcı yardımıyla alttan üste doğru hava kabarcıkları oluşana kadar güzelce çırpın.', ""Tavanızı ısıtın ve 1'er yemek kaşığı tereyağı ve zeytinyağını kızdırın."", 'Ardından yumurta karışımını tavaya dökün. Ocağınızın altını kısın ve alt kısmı kızarana adar pişirin.', 'Omletin alt kısmı kızarıp, üst kısmı hafif sulu kaldığında tavanızı önce doğru eğip omleti ikiye katlayın.', '1-2 dakika daha bu şekilde pişirip ocaktan alın.', 'Soğumadan omleti kahvaltılıklarla servis edin. Afiyet olsun!']",KAHVALTILIK,239b56,/tarif/kahvaltiliklar/,"['Kahvaltılık', 'Video']",['kahvaltı'],['Kahvaltı'],['Tava'],['Bol Proteinli'],False,180,300,2022-08-24T11:20:10Z,4.0,828088,1909,False,True,True,0,,0,,,,2015/05/omlet-yemekcom.jpg,0,0,https://cdn.yemek.com/mnresize/940/940/uploads/2015/05/omlet-yemekcom.jpg,940,940,False,https://cdn.yemek.com/mncrop/300/200/uploads/2015/05/omlet-yemekcom.jpg,300,200,True,https://cdn.yemek.com/mncrop/940/625/uploads/2015/05/omlet-yemekcom.jpg,940,625,True,https://cdn.yemek.com/mncrop/620/388/uploads/2015/05/omlet-yemekcom.jpg,620,388,True,https://cdn.yemek.com/mncrop/600/315/uploads/2015/05/omlet-yemekcom.jpg,600,315,True,"['bol proteinli', 'glutensiz', 'düşük kalorili']",,,,,
899,8439,ipeksare,https://cdn.yemek.com/author/262494/20200820091315_avatar.jpg,/profil/ipeksare/,Evde Taş Fırın Lezzetinde: Lahmacun,Lahmacun,/tarif/lahmacun/,30 dk,25 dk,"<p>Lahmacun, yemesi en keyifli, en çok sevdiğimiz <a href=""https://yemek.com/tarif"" target=""_blank"">yemek tariflerinin</a> başında geliyor. Ancak onu evde tıpkı dışarıda yediklerimiz kadar nefis bir şekilde hazırlamak da mümkün. Yanına bolca <a href=""https://yemek.com/tarif/sumakli-sogan-salatasi/"" target=""_blank"">sumaklı soğan</a>la servis etmelik nefis bir lahmacun yapalım hadi gelin. İhtiyacınız olan malzemeleri bir bir anlatıyoruz. <img src=""https://cdn.yemek.com/assets/images/smiley/smile.png"" class=""wp-smiley img-responsive"" /></p>
<p>Böylesine lezzetli, doyurucu bu lezzeti bu sefer evde yapmak için sıvadık kollarımızı. Hamurunu sevgi ile mayalandırdık ve işte karşınızda en güzel ve en kolay haliyle ev yapımı gerçek lahmacun <a href=""https://yemek.com/tarif/"" target=""_blank"">tarifi</a>! Bu tarifle keyifli hafta sonu sofralarınıza geleneksel bir dokunuş yapabilir, çıtır çıtır lahmacun hamurunun sesini evinizden eksik etmeyebilirsiniz. Bizden söylemesi...</p>
",recipe,"['biber salçası', 'tuz', 'tuz', 'pul biber', 'toz şeker', 'un', 'maydanoz', 'su', 'su', 'domates salçası', 'domates', 'yeşil biber', 'kırmızı biber', 'toz kırmızı biber', 'soğan', 'sıvı yağ', 'yağlı dana kıyma']","['Mutfak robotuna kırmızı biberleri, yeşil biberleri, soğanları ve domatesleri ilave edin.', 'Tamamen püre haline gelmeyecek şekilde çekin.', 'Maydanozları da ekleyin ve 10 saniye kadar daha çekin.', 'Domates salçası, biber salçası, sıvı yağ ve suyu ekleyin. Son olarak kıymayı ekleyerek güzelce yoğurun.Lahmacunun lezzetli olması için harcınızın cıvık bir kıvamda olması gerekir. Yeteri kadar cıvık bir kıvamda değilse, biraz su ekleyebilirsiniz.', 'Hazırladığınız harcı vaktiniz varsa bir süre buzdolabında dinlendirin.', 'Harcınız dinlenirken, hamurunuzu yapmaya başlayın.\xa0Suyu bir kaba dökün, üzerine tuz ve şekeri ilave ederek güzelce karıştırın. Azar azar da un ilave edin. Orta sertliğe ulaşana dek yoğurun.', 'Hamuru bir silindir haline getirip eşit parçalara bölün. Aynı büyüklükte lahmacunlar yapabilmek için hamurlarınızın ağırlığı da eşit olmalıdır. Bezeleri bir süre dinlenmeye bırakın.', 'Hazırladığınız bezeleri yemek tabağı büyüklüğünde açın. Mümkün olduğu kadar ince açmanız önemlidir. Bu sırada fırınınızı 250 derece fanlı ve alt-üst açık olacak şekilde açın. Güzelce ısıtın.', 'Açtığınız hamurların üzerine kıymalı harcı yayın. Fırının tabanına yağlı kağıt ile birlikte yerleştirin ve 7-10 dakika altı kızarana kadar pişirin.', 'Sumaklı soğan, maydanoz ve bol limonla servis edin.', 'Afiyet olsun!']",PİDE,239b56,/tarif/pide/,"['Hamur İşi', 'Pide', 'Video']","['pratik yemek tarifleri', 'ekonomik', 'başlangıç', 'ara öğün', 'akşam yemeği', 'öğle yemeği']","['Başlangıç', 'Öğle Yemeği', 'Akşam Yemeği']",['Fırın'],,False,1800,1500,2020-04-13T07:46:32Z,4.0,828058,5659,False,True,True,0,,0,,,,2020/04/lahmacun-yemekcom-1.jpg,0,0,https://cdn.yemek.com/mnresize/940/940/uploads/2020/04/lahmacun-yemekcom-1.jpg,940,940,False,https://cdn.yemek.com/mncrop/300/200/uploads/2020/04/lahmacun-yemekcom-1.jpg,300,200,True,https://cdn.yemek.com/mncrop/940/625/uploads/2020/04/lahmacun-yemekcom-1.jpg,940,625,True,https://cdn.yemek.com/mncrop/620/388/uploads/2020/04/lahmacun-yemekcom-1.jpg,620,388,True,https://cdn.yemek.com/mncrop/600/315/uploads/2020/04/lahmacun-yemekcom-1.jpg,600,315,True,['fırın'],,,,,
900,1806,Yasemin Özaltın,https://cdn.yemek.com/author/35533/20181219061403_avatar.jpg,/profil/yasemingursurer/,Ege Usulü: Zeytinyağlı Enginar,Zeytinyağlı Enginar,/tarif/enginar/,1 sa,30 dk,"<p>İçerdiği vitamin ve mineral değerleriyle tüm <a href=""https://yemek.com/tarif/"" target=""_blank"">yemek tarifleri</a> ve <strong><a href=""https://yemek.com/tarif/zeytinyaglilar/"" target=""_blank"">zeytinyağlılar</a></strong> içinde kendine ayrı bir yer bulması yetmezmiş gibi baharı müjdeleyen ve sağlık dostu sebzelerin başında gelen <a href=""https://yemek.com/tarif/baklali-enginar/"" target=""_blank"">enginarı</a>, zeytinyağı ve garnitür olarak bilinen <a href=""https://yemek.com/tarif/sebze/"" target=""_blank"">sebze</a> karışımıyla pişirmeye ne dersiniz?</p>
<p>Mart ayının gelişiyle pazar tezgahlarında yavaş yavaş yerini almaya başlayan enginarın gelişini <strong>sağlıklı bir sofra</strong> hazırlayarak kutlamak gerek. <strong><a href=""https://yemek.com/tarif/zeytinyaglilar/"" target=""_blank"">Zeytinyağlı tariflerinin</a> </strong>en sevilenlerinden zeytinyağlı enginar adım adım resimli ve videolu anlatımıyla karşınızda!</p>
<p>Unutmadan: Enginarı sadece lezzeti için değil sağlık için de tüketenlerdenseniz, yaprak kısımlarını ziyan etmeyin. Bu tarifte yerleri olmayabilir ancak onları çiğ ya da zeytinyağlı olarak <strong>salata</strong> yapımında kullanabilirsiniz.</p>
",recipe,"['tuz', 'toz şeker', 'patates', 'su', 'zeytinyağı', 'dondurulmuş bezelye', 'dereotu', 'orta boy kuru soğan', 'taze sıkılmış limon suyu', 'büyük boy havuç', 'ayıklanmış enginar']","['Bir tavada yarım su bardağı zeytinyağı ile 1 adet küp doğranmış soğanı hafif pembeleşinceye kadar kavurun.', ""Üzerine küp doğranmış ve haşlanmış, 1'er adet patates ve havucu da ekleyip 2-3 dakika bu şekilde kavurun."", '1 su bardağı bezelyeyi de üzerine ekledikten 3-4 dakika sonra garnitürünüzü ocaktan alın.', 'Enginarları pişireceğiniz sosu hazırlamak için bir kapta 2 adet sıkılmış limon suyu, 1 su bardağı su,\xa0 1 tatlı kaşığı toz şeker, 1 çay kaşığı tuz ve 2 yemek zeytinyağını karıştırın.', 'Geniş bir tencereye 8 adet enginarı yerleştirin ve üzerlerine hazırladığınız garnitürden koyun.', 'Limonlu su karışımını da tencereye aktarın.', 'Enginarı sofralarınızda soğuk olarak servis edin, afiyet olsun.', 'Ardından kapağını kapatıp, enginarlar yumuşayana kadar pişirin.']",ZEYTİNYAĞLI,239b56,/tarif/zeytinyaglilar/,"['Sebze', 'Özel Beslenme', 'Vejetaryen', 'Diyet', 'Zeytinyağlı', 'Vegan', 'Video', 'Mevsiminde']","['akşam yemeği', 'diyet', 'öğle yemeği']","['Öğle Yemeği', 'Akşam Yemeği']",['Tencere'],"['Ekonomik', 'Vejetaryen', 'Düşük Kalorili', 'Düşük Karbonhidratlı', 'Vegan']",False,3600,1800,2022-03-22T07:15:40Z,4.0,940507,6313,False,True,True,0,,0,,,,2015/03/zeytinyagli-enginar-yemekcom.jpg,0,0,https://cdn.yemek.com/mnresize/940/940/uploads/2015/03/zeytinyagli-enginar-yemekcom.jpg,940,940,False,https://cdn.yemek.com/mncrop/300/200/uploads/2015/03/zeytinyagli-enginar-yemekcom.jpg,300,200,True,https://cdn.yemek.com/mncrop/940/625/uploads/2015/03/zeytinyagli-enginar-yemekcom.jpg,940,625,True,https://cdn.yemek.com/mncrop/620/388/uploads/2015/03/zeytinyagli-enginar-yemekcom.jpg,620,388,True,https://cdn.yemek.com/mncrop/600/315/uploads/2015/03/zeytinyagli-enginar-yemekcom.jpg,600,315,True,"['tencere', 'vejetaryen', 'bol proteinli', 'bol lifli', 'glutensiz', 'düşük kalorili']",,"['Mart', 'Nisan', 'Mayıs']",,,
901,185,Cemre Özgüzel,https://cdn.yemek.com/author/109/20200211010242_avatar.jpg,/profil/cemre-ozguzel/,Sandığınızdan da Kolay: Köstebek Pasta,Köstebek Pasta,/tarif/kostebek-pasta/,40 dk,40 dk,"<p><a href=""https://yemek.com/tarif/mini-kostebek-pasta/"" target=""_blank"">Köstebek pasta</a> <a href=""https://yemek.com/tarif/"" target=""_blank"">tarif</a>i biraz zaman alan, yaratıcı ve gösterişli pasta tariflerinden biridir. Yapılışı zor şeklinde rivayetler olsa da aslında çok basittir. Yuvarlak ve kelepçeli bir <a href=""https://yemek.com/tarif/kek/"" target=""_blank"">kek</a> kalıbında, kakaolu kabarık bir kek hazırlanır öncelikle. Kekin orta kısmı bir kaşık yardımıyla çıkartılır, ufalanarak toz haline getirilir. Orta kısımda kalan boşluk uzun ince muz dilimleriyle doldurulur. Önceden hazırlayıp soğuttuğunuz krema ile üzeri kümbet gibi kapatılır. Pastaya toprak görünümü verecek olan kek parçaları üzerine serpiştirilir. Bol meyveli, muzlu bu pasta, çay eşliğinde <a href=""https://yemek.com/tarif/tatli/"" target=""_blank"">tatlı</a> olarak dilim dilim yenilir. Evde hazırlanan en kolay pastalardan biridir.</p>
<p>Misafir oturmasına götürmelik, sevdiklerinizle paylaşmalık köstebek <a href=""https://yemek.com/tarif/pasta-tatli/"" target=""_blank"">pasta tarifi</a> geliyor. Afiyet olsun!</p>
",recipe,"['yumurta', 'toz şeker', 'süt', 'un', 'vanilya', 'kabartma tozu', 'toz krem şanti', 'kakao', 'soğuk süt', 'muz', 'sıvı yağ']","['Geniş bir kabın içerisine yumurtaları alın. Toz şekeri de üzerine ilave edin.', 'Krema kıvamını alana kadar güzelce çırpın.', 'Üzerine ayçiçek yağı ve yarım su bardağı sütü ilave ederek bir süre daha çırpın.', 'Kabartma tozu ve vanilyayı ekleyin. Un ve kakaoyu eleyerek harca ilave edin.', 'Spatula yardımıyla karıştırın.', 'Tereyağı ile yağladığınız yuvarlak fırın kalıbına kek karışımını boşaltın. Önceden ısıtılmış 175 derece fırında 30-35 dakika kadar pişirin.', 'Pastanın şantisini hazırlamak için; toz krem şantiyi bir kabın içine alın ve soğuk sütü ekleyin.', 'Birlikte güzelce çırpın.', 'Pişen keki fırından alın ve ılınması için beklettikten sonra kalıptan çıkartın.', 'Kekin üst kısmını bıçak yardımıyla dikkatli bir şekilde alın.', 'Üzerini düz bir hale getirin. Ardından bıçak yardımıyla çok derine girmeden, 4 parçaya bölün ve parçaları dikkatli bir şekilde çıkarın.', 'İç kısımlarını kaşık yardımıyla kenardan birkaç cm boşluk kalacak şekilde çıkarın.', 'Muzların kabuklarını soyun ve kekin tabanına dikkatli bir şekilde yerleştirin.', 'Ardından üzerini hazırladığınız krem şanti ile kaplayın.', 'Çıkardığınız kek içini rondodan geçirin.', 'Pastanızın üzerini bu keklerle kaplayın.', 'Buzdolabında en az 3 saat kadar dinlendirin ve dilimleyerek servis edin. Afiyet olsun.']",PASTA,239b56,/tarif/pasta-tatli/,"['Tatlı', 'Pasta', 'Video']","['ekonomik', 'çay saati']",['Çay Saati'],['Fırın'],['Ekonomik'],False,2400,2400,2019-05-02T08:36:54Z,4.0,934723,3943,False,True,True,0,,0,,,,2014/06/kostebek-pasta-yemekcom.jpg,0,0,https://cdn.yemek.com/mnresize/940/940/uploads/2014/06/kostebek-pasta-yemekcom.jpg,940,940,False,https://cdn.yemek.com/mncrop/300/200/uploads/2014/06/kostebek-pasta-yemekcom.jpg,300,200,True,https://cdn.yemek.com/mncrop/940/625/uploads/2014/06/kostebek-pasta-yemekcom.jpg,940,625,True,https://cdn.yemek.com/mncrop/620/388/uploads/2014/06/kostebek-pasta-yemekcom.jpg,620,388,True,https://cdn.yemek.com/mncrop/600/315/uploads/2014/06/kostebek-pasta-yemekcom.jpg,600,315,True,['fırın'],,,,,
902,611,Cemre Özgüzel,https://cdn.yemek.com/author/109/20200211010242_avatar.jpg,/profil/cemre-ozguzel/,Kıvamı Hep Tutar: Portakallı Kek,Portakallı Kek,/tarif/portakalli-kek/,35 dk,15 dk,"<p>Kış ayları gelince özellikle, keyfi ve lezzeti bir başka olur <a href=""https://yemek.com/portakalli-pratik-tarifler/"" target=""_blank"" rel=""noopener"">portakallı</a> kekin. Portakal kabuğunun o misler gibi kokan kokusu harca girer, piştikçe kokusu tüm eve yayılır. <a href=""https://yemek.com/tarif/kek/"" target=""_blank"" rel=""noopener"">Kek</a> kokusunun huzuru yüzlerde gülümse oluşturur, yemelere doyum olmaz. <a href=""https://yemek.com/tarif/"" target=""_blank"" rel=""noopener"">Tarif</a>in en zor anı fırından çıkınca dinlenmesini beklemek. <a href=""https://yemek.com/tarif/portakalli-anne-kurabiyesi/"" target=""_blank"" rel=""noopener"">Portakall</a>ı kek yapmanın da bazı önemli püf noktaları var. Bunlara dikkat edilmediği durumlarda kekin kıvamı tam istenilen gibi olmuyor. Gelin bugün ölçüleri sizi hiç yanıltmayan enfes bir <strong>portakallı kek tarifi</strong> hazırlayalım!</p>
<p>Keki hazırlarken portakal kabuklarının beyaz kısımlarına denk getirmeden rendelemeye özen gösterin. İçerisine dilerseniz<strong> ceviz, fındık, badem, damla çikolata </strong>gibi malzemeler de ilave edebilirsiniz. Şimdiden ellerinize sağlık diyor, mis gibi kokan tarifimize buyur ediyoruz. Afiyet olsun!</p>",recipe,"['tereyağı', 'yumurta', 'toz şeker', 'un', 'vanilya', 'kabartma tozu', 'portakal suyu', 'rendelenmiş portakal kabuğu', 'sıvı yağ']","['<p>Portakallı kek için oda sıcaklığındaki yumurtaları şekerle birlikte bir kaba alın.</p>', '<p>Güzelce çırpın.</p>', '<p>Ardından üzerine sıvı yağ ve portakal suyunu da ekleyerek çırpmaya devam edin.</p>', '<p>Un, kabartma tozu ve vanilini eleyerek harca ekleyin.</p>', '<p>Kıvam alana kadar çırpın.</p>', '<p>Yağlanmış kek kalıbına harcı aktarın.</p>', '<p>170 derecede önceden ısıtılmış fırında kontrollü olarak 35- 40 dakika pişirin.</p>', '<p>Oda sıcaklığında soğutun.</p>', '<p>Daha sonra kalıptan çıkarıp dilimleyerek servis edin.</p>', '<p>Afiyet olsun!</p>']",TATLI KEK,239b56,/tarif/tatli-kek/,"['Kek', 'Video', 'Tatlı Kek']",,['Çay Saati'],['Fırın'],,False,2100,900,2021-02-25T05:30:36Z,4.0,905102,4237,False,True,True,0,,0,,,,2021/02/portakalli-kek-tarifi-yemekcom.jpg,0,0,https://cdn.yemek.com/mnresize/940/940/uploads/2021/02/portakalli-kek-tarifi-yemekcom.jpg,940,940,False,https://cdn.yemek.com/mncrop/300/200/uploads/2021/02/portakalli-kek-tarifi-yemekcom.jpg,300,200,True,https://cdn.yemek.com/mncrop/940/625/uploads/2021/02/portakalli-kek-tarifi-yemekcom.jpg,940,625,True,https://cdn.yemek.com/mncrop/620/388/uploads/2021/02/portakalli-kek-tarifi-yemekcom.jpg,620,388,True,https://cdn.yemek.com/mncrop/600/315/uploads/2021/02/portakalli-kek-tarifi-yemekcom.jpg,600,315,True,,,,,,
903,25072,Cemre Özgüzel,https://cdn.yemek.com/author/109/20200211010242_avatar.jpg,/profil/cemre-ozguzel/,Ağızda Dağılan Kıvamıyla: Margarinsiz Kurabiye,Margarinsiz Kurabiye,/tarif/margarinsiz-kurabiye/,15 dk,15 dk,"<p>İçinde margarin ya da tereyağı yok, yumurta yok, kabartma tozu yok... Tüm bu malzemelerin yokluğuna rağmen yumuşacık, kıyır kıyır bir kıvamı, dillere destan bir lezzeti var. Bu kurabiyenin bir özelliğini daha antalım. Çok kısa sürede hazırlanması ve az malzemeli olmasını belirtmeden geçmek olmaz.</p>
<p>Tüm bunlar nasıl oluyor derseniz, her şey sıvı yağ, pudra şekeri ve unun birleşiminden doğuyor. Ağızda dağılıyor oluşunu sıvı yağa, tatlılığını pudra şekerine ve kıvamını una borçlu. Bu malzemelere bir de lezzet vermesi için vanilin ve portakal kabuğu da ekledik ve lezzetini zirveye çıkardık. Dilerseniz onlar olmadan da nefis bir kurabiye hazırlamanız mümkün.</p>
<p>Hemencecik hazırlayıp pişireceğiniz bu kurabiyeyi kavanozların içerisinde uzunca bir süre saklayabilirsiniz üstelik. İçine farklı malzemeler ekleyebileceğiniz gibi sade de hazırlamanız mümkün. Öyleyse buyursunlar tarifimize. <img src=""https://cdn.yemek.com/assets/images/smiley/smile.png"" class=""wp-smiley img-responsive"" /></p>
",recipe,"['un', 'pudra şekeri', 'pudra şekeri', 'vanilin', 'sıvı yağ', 'portakal kabuğu rendesi']","['Derin bir kabın içerisine sıvı yağı aktarın.', 'Üzerine vanilin, pudra şekerini ilave ederek güzelce karıştırın.', 'Ardından bu karışımın içerisine azar azar un ilave ederek yoğurmaya başlayın.', 'Güzelce yoğururken ele yapışma durumu olursa elinizi hafifçe yağlayarak yoğurma işlemine devam edin.', 'Hamurunuz toparladığında elinizi yağlayın. Cevizden biraz büyük toplar koparın ve güzelce yuvarlayın.', 'Pişirme kağıdı serili bir fırın tepsisinin üzerine kurabiyelerinizi dizin.', 'Önceden ısıtılmış 170 derecelik fırında kontrollü bir biçimde 12-15 dakika arası üzeri hafif kızarıp renk değiştirene kadar pişirin.', 'Çıkarıp oda sıcaklığında dinlendirdikten sonra üzerine pudra şekeri serperek servis edin.']",KURABİYE,239b56,/tarif/kurabiye/,"['Kurabiye', 'Tatlı Kurabiye']","['ekonomik', 'ara öğün', 'çay saati']","['Kahvaltı', 'Çay Saati']",['Fırın'],"['Ekonomik', 'Vejetaryen']",False,900,900,2017-11-01T06:51:52Z,4.0,900549,2817,False,False,False,0,,0,,,,2017/10/margarinsiz-kurabiye-tarifi.jpg,0,0,https://cdn.yemek.com/mnresize/940/940/uploads/2017/10/margarinsiz-kurabiye-tarifi.jpg,940,940,False,https://cdn.yemek.com/mncrop/300/200/uploads/2017/10/margarinsiz-kurabiye-tarifi.jpg,300,200,True,https://cdn.yemek.com/mncrop/940/625/uploads/2017/10/margarinsiz-kurabiye-tarifi.jpg,940,625,True,https://cdn.yemek.com/mncrop/620/388/uploads/2017/10/margarinsiz-kurabiye-tarifi.jpg,620,388,True,https://cdn.yemek.com/mncrop/600/315/uploads/2017/10/margarinsiz-kurabiye-tarifi.jpg,600,315,True,['fırın'],,,,,
904,1843,Yasemin Özaltın,https://cdn.yemek.com/author/35533/20181219061403_avatar.jpg,/profil/yasemingursurer/,Pürüzsüz ve Yumuşacık: Patates Püresi,Patates Püresi,/tarif/patates-puresi/,30 dk,15 dk,"<p>Tereyağı ve süt ilavesiyle hazırlanan patates püresi, başlı başına ana yemek olarak servis edilebildiği gibi pek çok <a href=""https://yemek.com/tarif/"" target=""_blank"">yemek tarifinin</a> yanına yakışan kurtarıcı bir garnitür görevi üstlenir. Bu görev bazen öylesine mühim bir hal alır ki patates püresinin köfteden daha çok alkış aldığı, tavuğun sofrada gölgede bıraktığı, babası patatesi gururlandırdığı anlar vardır.</p>
<p>Her ne kadar çok kolay bir tarif gibi gözükse de patates püresi tarifini tam uygulamayan ve pürenin lezzetini bozuk poğaçaya benzetenler de vardır. O yüzden bu püre tarifine kulak verin.</p>
<p>Patates püresinde süt tadından hoşlananlar, bildik püre tariflerinin dışına çıkıyor ve patatesleri sütte haşlıyoruz.</p>
",recipe,"['tereyağı', 'tuz', 'süt', 'orta boy patates', 'karabiber (arzuya göre)']","['Kabukları soyulmuş patateslerinizi tencere alın ve üzerini geçecek kadar su ilave edin.', 'Ardından yumuşayana kadar pişmeye bırakın. Patateslerinizin pişip pişmediğini bir bıçak yardımıyla kontrol edin.', 'Yumuşayan patateslerinizin suyunu süzdürün. Üzerine tereyağı ilave ederek güzelce ezin.', 'Ardından tuz, karabiber ve sütü ekleyerek güzelce, pürüzsüz bir kıvam alana kadar ezmeye devam edin.', 'Patates püreniz hazır! Afiyet olsun.']",SEBZE,239b56,/tarif/sebze/,"['Sebze', 'Atıştırmalık', 'Video', 'Tuzlu Atıştırmalık', 'Mevsiminde']","['pratik yemek tarifleri', 'ekonomik', 'başlangıç']",['Başlangıç'],['Tencere'],['Ekonomik'],False,1800,900,2015-03-13T14:59:39Z,4.0,882052,5342,False,True,True,0,,0,,,,2015/03/patates-puresi-yemekcom.jpg,0,0,https://cdn.yemek.com/mnresize/940/940/uploads/2015/03/patates-puresi-yemekcom.jpg,940,940,False,https://cdn.yemek.com/mncrop/300/200/uploads/2015/03/patates-puresi-yemekcom.jpg,300,200,True,https://cdn.yemek.com/mncrop/940/625/uploads/2015/03/patates-puresi-yemekcom.jpg,940,625,True,https://cdn.yemek.com/mncrop/620/388/uploads/2015/03/patates-puresi-yemekcom.jpg,620,388,True,https://cdn.yemek.com/mncrop/600/315/uploads/2015/03/patates-puresi-yemekcom.jpg,600,315,True,"['tencere', 'vejetaryen', 'glutensiz', 'düşük karbonhidratlı']",,"['Haziran', 'Temmuz', 'Ağustos', 'Eylül']",,,
905,24008,Neşe Ümit Tan,https://cdn.yemek.com/author/208653/20190910030615_avatar.jpg,/profil/neseumit/,Terbiyesi Kesilmez: Pirinçli Yoğurt Çorbası,Pirinçli Yoğurt Çorbası,/tarif/pirincli-yogurt-corbasi/,25 dk,10 dk,"<p>Mevsim farketmeden afiyetle içilecek bir <a href=""https://yemek.com/tarif/corba/"" target=""_blank"">çorba</a> varsa o da tartışmasız pirinçli yoğurt çorbasıdır. <a href=""https://yemek.com/tarif/"" target=""_blank"">Yemek tarifleri</a> arasında özel bir yeri olan bu çorba o her daim tüketilecek kadar güzel lezzetini yoğurda borçlu. Üstelik hazırlaması da öyle pratik ki! Terbiyesi kesilmeyen, tadı damağınızda kalacak bu nefis lezzeti hazırlamak isteyenler için adım adım resimli anlatımla tarifimizi sizler için hazırladık.</p>
<p><a href=""https://yemek.com/tarif/yayla-corbasi/"" target=""_blank"">Yayla çorbasına</a> benzerliğiyle dikkat çeken, <a href=""https://yemek.com/yogurtlu-corba-tarifleri/"" target=""_blank"">yoğurtlu çorbaların </a>en güzellerinden pirinçli yoğurt çorbasını hazırlarken dikkat etmeniz gereken nokta terbiyesinin kesilmemesi için ısınan suyla ılıtmak ve tencereye eklerken muhakkak karıştırarak ve yavaş yavaş eklemek. Haydi bu nefis yoğurt çorbasını denemek isteyenler, hemen mutfağa!</p>
",recipe,"['pirinç', 'tereyağı', 'tuz', 'yumurta', 'un', 'su', 'yoğurt', 'kuru nane']","['Orta boy bir tencerenin içerisine suyu dökün. İçine pirinçleri ekleyin. Kısık ateşte pirinçler yumuşayana kadar pişirin.', 'Bir kabın içerisine\xa0yoğurt, yumurta ve unu aktarın.', 'Güzelce çırpın ve içerisinde unun topaklanmamasına özen gösterin.', 'Ocağın üzerinde pişen pirinçlerin suyundan bir kepçe alıp güzelce yoğurtlu karışıma yedirin. Ardından bu işlemi birkaç kepçe daha ilave ederek gerçekleştirin.', 'Ocakta pişmekte olan pirinçlerin üzerine yoğurtlu karışımı çok dikkatli bir şekilde, incecik bir ip halinde dökerek bir yandandan da karıştırın.', 'Bu şekilde tüm yoğurdu ilave ettikten sonra kaynayana kadar güzelce karıştırın. Kuru naneyi ve tuzunu da ilave edin.', 'Birkaç dakika daha ocakta pişirmeye devam edin. Bu aşamada kıvamı çok yoğunlaşırsa su ilave edebilirsiniz.', 'Ayrı bir tavanın içerisinde tereyağını eritin ve üzerine kuru naneyi ekleyerek hafifçe yakın. Servis etmeden önce çorbanızın üzerine gezdirin.', 'Ardından çorbanızı servis edin. Afiyetler olsun!']",ÇORBA,,/tarif/corba/,"['Çorba', 'Ramazan']","['pratik yemek tarifleri', 'ekonomik', 'başlangıç', 'akşam yemeği', 'öğle yemeği']","['Başlangıç', 'Öğle Yemeği', 'Akşam Yemeği']",['Tencere'],"['Ekonomik', 'Vejetaryen']",False,1500,600,2020-02-13T07:44:25Z,4.0,875331,5036,False,False,True,0,,0,,,,2019/05/pirincli-yogurt-corbasi-yeni.jpg,0,0,https://cdn.yemek.com/mnresize/940/940/uploads/2019/05/pirincli-yogurt-corbasi-yeni.jpg,940,940,False,https://cdn.yemek.com/mncrop/300/200/uploads/2019/05/pirincli-yogurt-corbasi-yeni.jpg,300,200,True,https://cdn.yemek.com/mncrop/940/625/uploads/2019/05/pirincli-yogurt-corbasi-yeni.jpg,940,625,True,https://cdn.yemek.com/mncrop/620/388/uploads/2019/05/pirincli-yogurt-corbasi-yeni.jpg,620,388,True,https://cdn.yemek.com/mncrop/600/315/uploads/2019/05/pirincli-yogurt-corbasi-yeni.jpg,600,315,True,"['tencere', 'vejetaryen']",greenLight,,,,
906,434,Cemre Özgüzel,https://cdn.yemek.com/author/109/20200211010242_avatar.jpg,/profil/cemre-ozguzel/,Çıtırlığını Uzun Süre Korur: Lokma Tatlısı,Lokma Tatlısı,/tarif/lokma-tatlisi/,20 dk,40 dk,"<p><a href=""https://yemek.com/tarif/serbetli-tatlilar/"" target=""_blank"">Şerbetli tatlı tariflerinin</a> en sevilenlerinden, özellikle İzmir ve çevresi başta olmak üzere Ege'de birçok sokakta mis gibi kokusuyla sizi karşılayan lokma tatlısı aslında evde de çok kolay bir şekilde hazırlanır!</p>
<p>Her evde bulunan malzemelerle yapılan lokma hamuru mis gibi kızartılır, tam kıvamında şerbetiyle buluştuğunda lezzeti devleşir. Porsiyonlaması ve ikramı kolay, sokak satıcısı ve yazlıkların gözde tatlısı lokma, şerbeti ile buluştuktan sonraysa ağızda öyle nefis bir tat bırakır ki bir yiyen bir daha ister.</p>
<p>Sözün kısası evde, ellerinizle hazırlayabileceğiniz en pratik şerbetli tatlılardan olan bu nefis <strong>gerçek lokma</strong> <a href=""https://yemek.com/tarif/tatli/"" target=""_blank"">tatlı</a>sı tarifini mutlaka deneyin.</p>
<p>Tabii yerken de ölçüyü kaçırmayın diyelim ve hemen <a href=""https://yemek.com/tarif/"" target=""_blank"">tarif</a>e geçelim. Şimdiden ellerinize sağlık. <img src=""https://cdn.yemek.com/assets/images/smiley/smile.png"" class=""wp-smiley img-responsive"" /></p>
",recipe,"['limon suyu', 'toz şeker', 'toz şeker', 'ayçiçek yağı', 'un', 'su', 'ılık su', 'kuru maya']","['Lokma tatlısı için 3,5 su bardağı unu geniş bir kabın içine alın ve ortasını havuz şeklinde açın. 1 paket kuru maya, 1 yemek kaşığı toz şeker ilave edin.', '2 su bardağı ılık suyu ilave ederek yoğurmaya başlayın. Ele yapışan ve cıvık bir hamur elde edin.', 'Hamurunuzun üzerini kapatın, oda sıcaklığında 1 saat mayalandırın.', 'Hamur mayalanırken şerbetini hazırlayın. Tencerenin içerisine 2 su bardağı toz şeker ve 1,5 su bardağı suyu aktarın. Şeker eriyince limon suyunu ilave edin. Hafif kaynayınca ocaktan alın ve soğumaya bırakın.', 'Mayalanan hamuru sıkma torbasına aktarın.', 'Yağlanmış mutfak makası yardımıyla hamurunuzdan küçük toplar kesin. Kızgın yağın içerisinde kızartın.', 'Kızan lokmaları kevgir yardımıyla alın ve soğuk şerbetin içerisine atın. 10 saniye kadar şerbetin içerisinde tutun.', 'Üzerine tarçın serperek nefis lokmalarınızı servis edebilirsiniz. Afiyet olsun.']",ŞERBETLİ TATLI,239b56,/tarif/serbetli-tatlilar/,"['Tatlı', 'Şerbetli Tatlı', 'Ramazan', 'Video']","['ekonomik', 'ara öğün']",['Çay Saati'],['Kızartma'],['Ekonomik'],False,1200,2400,2019-03-18T13:30:38Z,4.0,859996,2472,False,True,True,0,,0,,,,2014/08/lokma-yemekcom.jpg,0,0,https://cdn.yemek.com/mnresize/940/940/uploads/2014/08/lokma-yemekcom.jpg,940,940,False,https://cdn.yemek.com/mncrop/300/200/uploads/2014/08/lokma-yemekcom.jpg,300,200,True,https://cdn.yemek.com/mncrop/940/625/uploads/2014/08/lokma-yemekcom.jpg,940,625,True,https://cdn.yemek.com/mncrop/620/388/uploads/2014/08/lokma-yemekcom.jpg,620,388,True,https://cdn.yemek.com/mncrop/600/315/uploads/2014/08/lokma-yemekcom.jpg,600,315,True,"['vejetaryen', 'kızartma']",,,,,
907,10116,Neşe Ümit Tan,https://cdn.yemek.com/author/208653/20190910030615_avatar.jpg,/profil/neseumit/,İçi Yumuşak: Kakaolu Çatlak Kurabiye,Kakaolu Çatlak Kurabiye,/tarif/kakaolu-catlak-kurabiye/,8 dk,15 dk,"<p>Fırından nefis bir davetiye çıktı. Bu davetiye size mis kokulu keyif anlarına konuk olmanız için gönderildi. Göndereni ise <strong>kakaolu çatlak kurabiye</strong>! Görüntüsüyle dahi içimizi açan <a href=""https://yemek.com/tarif/kurabiye/"" target=""_blank"" rel=""noopener"">kurabiye</a>, yapımıyla da pek bir keyifli. Buzdolabımızda her daim bulunan malzemelerle hemencecik hazırlanıyor. İçine tereyağı yerine sıvı yağ giriyor, daha bir hafifliyor.</p>
<p>Gönderdiği davetiyeyi geri çevirmek olmaz. Biz de kendisini çayımızın yanına, kahvemizin baş ucuna, sütümüzün dibinde ağırlamak istiyoruz. Bu yüzden çıkardık malzemelerimizi, kaplarımızı. <a href=""https://yemek.com/tarif/"" target=""_blank"" rel=""noopener"">Tarif</a>imizi de tüm ayrıntılarına kadar anlattık. Aman dikkat! Minik püf noktalarını es geçmeyin.</p>",recipe,"['yumurta', 'toz şeker', 'sıvı yağ', 'kakao', 'vanilin', 'kabartma tozu', 'un', 'pudra şekeri']","['<p>Orta boy bir kabın içerisinde yumurta ve şekeri mikser ya da çırpma teli yardımıyla çırpın.</p>', '<p>Şekerler eriyip, karışımın rengi kırık beyaz hale geldiğinde sıvı yağ ekleyerek biraz daha çırpın.</p>', '<p>Üzerine kakao, kabartma tozu ve vanilini eleyin.</p>', '<p>Son olarak unu eleyin.\xa0Bir spatula yardımıyla malzemeler birleşinceye dek karıştırın. Hamurun kıvamı kurabiye hamuruna göre cıvık olacak ve daha çok brownie hamuruna benzeyecektir. Dilediğiniz kıvama gelen hamuru streç filme sararak en az 2 saat buzdolabında dinlenmeye bırakın.</p>', '<p>Dinlenen kurabiye hamurunuzu çıkarın. Hamurunuzdan ceviz büyüklüğünde toplar koparak minik toplar halinde şekil verin.</p>', '<p>Şekil verdiğiniz kurabiyeleri pudra şekeri ile kaplayın. Pudra şekeri ile kaplamış çatlak kurabiyelerinizi yağlı kağıt serdiğiniz tepsiye yerleştirin. Önceden ısıtılmış 180 derecelik fırında kontrollü bir şekilde yaklaşık\xa08-10 dakika pişirin.</p>', '<p>Pudra şekeri ile kaplamış çatlak kurabiyelerinizi yağlı kağıt serdiğiniz tepsiye yerleştirin.</p>', '<p>Önceden ısıtılmış 180 derecelik fırında kontrollü bir şekilde yaklaşık\xa08-10 dakika pişirin.</p>', '<p>Fırından çıkardıktan sonra\xa015-20 dakika kadar oda sıcaklığında dinlendirdikten sonra servis edin.</p>', '<p>Kakaolu çatlak kurabiyeleriniz hazır.</p>', '<p>Afiyet olsun!</p>']",TATLI KURABİYE,239b56,/tarif/tatli-kurabiyeler/,"['Kurabiye', 'Video', 'Tatlı Kurabiye']",,['Çay Saati'],['Fırın'],['Ekonomik'],False,480,900,2016-11-07T07:15:24Z,4.0,853260,6544,False,True,True,0,,0,,,,2016/11/kakaolu-catlak-kurabiye-yemekcom.jpg,0,0,https://cdn.yemek.com/mnresize/940/940/uploads/2016/11/kakaolu-catlak-kurabiye-yemekcom.jpg,940,940,False,https://cdn.yemek.com/mncrop/300/200/uploads/2016/11/kakaolu-catlak-kurabiye-yemekcom.jpg,300,200,True,https://cdn.yemek.com/mncrop/940/625/uploads/2016/11/kakaolu-catlak-kurabiye-yemekcom.jpg,940,625,True,https://cdn.yemek.com/mncrop/620/388/uploads/2016/11/kakaolu-catlak-kurabiye-yemekcom.jpg,620,388,True,https://cdn.yemek.com/mncrop/600/315/uploads/2016/11/kakaolu-catlak-kurabiye-yemekcom.jpg,600,315,True,,,,,,
908,2914,Yasemin Özaltın,https://cdn.yemek.com/author/35533/20181219061403_avatar.jpg,/profil/yasemingursurer/,Zeytinyağlıların En Şekeri: Taze Fasulye,Taze Fasulye,/tarif/taze-fasulye/,25 dk,20 dk,"<p>Tek tek kılçıkları ayıklanan, <a href=""https://yemek.com/tarif/zeytinyaglilar"" target=""_blank"">zeytinyağlı</a> tariflerin en makbulü, <a href=""https://yemek.com/tarif/"" target=""_blank"">yemek tariflerinin</a> en zarifi zeytinyağlı taze fasulye. Yerine göre jülyen şeklinde doğranan yeşil fasulyeleri, uç kısımlarını aldıktan sonra ortadan ikiye böldük. Sulu domates, kuru soğan ve sarımsak ilavesiyle tadına tat kattık.</p>
<p>Naneli <a href=""https://yemek.com/tarif/cacik/"" target=""_blank"">cacık</a>la güzel, her dem yenir zeytinyağlı taze fasulye. Videolu ve adım adım resimli yapılış aşamalarıyla şimdi karşınızda!</p>
<p>Ayrıca bunu seven bunu da sevdi: <a href=""https://yemek.com/tarif/kiymali-taze-fasulye/"" target=""_blank"">Kıymalı taze fasulye tarifi</a>!</p>
",recipe,"['sıcak su', 'tuz', 'toz şeker', 'sarımsak', 'zeytinyağı', 'büyük boy kuru soğan', 'taze fasulye', 'orta boy domates (etli ve sulu)']","['Kuru soğanları küçük küpler halinde kesin. Sarımsakları ince ince dilimleyin. Domatesleri rendeleyin. Fasulyeleri de ayıklayarak bir köşeye alın.5 yemek kaşığı zeytinyağını bir tencerede kızdırın.', 'Doğradığınız 1 adet büyük boy kuru soğan ve 2 diş doğranmış sarımsakları hafif bir renk alana kadar kavurun.', '600 gram doğranmış taze fasulyeyi de ekleyerek kavurma işlemini sürdürün.', '2 çay kaşığı tuz, 1 tatlı kaşığı toz şeker, 3 adet rendelenmiş domates ve 1 su bardağı sıcak suyu da ekledikten sonra güzelce karıştırın.', 'Kapağını kapatıp fasulyeler yumuşayana kadar kısık ateşte pişirmeye bırakın.', 'Arzuya göre ılık, fakat daha da lezzetli olması için soğuk olarak servis edin. Afiyet olsun!']",ZEYTİNYAĞLI,239b56,/tarif/zeytinyaglilar/,"['Sebze', 'Zeytinyağlı', 'Video', 'Mevsiminde']",,"['Öğle Yemeği', 'Akşam Yemeği']","['Tencere', 'Ocak']",,False,1500,1200,2019-05-15T06:39:55Z,4.0,841532,5174,False,True,True,0,,0,,,,2015/07/taze-fasulye-yemekcom.jpg,0,0,https://cdn.yemek.com/mnresize/940/940/uploads/2015/07/taze-fasulye-yemekcom.jpg,940,940,False,https://cdn.yemek.com/mncrop/300/200/uploads/2015/07/taze-fasulye-yemekcom.jpg,300,200,True,https://cdn.yemek.com/mncrop/940/625/uploads/2015/07/taze-fasulye-yemekcom.jpg,940,625,True,https://cdn.yemek.com/mncrop/620/388/uploads/2015/07/taze-fasulye-yemekcom.jpg,620,388,True,https://cdn.yemek.com/mncrop/600/315/uploads/2015/07/taze-fasulye-yemekcom.jpg,600,315,True,,,"['Nisan', 'Mayıs', 'Haziran', 'Temmuz']",,,
909,2602,Yasemin Özaltın,https://cdn.yemek.com/author/35533/20181219061403_avatar.jpg,/profil/yasemingursurer/,Kusursuz Kıvamda: Omlet,Omlet,/tarif/omlet/,3 dk,5 dk,"<p><a href=""https://yemek.com/tarif/kahvaltiliklar/"" target=""_blank"">Kahvaltıların</a> tadı tuzudur iyi yapılmış bir omlet. İçinde yer alan malzemeler değişiklik gösterse de kabarık bir <a href=""https://yemek.com/omlet-tarifleri/"" target=""_blank"">omlet tarifi</a> hazırlamak için 3 ya da 4 yumurtanız varsa o iş tamamdır! <img src=""https://cdn.yemek.com/assets/images/smiley/smile.png"" class=""wp-smiley img-responsive"" /> Arzuya göre 1 ya da 2 yumurta ile de tereyağı ve zeytinyağı oranını azaltarak <strong>sade omlet</strong> yapılabilir elbette. <strong>İyice çırpılan yumurtalar</strong> tavaya alınır ve kısa sürede pişirilir. Ne sulu ne de çok katı olmalıdır.</p>
<p>Sonrasında gelsin demli bir bardak çay ve kızarmış ekmekler. Haydi mutfağa, kusursuz kıvamda leziz mi leziz <strong>omlet tarifi</strong> yapıyoruz. Afiyetler olsun!</p>
",recipe,"['tereyağı', 'tuz', 'yumurta', 'zeytinyağı', 'taze çekilmiş tane karabiber']","['Omlet için derin bir karıştırma kasesinde 4 adet yumurtayı bir kasenin içerisine alın.', 'Yarım çay kaşığı tuz ve biberi birleştirin. Bir çırpıcı yardımıyla alttan üste doğru hava kabarcıkları oluşana kadar güzelce çırpın.', ""Tavanızı ısıtın ve 1'er yemek kaşığı tereyağı ve zeytinyağını kızdırın."", 'Ardından yumurta karışımını tavaya dökün. Ocağınızın altını kısın ve alt kısmı kızarana adar pişirin.', 'Omletin alt kısmı kızarıp, üst kısmı hafif sulu kaldığında tavanızı önce doğru eğip omleti ikiye katlayın.', '1-2 dakika daha bu şekilde pişirip ocaktan alın.', 'Soğumadan omleti kahvaltılıklarla servis edin. Afiyet olsun!']",KAHVALTILIK,239b56,/tarif/kahvaltiliklar/,"['Kahvaltılık', 'Video']",['kahvaltı'],['Kahvaltı'],['Tava'],['Bol Proteinli'],False,180,300,2022-08-24T11:20:10Z,4.0,828088,1909,False,True,True,0,,0,,,,2015/05/omlet-yemekcom.jpg,0,0,https://cdn.yemek.com/mnresize/940/940/uploads/2015/05/omlet-yemekcom.jpg,940,940,False,https://cdn.yemek.com/mncrop/300/200/uploads/2015/05/omlet-yemekcom.jpg,300,200,True,https://cdn.yemek.com/mncrop/940/625/uploads/2015/05/omlet-yemekcom.jpg,940,625,True,https://cdn.yemek.com/mncrop/620/388/uploads/2015/05/omlet-yemekcom.jpg,620,388,True,https://cdn.yemek.com/mncrop/600/315/uploads/2015/05/omlet-yemekcom.jpg,600,315,True,"['bol proteinli', 'glutensiz', 'düşük kalorili']",,,,,
910,8439,ipeksare,https://cdn.yemek.com/author/262494/20200820091315_avatar.jpg,/profil/ipeksare/,Evde Taş Fırın Lezzetinde: Lahmacun,Lahmacun,/tarif/lahmacun/,30 dk,25 dk,"<p>Lahmacun, yemesi en keyifli, en çok sevdiğimiz <a href=""https://yemek.com/tarif"" target=""_blank"">yemek tariflerinin</a> başında geliyor. Ancak onu evde tıpkı dışarıda yediklerimiz kadar nefis bir şekilde hazırlamak da mümkün. Yanına bolca <a href=""https://yemek.com/tarif/sumakli-sogan-salatasi/"" target=""_blank"">sumaklı soğan</a>la servis etmelik nefis bir lahmacun yapalım hadi gelin. İhtiyacınız olan malzemeleri bir bir anlatıyoruz. <img src=""https://cdn.yemek.com/assets/images/smiley/smile.png"" class=""wp-smiley img-responsive"" /></p>
<p>Böylesine lezzetli, doyurucu bu lezzeti bu sefer evde yapmak için sıvadık kollarımızı. Hamurunu sevgi ile mayalandırdık ve işte karşınızda en güzel ve en kolay haliyle ev yapımı gerçek lahmacun <a href=""https://yemek.com/tarif/"" target=""_blank"">tarifi</a>! Bu tarifle keyifli hafta sonu sofralarınıza geleneksel bir dokunuş yapabilir, çıtır çıtır lahmacun hamurunun sesini evinizden eksik etmeyebilirsiniz. Bizden söylemesi...</p>
",recipe,"['biber salçası', 'tuz', 'tuz', 'pul biber', 'toz şeker', 'un', 'maydanoz', 'su', 'su', 'domates salçası', 'domates', 'yeşil biber', 'kırmızı biber', 'toz kırmızı biber', 'soğan', 'sıvı yağ', 'yağlı dana kıyma']","['Mutfak robotuna kırmızı biberleri, yeşil biberleri, soğanları ve domatesleri ilave edin.', 'Tamamen püre haline gelmeyecek şekilde çekin.', 'Maydanozları da ekleyin ve 10 saniye kadar daha çekin.', 'Domates salçası, biber salçası, sıvı yağ ve suyu ekleyin. Son olarak kıymayı ekleyerek güzelce yoğurun.Lahmacunun lezzetli olması için harcınızın cıvık bir kıvamda olması gerekir. Yeteri kadar cıvık bir kıvamda değilse, biraz su ekleyebilirsiniz.', 'Hazırladığınız harcı vaktiniz varsa bir süre buzdolabında dinlendirin.', 'Harcınız dinlenirken, hamurunuzu yapmaya başlayın.\xa0Suyu bir kaba dökün, üzerine tuz ve şekeri ilave ederek güzelce karıştırın. Azar azar da un ilave edin. Orta sertliğe ulaşana dek yoğurun.', 'Hamuru bir silindir haline getirip eşit parçalara bölün. Aynı büyüklükte lahmacunlar yapabilmek için hamurlarınızın ağırlığı da eşit olmalıdır. Bezeleri bir süre dinlenmeye bırakın.', 'Hazırladığınız bezeleri yemek tabağı büyüklüğünde açın. Mümkün olduğu kadar ince açmanız önemlidir. Bu sırada fırınınızı 250 derece fanlı ve alt-üst açık olacak şekilde açın. Güzelce ısıtın.', 'Açtığınız hamurların üzerine kıymalı harcı yayın. Fırının tabanına yağlı kağıt ile birlikte yerleştirin ve 7-10 dakika altı kızarana kadar pişirin.', 'Sumaklı soğan, maydanoz ve bol limonla servis edin.', 'Afiyet olsun!']",PİDE,239b56,/tarif/pide/,"['Hamur İşi', 'Pide', 'Video']","['pratik yemek tarifleri', 'ekonomik', 'başlangıç', 'ara öğün', 'akşam yemeği', 'öğle yemeği']","['Başlangıç', 'Öğle Yemeği', 'Akşam Yemeği']",['Fırın'],,False,1800,1500,2020-04-13T07:46:32Z,4.0,828058,5659,False,True,True,0,,0,,,,2020/04/lahmacun-yemekcom-1.jpg,0,0,https://cdn.yemek.com/mnresize/940/940/uploads/2020/04/lahmacun-yemekcom-1.jpg,940,940,False,https://cdn.yemek.com/mncrop/300/200/uploads/2020/04/lahmacun-yemekcom-1.jpg,300,200,True,https://cdn.yemek.com/mncrop/940/625/uploads/2020/04/lahmacun-yemekcom-1.jpg,940,625,True,https://cdn.yemek.com/mncrop/620/388/uploads/2020/04/lahmacun-yemekcom-1.jpg,620,388,True,https://cdn.yemek.com/mncrop/600/315/uploads/2020/04/lahmacun-yemekcom-1.jpg,600,315,True,['fırın'],,,,,
911,78,Neşe Ümit Tan,https://cdn.yemek.com/author/208653/20190910030615_avatar.jpg,/profil/neseumit/,"Kokusu Mis, Dokusu Nefis: Limonlu Kek",Limonlu Kek,/tarif/limonlu-kek/,40 dk,15 dk,"<p>Limonlu kek kendine has aroması, buram buram mutfağı dolduran misler gibi kokusuyla en çok tercih edilen <a href=""https://yemek.com/tarif/kek/"" target=""_blank"">pratik kek tariflerinden</a> birisi. 10 dakikada fırına vermeye hazır kek harcıyla çat kapı gelen misafirleriniz için paha biçilemez <a href=""https://yemek.com/tarif/tatli-kek/"" target=""_blank"">tatlı kek tariflerinden</a> birisi olan limonlu kek, herkesin severek yiyeceği puf puf kabaran yumuş yumuş bir kek.</p>
<p>Büyükten küçüğe herkesin severek yiyeceği, hafif lezzetine ve yumuşaklığına bayılacağı bir <a href=""https://yemek.com/tarif/tatli/"" target=""_blank"">tatlı</a> kek tarifi bu. Deneyenlerin sizden tarifini isteyeceğinize eminiz! Fırınlar ısıtılsın, kek kalıpları meydana çıksın, bugün mutfakta limonlu kek pişecek! Şimdiden afiyetler olsun!</p>
",recipe,"['tereyağı', 'limon suyu', 'yumurta', 'toz şeker', 'rendelenmiş limon kabuğu', 'ayçiçek yağı', 'süt', 'un', 'kabartma tozu', 'vanilin']","['Yumurta ve toz şekeri, bir çırpıcı yardımıyla krema halini alana kadar çırpın.', 'Sırasıyla; süt, ayçiçek yağı ve limon suyunu ilave edip, 2 dakika daha çırpın.', 'Elenmiş un, kabartma tozu, vanilya ve rendelenmiş limon kabuğunu ekledikten sonra karıştırın.', 'Yağladığınız kek kalıbına harcı boşaltın ve eşit oranda kabarması için üzerini bir spatula yardımıyla düzeltin.Hazırladığınız limonlu keki, önceden ısıtılmış 170 derece fırında 40 dakika pişirin.', 'İçini çekmesi için keki dinlendirdikten sonra kalıbından çıkartın ve dilimleyerek servis edin. Sevdiklerinizle paylaşın.']",TATLI KEK,239b56,/tarif/tatli-kek/,"['Kek', 'Tatlı Kek', 'Mevsiminde']","['ekonomik', 'çay saati']",['Çay Saati'],['Fırın'],['Vejetaryen'],False,2400,900,2021-03-19T07:30:13Z,4.0,810627,4819,False,False,True,0,,0,,,,2020/01/limonlu-kek-tarifi-yeni-one-cikan.jpg,0,0,https://cdn.yemek.com/mnresize/940/940/uploads/2020/01/limonlu-kek-tarifi-yeni-one-cikan.jpg,940,940,False,https://cdn.yemek.com/mncrop/300/200/uploads/2020/01/limonlu-kek-tarifi-yeni-one-cikan.jpg,300,200,True,https://cdn.yemek.com/mncrop/940/625/uploads/2020/01/limonlu-kek-tarifi-yeni-one-cikan.jpg,940,625,True,https://cdn.yemek.com/mncrop/620/388/uploads/2020/01/limonlu-kek-tarifi-yeni-one-cikan.jpg,620,388,True,https://cdn.yemek.com/mncrop/600/315/uploads/2020/01/limonlu-kek-tarifi-yeni-one-cikan.jpg,600,315,True,['fırın'],,"['Ocak', 'Eylül']",,,
912,185,Cemre Özgüzel,https://cdn.yemek.com/author/109/20200211010242_avatar.jpg,/profil/cemre-ozguzel/,Sandığınızdan da Kolay: Köstebek Pasta,Köstebek Pasta,/tarif/kostebek-pasta/,40 dk,40 dk,"<p><a href=""https://yemek.com/tarif/mini-kostebek-pasta/"" target=""_blank"">Köstebek pasta</a> <a href=""https://yemek.com/tarif/"" target=""_blank"">tarif</a>i biraz zaman alan, yaratıcı ve gösterişli pasta tariflerinden biridir. Yapılışı zor şeklinde rivayetler olsa da aslında çok basittir. Yuvarlak ve kelepçeli bir <a href=""https://yemek.com/tarif/kek/"" target=""_blank"">kek</a> kalıbında, kakaolu kabarık bir kek hazırlanır öncelikle. Kekin orta kısmı bir kaşık yardımıyla çıkartılır, ufalanarak toz haline getirilir. Orta kısımda kalan boşluk uzun ince muz dilimleriyle doldurulur. Önceden hazırlayıp soğuttuğunuz krema ile üzeri kümbet gibi kapatılır. Pastaya toprak görünümü verecek olan kek parçaları üzerine serpiştirilir. Bol meyveli, muzlu bu pasta, çay eşliğinde <a href=""https://yemek.com/tarif/tatli/"" target=""_blank"">tatlı</a> olarak dilim dilim yenilir. Evde hazırlanan en kolay pastalardan biridir.</p>
<p>Misafir oturmasına götürmelik, sevdiklerinizle paylaşmalık köstebek <a href=""https://yemek.com/tarif/pasta-tatli/"" target=""_blank"">pasta tarifi</a> geliyor. Afiyet olsun!</p>
",recipe,"['yumurta', 'toz şeker', 'süt', 'un', 'vanilya', 'kabartma tozu', 'toz krem şanti', 'kakao', 'soğuk süt', 'muz', 'sıvı yağ']","['Geniş bir kabın içerisine yumurtaları alın. Toz şekeri de üzerine ilave edin.', 'Krema kıvamını alana kadar güzelce çırpın.', 'Üzerine ayçiçek yağı ve yarım su bardağı sütü ilave ederek bir süre daha çırpın.', 'Kabartma tozu ve vanilyayı ekleyin. Un ve kakaoyu eleyerek harca ilave edin.', 'Spatula yardımıyla karıştırın.', 'Tereyağı ile yağladığınız yuvarlak fırın kalıbına kek karışımını boşaltın. Önceden ısıtılmış 175 derece fırında 30-35 dakika kadar pişirin.', 'Pastanın şantisini hazırlamak için; toz krem şantiyi bir kabın içine alın ve soğuk sütü ekleyin.', 'Birlikte güzelce çırpın.', 'Pişen keki fırından alın ve ılınması için beklettikten sonra kalıptan çıkartın.', 'Kekin üst kısmını bıçak yardımıyla dikkatli bir şekilde alın.', 'Üzerini düz bir hale getirin. Ardından bıçak yardımıyla çok derine girmeden, 4 parçaya bölün ve parçaları dikkatli bir şekilde çıkarın.', 'İç kısımlarını kaşık yardımıyla kenardan birkaç cm boşluk kalacak şekilde çıkarın.', 'Muzların kabuklarını soyun ve kekin tabanına dikkatli bir şekilde yerleştirin.', 'Ardından üzerini hazırladığınız krem şanti ile kaplayın.', 'Çıkardığınız kek içini rondodan geçirin.', 'Pastanızın üzerini bu keklerle kaplayın.', 'Buzdolabında en az 3 saat kadar dinlendirin ve dilimleyerek servis edin. Afiyet olsun.']",PASTA,239b56,/tarif/pasta-tatli/,"['Tatlı', 'Pasta', 'Video']","['ekonomik', 'çay saati']",['Çay Saati'],['Fırın'],['Ekonomik'],False,2400,2400,2019-05-02T08:36:54Z,4.0,934723,3943,False,True,True,0,,0,,,,2014/06/kostebek-pasta-yemekcom.jpg,0,0,https://cdn.yemek.com/mnresize/940/940/uploads/2014/06/kostebek-pasta-yemekcom.jpg,940,940,False,https://cdn.yemek.com/mncrop/300/200/uploads/2014/06/kostebek-pasta-yemekcom.jpg,300,200,True,https://cdn.yemek.com/mncrop/940/625/uploads/2014/06/kostebek-pasta-yemekcom.jpg,940,625,True,https://cdn.yemek.com/mncrop/620/388/uploads/2014/06/kostebek-pasta-yemekcom.jpg,620,388,True,https://cdn.yemek.com/mncrop/600/315/uploads/2014/06/kostebek-pasta-yemekcom.jpg,600,315,True,['fırın'],,,,,
913,611,Cemre Özgüzel,https://cdn.yemek.com/author/109/20200211010242_avatar.jpg,/profil/cemre-ozguzel/,Kıvamı Hep Tutar: Portakallı Kek,Portakallı Kek,/tarif/portakalli-kek/,35 dk,15 dk,"<p>Kış ayları gelince özellikle, keyfi ve lezzeti bir başka olur <a href=""https://yemek.com/portakalli-pratik-tarifler/"" target=""_blank"" rel=""noopener"">portakallı</a> kekin. Portakal kabuğunun o misler gibi kokan kokusu harca girer, piştikçe kokusu tüm eve yayılır. <a href=""https://yemek.com/tarif/kek/"" target=""_blank"" rel=""noopener"">Kek</a> kokusunun huzuru yüzlerde gülümse oluşturur, yemelere doyum olmaz. <a href=""https://yemek.com/tarif/"" target=""_blank"" rel=""noopener"">Tarif</a>in en zor anı fırından çıkınca dinlenmesini beklemek. <a href=""https://yemek.com/tarif/portakalli-anne-kurabiyesi/"" target=""_blank"" rel=""noopener"">Portakall</a>ı kek yapmanın da bazı önemli püf noktaları var. Bunlara dikkat edilmediği durumlarda kekin kıvamı tam istenilen gibi olmuyor. Gelin bugün ölçüleri sizi hiç yanıltmayan enfes bir <strong>portakallı kek tarifi</strong> hazırlayalım!</p>
<p>Keki hazırlarken portakal kabuklarının beyaz kısımlarına denk getirmeden rendelemeye özen gösterin. İçerisine dilerseniz<strong> ceviz, fındık, badem, damla çikolata </strong>gibi malzemeler de ilave edebilirsiniz. Şimdiden ellerinize sağlık diyor, mis gibi kokan tarifimize buyur ediyoruz. Afiyet olsun!</p>",recipe,"['tereyağı', 'yumurta', 'toz şeker', 'un', 'vanilya', 'kabartma tozu', 'portakal suyu', 'rendelenmiş portakal kabuğu', 'sıvı yağ']","['<p>Portakallı kek için oda sıcaklığındaki yumurtaları şekerle birlikte bir kaba alın.</p>', '<p>Güzelce çırpın.</p>', '<p>Ardından üzerine sıvı yağ ve portakal suyunu da ekleyerek çırpmaya devam edin.</p>', '<p>Un, kabartma tozu ve vanilini eleyerek harca ekleyin.</p>', '<p>Kıvam alana kadar çırpın.</p>', '<p>Yağlanmış kek kalıbına harcı aktarın.</p>', '<p>170 derecede önceden ısıtılmış fırında kontrollü olarak 35- 40 dakika pişirin.</p>', '<p>Oda sıcaklığında soğutun.</p>', '<p>Daha sonra kalıptan çıkarıp dilimleyerek servis edin.</p>', '<p>Afiyet olsun!</p>']",TATLI KEK,239b56,/tarif/tatli-kek/,"['Kek', 'Video', 'Tatlı Kek']",,['Çay Saati'],['Fırın'],,False,2100,900,2021-02-25T05:30:36Z,4.0,905102,4237,False,True,True,0,,0,,,,2021/02/portakalli-kek-tarifi-yemekcom.jpg,0,0,https://cdn.yemek.com/mnresize/940/940/uploads/2021/02/portakalli-kek-tarifi-yemekcom.jpg,940,940,False,https://cdn.yemek.com/mncrop/300/200/uploads/2021/02/portakalli-kek-tarifi-yemekcom.jpg,300,200,True,https://cdn.yemek.com/mncrop/940/625/uploads/2021/02/portakalli-kek-tarifi-yemekcom.jpg,940,625,True,https://cdn.yemek.com/mncrop/620/388/uploads/2021/02/portakalli-kek-tarifi-yemekcom.jpg,620,388,True,https://cdn.yemek.com/mncrop/600/315/uploads/2021/02/portakalli-kek-tarifi-yemekcom.jpg,600,315,True,,,,,,
914,25072,Cemre Özgüzel,https://cdn.yemek.com/author/109/20200211010242_avatar.jpg,/profil/cemre-ozguzel/,Ağızda Dağılan Kıvamıyla: Margarinsiz Kurabiye,Margarinsiz Kurabiye,/tarif/margarinsiz-kurabiye/,15 dk,15 dk,"<p>İçinde margarin ya da tereyağı yok, yumurta yok, kabartma tozu yok... Tüm bu malzemelerin yokluğuna rağmen yumuşacık, kıyır kıyır bir kıvamı, dillere destan bir lezzeti var. Bu kurabiyenin bir özelliğini daha antalım. Çok kısa sürede hazırlanması ve az malzemeli olmasını belirtmeden geçmek olmaz.</p>
<p>Tüm bunlar nasıl oluyor derseniz, her şey sıvı yağ, pudra şekeri ve unun birleşiminden doğuyor. Ağızda dağılıyor oluşunu sıvı yağa, tatlılığını pudra şekerine ve kıvamını una borçlu. Bu malzemelere bir de lezzet vermesi için vanilin ve portakal kabuğu da ekledik ve lezzetini zirveye çıkardık. Dilerseniz onlar olmadan da nefis bir kurabiye hazırlamanız mümkün.</p>
<p>Hemencecik hazırlayıp pişireceğiniz bu kurabiyeyi kavanozların içerisinde uzunca bir süre saklayabilirsiniz üstelik. İçine farklı malzemeler ekleyebileceğiniz gibi sade de hazırlamanız mümkün. Öyleyse buyursunlar tarifimize. <img src=""https://cdn.yemek.com/assets/images/smiley/smile.png"" class=""wp-smiley img-responsive"" /></p>
",recipe,"['un', 'pudra şekeri', 'pudra şekeri', 'vanilin', 'sıvı yağ', 'portakal kabuğu rendesi']","['Derin bir kabın içerisine sıvı yağı aktarın.', 'Üzerine vanilin, pudra şekerini ilave ederek güzelce karıştırın.', 'Ardından bu karışımın içerisine azar azar un ilave ederek yoğurmaya başlayın.', 'Güzelce yoğururken ele yapışma durumu olursa elinizi hafifçe yağlayarak yoğurma işlemine devam edin.', 'Hamurunuz toparladığında elinizi yağlayın. Cevizden biraz büyük toplar koparın ve güzelce yuvarlayın.', 'Pişirme kağıdı serili bir fırın tepsisinin üzerine kurabiyelerinizi dizin.', 'Önceden ısıtılmış 170 derecelik fırında kontrollü bir biçimde 12-15 dakika arası üzeri hafif kızarıp renk değiştirene kadar pişirin.', 'Çıkarıp oda sıcaklığında dinlendirdikten sonra üzerine pudra şekeri serperek servis edin.']",KURABİYE,239b56,/tarif/kurabiye/,"['Kurabiye', 'Tatlı Kurabiye']","['ekonomik', 'ara öğün', 'çay saati']","['Kahvaltı', 'Çay Saati']",['Fırın'],"['Ekonomik', 'Vejetaryen']",False,900,900,2017-11-01T06:51:52Z,4.0,900549,2817,False,False,False,0,,0,,,,2017/10/margarinsiz-kurabiye-tarifi.jpg,0,0,https://cdn.yemek.com/mnresize/940/940/uploads/2017/10/margarinsiz-kurabiye-tarifi.jpg,940,940,False,https://cdn.yemek.com/mncrop/300/200/uploads/2017/10/margarinsiz-kurabiye-tarifi.jpg,300,200,True,https://cdn.yemek.com/mncrop/940/625/uploads/2017/10/margarinsiz-kurabiye-tarifi.jpg,940,625,True,https://cdn.yemek.com/mncrop/620/388/uploads/2017/10/margarinsiz-kurabiye-tarifi.jpg,620,388,True,https://cdn.yemek.com/mncrop/600/315/uploads/2017/10/margarinsiz-kurabiye-tarifi.jpg,600,315,True,['fırın'],,,,,
915,1843,Yasemin Özaltın,https://cdn.yemek.com/author/35533/20181219061403_avatar.jpg,/profil/yasemingursurer/,Pürüzsüz ve Yumuşacık: Patates Püresi,Patates Püresi,/tarif/patates-puresi/,30 dk,15 dk,"<p>Tereyağı ve süt ilavesiyle hazırlanan patates püresi, başlı başına ana yemek olarak servis edilebildiği gibi pek çok <a href=""https://yemek.com/tarif/"" target=""_blank"">yemek tarifinin</a> yanına yakışan kurtarıcı bir garnitür görevi üstlenir. Bu görev bazen öylesine mühim bir hal alır ki patates püresinin köfteden daha çok alkış aldığı, tavuğun sofrada gölgede bıraktığı, babası patatesi gururlandırdığı anlar vardır.</p>
<p>Her ne kadar çok kolay bir tarif gibi gözükse de patates püresi tarifini tam uygulamayan ve pürenin lezzetini bozuk poğaçaya benzetenler de vardır. O yüzden bu püre tarifine kulak verin.</p>
<p>Patates püresinde süt tadından hoşlananlar, bildik püre tariflerinin dışına çıkıyor ve patatesleri sütte haşlıyoruz.</p>
",recipe,"['tereyağı', 'tuz', 'süt', 'orta boy patates', 'karabiber (arzuya göre)']","['Kabukları soyulmuş patateslerinizi tencere alın ve üzerini geçecek kadar su ilave edin.', 'Ardından yumuşayana kadar pişmeye bırakın. Patateslerinizin pişip pişmediğini bir bıçak yardımıyla kontrol edin.', 'Yumuşayan patateslerinizin suyunu süzdürün. Üzerine tereyağı ilave ederek güzelce ezin.', 'Ardından tuz, karabiber ve sütü ekleyerek güzelce, pürüzsüz bir kıvam alana kadar ezmeye devam edin.', 'Patates püreniz hazır! Afiyet olsun.']",SEBZE,239b56,/tarif/sebze/,"['Sebze', 'Atıştırmalık', 'Video', 'Tuzlu Atıştırmalık', 'Mevsiminde']","['pratik yemek tarifleri', 'ekonomik', 'başlangıç']",['Başlangıç'],['Tencere'],['Ekonomik'],False,1800,900,2015-03-13T14:59:39Z,4.0,882052,5342,False,True,True,0,,0,,,,2015/03/patates-puresi-yemekcom.jpg,0,0,https://cdn.yemek.com/mnresize/940/940/uploads/2015/03/patates-puresi-yemekcom.jpg,940,940,False,https://cdn.yemek.com/mncrop/300/200/uploads/2015/03/patates-puresi-yemekcom.jpg,300,200,True,https://cdn.yemek.com/mncrop/940/625/uploads/2015/03/patates-puresi-yemekcom.jpg,940,625,True,https://cdn.yemek.com/mncrop/620/388/uploads/2015/03/patates-puresi-yemekcom.jpg,620,388,True,https://cdn.yemek.com/mncrop/600/315/uploads/2015/03/patates-puresi-yemekcom.jpg,600,315,True,"['tencere', 'vejetaryen', 'glutensiz', 'düşük karbonhidratlı']",,"['Haziran', 'Temmuz', 'Ağustos', 'Eylül']",,,
916,24008,Neşe Ümit Tan,https://cdn.yemek.com/author/208653/20190910030615_avatar.jpg,/profil/neseumit/,Terbiyesi Kesilmez: Pirinçli Yoğurt Çorbası,Pirinçli Yoğurt Çorbası,/tarif/pirincli-yogurt-corbasi/,25 dk,10 dk,"<p>Mevsim farketmeden afiyetle içilecek bir <a href=""https://yemek.com/tarif/corba/"" target=""_blank"">çorba</a> varsa o da tartışmasız pirinçli yoğurt çorbasıdır. <a href=""https://yemek.com/tarif/"" target=""_blank"">Yemek tarifleri</a> arasında özel bir yeri olan bu çorba o her daim tüketilecek kadar güzel lezzetini yoğurda borçlu. Üstelik hazırlaması da öyle pratik ki! Terbiyesi kesilmeyen, tadı damağınızda kalacak bu nefis lezzeti hazırlamak isteyenler için adım adım resimli anlatımla tarifimizi sizler için hazırladık.</p>
<p><a href=""https://yemek.com/tarif/yayla-corbasi/"" target=""_blank"">Yayla çorbasına</a> benzerliğiyle dikkat çeken, <a href=""https://yemek.com/yogurtlu-corba-tarifleri/"" target=""_blank"">yoğurtlu çorbaların </a>en güzellerinden pirinçli yoğurt çorbasını hazırlarken dikkat etmeniz gereken nokta terbiyesinin kesilmemesi için ısınan suyla ılıtmak ve tencereye eklerken muhakkak karıştırarak ve yavaş yavaş eklemek. Haydi bu nefis yoğurt çorbasını denemek isteyenler, hemen mutfağa!</p>
",recipe,"['pirinç', 'tereyağı', 'tuz', 'yumurta', 'un', 'su', 'yoğurt', 'kuru nane']","['Orta boy bir tencerenin içerisine suyu dökün. İçine pirinçleri ekleyin. Kısık ateşte pirinçler yumuşayana kadar pişirin.', 'Bir kabın içerisine\xa0yoğurt, yumurta ve unu aktarın.', 'Güzelce çırpın ve içerisinde unun topaklanmamasına özen gösterin.', 'Ocağın üzerinde pişen pirinçlerin suyundan bir kepçe alıp güzelce yoğurtlu karışıma yedirin. Ardından bu işlemi birkaç kepçe daha ilave ederek gerçekleştirin.', 'Ocakta pişmekte olan pirinçlerin üzerine yoğurtlu karışımı çok dikkatli bir şekilde, incecik bir ip halinde dökerek bir yandandan da karıştırın.', 'Bu şekilde tüm yoğurdu ilave ettikten sonra kaynayana kadar güzelce karıştırın. Kuru naneyi ve tuzunu da ilave edin.', 'Birkaç dakika daha ocakta pişirmeye devam edin. Bu aşamada kıvamı çok yoğunlaşırsa su ilave edebilirsiniz.', 'Ayrı bir tavanın içerisinde tereyağını eritin ve üzerine kuru naneyi ekleyerek hafifçe yakın. Servis etmeden önce çorbanızın üzerine gezdirin.', 'Ardından çorbanızı servis edin. Afiyetler olsun!']",ÇORBA,,/tarif/corba/,"['Çorba', 'Ramazan']","['pratik yemek tarifleri', 'ekonomik', 'başlangıç', 'akşam yemeği', 'öğle yemeği']","['Başlangıç', 'Öğle Yemeği', 'Akşam Yemeği']",['Tencere'],"['Ekonomik', 'Vejetaryen']",False,1500,600,2020-02-13T07:44:25Z,4.0,875331,5036,False,False,True,0,,0,,,,2019/05/pirincli-yogurt-corbasi-yeni.jpg,0,0,https://cdn.yemek.com/mnresize/940/940/uploads/2019/05/pirincli-yogurt-corbasi-yeni.jpg,940,940,False,https://cdn.yemek.com/mncrop/300/200/uploads/2019/05/pirincli-yogurt-corbasi-yeni.jpg,300,200,True,https://cdn.yemek.com/mncrop/940/625/uploads/2019/05/pirincli-yogurt-corbasi-yeni.jpg,940,625,True,https://cdn.yemek.com/mncrop/620/388/uploads/2019/05/pirincli-yogurt-corbasi-yeni.jpg,620,388,True,https://cdn.yemek.com/mncrop/600/315/uploads/2019/05/pirincli-yogurt-corbasi-yeni.jpg,600,315,True,"['tencere', 'vejetaryen']",greenLight,,,,
917,434,Cemre Özgüzel,https://cdn.yemek.com/author/109/20200211010242_avatar.jpg,/profil/cemre-ozguzel/,Çıtırlığını Uzun Süre Korur: Lokma Tatlısı,Lokma Tatlısı,/tarif/lokma-tatlisi/,20 dk,40 dk,"<p><a href=""https://yemek.com/tarif/serbetli-tatlilar/"" target=""_blank"">Şerbetli tatlı tariflerinin</a> en sevilenlerinden, özellikle İzmir ve çevresi başta olmak üzere Ege'de birçok sokakta mis gibi kokusuyla sizi karşılayan lokma tatlısı aslında evde de çok kolay bir şekilde hazırlanır!</p>
<p>Her evde bulunan malzemelerle yapılan lokma hamuru mis gibi kızartılır, tam kıvamında şerbetiyle buluştuğunda lezzeti devleşir. Porsiyonlaması ve ikramı kolay, sokak satıcısı ve yazlıkların gözde tatlısı lokma, şerbeti ile buluştuktan sonraysa ağızda öyle nefis bir tat bırakır ki bir yiyen bir daha ister.</p>
<p>Sözün kısası evde, ellerinizle hazırlayabileceğiniz en pratik şerbetli tatlılardan olan bu nefis <strong>gerçek lokma</strong> <a href=""https://yemek.com/tarif/tatli/"" target=""_blank"">tatlı</a>sı tarifini mutlaka deneyin.</p>
<p>Tabii yerken de ölçüyü kaçırmayın diyelim ve hemen <a href=""https://yemek.com/tarif/"" target=""_blank"">tarif</a>e geçelim. Şimdiden ellerinize sağlık. <img src=""https://cdn.yemek.com/assets/images/smiley/smile.png"" class=""wp-smiley img-responsive"" /></p>
",recipe,"['limon suyu', 'toz şeker', 'toz şeker', 'ayçiçek yağı', 'un', 'su', 'ılık su', 'kuru maya']","['Lokma tatlısı için 3,5 su bardağı unu geniş bir kabın içine alın ve ortasını havuz şeklinde açın. 1 paket kuru maya, 1 yemek kaşığı toz şeker ilave edin.', '2 su bardağı ılık suyu ilave ederek yoğurmaya başlayın. Ele yapışan ve cıvık bir hamur elde edin.', 'Hamurunuzun üzerini kapatın, oda sıcaklığında 1 saat mayalandırın.', 'Hamur mayalanırken şerbetini hazırlayın. Tencerenin içerisine 2 su bardağı toz şeker ve 1,5 su bardağı suyu aktarın. Şeker eriyince limon suyunu ilave edin. Hafif kaynayınca ocaktan alın ve soğumaya bırakın.', 'Mayalanan hamuru sıkma torbasına aktarın.', 'Yağlanmış mutfak makası yardımıyla hamurunuzdan küçük toplar kesin. Kızgın yağın içerisinde kızartın.', 'Kızan lokmaları kevgir yardımıyla alın ve soğuk şerbetin içerisine atın. 10 saniye kadar şerbetin içerisinde tutun.', 'Üzerine tarçın serperek nefis lokmalarınızı servis edebilirsiniz. Afiyet olsun.']",ŞERBETLİ TATLI,239b56,/tarif/serbetli-tatlilar/,"['Tatlı', 'Şerbetli Tatlı', 'Ramazan', 'Video']","['ekonomik', 'ara öğün']",['Çay Saati'],['Kızartma'],['Ekonomik'],False,1200,2400,2019-03-18T13:30:38Z,4.0,859996,2472,False,True,True,0,,0,,,,2014/08/lokma-yemekcom.jpg,0,0,https://cdn.yemek.com/mnresize/940/940/uploads/2014/08/lokma-yemekcom.jpg,940,940,False,https://cdn.yemek.com/mncrop/300/200/uploads/2014/08/lokma-yemekcom.jpg,300,200,True,https://cdn.yemek.com/mncrop/940/625/uploads/2014/08/lokma-yemekcom.jpg,940,625,True,https://cdn.yemek.com/mncrop/620/388/uploads/2014/08/lokma-yemekcom.jpg,620,388,True,https://cdn.yemek.com/mncrop/600/315/uploads/2014/08/lokma-yemekcom.jpg,600,315,True,"['vejetaryen', 'kızartma']",,,,,
918,10116,Neşe Ümit Tan,https://cdn.yemek.com/author/208653/20190910030615_avatar.jpg,/profil/neseumit/,İçi Yumuşak: Kakaolu Çatlak Kurabiye,Kakaolu Çatlak Kurabiye,/tarif/kakaolu-catlak-kurabiye/,8 dk,15 dk,"<p>Fırından nefis bir davetiye çıktı. Bu davetiye size mis kokulu keyif anlarına konuk olmanız için gönderildi. Göndereni ise <strong>kakaolu çatlak kurabiye</strong>! Görüntüsüyle dahi içimizi açan <a href=""https://yemek.com/tarif/kurabiye/"" target=""_blank"" rel=""noopener"">kurabiye</a>, yapımıyla da pek bir keyifli. Buzdolabımızda her daim bulunan malzemelerle hemencecik hazırlanıyor. İçine tereyağı yerine sıvı yağ giriyor, daha bir hafifliyor.</p>
<p>Gönderdiği davetiyeyi geri çevirmek olmaz. Biz de kendisini çayımızın yanına, kahvemizin baş ucuna, sütümüzün dibinde ağırlamak istiyoruz. Bu yüzden çıkardık malzemelerimizi, kaplarımızı. <a href=""https://yemek.com/tarif/"" target=""_blank"" rel=""noopener"">Tarif</a>imizi de tüm ayrıntılarına kadar anlattık. Aman dikkat! Minik püf noktalarını es geçmeyin.</p>",recipe,"['yumurta', 'toz şeker', 'sıvı yağ', 'kakao', 'vanilin', 'kabartma tozu', 'un', 'pudra şekeri']","['<p>Orta boy bir kabın içerisinde yumurta ve şekeri mikser ya da çırpma teli yardımıyla çırpın.</p>', '<p>Şekerler eriyip, karışımın rengi kırık beyaz hale geldiğinde sıvı yağ ekleyerek biraz daha çırpın.</p>', '<p>Üzerine kakao, kabartma tozu ve vanilini eleyin.</p>', '<p>Son olarak unu eleyin.\xa0Bir spatula yardımıyla malzemeler birleşinceye dek karıştırın. Hamurun kıvamı kurabiye hamuruna göre cıvık olacak ve daha çok brownie hamuruna benzeyecektir. Dilediğiniz kıvama gelen hamuru streç filme sararak en az 2 saat buzdolabında dinlenmeye bırakın.</p>', '<p>Dinlenen kurabiye hamurunuzu çıkarın. Hamurunuzdan ceviz büyüklüğünde toplar koparak minik toplar halinde şekil verin.</p>', '<p>Şekil verdiğiniz kurabiyeleri pudra şekeri ile kaplayın. Pudra şekeri ile kaplamış çatlak kurabiyelerinizi yağlı kağıt serdiğiniz tepsiye yerleştirin. Önceden ısıtılmış 180 derecelik fırında kontrollü bir şekilde yaklaşık\xa08-10 dakika pişirin.</p>', '<p>Pudra şekeri ile kaplamış çatlak kurabiyelerinizi yağlı kağıt serdiğiniz tepsiye yerleştirin.</p>', '<p>Önceden ısıtılmış 180 derecelik fırında kontrollü bir şekilde yaklaşık\xa08-10 dakika pişirin.</p>', '<p>Fırından çıkardıktan sonra\xa015-20 dakika kadar oda sıcaklığında dinlendirdikten sonra servis edin.</p>', '<p>Kakaolu çatlak kurabiyeleriniz hazır.</p>', '<p>Afiyet olsun!</p>']",TATLI KURABİYE,239b56,/tarif/tatli-kurabiyeler/,"['Kurabiye', 'Video', 'Tatlı Kurabiye']",,['Çay Saati'],['Fırın'],['Ekonomik'],False,480,900,2016-11-07T07:15:24Z,4.0,853260,6544,False,True,True,0,,0,,,,2016/11/kakaolu-catlak-kurabiye-yemekcom.jpg,0,0,https://cdn.yemek.com/mnresize/940/940/uploads/2016/11/kakaolu-catlak-kurabiye-yemekcom.jpg,940,940,False,https://cdn.yemek.com/mncrop/300/200/uploads/2016/11/kakaolu-catlak-kurabiye-yemekcom.jpg,300,200,True,https://cdn.yemek.com/mncrop/940/625/uploads/2016/11/kakaolu-catlak-kurabiye-yemekcom.jpg,940,625,True,https://cdn.yemek.com/mncrop/620/388/uploads/2016/11/kakaolu-catlak-kurabiye-yemekcom.jpg,620,388,True,https://cdn.yemek.com/mncrop/600/315/uploads/2016/11/kakaolu-catlak-kurabiye-yemekcom.jpg,600,315,True,,,,,,
919,2914,Yasemin Özaltın,https://cdn.yemek.com/author/35533/20181219061403_avatar.jpg,/profil/yasemingursurer/,Zeytinyağlıların En Şekeri: Taze Fasulye,Taze Fasulye,/tarif/taze-fasulye/,25 dk,20 dk,"<p>Tek tek kılçıkları ayıklanan, <a href=""https://yemek.com/tarif/zeytinyaglilar"" target=""_blank"">zeytinyağlı</a> tariflerin en makbulü, <a href=""https://yemek.com/tarif/"" target=""_blank"">yemek tariflerinin</a> en zarifi zeytinyağlı taze fasulye. Yerine göre jülyen şeklinde doğranan yeşil fasulyeleri, uç kısımlarını aldıktan sonra ortadan ikiye böldük. Sulu domates, kuru soğan ve sarımsak ilavesiyle tadına tat kattık.</p>
<p>Naneli <a href=""https://yemek.com/tarif/cacik/"" target=""_blank"">cacık</a>la güzel, her dem yenir zeytinyağlı taze fasulye. Videolu ve adım adım resimli yapılış aşamalarıyla şimdi karşınızda!</p>
<p>Ayrıca bunu seven bunu da sevdi: <a href=""https://yemek.com/tarif/kiymali-taze-fasulye/"" target=""_blank"">Kıymalı taze fasulye tarifi</a>!</p>
",recipe,"['sıcak su', 'tuz', 'toz şeker', 'sarımsak', 'zeytinyağı', 'büyük boy kuru soğan', 'taze fasulye', 'orta boy domates (etli ve sulu)']","['Kuru soğanları küçük küpler halinde kesin. Sarımsakları ince ince dilimleyin. Domatesleri rendeleyin. Fasulyeleri de ayıklayarak bir köşeye alın.5 yemek kaşığı zeytinyağını bir tencerede kızdırın.', 'Doğradığınız 1 adet büyük boy kuru soğan ve 2 diş doğranmış sarımsakları hafif bir renk alana kadar kavurun.', '600 gram doğranmış taze fasulyeyi de ekleyerek kavurma işlemini sürdürün.', '2 çay kaşığı tuz, 1 tatlı kaşığı toz şeker, 3 adet rendelenmiş domates ve 1 su bardağı sıcak suyu da ekledikten sonra güzelce karıştırın.', 'Kapağını kapatıp fasulyeler yumuşayana kadar kısık ateşte pişirmeye bırakın.', 'Arzuya göre ılık, fakat daha da lezzetli olması için soğuk olarak servis edin. Afiyet olsun!']",ZEYTİNYAĞLI,239b56,/tarif/zeytinyaglilar/,"['Sebze', 'Zeytinyağlı', 'Video', 'Mevsiminde']",,"['Öğle Yemeği', 'Akşam Yemeği']","['Tencere', 'Ocak']",,False,1500,1200,2019-05-15T06:39:55Z,4.0,841532,5174,False,True,True,0,,0,,,,2015/07/taze-fasulye-yemekcom.jpg,0,0,https://cdn.yemek.com/mnresize/940/940/uploads/2015/07/taze-fasulye-yemekcom.jpg,940,940,False,https://cdn.yemek.com/mncrop/300/200/uploads/2015/07/taze-fasulye-yemekcom.jpg,300,200,True,https://cdn.yemek.com/mncrop/940/625/uploads/2015/07/taze-fasulye-yemekcom.jpg,940,625,True,https://cdn.yemek.com/mncrop/620/388/uploads/2015/07/taze-fasulye-yemekcom.jpg,620,388,True,https://cdn.yemek.com/mncrop/600/315/uploads/2015/07/taze-fasulye-yemekcom.jpg,600,315,True,,,"['Nisan', 'Mayıs', 'Haziran', 'Temmuz']",,,
920,2602,Yasemin Özaltın,https://cdn.yemek.com/author/35533/20181219061403_avatar.jpg,/profil/yasemingursurer/,Kusursuz Kıvamda: Omlet,Omlet,/tarif/omlet/,3 dk,5 dk,"<p><a href=""https://yemek.com/tarif/kahvaltiliklar/"" target=""_blank"">Kahvaltıların</a> tadı tuzudur iyi yapılmış bir omlet. İçinde yer alan malzemeler değişiklik gösterse de kabarık bir <a href=""https://yemek.com/omlet-tarifleri/"" target=""_blank"">omlet tarifi</a> hazırlamak için 3 ya da 4 yumurtanız varsa o iş tamamdır! <img src=""https://cdn.yemek.com/assets/images/smiley/smile.png"" class=""wp-smiley img-responsive"" /> Arzuya göre 1 ya da 2 yumurta ile de tereyağı ve zeytinyağı oranını azaltarak <strong>sade omlet</strong> yapılabilir elbette. <strong>İyice çırpılan yumurtalar</strong> tavaya alınır ve kısa sürede pişirilir. Ne sulu ne de çok katı olmalıdır.</p>
<p>Sonrasında gelsin demli bir bardak çay ve kızarmış ekmekler. Haydi mutfağa, kusursuz kıvamda leziz mi leziz <strong>omlet tarifi</strong> yapıyoruz. Afiyetler olsun!</p>
",recipe,"['tereyağı', 'tuz', 'yumurta', 'zeytinyağı', 'taze çekilmiş tane karabiber']","['Omlet için derin bir karıştırma kasesinde 4 adet yumurtayı bir kasenin içerisine alın.', 'Yarım çay kaşığı tuz ve biberi birleştirin. Bir çırpıcı yardımıyla alttan üste doğru hava kabarcıkları oluşana kadar güzelce çırpın.', ""Tavanızı ısıtın ve 1'er yemek kaşığı tereyağı ve zeytinyağını kızdırın."", 'Ardından yumurta karışımını tavaya dökün. Ocağınızın altını kısın ve alt kısmı kızarana adar pişirin.', 'Omletin alt kısmı kızarıp, üst kısmı hafif sulu kaldığında tavanızı önce doğru eğip omleti ikiye katlayın.', '1-2 dakika daha bu şekilde pişirip ocaktan alın.', 'Soğumadan omleti kahvaltılıklarla servis edin. Afiyet olsun!']",KAHVALTILIK,239b56,/tarif/kahvaltiliklar/,"['Kahvaltılık', 'Video']",['kahvaltı'],['Kahvaltı'],['Tava'],['Bol Proteinli'],False,180,300,2022-08-24T11:20:10Z,4.0,828088,1909,False,True,True,0,,0,,,,2015/05/omlet-yemekcom.jpg,0,0,https://cdn.yemek.com/mnresize/940/940/uploads/2015/05/omlet-yemekcom.jpg,940,940,False,https://cdn.yemek.com/mncrop/300/200/uploads/2015/05/omlet-yemekcom.jpg,300,200,True,https://cdn.yemek.com/mncrop/940/625/uploads/2015/05/omlet-yemekcom.jpg,940,625,True,https://cdn.yemek.com/mncrop/620/388/uploads/2015/05/omlet-yemekcom.jpg,620,388,True,https://cdn.yemek.com/mncrop/600/315/uploads/2015/05/omlet-yemekcom.jpg,600,315,True,"['bol proteinli', 'glutensiz', 'düşük kalorili']",,,,,
921,8439,ipeksare,https://cdn.yemek.com/author/262494/20200820091315_avatar.jpg,/profil/ipeksare/,Evde Taş Fırın Lezzetinde: Lahmacun,Lahmacun,/tarif/lahmacun/,30 dk,25 dk,"<p>Lahmacun, yemesi en keyifli, en çok sevdiğimiz <a href=""https://yemek.com/tarif"" target=""_blank"">yemek tariflerinin</a> başında geliyor. Ancak onu evde tıpkı dışarıda yediklerimiz kadar nefis bir şekilde hazırlamak da mümkün. Yanına bolca <a href=""https://yemek.com/tarif/sumakli-sogan-salatasi/"" target=""_blank"">sumaklı soğan</a>la servis etmelik nefis bir lahmacun yapalım hadi gelin. İhtiyacınız olan malzemeleri bir bir anlatıyoruz. <img src=""https://cdn.yemek.com/assets/images/smiley/smile.png"" class=""wp-smiley img-responsive"" /></p>
<p>Böylesine lezzetli, doyurucu bu lezzeti bu sefer evde yapmak için sıvadık kollarımızı. Hamurunu sevgi ile mayalandırdık ve işte karşınızda en güzel ve en kolay haliyle ev yapımı gerçek lahmacun <a href=""https://yemek.com/tarif/"" target=""_blank"">tarifi</a>! Bu tarifle keyifli hafta sonu sofralarınıza geleneksel bir dokunuş yapabilir, çıtır çıtır lahmacun hamurunun sesini evinizden eksik etmeyebilirsiniz. Bizden söylemesi...</p>
",recipe,"['biber salçası', 'tuz', 'tuz', 'pul biber', 'toz şeker', 'un', 'maydanoz', 'su', 'su', 'domates salçası', 'domates', 'yeşil biber', 'kırmızı biber', 'toz kırmızı biber', 'soğan', 'sıvı yağ', 'yağlı dana kıyma']","['Mutfak robotuna kırmızı biberleri, yeşil biberleri, soğanları ve domatesleri ilave edin.', 'Tamamen püre haline gelmeyecek şekilde çekin.', 'Maydanozları da ekleyin ve 10 saniye kadar daha çekin.', 'Domates salçası, biber salçası, sıvı yağ ve suyu ekleyin. Son olarak kıymayı ekleyerek güzelce yoğurun.Lahmacunun lezzetli olması için harcınızın cıvık bir kıvamda olması gerekir. Yeteri kadar cıvık bir kıvamda değilse, biraz su ekleyebilirsiniz.', 'Hazırladığınız harcı vaktiniz varsa bir süre buzdolabında dinlendirin.', 'Harcınız dinlenirken, hamurunuzu yapmaya başlayın.\xa0Suyu bir kaba dökün, üzerine tuz ve şekeri ilave ederek güzelce karıştırın. Azar azar da un ilave edin. Orta sertliğe ulaşana dek yoğurun.', 'Hamuru bir silindir haline getirip eşit parçalara bölün. Aynı büyüklükte lahmacunlar yapabilmek için hamurlarınızın ağırlığı da eşit olmalıdır. Bezeleri bir süre dinlenmeye bırakın.', 'Hazırladığınız bezeleri yemek tabağı büyüklüğünde açın. Mümkün olduğu kadar ince açmanız önemlidir. Bu sırada fırınınızı 250 derece fanlı ve alt-üst açık olacak şekilde açın. Güzelce ısıtın.', 'Açtığınız hamurların üzerine kıymalı harcı yayın. Fırının tabanına yağlı kağıt ile birlikte yerleştirin ve 7-10 dakika altı kızarana kadar pişirin.', 'Sumaklı soğan, maydanoz ve bol limonla servis edin.', 'Afiyet olsun!']",PİDE,239b56,/tarif/pide/,"['Hamur İşi', 'Pide', 'Video']","['pratik yemek tarifleri', 'ekonomik', 'başlangıç', 'ara öğün', 'akşam yemeği', 'öğle yemeği']","['Başlangıç', 'Öğle Yemeği', 'Akşam Yemeği']",['Fırın'],,False,1800,1500,2020-04-13T07:46:32Z,4.0,828058,5659,False,True,True,0,,0,,,,2020/04/lahmacun-yemekcom-1.jpg,0,0,https://cdn.yemek.com/mnresize/940/940/uploads/2020/04/lahmacun-yemekcom-1.jpg,940,940,False,https://cdn.yemek.com/mncrop/300/200/uploads/2020/04/lahmacun-yemekcom-1.jpg,300,200,True,https://cdn.yemek.com/mncrop/940/625/uploads/2020/04/lahmacun-yemekcom-1.jpg,940,625,True,https://cdn.yemek.com/mncrop/620/388/uploads/2020/04/lahmacun-yemekcom-1.jpg,620,388,True,https://cdn.yemek.com/mncrop/600/315/uploads/2020/04/lahmacun-yemekcom-1.jpg,600,315,True,['fırın'],,,,,
922,78,Neşe Ümit Tan,https://cdn.yemek.com/author/208653/20190910030615_avatar.jpg,/profil/neseumit/,"Kokusu Mis, Dokusu Nefis: Limonlu Kek",Limonlu Kek,/tarif/limonlu-kek/,40 dk,15 dk,"<p>Limonlu kek kendine has aroması, buram buram mutfağı dolduran misler gibi kokusuyla en çok tercih edilen <a href=""https://yemek.com/tarif/kek/"" target=""_blank"">pratik kek tariflerinden</a> birisi. 10 dakikada fırına vermeye hazır kek harcıyla çat kapı gelen misafirleriniz için paha biçilemez <a href=""https://yemek.com/tarif/tatli-kek/"" target=""_blank"">tatlı kek tariflerinden</a> birisi olan limonlu kek, herkesin severek yiyeceği puf puf kabaran yumuş yumuş bir kek.</p>
<p>Büyükten küçüğe herkesin severek yiyeceği, hafif lezzetine ve yumuşaklığına bayılacağı bir <a href=""https://yemek.com/tarif/tatli/"" target=""_blank"">tatlı</a> kek tarifi bu. Deneyenlerin sizden tarifini isteyeceğinize eminiz! Fırınlar ısıtılsın, kek kalıpları meydana çıksın, bugün mutfakta limonlu kek pişecek! Şimdiden afiyetler olsun!</p>
",recipe,"['tereyağı', 'limon suyu', 'yumurta', 'toz şeker', 'rendelenmiş limon kabuğu', 'ayçiçek yağı', 'süt', 'un', 'kabartma tozu', 'vanilin']","['Yumurta ve toz şekeri, bir çırpıcı yardımıyla krema halini alana kadar çırpın.', 'Sırasıyla; süt, ayçiçek yağı ve limon suyunu ilave edip, 2 dakika daha çırpın.', 'Elenmiş un, kabartma tozu, vanilya ve rendelenmiş limon kabuğunu ekledikten sonra karıştırın.', 'Yağladığınız kek kalıbına harcı boşaltın ve eşit oranda kabarması için üzerini bir spatula yardımıyla düzeltin.Hazırladığınız limonlu keki, önceden ısıtılmış 170 derece fırında 40 dakika pişirin.', 'İçini çekmesi için keki dinlendirdikten sonra kalıbından çıkartın ve dilimleyerek servis edin. Sevdiklerinizle paylaşın.']",TATLI KEK,239b56,/tarif/tatli-kek/,"['Kek', 'Tatlı Kek', 'Mevsiminde']","['ekonomik', 'çay saati']",['Çay Saati'],['Fırın'],['Vejetaryen'],False,2400,900,2021-03-19T07:30:13Z,4.0,810627,4819,False,False,True,0,,0,,,,2020/01/limonlu-kek-tarifi-yeni-one-cikan.jpg,0,0,https://cdn.yemek.com/mnresize/940/940/uploads/2020/01/limonlu-kek-tarifi-yeni-one-cikan.jpg,940,940,False,https://cdn.yemek.com/mncrop/300/200/uploads/2020/01/limonlu-kek-tarifi-yeni-one-cikan.jpg,300,200,True,https://cdn.yemek.com/mncrop/940/625/uploads/2020/01/limonlu-kek-tarifi-yeni-one-cikan.jpg,940,625,True,https://cdn.yemek.com/mncrop/620/388/uploads/2020/01/limonlu-kek-tarifi-yeni-one-cikan.jpg,620,388,True,https://cdn.yemek.com/mncrop/600/315/uploads/2020/01/limonlu-kek-tarifi-yeni-one-cikan.jpg,600,315,True,['fırın'],,"['Ocak', 'Eylül']",,,
923,130,Yasemin Özaltın,https://cdn.yemek.com/author/35533/20181219061403_avatar.jpg,/profil/yasemingursurer/,Dakikalar İçinde Sofrada: Mantarlı Tavuk Sote,Mantarlı Tavuk Sote,/tarif/mantarli-tavuk-sote/,20 dk,10 dk,"<p>Pratik ama bir o kadar da doyurucu, besleyici ve lezzetli bir <a href=""https://yemek.com/tarif/"" target=""_blank"">yemek tarifi</a> yapmak isteyenleri böyle alabilir miyiz? Sizin için nefis bir önerimiz var.</p>
<p>Mantar sote bu sefer <a href=""https://yemek.com/tarif/tavuk/"" target=""_blank"">tavuk</a>la buluşuyor ve besin değerini arttırıyor. <strong>Kısa sürede hazırlayabileceğiniz bu pratik tarifi</strong> <a href=""https://yemek.com/tarif/bulgur-pilavi/"" target=""_blank"">bulgur pilavı</a> ya da yeşil <a href=""https://yemek.com/tarif/salata/"" target=""_blank"">salata</a> ile tamamlayarak doyurucu bir öğün oluşturabilirsiniz. Tavuklu mantar sote için buyurun mutfağa!</p>
",recipe,"['tuz', 'kültür mantarı', 'zeytinyağı', 'kuşbaşı tavuk göğsü', 'domates', 'yeşil biber', 'taze çekilmiş renkli tane karabiber', 'kekik', 'kapya biber']","['3 yemek kaşığı zeytinyağını tavada kızdırın. 600 gram kuşbaşı doğranmış tavuk göğüslerini, suyunu salmaması için yüksek ateşte soteleyin.', 'Ardından 2 adet doğranmış yeşil ve kırmızı biberleri ekleyip sotelemeye devam edin.', '300 gram doğranmış mantarı da ekleyip, suyunu salıp çekene kadar, soteleme işlemini 10 dakika kadar sürdürün.', 'Son olarak; 1 adet kabukları soyulup doğranmış domates, 1 çay kaşığı tuz, 1 çay kaşığı çekilmiş tane karabiber ve 1 tatlı kaşığı kekiği de ekleyin.', '15 dakika kadar pişmeye bırakın.', 'Domatesler suyunu çektiğinde mantarlı tavuk soteniz hazır demektir. Afiyet olsun!']",TAVUK,239b56,/tarif/tavuk/,"['Tavuk', 'Ramazan', 'Video', 'Sulu Yemek']","['pratik yemek tarifleri', 'ekonomik', 'akşam yemeği', 'diyet', 'öğle yemeği']","['Öğle Yemeği', 'Akşam Yemeği']","['Tencere', 'Ocak']",['Bol Proteinli'],False,1200,600,2014-06-16T14:34:43Z,4.0,809161,9062,False,True,True,0,,0,,,,2014/06/mantarli-tavuk-sote-yemekcom.jpg,0,0,https://cdn.yemek.com/mnresize/940/940/uploads/2014/06/mantarli-tavuk-sote-yemekcom.jpg,940,940,False,https://cdn.yemek.com/mncrop/300/200/uploads/2014/06/mantarli-tavuk-sote-yemekcom.jpg,300,200,True,https://cdn.yemek.com/mncrop/940/625/uploads/2014/06/mantarli-tavuk-sote-yemekcom.jpg,940,625,True,https://cdn.yemek.com/mncrop/620/388/uploads/2014/06/mantarli-tavuk-sote-yemekcom.jpg,620,388,True,https://cdn.yemek.com/mncrop/600/315/uploads/2014/06/mantarli-tavuk-sote-yemekcom.jpg,600,315,True,"['tencere', 'bol proteinli', 'düşük kalorili']",,['Eylül'],,,
924,611,Cemre Özgüzel,https://cdn.yemek.com/author/109/20200211010242_avatar.jpg,/profil/cemre-ozguzel/,Kıvamı Hep Tutar: Portakallı Kek,Portakallı Kek,/tarif/portakalli-kek/,35 dk,15 dk,"<p>Kış ayları gelince özellikle, keyfi ve lezzeti bir başka olur <a href=""https://yemek.com/portakalli-pratik-tarifler/"" target=""_blank"" rel=""noopener"">portakallı</a> kekin. Portakal kabuğunun o misler gibi kokan kokusu harca girer, piştikçe kokusu tüm eve yayılır. <a href=""https://yemek.com/tarif/kek/"" target=""_blank"" rel=""noopener"">Kek</a> kokusunun huzuru yüzlerde gülümse oluşturur, yemelere doyum olmaz. <a href=""https://yemek.com/tarif/"" target=""_blank"" rel=""noopener"">Tarif</a>in en zor anı fırından çıkınca dinlenmesini beklemek. <a href=""https://yemek.com/tarif/portakalli-anne-kurabiyesi/"" target=""_blank"" rel=""noopener"">Portakall</a>ı kek yapmanın da bazı önemli püf noktaları var. Bunlara dikkat edilmediği durumlarda kekin kıvamı tam istenilen gibi olmuyor. Gelin bugün ölçüleri sizi hiç yanıltmayan enfes bir <strong>portakallı kek tarifi</strong> hazırlayalım!</p>
<p>Keki hazırlarken portakal kabuklarının beyaz kısımlarına denk getirmeden rendelemeye özen gösterin. İçerisine dilerseniz<strong> ceviz, fındık, badem, damla çikolata </strong>gibi malzemeler de ilave edebilirsiniz. Şimdiden ellerinize sağlık diyor, mis gibi kokan tarifimize buyur ediyoruz. Afiyet olsun!</p>",recipe,"['tereyağı', 'yumurta', 'toz şeker', 'un', 'vanilya', 'kabartma tozu', 'portakal suyu', 'rendelenmiş portakal kabuğu', 'sıvı yağ']","['<p>Portakallı kek için oda sıcaklığındaki yumurtaları şekerle birlikte bir kaba alın.</p>', '<p>Güzelce çırpın.</p>', '<p>Ardından üzerine sıvı yağ ve portakal suyunu da ekleyerek çırpmaya devam edin.</p>', '<p>Un, kabartma tozu ve vanilini eleyerek harca ekleyin.</p>', '<p>Kıvam alana kadar çırpın.</p>', '<p>Yağlanmış kek kalıbına harcı aktarın.</p>', '<p>170 derecede önceden ısıtılmış fırında kontrollü olarak 35- 40 dakika pişirin.</p>', '<p>Oda sıcaklığında soğutun.</p>', '<p>Daha sonra kalıptan çıkarıp dilimleyerek servis edin.</p>', '<p>Afiyet olsun!</p>']",TATLI KEK,239b56,/tarif/tatli-kek/,"['Kek', 'Video', 'Tatlı Kek']",,['Çay Saati'],['Fırın'],,False,2100,900,2021-02-25T05:30:36Z,4.0,905102,4237,False,True,True,0,,0,,,,2021/02/portakalli-kek-tarifi-yemekcom.jpg,0,0,https://cdn.yemek.com/mnresize/940/940/uploads/2021/02/portakalli-kek-tarifi-yemekcom.jpg,940,940,False,https://cdn.yemek.com/mncrop/300/200/uploads/2021/02/portakalli-kek-tarifi-yemekcom.jpg,300,200,True,https://cdn.yemek.com/mncrop/940/625/uploads/2021/02/portakalli-kek-tarifi-yemekcom.jpg,940,625,True,https://cdn.yemek.com/mncrop/620/388/uploads/2021/02/portakalli-kek-tarifi-yemekcom.jpg,620,388,True,https://cdn.yemek.com/mncrop/600/315/uploads/2021/02/portakalli-kek-tarifi-yemekcom.jpg,600,315,True,,,,,,
925,25072,Cemre Özgüzel,https://cdn.yemek.com/author/109/20200211010242_avatar.jpg,/profil/cemre-ozguzel/,Ağızda Dağılan Kıvamıyla: Margarinsiz Kurabiye,Margarinsiz Kurabiye,/tarif/margarinsiz-kurabiye/,15 dk,15 dk,"<p>İçinde margarin ya da tereyağı yok, yumurta yok, kabartma tozu yok... Tüm bu malzemelerin yokluğuna rağmen yumuşacık, kıyır kıyır bir kıvamı, dillere destan bir lezzeti var. Bu kurabiyenin bir özelliğini daha antalım. Çok kısa sürede hazırlanması ve az malzemeli olmasını belirtmeden geçmek olmaz.</p>
<p>Tüm bunlar nasıl oluyor derseniz, her şey sıvı yağ, pudra şekeri ve unun birleşiminden doğuyor. Ağızda dağılıyor oluşunu sıvı yağa, tatlılığını pudra şekerine ve kıvamını una borçlu. Bu malzemelere bir de lezzet vermesi için vanilin ve portakal kabuğu da ekledik ve lezzetini zirveye çıkardık. Dilerseniz onlar olmadan da nefis bir kurabiye hazırlamanız mümkün.</p>
<p>Hemencecik hazırlayıp pişireceğiniz bu kurabiyeyi kavanozların içerisinde uzunca bir süre saklayabilirsiniz üstelik. İçine farklı malzemeler ekleyebileceğiniz gibi sade de hazırlamanız mümkün. Öyleyse buyursunlar tarifimize. <img src=""https://cdn.yemek.com/assets/images/smiley/smile.png"" class=""wp-smiley img-responsive"" /></p>
",recipe,"['un', 'pudra şekeri', 'pudra şekeri', 'vanilin', 'sıvı yağ', 'portakal kabuğu rendesi']","['Derin bir kabın içerisine sıvı yağı aktarın.', 'Üzerine vanilin, pudra şekerini ilave ederek güzelce karıştırın.', 'Ardından bu karışımın içerisine azar azar un ilave ederek yoğurmaya başlayın.', 'Güzelce yoğururken ele yapışma durumu olursa elinizi hafifçe yağlayarak yoğurma işlemine devam edin.', 'Hamurunuz toparladığında elinizi yağlayın. Cevizden biraz büyük toplar koparın ve güzelce yuvarlayın.', 'Pişirme kağıdı serili bir fırın tepsisinin üzerine kurabiyelerinizi dizin.', 'Önceden ısıtılmış 170 derecelik fırında kontrollü bir biçimde 12-15 dakika arası üzeri hafif kızarıp renk değiştirene kadar pişirin.', 'Çıkarıp oda sıcaklığında dinlendirdikten sonra üzerine pudra şekeri serperek servis edin.']",KURABİYE,239b56,/tarif/kurabiye/,"['Kurabiye', 'Tatlı Kurabiye']","['ekonomik', 'ara öğün', 'çay saati']","['Kahvaltı', 'Çay Saati']",['Fırın'],"['Ekonomik', 'Vejetaryen']",False,900,900,2017-11-01T06:51:52Z,4.0,900549,2817,False,False,False,0,,0,,,,2017/10/margarinsiz-kurabiye-tarifi.jpg,0,0,https://cdn.yemek.com/mnresize/940/940/uploads/2017/10/margarinsiz-kurabiye-tarifi.jpg,940,940,False,https://cdn.yemek.com/mncrop/300/200/uploads/2017/10/margarinsiz-kurabiye-tarifi.jpg,300,200,True,https://cdn.yemek.com/mncrop/940/625/uploads/2017/10/margarinsiz-kurabiye-tarifi.jpg,940,625,True,https://cdn.yemek.com/mncrop/620/388/uploads/2017/10/margarinsiz-kurabiye-tarifi.jpg,620,388,True,https://cdn.yemek.com/mncrop/600/315/uploads/2017/10/margarinsiz-kurabiye-tarifi.jpg,600,315,True,['fırın'],,,,,
926,1843,Yasemin Özaltın,https://cdn.yemek.com/author/35533/20181219061403_avatar.jpg,/profil/yasemingursurer/,Pürüzsüz ve Yumuşacık: Patates Püresi,Patates Püresi,/tarif/patates-puresi/,30 dk,15 dk,"<p>Tereyağı ve süt ilavesiyle hazırlanan patates püresi, başlı başına ana yemek olarak servis edilebildiği gibi pek çok <a href=""https://yemek.com/tarif/"" target=""_blank"">yemek tarifinin</a> yanına yakışan kurtarıcı bir garnitür görevi üstlenir. Bu görev bazen öylesine mühim bir hal alır ki patates püresinin köfteden daha çok alkış aldığı, tavuğun sofrada gölgede bıraktığı, babası patatesi gururlandırdığı anlar vardır.</p>
<p>Her ne kadar çok kolay bir tarif gibi gözükse de patates püresi tarifini tam uygulamayan ve pürenin lezzetini bozuk poğaçaya benzetenler de vardır. O yüzden bu püre tarifine kulak verin.</p>
<p>Patates püresinde süt tadından hoşlananlar, bildik püre tariflerinin dışına çıkıyor ve patatesleri sütte haşlıyoruz.</p>
",recipe,"['tereyağı', 'tuz', 'süt', 'orta boy patates', 'karabiber (arzuya göre)']","['Kabukları soyulmuş patateslerinizi tencere alın ve üzerini geçecek kadar su ilave edin.', 'Ardından yumuşayana kadar pişmeye bırakın. Patateslerinizin pişip pişmediğini bir bıçak yardımıyla kontrol edin.', 'Yumuşayan patateslerinizin suyunu süzdürün. Üzerine tereyağı ilave ederek güzelce ezin.', 'Ardından tuz, karabiber ve sütü ekleyerek güzelce, pürüzsüz bir kıvam alana kadar ezmeye devam edin.', 'Patates püreniz hazır! Afiyet olsun.']",SEBZE,239b56,/tarif/sebze/,"['Sebze', 'Atıştırmalık', 'Video', 'Tuzlu Atıştırmalık', 'Mevsiminde']","['pratik yemek tarifleri', 'ekonomik', 'başlangıç']",['Başlangıç'],['Tencere'],['Ekonomik'],False,1800,900,2015-03-13T14:59:39Z,4.0,882052,5342,False,True,True,0,,0,,,,2015/03/patates-puresi-yemekcom.jpg,0,0,https://cdn.yemek.com/mnresize/940/940/uploads/2015/03/patates-puresi-yemekcom.jpg,940,940,False,https://cdn.yemek.com/mncrop/300/200/uploads/2015/03/patates-puresi-yemekcom.jpg,300,200,True,https://cdn.yemek.com/mncrop/940/625/uploads/2015/03/patates-puresi-yemekcom.jpg,940,625,True,https://cdn.yemek.com/mncrop/620/388/uploads/2015/03/patates-puresi-yemekcom.jpg,620,388,True,https://cdn.yemek.com/mncrop/600/315/uploads/2015/03/patates-puresi-yemekcom.jpg,600,315,True,"['tencere', 'vejetaryen', 'glutensiz', 'düşük karbonhidratlı']",,"['Haziran', 'Temmuz', 'Ağustos', 'Eylül']",,,
927,24008,Neşe Ümit Tan,https://cdn.yemek.com/author/208653/20190910030615_avatar.jpg,/profil/neseumit/,Terbiyesi Kesilmez: Pirinçli Yoğurt Çorbası,Pirinçli Yoğurt Çorbası,/tarif/pirincli-yogurt-corbasi/,25 dk,10 dk,"<p>Mevsim farketmeden afiyetle içilecek bir <a href=""https://yemek.com/tarif/corba/"" target=""_blank"">çorba</a> varsa o da tartışmasız pirinçli yoğurt çorbasıdır. <a href=""https://yemek.com/tarif/"" target=""_blank"">Yemek tarifleri</a> arasında özel bir yeri olan bu çorba o her daim tüketilecek kadar güzel lezzetini yoğurda borçlu. Üstelik hazırlaması da öyle pratik ki! Terbiyesi kesilmeyen, tadı damağınızda kalacak bu nefis lezzeti hazırlamak isteyenler için adım adım resimli anlatımla tarifimizi sizler için hazırladık.</p>
<p><a href=""https://yemek.com/tarif/yayla-corbasi/"" target=""_blank"">Yayla çorbasına</a> benzerliğiyle dikkat çeken, <a href=""https://yemek.com/yogurtlu-corba-tarifleri/"" target=""_blank"">yoğurtlu çorbaların </a>en güzellerinden pirinçli yoğurt çorbasını hazırlarken dikkat etmeniz gereken nokta terbiyesinin kesilmemesi için ısınan suyla ılıtmak ve tencereye eklerken muhakkak karıştırarak ve yavaş yavaş eklemek. Haydi bu nefis yoğurt çorbasını denemek isteyenler, hemen mutfağa!</p>
",recipe,"['pirinç', 'tereyağı', 'tuz', 'yumurta', 'un', 'su', 'yoğurt', 'kuru nane']","['Orta boy bir tencerenin içerisine suyu dökün. İçine pirinçleri ekleyin. Kısık ateşte pirinçler yumuşayana kadar pişirin.', 'Bir kabın içerisine\xa0yoğurt, yumurta ve unu aktarın.', 'Güzelce çırpın ve içerisinde unun topaklanmamasına özen gösterin.', 'Ocağın üzerinde pişen pirinçlerin suyundan bir kepçe alıp güzelce yoğurtlu karışıma yedirin. Ardından bu işlemi birkaç kepçe daha ilave ederek gerçekleştirin.', 'Ocakta pişmekte olan pirinçlerin üzerine yoğurtlu karışımı çok dikkatli bir şekilde, incecik bir ip halinde dökerek bir yandandan da karıştırın.', 'Bu şekilde tüm yoğurdu ilave ettikten sonra kaynayana kadar güzelce karıştırın. Kuru naneyi ve tuzunu da ilave edin.', 'Birkaç dakika daha ocakta pişirmeye devam edin. Bu aşamada kıvamı çok yoğunlaşırsa su ilave edebilirsiniz.', 'Ayrı bir tavanın içerisinde tereyağını eritin ve üzerine kuru naneyi ekleyerek hafifçe yakın. Servis etmeden önce çorbanızın üzerine gezdirin.', 'Ardından çorbanızı servis edin. Afiyetler olsun!']",ÇORBA,,/tarif/corba/,"['Çorba', 'Ramazan']","['pratik yemek tarifleri', 'ekonomik', 'başlangıç', 'akşam yemeği', 'öğle yemeği']","['Başlangıç', 'Öğle Yemeği', 'Akşam Yemeği']",['Tencere'],"['Ekonomik', 'Vejetaryen']",False,1500,600,2020-02-13T07:44:25Z,4.0,875331,5036,False,False,True,0,,0,,,,2019/05/pirincli-yogurt-corbasi-yeni.jpg,0,0,https://cdn.yemek.com/mnresize/940/940/uploads/2019/05/pirincli-yogurt-corbasi-yeni.jpg,940,940,False,https://cdn.yemek.com/mncrop/300/200/uploads/2019/05/pirincli-yogurt-corbasi-yeni.jpg,300,200,True,https://cdn.yemek.com/mncrop/940/625/uploads/2019/05/pirincli-yogurt-corbasi-yeni.jpg,940,625,True,https://cdn.yemek.com/mncrop/620/388/uploads/2019/05/pirincli-yogurt-corbasi-yeni.jpg,620,388,True,https://cdn.yemek.com/mncrop/600/315/uploads/2019/05/pirincli-yogurt-corbasi-yeni.jpg,600,315,True,"['tencere', 'vejetaryen']",greenLight,,,,
928,434,Cemre Özgüzel,https://cdn.yemek.com/author/109/20200211010242_avatar.jpg,/profil/cemre-ozguzel/,Çıtırlığını Uzun Süre Korur: Lokma Tatlısı,Lokma Tatlısı,/tarif/lokma-tatlisi/,20 dk,40 dk,"<p><a href=""https://yemek.com/tarif/serbetli-tatlilar/"" target=""_blank"">Şerbetli tatlı tariflerinin</a> en sevilenlerinden, özellikle İzmir ve çevresi başta olmak üzere Ege'de birçok sokakta mis gibi kokusuyla sizi karşılayan lokma tatlısı aslında evde de çok kolay bir şekilde hazırlanır!</p>
<p>Her evde bulunan malzemelerle yapılan lokma hamuru mis gibi kızartılır, tam kıvamında şerbetiyle buluştuğunda lezzeti devleşir. Porsiyonlaması ve ikramı kolay, sokak satıcısı ve yazlıkların gözde tatlısı lokma, şerbeti ile buluştuktan sonraysa ağızda öyle nefis bir tat bırakır ki bir yiyen bir daha ister.</p>
<p>Sözün kısası evde, ellerinizle hazırlayabileceğiniz en pratik şerbetli tatlılardan olan bu nefis <strong>gerçek lokma</strong> <a href=""https://yemek.com/tarif/tatli/"" target=""_blank"">tatlı</a>sı tarifini mutlaka deneyin.</p>
<p>Tabii yerken de ölçüyü kaçırmayın diyelim ve hemen <a href=""https://yemek.com/tarif/"" target=""_blank"">tarif</a>e geçelim. Şimdiden ellerinize sağlık. <img src=""https://cdn.yemek.com/assets/images/smiley/smile.png"" class=""wp-smiley img-responsive"" /></p>
",recipe,"['limon suyu', 'toz şeker', 'toz şeker', 'ayçiçek yağı', 'un', 'su', 'ılık su', 'kuru maya']","['Lokma tatlısı için 3,5 su bardağı unu geniş bir kabın içine alın ve ortasını havuz şeklinde açın. 1 paket kuru maya, 1 yemek kaşığı toz şeker ilave edin.', '2 su bardağı ılık suyu ilave ederek yoğurmaya başlayın. Ele yapışan ve cıvık bir hamur elde edin.', 'Hamurunuzun üzerini kapatın, oda sıcaklığında 1 saat mayalandırın.', 'Hamur mayalanırken şerbetini hazırlayın. Tencerenin içerisine 2 su bardağı toz şeker ve 1,5 su bardağı suyu aktarın. Şeker eriyince limon suyunu ilave edin. Hafif kaynayınca ocaktan alın ve soğumaya bırakın.', 'Mayalanan hamuru sıkma torbasına aktarın.', 'Yağlanmış mutfak makası yardımıyla hamurunuzdan küçük toplar kesin. Kızgın yağın içerisinde kızartın.', 'Kızan lokmaları kevgir yardımıyla alın ve soğuk şerbetin içerisine atın. 10 saniye kadar şerbetin içerisinde tutun.', 'Üzerine tarçın serperek nefis lokmalarınızı servis edebilirsiniz. Afiyet olsun.']",ŞERBETLİ TATLI,239b56,/tarif/serbetli-tatlilar/,"['Tatlı', 'Şerbetli Tatlı', 'Ramazan', 'Video']","['ekonomik', 'ara öğün']",['Çay Saati'],['Kızartma'],['Ekonomik'],False,1200,2400,2019-03-18T13:30:38Z,4.0,859996,2472,False,True,True,0,,0,,,,2014/08/lokma-yemekcom.jpg,0,0,https://cdn.yemek.com/mnresize/940/940/uploads/2014/08/lokma-yemekcom.jpg,940,940,False,https://cdn.yemek.com/mncrop/300/200/uploads/2014/08/lokma-yemekcom.jpg,300,200,True,https://cdn.yemek.com/mncrop/940/625/uploads/2014/08/lokma-yemekcom.jpg,940,625,True,https://cdn.yemek.com/mncrop/620/388/uploads/2014/08/lokma-yemekcom.jpg,620,388,True,https://cdn.yemek.com/mncrop/600/315/uploads/2014/08/lokma-yemekcom.jpg,600,315,True,"['vejetaryen', 'kızartma']",,,,,
929,10116,Neşe Ümit Tan,https://cdn.yemek.com/author/208653/20190910030615_avatar.jpg,/profil/neseumit/,İçi Yumuşak: Kakaolu Çatlak Kurabiye,Kakaolu Çatlak Kurabiye,/tarif/kakaolu-catlak-kurabiye/,8 dk,15 dk,"<p>Fırından nefis bir davetiye çıktı. Bu davetiye size mis kokulu keyif anlarına konuk olmanız için gönderildi. Göndereni ise <strong>kakaolu çatlak kurabiye</strong>! Görüntüsüyle dahi içimizi açan <a href=""https://yemek.com/tarif/kurabiye/"" target=""_blank"" rel=""noopener"">kurabiye</a>, yapımıyla da pek bir keyifli. Buzdolabımızda her daim bulunan malzemelerle hemencecik hazırlanıyor. İçine tereyağı yerine sıvı yağ giriyor, daha bir hafifliyor.</p>
<p>Gönderdiği davetiyeyi geri çevirmek olmaz. Biz de kendisini çayımızın yanına, kahvemizin baş ucuna, sütümüzün dibinde ağırlamak istiyoruz. Bu yüzden çıkardık malzemelerimizi, kaplarımızı. <a href=""https://yemek.com/tarif/"" target=""_blank"" rel=""noopener"">Tarif</a>imizi de tüm ayrıntılarına kadar anlattık. Aman dikkat! Minik püf noktalarını es geçmeyin.</p>",recipe,"['yumurta', 'toz şeker', 'sıvı yağ', 'kakao', 'vanilin', 'kabartma tozu', 'un', 'pudra şekeri']","['<p>Orta boy bir kabın içerisinde yumurta ve şekeri mikser ya da çırpma teli yardımıyla çırpın.</p>', '<p>Şekerler eriyip, karışımın rengi kırık beyaz hale geldiğinde sıvı yağ ekleyerek biraz daha çırpın.</p>', '<p>Üzerine kakao, kabartma tozu ve vanilini eleyin.</p>', '<p>Son olarak unu eleyin.\xa0Bir spatula yardımıyla malzemeler birleşinceye dek karıştırın. Hamurun kıvamı kurabiye hamuruna göre cıvık olacak ve daha çok brownie hamuruna benzeyecektir. Dilediğiniz kıvama gelen hamuru streç filme sararak en az 2 saat buzdolabında dinlenmeye bırakın.</p>', '<p>Dinlenen kurabiye hamurunuzu çıkarın. Hamurunuzdan ceviz büyüklüğünde toplar koparak minik toplar halinde şekil verin.</p>', '<p>Şekil verdiğiniz kurabiyeleri pudra şekeri ile kaplayın. Pudra şekeri ile kaplamış çatlak kurabiyelerinizi yağlı kağıt serdiğiniz tepsiye yerleştirin. Önceden ısıtılmış 180 derecelik fırında kontrollü bir şekilde yaklaşık\xa08-10 dakika pişirin.</p>', '<p>Pudra şekeri ile kaplamış çatlak kurabiyelerinizi yağlı kağıt serdiğiniz tepsiye yerleştirin.</p>', '<p>Önceden ısıtılmış 180 derecelik fırında kontrollü bir şekilde yaklaşık\xa08-10 dakika pişirin.</p>', '<p>Fırından çıkardıktan sonra\xa015-20 dakika kadar oda sıcaklığında dinlendirdikten sonra servis edin.</p>', '<p>Kakaolu çatlak kurabiyeleriniz hazır.</p>', '<p>Afiyet olsun!</p>']",TATLI KURABİYE,239b56,/tarif/tatli-kurabiyeler/,"['Kurabiye', 'Video', 'Tatlı Kurabiye']",,['Çay Saati'],['Fırın'],['Ekonomik'],False,480,900,2016-11-07T07:15:24Z,4.0,853260,6544,False,True,True,0,,0,,,,2016/11/kakaolu-catlak-kurabiye-yemekcom.jpg,0,0,https://cdn.yemek.com/mnresize/940/940/uploads/2016/11/kakaolu-catlak-kurabiye-yemekcom.jpg,940,940,False,https://cdn.yemek.com/mncrop/300/200/uploads/2016/11/kakaolu-catlak-kurabiye-yemekcom.jpg,300,200,True,https://cdn.yemek.com/mncrop/940/625/uploads/2016/11/kakaolu-catlak-kurabiye-yemekcom.jpg,940,625,True,https://cdn.yemek.com/mncrop/620/388/uploads/2016/11/kakaolu-catlak-kurabiye-yemekcom.jpg,620,388,True,https://cdn.yemek.com/mncrop/600/315/uploads/2016/11/kakaolu-catlak-kurabiye-yemekcom.jpg,600,315,True,,,,,,
930,2914,Yasemin Özaltın,https://cdn.yemek.com/author/35533/20181219061403_avatar.jpg,/profil/yasemingursurer/,Zeytinyağlıların En Şekeri: Taze Fasulye,Taze Fasulye,/tarif/taze-fasulye/,25 dk,20 dk,"<p>Tek tek kılçıkları ayıklanan, <a href=""https://yemek.com/tarif/zeytinyaglilar"" target=""_blank"">zeytinyağlı</a> tariflerin en makbulü, <a href=""https://yemek.com/tarif/"" target=""_blank"">yemek tariflerinin</a> en zarifi zeytinyağlı taze fasulye. Yerine göre jülyen şeklinde doğranan yeşil fasulyeleri, uç kısımlarını aldıktan sonra ortadan ikiye böldük. Sulu domates, kuru soğan ve sarımsak ilavesiyle tadına tat kattık.</p>
<p>Naneli <a href=""https://yemek.com/tarif/cacik/"" target=""_blank"">cacık</a>la güzel, her dem yenir zeytinyağlı taze fasulye. Videolu ve adım adım resimli yapılış aşamalarıyla şimdi karşınızda!</p>
<p>Ayrıca bunu seven bunu da sevdi: <a href=""https://yemek.com/tarif/kiymali-taze-fasulye/"" target=""_blank"">Kıymalı taze fasulye tarifi</a>!</p>
",recipe,"['sıcak su', 'tuz', 'toz şeker', 'sarımsak', 'zeytinyağı', 'büyük boy kuru soğan', 'taze fasulye', 'orta boy domates (etli ve sulu)']","['Kuru soğanları küçük küpler halinde kesin. Sarımsakları ince ince dilimleyin. Domatesleri rendeleyin. Fasulyeleri de ayıklayarak bir köşeye alın.5 yemek kaşığı zeytinyağını bir tencerede kızdırın.', 'Doğradığınız 1 adet büyük boy kuru soğan ve 2 diş doğranmış sarımsakları hafif bir renk alana kadar kavurun.', '600 gram doğranmış taze fasulyeyi de ekleyerek kavurma işlemini sürdürün.', '2 çay kaşığı tuz, 1 tatlı kaşığı toz şeker, 3 adet rendelenmiş domates ve 1 su bardağı sıcak suyu da ekledikten sonra güzelce karıştırın.', 'Kapağını kapatıp fasulyeler yumuşayana kadar kısık ateşte pişirmeye bırakın.', 'Arzuya göre ılık, fakat daha da lezzetli olması için soğuk olarak servis edin. Afiyet olsun!']",ZEYTİNYAĞLI,239b56,/tarif/zeytinyaglilar/,"['Sebze', 'Zeytinyağlı', 'Video', 'Mevsiminde']",,"['Öğle Yemeği', 'Akşam Yemeği']","['Tencere', 'Ocak']",,False,1500,1200,2019-05-15T06:39:55Z,4.0,841532,5174,False,True,True,0,,0,,,,2015/07/taze-fasulye-yemekcom.jpg,0,0,https://cdn.yemek.com/mnresize/940/940/uploads/2015/07/taze-fasulye-yemekcom.jpg,940,940,False,https://cdn.yemek.com/mncrop/300/200/uploads/2015/07/taze-fasulye-yemekcom.jpg,300,200,True,https://cdn.yemek.com/mncrop/940/625/uploads/2015/07/taze-fasulye-yemekcom.jpg,940,625,True,https://cdn.yemek.com/mncrop/620/388/uploads/2015/07/taze-fasulye-yemekcom.jpg,620,388,True,https://cdn.yemek.com/mncrop/600/315/uploads/2015/07/taze-fasulye-yemekcom.jpg,600,315,True,,,"['Nisan', 'Mayıs', 'Haziran', 'Temmuz']",,,
931,2602,Yasemin Özaltın,https://cdn.yemek.com/author/35533/20181219061403_avatar.jpg,/profil/yasemingursurer/,Kusursuz Kıvamda: Omlet,Omlet,/tarif/omlet/,3 dk,5 dk,"<p><a href=""https://yemek.com/tarif/kahvaltiliklar/"" target=""_blank"">Kahvaltıların</a> tadı tuzudur iyi yapılmış bir omlet. İçinde yer alan malzemeler değişiklik gösterse de kabarık bir <a href=""https://yemek.com/omlet-tarifleri/"" target=""_blank"">omlet tarifi</a> hazırlamak için 3 ya da 4 yumurtanız varsa o iş tamamdır! <img src=""https://cdn.yemek.com/assets/images/smiley/smile.png"" class=""wp-smiley img-responsive"" /> Arzuya göre 1 ya da 2 yumurta ile de tereyağı ve zeytinyağı oranını azaltarak <strong>sade omlet</strong> yapılabilir elbette. <strong>İyice çırpılan yumurtalar</strong> tavaya alınır ve kısa sürede pişirilir. Ne sulu ne de çok katı olmalıdır.</p>
<p>Sonrasında gelsin demli bir bardak çay ve kızarmış ekmekler. Haydi mutfağa, kusursuz kıvamda leziz mi leziz <strong>omlet tarifi</strong> yapıyoruz. Afiyetler olsun!</p>
",recipe,"['tereyağı', 'tuz', 'yumurta', 'zeytinyağı', 'taze çekilmiş tane karabiber']","['Omlet için derin bir karıştırma kasesinde 4 adet yumurtayı bir kasenin içerisine alın.', 'Yarım çay kaşığı tuz ve biberi birleştirin. Bir çırpıcı yardımıyla alttan üste doğru hava kabarcıkları oluşana kadar güzelce çırpın.', ""Tavanızı ısıtın ve 1'er yemek kaşığı tereyağı ve zeytinyağını kızdırın."", 'Ardından yumurta karışımını tavaya dökün. Ocağınızın altını kısın ve alt kısmı kızarana adar pişirin.', 'Omletin alt kısmı kızarıp, üst kısmı hafif sulu kaldığında tavanızı önce doğru eğip omleti ikiye katlayın.', '1-2 dakika daha bu şekilde pişirip ocaktan alın.', 'Soğumadan omleti kahvaltılıklarla servis edin. Afiyet olsun!']",KAHVALTILIK,239b56,/tarif/kahvaltiliklar/,"['Kahvaltılık', 'Video']",['kahvaltı'],['Kahvaltı'],['Tava'],['Bol Proteinli'],False,180,300,2022-08-24T11:20:10Z,4.0,828088,1909,False,True,True,0,,0,,,,2015/05/omlet-yemekcom.jpg,0,0,https://cdn.yemek.com/mnresize/940/940/uploads/2015/05/omlet-yemekcom.jpg,940,940,False,https://cdn.yemek.com/mncrop/300/200/uploads/2015/05/omlet-yemekcom.jpg,300,200,True,https://cdn.yemek.com/mncrop/940/625/uploads/2015/05/omlet-yemekcom.jpg,940,625,True,https://cdn.yemek.com/mncrop/620/388/uploads/2015/05/omlet-yemekcom.jpg,620,388,True,https://cdn.yemek.com/mncrop/600/315/uploads/2015/05/omlet-yemekcom.jpg,600,315,True,"['bol proteinli', 'glutensiz', 'düşük kalorili']",,,,,
932,8439,ipeksare,https://cdn.yemek.com/author/262494/20200820091315_avatar.jpg,/profil/ipeksare/,Evde Taş Fırın Lezzetinde: Lahmacun,Lahmacun,/tarif/lahmacun/,30 dk,25 dk,"<p>Lahmacun, yemesi en keyifli, en çok sevdiğimiz <a href=""https://yemek.com/tarif"" target=""_blank"">yemek tariflerinin</a> başında geliyor. Ancak onu evde tıpkı dışarıda yediklerimiz kadar nefis bir şekilde hazırlamak da mümkün. Yanına bolca <a href=""https://yemek.com/tarif/sumakli-sogan-salatasi/"" target=""_blank"">sumaklı soğan</a>la servis etmelik nefis bir lahmacun yapalım hadi gelin. İhtiyacınız olan malzemeleri bir bir anlatıyoruz. <img src=""https://cdn.yemek.com/assets/images/smiley/smile.png"" class=""wp-smiley img-responsive"" /></p>
<p>Böylesine lezzetli, doyurucu bu lezzeti bu sefer evde yapmak için sıvadık kollarımızı. Hamurunu sevgi ile mayalandırdık ve işte karşınızda en güzel ve en kolay haliyle ev yapımı gerçek lahmacun <a href=""https://yemek.com/tarif/"" target=""_blank"">tarifi</a>! Bu tarifle keyifli hafta sonu sofralarınıza geleneksel bir dokunuş yapabilir, çıtır çıtır lahmacun hamurunun sesini evinizden eksik etmeyebilirsiniz. Bizden söylemesi...</p>
",recipe,"['biber salçası', 'tuz', 'tuz', 'pul biber', 'toz şeker', 'un', 'maydanoz', 'su', 'su', 'domates salçası', 'domates', 'yeşil biber', 'kırmızı biber', 'toz kırmızı biber', 'soğan', 'sıvı yağ', 'yağlı dana kıyma']","['Mutfak robotuna kırmızı biberleri, yeşil biberleri, soğanları ve domatesleri ilave edin.', 'Tamamen püre haline gelmeyecek şekilde çekin.', 'Maydanozları da ekleyin ve 10 saniye kadar daha çekin.', 'Domates salçası, biber salçası, sıvı yağ ve suyu ekleyin. Son olarak kıymayı ekleyerek güzelce yoğurun.Lahmacunun lezzetli olması için harcınızın cıvık bir kıvamda olması gerekir. Yeteri kadar cıvık bir kıvamda değilse, biraz su ekleyebilirsiniz.', 'Hazırladığınız harcı vaktiniz varsa bir süre buzdolabında dinlendirin.', 'Harcınız dinlenirken, hamurunuzu yapmaya başlayın.\xa0Suyu bir kaba dökün, üzerine tuz ve şekeri ilave ederek güzelce karıştırın. Azar azar da un ilave edin. Orta sertliğe ulaşana dek yoğurun.', 'Hamuru bir silindir haline getirip eşit parçalara bölün. Aynı büyüklükte lahmacunlar yapabilmek için hamurlarınızın ağırlığı da eşit olmalıdır. Bezeleri bir süre dinlenmeye bırakın.', 'Hazırladığınız bezeleri yemek tabağı büyüklüğünde açın. Mümkün olduğu kadar ince açmanız önemlidir. Bu sırada fırınınızı 250 derece fanlı ve alt-üst açık olacak şekilde açın. Güzelce ısıtın.', 'Açtığınız hamurların üzerine kıymalı harcı yayın. Fırının tabanına yağlı kağıt ile birlikte yerleştirin ve 7-10 dakika altı kızarana kadar pişirin.', 'Sumaklı soğan, maydanoz ve bol limonla servis edin.', 'Afiyet olsun!']",PİDE,239b56,/tarif/pide/,"['Hamur İşi', 'Pide', 'Video']","['pratik yemek tarifleri', 'ekonomik', 'başlangıç', 'ara öğün', 'akşam yemeği', 'öğle yemeği']","['Başlangıç', 'Öğle Yemeği', 'Akşam Yemeği']",['Fırın'],,False,1800,1500,2020-04-13T07:46:32Z,4.0,828058,5659,False,True,True,0,,0,,,,2020/04/lahmacun-yemekcom-1.jpg,0,0,https://cdn.yemek.com/mnresize/940/940/uploads/2020/04/lahmacun-yemekcom-1.jpg,940,940,False,https://cdn.yemek.com/mncrop/300/200/uploads/2020/04/lahmacun-yemekcom-1.jpg,300,200,True,https://cdn.yemek.com/mncrop/940/625/uploads/2020/04/lahmacun-yemekcom-1.jpg,940,625,True,https://cdn.yemek.com/mncrop/620/388/uploads/2020/04/lahmacun-yemekcom-1.jpg,620,388,True,https://cdn.yemek.com/mncrop/600/315/uploads/2020/04/lahmacun-yemekcom-1.jpg,600,315,True,['fırın'],,,,,
933,78,Neşe Ümit Tan,https://cdn.yemek.com/author/208653/20190910030615_avatar.jpg,/profil/neseumit/,"Kokusu Mis, Dokusu Nefis: Limonlu Kek",Limonlu Kek,/tarif/limonlu-kek/,40 dk,15 dk,"<p>Limonlu kek kendine has aroması, buram buram mutfağı dolduran misler gibi kokusuyla en çok tercih edilen <a href=""https://yemek.com/tarif/kek/"" target=""_blank"">pratik kek tariflerinden</a> birisi. 10 dakikada fırına vermeye hazır kek harcıyla çat kapı gelen misafirleriniz için paha biçilemez <a href=""https://yemek.com/tarif/tatli-kek/"" target=""_blank"">tatlı kek tariflerinden</a> birisi olan limonlu kek, herkesin severek yiyeceği puf puf kabaran yumuş yumuş bir kek.</p>
<p>Büyükten küçüğe herkesin severek yiyeceği, hafif lezzetine ve yumuşaklığına bayılacağı bir <a href=""https://yemek.com/tarif/tatli/"" target=""_blank"">tatlı</a> kek tarifi bu. Deneyenlerin sizden tarifini isteyeceğinize eminiz! Fırınlar ısıtılsın, kek kalıpları meydana çıksın, bugün mutfakta limonlu kek pişecek! Şimdiden afiyetler olsun!</p>
",recipe,"['tereyağı', 'limon suyu', 'yumurta', 'toz şeker', 'rendelenmiş limon kabuğu', 'ayçiçek yağı', 'süt', 'un', 'kabartma tozu', 'vanilin']","['Yumurta ve toz şekeri, bir çırpıcı yardımıyla krema halini alana kadar çırpın.', 'Sırasıyla; süt, ayçiçek yağı ve limon suyunu ilave edip, 2 dakika daha çırpın.', 'Elenmiş un, kabartma tozu, vanilya ve rendelenmiş limon kabuğunu ekledikten sonra karıştırın.', 'Yağladığınız kek kalıbına harcı boşaltın ve eşit oranda kabarması için üzerini bir spatula yardımıyla düzeltin.Hazırladığınız limonlu keki, önceden ısıtılmış 170 derece fırında 40 dakika pişirin.', 'İçini çekmesi için keki dinlendirdikten sonra kalıbından çıkartın ve dilimleyerek servis edin. Sevdiklerinizle paylaşın.']",TATLI KEK,239b56,/tarif/tatli-kek/,"['Kek', 'Tatlı Kek', 'Mevsiminde']","['ekonomik', 'çay saati']",['Çay Saati'],['Fırın'],['Vejetaryen'],False,2400,900,2021-03-19T07:30:13Z,4.0,810627,4819,False,False,True,0,,0,,,,2020/01/limonlu-kek-tarifi-yeni-one-cikan.jpg,0,0,https://cdn.yemek.com/mnresize/940/940/uploads/2020/01/limonlu-kek-tarifi-yeni-one-cikan.jpg,940,940,False,https://cdn.yemek.com/mncrop/300/200/uploads/2020/01/limonlu-kek-tarifi-yeni-one-cikan.jpg,300,200,True,https://cdn.yemek.com/mncrop/940/625/uploads/2020/01/limonlu-kek-tarifi-yeni-one-cikan.jpg,940,625,True,https://cdn.yemek.com/mncrop/620/388/uploads/2020/01/limonlu-kek-tarifi-yeni-one-cikan.jpg,620,388,True,https://cdn.yemek.com/mncrop/600/315/uploads/2020/01/limonlu-kek-tarifi-yeni-one-cikan.jpg,600,315,True,['fırın'],,"['Ocak', 'Eylül']",,,
934,130,Yasemin Özaltın,https://cdn.yemek.com/author/35533/20181219061403_avatar.jpg,/profil/yasemingursurer/,Dakikalar İçinde Sofrada: Mantarlı Tavuk Sote,Mantarlı Tavuk Sote,/tarif/mantarli-tavuk-sote/,20 dk,10 dk,"<p>Pratik ama bir o kadar da doyurucu, besleyici ve lezzetli bir <a href=""https://yemek.com/tarif/"" target=""_blank"">yemek tarifi</a> yapmak isteyenleri böyle alabilir miyiz? Sizin için nefis bir önerimiz var.</p>
<p>Mantar sote bu sefer <a href=""https://yemek.com/tarif/tavuk/"" target=""_blank"">tavuk</a>la buluşuyor ve besin değerini arttırıyor. <strong>Kısa sürede hazırlayabileceğiniz bu pratik tarifi</strong> <a href=""https://yemek.com/tarif/bulgur-pilavi/"" target=""_blank"">bulgur pilavı</a> ya da yeşil <a href=""https://yemek.com/tarif/salata/"" target=""_blank"">salata</a> ile tamamlayarak doyurucu bir öğün oluşturabilirsiniz. Tavuklu mantar sote için buyurun mutfağa!</p>
",recipe,"['tuz', 'kültür mantarı', 'zeytinyağı', 'kuşbaşı tavuk göğsü', 'domates', 'yeşil biber', 'taze çekilmiş renkli tane karabiber', 'kekik', 'kapya biber']","['3 yemek kaşığı zeytinyağını tavada kızdırın. 600 gram kuşbaşı doğranmış tavuk göğüslerini, suyunu salmaması için yüksek ateşte soteleyin.', 'Ardından 2 adet doğranmış yeşil ve kırmızı biberleri ekleyip sotelemeye devam edin.', '300 gram doğranmış mantarı da ekleyip, suyunu salıp çekene kadar, soteleme işlemini 10 dakika kadar sürdürün.', 'Son olarak; 1 adet kabukları soyulup doğranmış domates, 1 çay kaşığı tuz, 1 çay kaşığı çekilmiş tane karabiber ve 1 tatlı kaşığı kekiği de ekleyin.', '15 dakika kadar pişmeye bırakın.', 'Domatesler suyunu çektiğinde mantarlı tavuk soteniz hazır demektir. Afiyet olsun!']",TAVUK,239b56,/tarif/tavuk/,"['Tavuk', 'Ramazan', 'Video', 'Sulu Yemek']","['pratik yemek tarifleri', 'ekonomik', 'akşam yemeği', 'diyet', 'öğle yemeği']","['Öğle Yemeği', 'Akşam Yemeği']","['Tencere', 'Ocak']",['Bol Proteinli'],False,1200,600,2014-06-16T14:34:43Z,4.0,809161,9062,False,True,True,0,,0,,,,2014/06/mantarli-tavuk-sote-yemekcom.jpg,0,0,https://cdn.yemek.com/mnresize/940/940/uploads/2014/06/mantarli-tavuk-sote-yemekcom.jpg,940,940,False,https://cdn.yemek.com/mncrop/300/200/uploads/2014/06/mantarli-tavuk-sote-yemekcom.jpg,300,200,True,https://cdn.yemek.com/mncrop/940/625/uploads/2014/06/mantarli-tavuk-sote-yemekcom.jpg,940,625,True,https://cdn.yemek.com/mncrop/620/388/uploads/2014/06/mantarli-tavuk-sote-yemekcom.jpg,620,388,True,https://cdn.yemek.com/mncrop/600/315/uploads/2014/06/mantarli-tavuk-sote-yemekcom.jpg,600,315,True,"['tencere', 'bol proteinli', 'düşük kalorili']",,['Eylül'],,,
935,442,Yasemin Özaltın,https://cdn.yemek.com/author/35533/20181219061403_avatar.jpg,/profil/yasemingursurer/,Katkı Maddesiz: Ev Yapımı Limonata,Ev Yapımı Limonata,/tarif/ev-yapimi-limonata/,20 dk,20 dk,"<p>Pratik bir şekilde, katkı maddesiz, buzdolabında serin serin muhafaza edilebilecek, ikramlık ev yapımı limonata hazırlamak çok zevkli.</p>
<p>Türk yemek sektöründe, restoranlarda, kafelerde yaz cemresidir limonata. Eskiden sadece tek başına içilen bir şeyken şimdilerde kolaya, ayrana ve hatta kahveye rakip olup <a href=""https://yemek.com/tarif/makarna/"" target=""_blank"">makarnanın</a>, <a href=""https://yemek.com/tarif/tavuk/"" target=""_blank"">tavuk yemeklerinin</a> ve hatta <a href=""https://yemek.com/tarif/et"" target=""_blank"">et yemeklerinin</a> yanında boy göstermeye başladı. Yazın en güzel şeylerinden biri limonata ve inanın birçok yemeğe de çok yakışıyor.</p>
<p>Ev yapımı gerçek limonata ise hiçbir mekanın size aynı lezzette yardımcı olamayacağı kadar güzel. İnsanın aklına babaanne evinde klasik sürahi içinde içilen günleri getirecek kadar nostaljik. Daha bacak kadarken doğum günü pastasının yanında içilecek kadar duygusal. İyi ki var.</p>
<p>Bu kadar konuştuktan sonra buzlukta da saklanabilecek, kolay mı kolay, portakalsız limonata tarifini yapmamak, serinlememek, ferahlamamak olmaz.</p>
<p>Ev yapımı limonata nasıl yapılır? diyenler haydi mutfağa.</p>
",recipe,"['nane', 'toz şeker', 'limon', 'buz', 'içme suyu']","['Bol suda yıkadığınız 10 adet limonun, kabuklarını rendenin kalın tarafıyla rendeleyin. Beyaz kısımlarını almamaya özen gösterin.', 'Kabuğu rendelenmiş dört adet limonu ortadan ikiye kesin ve suyunu sıkın. Kalan limonları küçük parçalar halinde dilimleyin.', '2 su bardağı toz şeker ve taze sıkılmış limonların suyunu karıştırın.', 'Rendelenmiş limon kabuklarını, limon parçaları ve ayıkladığınız 1 demet nane yapraklarının yarısını da ekledikten sonra şeker tamamen eriyip, tüm limonların suyu çıkana kadar yoğurun.', 'Nane yapraklarını da ekleyin.', 'Özünün çıkması için bu karışımı tel bir süzgeç yardımıyla\xa0bir kaseye süzün.', '5 su bardağı içme suyunu ekledikten sonra limonatayı buzdolabında soğutun.', '2 su bardağı buz ilavesiyle karıştırdıktan sonra\xa0 keyfini çıkararak için. Afiyet olsun!']",İÇECEK,239b56,/tarif/icecekler/,"['İçecek', 'Video', 'Mevsiminde']","['pratik yemek tarifleri', 'ekonomik', 'ara öğün', 'çay saati']","['Ara Öğün', 'Çay Saati']",,['Ekonomik'],False,1200,1200,2021-03-25T06:00:50Z,4.0,786118,3534,False,True,True,0,,0,,,,2014/08/ev-yapimi-limonata-yemekcom.jpg,0,0,https://cdn.yemek.com/mnresize/940/940/uploads/2014/08/ev-yapimi-limonata-yemekcom.jpg,940,940,False,https://cdn.yemek.com/mncrop/300/200/uploads/2014/08/ev-yapimi-limonata-yemekcom.jpg,300,200,True,https://cdn.yemek.com/mncrop/940/625/uploads/2014/08/ev-yapimi-limonata-yemekcom.jpg,940,625,True,https://cdn.yemek.com/mncrop/620/388/uploads/2014/08/ev-yapimi-limonata-yemekcom.jpg,620,388,True,https://cdn.yemek.com/mncrop/600/315/uploads/2014/08/ev-yapimi-limonata-yemekcom.jpg,600,315,True,,,"['Haziran', 'Temmuz', 'Ağustos', 'Eylül']",,,
936,25072,Cemre Özgüzel,https://cdn.yemek.com/author/109/20200211010242_avatar.jpg,/profil/cemre-ozguzel/,Ağızda Dağılan Kıvamıyla: Margarinsiz Kurabiye,Margarinsiz Kurabiye,/tarif/margarinsiz-kurabiye/,15 dk,15 dk,"<p>İçinde margarin ya da tereyağı yok, yumurta yok, kabartma tozu yok... Tüm bu malzemelerin yokluğuna rağmen yumuşacık, kıyır kıyır bir kıvamı, dillere destan bir lezzeti var. Bu kurabiyenin bir özelliğini daha antalım. Çok kısa sürede hazırlanması ve az malzemeli olmasını belirtmeden geçmek olmaz.</p>
<p>Tüm bunlar nasıl oluyor derseniz, her şey sıvı yağ, pudra şekeri ve unun birleşiminden doğuyor. Ağızda dağılıyor oluşunu sıvı yağa, tatlılığını pudra şekerine ve kıvamını una borçlu. Bu malzemelere bir de lezzet vermesi için vanilin ve portakal kabuğu da ekledik ve lezzetini zirveye çıkardık. Dilerseniz onlar olmadan da nefis bir kurabiye hazırlamanız mümkün.</p>
<p>Hemencecik hazırlayıp pişireceğiniz bu kurabiyeyi kavanozların içerisinde uzunca bir süre saklayabilirsiniz üstelik. İçine farklı malzemeler ekleyebileceğiniz gibi sade de hazırlamanız mümkün. Öyleyse buyursunlar tarifimize. <img src=""https://cdn.yemek.com/assets/images/smiley/smile.png"" class=""wp-smiley img-responsive"" /></p>
",recipe,"['un', 'pudra şekeri', 'pudra şekeri', 'vanilin', 'sıvı yağ', 'portakal kabuğu rendesi']","['Derin bir kabın içerisine sıvı yağı aktarın.', 'Üzerine vanilin, pudra şekerini ilave ederek güzelce karıştırın.', 'Ardından bu karışımın içerisine azar azar un ilave ederek yoğurmaya başlayın.', 'Güzelce yoğururken ele yapışma durumu olursa elinizi hafifçe yağlayarak yoğurma işlemine devam edin.', 'Hamurunuz toparladığında elinizi yağlayın. Cevizden biraz büyük toplar koparın ve güzelce yuvarlayın.', 'Pişirme kağıdı serili bir fırın tepsisinin üzerine kurabiyelerinizi dizin.', 'Önceden ısıtılmış 170 derecelik fırında kontrollü bir biçimde 12-15 dakika arası üzeri hafif kızarıp renk değiştirene kadar pişirin.', 'Çıkarıp oda sıcaklığında dinlendirdikten sonra üzerine pudra şekeri serperek servis edin.']",KURABİYE,239b56,/tarif/kurabiye/,"['Kurabiye', 'Tatlı Kurabiye']","['ekonomik', 'ara öğün', 'çay saati']","['Kahvaltı', 'Çay Saati']",['Fırın'],"['Ekonomik', 'Vejetaryen']",False,900,900,2017-11-01T06:51:52Z,4.0,900549,2817,False,False,False,0,,0,,,,2017/10/margarinsiz-kurabiye-tarifi.jpg,0,0,https://cdn.yemek.com/mnresize/940/940/uploads/2017/10/margarinsiz-kurabiye-tarifi.jpg,940,940,False,https://cdn.yemek.com/mncrop/300/200/uploads/2017/10/margarinsiz-kurabiye-tarifi.jpg,300,200,True,https://cdn.yemek.com/mncrop/940/625/uploads/2017/10/margarinsiz-kurabiye-tarifi.jpg,940,625,True,https://cdn.yemek.com/mncrop/620/388/uploads/2017/10/margarinsiz-kurabiye-tarifi.jpg,620,388,True,https://cdn.yemek.com/mncrop/600/315/uploads/2017/10/margarinsiz-kurabiye-tarifi.jpg,600,315,True,['fırın'],,,,,
937,1843,Yasemin Özaltın,https://cdn.yemek.com/author/35533/20181219061403_avatar.jpg,/profil/yasemingursurer/,Pürüzsüz ve Yumuşacık: Patates Püresi,Patates Püresi,/tarif/patates-puresi/,30 dk,15 dk,"<p>Tereyağı ve süt ilavesiyle hazırlanan patates püresi, başlı başına ana yemek olarak servis edilebildiği gibi pek çok <a href=""https://yemek.com/tarif/"" target=""_blank"">yemek tarifinin</a> yanına yakışan kurtarıcı bir garnitür görevi üstlenir. Bu görev bazen öylesine mühim bir hal alır ki patates püresinin köfteden daha çok alkış aldığı, tavuğun sofrada gölgede bıraktığı, babası patatesi gururlandırdığı anlar vardır.</p>
<p>Her ne kadar çok kolay bir tarif gibi gözükse de patates püresi tarifini tam uygulamayan ve pürenin lezzetini bozuk poğaçaya benzetenler de vardır. O yüzden bu püre tarifine kulak verin.</p>
<p>Patates püresinde süt tadından hoşlananlar, bildik püre tariflerinin dışına çıkıyor ve patatesleri sütte haşlıyoruz.</p>
",recipe,"['tereyağı', 'tuz', 'süt', 'orta boy patates', 'karabiber (arzuya göre)']","['Kabukları soyulmuş patateslerinizi tencere alın ve üzerini geçecek kadar su ilave edin.', 'Ardından yumuşayana kadar pişmeye bırakın. Patateslerinizin pişip pişmediğini bir bıçak yardımıyla kontrol edin.', 'Yumuşayan patateslerinizin suyunu süzdürün. Üzerine tereyağı ilave ederek güzelce ezin.', 'Ardından tuz, karabiber ve sütü ekleyerek güzelce, pürüzsüz bir kıvam alana kadar ezmeye devam edin.', 'Patates püreniz hazır! Afiyet olsun.']",SEBZE,239b56,/tarif/sebze/,"['Sebze', 'Atıştırmalık', 'Video', 'Tuzlu Atıştırmalık', 'Mevsiminde']","['pratik yemek tarifleri', 'ekonomik', 'başlangıç']",['Başlangıç'],['Tencere'],['Ekonomik'],False,1800,900,2015-03-13T14:59:39Z,4.0,882052,5342,False,True,True,0,,0,,,,2015/03/patates-puresi-yemekcom.jpg,0,0,https://cdn.yemek.com/mnresize/940/940/uploads/2015/03/patates-puresi-yemekcom.jpg,940,940,False,https://cdn.yemek.com/mncrop/300/200/uploads/2015/03/patates-puresi-yemekcom.jpg,300,200,True,https://cdn.yemek.com/mncrop/940/625/uploads/2015/03/patates-puresi-yemekcom.jpg,940,625,True,https://cdn.yemek.com/mncrop/620/388/uploads/2015/03/patates-puresi-yemekcom.jpg,620,388,True,https://cdn.yemek.com/mncrop/600/315/uploads/2015/03/patates-puresi-yemekcom.jpg,600,315,True,"['tencere', 'vejetaryen', 'glutensiz', 'düşük karbonhidratlı']",,"['Haziran', 'Temmuz', 'Ağustos', 'Eylül']",,,
938,24008,Neşe Ümit Tan,https://cdn.yemek.com/author/208653/20190910030615_avatar.jpg,/profil/neseumit/,Terbiyesi Kesilmez: Pirinçli Yoğurt Çorbası,Pirinçli Yoğurt Çorbası,/tarif/pirincli-yogurt-corbasi/,25 dk,10 dk,"<p>Mevsim farketmeden afiyetle içilecek bir <a href=""https://yemek.com/tarif/corba/"" target=""_blank"">çorba</a> varsa o da tartışmasız pirinçli yoğurt çorbasıdır. <a href=""https://yemek.com/tarif/"" target=""_blank"">Yemek tarifleri</a> arasında özel bir yeri olan bu çorba o her daim tüketilecek kadar güzel lezzetini yoğurda borçlu. Üstelik hazırlaması da öyle pratik ki! Terbiyesi kesilmeyen, tadı damağınızda kalacak bu nefis lezzeti hazırlamak isteyenler için adım adım resimli anlatımla tarifimizi sizler için hazırladık.</p>
<p><a href=""https://yemek.com/tarif/yayla-corbasi/"" target=""_blank"">Yayla çorbasına</a> benzerliğiyle dikkat çeken, <a href=""https://yemek.com/yogurtlu-corba-tarifleri/"" target=""_blank"">yoğurtlu çorbaların </a>en güzellerinden pirinçli yoğurt çorbasını hazırlarken dikkat etmeniz gereken nokta terbiyesinin kesilmemesi için ısınan suyla ılıtmak ve tencereye eklerken muhakkak karıştırarak ve yavaş yavaş eklemek. Haydi bu nefis yoğurt çorbasını denemek isteyenler, hemen mutfağa!</p>
",recipe,"['pirinç', 'tereyağı', 'tuz', 'yumurta', 'un', 'su', 'yoğurt', 'kuru nane']","['Orta boy bir tencerenin içerisine suyu dökün. İçine pirinçleri ekleyin. Kısık ateşte pirinçler yumuşayana kadar pişirin.', 'Bir kabın içerisine\xa0yoğurt, yumurta ve unu aktarın.', 'Güzelce çırpın ve içerisinde unun topaklanmamasına özen gösterin.', 'Ocağın üzerinde pişen pirinçlerin suyundan bir kepçe alıp güzelce yoğurtlu karışıma yedirin. Ardından bu işlemi birkaç kepçe daha ilave ederek gerçekleştirin.', 'Ocakta pişmekte olan pirinçlerin üzerine yoğurtlu karışımı çok dikkatli bir şekilde, incecik bir ip halinde dökerek bir yandandan da karıştırın.', 'Bu şekilde tüm yoğurdu ilave ettikten sonra kaynayana kadar güzelce karıştırın. Kuru naneyi ve tuzunu da ilave edin.', 'Birkaç dakika daha ocakta pişirmeye devam edin. Bu aşamada kıvamı çok yoğunlaşırsa su ilave edebilirsiniz.', 'Ayrı bir tavanın içerisinde tereyağını eritin ve üzerine kuru naneyi ekleyerek hafifçe yakın. Servis etmeden önce çorbanızın üzerine gezdirin.', 'Ardından çorbanızı servis edin. Afiyetler olsun!']",ÇORBA,,/tarif/corba/,"['Çorba', 'Ramazan']","['pratik yemek tarifleri', 'ekonomik', 'başlangıç', 'akşam yemeği', 'öğle yemeği']","['Başlangıç', 'Öğle Yemeği', 'Akşam Yemeği']",['Tencere'],"['Ekonomik', 'Vejetaryen']",False,1500,600,2020-02-13T07:44:25Z,4.0,875331,5036,False,False,True,0,,0,,,,2019/05/pirincli-yogurt-corbasi-yeni.jpg,0,0,https://cdn.yemek.com/mnresize/940/940/uploads/2019/05/pirincli-yogurt-corbasi-yeni.jpg,940,940,False,https://cdn.yemek.com/mncrop/300/200/uploads/2019/05/pirincli-yogurt-corbasi-yeni.jpg,300,200,True,https://cdn.yemek.com/mncrop/940/625/uploads/2019/05/pirincli-yogurt-corbasi-yeni.jpg,940,625,True,https://cdn.yemek.com/mncrop/620/388/uploads/2019/05/pirincli-yogurt-corbasi-yeni.jpg,620,388,True,https://cdn.yemek.com/mncrop/600/315/uploads/2019/05/pirincli-yogurt-corbasi-yeni.jpg,600,315,True,"['tencere', 'vejetaryen']",greenLight,,,,
939,434,Cemre Özgüzel,https://cdn.yemek.com/author/109/20200211010242_avatar.jpg,/profil/cemre-ozguzel/,Çıtırlığını Uzun Süre Korur: Lokma Tatlısı,Lokma Tatlısı,/tarif/lokma-tatlisi/,20 dk,40 dk,"<p><a href=""https://yemek.com/tarif/serbetli-tatlilar/"" target=""_blank"">Şerbetli tatlı tariflerinin</a> en sevilenlerinden, özellikle İzmir ve çevresi başta olmak üzere Ege'de birçok sokakta mis gibi kokusuyla sizi karşılayan lokma tatlısı aslında evde de çok kolay bir şekilde hazırlanır!</p>
<p>Her evde bulunan malzemelerle yapılan lokma hamuru mis gibi kızartılır, tam kıvamında şerbetiyle buluştuğunda lezzeti devleşir. Porsiyonlaması ve ikramı kolay, sokak satıcısı ve yazlıkların gözde tatlısı lokma, şerbeti ile buluştuktan sonraysa ağızda öyle nefis bir tat bırakır ki bir yiyen bir daha ister.</p>
<p>Sözün kısası evde, ellerinizle hazırlayabileceğiniz en pratik şerbetli tatlılardan olan bu nefis <strong>gerçek lokma</strong> <a href=""https://yemek.com/tarif/tatli/"" target=""_blank"">tatlı</a>sı tarifini mutlaka deneyin.</p>
<p>Tabii yerken de ölçüyü kaçırmayın diyelim ve hemen <a href=""https://yemek.com/tarif/"" target=""_blank"">tarif</a>e geçelim. Şimdiden ellerinize sağlık. <img src=""https://cdn.yemek.com/assets/images/smiley/smile.png"" class=""wp-smiley img-responsive"" /></p>
",recipe,"['limon suyu', 'toz şeker', 'toz şeker', 'ayçiçek yağı', 'un', 'su', 'ılık su', 'kuru maya']","['Lokma tatlısı için 3,5 su bardağı unu geniş bir kabın içine alın ve ortasını havuz şeklinde açın. 1 paket kuru maya, 1 yemek kaşığı toz şeker ilave edin.', '2 su bardağı ılık suyu ilave ederek yoğurmaya başlayın. Ele yapışan ve cıvık bir hamur elde edin.', 'Hamurunuzun üzerini kapatın, oda sıcaklığında 1 saat mayalandırın.', 'Hamur mayalanırken şerbetini hazırlayın. Tencerenin içerisine 2 su bardağı toz şeker ve 1,5 su bardağı suyu aktarın. Şeker eriyince limon suyunu ilave edin. Hafif kaynayınca ocaktan alın ve soğumaya bırakın.', 'Mayalanan hamuru sıkma torbasına aktarın.', 'Yağlanmış mutfak makası yardımıyla hamurunuzdan küçük toplar kesin. Kızgın yağın içerisinde kızartın.', 'Kızan lokmaları kevgir yardımıyla alın ve soğuk şerbetin içerisine atın. 10 saniye kadar şerbetin içerisinde tutun.', 'Üzerine tarçın serperek nefis lokmalarınızı servis edebilirsiniz. Afiyet olsun.']",ŞERBETLİ TATLI,239b56,/tarif/serbetli-tatlilar/,"['Tatlı', 'Şerbetli Tatlı', 'Ramazan', 'Video']","['ekonomik', 'ara öğün']",['Çay Saati'],['Kızartma'],['Ekonomik'],False,1200,2400,2019-03-18T13:30:38Z,4.0,859996,2472,False,True,True,0,,0,,,,2014/08/lokma-yemekcom.jpg,0,0,https://cdn.yemek.com/mnresize/940/940/uploads/2014/08/lokma-yemekcom.jpg,940,940,False,https://cdn.yemek.com/mncrop/300/200/uploads/2014/08/lokma-yemekcom.jpg,300,200,True,https://cdn.yemek.com/mncrop/940/625/uploads/2014/08/lokma-yemekcom.jpg,940,625,True,https://cdn.yemek.com/mncrop/620/388/uploads/2014/08/lokma-yemekcom.jpg,620,388,True,https://cdn.yemek.com/mncrop/600/315/uploads/2014/08/lokma-yemekcom.jpg,600,315,True,"['vejetaryen', 'kızartma']",,,,,
940,10116,Neşe Ümit Tan,https://cdn.yemek.com/author/208653/20190910030615_avatar.jpg,/profil/neseumit/,İçi Yumuşak: Kakaolu Çatlak Kurabiye,Kakaolu Çatlak Kurabiye,/tarif/kakaolu-catlak-kurabiye/,8 dk,15 dk,"<p>Fırından nefis bir davetiye çıktı. Bu davetiye size mis kokulu keyif anlarına konuk olmanız için gönderildi. Göndereni ise <strong>kakaolu çatlak kurabiye</strong>! Görüntüsüyle dahi içimizi açan <a href=""https://yemek.com/tarif/kurabiye/"" target=""_blank"" rel=""noopener"">kurabiye</a>, yapımıyla da pek bir keyifli. Buzdolabımızda her daim bulunan malzemelerle hemencecik hazırlanıyor. İçine tereyağı yerine sıvı yağ giriyor, daha bir hafifliyor.</p>
<p>Gönderdiği davetiyeyi geri çevirmek olmaz. Biz de kendisini çayımızın yanına, kahvemizin baş ucuna, sütümüzün dibinde ağırlamak istiyoruz. Bu yüzden çıkardık malzemelerimizi, kaplarımızı. <a href=""https://yemek.com/tarif/"" target=""_blank"" rel=""noopener"">Tarif</a>imizi de tüm ayrıntılarına kadar anlattık. Aman dikkat! Minik püf noktalarını es geçmeyin.</p>",recipe,"['yumurta', 'toz şeker', 'sıvı yağ', 'kakao', 'vanilin', 'kabartma tozu', 'un', 'pudra şekeri']","['<p>Orta boy bir kabın içerisinde yumurta ve şekeri mikser ya da çırpma teli yardımıyla çırpın.</p>', '<p>Şekerler eriyip, karışımın rengi kırık beyaz hale geldiğinde sıvı yağ ekleyerek biraz daha çırpın.</p>', '<p>Üzerine kakao, kabartma tozu ve vanilini eleyin.</p>', '<p>Son olarak unu eleyin.\xa0Bir spatula yardımıyla malzemeler birleşinceye dek karıştırın. Hamurun kıvamı kurabiye hamuruna göre cıvık olacak ve daha çok brownie hamuruna benzeyecektir. Dilediğiniz kıvama gelen hamuru streç filme sararak en az 2 saat buzdolabında dinlenmeye bırakın.</p>', '<p>Dinlenen kurabiye hamurunuzu çıkarın. Hamurunuzdan ceviz büyüklüğünde toplar koparak minik toplar halinde şekil verin.</p>', '<p>Şekil verdiğiniz kurabiyeleri pudra şekeri ile kaplayın. Pudra şekeri ile kaplamış çatlak kurabiyelerinizi yağlı kağıt serdiğiniz tepsiye yerleştirin. Önceden ısıtılmış 180 derecelik fırında kontrollü bir şekilde yaklaşık\xa08-10 dakika pişirin.</p>', '<p>Pudra şekeri ile kaplamış çatlak kurabiyelerinizi yağlı kağıt serdiğiniz tepsiye yerleştirin.</p>', '<p>Önceden ısıtılmış 180 derecelik fırında kontrollü bir şekilde yaklaşık\xa08-10 dakika pişirin.</p>', '<p>Fırından çıkardıktan sonra\xa015-20 dakika kadar oda sıcaklığında dinlendirdikten sonra servis edin.</p>', '<p>Kakaolu çatlak kurabiyeleriniz hazır.</p>', '<p>Afiyet olsun!</p>']",TATLI KURABİYE,239b56,/tarif/tatli-kurabiyeler/,"['Kurabiye', 'Video', 'Tatlı Kurabiye']",,['Çay Saati'],['Fırın'],['Ekonomik'],False,480,900,2016-11-07T07:15:24Z,4.0,853260,6544,False,True,True,0,,0,,,,2016/11/kakaolu-catlak-kurabiye-yemekcom.jpg,0,0,https://cdn.yemek.com/mnresize/940/940/uploads/2016/11/kakaolu-catlak-kurabiye-yemekcom.jpg,940,940,False,https://cdn.yemek.com/mncrop/300/200/uploads/2016/11/kakaolu-catlak-kurabiye-yemekcom.jpg,300,200,True,https://cdn.yemek.com/mncrop/940/625/uploads/2016/11/kakaolu-catlak-kurabiye-yemekcom.jpg,940,625,True,https://cdn.yemek.com/mncrop/620/388/uploads/2016/11/kakaolu-catlak-kurabiye-yemekcom.jpg,620,388,True,https://cdn.yemek.com/mncrop/600/315/uploads/2016/11/kakaolu-catlak-kurabiye-yemekcom.jpg,600,315,True,,,,,,
941,2914,Yasemin Özaltın,https://cdn.yemek.com/author/35533/20181219061403_avatar.jpg,/profil/yasemingursurer/,Zeytinyağlıların En Şekeri: Taze Fasulye,Taze Fasulye,/tarif/taze-fasulye/,25 dk,20 dk,"<p>Tek tek kılçıkları ayıklanan, <a href=""https://yemek.com/tarif/zeytinyaglilar"" target=""_blank"">zeytinyağlı</a> tariflerin en makbulü, <a href=""https://yemek.com/tarif/"" target=""_blank"">yemek tariflerinin</a> en zarifi zeytinyağlı taze fasulye. Yerine göre jülyen şeklinde doğranan yeşil fasulyeleri, uç kısımlarını aldıktan sonra ortadan ikiye böldük. Sulu domates, kuru soğan ve sarımsak ilavesiyle tadına tat kattık.</p>
<p>Naneli <a href=""https://yemek.com/tarif/cacik/"" target=""_blank"">cacık</a>la güzel, her dem yenir zeytinyağlı taze fasulye. Videolu ve adım adım resimli yapılış aşamalarıyla şimdi karşınızda!</p>
<p>Ayrıca bunu seven bunu da sevdi: <a href=""https://yemek.com/tarif/kiymali-taze-fasulye/"" target=""_blank"">Kıymalı taze fasulye tarifi</a>!</p>
",recipe,"['sıcak su', 'tuz', 'toz şeker', 'sarımsak', 'zeytinyağı', 'büyük boy kuru soğan', 'taze fasulye', 'orta boy domates (etli ve sulu)']","['Kuru soğanları küçük küpler halinde kesin. Sarımsakları ince ince dilimleyin. Domatesleri rendeleyin. Fasulyeleri de ayıklayarak bir köşeye alın.5 yemek kaşığı zeytinyağını bir tencerede kızdırın.', 'Doğradığınız 1 adet büyük boy kuru soğan ve 2 diş doğranmış sarımsakları hafif bir renk alana kadar kavurun.', '600 gram doğranmış taze fasulyeyi de ekleyerek kavurma işlemini sürdürün.', '2 çay kaşığı tuz, 1 tatlı kaşığı toz şeker, 3 adet rendelenmiş domates ve 1 su bardağı sıcak suyu da ekledikten sonra güzelce karıştırın.', 'Kapağını kapatıp fasulyeler yumuşayana kadar kısık ateşte pişirmeye bırakın.', 'Arzuya göre ılık, fakat daha da lezzetli olması için soğuk olarak servis edin. Afiyet olsun!']",ZEYTİNYAĞLI,239b56,/tarif/zeytinyaglilar/,"['Sebze', 'Zeytinyağlı', 'Video', 'Mevsiminde']",,"['Öğle Yemeği', 'Akşam Yemeği']","['Tencere', 'Ocak']",,False,1500,1200,2019-05-15T06:39:55Z,4.0,841532,5174,False,True,True,0,,0,,,,2015/07/taze-fasulye-yemekcom.jpg,0,0,https://cdn.yemek.com/mnresize/940/940/uploads/2015/07/taze-fasulye-yemekcom.jpg,940,940,False,https://cdn.yemek.com/mncrop/300/200/uploads/2015/07/taze-fasulye-yemekcom.jpg,300,200,True,https://cdn.yemek.com/mncrop/940/625/uploads/2015/07/taze-fasulye-yemekcom.jpg,940,625,True,https://cdn.yemek.com/mncrop/620/388/uploads/2015/07/taze-fasulye-yemekcom.jpg,620,388,True,https://cdn.yemek.com/mncrop/600/315/uploads/2015/07/taze-fasulye-yemekcom.jpg,600,315,True,,,"['Nisan', 'Mayıs', 'Haziran', 'Temmuz']",,,
942,2602,Yasemin Özaltın,https://cdn.yemek.com/author/35533/20181219061403_avatar.jpg,/profil/yasemingursurer/,Kusursuz Kıvamda: Omlet,Omlet,/tarif/omlet/,3 dk,5 dk,"<p><a href=""https://yemek.com/tarif/kahvaltiliklar/"" target=""_blank"">Kahvaltıların</a> tadı tuzudur iyi yapılmış bir omlet. İçinde yer alan malzemeler değişiklik gösterse de kabarık bir <a href=""https://yemek.com/omlet-tarifleri/"" target=""_blank"">omlet tarifi</a> hazırlamak için 3 ya da 4 yumurtanız varsa o iş tamamdır! <img src=""https://cdn.yemek.com/assets/images/smiley/smile.png"" class=""wp-smiley img-responsive"" /> Arzuya göre 1 ya da 2 yumurta ile de tereyağı ve zeytinyağı oranını azaltarak <strong>sade omlet</strong> yapılabilir elbette. <strong>İyice çırpılan yumurtalar</strong> tavaya alınır ve kısa sürede pişirilir. Ne sulu ne de çok katı olmalıdır.</p>
<p>Sonrasında gelsin demli bir bardak çay ve kızarmış ekmekler. Haydi mutfağa, kusursuz kıvamda leziz mi leziz <strong>omlet tarifi</strong> yapıyoruz. Afiyetler olsun!</p>
",recipe,"['tereyağı', 'tuz', 'yumurta', 'zeytinyağı', 'taze çekilmiş tane karabiber']","['Omlet için derin bir karıştırma kasesinde 4 adet yumurtayı bir kasenin içerisine alın.', 'Yarım çay kaşığı tuz ve biberi birleştirin. Bir çırpıcı yardımıyla alttan üste doğru hava kabarcıkları oluşana kadar güzelce çırpın.', ""Tavanızı ısıtın ve 1'er yemek kaşığı tereyağı ve zeytinyağını kızdırın."", 'Ardından yumurta karışımını tavaya dökün. Ocağınızın altını kısın ve alt kısmı kızarana adar pişirin.', 'Omletin alt kısmı kızarıp, üst kısmı hafif sulu kaldığında tavanızı önce doğru eğip omleti ikiye katlayın.', '1-2 dakika daha bu şekilde pişirip ocaktan alın.', 'Soğumadan omleti kahvaltılıklarla servis edin. Afiyet olsun!']",KAHVALTILIK,239b56,/tarif/kahvaltiliklar/,"['Kahvaltılık', 'Video']",['kahvaltı'],['Kahvaltı'],['Tava'],['Bol Proteinli'],False,180,300,2022-08-24T11:20:10Z,4.0,828088,1909,False,True,True,0,,0,,,,2015/05/omlet-yemekcom.jpg,0,0,https://cdn.yemek.com/mnresize/940/940/uploads/2015/05/omlet-yemekcom.jpg,940,940,False,https://cdn.yemek.com/mncrop/300/200/uploads/2015/05/omlet-yemekcom.jpg,300,200,True,https://cdn.yemek.com/mncrop/940/625/uploads/2015/05/omlet-yemekcom.jpg,940,625,True,https://cdn.yemek.com/mncrop/620/388/uploads/2015/05/omlet-yemekcom.jpg,620,388,True,https://cdn.yemek.com/mncrop/600/315/uploads/2015/05/omlet-yemekcom.jpg,600,315,True,"['bol proteinli', 'glutensiz', 'düşük kalorili']",,,,,
943,8439,ipeksare,https://cdn.yemek.com/author/262494/20200820091315_avatar.jpg,/profil/ipeksare/,Evde Taş Fırın Lezzetinde: Lahmacun,Lahmacun,/tarif/lahmacun/,30 dk,25 dk,"<p>Lahmacun, yemesi en keyifli, en çok sevdiğimiz <a href=""https://yemek.com/tarif"" target=""_blank"">yemek tariflerinin</a> başında geliyor. Ancak onu evde tıpkı dışarıda yediklerimiz kadar nefis bir şekilde hazırlamak da mümkün. Yanına bolca <a href=""https://yemek.com/tarif/sumakli-sogan-salatasi/"" target=""_blank"">sumaklı soğan</a>la servis etmelik nefis bir lahmacun yapalım hadi gelin. İhtiyacınız olan malzemeleri bir bir anlatıyoruz. <img src=""https://cdn.yemek.com/assets/images/smiley/smile.png"" class=""wp-smiley img-responsive"" /></p>
<p>Böylesine lezzetli, doyurucu bu lezzeti bu sefer evde yapmak için sıvadık kollarımızı. Hamurunu sevgi ile mayalandırdık ve işte karşınızda en güzel ve en kolay haliyle ev yapımı gerçek lahmacun <a href=""https://yemek.com/tarif/"" target=""_blank"">tarifi</a>! Bu tarifle keyifli hafta sonu sofralarınıza geleneksel bir dokunuş yapabilir, çıtır çıtır lahmacun hamurunun sesini evinizden eksik etmeyebilirsiniz. Bizden söylemesi...</p>
",recipe,"['biber salçası', 'tuz', 'tuz', 'pul biber', 'toz şeker', 'un', 'maydanoz', 'su', 'su', 'domates salçası', 'domates', 'yeşil biber', 'kırmızı biber', 'toz kırmızı biber', 'soğan', 'sıvı yağ', 'yağlı dana kıyma']","['Mutfak robotuna kırmızı biberleri, yeşil biberleri, soğanları ve domatesleri ilave edin.', 'Tamamen püre haline gelmeyecek şekilde çekin.', 'Maydanozları da ekleyin ve 10 saniye kadar daha çekin.', 'Domates salçası, biber salçası, sıvı yağ ve suyu ekleyin. Son olarak kıymayı ekleyerek güzelce yoğurun.Lahmacunun lezzetli olması için harcınızın cıvık bir kıvamda olması gerekir. Yeteri kadar cıvık bir kıvamda değilse, biraz su ekleyebilirsiniz.', 'Hazırladığınız harcı vaktiniz varsa bir süre buzdolabında dinlendirin.', 'Harcınız dinlenirken, hamurunuzu yapmaya başlayın.\xa0Suyu bir kaba dökün, üzerine tuz ve şekeri ilave ederek güzelce karıştırın. Azar azar da un ilave edin. Orta sertliğe ulaşana dek yoğurun.', 'Hamuru bir silindir haline getirip eşit parçalara bölün. Aynı büyüklükte lahmacunlar yapabilmek için hamurlarınızın ağırlığı da eşit olmalıdır. Bezeleri bir süre dinlenmeye bırakın.', 'Hazırladığınız bezeleri yemek tabağı büyüklüğünde açın. Mümkün olduğu kadar ince açmanız önemlidir. Bu sırada fırınınızı 250 derece fanlı ve alt-üst açık olacak şekilde açın. Güzelce ısıtın.', 'Açtığınız hamurların üzerine kıymalı harcı yayın. Fırının tabanına yağlı kağıt ile birlikte yerleştirin ve 7-10 dakika altı kızarana kadar pişirin.', 'Sumaklı soğan, maydanoz ve bol limonla servis edin.', 'Afiyet olsun!']",PİDE,239b56,/tarif/pide/,"['Hamur İşi', 'Pide', 'Video']","['pratik yemek tarifleri', 'ekonomik', 'başlangıç', 'ara öğün', 'akşam yemeği', 'öğle yemeği']","['Başlangıç', 'Öğle Yemeği', 'Akşam Yemeği']",['Fırın'],,False,1800,1500,2020-04-13T07:46:32Z,4.0,828058,5659,False,True,True,0,,0,,,,2020/04/lahmacun-yemekcom-1.jpg,0,0,https://cdn.yemek.com/mnresize/940/940/uploads/2020/04/lahmacun-yemekcom-1.jpg,940,940,False,https://cdn.yemek.com/mncrop/300/200/uploads/2020/04/lahmacun-yemekcom-1.jpg,300,200,True,https://cdn.yemek.com/mncrop/940/625/uploads/2020/04/lahmacun-yemekcom-1.jpg,940,625,True,https://cdn.yemek.com/mncrop/620/388/uploads/2020/04/lahmacun-yemekcom-1.jpg,620,388,True,https://cdn.yemek.com/mncrop/600/315/uploads/2020/04/lahmacun-yemekcom-1.jpg,600,315,True,['fırın'],,,,,
944,78,Neşe Ümit Tan,https://cdn.yemek.com/author/208653/20190910030615_avatar.jpg,/profil/neseumit/,"Kokusu Mis, Dokusu Nefis: Limonlu Kek",Limonlu Kek,/tarif/limonlu-kek/,40 dk,15 dk,"<p>Limonlu kek kendine has aroması, buram buram mutfağı dolduran misler gibi kokusuyla en çok tercih edilen <a href=""https://yemek.com/tarif/kek/"" target=""_blank"">pratik kek tariflerinden</a> birisi. 10 dakikada fırına vermeye hazır kek harcıyla çat kapı gelen misafirleriniz için paha biçilemez <a href=""https://yemek.com/tarif/tatli-kek/"" target=""_blank"">tatlı kek tariflerinden</a> birisi olan limonlu kek, herkesin severek yiyeceği puf puf kabaran yumuş yumuş bir kek.</p>
<p>Büyükten küçüğe herkesin severek yiyeceği, hafif lezzetine ve yumuşaklığına bayılacağı bir <a href=""https://yemek.com/tarif/tatli/"" target=""_blank"">tatlı</a> kek tarifi bu. Deneyenlerin sizden tarifini isteyeceğinize eminiz! Fırınlar ısıtılsın, kek kalıpları meydana çıksın, bugün mutfakta limonlu kek pişecek! Şimdiden afiyetler olsun!</p>
",recipe,"['tereyağı', 'limon suyu', 'yumurta', 'toz şeker', 'rendelenmiş limon kabuğu', 'ayçiçek yağı', 'süt', 'un', 'kabartma tozu', 'vanilin']","['Yumurta ve toz şekeri, bir çırpıcı yardımıyla krema halini alana kadar çırpın.', 'Sırasıyla; süt, ayçiçek yağı ve limon suyunu ilave edip, 2 dakika daha çırpın.', 'Elenmiş un, kabartma tozu, vanilya ve rendelenmiş limon kabuğunu ekledikten sonra karıştırın.', 'Yağladığınız kek kalıbına harcı boşaltın ve eşit oranda kabarması için üzerini bir spatula yardımıyla düzeltin.Hazırladığınız limonlu keki, önceden ısıtılmış 170 derece fırında 40 dakika pişirin.', 'İçini çekmesi için keki dinlendirdikten sonra kalıbından çıkartın ve dilimleyerek servis edin. Sevdiklerinizle paylaşın.']",TATLI KEK,239b56,/tarif/tatli-kek/,"['Kek', 'Tatlı Kek', 'Mevsiminde']","['ekonomik', 'çay saati']",['Çay Saati'],['Fırın'],['Vejetaryen'],False,2400,900,2021-03-19T07:30:13Z,4.0,810627,4819,False,False,True,0,,0,,,,2020/01/limonlu-kek-tarifi-yeni-one-cikan.jpg,0,0,https://cdn.yemek.com/mnresize/940/940/uploads/2020/01/limonlu-kek-tarifi-yeni-one-cikan.jpg,940,940,False,https://cdn.yemek.com/mncrop/300/200/uploads/2020/01/limonlu-kek-tarifi-yeni-one-cikan.jpg,300,200,True,https://cdn.yemek.com/mncrop/940/625/uploads/2020/01/limonlu-kek-tarifi-yeni-one-cikan.jpg,940,625,True,https://cdn.yemek.com/mncrop/620/388/uploads/2020/01/limonlu-kek-tarifi-yeni-one-cikan.jpg,620,388,True,https://cdn.yemek.com/mncrop/600/315/uploads/2020/01/limonlu-kek-tarifi-yeni-one-cikan.jpg,600,315,True,['fırın'],,"['Ocak', 'Eylül']",,,
945,130,Yasemin Özaltın,https://cdn.yemek.com/author/35533/20181219061403_avatar.jpg,/profil/yasemingursurer/,Dakikalar İçinde Sofrada: Mantarlı Tavuk Sote,Mantarlı Tavuk Sote,/tarif/mantarli-tavuk-sote/,20 dk,10 dk,"<p>Pratik ama bir o kadar da doyurucu, besleyici ve lezzetli bir <a href=""https://yemek.com/tarif/"" target=""_blank"">yemek tarifi</a> yapmak isteyenleri böyle alabilir miyiz? Sizin için nefis bir önerimiz var.</p>
<p>Mantar sote bu sefer <a href=""https://yemek.com/tarif/tavuk/"" target=""_blank"">tavuk</a>la buluşuyor ve besin değerini arttırıyor. <strong>Kısa sürede hazırlayabileceğiniz bu pratik tarifi</strong> <a href=""https://yemek.com/tarif/bulgur-pilavi/"" target=""_blank"">bulgur pilavı</a> ya da yeşil <a href=""https://yemek.com/tarif/salata/"" target=""_blank"">salata</a> ile tamamlayarak doyurucu bir öğün oluşturabilirsiniz. Tavuklu mantar sote için buyurun mutfağa!</p>
",recipe,"['tuz', 'kültür mantarı', 'zeytinyağı', 'kuşbaşı tavuk göğsü', 'domates', 'yeşil biber', 'taze çekilmiş renkli tane karabiber', 'kekik', 'kapya biber']","['3 yemek kaşığı zeytinyağını tavada kızdırın. 600 gram kuşbaşı doğranmış tavuk göğüslerini, suyunu salmaması için yüksek ateşte soteleyin.', 'Ardından 2 adet doğranmış yeşil ve kırmızı biberleri ekleyip sotelemeye devam edin.', '300 gram doğranmış mantarı da ekleyip, suyunu salıp çekene kadar, soteleme işlemini 10 dakika kadar sürdürün.', 'Son olarak; 1 adet kabukları soyulup doğranmış domates, 1 çay kaşığı tuz, 1 çay kaşığı çekilmiş tane karabiber ve 1 tatlı kaşığı kekiği de ekleyin.', '15 dakika kadar pişmeye bırakın.', 'Domatesler suyunu çektiğinde mantarlı tavuk soteniz hazır demektir. Afiyet olsun!']",TAVUK,239b56,/tarif/tavuk/,"['Tavuk', 'Ramazan', 'Video', 'Sulu Yemek']","['pratik yemek tarifleri', 'ekonomik', 'akşam yemeği', 'diyet', 'öğle yemeği']","['Öğle Yemeği', 'Akşam Yemeği']","['Tencere', 'Ocak']",['Bol Proteinli'],False,1200,600,2014-06-16T14:34:43Z,4.0,809161,9062,False,True,True,0,,0,,,,2014/06/mantarli-tavuk-sote-yemekcom.jpg,0,0,https://cdn.yemek.com/mnresize/940/940/uploads/2014/06/mantarli-tavuk-sote-yemekcom.jpg,940,940,False,https://cdn.yemek.com/mncrop/300/200/uploads/2014/06/mantarli-tavuk-sote-yemekcom.jpg,300,200,True,https://cdn.yemek.com/mncrop/940/625/uploads/2014/06/mantarli-tavuk-sote-yemekcom.jpg,940,625,True,https://cdn.yemek.com/mncrop/620/388/uploads/2014/06/mantarli-tavuk-sote-yemekcom.jpg,620,388,True,https://cdn.yemek.com/mncrop/600/315/uploads/2014/06/mantarli-tavuk-sote-yemekcom.jpg,600,315,True,"['tencere', 'bol proteinli', 'düşük kalorili']",,['Eylül'],,,
946,442,Yasemin Özaltın,https://cdn.yemek.com/author/35533/20181219061403_avatar.jpg,/profil/yasemingursurer/,Katkı Maddesiz: Ev Yapımı Limonata,Ev Yapımı Limonata,/tarif/ev-yapimi-limonata/,20 dk,20 dk,"<p>Pratik bir şekilde, katkı maddesiz, buzdolabında serin serin muhafaza edilebilecek, ikramlık ev yapımı limonata hazırlamak çok zevkli.</p>
<p>Türk yemek sektöründe, restoranlarda, kafelerde yaz cemresidir limonata. Eskiden sadece tek başına içilen bir şeyken şimdilerde kolaya, ayrana ve hatta kahveye rakip olup <a href=""https://yemek.com/tarif/makarna/"" target=""_blank"">makarnanın</a>, <a href=""https://yemek.com/tarif/tavuk/"" target=""_blank"">tavuk yemeklerinin</a> ve hatta <a href=""https://yemek.com/tarif/et"" target=""_blank"">et yemeklerinin</a> yanında boy göstermeye başladı. Yazın en güzel şeylerinden biri limonata ve inanın birçok yemeğe de çok yakışıyor.</p>
<p>Ev yapımı gerçek limonata ise hiçbir mekanın size aynı lezzette yardımcı olamayacağı kadar güzel. İnsanın aklına babaanne evinde klasik sürahi içinde içilen günleri getirecek kadar nostaljik. Daha bacak kadarken doğum günü pastasının yanında içilecek kadar duygusal. İyi ki var.</p>
<p>Bu kadar konuştuktan sonra buzlukta da saklanabilecek, kolay mı kolay, portakalsız limonata tarifini yapmamak, serinlememek, ferahlamamak olmaz.</p>
<p>Ev yapımı limonata nasıl yapılır? diyenler haydi mutfağa.</p>
",recipe,"['nane', 'toz şeker', 'limon', 'buz', 'içme suyu']","['Bol suda yıkadığınız 10 adet limonun, kabuklarını rendenin kalın tarafıyla rendeleyin. Beyaz kısımlarını almamaya özen gösterin.', 'Kabuğu rendelenmiş dört adet limonu ortadan ikiye kesin ve suyunu sıkın. Kalan limonları küçük parçalar halinde dilimleyin.', '2 su bardağı toz şeker ve taze sıkılmış limonların suyunu karıştırın.', 'Rendelenmiş limon kabuklarını, limon parçaları ve ayıkladığınız 1 demet nane yapraklarının yarısını da ekledikten sonra şeker tamamen eriyip, tüm limonların suyu çıkana kadar yoğurun.', 'Nane yapraklarını da ekleyin.', 'Özünün çıkması için bu karışımı tel bir süzgeç yardımıyla\xa0bir kaseye süzün.', '5 su bardağı içme suyunu ekledikten sonra limonatayı buzdolabında soğutun.', '2 su bardağı buz ilavesiyle karıştırdıktan sonra\xa0 keyfini çıkararak için. Afiyet olsun!']",İÇECEK,239b56,/tarif/icecekler/,"['İçecek', 'Video', 'Mevsiminde']","['pratik yemek tarifleri', 'ekonomik', 'ara öğün', 'çay saati']","['Ara Öğün', 'Çay Saati']",,['Ekonomik'],False,1200,1200,2021-03-25T06:00:50Z,4.0,786118,3534,False,True,True,0,,0,,,,2014/08/ev-yapimi-limonata-yemekcom.jpg,0,0,https://cdn.yemek.com/mnresize/940/940/uploads/2014/08/ev-yapimi-limonata-yemekcom.jpg,940,940,False,https://cdn.yemek.com/mncrop/300/200/uploads/2014/08/ev-yapimi-limonata-yemekcom.jpg,300,200,True,https://cdn.yemek.com/mncrop/940/625/uploads/2014/08/ev-yapimi-limonata-yemekcom.jpg,940,625,True,https://cdn.yemek.com/mncrop/620/388/uploads/2014/08/ev-yapimi-limonata-yemekcom.jpg,620,388,True,https://cdn.yemek.com/mncrop/600/315/uploads/2014/08/ev-yapimi-limonata-yemekcom.jpg,600,315,True,,,"['Haziran', 'Temmuz', 'Ağustos', 'Eylül']",,,
947,3233,Yasemin Özaltın,https://cdn.yemek.com/author/35533/20181219061403_avatar.jpg,/profil/yasemingursurer/,"Yumuşacık, Sulu Sulu Pişer: Tavuk Sote",Tavuk Sote,/tarif/tavuk-sote/,25 dk,15 dk,"<p><a href=""https://yemek.com/tarif/"" target=""_blank"">Yemek tariflerinin</a> en sevilenlerinden tavuk sote tarifinde zaman önemli. Aslına bakarsanız sote işlemi de uzun lafın kısası bir pişirme yöntemi. Kızgın tavada, yüksek ateş üzerinde alt üst edilen sebze ve et karışımları renk, doku ve tatlarını kaybetmeden kısa sürede pişiyor. Etler sertleşmiyor, sebzeler kurumuyor. Size de pratik ve kolay bir yöntemle hazırlanan bu <a href=""https://yemek.com/tarif/tavuk/"" target=""_blank"">tavuk tarifinin</a> keyfini ağız tadıyla çıkartmak düşüyor.</p>
<p>Tavada sote edilen yiyeceklerin sık sık sallanarak karıştırılması da ayrı bir konu. Et ve sebzelerin küçük ve birbirine yakın boyutlarda kesilmesi öneriliyor. Kullanılan etlerin olabildiğine körpe ve sinirsiz, baharatlarla önceden tatlandırılmış olması gerekiyor.</p>
<p>Teknik detayları bir kenara bıraktığımızda, pratik ve lezzetli tarifler arasında ilk üçe girebileceğini de söyleyebiliriz tavuk sote için (<a href=""https://yemek.com/tarif/sebzeli-tavuk-sote/"" target=""_blank"">sebzeli tavuk sote</a> ve <a href=""https://yemek.com/tarif/mantarli-tavuk-sote/"" target=""_blank"">mantarlı tavuk sote</a> için de aynı şekilde!). Pilava eşlik eder, yoğurtla anlaşır, salata onu sever, misafir gelse masada olur. Evde tek başına olsan, seni yalnız bırakmaz.</p>
<p>Bu kadar bilginin üzerine kolay ve lezzetli tavuk sote tarifini hak ettik sanırız. Adım adım resimli anlatımı ve videosuyla karşınızda tavuk sote!</p>
",recipe,"['tuz', 'pul biber', 'karabiber', 'yeşil biber', 'kırmızı biber', 'tavuk göğsü', 'kuru nane', 'soğan', 'doğranmış domates', 'sıvı yağ']","['Tavanın içerisine 2 yemek kaşığı sıvı yağı alın ve üzerine 300 gram kuşbaşı doğranmış tavuğu ilave ederek yüksek ateşte soteleyin.', 'Pişen tavukların üzerine 1 adet doğranmış soğanı ilave ederek sotelemeye devam edin.\xa0 1', 'adet doğranmış yeşil biber ve yarım adet doğranmış kapya biberi de ekleyin.', '1 adet doğranmış domatesi de tavanın içerisine aktarın.', 'Biraz suyunu çektikten sonra sırasıyla birer çay kaşığı tuz, karabiber, pul biber ve kuru nane ilave ederek güzelce karıştırın.', 'İyice pişince tavuk sotenizi ocaktan alın ve servis edin. Afiyet olsun!']",TAVUK,239b56,/tarif/tavuk/,"['Tavuk', 'Ramazan', 'Video']","['pratik yemek tarifleri', 'ekonomik', 'akşam yemeği', 'öğle yemeği']","['Öğle Yemeği', 'Akşam Yemeği']","['Tencere', 'Ocak']","['Ekonomik', 'Glutensiz', 'Bol Proteinli', 'Düşük Kalorili']",False,1500,900,2015-08-17T14:19:38Z,4.0,783975,5977,False,True,True,0,,0,,,,2015/08/tavuk-sote-yemekcom.jpg,0,0,https://cdn.yemek.com/mnresize/940/940/uploads/2015/08/tavuk-sote-yemekcom.jpg,940,940,False,https://cdn.yemek.com/mncrop/300/200/uploads/2015/08/tavuk-sote-yemekcom.jpg,300,200,True,https://cdn.yemek.com/mncrop/940/625/uploads/2015/08/tavuk-sote-yemekcom.jpg,940,625,True,https://cdn.yemek.com/mncrop/620/388/uploads/2015/08/tavuk-sote-yemekcom.jpg,620,388,True,https://cdn.yemek.com/mncrop/600/315/uploads/2015/08/tavuk-sote-yemekcom.jpg,600,315,True,['bol proteinli'],,,,,
948,1843,Yasemin Özaltın,https://cdn.yemek.com/author/35533/20181219061403_avatar.jpg,/profil/yasemingursurer/,Pürüzsüz ve Yumuşacık: Patates Püresi,Patates Püresi,/tarif/patates-puresi/,30 dk,15 dk,"<p>Tereyağı ve süt ilavesiyle hazırlanan patates püresi, başlı başına ana yemek olarak servis edilebildiği gibi pek çok <a href=""https://yemek.com/tarif/"" target=""_blank"">yemek tarifinin</a> yanına yakışan kurtarıcı bir garnitür görevi üstlenir. Bu görev bazen öylesine mühim bir hal alır ki patates püresinin köfteden daha çok alkış aldığı, tavuğun sofrada gölgede bıraktığı, babası patatesi gururlandırdığı anlar vardır.</p>
<p>Her ne kadar çok kolay bir tarif gibi gözükse de patates püresi tarifini tam uygulamayan ve pürenin lezzetini bozuk poğaçaya benzetenler de vardır. O yüzden bu püre tarifine kulak verin.</p>
<p>Patates püresinde süt tadından hoşlananlar, bildik püre tariflerinin dışına çıkıyor ve patatesleri sütte haşlıyoruz.</p>
",recipe,"['tereyağı', 'tuz', 'süt', 'orta boy patates', 'karabiber (arzuya göre)']","['Kabukları soyulmuş patateslerinizi tencere alın ve üzerini geçecek kadar su ilave edin.', 'Ardından yumuşayana kadar pişmeye bırakın. Patateslerinizin pişip pişmediğini bir bıçak yardımıyla kontrol edin.', 'Yumuşayan patateslerinizin suyunu süzdürün. Üzerine tereyağı ilave ederek güzelce ezin.', 'Ardından tuz, karabiber ve sütü ekleyerek güzelce, pürüzsüz bir kıvam alana kadar ezmeye devam edin.', 'Patates püreniz hazır! Afiyet olsun.']",SEBZE,239b56,/tarif/sebze/,"['Sebze', 'Atıştırmalık', 'Video', 'Tuzlu Atıştırmalık', 'Mevsiminde']","['pratik yemek tarifleri', 'ekonomik', 'başlangıç']",['Başlangıç'],['Tencere'],['Ekonomik'],False,1800,900,2015-03-13T14:59:39Z,4.0,882052,5342,False,True,True,0,,0,,,,2015/03/patates-puresi-yemekcom.jpg,0,0,https://cdn.yemek.com/mnresize/940/940/uploads/2015/03/patates-puresi-yemekcom.jpg,940,940,False,https://cdn.yemek.com/mncrop/300/200/uploads/2015/03/patates-puresi-yemekcom.jpg,300,200,True,https://cdn.yemek.com/mncrop/940/625/uploads/2015/03/patates-puresi-yemekcom.jpg,940,625,True,https://cdn.yemek.com/mncrop/620/388/uploads/2015/03/patates-puresi-yemekcom.jpg,620,388,True,https://cdn.yemek.com/mncrop/600/315/uploads/2015/03/patates-puresi-yemekcom.jpg,600,315,True,"['tencere', 'vejetaryen', 'glutensiz', 'düşük karbonhidratlı']",,"['Haziran', 'Temmuz', 'Ağustos', 'Eylül']",,,
949,24008,Neşe Ümit Tan,https://cdn.yemek.com/author/208653/20190910030615_avatar.jpg,/profil/neseumit/,Terbiyesi Kesilmez: Pirinçli Yoğurt Çorbası,Pirinçli Yoğurt Çorbası,/tarif/pirincli-yogurt-corbasi/,25 dk,10 dk,"<p>Mevsim farketmeden afiyetle içilecek bir <a href=""https://yemek.com/tarif/corba/"" target=""_blank"">çorba</a> varsa o da tartışmasız pirinçli yoğurt çorbasıdır. <a href=""https://yemek.com/tarif/"" target=""_blank"">Yemek tarifleri</a> arasında özel bir yeri olan bu çorba o her daim tüketilecek kadar güzel lezzetini yoğurda borçlu. Üstelik hazırlaması da öyle pratik ki! Terbiyesi kesilmeyen, tadı damağınızda kalacak bu nefis lezzeti hazırlamak isteyenler için adım adım resimli anlatımla tarifimizi sizler için hazırladık.</p>
<p><a href=""https://yemek.com/tarif/yayla-corbasi/"" target=""_blank"">Yayla çorbasına</a> benzerliğiyle dikkat çeken, <a href=""https://yemek.com/yogurtlu-corba-tarifleri/"" target=""_blank"">yoğurtlu çorbaların </a>en güzellerinden pirinçli yoğurt çorbasını hazırlarken dikkat etmeniz gereken nokta terbiyesinin kesilmemesi için ısınan suyla ılıtmak ve tencereye eklerken muhakkak karıştırarak ve yavaş yavaş eklemek. Haydi bu nefis yoğurt çorbasını denemek isteyenler, hemen mutfağa!</p>
",recipe,"['pirinç', 'tereyağı', 'tuz', 'yumurta', 'un', 'su', 'yoğurt', 'kuru nane']","['Orta boy bir tencerenin içerisine suyu dökün. İçine pirinçleri ekleyin. Kısık ateşte pirinçler yumuşayana kadar pişirin.', 'Bir kabın içerisine\xa0yoğurt, yumurta ve unu aktarın.', 'Güzelce çırpın ve içerisinde unun topaklanmamasına özen gösterin.', 'Ocağın üzerinde pişen pirinçlerin suyundan bir kepçe alıp güzelce yoğurtlu karışıma yedirin. Ardından bu işlemi birkaç kepçe daha ilave ederek gerçekleştirin.', 'Ocakta pişmekte olan pirinçlerin üzerine yoğurtlu karışımı çok dikkatli bir şekilde, incecik bir ip halinde dökerek bir yandandan da karıştırın.', 'Bu şekilde tüm yoğurdu ilave ettikten sonra kaynayana kadar güzelce karıştırın. Kuru naneyi ve tuzunu da ilave edin.', 'Birkaç dakika daha ocakta pişirmeye devam edin. Bu aşamada kıvamı çok yoğunlaşırsa su ilave edebilirsiniz.', 'Ayrı bir tavanın içerisinde tereyağını eritin ve üzerine kuru naneyi ekleyerek hafifçe yakın. Servis etmeden önce çorbanızın üzerine gezdirin.', 'Ardından çorbanızı servis edin. Afiyetler olsun!']",ÇORBA,,/tarif/corba/,"['Çorba', 'Ramazan']","['pratik yemek tarifleri', 'ekonomik', 'başlangıç', 'akşam yemeği', 'öğle yemeği']","['Başlangıç', 'Öğle Yemeği', 'Akşam Yemeği']",['Tencere'],"['Ekonomik', 'Vejetaryen']",False,1500,600,2020-02-13T07:44:25Z,4.0,875331,5036,False,False,True,0,,0,,,,2019/05/pirincli-yogurt-corbasi-yeni.jpg,0,0,https://cdn.yemek.com/mnresize/940/940/uploads/2019/05/pirincli-yogurt-corbasi-yeni.jpg,940,940,False,https://cdn.yemek.com/mncrop/300/200/uploads/2019/05/pirincli-yogurt-corbasi-yeni.jpg,300,200,True,https://cdn.yemek.com/mncrop/940/625/uploads/2019/05/pirincli-yogurt-corbasi-yeni.jpg,940,625,True,https://cdn.yemek.com/mncrop/620/388/uploads/2019/05/pirincli-yogurt-corbasi-yeni.jpg,620,388,True,https://cdn.yemek.com/mncrop/600/315/uploads/2019/05/pirincli-yogurt-corbasi-yeni.jpg,600,315,True,"['tencere', 'vejetaryen']",greenLight,,,,
950,434,Cemre Özgüzel,https://cdn.yemek.com/author/109/20200211010242_avatar.jpg,/profil/cemre-ozguzel/,Çıtırlığını Uzun Süre Korur: Lokma Tatlısı,Lokma Tatlısı,/tarif/lokma-tatlisi/,20 dk,40 dk,"<p><a href=""https://yemek.com/tarif/serbetli-tatlilar/"" target=""_blank"">Şerbetli tatlı tariflerinin</a> en sevilenlerinden, özellikle İzmir ve çevresi başta olmak üzere Ege'de birçok sokakta mis gibi kokusuyla sizi karşılayan lokma tatlısı aslında evde de çok kolay bir şekilde hazırlanır!</p>
<p>Her evde bulunan malzemelerle yapılan lokma hamuru mis gibi kızartılır, tam kıvamında şerbetiyle buluştuğunda lezzeti devleşir. Porsiyonlaması ve ikramı kolay, sokak satıcısı ve yazlıkların gözde tatlısı lokma, şerbeti ile buluştuktan sonraysa ağızda öyle nefis bir tat bırakır ki bir yiyen bir daha ister.</p>
<p>Sözün kısası evde, ellerinizle hazırlayabileceğiniz en pratik şerbetli tatlılardan olan bu nefis <strong>gerçek lokma</strong> <a href=""https://yemek.com/tarif/tatli/"" target=""_blank"">tatlı</a>sı tarifini mutlaka deneyin.</p>
<p>Tabii yerken de ölçüyü kaçırmayın diyelim ve hemen <a href=""https://yemek.com/tarif/"" target=""_blank"">tarif</a>e geçelim. Şimdiden ellerinize sağlık. <img src=""https://cdn.yemek.com/assets/images/smiley/smile.png"" class=""wp-smiley img-responsive"" /></p>
",recipe,"['limon suyu', 'toz şeker', 'toz şeker', 'ayçiçek yağı', 'un', 'su', 'ılık su', 'kuru maya']","['Lokma tatlısı için 3,5 su bardağı unu geniş bir kabın içine alın ve ortasını havuz şeklinde açın. 1 paket kuru maya, 1 yemek kaşığı toz şeker ilave edin.', '2 su bardağı ılık suyu ilave ederek yoğurmaya başlayın. Ele yapışan ve cıvık bir hamur elde edin.', 'Hamurunuzun üzerini kapatın, oda sıcaklığında 1 saat mayalandırın.', 'Hamur mayalanırken şerbetini hazırlayın. Tencerenin içerisine 2 su bardağı toz şeker ve 1,5 su bardağı suyu aktarın. Şeker eriyince limon suyunu ilave edin. Hafif kaynayınca ocaktan alın ve soğumaya bırakın.', 'Mayalanan hamuru sıkma torbasına aktarın.', 'Yağlanmış mutfak makası yardımıyla hamurunuzdan küçük toplar kesin. Kızgın yağın içerisinde kızartın.', 'Kızan lokmaları kevgir yardımıyla alın ve soğuk şerbetin içerisine atın. 10 saniye kadar şerbetin içerisinde tutun.', 'Üzerine tarçın serperek nefis lokmalarınızı servis edebilirsiniz. Afiyet olsun.']",ŞERBETLİ TATLI,239b56,/tarif/serbetli-tatlilar/,"['Tatlı', 'Şerbetli Tatlı', 'Ramazan', 'Video']","['ekonomik', 'ara öğün']",['Çay Saati'],['Kızartma'],['Ekonomik'],False,1200,2400,2019-03-18T13:30:38Z,4.0,859996,2472,False,True,True,0,,0,,,,2014/08/lokma-yemekcom.jpg,0,0,https://cdn.yemek.com/mnresize/940/940/uploads/2014/08/lokma-yemekcom.jpg,940,940,False,https://cdn.yemek.com/mncrop/300/200/uploads/2014/08/lokma-yemekcom.jpg,300,200,True,https://cdn.yemek.com/mncrop/940/625/uploads/2014/08/lokma-yemekcom.jpg,940,625,True,https://cdn.yemek.com/mncrop/620/388/uploads/2014/08/lokma-yemekcom.jpg,620,388,True,https://cdn.yemek.com/mncrop/600/315/uploads/2014/08/lokma-yemekcom.jpg,600,315,True,"['vejetaryen', 'kızartma']",,,,,
951,10116,Neşe Ümit Tan,https://cdn.yemek.com/author/208653/20190910030615_avatar.jpg,/profil/neseumit/,İçi Yumuşak: Kakaolu Çatlak Kurabiye,Kakaolu Çatlak Kurabiye,/tarif/kakaolu-catlak-kurabiye/,8 dk,15 dk,"<p>Fırından nefis bir davetiye çıktı. Bu davetiye size mis kokulu keyif anlarına konuk olmanız için gönderildi. Göndereni ise <strong>kakaolu çatlak kurabiye</strong>! Görüntüsüyle dahi içimizi açan <a href=""https://yemek.com/tarif/kurabiye/"" target=""_blank"" rel=""noopener"">kurabiye</a>, yapımıyla da pek bir keyifli. Buzdolabımızda her daim bulunan malzemelerle hemencecik hazırlanıyor. İçine tereyağı yerine sıvı yağ giriyor, daha bir hafifliyor.</p>
<p>Gönderdiği davetiyeyi geri çevirmek olmaz. Biz de kendisini çayımızın yanına, kahvemizin baş ucuna, sütümüzün dibinde ağırlamak istiyoruz. Bu yüzden çıkardık malzemelerimizi, kaplarımızı. <a href=""https://yemek.com/tarif/"" target=""_blank"" rel=""noopener"">Tarif</a>imizi de tüm ayrıntılarına kadar anlattık. Aman dikkat! Minik püf noktalarını es geçmeyin.</p>",recipe,"['yumurta', 'toz şeker', 'sıvı yağ', 'kakao', 'vanilin', 'kabartma tozu', 'un', 'pudra şekeri']","['<p>Orta boy bir kabın içerisinde yumurta ve şekeri mikser ya da çırpma teli yardımıyla çırpın.</p>', '<p>Şekerler eriyip, karışımın rengi kırık beyaz hale geldiğinde sıvı yağ ekleyerek biraz daha çırpın.</p>', '<p>Üzerine kakao, kabartma tozu ve vanilini eleyin.</p>', '<p>Son olarak unu eleyin.\xa0Bir spatula yardımıyla malzemeler birleşinceye dek karıştırın. Hamurun kıvamı kurabiye hamuruna göre cıvık olacak ve daha çok brownie hamuruna benzeyecektir. Dilediğiniz kıvama gelen hamuru streç filme sararak en az 2 saat buzdolabında dinlenmeye bırakın.</p>', '<p>Dinlenen kurabiye hamurunuzu çıkarın. Hamurunuzdan ceviz büyüklüğünde toplar koparak minik toplar halinde şekil verin.</p>', '<p>Şekil verdiğiniz kurabiyeleri pudra şekeri ile kaplayın. Pudra şekeri ile kaplamış çatlak kurabiyelerinizi yağlı kağıt serdiğiniz tepsiye yerleştirin. Önceden ısıtılmış 180 derecelik fırında kontrollü bir şekilde yaklaşık\xa08-10 dakika pişirin.</p>', '<p>Pudra şekeri ile kaplamış çatlak kurabiyelerinizi yağlı kağıt serdiğiniz tepsiye yerleştirin.</p>', '<p>Önceden ısıtılmış 180 derecelik fırında kontrollü bir şekilde yaklaşık\xa08-10 dakika pişirin.</p>', '<p>Fırından çıkardıktan sonra\xa015-20 dakika kadar oda sıcaklığında dinlendirdikten sonra servis edin.</p>', '<p>Kakaolu çatlak kurabiyeleriniz hazır.</p>', '<p>Afiyet olsun!</p>']",TATLI KURABİYE,239b56,/tarif/tatli-kurabiyeler/,"['Kurabiye', 'Video', 'Tatlı Kurabiye']",,['Çay Saati'],['Fırın'],['Ekonomik'],False,480,900,2016-11-07T07:15:24Z,4.0,853260,6544,False,True,True,0,,0,,,,2016/11/kakaolu-catlak-kurabiye-yemekcom.jpg,0,0,https://cdn.yemek.com/mnresize/940/940/uploads/2016/11/kakaolu-catlak-kurabiye-yemekcom.jpg,940,940,False,https://cdn.yemek.com/mncrop/300/200/uploads/2016/11/kakaolu-catlak-kurabiye-yemekcom.jpg,300,200,True,https://cdn.yemek.com/mncrop/940/625/uploads/2016/11/kakaolu-catlak-kurabiye-yemekcom.jpg,940,625,True,https://cdn.yemek.com/mncrop/620/388/uploads/2016/11/kakaolu-catlak-kurabiye-yemekcom.jpg,620,388,True,https://cdn.yemek.com/mncrop/600/315/uploads/2016/11/kakaolu-catlak-kurabiye-yemekcom.jpg,600,315,True,,,,,,
952,2914,Yasemin Özaltın,https://cdn.yemek.com/author/35533/20181219061403_avatar.jpg,/profil/yasemingursurer/,Zeytinyağlıların En Şekeri: Taze Fasulye,Taze Fasulye,/tarif/taze-fasulye/,25 dk,20 dk,"<p>Tek tek kılçıkları ayıklanan, <a href=""https://yemek.com/tarif/zeytinyaglilar"" target=""_blank"">zeytinyağlı</a> tariflerin en makbulü, <a href=""https://yemek.com/tarif/"" target=""_blank"">yemek tariflerinin</a> en zarifi zeytinyağlı taze fasulye. Yerine göre jülyen şeklinde doğranan yeşil fasulyeleri, uç kısımlarını aldıktan sonra ortadan ikiye böldük. Sulu domates, kuru soğan ve sarımsak ilavesiyle tadına tat kattık.</p>
<p>Naneli <a href=""https://yemek.com/tarif/cacik/"" target=""_blank"">cacık</a>la güzel, her dem yenir zeytinyağlı taze fasulye. Videolu ve adım adım resimli yapılış aşamalarıyla şimdi karşınızda!</p>
<p>Ayrıca bunu seven bunu da sevdi: <a href=""https://yemek.com/tarif/kiymali-taze-fasulye/"" target=""_blank"">Kıymalı taze fasulye tarifi</a>!</p>
",recipe,"['sıcak su', 'tuz', 'toz şeker', 'sarımsak', 'zeytinyağı', 'büyük boy kuru soğan', 'taze fasulye', 'orta boy domates (etli ve sulu)']","['Kuru soğanları küçük küpler halinde kesin. Sarımsakları ince ince dilimleyin. Domatesleri rendeleyin. Fasulyeleri de ayıklayarak bir köşeye alın.5 yemek kaşığı zeytinyağını bir tencerede kızdırın.', 'Doğradığınız 1 adet büyük boy kuru soğan ve 2 diş doğranmış sarımsakları hafif bir renk alana kadar kavurun.', '600 gram doğranmış taze fasulyeyi de ekleyerek kavurma işlemini sürdürün.', '2 çay kaşığı tuz, 1 tatlı kaşığı toz şeker, 3 adet rendelenmiş domates ve 1 su bardağı sıcak suyu da ekledikten sonra güzelce karıştırın.', 'Kapağını kapatıp fasulyeler yumuşayana kadar kısık ateşte pişirmeye bırakın.', 'Arzuya göre ılık, fakat daha da lezzetli olması için soğuk olarak servis edin. Afiyet olsun!']",ZEYTİNYAĞLI,239b56,/tarif/zeytinyaglilar/,"['Sebze', 'Zeytinyağlı', 'Video', 'Mevsiminde']",,"['Öğle Yemeği', 'Akşam Yemeği']","['Tencere', 'Ocak']",,False,1500,1200,2019-05-15T06:39:55Z,4.0,841532,5174,False,True,True,0,,0,,,,2015/07/taze-fasulye-yemekcom.jpg,0,0,https://cdn.yemek.com/mnresize/940/940/uploads/2015/07/taze-fasulye-yemekcom.jpg,940,940,False,https://cdn.yemek.com/mncrop/300/200/uploads/2015/07/taze-fasulye-yemekcom.jpg,300,200,True,https://cdn.yemek.com/mncrop/940/625/uploads/2015/07/taze-fasulye-yemekcom.jpg,940,625,True,https://cdn.yemek.com/mncrop/620/388/uploads/2015/07/taze-fasulye-yemekcom.jpg,620,388,True,https://cdn.yemek.com/mncrop/600/315/uploads/2015/07/taze-fasulye-yemekcom.jpg,600,315,True,,,"['Nisan', 'Mayıs', 'Haziran', 'Temmuz']",,,
953,2602,Yasemin Özaltın,https://cdn.yemek.com/author/35533/20181219061403_avatar.jpg,/profil/yasemingursurer/,Kusursuz Kıvamda: Omlet,Omlet,/tarif/omlet/,3 dk,5 dk,"<p><a href=""https://yemek.com/tarif/kahvaltiliklar/"" target=""_blank"">Kahvaltıların</a> tadı tuzudur iyi yapılmış bir omlet. İçinde yer alan malzemeler değişiklik gösterse de kabarık bir <a href=""https://yemek.com/omlet-tarifleri/"" target=""_blank"">omlet tarifi</a> hazırlamak için 3 ya da 4 yumurtanız varsa o iş tamamdır! <img src=""https://cdn.yemek.com/assets/images/smiley/smile.png"" class=""wp-smiley img-responsive"" /> Arzuya göre 1 ya da 2 yumurta ile de tereyağı ve zeytinyağı oranını azaltarak <strong>sade omlet</strong> yapılabilir elbette. <strong>İyice çırpılan yumurtalar</strong> tavaya alınır ve kısa sürede pişirilir. Ne sulu ne de çok katı olmalıdır.</p>
<p>Sonrasında gelsin demli bir bardak çay ve kızarmış ekmekler. Haydi mutfağa, kusursuz kıvamda leziz mi leziz <strong>omlet tarifi</strong> yapıyoruz. Afiyetler olsun!</p>
",recipe,"['tereyağı', 'tuz', 'yumurta', 'zeytinyağı', 'taze çekilmiş tane karabiber']","['Omlet için derin bir karıştırma kasesinde 4 adet yumurtayı bir kasenin içerisine alın.', 'Yarım çay kaşığı tuz ve biberi birleştirin. Bir çırpıcı yardımıyla alttan üste doğru hava kabarcıkları oluşana kadar güzelce çırpın.', ""Tavanızı ısıtın ve 1'er yemek kaşığı tereyağı ve zeytinyağını kızdırın."", 'Ardından yumurta karışımını tavaya dökün. Ocağınızın altını kısın ve alt kısmı kızarana adar pişirin.', 'Omletin alt kısmı kızarıp, üst kısmı hafif sulu kaldığında tavanızı önce doğru eğip omleti ikiye katlayın.', '1-2 dakika daha bu şekilde pişirip ocaktan alın.', 'Soğumadan omleti kahvaltılıklarla servis edin. Afiyet olsun!']",KAHVALTILIK,239b56,/tarif/kahvaltiliklar/,"['Kahvaltılık', 'Video']",['kahvaltı'],['Kahvaltı'],['Tava'],['Bol Proteinli'],False,180,300,2022-08-24T11:20:10Z,4.0,828088,1909,False,True,True,0,,0,,,,2015/05/omlet-yemekcom.jpg,0,0,https://cdn.yemek.com/mnresize/940/940/uploads/2015/05/omlet-yemekcom.jpg,940,940,False,https://cdn.yemek.com/mncrop/300/200/uploads/2015/05/omlet-yemekcom.jpg,300,200,True,https://cdn.yemek.com/mncrop/940/625/uploads/2015/05/omlet-yemekcom.jpg,940,625,True,https://cdn.yemek.com/mncrop/620/388/uploads/2015/05/omlet-yemekcom.jpg,620,388,True,https://cdn.yemek.com/mncrop/600/315/uploads/2015/05/omlet-yemekcom.jpg,600,315,True,"['bol proteinli', 'glutensiz', 'düşük kalorili']",,,,,
954,8439,ipeksare,https://cdn.yemek.com/author/262494/20200820091315_avatar.jpg,/profil/ipeksare/,Evde Taş Fırın Lezzetinde: Lahmacun,Lahmacun,/tarif/lahmacun/,30 dk,25 dk,"<p>Lahmacun, yemesi en keyifli, en çok sevdiğimiz <a href=""https://yemek.com/tarif"" target=""_blank"">yemek tariflerinin</a> başında geliyor. Ancak onu evde tıpkı dışarıda yediklerimiz kadar nefis bir şekilde hazırlamak da mümkün. Yanına bolca <a href=""https://yemek.com/tarif/sumakli-sogan-salatasi/"" target=""_blank"">sumaklı soğan</a>la servis etmelik nefis bir lahmacun yapalım hadi gelin. İhtiyacınız olan malzemeleri bir bir anlatıyoruz. <img src=""https://cdn.yemek.com/assets/images/smiley/smile.png"" class=""wp-smiley img-responsive"" /></p>
<p>Böylesine lezzetli, doyurucu bu lezzeti bu sefer evde yapmak için sıvadık kollarımızı. Hamurunu sevgi ile mayalandırdık ve işte karşınızda en güzel ve en kolay haliyle ev yapımı gerçek lahmacun <a href=""https://yemek.com/tarif/"" target=""_blank"">tarifi</a>! Bu tarifle keyifli hafta sonu sofralarınıza geleneksel bir dokunuş yapabilir, çıtır çıtır lahmacun hamurunun sesini evinizden eksik etmeyebilirsiniz. Bizden söylemesi...</p>
",recipe,"['biber salçası', 'tuz', 'tuz', 'pul biber', 'toz şeker', 'un', 'maydanoz', 'su', 'su', 'domates salçası', 'domates', 'yeşil biber', 'kırmızı biber', 'toz kırmızı biber', 'soğan', 'sıvı yağ', 'yağlı dana kıyma']","['Mutfak robotuna kırmızı biberleri, yeşil biberleri, soğanları ve domatesleri ilave edin.', 'Tamamen püre haline gelmeyecek şekilde çekin.', 'Maydanozları da ekleyin ve 10 saniye kadar daha çekin.', 'Domates salçası, biber salçası, sıvı yağ ve suyu ekleyin. Son olarak kıymayı ekleyerek güzelce yoğurun.Lahmacunun lezzetli olması için harcınızın cıvık bir kıvamda olması gerekir. Yeteri kadar cıvık bir kıvamda değilse, biraz su ekleyebilirsiniz.', 'Hazırladığınız harcı vaktiniz varsa bir süre buzdolabında dinlendirin.', 'Harcınız dinlenirken, hamurunuzu yapmaya başlayın.\xa0Suyu bir kaba dökün, üzerine tuz ve şekeri ilave ederek güzelce karıştırın. Azar azar da un ilave edin. Orta sertliğe ulaşana dek yoğurun.', 'Hamuru bir silindir haline getirip eşit parçalara bölün. Aynı büyüklükte lahmacunlar yapabilmek için hamurlarınızın ağırlığı da eşit olmalıdır. Bezeleri bir süre dinlenmeye bırakın.', 'Hazırladığınız bezeleri yemek tabağı büyüklüğünde açın. Mümkün olduğu kadar ince açmanız önemlidir. Bu sırada fırınınızı 250 derece fanlı ve alt-üst açık olacak şekilde açın. Güzelce ısıtın.', 'Açtığınız hamurların üzerine kıymalı harcı yayın. Fırının tabanına yağlı kağıt ile birlikte yerleştirin ve 7-10 dakika altı kızarana kadar pişirin.', 'Sumaklı soğan, maydanoz ve bol limonla servis edin.', 'Afiyet olsun!']",PİDE,239b56,/tarif/pide/,"['Hamur İşi', 'Pide', 'Video']","['pratik yemek tarifleri', 'ekonomik', 'başlangıç', 'ara öğün', 'akşam yemeği', 'öğle yemeği']","['Başlangıç', 'Öğle Yemeği', 'Akşam Yemeği']",['Fırın'],,False,1800,1500,2020-04-13T07:46:32Z,4.0,828058,5659,False,True,True,0,,0,,,,2020/04/lahmacun-yemekcom-1.jpg,0,0,https://cdn.yemek.com/mnresize/940/940/uploads/2020/04/lahmacun-yemekcom-1.jpg,940,940,False,https://cdn.yemek.com/mncrop/300/200/uploads/2020/04/lahmacun-yemekcom-1.jpg,300,200,True,https://cdn.yemek.com/mncrop/940/625/uploads/2020/04/lahmacun-yemekcom-1.jpg,940,625,True,https://cdn.yemek.com/mncrop/620/388/uploads/2020/04/lahmacun-yemekcom-1.jpg,620,388,True,https://cdn.yemek.com/mncrop/600/315/uploads/2020/04/lahmacun-yemekcom-1.jpg,600,315,True,['fırın'],,,,,
955,78,Neşe Ümit Tan,https://cdn.yemek.com/author/208653/20190910030615_avatar.jpg,/profil/neseumit/,"Kokusu Mis, Dokusu Nefis: Limonlu Kek",Limonlu Kek,/tarif/limonlu-kek/,40 dk,15 dk,"<p>Limonlu kek kendine has aroması, buram buram mutfağı dolduran misler gibi kokusuyla en çok tercih edilen <a href=""https://yemek.com/tarif/kek/"" target=""_blank"">pratik kek tariflerinden</a> birisi. 10 dakikada fırına vermeye hazır kek harcıyla çat kapı gelen misafirleriniz için paha biçilemez <a href=""https://yemek.com/tarif/tatli-kek/"" target=""_blank"">tatlı kek tariflerinden</a> birisi olan limonlu kek, herkesin severek yiyeceği puf puf kabaran yumuş yumuş bir kek.</p>
<p>Büyükten küçüğe herkesin severek yiyeceği, hafif lezzetine ve yumuşaklığına bayılacağı bir <a href=""https://yemek.com/tarif/tatli/"" target=""_blank"">tatlı</a> kek tarifi bu. Deneyenlerin sizden tarifini isteyeceğinize eminiz! Fırınlar ısıtılsın, kek kalıpları meydana çıksın, bugün mutfakta limonlu kek pişecek! Şimdiden afiyetler olsun!</p>
",recipe,"['tereyağı', 'limon suyu', 'yumurta', 'toz şeker', 'rendelenmiş limon kabuğu', 'ayçiçek yağı', 'süt', 'un', 'kabartma tozu', 'vanilin']","['Yumurta ve toz şekeri, bir çırpıcı yardımıyla krema halini alana kadar çırpın.', 'Sırasıyla; süt, ayçiçek yağı ve limon suyunu ilave edip, 2 dakika daha çırpın.', 'Elenmiş un, kabartma tozu, vanilya ve rendelenmiş limon kabuğunu ekledikten sonra karıştırın.', 'Yağladığınız kek kalıbına harcı boşaltın ve eşit oranda kabarması için üzerini bir spatula yardımıyla düzeltin.Hazırladığınız limonlu keki, önceden ısıtılmış 170 derece fırında 40 dakika pişirin.', 'İçini çekmesi için keki dinlendirdikten sonra kalıbından çıkartın ve dilimleyerek servis edin. Sevdiklerinizle paylaşın.']",TATLI KEK,239b56,/tarif/tatli-kek/,"['Kek', 'Tatlı Kek', 'Mevsiminde']","['ekonomik', 'çay saati']",['Çay Saati'],['Fırın'],['Vejetaryen'],False,2400,900,2021-03-19T07:30:13Z,4.0,810627,4819,False,False,True,0,,0,,,,2020/01/limonlu-kek-tarifi-yeni-one-cikan.jpg,0,0,https://cdn.yemek.com/mnresize/940/940/uploads/2020/01/limonlu-kek-tarifi-yeni-one-cikan.jpg,940,940,False,https://cdn.yemek.com/mncrop/300/200/uploads/2020/01/limonlu-kek-tarifi-yeni-one-cikan.jpg,300,200,True,https://cdn.yemek.com/mncrop/940/625/uploads/2020/01/limonlu-kek-tarifi-yeni-one-cikan.jpg,940,625,True,https://cdn.yemek.com/mncrop/620/388/uploads/2020/01/limonlu-kek-tarifi-yeni-one-cikan.jpg,620,388,True,https://cdn.yemek.com/mncrop/600/315/uploads/2020/01/limonlu-kek-tarifi-yeni-one-cikan.jpg,600,315,True,['fırın'],,"['Ocak', 'Eylül']",,,
956,130,Yasemin Özaltın,https://cdn.yemek.com/author/35533/20181219061403_avatar.jpg,/profil/yasemingursurer/,Dakikalar İçinde Sofrada: Mantarlı Tavuk Sote,Mantarlı Tavuk Sote,/tarif/mantarli-tavuk-sote/,20 dk,10 dk,"<p>Pratik ama bir o kadar da doyurucu, besleyici ve lezzetli bir <a href=""https://yemek.com/tarif/"" target=""_blank"">yemek tarifi</a> yapmak isteyenleri böyle alabilir miyiz? Sizin için nefis bir önerimiz var.</p>
<p>Mantar sote bu sefer <a href=""https://yemek.com/tarif/tavuk/"" target=""_blank"">tavuk</a>la buluşuyor ve besin değerini arttırıyor. <strong>Kısa sürede hazırlayabileceğiniz bu pratik tarifi</strong> <a href=""https://yemek.com/tarif/bulgur-pilavi/"" target=""_blank"">bulgur pilavı</a> ya da yeşil <a href=""https://yemek.com/tarif/salata/"" target=""_blank"">salata</a> ile tamamlayarak doyurucu bir öğün oluşturabilirsiniz. Tavuklu mantar sote için buyurun mutfağa!</p>
",recipe,"['tuz', 'kültür mantarı', 'zeytinyağı', 'kuşbaşı tavuk göğsü', 'domates', 'yeşil biber', 'taze çekilmiş renkli tane karabiber', 'kekik', 'kapya biber']","['3 yemek kaşığı zeytinyağını tavada kızdırın. 600 gram kuşbaşı doğranmış tavuk göğüslerini, suyunu salmaması için yüksek ateşte soteleyin.', 'Ardından 2 adet doğranmış yeşil ve kırmızı biberleri ekleyip sotelemeye devam edin.', '300 gram doğranmış mantarı da ekleyip, suyunu salıp çekene kadar, soteleme işlemini 10 dakika kadar sürdürün.', 'Son olarak; 1 adet kabukları soyulup doğranmış domates, 1 çay kaşığı tuz, 1 çay kaşığı çekilmiş tane karabiber ve 1 tatlı kaşığı kekiği de ekleyin.', '15 dakika kadar pişmeye bırakın.', 'Domatesler suyunu çektiğinde mantarlı tavuk soteniz hazır demektir. Afiyet olsun!']",TAVUK,239b56,/tarif/tavuk/,"['Tavuk', 'Ramazan', 'Video', 'Sulu Yemek']","['pratik yemek tarifleri', 'ekonomik', 'akşam yemeği', 'diyet', 'öğle yemeği']","['Öğle Yemeği', 'Akşam Yemeği']","['Tencere', 'Ocak']",['Bol Proteinli'],False,1200,600,2014-06-16T14:34:43Z,4.0,809161,9062,False,True,True,0,,0,,,,2014/06/mantarli-tavuk-sote-yemekcom.jpg,0,0,https://cdn.yemek.com/mnresize/940/940/uploads/2014/06/mantarli-tavuk-sote-yemekcom.jpg,940,940,False,https://cdn.yemek.com/mncrop/300/200/uploads/2014/06/mantarli-tavuk-sote-yemekcom.jpg,300,200,True,https://cdn.yemek.com/mncrop/940/625/uploads/2014/06/mantarli-tavuk-sote-yemekcom.jpg,940,625,True,https://cdn.yemek.com/mncrop/620/388/uploads/2014/06/mantarli-tavuk-sote-yemekcom.jpg,620,388,True,https://cdn.yemek.com/mncrop/600/315/uploads/2014/06/mantarli-tavuk-sote-yemekcom.jpg,600,315,True,"['tencere', 'bol proteinli', 'düşük kalorili']",,['Eylül'],,,
957,442,Yasemin Özaltın,https://cdn.yemek.com/author/35533/20181219061403_avatar.jpg,/profil/yasemingursurer/,Katkı Maddesiz: Ev Yapımı Limonata,Ev Yapımı Limonata,/tarif/ev-yapimi-limonata/,20 dk,20 dk,"<p>Pratik bir şekilde, katkı maddesiz, buzdolabında serin serin muhafaza edilebilecek, ikramlık ev yapımı limonata hazırlamak çok zevkli.</p>
<p>Türk yemek sektöründe, restoranlarda, kafelerde yaz cemresidir limonata. Eskiden sadece tek başına içilen bir şeyken şimdilerde kolaya, ayrana ve hatta kahveye rakip olup <a href=""https://yemek.com/tarif/makarna/"" target=""_blank"">makarnanın</a>, <a href=""https://yemek.com/tarif/tavuk/"" target=""_blank"">tavuk yemeklerinin</a> ve hatta <a href=""https://yemek.com/tarif/et"" target=""_blank"">et yemeklerinin</a> yanında boy göstermeye başladı. Yazın en güzel şeylerinden biri limonata ve inanın birçok yemeğe de çok yakışıyor.</p>
<p>Ev yapımı gerçek limonata ise hiçbir mekanın size aynı lezzette yardımcı olamayacağı kadar güzel. İnsanın aklına babaanne evinde klasik sürahi içinde içilen günleri getirecek kadar nostaljik. Daha bacak kadarken doğum günü pastasının yanında içilecek kadar duygusal. İyi ki var.</p>
<p>Bu kadar konuştuktan sonra buzlukta da saklanabilecek, kolay mı kolay, portakalsız limonata tarifini yapmamak, serinlememek, ferahlamamak olmaz.</p>
<p>Ev yapımı limonata nasıl yapılır? diyenler haydi mutfağa.</p>
",recipe,"['nane', 'toz şeker', 'limon', 'buz', 'içme suyu']","['Bol suda yıkadığınız 10 adet limonun, kabuklarını rendenin kalın tarafıyla rendeleyin. Beyaz kısımlarını almamaya özen gösterin.', 'Kabuğu rendelenmiş dört adet limonu ortadan ikiye kesin ve suyunu sıkın. Kalan limonları küçük parçalar halinde dilimleyin.', '2 su bardağı toz şeker ve taze sıkılmış limonların suyunu karıştırın.', 'Rendelenmiş limon kabuklarını, limon parçaları ve ayıkladığınız 1 demet nane yapraklarının yarısını da ekledikten sonra şeker tamamen eriyip, tüm limonların suyu çıkana kadar yoğurun.', 'Nane yapraklarını da ekleyin.', 'Özünün çıkması için bu karışımı tel bir süzgeç yardımıyla\xa0bir kaseye süzün.', '5 su bardağı içme suyunu ekledikten sonra limonatayı buzdolabında soğutun.', '2 su bardağı buz ilavesiyle karıştırdıktan sonra\xa0 keyfini çıkararak için. Afiyet olsun!']",İÇECEK,239b56,/tarif/icecekler/,"['İçecek', 'Video', 'Mevsiminde']","['pratik yemek tarifleri', 'ekonomik', 'ara öğün', 'çay saati']","['Ara Öğün', 'Çay Saati']",,['Ekonomik'],False,1200,1200,2021-03-25T06:00:50Z,4.0,786118,3534,False,True,True,0,,0,,,,2014/08/ev-yapimi-limonata-yemekcom.jpg,0,0,https://cdn.yemek.com/mnresize/940/940/uploads/2014/08/ev-yapimi-limonata-yemekcom.jpg,940,940,False,https://cdn.yemek.com/mncrop/300/200/uploads/2014/08/ev-yapimi-limonata-yemekcom.jpg,300,200,True,https://cdn.yemek.com/mncrop/940/625/uploads/2014/08/ev-yapimi-limonata-yemekcom.jpg,940,625,True,https://cdn.yemek.com/mncrop/620/388/uploads/2014/08/ev-yapimi-limonata-yemekcom.jpg,620,388,True,https://cdn.yemek.com/mncrop/600/315/uploads/2014/08/ev-yapimi-limonata-yemekcom.jpg,600,315,True,,,"['Haziran', 'Temmuz', 'Ağustos', 'Eylül']",,,
958,3233,Yasemin Özaltın,https://cdn.yemek.com/author/35533/20181219061403_avatar.jpg,/profil/yasemingursurer/,"Yumuşacık, Sulu Sulu Pişer: Tavuk Sote",Tavuk Sote,/tarif/tavuk-sote/,25 dk,15 dk,"<p><a href=""https://yemek.com/tarif/"" target=""_blank"">Yemek tariflerinin</a> en sevilenlerinden tavuk sote tarifinde zaman önemli. Aslına bakarsanız sote işlemi de uzun lafın kısası bir pişirme yöntemi. Kızgın tavada, yüksek ateş üzerinde alt üst edilen sebze ve et karışımları renk, doku ve tatlarını kaybetmeden kısa sürede pişiyor. Etler sertleşmiyor, sebzeler kurumuyor. Size de pratik ve kolay bir yöntemle hazırlanan bu <a href=""https://yemek.com/tarif/tavuk/"" target=""_blank"">tavuk tarifinin</a> keyfini ağız tadıyla çıkartmak düşüyor.</p>
<p>Tavada sote edilen yiyeceklerin sık sık sallanarak karıştırılması da ayrı bir konu. Et ve sebzelerin küçük ve birbirine yakın boyutlarda kesilmesi öneriliyor. Kullanılan etlerin olabildiğine körpe ve sinirsiz, baharatlarla önceden tatlandırılmış olması gerekiyor.</p>
<p>Teknik detayları bir kenara bıraktığımızda, pratik ve lezzetli tarifler arasında ilk üçe girebileceğini de söyleyebiliriz tavuk sote için (<a href=""https://yemek.com/tarif/sebzeli-tavuk-sote/"" target=""_blank"">sebzeli tavuk sote</a> ve <a href=""https://yemek.com/tarif/mantarli-tavuk-sote/"" target=""_blank"">mantarlı tavuk sote</a> için de aynı şekilde!). Pilava eşlik eder, yoğurtla anlaşır, salata onu sever, misafir gelse masada olur. Evde tek başına olsan, seni yalnız bırakmaz.</p>
<p>Bu kadar bilginin üzerine kolay ve lezzetli tavuk sote tarifini hak ettik sanırız. Adım adım resimli anlatımı ve videosuyla karşınızda tavuk sote!</p>
",recipe,"['tuz', 'pul biber', 'karabiber', 'yeşil biber', 'kırmızı biber', 'tavuk göğsü', 'kuru nane', 'soğan', 'doğranmış domates', 'sıvı yağ']","['Tavanın içerisine 2 yemek kaşığı sıvı yağı alın ve üzerine 300 gram kuşbaşı doğranmış tavuğu ilave ederek yüksek ateşte soteleyin.', 'Pişen tavukların üzerine 1 adet doğranmış soğanı ilave ederek sotelemeye devam edin.\xa0 1', 'adet doğranmış yeşil biber ve yarım adet doğranmış kapya biberi de ekleyin.', '1 adet doğranmış domatesi de tavanın içerisine aktarın.', 'Biraz suyunu çektikten sonra sırasıyla birer çay kaşığı tuz, karabiber, pul biber ve kuru nane ilave ederek güzelce karıştırın.', 'İyice pişince tavuk sotenizi ocaktan alın ve servis edin. Afiyet olsun!']",TAVUK,239b56,/tarif/tavuk/,"['Tavuk', 'Ramazan', 'Video']","['pratik yemek tarifleri', 'ekonomik', 'akşam yemeği', 'öğle yemeği']","['Öğle Yemeği', 'Akşam Yemeği']","['Tencere', 'Ocak']","['Ekonomik', 'Glutensiz', 'Bol Proteinli', 'Düşük Kalorili']",False,1500,900,2015-08-17T14:19:38Z,4.0,783975,5977,False,True,True,0,,0,,,,2015/08/tavuk-sote-yemekcom.jpg,0,0,https://cdn.yemek.com/mnresize/940/940/uploads/2015/08/tavuk-sote-yemekcom.jpg,940,940,False,https://cdn.yemek.com/mncrop/300/200/uploads/2015/08/tavuk-sote-yemekcom.jpg,300,200,True,https://cdn.yemek.com/mncrop/940/625/uploads/2015/08/tavuk-sote-yemekcom.jpg,940,625,True,https://cdn.yemek.com/mncrop/620/388/uploads/2015/08/tavuk-sote-yemekcom.jpg,620,388,True,https://cdn.yemek.com/mncrop/600/315/uploads/2015/08/tavuk-sote-yemekcom.jpg,600,315,True,['bol proteinli'],,,,,
959,131,Yasemin Özaltın,https://cdn.yemek.com/author/35533/20181219061403_avatar.jpg,/profil/yasemingursurer/,Lezzet Sırlarıyla: Lazanya,Lazanya,/tarif/lazanya/,25 dk,20 dk,"<p>Lazanya, köken itibarıyla <a href=""https://yemek.com/italyan-tarifleri/"">İtalyan</a> olmasa da damak zevkimize uygunluğuyla neredeyse artık bizden biri.</p>
<p>Lazanya, <a href=""https://yemek.com/tarif/makarna/"" target=""_blank"">makarna</a> hamuruyla yapılan, plaka halinde paketlenen, genellikle <a href=""https://yemek.com/tarif/bolonez-sos/"" target=""_blank"">bolonez sosu</a> ile birlikte fırında pişirilen <strong>İtalyan mutfağına ait</strong> nefis bir lezzet. %100 ev yapımı yapmak isterseniz de lazanya hamurunuzu evinizde de hazırlayabilirsiniz: <a href=""https://yemek.com/lazanya-hamuru-nasil-yapilir/"" target=""_blank"">Lazanya Hamuru Nasıl Yapılır?</a></p>
<p>Bu nefis lezzet bizim damak tadımıza çok yakın bir lezzet olunca onu çok sevdik ve her yediğimizde bayıldık. İçine biraz sevgimizi, biraz da elimizin lezzetini, damak zevkimizi kattık. Umarız lazanya tarifimiz sizin de favoriniz olur.</p>
",recipe,"['tereyağı', 'tereyağı', 'tuz', 'ayçiçek yağı', 'un', 'karabiber', 'karabiber', 'rendelenmiş kaşar peyniri', 'havuç', 'orta yağlı kıyma', 'defne yaprağı', 'soğuk süt', 'rendelenmiş muskat cevizi', 'rendelenmiş domates', 'soğan', 'bezelye', 'lazanya yaprağı', 'ezilmiş sarımsak']","['Lazanya tarifi için ayçiçek yağını ve tereyağı bir tavada kızdırın. Doğranmış soğanları 3- 4 dakika kadar kavurun.\xa0Üzerine havuçları ekleyip 3-4 dakika daha kavurmaya devam edin.', 'Kavrulan havuç ve soğanların üzerine kıymayı ekleyin ve suyunu salıp çekene kadar kavurun.', 'Sarımsak, tuz ve karabiberi ekleyin. Son olarak rendelenmiş domates ve defne yaprağını ekleyip harcı pişmeye bırakın.', 'Domates, suyunu biraz çektikten sonra içerisine bezelyeyi de ekleyin ve iç harcını pişirmeye devam edin.', 'Tüm malzemeler güzelce pişince iç harcınız hazır.', 'Beşamel sosu hazırlamak için; tereyağını sos tenceresinde eritin. Unu, kokusu çıkıp renk alana kadar kavurun.', 'Kavrulan una soğuk sütü ekleyin ve bir çırpıcı yardımıyla sürekli karıştırarak pişirin. Pişmeyen lazanya yaprakları kullandığınızda, normale göre beşamel sosunuzu daha sıvı olması gerekir. Bu yüzden çok kıvamlı olmamasına özen gösterin.', 'Karabiber ve rendelenmiş muskat cevizini ekledikten sonra ocaktan alın.', 'Fırın kabının tabanına biraz beşamel sos ve iç harçtan yayıp lazanya yapraklarını dizin.', 'Sırasıyla; kıymalı harç, beşamel sos ve\xa0 bir parça rendelenmiş kaşar peyniri ekleyin.', 'Lazanyanın en üst katı için beşamel sos ve rendelenmiş kaşar peyniri ayırdıktan sonra bu işlemi sırasıyla tüm lazanya yaprakları için tekrarlayın.', 'Kalan beşamel sos ve rendelenmiş kaşar peyniri ile lazanyanın üzerini kaplayın. Önceden ısıtılmış 180 derece fırında 20-25 dakika pişirin. Pişirme süresi fırından fırına değişiklik gösterebilir. Piştiğinden emin olana kadar kontrollü olarak pişirin.', 'Fırından çıkan lazanyayı dilimledikten sonra ılık olarak servis edin. Sevdiklerinizle paylaşın.']",MAKARNA,239b56,/tarif/makarna/,"['Makarna', 'Video', 'Dünya Mutfakları']","['seksi tarifler', 'ekonomik', 'akşam yemeği', 'öğle yemeği']","['Öğle Yemeği', 'Akşam Yemeği']",['Fırın'],['Bol Proteinli'],False,1500,1200,2022-04-13T06:49:48Z,4.0,781532,6296,False,True,True,0,,0,,,,2014/06/lazanya-ytk-yemekcom.jpg,0,0,https://cdn.yemek.com/mnresize/940/940/uploads/2014/06/lazanya-ytk-yemekcom.jpg,940,940,False,https://cdn.yemek.com/mncrop/300/200/uploads/2014/06/lazanya-ytk-yemekcom.jpg,300,200,True,https://cdn.yemek.com/mncrop/940/625/uploads/2014/06/lazanya-ytk-yemekcom.jpg,940,625,True,https://cdn.yemek.com/mncrop/620/388/uploads/2014/06/lazanya-ytk-yemekcom.jpg,620,388,True,https://cdn.yemek.com/mncrop/600/315/uploads/2014/06/lazanya-ytk-yemekcom.jpg,600,315,True,"['tencere', 'fırın']",,,['İtalya'],,
960,24008,Neşe Ümit Tan,https://cdn.yemek.com/author/208653/20190910030615_avatar.jpg,/profil/neseumit/,Terbiyesi Kesilmez: Pirinçli Yoğurt Çorbası,Pirinçli Yoğurt Çorbası,/tarif/pirincli-yogurt-corbasi/,25 dk,10 dk,"<p>Mevsim farketmeden afiyetle içilecek bir <a href=""https://yemek.com/tarif/corba/"" target=""_blank"">çorba</a> varsa o da tartışmasız pirinçli yoğurt çorbasıdır. <a href=""https://yemek.com/tarif/"" target=""_blank"">Yemek tarifleri</a> arasında özel bir yeri olan bu çorba o her daim tüketilecek kadar güzel lezzetini yoğurda borçlu. Üstelik hazırlaması da öyle pratik ki! Terbiyesi kesilmeyen, tadı damağınızda kalacak bu nefis lezzeti hazırlamak isteyenler için adım adım resimli anlatımla tarifimizi sizler için hazırladık.</p>
<p><a href=""https://yemek.com/tarif/yayla-corbasi/"" target=""_blank"">Yayla çorbasına</a> benzerliğiyle dikkat çeken, <a href=""https://yemek.com/yogurtlu-corba-tarifleri/"" target=""_blank"">yoğurtlu çorbaların </a>en güzellerinden pirinçli yoğurt çorbasını hazırlarken dikkat etmeniz gereken nokta terbiyesinin kesilmemesi için ısınan suyla ılıtmak ve tencereye eklerken muhakkak karıştırarak ve yavaş yavaş eklemek. Haydi bu nefis yoğurt çorbasını denemek isteyenler, hemen mutfağa!</p>
",recipe,"['pirinç', 'tereyağı', 'tuz', 'yumurta', 'un', 'su', 'yoğurt', 'kuru nane']","['Orta boy bir tencerenin içerisine suyu dökün. İçine pirinçleri ekleyin. Kısık ateşte pirinçler yumuşayana kadar pişirin.', 'Bir kabın içerisine\xa0yoğurt, yumurta ve unu aktarın.', 'Güzelce çırpın ve içerisinde unun topaklanmamasına özen gösterin.', 'Ocağın üzerinde pişen pirinçlerin suyundan bir kepçe alıp güzelce yoğurtlu karışıma yedirin. Ardından bu işlemi birkaç kepçe daha ilave ederek gerçekleştirin.', 'Ocakta pişmekte olan pirinçlerin üzerine yoğurtlu karışımı çok dikkatli bir şekilde, incecik bir ip halinde dökerek bir yandandan da karıştırın.', 'Bu şekilde tüm yoğurdu ilave ettikten sonra kaynayana kadar güzelce karıştırın. Kuru naneyi ve tuzunu da ilave edin.', 'Birkaç dakika daha ocakta pişirmeye devam edin. Bu aşamada kıvamı çok yoğunlaşırsa su ilave edebilirsiniz.', 'Ayrı bir tavanın içerisinde tereyağını eritin ve üzerine kuru naneyi ekleyerek hafifçe yakın. Servis etmeden önce çorbanızın üzerine gezdirin.', 'Ardından çorbanızı servis edin. Afiyetler olsun!']",ÇORBA,,/tarif/corba/,"['Çorba', 'Ramazan']","['pratik yemek tarifleri', 'ekonomik', 'başlangıç', 'akşam yemeği', 'öğle yemeği']","['Başlangıç', 'Öğle Yemeği', 'Akşam Yemeği']",['Tencere'],"['Ekonomik', 'Vejetaryen']",False,1500,600,2020-02-13T07:44:25Z,4.0,875331,5036,False,False,True,0,,0,,,,2019/05/pirincli-yogurt-corbasi-yeni.jpg,0,0,https://cdn.yemek.com/mnresize/940/940/uploads/2019/05/pirincli-yogurt-corbasi-yeni.jpg,940,940,False,https://cdn.yemek.com/mncrop/300/200/uploads/2019/05/pirincli-yogurt-corbasi-yeni.jpg,300,200,True,https://cdn.yemek.com/mncrop/940/625/uploads/2019/05/pirincli-yogurt-corbasi-yeni.jpg,940,625,True,https://cdn.yemek.com/mncrop/620/388/uploads/2019/05/pirincli-yogurt-corbasi-yeni.jpg,620,388,True,https://cdn.yemek.com/mncrop/600/315/uploads/2019/05/pirincli-yogurt-corbasi-yeni.jpg,600,315,True,"['tencere', 'vejetaryen']",greenLight,,,,
961,434,Cemre Özgüzel,https://cdn.yemek.com/author/109/20200211010242_avatar.jpg,/profil/cemre-ozguzel/,Çıtırlığını Uzun Süre Korur: Lokma Tatlısı,Lokma Tatlısı,/tarif/lokma-tatlisi/,20 dk,40 dk,"<p><a href=""https://yemek.com/tarif/serbetli-tatlilar/"" target=""_blank"">Şerbetli tatlı tariflerinin</a> en sevilenlerinden, özellikle İzmir ve çevresi başta olmak üzere Ege'de birçok sokakta mis gibi kokusuyla sizi karşılayan lokma tatlısı aslında evde de çok kolay bir şekilde hazırlanır!</p>
<p>Her evde bulunan malzemelerle yapılan lokma hamuru mis gibi kızartılır, tam kıvamında şerbetiyle buluştuğunda lezzeti devleşir. Porsiyonlaması ve ikramı kolay, sokak satıcısı ve yazlıkların gözde tatlısı lokma, şerbeti ile buluştuktan sonraysa ağızda öyle nefis bir tat bırakır ki bir yiyen bir daha ister.</p>
<p>Sözün kısası evde, ellerinizle hazırlayabileceğiniz en pratik şerbetli tatlılardan olan bu nefis <strong>gerçek lokma</strong> <a href=""https://yemek.com/tarif/tatli/"" target=""_blank"">tatlı</a>sı tarifini mutlaka deneyin.</p>
<p>Tabii yerken de ölçüyü kaçırmayın diyelim ve hemen <a href=""https://yemek.com/tarif/"" target=""_blank"">tarif</a>e geçelim. Şimdiden ellerinize sağlık. <img src=""https://cdn.yemek.com/assets/images/smiley/smile.png"" class=""wp-smiley img-responsive"" /></p>
",recipe,"['limon suyu', 'toz şeker', 'toz şeker', 'ayçiçek yağı', 'un', 'su', 'ılık su', 'kuru maya']","['Lokma tatlısı için 3,5 su bardağı unu geniş bir kabın içine alın ve ortasını havuz şeklinde açın. 1 paket kuru maya, 1 yemek kaşığı toz şeker ilave edin.', '2 su bardağı ılık suyu ilave ederek yoğurmaya başlayın. Ele yapışan ve cıvık bir hamur elde edin.', 'Hamurunuzun üzerini kapatın, oda sıcaklığında 1 saat mayalandırın.', 'Hamur mayalanırken şerbetini hazırlayın. Tencerenin içerisine 2 su bardağı toz şeker ve 1,5 su bardağı suyu aktarın. Şeker eriyince limon suyunu ilave edin. Hafif kaynayınca ocaktan alın ve soğumaya bırakın.', 'Mayalanan hamuru sıkma torbasına aktarın.', 'Yağlanmış mutfak makası yardımıyla hamurunuzdan küçük toplar kesin. Kızgın yağın içerisinde kızartın.', 'Kızan lokmaları kevgir yardımıyla alın ve soğuk şerbetin içerisine atın. 10 saniye kadar şerbetin içerisinde tutun.', 'Üzerine tarçın serperek nefis lokmalarınızı servis edebilirsiniz. Afiyet olsun.']",ŞERBETLİ TATLI,239b56,/tarif/serbetli-tatlilar/,"['Tatlı', 'Şerbetli Tatlı', 'Ramazan', 'Video']","['ekonomik', 'ara öğün']",['Çay Saati'],['Kızartma'],['Ekonomik'],False,1200,2400,2019-03-18T13:30:38Z,4.0,859996,2472,False,True,True,0,,0,,,,2014/08/lokma-yemekcom.jpg,0,0,https://cdn.yemek.com/mnresize/940/940/uploads/2014/08/lokma-yemekcom.jpg,940,940,False,https://cdn.yemek.com/mncrop/300/200/uploads/2014/08/lokma-yemekcom.jpg,300,200,True,https://cdn.yemek.com/mncrop/940/625/uploads/2014/08/lokma-yemekcom.jpg,940,625,True,https://cdn.yemek.com/mncrop/620/388/uploads/2014/08/lokma-yemekcom.jpg,620,388,True,https://cdn.yemek.com/mncrop/600/315/uploads/2014/08/lokma-yemekcom.jpg,600,315,True,"['vejetaryen', 'kızartma']",,,,,
962,10116,Neşe Ümit Tan,https://cdn.yemek.com/author/208653/20190910030615_avatar.jpg,/profil/neseumit/,İçi Yumuşak: Kakaolu Çatlak Kurabiye,Kakaolu Çatlak Kurabiye,/tarif/kakaolu-catlak-kurabiye/,8 dk,15 dk,"<p>Fırından nefis bir davetiye çıktı. Bu davetiye size mis kokulu keyif anlarına konuk olmanız için gönderildi. Göndereni ise <strong>kakaolu çatlak kurabiye</strong>! Görüntüsüyle dahi içimizi açan <a href=""https://yemek.com/tarif/kurabiye/"" target=""_blank"" rel=""noopener"">kurabiye</a>, yapımıyla da pek bir keyifli. Buzdolabımızda her daim bulunan malzemelerle hemencecik hazırlanıyor. İçine tereyağı yerine sıvı yağ giriyor, daha bir hafifliyor.</p>
<p>Gönderdiği davetiyeyi geri çevirmek olmaz. Biz de kendisini çayımızın yanına, kahvemizin baş ucuna, sütümüzün dibinde ağırlamak istiyoruz. Bu yüzden çıkardık malzemelerimizi, kaplarımızı. <a href=""https://yemek.com/tarif/"" target=""_blank"" rel=""noopener"">Tarif</a>imizi de tüm ayrıntılarına kadar anlattık. Aman dikkat! Minik püf noktalarını es geçmeyin.</p>",recipe,"['yumurta', 'toz şeker', 'sıvı yağ', 'kakao', 'vanilin', 'kabartma tozu', 'un', 'pudra şekeri']","['<p>Orta boy bir kabın içerisinde yumurta ve şekeri mikser ya da çırpma teli yardımıyla çırpın.</p>', '<p>Şekerler eriyip, karışımın rengi kırık beyaz hale geldiğinde sıvı yağ ekleyerek biraz daha çırpın.</p>', '<p>Üzerine kakao, kabartma tozu ve vanilini eleyin.</p>', '<p>Son olarak unu eleyin.\xa0Bir spatula yardımıyla malzemeler birleşinceye dek karıştırın. Hamurun kıvamı kurabiye hamuruna göre cıvık olacak ve daha çok brownie hamuruna benzeyecektir. Dilediğiniz kıvama gelen hamuru streç filme sararak en az 2 saat buzdolabında dinlenmeye bırakın.</p>', '<p>Dinlenen kurabiye hamurunuzu çıkarın. Hamurunuzdan ceviz büyüklüğünde toplar koparak minik toplar halinde şekil verin.</p>', '<p>Şekil verdiğiniz kurabiyeleri pudra şekeri ile kaplayın. Pudra şekeri ile kaplamış çatlak kurabiyelerinizi yağlı kağıt serdiğiniz tepsiye yerleştirin. Önceden ısıtılmış 180 derecelik fırında kontrollü bir şekilde yaklaşık\xa08-10 dakika pişirin.</p>', '<p>Pudra şekeri ile kaplamış çatlak kurabiyelerinizi yağlı kağıt serdiğiniz tepsiye yerleştirin.</p>', '<p>Önceden ısıtılmış 180 derecelik fırında kontrollü bir şekilde yaklaşık\xa08-10 dakika pişirin.</p>', '<p>Fırından çıkardıktan sonra\xa015-20 dakika kadar oda sıcaklığında dinlendirdikten sonra servis edin.</p>', '<p>Kakaolu çatlak kurabiyeleriniz hazır.</p>', '<p>Afiyet olsun!</p>']",TATLI KURABİYE,239b56,/tarif/tatli-kurabiyeler/,"['Kurabiye', 'Video', 'Tatlı Kurabiye']",,['Çay Saati'],['Fırın'],['Ekonomik'],False,480,900,2016-11-07T07:15:24Z,4.0,853260,6544,False,True,True,0,,0,,,,2016/11/kakaolu-catlak-kurabiye-yemekcom.jpg,0,0,https://cdn.yemek.com/mnresize/940/940/uploads/2016/11/kakaolu-catlak-kurabiye-yemekcom.jpg,940,940,False,https://cdn.yemek.com/mncrop/300/200/uploads/2016/11/kakaolu-catlak-kurabiye-yemekcom.jpg,300,200,True,https://cdn.yemek.com/mncrop/940/625/uploads/2016/11/kakaolu-catlak-kurabiye-yemekcom.jpg,940,625,True,https://cdn.yemek.com/mncrop/620/388/uploads/2016/11/kakaolu-catlak-kurabiye-yemekcom.jpg,620,388,True,https://cdn.yemek.com/mncrop/600/315/uploads/2016/11/kakaolu-catlak-kurabiye-yemekcom.jpg,600,315,True,,,,,,
963,2914,Yasemin Özaltın,https://cdn.yemek.com/author/35533/20181219061403_avatar.jpg,/profil/yasemingursurer/,Zeytinyağlıların En Şekeri: Taze Fasulye,Taze Fasulye,/tarif/taze-fasulye/,25 dk,20 dk,"<p>Tek tek kılçıkları ayıklanan, <a href=""https://yemek.com/tarif/zeytinyaglilar"" target=""_blank"">zeytinyağlı</a> tariflerin en makbulü, <a href=""https://yemek.com/tarif/"" target=""_blank"">yemek tariflerinin</a> en zarifi zeytinyağlı taze fasulye. Yerine göre jülyen şeklinde doğranan yeşil fasulyeleri, uç kısımlarını aldıktan sonra ortadan ikiye böldük. Sulu domates, kuru soğan ve sarımsak ilavesiyle tadına tat kattık.</p>
<p>Naneli <a href=""https://yemek.com/tarif/cacik/"" target=""_blank"">cacık</a>la güzel, her dem yenir zeytinyağlı taze fasulye. Videolu ve adım adım resimli yapılış aşamalarıyla şimdi karşınızda!</p>
<p>Ayrıca bunu seven bunu da sevdi: <a href=""https://yemek.com/tarif/kiymali-taze-fasulye/"" target=""_blank"">Kıymalı taze fasulye tarifi</a>!</p>
",recipe,"['sıcak su', 'tuz', 'toz şeker', 'sarımsak', 'zeytinyağı', 'büyük boy kuru soğan', 'taze fasulye', 'orta boy domates (etli ve sulu)']","['Kuru soğanları küçük küpler halinde kesin. Sarımsakları ince ince dilimleyin. Domatesleri rendeleyin. Fasulyeleri de ayıklayarak bir köşeye alın.5 yemek kaşığı zeytinyağını bir tencerede kızdırın.', 'Doğradığınız 1 adet büyük boy kuru soğan ve 2 diş doğranmış sarımsakları hafif bir renk alana kadar kavurun.', '600 gram doğranmış taze fasulyeyi de ekleyerek kavurma işlemini sürdürün.', '2 çay kaşığı tuz, 1 tatlı kaşığı toz şeker, 3 adet rendelenmiş domates ve 1 su bardağı sıcak suyu da ekledikten sonra güzelce karıştırın.', 'Kapağını kapatıp fasulyeler yumuşayana kadar kısık ateşte pişirmeye bırakın.', 'Arzuya göre ılık, fakat daha da lezzetli olması için soğuk olarak servis edin. Afiyet olsun!']",ZEYTİNYAĞLI,239b56,/tarif/zeytinyaglilar/,"['Sebze', 'Zeytinyağlı', 'Video', 'Mevsiminde']",,"['Öğle Yemeği', 'Akşam Yemeği']","['Tencere', 'Ocak']",,False,1500,1200,2019-05-15T06:39:55Z,4.0,841532,5174,False,True,True,0,,0,,,,2015/07/taze-fasulye-yemekcom.jpg,0,0,https://cdn.yemek.com/mnresize/940/940/uploads/2015/07/taze-fasulye-yemekcom.jpg,940,940,False,https://cdn.yemek.com/mncrop/300/200/uploads/2015/07/taze-fasulye-yemekcom.jpg,300,200,True,https://cdn.yemek.com/mncrop/940/625/uploads/2015/07/taze-fasulye-yemekcom.jpg,940,625,True,https://cdn.yemek.com/mncrop/620/388/uploads/2015/07/taze-fasulye-yemekcom.jpg,620,388,True,https://cdn.yemek.com/mncrop/600/315/uploads/2015/07/taze-fasulye-yemekcom.jpg,600,315,True,,,"['Nisan', 'Mayıs', 'Haziran', 'Temmuz']",,,
964,2602,Yasemin Özaltın,https://cdn.yemek.com/author/35533/20181219061403_avatar.jpg,/profil/yasemingursurer/,Kusursuz Kıvamda: Omlet,Omlet,/tarif/omlet/,3 dk,5 dk,"<p><a href=""https://yemek.com/tarif/kahvaltiliklar/"" target=""_blank"">Kahvaltıların</a> tadı tuzudur iyi yapılmış bir omlet. İçinde yer alan malzemeler değişiklik gösterse de kabarık bir <a href=""https://yemek.com/omlet-tarifleri/"" target=""_blank"">omlet tarifi</a> hazırlamak için 3 ya da 4 yumurtanız varsa o iş tamamdır! <img src=""https://cdn.yemek.com/assets/images/smiley/smile.png"" class=""wp-smiley img-responsive"" /> Arzuya göre 1 ya da 2 yumurta ile de tereyağı ve zeytinyağı oranını azaltarak <strong>sade omlet</strong> yapılabilir elbette. <strong>İyice çırpılan yumurtalar</strong> tavaya alınır ve kısa sürede pişirilir. Ne sulu ne de çok katı olmalıdır.</p>
<p>Sonrasında gelsin demli bir bardak çay ve kızarmış ekmekler. Haydi mutfağa, kusursuz kıvamda leziz mi leziz <strong>omlet tarifi</strong> yapıyoruz. Afiyetler olsun!</p>
",recipe,"['tereyağı', 'tuz', 'yumurta', 'zeytinyağı', 'taze çekilmiş tane karabiber']","['Omlet için derin bir karıştırma kasesinde 4 adet yumurtayı bir kasenin içerisine alın.', 'Yarım çay kaşığı tuz ve biberi birleştirin. Bir çırpıcı yardımıyla alttan üste doğru hava kabarcıkları oluşana kadar güzelce çırpın.', ""Tavanızı ısıtın ve 1'er yemek kaşığı tereyağı ve zeytinyağını kızdırın."", 'Ardından yumurta karışımını tavaya dökün. Ocağınızın altını kısın ve alt kısmı kızarana adar pişirin.', 'Omletin alt kısmı kızarıp, üst kısmı hafif sulu kaldığında tavanızı önce doğru eğip omleti ikiye katlayın.', '1-2 dakika daha bu şekilde pişirip ocaktan alın.', 'Soğumadan omleti kahvaltılıklarla servis edin. Afiyet olsun!']",KAHVALTILIK,239b56,/tarif/kahvaltiliklar/,"['Kahvaltılık', 'Video']",['kahvaltı'],['Kahvaltı'],['Tava'],['Bol Proteinli'],False,180,300,2022-08-24T11:20:10Z,4.0,828088,1909,False,True,True,0,,0,,,,2015/05/omlet-yemekcom.jpg,0,0,https://cdn.yemek.com/mnresize/940/940/uploads/2015/05/omlet-yemekcom.jpg,940,940,False,https://cdn.yemek.com/mncrop/300/200/uploads/2015/05/omlet-yemekcom.jpg,300,200,True,https://cdn.yemek.com/mncrop/940/625/uploads/2015/05/omlet-yemekcom.jpg,940,625,True,https://cdn.yemek.com/mncrop/620/388/uploads/2015/05/omlet-yemekcom.jpg,620,388,True,https://cdn.yemek.com/mncrop/600/315/uploads/2015/05/omlet-yemekcom.jpg,600,315,True,"['bol proteinli', 'glutensiz', 'düşük kalorili']",,,,,
965,8439,ipeksare,https://cdn.yemek.com/author/262494/20200820091315_avatar.jpg,/profil/ipeksare/,Evde Taş Fırın Lezzetinde: Lahmacun,Lahmacun,/tarif/lahmacun/,30 dk,25 dk,"<p>Lahmacun, yemesi en keyifli, en çok sevdiğimiz <a href=""https://yemek.com/tarif"" target=""_blank"">yemek tariflerinin</a> başında geliyor. Ancak onu evde tıpkı dışarıda yediklerimiz kadar nefis bir şekilde hazırlamak da mümkün. Yanına bolca <a href=""https://yemek.com/tarif/sumakli-sogan-salatasi/"" target=""_blank"">sumaklı soğan</a>la servis etmelik nefis bir lahmacun yapalım hadi gelin. İhtiyacınız olan malzemeleri bir bir anlatıyoruz. <img src=""https://cdn.yemek.com/assets/images/smiley/smile.png"" class=""wp-smiley img-responsive"" /></p>
<p>Böylesine lezzetli, doyurucu bu lezzeti bu sefer evde yapmak için sıvadık kollarımızı. Hamurunu sevgi ile mayalandırdık ve işte karşınızda en güzel ve en kolay haliyle ev yapımı gerçek lahmacun <a href=""https://yemek.com/tarif/"" target=""_blank"">tarifi</a>! Bu tarifle keyifli hafta sonu sofralarınıza geleneksel bir dokunuş yapabilir, çıtır çıtır lahmacun hamurunun sesini evinizden eksik etmeyebilirsiniz. Bizden söylemesi...</p>
",recipe,"['biber salçası', 'tuz', 'tuz', 'pul biber', 'toz şeker', 'un', 'maydanoz', 'su', 'su', 'domates salçası', 'domates', 'yeşil biber', 'kırmızı biber', 'toz kırmızı biber', 'soğan', 'sıvı yağ', 'yağlı dana kıyma']","['Mutfak robotuna kırmızı biberleri, yeşil biberleri, soğanları ve domatesleri ilave edin.', 'Tamamen püre haline gelmeyecek şekilde çekin.', 'Maydanozları da ekleyin ve 10 saniye kadar daha çekin.', 'Domates salçası, biber salçası, sıvı yağ ve suyu ekleyin. Son olarak kıymayı ekleyerek güzelce yoğurun.Lahmacunun lezzetli olması için harcınızın cıvık bir kıvamda olması gerekir. Yeteri kadar cıvık bir kıvamda değilse, biraz su ekleyebilirsiniz.', 'Hazırladığınız harcı vaktiniz varsa bir süre buzdolabında dinlendirin.', 'Harcınız dinlenirken, hamurunuzu yapmaya başlayın.\xa0Suyu bir kaba dökün, üzerine tuz ve şekeri ilave ederek güzelce karıştırın. Azar azar da un ilave edin. Orta sertliğe ulaşana dek yoğurun.', 'Hamuru bir silindir haline getirip eşit parçalara bölün. Aynı büyüklükte lahmacunlar yapabilmek için hamurlarınızın ağırlığı da eşit olmalıdır. Bezeleri bir süre dinlenmeye bırakın.', 'Hazırladığınız bezeleri yemek tabağı büyüklüğünde açın. Mümkün olduğu kadar ince açmanız önemlidir. Bu sırada fırınınızı 250 derece fanlı ve alt-üst açık olacak şekilde açın. Güzelce ısıtın.', 'Açtığınız hamurların üzerine kıymalı harcı yayın. Fırının tabanına yağlı kağıt ile birlikte yerleştirin ve 7-10 dakika altı kızarana kadar pişirin.', 'Sumaklı soğan, maydanoz ve bol limonla servis edin.', 'Afiyet olsun!']",PİDE,239b56,/tarif/pide/,"['Hamur İşi', 'Pide', 'Video']","['pratik yemek tarifleri', 'ekonomik', 'başlangıç', 'ara öğün', 'akşam yemeği', 'öğle yemeği']","['Başlangıç', 'Öğle Yemeği', 'Akşam Yemeği']",['Fırın'],,False,1800,1500,2020-04-13T07:46:32Z,4.0,828058,5659,False,True,True,0,,0,,,,2020/04/lahmacun-yemekcom-1.jpg,0,0,https://cdn.yemek.com/mnresize/940/940/uploads/2020/04/lahmacun-yemekcom-1.jpg,940,940,False,https://cdn.yemek.com/mncrop/300/200/uploads/2020/04/lahmacun-yemekcom-1.jpg,300,200,True,https://cdn.yemek.com/mncrop/940/625/uploads/2020/04/lahmacun-yemekcom-1.jpg,940,625,True,https://cdn.yemek.com/mncrop/620/388/uploads/2020/04/lahmacun-yemekcom-1.jpg,620,388,True,https://cdn.yemek.com/mncrop/600/315/uploads/2020/04/lahmacun-yemekcom-1.jpg,600,315,True,['fırın'],,,,,
966,78,Neşe Ümit Tan,https://cdn.yemek.com/author/208653/20190910030615_avatar.jpg,/profil/neseumit/,"Kokusu Mis, Dokusu Nefis: Limonlu Kek",Limonlu Kek,/tarif/limonlu-kek/,40 dk,15 dk,"<p>Limonlu kek kendine has aroması, buram buram mutfağı dolduran misler gibi kokusuyla en çok tercih edilen <a href=""https://yemek.com/tarif/kek/"" target=""_blank"">pratik kek tariflerinden</a> birisi. 10 dakikada fırına vermeye hazır kek harcıyla çat kapı gelen misafirleriniz için paha biçilemez <a href=""https://yemek.com/tarif/tatli-kek/"" target=""_blank"">tatlı kek tariflerinden</a> birisi olan limonlu kek, herkesin severek yiyeceği puf puf kabaran yumuş yumuş bir kek.</p>
<p>Büyükten küçüğe herkesin severek yiyeceği, hafif lezzetine ve yumuşaklığına bayılacağı bir <a href=""https://yemek.com/tarif/tatli/"" target=""_blank"">tatlı</a> kek tarifi bu. Deneyenlerin sizden tarifini isteyeceğinize eminiz! Fırınlar ısıtılsın, kek kalıpları meydana çıksın, bugün mutfakta limonlu kek pişecek! Şimdiden afiyetler olsun!</p>
",recipe,"['tereyağı', 'limon suyu', 'yumurta', 'toz şeker', 'rendelenmiş limon kabuğu', 'ayçiçek yağı', 'süt', 'un', 'kabartma tozu', 'vanilin']","['Yumurta ve toz şekeri, bir çırpıcı yardımıyla krema halini alana kadar çırpın.', 'Sırasıyla; süt, ayçiçek yağı ve limon suyunu ilave edip, 2 dakika daha çırpın.', 'Elenmiş un, kabartma tozu, vanilya ve rendelenmiş limon kabuğunu ekledikten sonra karıştırın.', 'Yağladığınız kek kalıbına harcı boşaltın ve eşit oranda kabarması için üzerini bir spatula yardımıyla düzeltin.Hazırladığınız limonlu keki, önceden ısıtılmış 170 derece fırında 40 dakika pişirin.', 'İçini çekmesi için keki dinlendirdikten sonra kalıbından çıkartın ve dilimleyerek servis edin. Sevdiklerinizle paylaşın.']",TATLI KEK,239b56,/tarif/tatli-kek/,"['Kek', 'Tatlı Kek', 'Mevsiminde']","['ekonomik', 'çay saati']",['Çay Saati'],['Fırın'],['Vejetaryen'],False,2400,900,2021-03-19T07:30:13Z,4.0,810627,4819,False,False,True,0,,0,,,,2020/01/limonlu-kek-tarifi-yeni-one-cikan.jpg,0,0,https://cdn.yemek.com/mnresize/940/940/uploads/2020/01/limonlu-kek-tarifi-yeni-one-cikan.jpg,940,940,False,https://cdn.yemek.com/mncrop/300/200/uploads/2020/01/limonlu-kek-tarifi-yeni-one-cikan.jpg,300,200,True,https://cdn.yemek.com/mncrop/940/625/uploads/2020/01/limonlu-kek-tarifi-yeni-one-cikan.jpg,940,625,True,https://cdn.yemek.com/mncrop/620/388/uploads/2020/01/limonlu-kek-tarifi-yeni-one-cikan.jpg,620,388,True,https://cdn.yemek.com/mncrop/600/315/uploads/2020/01/limonlu-kek-tarifi-yeni-one-cikan.jpg,600,315,True,['fırın'],,"['Ocak', 'Eylül']",,,
967,130,Yasemin Özaltın,https://cdn.yemek.com/author/35533/20181219061403_avatar.jpg,/profil/yasemingursurer/,Dakikalar İçinde Sofrada: Mantarlı Tavuk Sote,Mantarlı Tavuk Sote,/tarif/mantarli-tavuk-sote/,20 dk,10 dk,"<p>Pratik ama bir o kadar da doyurucu, besleyici ve lezzetli bir <a href=""https://yemek.com/tarif/"" target=""_blank"">yemek tarifi</a> yapmak isteyenleri böyle alabilir miyiz? Sizin için nefis bir önerimiz var.</p>
<p>Mantar sote bu sefer <a href=""https://yemek.com/tarif/tavuk/"" target=""_blank"">tavuk</a>la buluşuyor ve besin değerini arttırıyor. <strong>Kısa sürede hazırlayabileceğiniz bu pratik tarifi</strong> <a href=""https://yemek.com/tarif/bulgur-pilavi/"" target=""_blank"">bulgur pilavı</a> ya da yeşil <a href=""https://yemek.com/tarif/salata/"" target=""_blank"">salata</a> ile tamamlayarak doyurucu bir öğün oluşturabilirsiniz. Tavuklu mantar sote için buyurun mutfağa!</p>
",recipe,"['tuz', 'kültür mantarı', 'zeytinyağı', 'kuşbaşı tavuk göğsü', 'domates', 'yeşil biber', 'taze çekilmiş renkli tane karabiber', 'kekik', 'kapya biber']","['3 yemek kaşığı zeytinyağını tavada kızdırın. 600 gram kuşbaşı doğranmış tavuk göğüslerini, suyunu salmaması için yüksek ateşte soteleyin.', 'Ardından 2 adet doğranmış yeşil ve kırmızı biberleri ekleyip sotelemeye devam edin.', '300 gram doğranmış mantarı da ekleyip, suyunu salıp çekene kadar, soteleme işlemini 10 dakika kadar sürdürün.', 'Son olarak; 1 adet kabukları soyulup doğranmış domates, 1 çay kaşığı tuz, 1 çay kaşığı çekilmiş tane karabiber ve 1 tatlı kaşığı kekiği de ekleyin.', '15 dakika kadar pişmeye bırakın.', 'Domatesler suyunu çektiğinde mantarlı tavuk soteniz hazır demektir. Afiyet olsun!']",TAVUK,239b56,/tarif/tavuk/,"['Tavuk', 'Ramazan', 'Video', 'Sulu Yemek']","['pratik yemek tarifleri', 'ekonomik', 'akşam yemeği', 'diyet', 'öğle yemeği']","['Öğle Yemeği', 'Akşam Yemeği']","['Tencere', 'Ocak']",['Bol Proteinli'],False,1200,600,2014-06-16T14:34:43Z,4.0,809161,9062,False,True,True,0,,0,,,,2014/06/mantarli-tavuk-sote-yemekcom.jpg,0,0,https://cdn.yemek.com/mnresize/940/940/uploads/2014/06/mantarli-tavuk-sote-yemekcom.jpg,940,940,False,https://cdn.yemek.com/mncrop/300/200/uploads/2014/06/mantarli-tavuk-sote-yemekcom.jpg,300,200,True,https://cdn.yemek.com/mncrop/940/625/uploads/2014/06/mantarli-tavuk-sote-yemekcom.jpg,940,625,True,https://cdn.yemek.com/mncrop/620/388/uploads/2014/06/mantarli-tavuk-sote-yemekcom.jpg,620,388,True,https://cdn.yemek.com/mncrop/600/315/uploads/2014/06/mantarli-tavuk-sote-yemekcom.jpg,600,315,True,"['tencere', 'bol proteinli', 'düşük kalorili']",,['Eylül'],,,
968,442,Yasemin Özaltın,https://cdn.yemek.com/author/35533/20181219061403_avatar.jpg,/profil/yasemingursurer/,Katkı Maddesiz: Ev Yapımı Limonata,Ev Yapımı Limonata,/tarif/ev-yapimi-limonata/,20 dk,20 dk,"<p>Pratik bir şekilde, katkı maddesiz, buzdolabında serin serin muhafaza edilebilecek, ikramlık ev yapımı limonata hazırlamak çok zevkli.</p>
<p>Türk yemek sektöründe, restoranlarda, kafelerde yaz cemresidir limonata. Eskiden sadece tek başına içilen bir şeyken şimdilerde kolaya, ayrana ve hatta kahveye rakip olup <a href=""https://yemek.com/tarif/makarna/"" target=""_blank"">makarnanın</a>, <a href=""https://yemek.com/tarif/tavuk/"" target=""_blank"">tavuk yemeklerinin</a> ve hatta <a href=""https://yemek.com/tarif/et"" target=""_blank"">et yemeklerinin</a> yanında boy göstermeye başladı. Yazın en güzel şeylerinden biri limonata ve inanın birçok yemeğe de çok yakışıyor.</p>
<p>Ev yapımı gerçek limonata ise hiçbir mekanın size aynı lezzette yardımcı olamayacağı kadar güzel. İnsanın aklına babaanne evinde klasik sürahi içinde içilen günleri getirecek kadar nostaljik. Daha bacak kadarken doğum günü pastasının yanında içilecek kadar duygusal. İyi ki var.</p>
<p>Bu kadar konuştuktan sonra buzlukta da saklanabilecek, kolay mı kolay, portakalsız limonata tarifini yapmamak, serinlememek, ferahlamamak olmaz.</p>
<p>Ev yapımı limonata nasıl yapılır? diyenler haydi mutfağa.</p>
",recipe,"['nane', 'toz şeker', 'limon', 'buz', 'içme suyu']","['Bol suda yıkadığınız 10 adet limonun, kabuklarını rendenin kalın tarafıyla rendeleyin. Beyaz kısımlarını almamaya özen gösterin.', 'Kabuğu rendelenmiş dört adet limonu ortadan ikiye kesin ve suyunu sıkın. Kalan limonları küçük parçalar halinde dilimleyin.', '2 su bardağı toz şeker ve taze sıkılmış limonların suyunu karıştırın.', 'Rendelenmiş limon kabuklarını, limon parçaları ve ayıkladığınız 1 demet nane yapraklarının yarısını da ekledikten sonra şeker tamamen eriyip, tüm limonların suyu çıkana kadar yoğurun.', 'Nane yapraklarını da ekleyin.', 'Özünün çıkması için bu karışımı tel bir süzgeç yardımıyla\xa0bir kaseye süzün.', '5 su bardağı içme suyunu ekledikten sonra limonatayı buzdolabında soğutun.', '2 su bardağı buz ilavesiyle karıştırdıktan sonra\xa0 keyfini çıkararak için. Afiyet olsun!']",İÇECEK,239b56,/tarif/icecekler/,"['İçecek', 'Video', 'Mevsiminde']","['pratik yemek tarifleri', 'ekonomik', 'ara öğün', 'çay saati']","['Ara Öğün', 'Çay Saati']",,['Ekonomik'],False,1200,1200,2021-03-25T06:00:50Z,4.0,786118,3534,False,True,True,0,,0,,,,2014/08/ev-yapimi-limonata-yemekcom.jpg,0,0,https://cdn.yemek.com/mnresize/940/940/uploads/2014/08/ev-yapimi-limonata-yemekcom.jpg,940,940,False,https://cdn.yemek.com/mncrop/300/200/uploads/2014/08/ev-yapimi-limonata-yemekcom.jpg,300,200,True,https://cdn.yemek.com/mncrop/940/625/uploads/2014/08/ev-yapimi-limonata-yemekcom.jpg,940,625,True,https://cdn.yemek.com/mncrop/620/388/uploads/2014/08/ev-yapimi-limonata-yemekcom.jpg,620,388,True,https://cdn.yemek.com/mncrop/600/315/uploads/2014/08/ev-yapimi-limonata-yemekcom.jpg,600,315,True,,,"['Haziran', 'Temmuz', 'Ağustos', 'Eylül']",,,
969,3233,Yasemin Özaltın,https://cdn.yemek.com/author/35533/20181219061403_avatar.jpg,/profil/yasemingursurer/,"Yumuşacık, Sulu Sulu Pişer: Tavuk Sote",Tavuk Sote,/tarif/tavuk-sote/,25 dk,15 dk,"<p><a href=""https://yemek.com/tarif/"" target=""_blank"">Yemek tariflerinin</a> en sevilenlerinden tavuk sote tarifinde zaman önemli. Aslına bakarsanız sote işlemi de uzun lafın kısası bir pişirme yöntemi. Kızgın tavada, yüksek ateş üzerinde alt üst edilen sebze ve et karışımları renk, doku ve tatlarını kaybetmeden kısa sürede pişiyor. Etler sertleşmiyor, sebzeler kurumuyor. Size de pratik ve kolay bir yöntemle hazırlanan bu <a href=""https://yemek.com/tarif/tavuk/"" target=""_blank"">tavuk tarifinin</a> keyfini ağız tadıyla çıkartmak düşüyor.</p>
<p>Tavada sote edilen yiyeceklerin sık sık sallanarak karıştırılması da ayrı bir konu. Et ve sebzelerin küçük ve birbirine yakın boyutlarda kesilmesi öneriliyor. Kullanılan etlerin olabildiğine körpe ve sinirsiz, baharatlarla önceden tatlandırılmış olması gerekiyor.</p>
<p>Teknik detayları bir kenara bıraktığımızda, pratik ve lezzetli tarifler arasında ilk üçe girebileceğini de söyleyebiliriz tavuk sote için (<a href=""https://yemek.com/tarif/sebzeli-tavuk-sote/"" target=""_blank"">sebzeli tavuk sote</a> ve <a href=""https://yemek.com/tarif/mantarli-tavuk-sote/"" target=""_blank"">mantarlı tavuk sote</a> için de aynı şekilde!). Pilava eşlik eder, yoğurtla anlaşır, salata onu sever, misafir gelse masada olur. Evde tek başına olsan, seni yalnız bırakmaz.</p>
<p>Bu kadar bilginin üzerine kolay ve lezzetli tavuk sote tarifini hak ettik sanırız. Adım adım resimli anlatımı ve videosuyla karşınızda tavuk sote!</p>
",recipe,"['tuz', 'pul biber', 'karabiber', 'yeşil biber', 'kırmızı biber', 'tavuk göğsü', 'kuru nane', 'soğan', 'doğranmış domates', 'sıvı yağ']","['Tavanın içerisine 2 yemek kaşığı sıvı yağı alın ve üzerine 300 gram kuşbaşı doğranmış tavuğu ilave ederek yüksek ateşte soteleyin.', 'Pişen tavukların üzerine 1 adet doğranmış soğanı ilave ederek sotelemeye devam edin.\xa0 1', 'adet doğranmış yeşil biber ve yarım adet doğranmış kapya biberi de ekleyin.', '1 adet doğranmış domatesi de tavanın içerisine aktarın.', 'Biraz suyunu çektikten sonra sırasıyla birer çay kaşığı tuz, karabiber, pul biber ve kuru nane ilave ederek güzelce karıştırın.', 'İyice pişince tavuk sotenizi ocaktan alın ve servis edin. Afiyet olsun!']",TAVUK,239b56,/tarif/tavuk/,"['Tavuk', 'Ramazan', 'Video']","['pratik yemek tarifleri', 'ekonomik', 'akşam yemeği', 'öğle yemeği']","['Öğle Yemeği', 'Akşam Yemeği']","['Tencere', 'Ocak']","['Ekonomik', 'Glutensiz', 'Bol Proteinli', 'Düşük Kalorili']",False,1500,900,2015-08-17T14:19:38Z,4.0,783975,5977,False,True,True,0,,0,,,,2015/08/tavuk-sote-yemekcom.jpg,0,0,https://cdn.yemek.com/mnresize/940/940/uploads/2015/08/tavuk-sote-yemekcom.jpg,940,940,False,https://cdn.yemek.com/mncrop/300/200/uploads/2015/08/tavuk-sote-yemekcom.jpg,300,200,True,https://cdn.yemek.com/mncrop/940/625/uploads/2015/08/tavuk-sote-yemekcom.jpg,940,625,True,https://cdn.yemek.com/mncrop/620/388/uploads/2015/08/tavuk-sote-yemekcom.jpg,620,388,True,https://cdn.yemek.com/mncrop/600/315/uploads/2015/08/tavuk-sote-yemekcom.jpg,600,315,True,['bol proteinli'],,,,,
970,131,Yasemin Özaltın,https://cdn.yemek.com/author/35533/20181219061403_avatar.jpg,/profil/yasemingursurer/,Lezzet Sırlarıyla: Lazanya,Lazanya,/tarif/lazanya/,25 dk,20 dk,"<p>Lazanya, köken itibarıyla <a href=""https://yemek.com/italyan-tarifleri/"">İtalyan</a> olmasa da damak zevkimize uygunluğuyla neredeyse artık bizden biri.</p>
<p>Lazanya, <a href=""https://yemek.com/tarif/makarna/"" target=""_blank"">makarna</a> hamuruyla yapılan, plaka halinde paketlenen, genellikle <a href=""https://yemek.com/tarif/bolonez-sos/"" target=""_blank"">bolonez sosu</a> ile birlikte fırında pişirilen <strong>İtalyan mutfağına ait</strong> nefis bir lezzet. %100 ev yapımı yapmak isterseniz de lazanya hamurunuzu evinizde de hazırlayabilirsiniz: <a href=""https://yemek.com/lazanya-hamuru-nasil-yapilir/"" target=""_blank"">Lazanya Hamuru Nasıl Yapılır?</a></p>
<p>Bu nefis lezzet bizim damak tadımıza çok yakın bir lezzet olunca onu çok sevdik ve her yediğimizde bayıldık. İçine biraz sevgimizi, biraz da elimizin lezzetini, damak zevkimizi kattık. Umarız lazanya tarifimiz sizin de favoriniz olur.</p>
",recipe,"['tereyağı', 'tereyağı', 'tuz', 'ayçiçek yağı', 'un', 'karabiber', 'karabiber', 'rendelenmiş kaşar peyniri', 'havuç', 'orta yağlı kıyma', 'defne yaprağı', 'soğuk süt', 'rendelenmiş muskat cevizi', 'rendelenmiş domates', 'soğan', 'bezelye', 'lazanya yaprağı', 'ezilmiş sarımsak']","['Lazanya tarifi için ayçiçek yağını ve tereyağı bir tavada kızdırın. Doğranmış soğanları 3- 4 dakika kadar kavurun.\xa0Üzerine havuçları ekleyip 3-4 dakika daha kavurmaya devam edin.', 'Kavrulan havuç ve soğanların üzerine kıymayı ekleyin ve suyunu salıp çekene kadar kavurun.', 'Sarımsak, tuz ve karabiberi ekleyin. Son olarak rendelenmiş domates ve defne yaprağını ekleyip harcı pişmeye bırakın.', 'Domates, suyunu biraz çektikten sonra içerisine bezelyeyi de ekleyin ve iç harcını pişirmeye devam edin.', 'Tüm malzemeler güzelce pişince iç harcınız hazır.', 'Beşamel sosu hazırlamak için; tereyağını sos tenceresinde eritin. Unu, kokusu çıkıp renk alana kadar kavurun.', 'Kavrulan una soğuk sütü ekleyin ve bir çırpıcı yardımıyla sürekli karıştırarak pişirin. Pişmeyen lazanya yaprakları kullandığınızda, normale göre beşamel sosunuzu daha sıvı olması gerekir. Bu yüzden çok kıvamlı olmamasına özen gösterin.', 'Karabiber ve rendelenmiş muskat cevizini ekledikten sonra ocaktan alın.', 'Fırın kabının tabanına biraz beşamel sos ve iç harçtan yayıp lazanya yapraklarını dizin.', 'Sırasıyla; kıymalı harç, beşamel sos ve\xa0 bir parça rendelenmiş kaşar peyniri ekleyin.', 'Lazanyanın en üst katı için beşamel sos ve rendelenmiş kaşar peyniri ayırdıktan sonra bu işlemi sırasıyla tüm lazanya yaprakları için tekrarlayın.', 'Kalan beşamel sos ve rendelenmiş kaşar peyniri ile lazanyanın üzerini kaplayın. Önceden ısıtılmış 180 derece fırında 20-25 dakika pişirin. Pişirme süresi fırından fırına değişiklik gösterebilir. Piştiğinden emin olana kadar kontrollü olarak pişirin.', 'Fırından çıkan lazanyayı dilimledikten sonra ılık olarak servis edin. Sevdiklerinizle paylaşın.']",MAKARNA,239b56,/tarif/makarna/,"['Makarna', 'Video', 'Dünya Mutfakları']","['seksi tarifler', 'ekonomik', 'akşam yemeği', 'öğle yemeği']","['Öğle Yemeği', 'Akşam Yemeği']",['Fırın'],['Bol Proteinli'],False,1500,1200,2022-04-13T06:49:48Z,4.0,781532,6296,False,True,True,0,,0,,,,2014/06/lazanya-ytk-yemekcom.jpg,0,0,https://cdn.yemek.com/mnresize/940/940/uploads/2014/06/lazanya-ytk-yemekcom.jpg,940,940,False,https://cdn.yemek.com/mncrop/300/200/uploads/2014/06/lazanya-ytk-yemekcom.jpg,300,200,True,https://cdn.yemek.com/mncrop/940/625/uploads/2014/06/lazanya-ytk-yemekcom.jpg,940,625,True,https://cdn.yemek.com/mncrop/620/388/uploads/2014/06/lazanya-ytk-yemekcom.jpg,620,388,True,https://cdn.yemek.com/mncrop/600/315/uploads/2014/06/lazanya-ytk-yemekcom.jpg,600,315,True,"['tencere', 'fırın']",,,['İtalya'],,
971,955,Yasemin Özaltın,https://cdn.yemek.com/author/35533/20181219061403_avatar.jpg,/profil/yasemingursurer/,Orijinal Tarif: Trileçe,Trileçe,/tarif/trilece/,35 dk,30 dk,"<p>Orijinalinde üç süt karışımının kullanıldığı <a href=""https://yemek.com/tarif/sutlu-tatlilar/"" target=""_blank"" rel=""noopener"">sütlü</a> <a href=""https://yemek.com/tarif/serbetli-tatlilar/"" target=""_blank"" rel=""noopener"">şerbet</a> ile hazırlanan trileçe (tirileçe), hafifliği ve sünger dokusuna sahip <a href=""https://yemek.com/tarif/pandispanya/"" target=""_blank"" rel=""noopener"">pandispanya</a> <a href=""https://yemek.com/tarif/kek/"" target=""_blank"" rel=""noopener"">kek</a>iyle şöhreti kısa sürede dilden dile yayılan enfes bir <a href=""https://yemek.com/tarif/tatli/"" target=""_blank"" rel=""noopener"">tatlı tarifi</a>. Traliçe, triliçe ya da trilece diye telaffuz edenler olsa da tatlının doğru yazımı trileçe. Trileçe hangi ülkeye ait sorusunun cevabını da verelim. Meksika'da yaygınlaşan ve tüm dünyaya yayılan bir sütlü tatlı aslında trileçe. <strong>Balkan ülkelerinde de çok sevilen tatlı</strong>, hafif olmasıyla ülkemizde de pek seviliyor.</p>
<p>Çeşitli sos ve kremalarla servis edilen versiyonlarını yerinde yiyebileceğiniz gibi gerçek trileçe tarifini ev sıcaklığında hazırlayıp, sevdiklerinizle paylaşabilirsiniz. Biz bu sefer oyumuzu karamelli orijinal trileçe tarifinden yana kullandık; ama siz farklı soslarla da onu deneyebilirsiniz. Tarifimizin içinde karamel <a href=""https://yemek.com/tarif/sos/"" target=""_blank"" rel=""noopener"">sos</a>unun tarifini de bulabileceksiniz.</p>
<p>Malzemeleriyle <strong>en kolay trileçe tarifleri</strong>nden biri olan bu <a href=""https://yemek.com/tarif/"" target=""_blank"" rel=""noopener"">tarifi</a> hemen denemek isteyeceksiniz.</p>
<p>O zaman haydi mutfağa, <strong>trileçe tatlısı</strong> yapıyoruz!</p>",recipe,"['tereyağı', 'toz şeker', 'toz şeker', 'toz şeker', 'un', 'kabartma tozu', 'krema', 'manda sütü', 'inek sütü', 'büyük boy yumurta', 'vanilin', 'keçi sütü']","['<p>Trileçe için derin bir karıştırma kasesinin içerisine yumurta ve şekeri ekleyip, şekerler eriyene ve karışımın rengi açılıp, krema kıvamına gelene kadar çırpın.</p>', '<p>Un, kabartma tozu ve vanilini yumurtalı karışımın içerisine eleyerek ekleyin.</p>', '<p>Spatula yardımıyla kuru malzemelerin sıvı malzemelerle birleşmesi için altan üstte doğru sürekli olarak karıştırın. Güzelce karışmış olan kek harcını yağlanmış fırın kabınıza dökün ve üzerini düzeltin.</p>', '<p>Trileçenin pandispanyasını önce 170 derece ısıtılmış fırında 10 dakika pişirin. 10 dakika sonunda fırın ısısını 150 dereceye indirip 20-25 dakika kadar pişirin.\xa0Pişen pandispanyayı oda sıcaklığında soğumaya bırakın ve üzerine kürdan yardımıyla delikler açın.</p>', '<p>Sütlü şerbeti için; inek sütü, manda sütü ve keçi sütünü tencereye alın. Şekerini de ekleyip eriyene kadar karıştırın. Kaynamaya başladıktan sonra ocağın altını kapatın ve ılımaya bırakın.</p>', '<p>Karameli için; ayrı bir sos tenceresinde toz şekeri kontrollü olarak eritin. Üzerine tereyağını ekleyin. Fokurdamaya başlayan tereyağlı şekerin üzerine\xa0kremayı ekleyin ve karıştırıp ocaktan alın, soğumaya bırakın.</p>', '<p>Oda sıcaklığında soğumuş olan trileçe pandispanyasının üzerine ılık sütlü şerbeti ekleyin ve sütü iyice çektikten sonra buzdolabında soğumaya bırakın.</p>', '<p>Bu esnada 1 paket krem şanti hazırlayın. Soğumuş olan kekinizin üzerine ince bir tabaka halinde krem şantiyi yayın.</p>', '<p>Hazırlamış olduğunuz karameli de üzerine güzelce yayın.</p>', '<p>Ardından dilimleyin ve soğuk olarak servis edin. Afiyetler olsun!</p>']",SÜTLÜ TATLI,239b56,/tarif/sutlu-tatlilar/,"['Tatlı', 'Ramazan', 'Sütlü Tatlı', 'Video']",,['Çay Saati'],['Fırın'],,False,2100,1800,2021-03-22T05:01:53Z,4.0,767271,3972,False,True,True,0,,0,,,,2014/11/trilece-ytk-site.jpg,0,0,https://cdn.yemek.com/mnresize/940/940/uploads/2014/11/trilece-ytk-site.jpg,940,940,False,https://cdn.yemek.com/mncrop/300/200/uploads/2014/11/trilece-ytk-site.jpg,300,200,True,https://cdn.yemek.com/mncrop/940/625/uploads/2014/11/trilece-ytk-site.jpg,940,625,True,https://cdn.yemek.com/mncrop/620/388/uploads/2014/11/trilece-ytk-site.jpg,620,388,True,https://cdn.yemek.com/mncrop/600/315/uploads/2014/11/trilece-ytk-site.jpg,600,315,True,,,,,,
972,434,Cemre Özgüzel,https://cdn.yemek.com/author/109/20200211010242_avatar.jpg,/profil/cemre-ozguzel/,Çıtırlığını Uzun Süre Korur: Lokma Tatlısı,Lokma Tatlısı,/tarif/lokma-tatlisi/,20 dk,40 dk,"<p><a href=""https://yemek.com/tarif/serbetli-tatlilar/"" target=""_blank"">Şerbetli tatlı tariflerinin</a> en sevilenlerinden, özellikle İzmir ve çevresi başta olmak üzere Ege'de birçok sokakta mis gibi kokusuyla sizi karşılayan lokma tatlısı aslında evde de çok kolay bir şekilde hazırlanır!</p>
<p>Her evde bulunan malzemelerle yapılan lokma hamuru mis gibi kızartılır, tam kıvamında şerbetiyle buluştuğunda lezzeti devleşir. Porsiyonlaması ve ikramı kolay, sokak satıcısı ve yazlıkların gözde tatlısı lokma, şerbeti ile buluştuktan sonraysa ağızda öyle nefis bir tat bırakır ki bir yiyen bir daha ister.</p>
<p>Sözün kısası evde, ellerinizle hazırlayabileceğiniz en pratik şerbetli tatlılardan olan bu nefis <strong>gerçek lokma</strong> <a href=""https://yemek.com/tarif/tatli/"" target=""_blank"">tatlı</a>sı tarifini mutlaka deneyin.</p>
<p>Tabii yerken de ölçüyü kaçırmayın diyelim ve hemen <a href=""https://yemek.com/tarif/"" target=""_blank"">tarif</a>e geçelim. Şimdiden ellerinize sağlık. <img src=""https://cdn.yemek.com/assets/images/smiley/smile.png"" class=""wp-smiley img-responsive"" /></p>
",recipe,"['limon suyu', 'toz şeker', 'toz şeker', 'ayçiçek yağı', 'un', 'su', 'ılık su', 'kuru maya']","['Lokma tatlısı için 3,5 su bardağı unu geniş bir kabın içine alın ve ortasını havuz şeklinde açın. 1 paket kuru maya, 1 yemek kaşığı toz şeker ilave edin.', '2 su bardağı ılık suyu ilave ederek yoğurmaya başlayın. Ele yapışan ve cıvık bir hamur elde edin.', 'Hamurunuzun üzerini kapatın, oda sıcaklığında 1 saat mayalandırın.', 'Hamur mayalanırken şerbetini hazırlayın. Tencerenin içerisine 2 su bardağı toz şeker ve 1,5 su bardağı suyu aktarın. Şeker eriyince limon suyunu ilave edin. Hafif kaynayınca ocaktan alın ve soğumaya bırakın.', 'Mayalanan hamuru sıkma torbasına aktarın.', 'Yağlanmış mutfak makası yardımıyla hamurunuzdan küçük toplar kesin. Kızgın yağın içerisinde kızartın.', 'Kızan lokmaları kevgir yardımıyla alın ve soğuk şerbetin içerisine atın. 10 saniye kadar şerbetin içerisinde tutun.', 'Üzerine tarçın serperek nefis lokmalarınızı servis edebilirsiniz. Afiyet olsun.']",ŞERBETLİ TATLI,239b56,/tarif/serbetli-tatlilar/,"['Tatlı', 'Şerbetli Tatlı', 'Ramazan', 'Video']","['ekonomik', 'ara öğün']",['Çay Saati'],['Kızartma'],['Ekonomik'],False,1200,2400,2019-03-18T13:30:38Z,4.0,859996,2472,False,True,True,0,,0,,,,2014/08/lokma-yemekcom.jpg,0,0,https://cdn.yemek.com/mnresize/940/940/uploads/2014/08/lokma-yemekcom.jpg,940,940,False,https://cdn.yemek.com/mncrop/300/200/uploads/2014/08/lokma-yemekcom.jpg,300,200,True,https://cdn.yemek.com/mncrop/940/625/uploads/2014/08/lokma-yemekcom.jpg,940,625,True,https://cdn.yemek.com/mncrop/620/388/uploads/2014/08/lokma-yemekcom.jpg,620,388,True,https://cdn.yemek.com/mncrop/600/315/uploads/2014/08/lokma-yemekcom.jpg,600,315,True,"['vejetaryen', 'kızartma']",,,,,
973,10116,Neşe Ümit Tan,https://cdn.yemek.com/author/208653/20190910030615_avatar.jpg,/profil/neseumit/,İçi Yumuşak: Kakaolu Çatlak Kurabiye,Kakaolu Çatlak Kurabiye,/tarif/kakaolu-catlak-kurabiye/,8 dk,15 dk,"<p>Fırından nefis bir davetiye çıktı. Bu davetiye size mis kokulu keyif anlarına konuk olmanız için gönderildi. Göndereni ise <strong>kakaolu çatlak kurabiye</strong>! Görüntüsüyle dahi içimizi açan <a href=""https://yemek.com/tarif/kurabiye/"" target=""_blank"" rel=""noopener"">kurabiye</a>, yapımıyla da pek bir keyifli. Buzdolabımızda her daim bulunan malzemelerle hemencecik hazırlanıyor. İçine tereyağı yerine sıvı yağ giriyor, daha bir hafifliyor.</p>
<p>Gönderdiği davetiyeyi geri çevirmek olmaz. Biz de kendisini çayımızın yanına, kahvemizin baş ucuna, sütümüzün dibinde ağırlamak istiyoruz. Bu yüzden çıkardık malzemelerimizi, kaplarımızı. <a href=""https://yemek.com/tarif/"" target=""_blank"" rel=""noopener"">Tarif</a>imizi de tüm ayrıntılarına kadar anlattık. Aman dikkat! Minik püf noktalarını es geçmeyin.</p>",recipe,"['yumurta', 'toz şeker', 'sıvı yağ', 'kakao', 'vanilin', 'kabartma tozu', 'un', 'pudra şekeri']","['<p>Orta boy bir kabın içerisinde yumurta ve şekeri mikser ya da çırpma teli yardımıyla çırpın.</p>', '<p>Şekerler eriyip, karışımın rengi kırık beyaz hale geldiğinde sıvı yağ ekleyerek biraz daha çırpın.</p>', '<p>Üzerine kakao, kabartma tozu ve vanilini eleyin.</p>', '<p>Son olarak unu eleyin.\xa0Bir spatula yardımıyla malzemeler birleşinceye dek karıştırın. Hamurun kıvamı kurabiye hamuruna göre cıvık olacak ve daha çok brownie hamuruna benzeyecektir. Dilediğiniz kıvama gelen hamuru streç filme sararak en az 2 saat buzdolabında dinlenmeye bırakın.</p>', '<p>Dinlenen kurabiye hamurunuzu çıkarın. Hamurunuzdan ceviz büyüklüğünde toplar koparak minik toplar halinde şekil verin.</p>', '<p>Şekil verdiğiniz kurabiyeleri pudra şekeri ile kaplayın. Pudra şekeri ile kaplamış çatlak kurabiyelerinizi yağlı kağıt serdiğiniz tepsiye yerleştirin. Önceden ısıtılmış 180 derecelik fırında kontrollü bir şekilde yaklaşık\xa08-10 dakika pişirin.</p>', '<p>Pudra şekeri ile kaplamış çatlak kurabiyelerinizi yağlı kağıt serdiğiniz tepsiye yerleştirin.</p>', '<p>Önceden ısıtılmış 180 derecelik fırında kontrollü bir şekilde yaklaşık\xa08-10 dakika pişirin.</p>', '<p>Fırından çıkardıktan sonra\xa015-20 dakika kadar oda sıcaklığında dinlendirdikten sonra servis edin.</p>', '<p>Kakaolu çatlak kurabiyeleriniz hazır.</p>', '<p>Afiyet olsun!</p>']",TATLI KURABİYE,239b56,/tarif/tatli-kurabiyeler/,"['Kurabiye', 'Video', 'Tatlı Kurabiye']",,['Çay Saati'],['Fırın'],['Ekonomik'],False,480,900,2016-11-07T07:15:24Z,4.0,853260,6544,False,True,True,0,,0,,,,2016/11/kakaolu-catlak-kurabiye-yemekcom.jpg,0,0,https://cdn.yemek.com/mnresize/940/940/uploads/2016/11/kakaolu-catlak-kurabiye-yemekcom.jpg,940,940,False,https://cdn.yemek.com/mncrop/300/200/uploads/2016/11/kakaolu-catlak-kurabiye-yemekcom.jpg,300,200,True,https://cdn.yemek.com/mncrop/940/625/uploads/2016/11/kakaolu-catlak-kurabiye-yemekcom.jpg,940,625,True,https://cdn.yemek.com/mncrop/620/388/uploads/2016/11/kakaolu-catlak-kurabiye-yemekcom.jpg,620,388,True,https://cdn.yemek.com/mncrop/600/315/uploads/2016/11/kakaolu-catlak-kurabiye-yemekcom.jpg,600,315,True,,,,,,
974,2914,Yasemin Özaltın,https://cdn.yemek.com/author/35533/20181219061403_avatar.jpg,/profil/yasemingursurer/,Zeytinyağlıların En Şekeri: Taze Fasulye,Taze Fasulye,/tarif/taze-fasulye/,25 dk,20 dk,"<p>Tek tek kılçıkları ayıklanan, <a href=""https://yemek.com/tarif/zeytinyaglilar"" target=""_blank"">zeytinyağlı</a> tariflerin en makbulü, <a href=""https://yemek.com/tarif/"" target=""_blank"">yemek tariflerinin</a> en zarifi zeytinyağlı taze fasulye. Yerine göre jülyen şeklinde doğranan yeşil fasulyeleri, uç kısımlarını aldıktan sonra ortadan ikiye böldük. Sulu domates, kuru soğan ve sarımsak ilavesiyle tadına tat kattık.</p>
<p>Naneli <a href=""https://yemek.com/tarif/cacik/"" target=""_blank"">cacık</a>la güzel, her dem yenir zeytinyağlı taze fasulye. Videolu ve adım adım resimli yapılış aşamalarıyla şimdi karşınızda!</p>
<p>Ayrıca bunu seven bunu da sevdi: <a href=""https://yemek.com/tarif/kiymali-taze-fasulye/"" target=""_blank"">Kıymalı taze fasulye tarifi</a>!</p>
",recipe,"['sıcak su', 'tuz', 'toz şeker', 'sarımsak', 'zeytinyağı', 'büyük boy kuru soğan', 'taze fasulye', 'orta boy domates (etli ve sulu)']","['Kuru soğanları küçük küpler halinde kesin. Sarımsakları ince ince dilimleyin. Domatesleri rendeleyin. Fasulyeleri de ayıklayarak bir köşeye alın.5 yemek kaşığı zeytinyağını bir tencerede kızdırın.', 'Doğradığınız 1 adet büyük boy kuru soğan ve 2 diş doğranmış sarımsakları hafif bir renk alana kadar kavurun.', '600 gram doğranmış taze fasulyeyi de ekleyerek kavurma işlemini sürdürün.', '2 çay kaşığı tuz, 1 tatlı kaşığı toz şeker, 3 adet rendelenmiş domates ve 1 su bardağı sıcak suyu da ekledikten sonra güzelce karıştırın.', 'Kapağını kapatıp fasulyeler yumuşayana kadar kısık ateşte pişirmeye bırakın.', 'Arzuya göre ılık, fakat daha da lezzetli olması için soğuk olarak servis edin. Afiyet olsun!']",ZEYTİNYAĞLI,239b56,/tarif/zeytinyaglilar/,"['Sebze', 'Zeytinyağlı', 'Video', 'Mevsiminde']",,"['Öğle Yemeği', 'Akşam Yemeği']","['Tencere', 'Ocak']",,False,1500,1200,2019-05-15T06:39:55Z,4.0,841532,5174,False,True,True,0,,0,,,,2015/07/taze-fasulye-yemekcom.jpg,0,0,https://cdn.yemek.com/mnresize/940/940/uploads/2015/07/taze-fasulye-yemekcom.jpg,940,940,False,https://cdn.yemek.com/mncrop/300/200/uploads/2015/07/taze-fasulye-yemekcom.jpg,300,200,True,https://cdn.yemek.com/mncrop/940/625/uploads/2015/07/taze-fasulye-yemekcom.jpg,940,625,True,https://cdn.yemek.com/mncrop/620/388/uploads/2015/07/taze-fasulye-yemekcom.jpg,620,388,True,https://cdn.yemek.com/mncrop/600/315/uploads/2015/07/taze-fasulye-yemekcom.jpg,600,315,True,,,"['Nisan', 'Mayıs', 'Haziran', 'Temmuz']",,,
975,2602,Yasemin Özaltın,https://cdn.yemek.com/author/35533/20181219061403_avatar.jpg,/profil/yasemingursurer/,Kusursuz Kıvamda: Omlet,Omlet,/tarif/omlet/,3 dk,5 dk,"<p><a href=""https://yemek.com/tarif/kahvaltiliklar/"" target=""_blank"">Kahvaltıların</a> tadı tuzudur iyi yapılmış bir omlet. İçinde yer alan malzemeler değişiklik gösterse de kabarık bir <a href=""https://yemek.com/omlet-tarifleri/"" target=""_blank"">omlet tarifi</a> hazırlamak için 3 ya da 4 yumurtanız varsa o iş tamamdır! <img src=""https://cdn.yemek.com/assets/images/smiley/smile.png"" class=""wp-smiley img-responsive"" /> Arzuya göre 1 ya da 2 yumurta ile de tereyağı ve zeytinyağı oranını azaltarak <strong>sade omlet</strong> yapılabilir elbette. <strong>İyice çırpılan yumurtalar</strong> tavaya alınır ve kısa sürede pişirilir. Ne sulu ne de çok katı olmalıdır.</p>
<p>Sonrasında gelsin demli bir bardak çay ve kızarmış ekmekler. Haydi mutfağa, kusursuz kıvamda leziz mi leziz <strong>omlet tarifi</strong> yapıyoruz. Afiyetler olsun!</p>
",recipe,"['tereyağı', 'tuz', 'yumurta', 'zeytinyağı', 'taze çekilmiş tane karabiber']","['Omlet için derin bir karıştırma kasesinde 4 adet yumurtayı bir kasenin içerisine alın.', 'Yarım çay kaşığı tuz ve biberi birleştirin. Bir çırpıcı yardımıyla alttan üste doğru hava kabarcıkları oluşana kadar güzelce çırpın.', ""Tavanızı ısıtın ve 1'er yemek kaşığı tereyağı ve zeytinyağını kızdırın."", 'Ardından yumurta karışımını tavaya dökün. Ocağınızın altını kısın ve alt kısmı kızarana adar pişirin.', 'Omletin alt kısmı kızarıp, üst kısmı hafif sulu kaldığında tavanızı önce doğru eğip omleti ikiye katlayın.', '1-2 dakika daha bu şekilde pişirip ocaktan alın.', 'Soğumadan omleti kahvaltılıklarla servis edin. Afiyet olsun!']",KAHVALTILIK,239b56,/tarif/kahvaltiliklar/,"['Kahvaltılık', 'Video']",['kahvaltı'],['Kahvaltı'],['Tava'],['Bol Proteinli'],False,180,300,2022-08-24T11:20:10Z,4.0,828088,1909,False,True,True,0,,0,,,,2015/05/omlet-yemekcom.jpg,0,0,https://cdn.yemek.com/mnresize/940/940/uploads/2015/05/omlet-yemekcom.jpg,940,940,False,https://cdn.yemek.com/mncrop/300/200/uploads/2015/05/omlet-yemekcom.jpg,300,200,True,https://cdn.yemek.com/mncrop/940/625/uploads/2015/05/omlet-yemekcom.jpg,940,625,True,https://cdn.yemek.com/mncrop/620/388/uploads/2015/05/omlet-yemekcom.jpg,620,388,True,https://cdn.yemek.com/mncrop/600/315/uploads/2015/05/omlet-yemekcom.jpg,600,315,True,"['bol proteinli', 'glutensiz', 'düşük kalorili']",,,,,
976,8439,ipeksare,https://cdn.yemek.com/author/262494/20200820091315_avatar.jpg,/profil/ipeksare/,Evde Taş Fırın Lezzetinde: Lahmacun,Lahmacun,/tarif/lahmacun/,30 dk,25 dk,"<p>Lahmacun, yemesi en keyifli, en çok sevdiğimiz <a href=""https://yemek.com/tarif"" target=""_blank"">yemek tariflerinin</a> başında geliyor. Ancak onu evde tıpkı dışarıda yediklerimiz kadar nefis bir şekilde hazırlamak da mümkün. Yanına bolca <a href=""https://yemek.com/tarif/sumakli-sogan-salatasi/"" target=""_blank"">sumaklı soğan</a>la servis etmelik nefis bir lahmacun yapalım hadi gelin. İhtiyacınız olan malzemeleri bir bir anlatıyoruz. <img src=""https://cdn.yemek.com/assets/images/smiley/smile.png"" class=""wp-smiley img-responsive"" /></p>
<p>Böylesine lezzetli, doyurucu bu lezzeti bu sefer evde yapmak için sıvadık kollarımızı. Hamurunu sevgi ile mayalandırdık ve işte karşınızda en güzel ve en kolay haliyle ev yapımı gerçek lahmacun <a href=""https://yemek.com/tarif/"" target=""_blank"">tarifi</a>! Bu tarifle keyifli hafta sonu sofralarınıza geleneksel bir dokunuş yapabilir, çıtır çıtır lahmacun hamurunun sesini evinizden eksik etmeyebilirsiniz. Bizden söylemesi...</p>
",recipe,"['biber salçası', 'tuz', 'tuz', 'pul biber', 'toz şeker', 'un', 'maydanoz', 'su', 'su', 'domates salçası', 'domates', 'yeşil biber', 'kırmızı biber', 'toz kırmızı biber', 'soğan', 'sıvı yağ', 'yağlı dana kıyma']","['Mutfak robotuna kırmızı biberleri, yeşil biberleri, soğanları ve domatesleri ilave edin.', 'Tamamen püre haline gelmeyecek şekilde çekin.', 'Maydanozları da ekleyin ve 10 saniye kadar daha çekin.', 'Domates salçası, biber salçası, sıvı yağ ve suyu ekleyin. Son olarak kıymayı ekleyerek güzelce yoğurun.Lahmacunun lezzetli olması için harcınızın cıvık bir kıvamda olması gerekir. Yeteri kadar cıvık bir kıvamda değilse, biraz su ekleyebilirsiniz.', 'Hazırladığınız harcı vaktiniz varsa bir süre buzdolabında dinlendirin.', 'Harcınız dinlenirken, hamurunuzu yapmaya başlayın.\xa0Suyu bir kaba dökün, üzerine tuz ve şekeri ilave ederek güzelce karıştırın. Azar azar da un ilave edin. Orta sertliğe ulaşana dek yoğurun.', 'Hamuru bir silindir haline getirip eşit parçalara bölün. Aynı büyüklükte lahmacunlar yapabilmek için hamurlarınızın ağırlığı da eşit olmalıdır. Bezeleri bir süre dinlenmeye bırakın.', 'Hazırladığınız bezeleri yemek tabağı büyüklüğünde açın. Mümkün olduğu kadar ince açmanız önemlidir. Bu sırada fırınınızı 250 derece fanlı ve alt-üst açık olacak şekilde açın. Güzelce ısıtın.', 'Açtığınız hamurların üzerine kıymalı harcı yayın. Fırının tabanına yağlı kağıt ile birlikte yerleştirin ve 7-10 dakika altı kızarana kadar pişirin.', 'Sumaklı soğan, maydanoz ve bol limonla servis edin.', 'Afiyet olsun!']",PİDE,239b56,/tarif/pide/,"['Hamur İşi', 'Pide', 'Video']","['pratik yemek tarifleri', 'ekonomik', 'başlangıç', 'ara öğün', 'akşam yemeği', 'öğle yemeği']","['Başlangıç', 'Öğle Yemeği', 'Akşam Yemeği']",['Fırın'],,False,1800,1500,2020-04-13T07:46:32Z,4.0,828058,5659,False,True,True,0,,0,,,,2020/04/lahmacun-yemekcom-1.jpg,0,0,https://cdn.yemek.com/mnresize/940/940/uploads/2020/04/lahmacun-yemekcom-1.jpg,940,940,False,https://cdn.yemek.com/mncrop/300/200/uploads/2020/04/lahmacun-yemekcom-1.jpg,300,200,True,https://cdn.yemek.com/mncrop/940/625/uploads/2020/04/lahmacun-yemekcom-1.jpg,940,625,True,https://cdn.yemek.com/mncrop/620/388/uploads/2020/04/lahmacun-yemekcom-1.jpg,620,388,True,https://cdn.yemek.com/mncrop/600/315/uploads/2020/04/lahmacun-yemekcom-1.jpg,600,315,True,['fırın'],,,,,
977,78,Neşe Ümit Tan,https://cdn.yemek.com/author/208653/20190910030615_avatar.jpg,/profil/neseumit/,"Kokusu Mis, Dokusu Nefis: Limonlu Kek",Limonlu Kek,/tarif/limonlu-kek/,40 dk,15 dk,"<p>Limonlu kek kendine has aroması, buram buram mutfağı dolduran misler gibi kokusuyla en çok tercih edilen <a href=""https://yemek.com/tarif/kek/"" target=""_blank"">pratik kek tariflerinden</a> birisi. 10 dakikada fırına vermeye hazır kek harcıyla çat kapı gelen misafirleriniz için paha biçilemez <a href=""https://yemek.com/tarif/tatli-kek/"" target=""_blank"">tatlı kek tariflerinden</a> birisi olan limonlu kek, herkesin severek yiyeceği puf puf kabaran yumuş yumuş bir kek.</p>
<p>Büyükten küçüğe herkesin severek yiyeceği, hafif lezzetine ve yumuşaklığına bayılacağı bir <a href=""https://yemek.com/tarif/tatli/"" target=""_blank"">tatlı</a> kek tarifi bu. Deneyenlerin sizden tarifini isteyeceğinize eminiz! Fırınlar ısıtılsın, kek kalıpları meydana çıksın, bugün mutfakta limonlu kek pişecek! Şimdiden afiyetler olsun!</p>
",recipe,"['tereyağı', 'limon suyu', 'yumurta', 'toz şeker', 'rendelenmiş limon kabuğu', 'ayçiçek yağı', 'süt', 'un', 'kabartma tozu', 'vanilin']","['Yumurta ve toz şekeri, bir çırpıcı yardımıyla krema halini alana kadar çırpın.', 'Sırasıyla; süt, ayçiçek yağı ve limon suyunu ilave edip, 2 dakika daha çırpın.', 'Elenmiş un, kabartma tozu, vanilya ve rendelenmiş limon kabuğunu ekledikten sonra karıştırın.', 'Yağladığınız kek kalıbına harcı boşaltın ve eşit oranda kabarması için üzerini bir spatula yardımıyla düzeltin.Hazırladığınız limonlu keki, önceden ısıtılmış 170 derece fırında 40 dakika pişirin.', 'İçini çekmesi için keki dinlendirdikten sonra kalıbından çıkartın ve dilimleyerek servis edin. Sevdiklerinizle paylaşın.']",TATLI KEK,239b56,/tarif/tatli-kek/,"['Kek', 'Tatlı Kek', 'Mevsiminde']","['ekonomik', 'çay saati']",['Çay Saati'],['Fırın'],['Vejetaryen'],False,2400,900,2021-03-19T07:30:13Z,4.0,810627,4819,False,False,True,0,,0,,,,2020/01/limonlu-kek-tarifi-yeni-one-cikan.jpg,0,0,https://cdn.yemek.com/mnresize/940/940/uploads/2020/01/limonlu-kek-tarifi-yeni-one-cikan.jpg,940,940,False,https://cdn.yemek.com/mncrop/300/200/uploads/2020/01/limonlu-kek-tarifi-yeni-one-cikan.jpg,300,200,True,https://cdn.yemek.com/mncrop/940/625/uploads/2020/01/limonlu-kek-tarifi-yeni-one-cikan.jpg,940,625,True,https://cdn.yemek.com/mncrop/620/388/uploads/2020/01/limonlu-kek-tarifi-yeni-one-cikan.jpg,620,388,True,https://cdn.yemek.com/mncrop/600/315/uploads/2020/01/limonlu-kek-tarifi-yeni-one-cikan.jpg,600,315,True,['fırın'],,"['Ocak', 'Eylül']",,,
978,130,Yasemin Özaltın,https://cdn.yemek.com/author/35533/20181219061403_avatar.jpg,/profil/yasemingursurer/,Dakikalar İçinde Sofrada: Mantarlı Tavuk Sote,Mantarlı Tavuk Sote,/tarif/mantarli-tavuk-sote/,20 dk,10 dk,"<p>Pratik ama bir o kadar da doyurucu, besleyici ve lezzetli bir <a href=""https://yemek.com/tarif/"" target=""_blank"">yemek tarifi</a> yapmak isteyenleri böyle alabilir miyiz? Sizin için nefis bir önerimiz var.</p>
<p>Mantar sote bu sefer <a href=""https://yemek.com/tarif/tavuk/"" target=""_blank"">tavuk</a>la buluşuyor ve besin değerini arttırıyor. <strong>Kısa sürede hazırlayabileceğiniz bu pratik tarifi</strong> <a href=""https://yemek.com/tarif/bulgur-pilavi/"" target=""_blank"">bulgur pilavı</a> ya da yeşil <a href=""https://yemek.com/tarif/salata/"" target=""_blank"">salata</a> ile tamamlayarak doyurucu bir öğün oluşturabilirsiniz. Tavuklu mantar sote için buyurun mutfağa!</p>
",recipe,"['tuz', 'kültür mantarı', 'zeytinyağı', 'kuşbaşı tavuk göğsü', 'domates', 'yeşil biber', 'taze çekilmiş renkli tane karabiber', 'kekik', 'kapya biber']","['3 yemek kaşığı zeytinyağını tavada kızdırın. 600 gram kuşbaşı doğranmış tavuk göğüslerini, suyunu salmaması için yüksek ateşte soteleyin.', 'Ardından 2 adet doğranmış yeşil ve kırmızı biberleri ekleyip sotelemeye devam edin.', '300 gram doğranmış mantarı da ekleyip, suyunu salıp çekene kadar, soteleme işlemini 10 dakika kadar sürdürün.', 'Son olarak; 1 adet kabukları soyulup doğranmış domates, 1 çay kaşığı tuz, 1 çay kaşığı çekilmiş tane karabiber ve 1 tatlı kaşığı kekiği de ekleyin.', '15 dakika kadar pişmeye bırakın.', 'Domatesler suyunu çektiğinde mantarlı tavuk soteniz hazır demektir. Afiyet olsun!']",TAVUK,239b56,/tarif/tavuk/,"['Tavuk', 'Ramazan', 'Video', 'Sulu Yemek']","['pratik yemek tarifleri', 'ekonomik', 'akşam yemeği', 'diyet', 'öğle yemeği']","['Öğle Yemeği', 'Akşam Yemeği']","['Tencere', 'Ocak']",['Bol Proteinli'],False,1200,600,2014-06-16T14:34:43Z,4.0,809161,9062,False,True,True,0,,0,,,,2014/06/mantarli-tavuk-sote-yemekcom.jpg,0,0,https://cdn.yemek.com/mnresize/940/940/uploads/2014/06/mantarli-tavuk-sote-yemekcom.jpg,940,940,False,https://cdn.yemek.com/mncrop/300/200/uploads/2014/06/mantarli-tavuk-sote-yemekcom.jpg,300,200,True,https://cdn.yemek.com/mncrop/940/625/uploads/2014/06/mantarli-tavuk-sote-yemekcom.jpg,940,625,True,https://cdn.yemek.com/mncrop/620/388/uploads/2014/06/mantarli-tavuk-sote-yemekcom.jpg,620,388,True,https://cdn.yemek.com/mncrop/600/315/uploads/2014/06/mantarli-tavuk-sote-yemekcom.jpg,600,315,True,"['tencere', 'bol proteinli', 'düşük kalorili']",,['Eylül'],,,
979,442,Yasemin Özaltın,https://cdn.yemek.com/author/35533/20181219061403_avatar.jpg,/profil/yasemingursurer/,Katkı Maddesiz: Ev Yapımı Limonata,Ev Yapımı Limonata,/tarif/ev-yapimi-limonata/,20 dk,20 dk,"<p>Pratik bir şekilde, katkı maddesiz, buzdolabında serin serin muhafaza edilebilecek, ikramlık ev yapımı limonata hazırlamak çok zevkli.</p>
<p>Türk yemek sektöründe, restoranlarda, kafelerde yaz cemresidir limonata. Eskiden sadece tek başına içilen bir şeyken şimdilerde kolaya, ayrana ve hatta kahveye rakip olup <a href=""https://yemek.com/tarif/makarna/"" target=""_blank"">makarnanın</a>, <a href=""https://yemek.com/tarif/tavuk/"" target=""_blank"">tavuk yemeklerinin</a> ve hatta <a href=""https://yemek.com/tarif/et"" target=""_blank"">et yemeklerinin</a> yanında boy göstermeye başladı. Yazın en güzel şeylerinden biri limonata ve inanın birçok yemeğe de çok yakışıyor.</p>
<p>Ev yapımı gerçek limonata ise hiçbir mekanın size aynı lezzette yardımcı olamayacağı kadar güzel. İnsanın aklına babaanne evinde klasik sürahi içinde içilen günleri getirecek kadar nostaljik. Daha bacak kadarken doğum günü pastasının yanında içilecek kadar duygusal. İyi ki var.</p>
<p>Bu kadar konuştuktan sonra buzlukta da saklanabilecek, kolay mı kolay, portakalsız limonata tarifini yapmamak, serinlememek, ferahlamamak olmaz.</p>
<p>Ev yapımı limonata nasıl yapılır? diyenler haydi mutfağa.</p>
",recipe,"['nane', 'toz şeker', 'limon', 'buz', 'içme suyu']","['Bol suda yıkadığınız 10 adet limonun, kabuklarını rendenin kalın tarafıyla rendeleyin. Beyaz kısımlarını almamaya özen gösterin.', 'Kabuğu rendelenmiş dört adet limonu ortadan ikiye kesin ve suyunu sıkın. Kalan limonları küçük parçalar halinde dilimleyin.', '2 su bardağı toz şeker ve taze sıkılmış limonların suyunu karıştırın.', 'Rendelenmiş limon kabuklarını, limon parçaları ve ayıkladığınız 1 demet nane yapraklarının yarısını da ekledikten sonra şeker tamamen eriyip, tüm limonların suyu çıkana kadar yoğurun.', 'Nane yapraklarını da ekleyin.', 'Özünün çıkması için bu karışımı tel bir süzgeç yardımıyla\xa0bir kaseye süzün.', '5 su bardağı içme suyunu ekledikten sonra limonatayı buzdolabında soğutun.', '2 su bardağı buz ilavesiyle karıştırdıktan sonra\xa0 keyfini çıkararak için. Afiyet olsun!']",İÇECEK,239b56,/tarif/icecekler/,"['İçecek', 'Video', 'Mevsiminde']","['pratik yemek tarifleri', 'ekonomik', 'ara öğün', 'çay saati']","['Ara Öğün', 'Çay Saati']",,['Ekonomik'],False,1200,1200,2021-03-25T06:00:50Z,4.0,786118,3534,False,True,True,0,,0,,,,2014/08/ev-yapimi-limonata-yemekcom.jpg,0,0,https://cdn.yemek.com/mnresize/940/940/uploads/2014/08/ev-yapimi-limonata-yemekcom.jpg,940,940,False,https://cdn.yemek.com/mncrop/300/200/uploads/2014/08/ev-yapimi-limonata-yemekcom.jpg,300,200,True,https://cdn.yemek.com/mncrop/940/625/uploads/2014/08/ev-yapimi-limonata-yemekcom.jpg,940,625,True,https://cdn.yemek.com/mncrop/620/388/uploads/2014/08/ev-yapimi-limonata-yemekcom.jpg,620,388,True,https://cdn.yemek.com/mncrop/600/315/uploads/2014/08/ev-yapimi-limonata-yemekcom.jpg,600,315,True,,,"['Haziran', 'Temmuz', 'Ağustos', 'Eylül']",,,
980,3233,Yasemin Özaltın,https://cdn.yemek.com/author/35533/20181219061403_avatar.jpg,/profil/yasemingursurer/,"Yumuşacık, Sulu Sulu Pişer: Tavuk Sote",Tavuk Sote,/tarif/tavuk-sote/,25 dk,15 dk,"<p><a href=""https://yemek.com/tarif/"" target=""_blank"">Yemek tariflerinin</a> en sevilenlerinden tavuk sote tarifinde zaman önemli. Aslına bakarsanız sote işlemi de uzun lafın kısası bir pişirme yöntemi. Kızgın tavada, yüksek ateş üzerinde alt üst edilen sebze ve et karışımları renk, doku ve tatlarını kaybetmeden kısa sürede pişiyor. Etler sertleşmiyor, sebzeler kurumuyor. Size de pratik ve kolay bir yöntemle hazırlanan bu <a href=""https://yemek.com/tarif/tavuk/"" target=""_blank"">tavuk tarifinin</a> keyfini ağız tadıyla çıkartmak düşüyor.</p>
<p>Tavada sote edilen yiyeceklerin sık sık sallanarak karıştırılması da ayrı bir konu. Et ve sebzelerin küçük ve birbirine yakın boyutlarda kesilmesi öneriliyor. Kullanılan etlerin olabildiğine körpe ve sinirsiz, baharatlarla önceden tatlandırılmış olması gerekiyor.</p>
<p>Teknik detayları bir kenara bıraktığımızda, pratik ve lezzetli tarifler arasında ilk üçe girebileceğini de söyleyebiliriz tavuk sote için (<a href=""https://yemek.com/tarif/sebzeli-tavuk-sote/"" target=""_blank"">sebzeli tavuk sote</a> ve <a href=""https://yemek.com/tarif/mantarli-tavuk-sote/"" target=""_blank"">mantarlı tavuk sote</a> için de aynı şekilde!). Pilava eşlik eder, yoğurtla anlaşır, salata onu sever, misafir gelse masada olur. Evde tek başına olsan, seni yalnız bırakmaz.</p>
<p>Bu kadar bilginin üzerine kolay ve lezzetli tavuk sote tarifini hak ettik sanırız. Adım adım resimli anlatımı ve videosuyla karşınızda tavuk sote!</p>
",recipe,"['tuz', 'pul biber', 'karabiber', 'yeşil biber', 'kırmızı biber', 'tavuk göğsü', 'kuru nane', 'soğan', 'doğranmış domates', 'sıvı yağ']","['Tavanın içerisine 2 yemek kaşığı sıvı yağı alın ve üzerine 300 gram kuşbaşı doğranmış tavuğu ilave ederek yüksek ateşte soteleyin.', 'Pişen tavukların üzerine 1 adet doğranmış soğanı ilave ederek sotelemeye devam edin.\xa0 1', 'adet doğranmış yeşil biber ve yarım adet doğranmış kapya biberi de ekleyin.', '1 adet doğranmış domatesi de tavanın içerisine aktarın.', 'Biraz suyunu çektikten sonra sırasıyla birer çay kaşığı tuz, karabiber, pul biber ve kuru nane ilave ederek güzelce karıştırın.', 'İyice pişince tavuk sotenizi ocaktan alın ve servis edin. Afiyet olsun!']",TAVUK,239b56,/tarif/tavuk/,"['Tavuk', 'Ramazan', 'Video']","['pratik yemek tarifleri', 'ekonomik', 'akşam yemeği', 'öğle yemeği']","['Öğle Yemeği', 'Akşam Yemeği']","['Tencere', 'Ocak']","['Ekonomik', 'Glutensiz', 'Bol Proteinli', 'Düşük Kalorili']",False,1500,900,2015-08-17T14:19:38Z,4.0,783975,5977,False,True,True,0,,0,,,,2015/08/tavuk-sote-yemekcom.jpg,0,0,https://cdn.yemek.com/mnresize/940/940/uploads/2015/08/tavuk-sote-yemekcom.jpg,940,940,False,https://cdn.yemek.com/mncrop/300/200/uploads/2015/08/tavuk-sote-yemekcom.jpg,300,200,True,https://cdn.yemek.com/mncrop/940/625/uploads/2015/08/tavuk-sote-yemekcom.jpg,940,625,True,https://cdn.yemek.com/mncrop/620/388/uploads/2015/08/tavuk-sote-yemekcom.jpg,620,388,True,https://cdn.yemek.com/mncrop/600/315/uploads/2015/08/tavuk-sote-yemekcom.jpg,600,315,True,['bol proteinli'],,,,,
981,131,Yasemin Özaltın,https://cdn.yemek.com/author/35533/20181219061403_avatar.jpg,/profil/yasemingursurer/,Lezzet Sırlarıyla: Lazanya,Lazanya,/tarif/lazanya/,25 dk,20 dk,"<p>Lazanya, köken itibarıyla <a href=""https://yemek.com/italyan-tarifleri/"">İtalyan</a> olmasa da damak zevkimize uygunluğuyla neredeyse artık bizden biri.</p>
<p>Lazanya, <a href=""https://yemek.com/tarif/makarna/"" target=""_blank"">makarna</a> hamuruyla yapılan, plaka halinde paketlenen, genellikle <a href=""https://yemek.com/tarif/bolonez-sos/"" target=""_blank"">bolonez sosu</a> ile birlikte fırında pişirilen <strong>İtalyan mutfağına ait</strong> nefis bir lezzet. %100 ev yapımı yapmak isterseniz de lazanya hamurunuzu evinizde de hazırlayabilirsiniz: <a href=""https://yemek.com/lazanya-hamuru-nasil-yapilir/"" target=""_blank"">Lazanya Hamuru Nasıl Yapılır?</a></p>
<p>Bu nefis lezzet bizim damak tadımıza çok yakın bir lezzet olunca onu çok sevdik ve her yediğimizde bayıldık. İçine biraz sevgimizi, biraz da elimizin lezzetini, damak zevkimizi kattık. Umarız lazanya tarifimiz sizin de favoriniz olur.</p>
",recipe,"['tereyağı', 'tereyağı', 'tuz', 'ayçiçek yağı', 'un', 'karabiber', 'karabiber', 'rendelenmiş kaşar peyniri', 'havuç', 'orta yağlı kıyma', 'defne yaprağı', 'soğuk süt', 'rendelenmiş muskat cevizi', 'rendelenmiş domates', 'soğan', 'bezelye', 'lazanya yaprağı', 'ezilmiş sarımsak']","['Lazanya tarifi için ayçiçek yağını ve tereyağı bir tavada kızdırın. Doğranmış soğanları 3- 4 dakika kadar kavurun.\xa0Üzerine havuçları ekleyip 3-4 dakika daha kavurmaya devam edin.', 'Kavrulan havuç ve soğanların üzerine kıymayı ekleyin ve suyunu salıp çekene kadar kavurun.', 'Sarımsak, tuz ve karabiberi ekleyin. Son olarak rendelenmiş domates ve defne yaprağını ekleyip harcı pişmeye bırakın.', 'Domates, suyunu biraz çektikten sonra içerisine bezelyeyi de ekleyin ve iç harcını pişirmeye devam edin.', 'Tüm malzemeler güzelce pişince iç harcınız hazır.', 'Beşamel sosu hazırlamak için; tereyağını sos tenceresinde eritin. Unu, kokusu çıkıp renk alana kadar kavurun.', 'Kavrulan una soğuk sütü ekleyin ve bir çırpıcı yardımıyla sürekli karıştırarak pişirin. Pişmeyen lazanya yaprakları kullandığınızda, normale göre beşamel sosunuzu daha sıvı olması gerekir. Bu yüzden çok kıvamlı olmamasına özen gösterin.', 'Karabiber ve rendelenmiş muskat cevizini ekledikten sonra ocaktan alın.', 'Fırın kabının tabanına biraz beşamel sos ve iç harçtan yayıp lazanya yapraklarını dizin.', 'Sırasıyla; kıymalı harç, beşamel sos ve\xa0 bir parça rendelenmiş kaşar peyniri ekleyin.', 'Lazanyanın en üst katı için beşamel sos ve rendelenmiş kaşar peyniri ayırdıktan sonra bu işlemi sırasıyla tüm lazanya yaprakları için tekrarlayın.', 'Kalan beşamel sos ve rendelenmiş kaşar peyniri ile lazanyanın üzerini kaplayın. Önceden ısıtılmış 180 derece fırında 20-25 dakika pişirin. Pişirme süresi fırından fırına değişiklik gösterebilir. Piştiğinden emin olana kadar kontrollü olarak pişirin.', 'Fırından çıkan lazanyayı dilimledikten sonra ılık olarak servis edin. Sevdiklerinizle paylaşın.']",MAKARNA,239b56,/tarif/makarna/,"['Makarna', 'Video', 'Dünya Mutfakları']","['seksi tarifler', 'ekonomik', 'akşam yemeği', 'öğle yemeği']","['Öğle Yemeği', 'Akşam Yemeği']",['Fırın'],['Bol Proteinli'],False,1500,1200,2022-04-13T06:49:48Z,4.0,781532,6296,False,True,True,0,,0,,,,2014/06/lazanya-ytk-yemekcom.jpg,0,0,https://cdn.yemek.com/mnresize/940/940/uploads/2014/06/lazanya-ytk-yemekcom.jpg,940,940,False,https://cdn.yemek.com/mncrop/300/200/uploads/2014/06/lazanya-ytk-yemekcom.jpg,300,200,True,https://cdn.yemek.com/mncrop/940/625/uploads/2014/06/lazanya-ytk-yemekcom.jpg,940,625,True,https://cdn.yemek.com/mncrop/620/388/uploads/2014/06/lazanya-ytk-yemekcom.jpg,620,388,True,https://cdn.yemek.com/mncrop/600/315/uploads/2014/06/lazanya-ytk-yemekcom.jpg,600,315,True,"['tencere', 'fırın']",,,['İtalya'],,
982,955,Yasemin Özaltın,https://cdn.yemek.com/author/35533/20181219061403_avatar.jpg,/profil/yasemingursurer/,Orijinal Tarif: Trileçe,Trileçe,/tarif/trilece/,35 dk,30 dk,"<p>Orijinalinde üç süt karışımının kullanıldığı <a href=""https://yemek.com/tarif/sutlu-tatlilar/"" target=""_blank"" rel=""noopener"">sütlü</a> <a href=""https://yemek.com/tarif/serbetli-tatlilar/"" target=""_blank"" rel=""noopener"">şerbet</a> ile hazırlanan trileçe (tirileçe), hafifliği ve sünger dokusuna sahip <a href=""https://yemek.com/tarif/pandispanya/"" target=""_blank"" rel=""noopener"">pandispanya</a> <a href=""https://yemek.com/tarif/kek/"" target=""_blank"" rel=""noopener"">kek</a>iyle şöhreti kısa sürede dilden dile yayılan enfes bir <a href=""https://yemek.com/tarif/tatli/"" target=""_blank"" rel=""noopener"">tatlı tarifi</a>. Traliçe, triliçe ya da trilece diye telaffuz edenler olsa da tatlının doğru yazımı trileçe. Trileçe hangi ülkeye ait sorusunun cevabını da verelim. Meksika'da yaygınlaşan ve tüm dünyaya yayılan bir sütlü tatlı aslında trileçe. <strong>Balkan ülkelerinde de çok sevilen tatlı</strong>, hafif olmasıyla ülkemizde de pek seviliyor.</p>
<p>Çeşitli sos ve kremalarla servis edilen versiyonlarını yerinde yiyebileceğiniz gibi gerçek trileçe tarifini ev sıcaklığında hazırlayıp, sevdiklerinizle paylaşabilirsiniz. Biz bu sefer oyumuzu karamelli orijinal trileçe tarifinden yana kullandık; ama siz farklı soslarla da onu deneyebilirsiniz. Tarifimizin içinde karamel <a href=""https://yemek.com/tarif/sos/"" target=""_blank"" rel=""noopener"">sos</a>unun tarifini de bulabileceksiniz.</p>
<p>Malzemeleriyle <strong>en kolay trileçe tarifleri</strong>nden biri olan bu <a href=""https://yemek.com/tarif/"" target=""_blank"" rel=""noopener"">tarifi</a> hemen denemek isteyeceksiniz.</p>
<p>O zaman haydi mutfağa, <strong>trileçe tatlısı</strong> yapıyoruz!</p>",recipe,"['tereyağı', 'toz şeker', 'toz şeker', 'toz şeker', 'un', 'kabartma tozu', 'krema', 'manda sütü', 'inek sütü', 'büyük boy yumurta', 'vanilin', 'keçi sütü']","['<p>Trileçe için derin bir karıştırma kasesinin içerisine yumurta ve şekeri ekleyip, şekerler eriyene ve karışımın rengi açılıp, krema kıvamına gelene kadar çırpın.</p>', '<p>Un, kabartma tozu ve vanilini yumurtalı karışımın içerisine eleyerek ekleyin.</p>', '<p>Spatula yardımıyla kuru malzemelerin sıvı malzemelerle birleşmesi için altan üstte doğru sürekli olarak karıştırın. Güzelce karışmış olan kek harcını yağlanmış fırın kabınıza dökün ve üzerini düzeltin.</p>', '<p>Trileçenin pandispanyasını önce 170 derece ısıtılmış fırında 10 dakika pişirin. 10 dakika sonunda fırın ısısını 150 dereceye indirip 20-25 dakika kadar pişirin.\xa0Pişen pandispanyayı oda sıcaklığında soğumaya bırakın ve üzerine kürdan yardımıyla delikler açın.</p>', '<p>Sütlü şerbeti için; inek sütü, manda sütü ve keçi sütünü tencereye alın. Şekerini de ekleyip eriyene kadar karıştırın. Kaynamaya başladıktan sonra ocağın altını kapatın ve ılımaya bırakın.</p>', '<p>Karameli için; ayrı bir sos tenceresinde toz şekeri kontrollü olarak eritin. Üzerine tereyağını ekleyin. Fokurdamaya başlayan tereyağlı şekerin üzerine\xa0kremayı ekleyin ve karıştırıp ocaktan alın, soğumaya bırakın.</p>', '<p>Oda sıcaklığında soğumuş olan trileçe pandispanyasının üzerine ılık sütlü şerbeti ekleyin ve sütü iyice çektikten sonra buzdolabında soğumaya bırakın.</p>', '<p>Bu esnada 1 paket krem şanti hazırlayın. Soğumuş olan kekinizin üzerine ince bir tabaka halinde krem şantiyi yayın.</p>', '<p>Hazırlamış olduğunuz karameli de üzerine güzelce yayın.</p>', '<p>Ardından dilimleyin ve soğuk olarak servis edin. Afiyetler olsun!</p>']",SÜTLÜ TATLI,239b56,/tarif/sutlu-tatlilar/,"['Tatlı', 'Ramazan', 'Sütlü Tatlı', 'Video']",,['Çay Saati'],['Fırın'],,False,2100,1800,2021-03-22T05:01:53Z,4.0,767271,3972,False,True,True,0,,0,,,,2014/11/trilece-ytk-site.jpg,0,0,https://cdn.yemek.com/mnresize/940/940/uploads/2014/11/trilece-ytk-site.jpg,940,940,False,https://cdn.yemek.com/mncrop/300/200/uploads/2014/11/trilece-ytk-site.jpg,300,200,True,https://cdn.yemek.com/mncrop/940/625/uploads/2014/11/trilece-ytk-site.jpg,940,625,True,https://cdn.yemek.com/mncrop/620/388/uploads/2014/11/trilece-ytk-site.jpg,620,388,True,https://cdn.yemek.com/mncrop/600/315/uploads/2014/11/trilece-ytk-site.jpg,600,315,True,,,,,,
983,2518,Yasemin Özaltın,https://cdn.yemek.com/author/35533/20181219061403_avatar.jpg,/profil/yasemingursurer/,Onsuz Olmaz: Bulgur Pilavı,Bulgur Pilavı,/tarif/bulgur-pilavi/,20 dk,10 dk,"<p>Herkesin <a href=""https://yemek.com/tarif/domatesli-bulgur-pilavi/"" target=""_blank"">bulgur pilavı</a> tarifi ufak da olsa farklılıklar gösteriyor. Kimi içine domates biber koyarken, kimi sade, kimi tel şehriyeli hazırlıyor. Sulu yemeklerin sevdalısı, yoğurt ve salatalık turşusuna anlam katan bulgur pilavını özüyle sözüyle sade olarak hazırlıyor, soframızın baş köşesine alıyoruz. Bulgur pilavı, <a href=""https://yemek.com/tarif/pilav/"" target=""_blank"">pilav tarifleri</a> arasında en çok sevilenlerden de biri. Şöyle tane tane döküleni de pek makbul. Bu domatesli bulgur pilavı tarifi çok klasik bir tarif olsa da bir de bizim tarifimizle deneyin deriz. Karşınızda tüm püf noktalarıyla enfes bulgur pilavı tarifimiz!</p>
<p>En klasik bulgur pilavı diyoruz ama yanına <a href=""https://yemek.com/tarif/bezelye-yemegi/"" target=""_blank"">bezelye</a> pişiresimiz, karşısına yoğurdu alasımız, belki de bir çoban salatayla masayı şenlendiresimiz var. Pek de güzel yiyesimiz var sonra. Her <a href=""https://yemek.com/tarif/"" target=""_blank"">yemek tarifinin</a> yanına çok yakışan, doyurucu, enfes mi enfes salçalı bulgur pilav tarifimize buyurun.</p>
<p>Bulgur pilavının ölçüsünden adım adım yapılışına kıvamı tam tutan, ölçüleri hiç şaşmayan bulgur pilavı tarifi karşınızda.</p>
<p>Haydi girin mutfağa, bize eşlik edin. Afiyetler olsun.</p>
<p>Not: ""Ben bulgur pilavı çeşitlerini görmek istiyorum."" diyenler için yeşil mercimekli bulgur pilavı tarifini <a href=""https://yemek.com/tarif/mercimekli-bulgur-pilavi/"" target=""_blank"">şuraya</a>, sade bulgur pilavı tarifini <a href=""https://yemek.com/tarif/sade-bulgur-pilavi/"" target=""_blank"">buraya</a>, domatesli bulgur pilavını da tam <a href=""https://yemek.com/tarif/domatesli-bulgur-pilavi/"" target=""_blank"">şuraya</a> bırakalım. Afiyet olsun!</p>
",recipe,"['kuru soğan', 'biber salçası', 'tereyağı', 'tuz', 'pul biber', 'sarımsak', 'su', 'zeytinyağı', 'karabiber', 'domates salçası', 'domates', 'yeşil biber', 'kekik', 'pilavlık bulgur']","['Birer yemek kaşığı tereyağı ve zeytinyağını bir pilav tenceresinde\xa0kızdırın. Üzerine soğanları ilave edin.', '2 adet yemeklik doğranmış kuru soğanı da tencereye ekleyin ve pembeleşinceye kadar kavurun.\xa01 adet ezilmiş sarımsak ve 2 adet doğranmış yeşil biberi de ekleyin ve kavurun.', '1 yemek kaşığı domates salçası ve yarım yemek kaşığı biber salçasını da ekleyip kokusu çıkana kadar kavurun.', 'Sonra 2 su bardağı pilavlık bulguru ekleyin.', ""Baharat olarak 1'er çay kaşığı tuz, karabiber, pul biber ve 1 tatlı kaşığı kekik ilave edin."", '2 adet rendelenmiş domatesi ilave edin.', '4 su bardağı su ekledikten sonra tencerenin kapağını kapatıp pişmeye bırakın.', 'Bulgurlar göz göz olup suyunu çektiğinde\xa0ocağın altını kapatın.', 'Pilavınızın altını kapatın ve dinlenmeye bırakın.', 'Bulgur pilavınız hazır, afiyet olsun!']",PİLAV,239b56,/tarif/pilav/,"['Ramazan', 'Pilav', 'Video', 'Bakliyat']","['pratik yemek tarifleri', 'akşam yemeği', 'öğle yemeği']","['Öğle Yemeği', 'Akşam Yemeği']",['Tencere'],['Vejetaryen'],False,1200,600,2021-03-23T08:12:32Z,4.0,763827,6496,False,True,True,0,,0,,,,2015/05/bulgur-pilavi-yemekcom.jpg,0,0,https://cdn.yemek.com/mnresize/940/940/uploads/2015/05/bulgur-pilavi-yemekcom.jpg,940,940,False,https://cdn.yemek.com/mncrop/300/200/uploads/2015/05/bulgur-pilavi-yemekcom.jpg,300,200,True,https://cdn.yemek.com/mncrop/940/625/uploads/2015/05/bulgur-pilavi-yemekcom.jpg,940,625,True,https://cdn.yemek.com/mncrop/620/388/uploads/2015/05/bulgur-pilavi-yemekcom.jpg,620,388,True,https://cdn.yemek.com/mncrop/600/315/uploads/2015/05/bulgur-pilavi-yemekcom.jpg,600,315,True,"['tencere', 'düşük karbonhidratlı']",,,,,
984,10116,Neşe Ümit Tan,https://cdn.yemek.com/author/208653/20190910030615_avatar.jpg,/profil/neseumit/,İçi Yumuşak: Kakaolu Çatlak Kurabiye,Kakaolu Çatlak Kurabiye,/tarif/kakaolu-catlak-kurabiye/,8 dk,15 dk,"<p>Fırından nefis bir davetiye çıktı. Bu davetiye size mis kokulu keyif anlarına konuk olmanız için gönderildi. Göndereni ise <strong>kakaolu çatlak kurabiye</strong>! Görüntüsüyle dahi içimizi açan <a href=""https://yemek.com/tarif/kurabiye/"" target=""_blank"" rel=""noopener"">kurabiye</a>, yapımıyla da pek bir keyifli. Buzdolabımızda her daim bulunan malzemelerle hemencecik hazırlanıyor. İçine tereyağı yerine sıvı yağ giriyor, daha bir hafifliyor.</p>
<p>Gönderdiği davetiyeyi geri çevirmek olmaz. Biz de kendisini çayımızın yanına, kahvemizin baş ucuna, sütümüzün dibinde ağırlamak istiyoruz. Bu yüzden çıkardık malzemelerimizi, kaplarımızı. <a href=""https://yemek.com/tarif/"" target=""_blank"" rel=""noopener"">Tarif</a>imizi de tüm ayrıntılarına kadar anlattık. Aman dikkat! Minik püf noktalarını es geçmeyin.</p>",recipe,"['yumurta', 'toz şeker', 'sıvı yağ', 'kakao', 'vanilin', 'kabartma tozu', 'un', 'pudra şekeri']","['<p>Orta boy bir kabın içerisinde yumurta ve şekeri mikser ya da çırpma teli yardımıyla çırpın.</p>', '<p>Şekerler eriyip, karışımın rengi kırık beyaz hale geldiğinde sıvı yağ ekleyerek biraz daha çırpın.</p>', '<p>Üzerine kakao, kabartma tozu ve vanilini eleyin.</p>', '<p>Son olarak unu eleyin.\xa0Bir spatula yardımıyla malzemeler birleşinceye dek karıştırın. Hamurun kıvamı kurabiye hamuruna göre cıvık olacak ve daha çok brownie hamuruna benzeyecektir. Dilediğiniz kıvama gelen hamuru streç filme sararak en az 2 saat buzdolabında dinlenmeye bırakın.</p>', '<p>Dinlenen kurabiye hamurunuzu çıkarın. Hamurunuzdan ceviz büyüklüğünde toplar koparak minik toplar halinde şekil verin.</p>', '<p>Şekil verdiğiniz kurabiyeleri pudra şekeri ile kaplayın. Pudra şekeri ile kaplamış çatlak kurabiyelerinizi yağlı kağıt serdiğiniz tepsiye yerleştirin. Önceden ısıtılmış 180 derecelik fırında kontrollü bir şekilde yaklaşık\xa08-10 dakika pişirin.</p>', '<p>Pudra şekeri ile kaplamış çatlak kurabiyelerinizi yağlı kağıt serdiğiniz tepsiye yerleştirin.</p>', '<p>Önceden ısıtılmış 180 derecelik fırında kontrollü bir şekilde yaklaşık\xa08-10 dakika pişirin.</p>', '<p>Fırından çıkardıktan sonra\xa015-20 dakika kadar oda sıcaklığında dinlendirdikten sonra servis edin.</p>', '<p>Kakaolu çatlak kurabiyeleriniz hazır.</p>', '<p>Afiyet olsun!</p>']",TATLI KURABİYE,239b56,/tarif/tatli-kurabiyeler/,"['Kurabiye', 'Video', 'Tatlı Kurabiye']",,['Çay Saati'],['Fırın'],['Ekonomik'],False,480,900,2016-11-07T07:15:24Z,4.0,853260,6544,False,True,True,0,,0,,,,2016/11/kakaolu-catlak-kurabiye-yemekcom.jpg,0,0,https://cdn.yemek.com/mnresize/940/940/uploads/2016/11/kakaolu-catlak-kurabiye-yemekcom.jpg,940,940,False,https://cdn.yemek.com/mncrop/300/200/uploads/2016/11/kakaolu-catlak-kurabiye-yemekcom.jpg,300,200,True,https://cdn.yemek.com/mncrop/940/625/uploads/2016/11/kakaolu-catlak-kurabiye-yemekcom.jpg,940,625,True,https://cdn.yemek.com/mncrop/620/388/uploads/2016/11/kakaolu-catlak-kurabiye-yemekcom.jpg,620,388,True,https://cdn.yemek.com/mncrop/600/315/uploads/2016/11/kakaolu-catlak-kurabiye-yemekcom.jpg,600,315,True,,,,,,
985,2914,Yasemin Özaltın,https://cdn.yemek.com/author/35533/20181219061403_avatar.jpg,/profil/yasemingursurer/,Zeytinyağlıların En Şekeri: Taze Fasulye,Taze Fasulye,/tarif/taze-fasulye/,25 dk,20 dk,"<p>Tek tek kılçıkları ayıklanan, <a href=""https://yemek.com/tarif/zeytinyaglilar"" target=""_blank"">zeytinyağlı</a> tariflerin en makbulü, <a href=""https://yemek.com/tarif/"" target=""_blank"">yemek tariflerinin</a> en zarifi zeytinyağlı taze fasulye. Yerine göre jülyen şeklinde doğranan yeşil fasulyeleri, uç kısımlarını aldıktan sonra ortadan ikiye böldük. Sulu domates, kuru soğan ve sarımsak ilavesiyle tadına tat kattık.</p>
<p>Naneli <a href=""https://yemek.com/tarif/cacik/"" target=""_blank"">cacık</a>la güzel, her dem yenir zeytinyağlı taze fasulye. Videolu ve adım adım resimli yapılış aşamalarıyla şimdi karşınızda!</p>
<p>Ayrıca bunu seven bunu da sevdi: <a href=""https://yemek.com/tarif/kiymali-taze-fasulye/"" target=""_blank"">Kıymalı taze fasulye tarifi</a>!</p>
",recipe,"['sıcak su', 'tuz', 'toz şeker', 'sarımsak', 'zeytinyağı', 'büyük boy kuru soğan', 'taze fasulye', 'orta boy domates (etli ve sulu)']","['Kuru soğanları küçük küpler halinde kesin. Sarımsakları ince ince dilimleyin. Domatesleri rendeleyin. Fasulyeleri de ayıklayarak bir köşeye alın.5 yemek kaşığı zeytinyağını bir tencerede kızdırın.', 'Doğradığınız 1 adet büyük boy kuru soğan ve 2 diş doğranmış sarımsakları hafif bir renk alana kadar kavurun.', '600 gram doğranmış taze fasulyeyi de ekleyerek kavurma işlemini sürdürün.', '2 çay kaşığı tuz, 1 tatlı kaşığı toz şeker, 3 adet rendelenmiş domates ve 1 su bardağı sıcak suyu da ekledikten sonra güzelce karıştırın.', 'Kapağını kapatıp fasulyeler yumuşayana kadar kısık ateşte pişirmeye bırakın.', 'Arzuya göre ılık, fakat daha da lezzetli olması için soğuk olarak servis edin. Afiyet olsun!']",ZEYTİNYAĞLI,239b56,/tarif/zeytinyaglilar/,"['Sebze', 'Zeytinyağlı', 'Video', 'Mevsiminde']",,"['Öğle Yemeği', 'Akşam Yemeği']","['Tencere', 'Ocak']",,False,1500,1200,2019-05-15T06:39:55Z,4.0,841532,5174,False,True,True,0,,0,,,,2015/07/taze-fasulye-yemekcom.jpg,0,0,https://cdn.yemek.com/mnresize/940/940/uploads/2015/07/taze-fasulye-yemekcom.jpg,940,940,False,https://cdn.yemek.com/mncrop/300/200/uploads/2015/07/taze-fasulye-yemekcom.jpg,300,200,True,https://cdn.yemek.com/mncrop/940/625/uploads/2015/07/taze-fasulye-yemekcom.jpg,940,625,True,https://cdn.yemek.com/mncrop/620/388/uploads/2015/07/taze-fasulye-yemekcom.jpg,620,388,True,https://cdn.yemek.com/mncrop/600/315/uploads/2015/07/taze-fasulye-yemekcom.jpg,600,315,True,,,"['Nisan', 'Mayıs', 'Haziran', 'Temmuz']",,,
986,2602,Yasemin Özaltın,https://cdn.yemek.com/author/35533/20181219061403_avatar.jpg,/profil/yasemingursurer/,Kusursuz Kıvamda: Omlet,Omlet,/tarif/omlet/,3 dk,5 dk,"<p><a href=""https://yemek.com/tarif/kahvaltiliklar/"" target=""_blank"">Kahvaltıların</a> tadı tuzudur iyi yapılmış bir omlet. İçinde yer alan malzemeler değişiklik gösterse de kabarık bir <a href=""https://yemek.com/omlet-tarifleri/"" target=""_blank"">omlet tarifi</a> hazırlamak için 3 ya da 4 yumurtanız varsa o iş tamamdır! <img src=""https://cdn.yemek.com/assets/images/smiley/smile.png"" class=""wp-smiley img-responsive"" /> Arzuya göre 1 ya da 2 yumurta ile de tereyağı ve zeytinyağı oranını azaltarak <strong>sade omlet</strong> yapılabilir elbette. <strong>İyice çırpılan yumurtalar</strong> tavaya alınır ve kısa sürede pişirilir. Ne sulu ne de çok katı olmalıdır.</p>
<p>Sonrasında gelsin demli bir bardak çay ve kızarmış ekmekler. Haydi mutfağa, kusursuz kıvamda leziz mi leziz <strong>omlet tarifi</strong> yapıyoruz. Afiyetler olsun!</p>
",recipe,"['tereyağı', 'tuz', 'yumurta', 'zeytinyağı', 'taze çekilmiş tane karabiber']","['Omlet için derin bir karıştırma kasesinde 4 adet yumurtayı bir kasenin içerisine alın.', 'Yarım çay kaşığı tuz ve biberi birleştirin. Bir çırpıcı yardımıyla alttan üste doğru hava kabarcıkları oluşana kadar güzelce çırpın.', ""Tavanızı ısıtın ve 1'er yemek kaşığı tereyağı ve zeytinyağını kızdırın."", 'Ardından yumurta karışımını tavaya dökün. Ocağınızın altını kısın ve alt kısmı kızarana adar pişirin.', 'Omletin alt kısmı kızarıp, üst kısmı hafif sulu kaldığında tavanızı önce doğru eğip omleti ikiye katlayın.', '1-2 dakika daha bu şekilde pişirip ocaktan alın.', 'Soğumadan omleti kahvaltılıklarla servis edin. Afiyet olsun!']",KAHVALTILIK,239b56,/tarif/kahvaltiliklar/,"['Kahvaltılık', 'Video']",['kahvaltı'],['Kahvaltı'],['Tava'],['Bol Proteinli'],False,180,300,2022-08-24T11:20:10Z,4.0,828088,1909,False,True,True,0,,0,,,,2015/05/omlet-yemekcom.jpg,0,0,https://cdn.yemek.com/mnresize/940/940/uploads/2015/05/omlet-yemekcom.jpg,940,940,False,https://cdn.yemek.com/mncrop/300/200/uploads/2015/05/omlet-yemekcom.jpg,300,200,True,https://cdn.yemek.com/mncrop/940/625/uploads/2015/05/omlet-yemekcom.jpg,940,625,True,https://cdn.yemek.com/mncrop/620/388/uploads/2015/05/omlet-yemekcom.jpg,620,388,True,https://cdn.yemek.com/mncrop/600/315/uploads/2015/05/omlet-yemekcom.jpg,600,315,True,"['bol proteinli', 'glutensiz', 'düşük kalorili']",,,,,
987,8439,ipeksare,https://cdn.yemek.com/author/262494/20200820091315_avatar.jpg,/profil/ipeksare/,Evde Taş Fırın Lezzetinde: Lahmacun,Lahmacun,/tarif/lahmacun/,30 dk,25 dk,"<p>Lahmacun, yemesi en keyifli, en çok sevdiğimiz <a href=""https://yemek.com/tarif"" target=""_blank"">yemek tariflerinin</a> başında geliyor. Ancak onu evde tıpkı dışarıda yediklerimiz kadar nefis bir şekilde hazırlamak da mümkün. Yanına bolca <a href=""https://yemek.com/tarif/sumakli-sogan-salatasi/"" target=""_blank"">sumaklı soğan</a>la servis etmelik nefis bir lahmacun yapalım hadi gelin. İhtiyacınız olan malzemeleri bir bir anlatıyoruz. <img src=""https://cdn.yemek.com/assets/images/smiley/smile.png"" class=""wp-smiley img-responsive"" /></p>
<p>Böylesine lezzetli, doyurucu bu lezzeti bu sefer evde yapmak için sıvadık kollarımızı. Hamurunu sevgi ile mayalandırdık ve işte karşınızda en güzel ve en kolay haliyle ev yapımı gerçek lahmacun <a href=""https://yemek.com/tarif/"" target=""_blank"">tarifi</a>! Bu tarifle keyifli hafta sonu sofralarınıza geleneksel bir dokunuş yapabilir, çıtır çıtır lahmacun hamurunun sesini evinizden eksik etmeyebilirsiniz. Bizden söylemesi...</p>
",recipe,"['biber salçası', 'tuz', 'tuz', 'pul biber', 'toz şeker', 'un', 'maydanoz', 'su', 'su', 'domates salçası', 'domates', 'yeşil biber', 'kırmızı biber', 'toz kırmızı biber', 'soğan', 'sıvı yağ', 'yağlı dana kıyma']","['Mutfak robotuna kırmızı biberleri, yeşil biberleri, soğanları ve domatesleri ilave edin.', 'Tamamen püre haline gelmeyecek şekilde çekin.', 'Maydanozları da ekleyin ve 10 saniye kadar daha çekin.', 'Domates salçası, biber salçası, sıvı yağ ve suyu ekleyin. Son olarak kıymayı ekleyerek güzelce yoğurun.Lahmacunun lezzetli olması için harcınızın cıvık bir kıvamda olması gerekir. Yeteri kadar cıvık bir kıvamda değilse, biraz su ekleyebilirsiniz.', 'Hazırladığınız harcı vaktiniz varsa bir süre buzdolabında dinlendirin.', 'Harcınız dinlenirken, hamurunuzu yapmaya başlayın.\xa0Suyu bir kaba dökün, üzerine tuz ve şekeri ilave ederek güzelce karıştırın. Azar azar da un ilave edin. Orta sertliğe ulaşana dek yoğurun.', 'Hamuru bir silindir haline getirip eşit parçalara bölün. Aynı büyüklükte lahmacunlar yapabilmek için hamurlarınızın ağırlığı da eşit olmalıdır. Bezeleri bir süre dinlenmeye bırakın.', 'Hazırladığınız bezeleri yemek tabağı büyüklüğünde açın. Mümkün olduğu kadar ince açmanız önemlidir. Bu sırada fırınınızı 250 derece fanlı ve alt-üst açık olacak şekilde açın. Güzelce ısıtın.', 'Açtığınız hamurların üzerine kıymalı harcı yayın. Fırının tabanına yağlı kağıt ile birlikte yerleştirin ve 7-10 dakika altı kızarana kadar pişirin.', 'Sumaklı soğan, maydanoz ve bol limonla servis edin.', 'Afiyet olsun!']",PİDE,239b56,/tarif/pide/,"['Hamur İşi', 'Pide', 'Video']","['pratik yemek tarifleri', 'ekonomik', 'başlangıç', 'ara öğün', 'akşam yemeği', 'öğle yemeği']","['Başlangıç', 'Öğle Yemeği', 'Akşam Yemeği']",['Fırın'],,False,1800,1500,2020-04-13T07:46:32Z,4.0,828058,5659,False,True,True,0,,0,,,,2020/04/lahmacun-yemekcom-1.jpg,0,0,https://cdn.yemek.com/mnresize/940/940/uploads/2020/04/lahmacun-yemekcom-1.jpg,940,940,False,https://cdn.yemek.com/mncrop/300/200/uploads/2020/04/lahmacun-yemekcom-1.jpg,300,200,True,https://cdn.yemek.com/mncrop/940/625/uploads/2020/04/lahmacun-yemekcom-1.jpg,940,625,True,https://cdn.yemek.com/mncrop/620/388/uploads/2020/04/lahmacun-yemekcom-1.jpg,620,388,True,https://cdn.yemek.com/mncrop/600/315/uploads/2020/04/lahmacun-yemekcom-1.jpg,600,315,True,['fırın'],,,,,
988,78,Neşe Ümit Tan,https://cdn.yemek.com/author/208653/20190910030615_avatar.jpg,/profil/neseumit/,"Kokusu Mis, Dokusu Nefis: Limonlu Kek",Limonlu Kek,/tarif/limonlu-kek/,40 dk,15 dk,"<p>Limonlu kek kendine has aroması, buram buram mutfağı dolduran misler gibi kokusuyla en çok tercih edilen <a href=""https://yemek.com/tarif/kek/"" target=""_blank"">pratik kek tariflerinden</a> birisi. 10 dakikada fırına vermeye hazır kek harcıyla çat kapı gelen misafirleriniz için paha biçilemez <a href=""https://yemek.com/tarif/tatli-kek/"" target=""_blank"">tatlı kek tariflerinden</a> birisi olan limonlu kek, herkesin severek yiyeceği puf puf kabaran yumuş yumuş bir kek.</p>
<p>Büyükten küçüğe herkesin severek yiyeceği, hafif lezzetine ve yumuşaklığına bayılacağı bir <a href=""https://yemek.com/tarif/tatli/"" target=""_blank"">tatlı</a> kek tarifi bu. Deneyenlerin sizden tarifini isteyeceğinize eminiz! Fırınlar ısıtılsın, kek kalıpları meydana çıksın, bugün mutfakta limonlu kek pişecek! Şimdiden afiyetler olsun!</p>
",recipe,"['tereyağı', 'limon suyu', 'yumurta', 'toz şeker', 'rendelenmiş limon kabuğu', 'ayçiçek yağı', 'süt', 'un', 'kabartma tozu', 'vanilin']","['Yumurta ve toz şekeri, bir çırpıcı yardımıyla krema halini alana kadar çırpın.', 'Sırasıyla; süt, ayçiçek yağı ve limon suyunu ilave edip, 2 dakika daha çırpın.', 'Elenmiş un, kabartma tozu, vanilya ve rendelenmiş limon kabuğunu ekledikten sonra karıştırın.', 'Yağladığınız kek kalıbına harcı boşaltın ve eşit oranda kabarması için üzerini bir spatula yardımıyla düzeltin.Hazırladığınız limonlu keki, önceden ısıtılmış 170 derece fırında 40 dakika pişirin.', 'İçini çekmesi için keki dinlendirdikten sonra kalıbından çıkartın ve dilimleyerek servis edin. Sevdiklerinizle paylaşın.']",TATLI KEK,239b56,/tarif/tatli-kek/,"['Kek', 'Tatlı Kek', 'Mevsiminde']","['ekonomik', 'çay saati']",['Çay Saati'],['Fırın'],['Vejetaryen'],False,2400,900,2021-03-19T07:30:13Z,4.0,810627,4819,False,False,True,0,,0,,,,2020/01/limonlu-kek-tarifi-yeni-one-cikan.jpg,0,0,https://cdn.yemek.com/mnresize/940/940/uploads/2020/01/limonlu-kek-tarifi-yeni-one-cikan.jpg,940,940,False,https://cdn.yemek.com/mncrop/300/200/uploads/2020/01/limonlu-kek-tarifi-yeni-one-cikan.jpg,300,200,True,https://cdn.yemek.com/mncrop/940/625/uploads/2020/01/limonlu-kek-tarifi-yeni-one-cikan.jpg,940,625,True,https://cdn.yemek.com/mncrop/620/388/uploads/2020/01/limonlu-kek-tarifi-yeni-one-cikan.jpg,620,388,True,https://cdn.yemek.com/mncrop/600/315/uploads/2020/01/limonlu-kek-tarifi-yeni-one-cikan.jpg,600,315,True,['fırın'],,"['Ocak', 'Eylül']",,,
989,130,Yasemin Özaltın,https://cdn.yemek.com/author/35533/20181219061403_avatar.jpg,/profil/yasemingursurer/,Dakikalar İçinde Sofrada: Mantarlı Tavuk Sote,Mantarlı Tavuk Sote,/tarif/mantarli-tavuk-sote/,20 dk,10 dk,"<p>Pratik ama bir o kadar da doyurucu, besleyici ve lezzetli bir <a href=""https://yemek.com/tarif/"" target=""_blank"">yemek tarifi</a> yapmak isteyenleri böyle alabilir miyiz? Sizin için nefis bir önerimiz var.</p>
<p>Mantar sote bu sefer <a href=""https://yemek.com/tarif/tavuk/"" target=""_blank"">tavuk</a>la buluşuyor ve besin değerini arttırıyor. <strong>Kısa sürede hazırlayabileceğiniz bu pratik tarifi</strong> <a href=""https://yemek.com/tarif/bulgur-pilavi/"" target=""_blank"">bulgur pilavı</a> ya da yeşil <a href=""https://yemek.com/tarif/salata/"" target=""_blank"">salata</a> ile tamamlayarak doyurucu bir öğün oluşturabilirsiniz. Tavuklu mantar sote için buyurun mutfağa!</p>
",recipe,"['tuz', 'kültür mantarı', 'zeytinyağı', 'kuşbaşı tavuk göğsü', 'domates', 'yeşil biber', 'taze çekilmiş renkli tane karabiber', 'kekik', 'kapya biber']","['3 yemek kaşığı zeytinyağını tavada kızdırın. 600 gram kuşbaşı doğranmış tavuk göğüslerini, suyunu salmaması için yüksek ateşte soteleyin.', 'Ardından 2 adet doğranmış yeşil ve kırmızı biberleri ekleyip sotelemeye devam edin.', '300 gram doğranmış mantarı da ekleyip, suyunu salıp çekene kadar, soteleme işlemini 10 dakika kadar sürdürün.', 'Son olarak; 1 adet kabukları soyulup doğranmış domates, 1 çay kaşığı tuz, 1 çay kaşığı çekilmiş tane karabiber ve 1 tatlı kaşığı kekiği de ekleyin.', '15 dakika kadar pişmeye bırakın.', 'Domatesler suyunu çektiğinde mantarlı tavuk soteniz hazır demektir. Afiyet olsun!']",TAVUK,239b56,/tarif/tavuk/,"['Tavuk', 'Ramazan', 'Video', 'Sulu Yemek']","['pratik yemek tarifleri', 'ekonomik', 'akşam yemeği', 'diyet', 'öğle yemeği']","['Öğle Yemeği', 'Akşam Yemeği']","['Tencere', 'Ocak']",['Bol Proteinli'],False,1200,600,2014-06-16T14:34:43Z,4.0,809161,9062,False,True,True,0,,0,,,,2014/06/mantarli-tavuk-sote-yemekcom.jpg,0,0,https://cdn.yemek.com/mnresize/940/940/uploads/2014/06/mantarli-tavuk-sote-yemekcom.jpg,940,940,False,https://cdn.yemek.com/mncrop/300/200/uploads/2014/06/mantarli-tavuk-sote-yemekcom.jpg,300,200,True,https://cdn.yemek.com/mncrop/940/625/uploads/2014/06/mantarli-tavuk-sote-yemekcom.jpg,940,625,True,https://cdn.yemek.com/mncrop/620/388/uploads/2014/06/mantarli-tavuk-sote-yemekcom.jpg,620,388,True,https://cdn.yemek.com/mncrop/600/315/uploads/2014/06/mantarli-tavuk-sote-yemekcom.jpg,600,315,True,"['tencere', 'bol proteinli', 'düşük kalorili']",,['Eylül'],,,
990,442,Yasemin Özaltın,https://cdn.yemek.com/author/35533/20181219061403_avatar.jpg,/profil/yasemingursurer/,Katkı Maddesiz: Ev Yapımı Limonata,Ev Yapımı Limonata,/tarif/ev-yapimi-limonata/,20 dk,20 dk,"<p>Pratik bir şekilde, katkı maddesiz, buzdolabında serin serin muhafaza edilebilecek, ikramlık ev yapımı limonata hazırlamak çok zevkli.</p>
<p>Türk yemek sektöründe, restoranlarda, kafelerde yaz cemresidir limonata. Eskiden sadece tek başına içilen bir şeyken şimdilerde kolaya, ayrana ve hatta kahveye rakip olup <a href=""https://yemek.com/tarif/makarna/"" target=""_blank"">makarnanın</a>, <a href=""https://yemek.com/tarif/tavuk/"" target=""_blank"">tavuk yemeklerinin</a> ve hatta <a href=""https://yemek.com/tarif/et"" target=""_blank"">et yemeklerinin</a> yanında boy göstermeye başladı. Yazın en güzel şeylerinden biri limonata ve inanın birçok yemeğe de çok yakışıyor.</p>
<p>Ev yapımı gerçek limonata ise hiçbir mekanın size aynı lezzette yardımcı olamayacağı kadar güzel. İnsanın aklına babaanne evinde klasik sürahi içinde içilen günleri getirecek kadar nostaljik. Daha bacak kadarken doğum günü pastasının yanında içilecek kadar duygusal. İyi ki var.</p>
<p>Bu kadar konuştuktan sonra buzlukta da saklanabilecek, kolay mı kolay, portakalsız limonata tarifini yapmamak, serinlememek, ferahlamamak olmaz.</p>
<p>Ev yapımı limonata nasıl yapılır? diyenler haydi mutfağa.</p>
",recipe,"['nane', 'toz şeker', 'limon', 'buz', 'içme suyu']","['Bol suda yıkadığınız 10 adet limonun, kabuklarını rendenin kalın tarafıyla rendeleyin. Beyaz kısımlarını almamaya özen gösterin.', 'Kabuğu rendelenmiş dört adet limonu ortadan ikiye kesin ve suyunu sıkın. Kalan limonları küçük parçalar halinde dilimleyin.', '2 su bardağı toz şeker ve taze sıkılmış limonların suyunu karıştırın.', 'Rendelenmiş limon kabuklarını, limon parçaları ve ayıkladığınız 1 demet nane yapraklarının yarısını da ekledikten sonra şeker tamamen eriyip, tüm limonların suyu çıkana kadar yoğurun.', 'Nane yapraklarını da ekleyin.', 'Özünün çıkması için bu karışımı tel bir süzgeç yardımıyla\xa0bir kaseye süzün.', '5 su bardağı içme suyunu ekledikten sonra limonatayı buzdolabında soğutun.', '2 su bardağı buz ilavesiyle karıştırdıktan sonra\xa0 keyfini çıkararak için. Afiyet olsun!']",İÇECEK,239b56,/tarif/icecekler/,"['İçecek', 'Video', 'Mevsiminde']","['pratik yemek tarifleri', 'ekonomik', 'ara öğün', 'çay saati']","['Ara Öğün', 'Çay Saati']",,['Ekonomik'],False,1200,1200,2021-03-25T06:00:50Z,4.0,786118,3534,False,True,True,0,,0,,,,2014/08/ev-yapimi-limonata-yemekcom.jpg,0,0,https://cdn.yemek.com/mnresize/940/940/uploads/2014/08/ev-yapimi-limonata-yemekcom.jpg,940,940,False,https://cdn.yemek.com/mncrop/300/200/uploads/2014/08/ev-yapimi-limonata-yemekcom.jpg,300,200,True,https://cdn.yemek.com/mncrop/940/625/uploads/2014/08/ev-yapimi-limonata-yemekcom.jpg,940,625,True,https://cdn.yemek.com/mncrop/620/388/uploads/2014/08/ev-yapimi-limonata-yemekcom.jpg,620,388,True,https://cdn.yemek.com/mncrop/600/315/uploads/2014/08/ev-yapimi-limonata-yemekcom.jpg,600,315,True,,,"['Haziran', 'Temmuz', 'Ağustos', 'Eylül']",,,
991,3233,Yasemin Özaltın,https://cdn.yemek.com/author/35533/20181219061403_avatar.jpg,/profil/yasemingursurer/,"Yumuşacık, Sulu Sulu Pişer: Tavuk Sote",Tavuk Sote,/tarif/tavuk-sote/,25 dk,15 dk,"<p><a href=""https://yemek.com/tarif/"" target=""_blank"">Yemek tariflerinin</a> en sevilenlerinden tavuk sote tarifinde zaman önemli. Aslına bakarsanız sote işlemi de uzun lafın kısası bir pişirme yöntemi. Kızgın tavada, yüksek ateş üzerinde alt üst edilen sebze ve et karışımları renk, doku ve tatlarını kaybetmeden kısa sürede pişiyor. Etler sertleşmiyor, sebzeler kurumuyor. Size de pratik ve kolay bir yöntemle hazırlanan bu <a href=""https://yemek.com/tarif/tavuk/"" target=""_blank"">tavuk tarifinin</a> keyfini ağız tadıyla çıkartmak düşüyor.</p>
<p>Tavada sote edilen yiyeceklerin sık sık sallanarak karıştırılması da ayrı bir konu. Et ve sebzelerin küçük ve birbirine yakın boyutlarda kesilmesi öneriliyor. Kullanılan etlerin olabildiğine körpe ve sinirsiz, baharatlarla önceden tatlandırılmış olması gerekiyor.</p>
<p>Teknik detayları bir kenara bıraktığımızda, pratik ve lezzetli tarifler arasında ilk üçe girebileceğini de söyleyebiliriz tavuk sote için (<a href=""https://yemek.com/tarif/sebzeli-tavuk-sote/"" target=""_blank"">sebzeli tavuk sote</a> ve <a href=""https://yemek.com/tarif/mantarli-tavuk-sote/"" target=""_blank"">mantarlı tavuk sote</a> için de aynı şekilde!). Pilava eşlik eder, yoğurtla anlaşır, salata onu sever, misafir gelse masada olur. Evde tek başına olsan, seni yalnız bırakmaz.</p>
<p>Bu kadar bilginin üzerine kolay ve lezzetli tavuk sote tarifini hak ettik sanırız. Adım adım resimli anlatımı ve videosuyla karşınızda tavuk sote!</p>
",recipe,"['tuz', 'pul biber', 'karabiber', 'yeşil biber', 'kırmızı biber', 'tavuk göğsü', 'kuru nane', 'soğan', 'doğranmış domates', 'sıvı yağ']","['Tavanın içerisine 2 yemek kaşığı sıvı yağı alın ve üzerine 300 gram kuşbaşı doğranmış tavuğu ilave ederek yüksek ateşte soteleyin.', 'Pişen tavukların üzerine 1 adet doğranmış soğanı ilave ederek sotelemeye devam edin.\xa0 1', 'adet doğranmış yeşil biber ve yarım adet doğranmış kapya biberi de ekleyin.', '1 adet doğranmış domatesi de tavanın içerisine aktarın.', 'Biraz suyunu çektikten sonra sırasıyla birer çay kaşığı tuz, karabiber, pul biber ve kuru nane ilave ederek güzelce karıştırın.', 'İyice pişince tavuk sotenizi ocaktan alın ve servis edin. Afiyet olsun!']",TAVUK,239b56,/tarif/tavuk/,"['Tavuk', 'Ramazan', 'Video']","['pratik yemek tarifleri', 'ekonomik', 'akşam yemeği', 'öğle yemeği']","['Öğle Yemeği', 'Akşam Yemeği']","['Tencere', 'Ocak']","['Ekonomik', 'Glutensiz', 'Bol Proteinli', 'Düşük Kalorili']",False,1500,900,2015-08-17T14:19:38Z,4.0,783975,5977,False,True,True,0,,0,,,,2015/08/tavuk-sote-yemekcom.jpg,0,0,https://cdn.yemek.com/mnresize/940/940/uploads/2015/08/tavuk-sote-yemekcom.jpg,940,940,False,https://cdn.yemek.com/mncrop/300/200/uploads/2015/08/tavuk-sote-yemekcom.jpg,300,200,True,https://cdn.yemek.com/mncrop/940/625/uploads/2015/08/tavuk-sote-yemekcom.jpg,940,625,True,https://cdn.yemek.com/mncrop/620/388/uploads/2015/08/tavuk-sote-yemekcom.jpg,620,388,True,https://cdn.yemek.com/mncrop/600/315/uploads/2015/08/tavuk-sote-yemekcom.jpg,600,315,True,['bol proteinli'],,,,,
992,131,Yasemin Özaltın,https://cdn.yemek.com/author/35533/20181219061403_avatar.jpg,/profil/yasemingursurer/,Lezzet Sırlarıyla: Lazanya,Lazanya,/tarif/lazanya/,25 dk,20 dk,"<p>Lazanya, köken itibarıyla <a href=""https://yemek.com/italyan-tarifleri/"">İtalyan</a> olmasa da damak zevkimize uygunluğuyla neredeyse artık bizden biri.</p>
<p>Lazanya, <a href=""https://yemek.com/tarif/makarna/"" target=""_blank"">makarna</a> hamuruyla yapılan, plaka halinde paketlenen, genellikle <a href=""https://yemek.com/tarif/bolonez-sos/"" target=""_blank"">bolonez sosu</a> ile birlikte fırında pişirilen <strong>İtalyan mutfağına ait</strong> nefis bir lezzet. %100 ev yapımı yapmak isterseniz de lazanya hamurunuzu evinizde de hazırlayabilirsiniz: <a href=""https://yemek.com/lazanya-hamuru-nasil-yapilir/"" target=""_blank"">Lazanya Hamuru Nasıl Yapılır?</a></p>
<p>Bu nefis lezzet bizim damak tadımıza çok yakın bir lezzet olunca onu çok sevdik ve her yediğimizde bayıldık. İçine biraz sevgimizi, biraz da elimizin lezzetini, damak zevkimizi kattık. Umarız lazanya tarifimiz sizin de favoriniz olur.</p>
",recipe,"['tereyağı', 'tereyağı', 'tuz', 'ayçiçek yağı', 'un', 'karabiber', 'karabiber', 'rendelenmiş kaşar peyniri', 'havuç', 'orta yağlı kıyma', 'defne yaprağı', 'soğuk süt', 'rendelenmiş muskat cevizi', 'rendelenmiş domates', 'soğan', 'bezelye', 'lazanya yaprağı', 'ezilmiş sarımsak']","['Lazanya tarifi için ayçiçek yağını ve tereyağı bir tavada kızdırın. Doğranmış soğanları 3- 4 dakika kadar kavurun.\xa0Üzerine havuçları ekleyip 3-4 dakika daha kavurmaya devam edin.', 'Kavrulan havuç ve soğanların üzerine kıymayı ekleyin ve suyunu salıp çekene kadar kavurun.', 'Sarımsak, tuz ve karabiberi ekleyin. Son olarak rendelenmiş domates ve defne yaprağını ekleyip harcı pişmeye bırakın.', 'Domates, suyunu biraz çektikten sonra içerisine bezelyeyi de ekleyin ve iç harcını pişirmeye devam edin.', 'Tüm malzemeler güzelce pişince iç harcınız hazır.', 'Beşamel sosu hazırlamak için; tereyağını sos tenceresinde eritin. Unu, kokusu çıkıp renk alana kadar kavurun.', 'Kavrulan una soğuk sütü ekleyin ve bir çırpıcı yardımıyla sürekli karıştırarak pişirin. Pişmeyen lazanya yaprakları kullandığınızda, normale göre beşamel sosunuzu daha sıvı olması gerekir. Bu yüzden çok kıvamlı olmamasına özen gösterin.', 'Karabiber ve rendelenmiş muskat cevizini ekledikten sonra ocaktan alın.', 'Fırın kabının tabanına biraz beşamel sos ve iç harçtan yayıp lazanya yapraklarını dizin.', 'Sırasıyla; kıymalı harç, beşamel sos ve\xa0 bir parça rendelenmiş kaşar peyniri ekleyin.', 'Lazanyanın en üst katı için beşamel sos ve rendelenmiş kaşar peyniri ayırdıktan sonra bu işlemi sırasıyla tüm lazanya yaprakları için tekrarlayın.', 'Kalan beşamel sos ve rendelenmiş kaşar peyniri ile lazanyanın üzerini kaplayın. Önceden ısıtılmış 180 derece fırında 20-25 dakika pişirin. Pişirme süresi fırından fırına değişiklik gösterebilir. Piştiğinden emin olana kadar kontrollü olarak pişirin.', 'Fırından çıkan lazanyayı dilimledikten sonra ılık olarak servis edin. Sevdiklerinizle paylaşın.']",MAKARNA,239b56,/tarif/makarna/,"['Makarna', 'Video', 'Dünya Mutfakları']","['seksi tarifler', 'ekonomik', 'akşam yemeği', 'öğle yemeği']","['Öğle Yemeği', 'Akşam Yemeği']",['Fırın'],['Bol Proteinli'],False,1500,1200,2022-04-13T06:49:48Z,4.0,781532,6296,False,True,True,0,,0,,,,2014/06/lazanya-ytk-yemekcom.jpg,0,0,https://cdn.yemek.com/mnresize/940/940/uploads/2014/06/lazanya-ytk-yemekcom.jpg,940,940,False,https://cdn.yemek.com/mncrop/300/200/uploads/2014/06/lazanya-ytk-yemekcom.jpg,300,200,True,https://cdn.yemek.com/mncrop/940/625/uploads/2014/06/lazanya-ytk-yemekcom.jpg,940,625,True,https://cdn.yemek.com/mncrop/620/388/uploads/2014/06/lazanya-ytk-yemekcom.jpg,620,388,True,https://cdn.yemek.com/mncrop/600/315/uploads/2014/06/lazanya-ytk-yemekcom.jpg,600,315,True,"['tencere', 'fırın']",,,['İtalya'],,
993,955,Yasemin Özaltın,https://cdn.yemek.com/author/35533/20181219061403_avatar.jpg,/profil/yasemingursurer/,Orijinal Tarif: Trileçe,Trileçe,/tarif/trilece/,35 dk,30 dk,"<p>Orijinalinde üç süt karışımının kullanıldığı <a href=""https://yemek.com/tarif/sutlu-tatlilar/"" target=""_blank"" rel=""noopener"">sütlü</a> <a href=""https://yemek.com/tarif/serbetli-tatlilar/"" target=""_blank"" rel=""noopener"">şerbet</a> ile hazırlanan trileçe (tirileçe), hafifliği ve sünger dokusuna sahip <a href=""https://yemek.com/tarif/pandispanya/"" target=""_blank"" rel=""noopener"">pandispanya</a> <a href=""https://yemek.com/tarif/kek/"" target=""_blank"" rel=""noopener"">kek</a>iyle şöhreti kısa sürede dilden dile yayılan enfes bir <a href=""https://yemek.com/tarif/tatli/"" target=""_blank"" rel=""noopener"">tatlı tarifi</a>. Traliçe, triliçe ya da trilece diye telaffuz edenler olsa da tatlının doğru yazımı trileçe. Trileçe hangi ülkeye ait sorusunun cevabını da verelim. Meksika'da yaygınlaşan ve tüm dünyaya yayılan bir sütlü tatlı aslında trileçe. <strong>Balkan ülkelerinde de çok sevilen tatlı</strong>, hafif olmasıyla ülkemizde de pek seviliyor.</p>
<p>Çeşitli sos ve kremalarla servis edilen versiyonlarını yerinde yiyebileceğiniz gibi gerçek trileçe tarifini ev sıcaklığında hazırlayıp, sevdiklerinizle paylaşabilirsiniz. Biz bu sefer oyumuzu karamelli orijinal trileçe tarifinden yana kullandık; ama siz farklı soslarla da onu deneyebilirsiniz. Tarifimizin içinde karamel <a href=""https://yemek.com/tarif/sos/"" target=""_blank"" rel=""noopener"">sos</a>unun tarifini de bulabileceksiniz.</p>
<p>Malzemeleriyle <strong>en kolay trileçe tarifleri</strong>nden biri olan bu <a href=""https://yemek.com/tarif/"" target=""_blank"" rel=""noopener"">tarifi</a> hemen denemek isteyeceksiniz.</p>
<p>O zaman haydi mutfağa, <strong>trileçe tatlısı</strong> yapıyoruz!</p>",recipe,"['tereyağı', 'toz şeker', 'toz şeker', 'toz şeker', 'un', 'kabartma tozu', 'krema', 'manda sütü', 'inek sütü', 'büyük boy yumurta', 'vanilin', 'keçi sütü']","['<p>Trileçe için derin bir karıştırma kasesinin içerisine yumurta ve şekeri ekleyip, şekerler eriyene ve karışımın rengi açılıp, krema kıvamına gelene kadar çırpın.</p>', '<p>Un, kabartma tozu ve vanilini yumurtalı karışımın içerisine eleyerek ekleyin.</p>', '<p>Spatula yardımıyla kuru malzemelerin sıvı malzemelerle birleşmesi için altan üstte doğru sürekli olarak karıştırın. Güzelce karışmış olan kek harcını yağlanmış fırın kabınıza dökün ve üzerini düzeltin.</p>', '<p>Trileçenin pandispanyasını önce 170 derece ısıtılmış fırında 10 dakika pişirin. 10 dakika sonunda fırın ısısını 150 dereceye indirip 20-25 dakika kadar pişirin.\xa0Pişen pandispanyayı oda sıcaklığında soğumaya bırakın ve üzerine kürdan yardımıyla delikler açın.</p>', '<p>Sütlü şerbeti için; inek sütü, manda sütü ve keçi sütünü tencereye alın. Şekerini de ekleyip eriyene kadar karıştırın. Kaynamaya başladıktan sonra ocağın altını kapatın ve ılımaya bırakın.</p>', '<p>Karameli için; ayrı bir sos tenceresinde toz şekeri kontrollü olarak eritin. Üzerine tereyağını ekleyin. Fokurdamaya başlayan tereyağlı şekerin üzerine\xa0kremayı ekleyin ve karıştırıp ocaktan alın, soğumaya bırakın.</p>', '<p>Oda sıcaklığında soğumuş olan trileçe pandispanyasının üzerine ılık sütlü şerbeti ekleyin ve sütü iyice çektikten sonra buzdolabında soğumaya bırakın.</p>', '<p>Bu esnada 1 paket krem şanti hazırlayın. Soğumuş olan kekinizin üzerine ince bir tabaka halinde krem şantiyi yayın.</p>', '<p>Hazırlamış olduğunuz karameli de üzerine güzelce yayın.</p>', '<p>Ardından dilimleyin ve soğuk olarak servis edin. Afiyetler olsun!</p>']",SÜTLÜ TATLI,239b56,/tarif/sutlu-tatlilar/,"['Tatlı', 'Ramazan', 'Sütlü Tatlı', 'Video']",,['Çay Saati'],['Fırın'],,False,2100,1800,2021-03-22T05:01:53Z,4.0,767271,3972,False,True,True,0,,0,,,,2014/11/trilece-ytk-site.jpg,0,0,https://cdn.yemek.com/mnresize/940/940/uploads/2014/11/trilece-ytk-site.jpg,940,940,False,https://cdn.yemek.com/mncrop/300/200/uploads/2014/11/trilece-ytk-site.jpg,300,200,True,https://cdn.yemek.com/mncrop/940/625/uploads/2014/11/trilece-ytk-site.jpg,940,625,True,https://cdn.yemek.com/mncrop/620/388/uploads/2014/11/trilece-ytk-site.jpg,620,388,True,https://cdn.yemek.com/mncrop/600/315/uploads/2014/11/trilece-ytk-site.jpg,600,315,True,,,,,,
994,2518,Yasemin Özaltın,https://cdn.yemek.com/author/35533/20181219061403_avatar.jpg,/profil/yasemingursurer/,Onsuz Olmaz: Bulgur Pilavı,Bulgur Pilavı,/tarif/bulgur-pilavi/,20 dk,10 dk,"<p>Herkesin <a href=""https://yemek.com/tarif/domatesli-bulgur-pilavi/"" target=""_blank"">bulgur pilavı</a> tarifi ufak da olsa farklılıklar gösteriyor. Kimi içine domates biber koyarken, kimi sade, kimi tel şehriyeli hazırlıyor. Sulu yemeklerin sevdalısı, yoğurt ve salatalık turşusuna anlam katan bulgur pilavını özüyle sözüyle sade olarak hazırlıyor, soframızın baş köşesine alıyoruz. Bulgur pilavı, <a href=""https://yemek.com/tarif/pilav/"" target=""_blank"">pilav tarifleri</a> arasında en çok sevilenlerden de biri. Şöyle tane tane döküleni de pek makbul. Bu domatesli bulgur pilavı tarifi çok klasik bir tarif olsa da bir de bizim tarifimizle deneyin deriz. Karşınızda tüm püf noktalarıyla enfes bulgur pilavı tarifimiz!</p>
<p>En klasik bulgur pilavı diyoruz ama yanına <a href=""https://yemek.com/tarif/bezelye-yemegi/"" target=""_blank"">bezelye</a> pişiresimiz, karşısına yoğurdu alasımız, belki de bir çoban salatayla masayı şenlendiresimiz var. Pek de güzel yiyesimiz var sonra. Her <a href=""https://yemek.com/tarif/"" target=""_blank"">yemek tarifinin</a> yanına çok yakışan, doyurucu, enfes mi enfes salçalı bulgur pilav tarifimize buyurun.</p>
<p>Bulgur pilavının ölçüsünden adım adım yapılışına kıvamı tam tutan, ölçüleri hiç şaşmayan bulgur pilavı tarifi karşınızda.</p>
<p>Haydi girin mutfağa, bize eşlik edin. Afiyetler olsun.</p>
<p>Not: ""Ben bulgur pilavı çeşitlerini görmek istiyorum."" diyenler için yeşil mercimekli bulgur pilavı tarifini <a href=""https://yemek.com/tarif/mercimekli-bulgur-pilavi/"" target=""_blank"">şuraya</a>, sade bulgur pilavı tarifini <a href=""https://yemek.com/tarif/sade-bulgur-pilavi/"" target=""_blank"">buraya</a>, domatesli bulgur pilavını da tam <a href=""https://yemek.com/tarif/domatesli-bulgur-pilavi/"" target=""_blank"">şuraya</a> bırakalım. Afiyet olsun!</p>
",recipe,"['kuru soğan', 'biber salçası', 'tereyağı', 'tuz', 'pul biber', 'sarımsak', 'su', 'zeytinyağı', 'karabiber', 'domates salçası', 'domates', 'yeşil biber', 'kekik', 'pilavlık bulgur']","['Birer yemek kaşığı tereyağı ve zeytinyağını bir pilav tenceresinde\xa0kızdırın. Üzerine soğanları ilave edin.', '2 adet yemeklik doğranmış kuru soğanı da tencereye ekleyin ve pembeleşinceye kadar kavurun.\xa01 adet ezilmiş sarımsak ve 2 adet doğranmış yeşil biberi de ekleyin ve kavurun.', '1 yemek kaşığı domates salçası ve yarım yemek kaşığı biber salçasını da ekleyip kokusu çıkana kadar kavurun.', 'Sonra 2 su bardağı pilavlık bulguru ekleyin.', ""Baharat olarak 1'er çay kaşığı tuz, karabiber, pul biber ve 1 tatlı kaşığı kekik ilave edin."", '2 adet rendelenmiş domatesi ilave edin.', '4 su bardağı su ekledikten sonra tencerenin kapağını kapatıp pişmeye bırakın.', 'Bulgurlar göz göz olup suyunu çektiğinde\xa0ocağın altını kapatın.', 'Pilavınızın altını kapatın ve dinlenmeye bırakın.', 'Bulgur pilavınız hazır, afiyet olsun!']",PİLAV,239b56,/tarif/pilav/,"['Ramazan', 'Pilav', 'Video', 'Bakliyat']","['pratik yemek tarifleri', 'akşam yemeği', 'öğle yemeği']","['Öğle Yemeği', 'Akşam Yemeği']",['Tencere'],['Vejetaryen'],False,1200,600,2021-03-23T08:12:32Z,4.0,763827,6496,False,True,True,0,,0,,,,2015/05/bulgur-pilavi-yemekcom.jpg,0,0,https://cdn.yemek.com/mnresize/940/940/uploads/2015/05/bulgur-pilavi-yemekcom.jpg,940,940,False,https://cdn.yemek.com/mncrop/300/200/uploads/2015/05/bulgur-pilavi-yemekcom.jpg,300,200,True,https://cdn.yemek.com/mncrop/940/625/uploads/2015/05/bulgur-pilavi-yemekcom.jpg,940,625,True,https://cdn.yemek.com/mncrop/620/388/uploads/2015/05/bulgur-pilavi-yemekcom.jpg,620,388,True,https://cdn.yemek.com/mncrop/600/315/uploads/2015/05/bulgur-pilavi-yemekcom.jpg,600,315,True,"['tencere', 'düşük karbonhidratlı']",,,,,
995,1021,Yasemin Özaltın,https://cdn.yemek.com/author/35533/20181219061403_avatar.jpg,/profil/yasemingursurer/,Kıvamı Mükemmel: Terbiyeli Tavuk Çorbası,Terbiyeli Tavuk Çorbası,/tarif/terbiyeli-tavuk-corbasi/,30 dk,20 dk,"<p><a href=""https://yemek.com/tarif/tavuk-suyu-corbasi/"" target=""_blank"">Tavuk suyu</a>nun soğuk algınlığı ve grip başta olmak üzere tüm hastalıklara karşı savaştığı ve vücut direncini artırdığı artık hepimiz biliyoruz. Hastalıklar bir türlü bitmezken <a href=""https://yemek.com/tarif/corba/"" target=""_blank"">çorba</a> tarifleri de işte bu noktada kurtarıcımız oluyor. Krema eklemeye gerek kalmadan terbiyeli karışımı ile leziz ve pratik bir şekilde hazırlanan terbiyeli <a href=""https://yemek.com/tarif/tavuk-corbasi/"" target=""_blank"">tavuk çorbası</a> size iyi gelecek.</p>
<p>Arzuya göre terbiyeli tavuk çorbasına şehriye ekleyerek doyuruculuğunu arttırabilirsiniz. Domates salçası ve şehriye eklenmiş <a href=""https://yemek.com/tarif/sehriyeli-tavuk-suyu-corba/"" target=""_blank"">şehriyeli tavuk çorbası</a> da çok nefis oluyor bizden söylemesi, mutlaka deneyin. Afiyet olsun!</p>
",recipe,"['tuz', 'un', 'su', 'yoğurt', 'yumurta sarısı', 'defne yaprağı', 'tel şehriye', 'nane (arzuya göre)', 'tavuk but']","['Derin bir tencerede, kalçalı budu, 2 adet defne yaprağı, yarım tatlı kaşığı tuz ve 2 litre su ile birlikte haşlayın.', 'Çorbanın terbiyesi için; 1 su bardağı yoğurdu, 1,5 yemek kaşığı unu, 1 adet yumurta sarısını, 1 çay kaşığı tuzu ve yarım limon suyunu bir kaba aktarın.', 'Pürüzsüz bir kıvam alana kadar çırpın.', 'Tenceredeki tavuk haşlandıktan sonra tavuğu ve defne yapraklarını içerisinden alın ve tavukları ince olacak şekilde didikleyin.', 'Tavuğun haşlanan suyundan 1 kepe alıp hazırladığınız terbiyeye yavaş yavaş dökün ve suyun sıcaklığı ile eşitleyin.', 'Sıcaklık eşitlendikten sonra tüm terbiye karışımını çorba tenceresine aktarın.', '1 çay bardağı tel şehriye ve didiklediğiniz tavukları da üzerine\xa0katın ve çorbayı 10 dakika kadar kısık ateşte, aralarda karıştırarak pişirmeye devam edin.', 'Kıvam alan terbiyeli tavuk çorbasını nane ve pulbiber ile süsledikten sonra sıcak olarak servis edin.\xa0Afiyet olsun!']",ÇORBA,,/tarif/corba/,"['Çorba', 'Tavuk', 'Ramazan', 'Video']","['pratik yemek tarifleri', 'ekonomik', 'başlangıç', 'akşam yemeği', 'öğle yemeği']",['Başlangıç'],['Tencere'],,False,1800,1200,2022-07-27T15:20:02Z,4.0,763555,5356,False,True,True,0,,0,,,,2014/11/terbiyeli-tavuk-corbasi-yemekcom.jpg,0,0,https://cdn.yemek.com/mnresize/940/940/uploads/2014/11/terbiyeli-tavuk-corbasi-yemekcom.jpg,940,940,False,https://cdn.yemek.com/mncrop/300/200/uploads/2014/11/terbiyeli-tavuk-corbasi-yemekcom.jpg,300,200,True,https://cdn.yemek.com/mncrop/940/625/uploads/2014/11/terbiyeli-tavuk-corbasi-yemekcom.jpg,940,625,True,https://cdn.yemek.com/mncrop/620/388/uploads/2014/11/terbiyeli-tavuk-corbasi-yemekcom.jpg,620,388,True,https://cdn.yemek.com/mncrop/600/315/uploads/2014/11/terbiyeli-tavuk-corbasi-yemekcom.jpg,600,315,True,"['tencere', 'bol proteinli']",greenLight,,,,
996,2914,Yasemin Özaltın,https://cdn.yemek.com/author/35533/20181219061403_avatar.jpg,/profil/yasemingursurer/,Zeytinyağlıların En Şekeri: Taze Fasulye,Taze Fasulye,/tarif/taze-fasulye/,25 dk,20 dk,"<p>Tek tek kılçıkları ayıklanan, <a href=""https://yemek.com/tarif/zeytinyaglilar"" target=""_blank"">zeytinyağlı</a> tariflerin en makbulü, <a href=""https://yemek.com/tarif/"" target=""_blank"">yemek tariflerinin</a> en zarifi zeytinyağlı taze fasulye. Yerine göre jülyen şeklinde doğranan yeşil fasulyeleri, uç kısımlarını aldıktan sonra ortadan ikiye böldük. Sulu domates, kuru soğan ve sarımsak ilavesiyle tadına tat kattık.</p>
<p>Naneli <a href=""https://yemek.com/tarif/cacik/"" target=""_blank"">cacık</a>la güzel, her dem yenir zeytinyağlı taze fasulye. Videolu ve adım adım resimli yapılış aşamalarıyla şimdi karşınızda!</p>
<p>Ayrıca bunu seven bunu da sevdi: <a href=""https://yemek.com/tarif/kiymali-taze-fasulye/"" target=""_blank"">Kıymalı taze fasulye tarifi</a>!</p>
",recipe,"['sıcak su', 'tuz', 'toz şeker', 'sarımsak', 'zeytinyağı', 'büyük boy kuru soğan', 'taze fasulye', 'orta boy domates (etli ve sulu)']","['Kuru soğanları küçük küpler halinde kesin. Sarımsakları ince ince dilimleyin. Domatesleri rendeleyin. Fasulyeleri de ayıklayarak bir köşeye alın.5 yemek kaşığı zeytinyağını bir tencerede kızdırın.', 'Doğradığınız 1 adet büyük boy kuru soğan ve 2 diş doğranmış sarımsakları hafif bir renk alana kadar kavurun.', '600 gram doğranmış taze fasulyeyi de ekleyerek kavurma işlemini sürdürün.', '2 çay kaşığı tuz, 1 tatlı kaşığı toz şeker, 3 adet rendelenmiş domates ve 1 su bardağı sıcak suyu da ekledikten sonra güzelce karıştırın.', 'Kapağını kapatıp fasulyeler yumuşayana kadar kısık ateşte pişirmeye bırakın.', 'Arzuya göre ılık, fakat daha da lezzetli olması için soğuk olarak servis edin. Afiyet olsun!']",ZEYTİNYAĞLI,239b56,/tarif/zeytinyaglilar/,"['Sebze', 'Zeytinyağlı', 'Video', 'Mevsiminde']",,"['Öğle Yemeği', 'Akşam Yemeği']","['Tencere', 'Ocak']",,False,1500,1200,2019-05-15T06:39:55Z,4.0,841532,5174,False,True,True,0,,0,,,,2015/07/taze-fasulye-yemekcom.jpg,0,0,https://cdn.yemek.com/mnresize/940/940/uploads/2015/07/taze-fasulye-yemekcom.jpg,940,940,False,https://cdn.yemek.com/mncrop/300/200/uploads/2015/07/taze-fasulye-yemekcom.jpg,300,200,True,https://cdn.yemek.com/mncrop/940/625/uploads/2015/07/taze-fasulye-yemekcom.jpg,940,625,True,https://cdn.yemek.com/mncrop/620/388/uploads/2015/07/taze-fasulye-yemekcom.jpg,620,388,True,https://cdn.yemek.com/mncrop/600/315/uploads/2015/07/taze-fasulye-yemekcom.jpg,600,315,True,,,"['Nisan', 'Mayıs', 'Haziran', 'Temmuz']",,,
997,2602,Yasemin Özaltın,https://cdn.yemek.com/author/35533/20181219061403_avatar.jpg,/profil/yasemingursurer/,Kusursuz Kıvamda: Omlet,Omlet,/tarif/omlet/,3 dk,5 dk,"<p><a href=""https://yemek.com/tarif/kahvaltiliklar/"" target=""_blank"">Kahvaltıların</a> tadı tuzudur iyi yapılmış bir omlet. İçinde yer alan malzemeler değişiklik gösterse de kabarık bir <a href=""https://yemek.com/omlet-tarifleri/"" target=""_blank"">omlet tarifi</a> hazırlamak için 3 ya da 4 yumurtanız varsa o iş tamamdır! <img src=""https://cdn.yemek.com/assets/images/smiley/smile.png"" class=""wp-smiley img-responsive"" /> Arzuya göre 1 ya da 2 yumurta ile de tereyağı ve zeytinyağı oranını azaltarak <strong>sade omlet</strong> yapılabilir elbette. <strong>İyice çırpılan yumurtalar</strong> tavaya alınır ve kısa sürede pişirilir. Ne sulu ne de çok katı olmalıdır.</p>
<p>Sonrasında gelsin demli bir bardak çay ve kızarmış ekmekler. Haydi mutfağa, kusursuz kıvamda leziz mi leziz <strong>omlet tarifi</strong> yapıyoruz. Afiyetler olsun!</p>
",recipe,"['tereyağı', 'tuz', 'yumurta', 'zeytinyağı', 'taze çekilmiş tane karabiber']","['Omlet için derin bir karıştırma kasesinde 4 adet yumurtayı bir kasenin içerisine alın.', 'Yarım çay kaşığı tuz ve biberi birleştirin. Bir çırpıcı yardımıyla alttan üste doğru hava kabarcıkları oluşana kadar güzelce çırpın.', ""Tavanızı ısıtın ve 1'er yemek kaşığı tereyağı ve zeytinyağını kızdırın."", 'Ardından yumurta karışımını tavaya dökün. Ocağınızın altını kısın ve alt kısmı kızarana adar pişirin.', 'Omletin alt kısmı kızarıp, üst kısmı hafif sulu kaldığında tavanızı önce doğru eğip omleti ikiye katlayın.', '1-2 dakika daha bu şekilde pişirip ocaktan alın.', 'Soğumadan omleti kahvaltılıklarla servis edin. Afiyet olsun!']",KAHVALTILIK,239b56,/tarif/kahvaltiliklar/,"['Kahvaltılık', 'Video']",['kahvaltı'],['Kahvaltı'],['Tava'],['Bol Proteinli'],False,180,300,2022-08-24T11:20:10Z,4.0,828088,1909,False,True,True,0,,0,,,,2015/05/omlet-yemekcom.jpg,0,0,https://cdn.yemek.com/mnresize/940/940/uploads/2015/05/omlet-yemekcom.jpg,940,940,False,https://cdn.yemek.com/mncrop/300/200/uploads/2015/05/omlet-yemekcom.jpg,300,200,True,https://cdn.yemek.com/mncrop/940/625/uploads/2015/05/omlet-yemekcom.jpg,940,625,True,https://cdn.yemek.com/mncrop/620/388/uploads/2015/05/omlet-yemekcom.jpg,620,388,True,https://cdn.yemek.com/mncrop/600/315/uploads/2015/05/omlet-yemekcom.jpg,600,315,True,"['bol proteinli', 'glutensiz', 'düşük kalorili']",,,,,
998,8439,ipeksare,https://cdn.yemek.com/author/262494/20200820091315_avatar.jpg,/profil/ipeksare/,Evde Taş Fırın Lezzetinde: Lahmacun,Lahmacun,/tarif/lahmacun/,30 dk,25 dk,"<p>Lahmacun, yemesi en keyifli, en çok sevdiğimiz <a href=""https://yemek.com/tarif"" target=""_blank"">yemek tariflerinin</a> başında geliyor. Ancak onu evde tıpkı dışarıda yediklerimiz kadar nefis bir şekilde hazırlamak da mümkün. Yanına bolca <a href=""https://yemek.com/tarif/sumakli-sogan-salatasi/"" target=""_blank"">sumaklı soğan</a>la servis etmelik nefis bir lahmacun yapalım hadi gelin. İhtiyacınız olan malzemeleri bir bir anlatıyoruz. <img src=""https://cdn.yemek.com/assets/images/smiley/smile.png"" class=""wp-smiley img-responsive"" /></p>
<p>Böylesine lezzetli, doyurucu bu lezzeti bu sefer evde yapmak için sıvadık kollarımızı. Hamurunu sevgi ile mayalandırdık ve işte karşınızda en güzel ve en kolay haliyle ev yapımı gerçek lahmacun <a href=""https://yemek.com/tarif/"" target=""_blank"">tarifi</a>! Bu tarifle keyifli hafta sonu sofralarınıza geleneksel bir dokunuş yapabilir, çıtır çıtır lahmacun hamurunun sesini evinizden eksik etmeyebilirsiniz. Bizden söylemesi...</p>
",recipe,"['biber salçası', 'tuz', 'tuz', 'pul biber', 'toz şeker', 'un', 'maydanoz', 'su', 'su', 'domates salçası', 'domates', 'yeşil biber', 'kırmızı biber', 'toz kırmızı biber', 'soğan', 'sıvı yağ', 'yağlı dana kıyma']","['Mutfak robotuna kırmızı biberleri, yeşil biberleri, soğanları ve domatesleri ilave edin.', 'Tamamen püre haline gelmeyecek şekilde çekin.', 'Maydanozları da ekleyin ve 10 saniye kadar daha çekin.', 'Domates salçası, biber salçası, sıvı yağ ve suyu ekleyin. Son olarak kıymayı ekleyerek güzelce yoğurun.Lahmacunun lezzetli olması için harcınızın cıvık bir kıvamda olması gerekir. Yeteri kadar cıvık bir kıvamda değilse, biraz su ekleyebilirsiniz.', 'Hazırladığınız harcı vaktiniz varsa bir süre buzdolabında dinlendirin.', 'Harcınız dinlenirken, hamurunuzu yapmaya başlayın.\xa0Suyu bir kaba dökün, üzerine tuz ve şekeri ilave ederek güzelce karıştırın. Azar azar da un ilave edin. Orta sertliğe ulaşana dek yoğurun.', 'Hamuru bir silindir haline getirip eşit parçalara bölün. Aynı büyüklükte lahmacunlar yapabilmek için hamurlarınızın ağırlığı da eşit olmalıdır. Bezeleri bir süre dinlenmeye bırakın.', 'Hazırladığınız bezeleri yemek tabağı büyüklüğünde açın. Mümkün olduğu kadar ince açmanız önemlidir. Bu sırada fırınınızı 250 derece fanlı ve alt-üst açık olacak şekilde açın. Güzelce ısıtın.', 'Açtığınız hamurların üzerine kıymalı harcı yayın. Fırının tabanına yağlı kağıt ile birlikte yerleştirin ve 7-10 dakika altı kızarana kadar pişirin.', 'Sumaklı soğan, maydanoz ve bol limonla servis edin.', 'Afiyet olsun!']",PİDE,239b56,/tarif/pide/,"['Hamur İşi', 'Pide', 'Video']","['pratik yemek tarifleri', 'ekonomik', 'başlangıç', 'ara öğün', 'akşam yemeği', 'öğle yemeği']","['Başlangıç', 'Öğle Yemeği', 'Akşam Yemeği']",['Fırın'],,False,1800,1500,2020-04-13T07:46:32Z,4.0,828058,5659,False,True,True,0,,0,,,,2020/04/lahmacun-yemekcom-1.jpg,0,0,https://cdn.yemek.com/mnresize/940/940/uploads/2020/04/lahmacun-yemekcom-1.jpg,940,940,False,https://cdn.yemek.com/mncrop/300/200/uploads/2020/04/lahmacun-yemekcom-1.jpg,300,200,True,https://cdn.yemek.com/mncrop/940/625/uploads/2020/04/lahmacun-yemekcom-1.jpg,940,625,True,https://cdn.yemek.com/mncrop/620/388/uploads/2020/04/lahmacun-yemekcom-1.jpg,620,388,True,https://cdn.yemek.com/mncrop/600/315/uploads/2020/04/lahmacun-yemekcom-1.jpg,600,315,True,['fırın'],,,,,
999,78,Neşe Ümit Tan,https://cdn.yemek.com/author/208653/20190910030615_avatar.jpg,/profil/neseumit/,"Kokusu Mis, Dokusu Nefis: Limonlu Kek",Limonlu Kek,/tarif/limonlu-kek/,40 dk,15 dk,"<p>Limonlu kek kendine has aroması, buram buram mutfağı dolduran misler gibi kokusuyla en çok tercih edilen <a href=""https://yemek.com/tarif/kek/"" target=""_blank"">pratik kek tariflerinden</a> birisi. 10 dakikada fırına vermeye hazır kek harcıyla çat kapı gelen misafirleriniz için paha biçilemez <a href=""https://yemek.com/tarif/tatli-kek/"" target=""_blank"">tatlı kek tariflerinden</a> birisi olan limonlu kek, herkesin severek yiyeceği puf puf kabaran yumuş yumuş bir kek.</p>
<p>Büyükten küçüğe herkesin severek yiyeceği, hafif lezzetine ve yumuşaklığına bayılacağı bir <a href=""https://yemek.com/tarif/tatli/"" target=""_blank"">tatlı</a> kek tarifi bu. Deneyenlerin sizden tarifini isteyeceğinize eminiz! Fırınlar ısıtılsın, kek kalıpları meydana çıksın, bugün mutfakta limonlu kek pişecek! Şimdiden afiyetler olsun!</p>
",recipe,"['tereyağı', 'limon suyu', 'yumurta', 'toz şeker', 'rendelenmiş limon kabuğu', 'ayçiçek yağı', 'süt', 'un', 'kabartma tozu', 'vanilin']","['Yumurta ve toz şekeri, bir çırpıcı yardımıyla krema halini alana kadar çırpın.', 'Sırasıyla; süt, ayçiçek yağı ve limon suyunu ilave edip, 2 dakika daha çırpın.', 'Elenmiş un, kabartma tozu, vanilya ve rendelenmiş limon kabuğunu ekledikten sonra karıştırın.', 'Yağladığınız kek kalıbına harcı boşaltın ve eşit oranda kabarması için üzerini bir spatula yardımıyla düzeltin.Hazırladığınız limonlu keki, önceden ısıtılmış 170 derece fırında 40 dakika pişirin.', 'İçini çekmesi için keki dinlendirdikten sonra kalıbından çıkartın ve dilimleyerek servis edin. Sevdiklerinizle paylaşın.']",TATLI KEK,239b56,/tarif/tatli-kek/,"['Kek', 'Tatlı Kek', 'Mevsiminde']","['ekonomik', 'çay saati']",['Çay Saati'],['Fırın'],['Vejetaryen'],False,2400,900,2021-03-19T07:30:13Z,4.0,810627,4819,False,False,True,0,,0,,,,2020/01/limonlu-kek-tarifi-yeni-one-cikan.jpg,0,0,https://cdn.yemek.com/mnresize/940/940/uploads/2020/01/limonlu-kek-tarifi-yeni-one-cikan.jpg,940,940,False,https://cdn.yemek.com/mncrop/300/200/uploads/2020/01/limonlu-kek-tarifi-yeni-one-cikan.jpg,300,200,True,https://cdn.yemek.com/mncrop/940/625/uploads/2020/01/limonlu-kek-tarifi-yeni-one-cikan.jpg,940,625,True,https://cdn.yemek.com/mncrop/620/388/uploads/2020/01/limonlu-kek-tarifi-yeni-one-cikan.jpg,620,388,True,https://cdn.yemek.com/mncrop/600/315/uploads/2020/01/limonlu-kek-tarifi-yeni-one-cikan.jpg,600,315,True,['fırın'],,"['Ocak', 'Eylül']",,,
1000,130,Yasemin Özaltın,https://cdn.yemek.com/author/35533/20181219061403_avatar.jpg,/profil/yasemingursurer/,Dakikalar İçinde Sofrada: Mantarlı Tavuk Sote,Mantarlı Tavuk Sote,/tarif/mantarli-tavuk-sote/,20 dk,10 dk,"<p>Pratik ama bir o kadar da doyurucu, besleyici ve lezzetli bir <a href=""https://yemek.com/tarif/"" target=""_blank"">yemek tarifi</a> yapmak isteyenleri böyle alabilir miyiz? Sizin için nefis bir önerimiz var.</p>
<p>Mantar sote bu sefer <a href=""https://yemek.com/tarif/tavuk/"" target=""_blank"">tavuk</a>la buluşuyor ve besin değerini arttırıyor. <strong>Kısa sürede hazırlayabileceğiniz bu pratik tarifi</strong> <a href=""https://yemek.com/tarif/bulgur-pilavi/"" target=""_blank"">bulgur pilavı</a> ya da yeşil <a href=""https://yemek.com/tarif/salata/"" target=""_blank"">salata</a> ile tamamlayarak doyurucu bir öğün oluşturabilirsiniz. Tavuklu mantar sote için buyurun mutfağa!</p>
",recipe,"['tuz', 'kültür mantarı', 'zeytinyağı', 'kuşbaşı tavuk göğsü', 'domates', 'yeşil biber', 'taze çekilmiş renkli tane karabiber', 'kekik', 'kapya biber']","['3 yemek kaşığı zeytinyağını tavada kızdırın. 600 gram kuşbaşı doğranmış tavuk göğüslerini, suyunu salmaması için yüksek ateşte soteleyin.', 'Ardından 2 adet doğranmış yeşil ve kırmızı biberleri ekleyip sotelemeye devam edin.', '300 gram doğranmış mantarı da ekleyip, suyunu salıp çekene kadar, soteleme işlemini 10 dakika kadar sürdürün.', 'Son olarak; 1 adet kabukları soyulup doğranmış domates, 1 çay kaşığı tuz, 1 çay kaşığı çekilmiş tane karabiber ve 1 tatlı kaşığı kekiği de ekleyin.', '15 dakika kadar pişmeye bırakın.', 'Domatesler suyunu çektiğinde mantarlı tavuk soteniz hazır demektir. Afiyet olsun!']",TAVUK,239b56,/tarif/tavuk/,"['Tavuk', 'Ramazan', 'Video', 'Sulu Yemek']","['pratik yemek tarifleri', 'ekonomik', 'akşam yemeği', 'diyet', 'öğle yemeği']","['Öğle Yemeği', 'Akşam Yemeği']","['Tencere', 'Ocak']",['Bol Proteinli'],False,1200,600,2014-06-16T14:34:43Z,4.0,809161,9062,False,True,True,0,,0,,,,2014/06/mantarli-tavuk-sote-yemekcom.jpg,0,0,https://cdn.yemek.com/mnresize/940/940/uploads/2014/06/mantarli-tavuk-sote-yemekcom.jpg,940,940,False,https://cdn.yemek.com/mncrop/300/200/uploads/2014/06/mantarli-tavuk-sote-yemekcom.jpg,300,200,True,https://cdn.yemek.com/mncrop/940/625/uploads/2014/06/mantarli-tavuk-sote-yemekcom.jpg,940,625,True,https://cdn.yemek.com/mncrop/620/388/uploads/2014/06/mantarli-tavuk-sote-yemekcom.jpg,620,388,True,https://cdn.yemek.com/mncrop/600/315/uploads/2014/06/mantarli-tavuk-sote-yemekcom.jpg,600,315,True,"['tencere', 'bol proteinli', 'düşük kalorili']",,['Eylül'],,,
1001,442,Yasemin Özaltın,https://cdn.yemek.com/author/35533/20181219061403_avatar.jpg,/profil/yasemingursurer/,Katkı Maddesiz: Ev Yapımı Limonata,Ev Yapımı Limonata,/tarif/ev-yapimi-limonata/,20 dk,20 dk,"<p>Pratik bir şekilde, katkı maddesiz, buzdolabında serin serin muhafaza edilebilecek, ikramlık ev yapımı limonata hazırlamak çok zevkli.</p>
<p>Türk yemek sektöründe, restoranlarda, kafelerde yaz cemresidir limonata. Eskiden sadece tek başına içilen bir şeyken şimdilerde kolaya, ayrana ve hatta kahveye rakip olup <a href=""https://yemek.com/tarif/makarna/"" target=""_blank"">makarnanın</a>, <a href=""https://yemek.com/tarif/tavuk/"" target=""_blank"">tavuk yemeklerinin</a> ve hatta <a href=""https://yemek.com/tarif/et"" target=""_blank"">et yemeklerinin</a> yanında boy göstermeye başladı. Yazın en güzel şeylerinden biri limonata ve inanın birçok yemeğe de çok yakışıyor.</p>
<p>Ev yapımı gerçek limonata ise hiçbir mekanın size aynı lezzette yardımcı olamayacağı kadar güzel. İnsanın aklına babaanne evinde klasik sürahi içinde içilen günleri getirecek kadar nostaljik. Daha bacak kadarken doğum günü pastasının yanında içilecek kadar duygusal. İyi ki var.</p>
<p>Bu kadar konuştuktan sonra buzlukta da saklanabilecek, kolay mı kolay, portakalsız limonata tarifini yapmamak, serinlememek, ferahlamamak olmaz.</p>
<p>Ev yapımı limonata nasıl yapılır? diyenler haydi mutfağa.</p>
",recipe,"['nane', 'toz şeker', 'limon', 'buz', 'içme suyu']","['Bol suda yıkadığınız 10 adet limonun, kabuklarını rendenin kalın tarafıyla rendeleyin. Beyaz kısımlarını almamaya özen gösterin.', 'Kabuğu rendelenmiş dört adet limonu ortadan ikiye kesin ve suyunu sıkın. Kalan limonları küçük parçalar halinde dilimleyin.', '2 su bardağı toz şeker ve taze sıkılmış limonların suyunu karıştırın.', 'Rendelenmiş limon kabuklarını, limon parçaları ve ayıkladığınız 1 demet nane yapraklarının yarısını da ekledikten sonra şeker tamamen eriyip, tüm limonların suyu çıkana kadar yoğurun.', 'Nane yapraklarını da ekleyin.', 'Özünün çıkması için bu karışımı tel bir süzgeç yardımıyla\xa0bir kaseye süzün.', '5 su bardağı içme suyunu ekledikten sonra limonatayı buzdolabında soğutun.', '2 su bardağı buz ilavesiyle karıştırdıktan sonra\xa0 keyfini çıkararak için. Afiyet olsun!']",İÇECEK,239b56,/tarif/icecekler/,"['İçecek', 'Video', 'Mevsiminde']","['pratik yemek tarifleri', 'ekonomik', 'ara öğün', 'çay saati']","['Ara Öğün', 'Çay Saati']",,['Ekonomik'],False,1200,1200,2021-03-25T06:00:50Z,4.0,786118,3534,False,True,True,0,,0,,,,2014/08/ev-yapimi-limonata-yemekcom.jpg,0,0,https://cdn.yemek.com/mnresize/940/940/uploads/2014/08/ev-yapimi-limonata-yemekcom.jpg,940,940,False,https://cdn.yemek.com/mncrop/300/200/uploads/2014/08/ev-yapimi-limonata-yemekcom.jpg,300,200,True,https://cdn.yemek.com/mncrop/940/625/uploads/2014/08/ev-yapimi-limonata-yemekcom.jpg,940,625,True,https://cdn.yemek.com/mncrop/620/388/uploads/2014/08/ev-yapimi-limonata-yemekcom.jpg,620,388,True,https://cdn.yemek.com/mncrop/600/315/uploads/2014/08/ev-yapimi-limonata-yemekcom.jpg,600,315,True,,,"['Haziran', 'Temmuz', 'Ağustos', 'Eylül']",,,
1002,3233,Yasemin Özaltın,https://cdn.yemek.com/author/35533/20181219061403_avatar.jpg,/profil/yasemingursurer/,"Yumuşacık, Sulu Sulu Pişer: Tavuk Sote",Tavuk Sote,/tarif/tavuk-sote/,25 dk,15 dk,"<p><a href=""https://yemek.com/tarif/"" target=""_blank"">Yemek tariflerinin</a> en sevilenlerinden tavuk sote tarifinde zaman önemli. Aslına bakarsanız sote işlemi de uzun lafın kısası bir pişirme yöntemi. Kızgın tavada, yüksek ateş üzerinde alt üst edilen sebze ve et karışımları renk, doku ve tatlarını kaybetmeden kısa sürede pişiyor. Etler sertleşmiyor, sebzeler kurumuyor. Size de pratik ve kolay bir yöntemle hazırlanan bu <a href=""https://yemek.com/tarif/tavuk/"" target=""_blank"">tavuk tarifinin</a> keyfini ağız tadıyla çıkartmak düşüyor.</p>
<p>Tavada sote edilen yiyeceklerin sık sık sallanarak karıştırılması da ayrı bir konu. Et ve sebzelerin küçük ve birbirine yakın boyutlarda kesilmesi öneriliyor. Kullanılan etlerin olabildiğine körpe ve sinirsiz, baharatlarla önceden tatlandırılmış olması gerekiyor.</p>
<p>Teknik detayları bir kenara bıraktığımızda, pratik ve lezzetli tarifler arasında ilk üçe girebileceğini de söyleyebiliriz tavuk sote için (<a href=""https://yemek.com/tarif/sebzeli-tavuk-sote/"" target=""_blank"">sebzeli tavuk sote</a> ve <a href=""https://yemek.com/tarif/mantarli-tavuk-sote/"" target=""_blank"">mantarlı tavuk sote</a> için de aynı şekilde!). Pilava eşlik eder, yoğurtla anlaşır, salata onu sever, misafir gelse masada olur. Evde tek başına olsan, seni yalnız bırakmaz.</p>
<p>Bu kadar bilginin üzerine kolay ve lezzetli tavuk sote tarifini hak ettik sanırız. Adım adım resimli anlatımı ve videosuyla karşınızda tavuk sote!</p>
",recipe,"['tuz', 'pul biber', 'karabiber', 'yeşil biber', 'kırmızı biber', 'tavuk göğsü', 'kuru nane', 'soğan', 'doğranmış domates', 'sıvı yağ']","['Tavanın içerisine 2 yemek kaşığı sıvı yağı alın ve üzerine 300 gram kuşbaşı doğranmış tavuğu ilave ederek yüksek ateşte soteleyin.', 'Pişen tavukların üzerine 1 adet doğranmış soğanı ilave ederek sotelemeye devam edin.\xa0 1', 'adet doğranmış yeşil biber ve yarım adet doğranmış kapya biberi de ekleyin.', '1 adet doğranmış domatesi de tavanın içerisine aktarın.', 'Biraz suyunu çektikten sonra sırasıyla birer çay kaşığı tuz, karabiber, pul biber ve kuru nane ilave ederek güzelce karıştırın.', 'İyice pişince tavuk sotenizi ocaktan alın ve servis edin. Afiyet olsun!']",TAVUK,239b56,/tarif/tavuk/,"['Tavuk', 'Ramazan', 'Video']","['pratik yemek tarifleri', 'ekonomik', 'akşam yemeği', 'öğle yemeği']","['Öğle Yemeği', 'Akşam Yemeği']","['Tencere', 'Ocak']","['Ekonomik', 'Glutensiz', 'Bol Proteinli', 'Düşük Kalorili']",False,1500,900,2015-08-17T14:19:38Z,4.0,783975,5977,False,True,True,0,,0,,,,2015/08/tavuk-sote-yemekcom.jpg,0,0,https://cdn.yemek.com/mnresize/940/940/uploads/2015/08/tavuk-sote-yemekcom.jpg,940,940,False,https://cdn.yemek.com/mncrop/300/200/uploads/2015/08/tavuk-sote-yemekcom.jpg,300,200,True,https://cdn.yemek.com/mncrop/940/625/uploads/2015/08/tavuk-sote-yemekcom.jpg,940,625,True,https://cdn.yemek.com/mncrop/620/388/uploads/2015/08/tavuk-sote-yemekcom.jpg,620,388,True,https://cdn.yemek.com/mncrop/600/315/uploads/2015/08/tavuk-sote-yemekcom.jpg,600,315,True,['bol proteinli'],,,,,
1003,131,Yasemin Özaltın,https://cdn.yemek.com/author/35533/20181219061403_avatar.jpg,/profil/yasemingursurer/,Lezzet Sırlarıyla: Lazanya,Lazanya,/tarif/lazanya/,25 dk,20 dk,"<p>Lazanya, köken itibarıyla <a href=""https://yemek.com/italyan-tarifleri/"">İtalyan</a> olmasa da damak zevkimize uygunluğuyla neredeyse artık bizden biri.</p>
<p>Lazanya, <a href=""https://yemek.com/tarif/makarna/"" target=""_blank"">makarna</a> hamuruyla yapılan, plaka halinde paketlenen, genellikle <a href=""https://yemek.com/tarif/bolonez-sos/"" target=""_blank"">bolonez sosu</a> ile birlikte fırında pişirilen <strong>İtalyan mutfağına ait</strong> nefis bir lezzet. %100 ev yapımı yapmak isterseniz de lazanya hamurunuzu evinizde de hazırlayabilirsiniz: <a href=""https://yemek.com/lazanya-hamuru-nasil-yapilir/"" target=""_blank"">Lazanya Hamuru Nasıl Yapılır?</a></p>
<p>Bu nefis lezzet bizim damak tadımıza çok yakın bir lezzet olunca onu çok sevdik ve her yediğimizde bayıldık. İçine biraz sevgimizi, biraz da elimizin lezzetini, damak zevkimizi kattık. Umarız lazanya tarifimiz sizin de favoriniz olur.</p>
",recipe,"['tereyağı', 'tereyağı', 'tuz', 'ayçiçek yağı', 'un', 'karabiber', 'karabiber', 'rendelenmiş kaşar peyniri', 'havuç', 'orta yağlı kıyma', 'defne yaprağı', 'soğuk süt', 'rendelenmiş muskat cevizi', 'rendelenmiş domates', 'soğan', 'bezelye', 'lazanya yaprağı', 'ezilmiş sarımsak']","['Lazanya tarifi için ayçiçek yağını ve tereyağı bir tavada kızdırın. Doğranmış soğanları 3- 4 dakika kadar kavurun.\xa0Üzerine havuçları ekleyip 3-4 dakika daha kavurmaya devam edin.', 'Kavrulan havuç ve soğanların üzerine kıymayı ekleyin ve suyunu salıp çekene kadar kavurun.', 'Sarımsak, tuz ve karabiberi ekleyin. Son olarak rendelenmiş domates ve defne yaprağını ekleyip harcı pişmeye bırakın.', 'Domates, suyunu biraz çektikten sonra içerisine bezelyeyi de ekleyin ve iç harcını pişirmeye devam edin.', 'Tüm malzemeler güzelce pişince iç harcınız hazır.', 'Beşamel sosu hazırlamak için; tereyağını sos tenceresinde eritin. Unu, kokusu çıkıp renk alana kadar kavurun.', 'Kavrulan una soğuk sütü ekleyin ve bir çırpıcı yardımıyla sürekli karıştırarak pişirin. Pişmeyen lazanya yaprakları kullandığınızda, normale göre beşamel sosunuzu daha sıvı olması gerekir. Bu yüzden çok kıvamlı olmamasına özen gösterin.', 'Karabiber ve rendelenmiş muskat cevizini ekledikten sonra ocaktan alın.', 'Fırın kabının tabanına biraz beşamel sos ve iç harçtan yayıp lazanya yapraklarını dizin.', 'Sırasıyla; kıymalı harç, beşamel sos ve\xa0 bir parça rendelenmiş kaşar peyniri ekleyin.', 'Lazanyanın en üst katı için beşamel sos ve rendelenmiş kaşar peyniri ayırdıktan sonra bu işlemi sırasıyla tüm lazanya yaprakları için tekrarlayın.', 'Kalan beşamel sos ve rendelenmiş kaşar peyniri ile lazanyanın üzerini kaplayın. Önceden ısıtılmış 180 derece fırında 20-25 dakika pişirin. Pişirme süresi fırından fırına değişiklik gösterebilir. Piştiğinden emin olana kadar kontrollü olarak pişirin.', 'Fırından çıkan lazanyayı dilimledikten sonra ılık olarak servis edin. Sevdiklerinizle paylaşın.']",MAKARNA,239b56,/tarif/makarna/,"['Makarna', 'Video', 'Dünya Mutfakları']","['seksi tarifler', 'ekonomik', 'akşam yemeği', 'öğle yemeği']","['Öğle Yemeği', 'Akşam Yemeği']",['Fırın'],['Bol Proteinli'],False,1500,1200,2022-04-13T06:49:48Z,4.0,781532,6296,False,True,True,0,,0,,,,2014/06/lazanya-ytk-yemekcom.jpg,0,0,https://cdn.yemek.com/mnresize/940/940/uploads/2014/06/lazanya-ytk-yemekcom.jpg,940,940,False,https://cdn.yemek.com/mncrop/300/200/uploads/2014/06/lazanya-ytk-yemekcom.jpg,300,200,True,https://cdn.yemek.com/mncrop/940/625/uploads/2014/06/lazanya-ytk-yemekcom.jpg,940,625,True,https://cdn.yemek.com/mncrop/620/388/uploads/2014/06/lazanya-ytk-yemekcom.jpg,620,388,True,https://cdn.yemek.com/mncrop/600/315/uploads/2014/06/lazanya-ytk-yemekcom.jpg,600,315,True,"['tencere', 'fırın']",,,['İtalya'],,
1004,955,Yasemin Özaltın,https://cdn.yemek.com/author/35533/20181219061403_avatar.jpg,/profil/yasemingursurer/,Orijinal Tarif: Trileçe,Trileçe,/tarif/trilece/,35 dk,30 dk,"<p>Orijinalinde üç süt karışımının kullanıldığı <a href=""https://yemek.com/tarif/sutlu-tatlilar/"" target=""_blank"" rel=""noopener"">sütlü</a> <a href=""https://yemek.com/tarif/serbetli-tatlilar/"" target=""_blank"" rel=""noopener"">şerbet</a> ile hazırlanan trileçe (tirileçe), hafifliği ve sünger dokusuna sahip <a href=""https://yemek.com/tarif/pandispanya/"" target=""_blank"" rel=""noopener"">pandispanya</a> <a href=""https://yemek.com/tarif/kek/"" target=""_blank"" rel=""noopener"">kek</a>iyle şöhreti kısa sürede dilden dile yayılan enfes bir <a href=""https://yemek.com/tarif/tatli/"" target=""_blank"" rel=""noopener"">tatlı tarifi</a>. Traliçe, triliçe ya da trilece diye telaffuz edenler olsa da tatlının doğru yazımı trileçe. Trileçe hangi ülkeye ait sorusunun cevabını da verelim. Meksika'da yaygınlaşan ve tüm dünyaya yayılan bir sütlü tatlı aslında trileçe. <strong>Balkan ülkelerinde de çok sevilen tatlı</strong>, hafif olmasıyla ülkemizde de pek seviliyor.</p>
<p>Çeşitli sos ve kremalarla servis edilen versiyonlarını yerinde yiyebileceğiniz gibi gerçek trileçe tarifini ev sıcaklığında hazırlayıp, sevdiklerinizle paylaşabilirsiniz. Biz bu sefer oyumuzu karamelli orijinal trileçe tarifinden yana kullandık; ama siz farklı soslarla da onu deneyebilirsiniz. Tarifimizin içinde karamel <a href=""https://yemek.com/tarif/sos/"" target=""_blank"" rel=""noopener"">sos</a>unun tarifini de bulabileceksiniz.</p>
<p>Malzemeleriyle <strong>en kolay trileçe tarifleri</strong>nden biri olan bu <a href=""https://yemek.com/tarif/"" target=""_blank"" rel=""noopener"">tarifi</a> hemen denemek isteyeceksiniz.</p>
<p>O zaman haydi mutfağa, <strong>trileçe tatlısı</strong> yapıyoruz!</p>",recipe,"['tereyağı', 'toz şeker', 'toz şeker', 'toz şeker', 'un', 'kabartma tozu', 'krema', 'manda sütü', 'inek sütü', 'büyük boy yumurta', 'vanilin', 'keçi sütü']","['<p>Trileçe için derin bir karıştırma kasesinin içerisine yumurta ve şekeri ekleyip, şekerler eriyene ve karışımın rengi açılıp, krema kıvamına gelene kadar çırpın.</p>', '<p>Un, kabartma tozu ve vanilini yumurtalı karışımın içerisine eleyerek ekleyin.</p>', '<p>Spatula yardımıyla kuru malzemelerin sıvı malzemelerle birleşmesi için altan üstte doğru sürekli olarak karıştırın. Güzelce karışmış olan kek harcını yağlanmış fırın kabınıza dökün ve üzerini düzeltin.</p>', '<p>Trileçenin pandispanyasını önce 170 derece ısıtılmış fırında 10 dakika pişirin. 10 dakika sonunda fırın ısısını 150 dereceye indirip 20-25 dakika kadar pişirin.\xa0Pişen pandispanyayı oda sıcaklığında soğumaya bırakın ve üzerine kürdan yardımıyla delikler açın.</p>', '<p>Sütlü şerbeti için; inek sütü, manda sütü ve keçi sütünü tencereye alın. Şekerini de ekleyip eriyene kadar karıştırın. Kaynamaya başladıktan sonra ocağın altını kapatın ve ılımaya bırakın.</p>', '<p>Karameli için; ayrı bir sos tenceresinde toz şekeri kontrollü olarak eritin. Üzerine tereyağını ekleyin. Fokurdamaya başlayan tereyağlı şekerin üzerine\xa0kremayı ekleyin ve karıştırıp ocaktan alın, soğumaya bırakın.</p>', '<p>Oda sıcaklığında soğumuş olan trileçe pandispanyasının üzerine ılık sütlü şerbeti ekleyin ve sütü iyice çektikten sonra buzdolabında soğumaya bırakın.</p>', '<p>Bu esnada 1 paket krem şanti hazırlayın. Soğumuş olan kekinizin üzerine ince bir tabaka halinde krem şantiyi yayın.</p>', '<p>Hazırlamış olduğunuz karameli de üzerine güzelce yayın.</p>', '<p>Ardından dilimleyin ve soğuk olarak servis edin. Afiyetler olsun!</p>']",SÜTLÜ TATLI,239b56,/tarif/sutlu-tatlilar/,"['Tatlı', 'Ramazan', 'Sütlü Tatlı', 'Video']",,['Çay Saati'],['Fırın'],,False,2100,1800,2021-03-22T05:01:53Z,4.0,767271,3972,False,True,True,0,,0,,,,2014/11/trilece-ytk-site.jpg,0,0,https://cdn.yemek.com/mnresize/940/940/uploads/2014/11/trilece-ytk-site.jpg,940,940,False,https://cdn.yemek.com/mncrop/300/200/uploads/2014/11/trilece-ytk-site.jpg,300,200,True,https://cdn.yemek.com/mncrop/940/625/uploads/2014/11/trilece-ytk-site.jpg,940,625,True,https://cdn.yemek.com/mncrop/620/388/uploads/2014/11/trilece-ytk-site.jpg,620,388,True,https://cdn.yemek.com/mncrop/600/315/uploads/2014/11/trilece-ytk-site.jpg,600,315,True,,,,,,
1005,2518,Yasemin Özaltın,https://cdn.yemek.com/author/35533/20181219061403_avatar.jpg,/profil/yasemingursurer/,Onsuz Olmaz: Bulgur Pilavı,Bulgur Pilavı,/tarif/bulgur-pilavi/,20 dk,10 dk,"<p>Herkesin <a href=""https://yemek.com/tarif/domatesli-bulgur-pilavi/"" target=""_blank"">bulgur pilavı</a> tarifi ufak da olsa farklılıklar gösteriyor. Kimi içine domates biber koyarken, kimi sade, kimi tel şehriyeli hazırlıyor. Sulu yemeklerin sevdalısı, yoğurt ve salatalık turşusuna anlam katan bulgur pilavını özüyle sözüyle sade olarak hazırlıyor, soframızın baş köşesine alıyoruz. Bulgur pilavı, <a href=""https://yemek.com/tarif/pilav/"" target=""_blank"">pilav tarifleri</a> arasında en çok sevilenlerden de biri. Şöyle tane tane döküleni de pek makbul. Bu domatesli bulgur pilavı tarifi çok klasik bir tarif olsa da bir de bizim tarifimizle deneyin deriz. Karşınızda tüm püf noktalarıyla enfes bulgur pilavı tarifimiz!</p>
<p>En klasik bulgur pilavı diyoruz ama yanına <a href=""https://yemek.com/tarif/bezelye-yemegi/"" target=""_blank"">bezelye</a> pişiresimiz, karşısına yoğurdu alasımız, belki de bir çoban salatayla masayı şenlendiresimiz var. Pek de güzel yiyesimiz var sonra. Her <a href=""https://yemek.com/tarif/"" target=""_blank"">yemek tarifinin</a> yanına çok yakışan, doyurucu, enfes mi enfes salçalı bulgur pilav tarifimize buyurun.</p>
<p>Bulgur pilavının ölçüsünden adım adım yapılışına kıvamı tam tutan, ölçüleri hiç şaşmayan bulgur pilavı tarifi karşınızda.</p>
<p>Haydi girin mutfağa, bize eşlik edin. Afiyetler olsun.</p>
<p>Not: ""Ben bulgur pilavı çeşitlerini görmek istiyorum."" diyenler için yeşil mercimekli bulgur pilavı tarifini <a href=""https://yemek.com/tarif/mercimekli-bulgur-pilavi/"" target=""_blank"">şuraya</a>, sade bulgur pilavı tarifini <a href=""https://yemek.com/tarif/sade-bulgur-pilavi/"" target=""_blank"">buraya</a>, domatesli bulgur pilavını da tam <a href=""https://yemek.com/tarif/domatesli-bulgur-pilavi/"" target=""_blank"">şuraya</a> bırakalım. Afiyet olsun!</p>
",recipe,"['kuru soğan', 'biber salçası', 'tereyağı', 'tuz', 'pul biber', 'sarımsak', 'su', 'zeytinyağı', 'karabiber', 'domates salçası', 'domates', 'yeşil biber', 'kekik', 'pilavlık bulgur']","['Birer yemek kaşığı tereyağı ve zeytinyağını bir pilav tenceresinde\xa0kızdırın. Üzerine soğanları ilave edin.', '2 adet yemeklik doğranmış kuru soğanı da tencereye ekleyin ve pembeleşinceye kadar kavurun.\xa01 adet ezilmiş sarımsak ve 2 adet doğranmış yeşil biberi de ekleyin ve kavurun.', '1 yemek kaşığı domates salçası ve yarım yemek kaşığı biber salçasını da ekleyip kokusu çıkana kadar kavurun.', 'Sonra 2 su bardağı pilavlık bulguru ekleyin.', ""Baharat olarak 1'er çay kaşığı tuz, karabiber, pul biber ve 1 tatlı kaşığı kekik ilave edin."", '2 adet rendelenmiş domatesi ilave edin.', '4 su bardağı su ekledikten sonra tencerenin kapağını kapatıp pişmeye bırakın.', 'Bulgurlar göz göz olup suyunu çektiğinde\xa0ocağın altını kapatın.', 'Pilavınızın altını kapatın ve dinlenmeye bırakın.', 'Bulgur pilavınız hazır, afiyet olsun!']",PİLAV,239b56,/tarif/pilav/,"['Ramazan', 'Pilav', 'Video', 'Bakliyat']","['pratik yemek tarifleri', 'akşam yemeği', 'öğle yemeği']","['Öğle Yemeği', 'Akşam Yemeği']",['Tencere'],['Vejetaryen'],False,1200,600,2021-03-23T08:12:32Z,4.0,763827,6496,False,True,True,0,,0,,,,2015/05/bulgur-pilavi-yemekcom.jpg,0,0,https://cdn.yemek.com/mnresize/940/940/uploads/2015/05/bulgur-pilavi-yemekcom.jpg,940,940,False,https://cdn.yemek.com/mncrop/300/200/uploads/2015/05/bulgur-pilavi-yemekcom.jpg,300,200,True,https://cdn.yemek.com/mncrop/940/625/uploads/2015/05/bulgur-pilavi-yemekcom.jpg,940,625,True,https://cdn.yemek.com/mncrop/620/388/uploads/2015/05/bulgur-pilavi-yemekcom.jpg,620,388,True,https://cdn.yemek.com/mncrop/600/315/uploads/2015/05/bulgur-pilavi-yemekcom.jpg,600,315,True,"['tencere', 'düşük karbonhidratlı']",,,,,
1006,1021,Yasemin Özaltın,https://cdn.yemek.com/author/35533/20181219061403_avatar.jpg,/profil/yasemingursurer/,Kıvamı Mükemmel: Terbiyeli Tavuk Çorbası,Terbiyeli Tavuk Çorbası,/tarif/terbiyeli-tavuk-corbasi/,30 dk,20 dk,"<p><a href=""https://yemek.com/tarif/tavuk-suyu-corbasi/"" target=""_blank"">Tavuk suyu</a>nun soğuk algınlığı ve grip başta olmak üzere tüm hastalıklara karşı savaştığı ve vücut direncini artırdığı artık hepimiz biliyoruz. Hastalıklar bir türlü bitmezken <a href=""https://yemek.com/tarif/corba/"" target=""_blank"">çorba</a> tarifleri de işte bu noktada kurtarıcımız oluyor. Krema eklemeye gerek kalmadan terbiyeli karışımı ile leziz ve pratik bir şekilde hazırlanan terbiyeli <a href=""https://yemek.com/tarif/tavuk-corbasi/"" target=""_blank"">tavuk çorbası</a> size iyi gelecek.</p>
<p>Arzuya göre terbiyeli tavuk çorbasına şehriye ekleyerek doyuruculuğunu arttırabilirsiniz. Domates salçası ve şehriye eklenmiş <a href=""https://yemek.com/tarif/sehriyeli-tavuk-suyu-corba/"" target=""_blank"">şehriyeli tavuk çorbası</a> da çok nefis oluyor bizden söylemesi, mutlaka deneyin. Afiyet olsun!</p>
",recipe,"['tuz', 'un', 'su', 'yoğurt', 'yumurta sarısı', 'defne yaprağı', 'tel şehriye', 'nane (arzuya göre)', 'tavuk but']","['Derin bir tencerede, kalçalı budu, 2 adet defne yaprağı, yarım tatlı kaşığı tuz ve 2 litre su ile birlikte haşlayın.', 'Çorbanın terbiyesi için; 1 su bardağı yoğurdu, 1,5 yemek kaşığı unu, 1 adet yumurta sarısını, 1 çay kaşığı tuzu ve yarım limon suyunu bir kaba aktarın.', 'Pürüzsüz bir kıvam alana kadar çırpın.', 'Tenceredeki tavuk haşlandıktan sonra tavuğu ve defne yapraklarını içerisinden alın ve tavukları ince olacak şekilde didikleyin.', 'Tavuğun haşlanan suyundan 1 kepe alıp hazırladığınız terbiyeye yavaş yavaş dökün ve suyun sıcaklığı ile eşitleyin.', 'Sıcaklık eşitlendikten sonra tüm terbiye karışımını çorba tenceresine aktarın.', '1 çay bardağı tel şehriye ve didiklediğiniz tavukları da üzerine\xa0katın ve çorbayı 10 dakika kadar kısık ateşte, aralarda karıştırarak pişirmeye devam edin.', 'Kıvam alan terbiyeli tavuk çorbasını nane ve pulbiber ile süsledikten sonra sıcak olarak servis edin.\xa0Afiyet olsun!']",ÇORBA,,/tarif/corba/,"['Çorba', 'Tavuk', 'Ramazan', 'Video']","['pratik yemek tarifleri', 'ekonomik', 'başlangıç', 'akşam yemeği', 'öğle yemeği']",['Başlangıç'],['Tencere'],,False,1800,1200,2022-07-27T15:20:02Z,4.0,763555,5356,False,True,True,0,,0,,,,2014/11/terbiyeli-tavuk-corbasi-yemekcom.jpg,0,0,https://cdn.yemek.com/mnresize/940/940/uploads/2014/11/terbiyeli-tavuk-corbasi-yemekcom.jpg,940,940,False,https://cdn.yemek.com/mncrop/300/200/uploads/2014/11/terbiyeli-tavuk-corbasi-yemekcom.jpg,300,200,True,https://cdn.yemek.com/mncrop/940/625/uploads/2014/11/terbiyeli-tavuk-corbasi-yemekcom.jpg,940,625,True,https://cdn.yemek.com/mncrop/620/388/uploads/2014/11/terbiyeli-tavuk-corbasi-yemekcom.jpg,620,388,True,https://cdn.yemek.com/mncrop/600/315/uploads/2014/11/terbiyeli-tavuk-corbasi-yemekcom.jpg,600,315,True,"['tencere', 'bol proteinli']",greenLight,,,,
1007,877,Yasemin Özaltın,https://cdn.yemek.com/author/35533/20181219061403_avatar.jpg,/profil/yasemingursurer/,Dışarıdakilerden Çok Daha Nefis: Profiterol,Profiterol,/tarif/profiterol/,40 dk,30 dk,"<p>Çikolata tutkunlarını mutlu edecek nefis bir <a href=""https://yemek.com/tarif/tatli"" target=""_blank"">tatlı</a> olan profiterolu bu tarifle yapmak çok kolay!</p>
<p><strong>Pataşu</strong> ya da <a href=""https://yemek.com/tarif/su-hamuru/"" target=""_blank"">şu hamuru</a> olarak da bilinen, hamurları fırında puf gibi kabartıp içlerini dolduracak kremayı sabırsızlıkla beklerken, bir yandan bitter çikolatalı sosunu hazırlıyoruz. Kaşık kaşık yemek isteyeceğiniz profiterol tarifini; ince çekilmiş fındık, fıstık, ceviz içi ve muz gibi meyve dilimleriyle süsleyip daha da lezzetli hale getirebilirsiniz. Pastanelerde yemeye alışkın olduğunuz bu enfes tatlıyı evinize taşıyarak nefis mi nefis bir profiterol tarifi hazırlıyoruz. Üstelik bu <a href=""https://yemek.com/tarif/"" target=""_blank"">yemek tarifinin</a> yapımı da sandığınız kadar zor değil.</p>
<p>Kökeninin <strong>Fransız mutfağı</strong> olan profiterol, yapımı biraz zahmetli gibi görünse de sevdiklerinizi ve kendinizi ödüllendirmenin çok iyi bir yolu. <strong>Profiterol hamuru</strong>nu da profiterol kremasını da tarifimizde anlatacağımız resimli adımlarla bir bir uyguladığınızda nefis sonuçlar elde edeceğinize eminiz. Şimdiden ellerinize sağlık diyor ve sizi kolay profiterol tatlısı tarifimize buyur ediyoruz.</p>
",recipe,"['yumurta', 'yumurta', 'toz şeker', 'süt', 'un', 'un', 'su', 'krema', 'margarin', 'bitter çikolata', 'vanilin']","['Kremasını hazırlamak için; bir sos tenceresine süt, toz şeker, un ve yumurtayı ekleyip orta ateşte koyu bir kıvam alana kadar sürekli olarak karıştırın.', 'Koyulaşan kremaya vanilin ilave edip karıştırın, ocaktan alın ve oda sıcaklığına geldikten sonra sıkma poşetine doldurup, en az 1 saat buzdolabında bekletin.', 'Profiterol hamuru için; öncelikle fırını 180 dereceye ayarlayın. Derin bir sos tenceresine su ve margarini alıp karıştırarak kaynatın.', 'Üzerine unu ekleyip sürekli olarak karıştırarak dibine hamur yapışmaya başlayana kadar, yaklaşık 4-5 dakika pişirin. Dibi yapışmaya başlayan hamuru bir kaseye alın ve 15 dakika oda sıcaklığında soğutun.', 'Soğumuş olan hamurun üzerine her bir yumurtayı teker teker ekleyin ve her seferinde yumurtaları güzelce yedirerek yapışkan bir hamur elde edin. Bu hamuru varsa sıkma poşetine alın, daha kolay şekil vermek için yaklaşık 15 dakika daha dinlendirin.', 'Bekleyen hamurdan pişirme kağıdı serili fırın tepsisine aralarında biraz boşluk olacak şekilde ceviz büyüklüğünde toplar sıkın ya da kaşık yardımıyla dökün. Parmağınızın ucunu ıslatıp hamurların üzerindeki çıkıntıları düzeltin ve fırına alıp, piştiği süre boyunca kapağını hiç açmadan; yaklaşık 40 dakika pişirin.', 'Pişen profiteroller oda sıcaklığına geldikten sonra alt kısmından bıçakla delik açın ve hazırladığınız kremayı içine sıkın. Bunun yerine arasını kesip krema da doldurabilirsiniz.', 'Çikolata sosu için; küçük parçalara ayırdığınız bitter çikolatayı benmari usulü eritin. Üzerine krema ilave edip güzelce karıştırın. Hazırladığınız çikolata sosunu profiterollerin üzerine dökün.', 'Son olarak file Antep fıstığı gezdirip servis edin. Afiyet olsun!']",ÇİKOLATALI TATLI,239b56,/tarif/cikolatali-tatlilar/,"['Tatlı', 'Video', 'Dünya Mutfakları', 'Çikolatalı Tatlı']",['çay saati'],['Çay Saati'],['Fırın'],,False,2400,1800,2022-04-01T14:20:22Z,4.0,756116,6377,False,True,True,0,,0,,,,2014/11/profiterol-yemekcom2.jpg,0,0,https://cdn.yemek.com/mnresize/940/940/uploads/2014/11/profiterol-yemekcom2.jpg,940,940,False,https://cdn.yemek.com/mncrop/300/200/uploads/2014/11/profiterol-yemekcom2.jpg,300,200,True,https://cdn.yemek.com/mncrop/940/625/uploads/2014/11/profiterol-yemekcom2.jpg,940,625,True,https://cdn.yemek.com/mncrop/620/388/uploads/2014/11/profiterol-yemekcom2.jpg,620,388,True,https://cdn.yemek.com/mncrop/600/315/uploads/2014/11/profiterol-yemekcom2.jpg,600,315,True,,,,['Fransa'],,
1008,2602,Yasemin Özaltın,https://cdn.yemek.com/author/35533/20181219061403_avatar.jpg,/profil/yasemingursurer/,Kusursuz Kıvamda: Omlet,Omlet,/tarif/omlet/,3 dk,5 dk,"<p><a href=""https://yemek.com/tarif/kahvaltiliklar/"" target=""_blank"">Kahvaltıların</a> tadı tuzudur iyi yapılmış bir omlet. İçinde yer alan malzemeler değişiklik gösterse de kabarık bir <a href=""https://yemek.com/omlet-tarifleri/"" target=""_blank"">omlet tarifi</a> hazırlamak için 3 ya da 4 yumurtanız varsa o iş tamamdır! <img src=""https://cdn.yemek.com/assets/images/smiley/smile.png"" class=""wp-smiley img-responsive"" /> Arzuya göre 1 ya da 2 yumurta ile de tereyağı ve zeytinyağı oranını azaltarak <strong>sade omlet</strong> yapılabilir elbette. <strong>İyice çırpılan yumurtalar</strong> tavaya alınır ve kısa sürede pişirilir. Ne sulu ne de çok katı olmalıdır.</p>
<p>Sonrasında gelsin demli bir bardak çay ve kızarmış ekmekler. Haydi mutfağa, kusursuz kıvamda leziz mi leziz <strong>omlet tarifi</strong> yapıyoruz. Afiyetler olsun!</p>
",recipe,"['tereyağı', 'tuz', 'yumurta', 'zeytinyağı', 'taze çekilmiş tane karabiber']","['Omlet için derin bir karıştırma kasesinde 4 adet yumurtayı bir kasenin içerisine alın.', 'Yarım çay kaşığı tuz ve biberi birleştirin. Bir çırpıcı yardımıyla alttan üste doğru hava kabarcıkları oluşana kadar güzelce çırpın.', ""Tavanızı ısıtın ve 1'er yemek kaşığı tereyağı ve zeytinyağını kızdırın."", 'Ardından yumurta karışımını tavaya dökün. Ocağınızın altını kısın ve alt kısmı kızarana adar pişirin.', 'Omletin alt kısmı kızarıp, üst kısmı hafif sulu kaldığında tavanızı önce doğru eğip omleti ikiye katlayın.', '1-2 dakika daha bu şekilde pişirip ocaktan alın.', 'Soğumadan omleti kahvaltılıklarla servis edin. Afiyet olsun!']",KAHVALTILIK,239b56,/tarif/kahvaltiliklar/,"['Kahvaltılık', 'Video']",['kahvaltı'],['Kahvaltı'],['Tava'],['Bol Proteinli'],False,180,300,2022-08-24T11:20:10Z,4.0,828088,1909,False,True,True,0,,0,,,,2015/05/omlet-yemekcom.jpg,0,0,https://cdn.yemek.com/mnresize/940/940/uploads/2015/05/omlet-yemekcom.jpg,940,940,False,https://cdn.yemek.com/mncrop/300/200/uploads/2015/05/omlet-yemekcom.jpg,300,200,True,https://cdn.yemek.com/mncrop/940/625/uploads/2015/05/omlet-yemekcom.jpg,940,625,True,https://cdn.yemek.com/mncrop/620/388/uploads/2015/05/omlet-yemekcom.jpg,620,388,True,https://cdn.yemek.com/mncrop/600/315/uploads/2015/05/omlet-yemekcom.jpg,600,315,True,"['bol proteinli', 'glutensiz', 'düşük kalorili']",,,,,
1009,8439,ipeksare,https://cdn.yemek.com/author/262494/20200820091315_avatar.jpg,/profil/ipeksare/,Evde Taş Fırın Lezzetinde: Lahmacun,Lahmacun,/tarif/lahmacun/,30 dk,25 dk,"<p>Lahmacun, yemesi en keyifli, en çok sevdiğimiz <a href=""https://yemek.com/tarif"" target=""_blank"">yemek tariflerinin</a> başında geliyor. Ancak onu evde tıpkı dışarıda yediklerimiz kadar nefis bir şekilde hazırlamak da mümkün. Yanına bolca <a href=""https://yemek.com/tarif/sumakli-sogan-salatasi/"" target=""_blank"">sumaklı soğan</a>la servis etmelik nefis bir lahmacun yapalım hadi gelin. İhtiyacınız olan malzemeleri bir bir anlatıyoruz. <img src=""https://cdn.yemek.com/assets/images/smiley/smile.png"" class=""wp-smiley img-responsive"" /></p>
<p>Böylesine lezzetli, doyurucu bu lezzeti bu sefer evde yapmak için sıvadık kollarımızı. Hamurunu sevgi ile mayalandırdık ve işte karşınızda en güzel ve en kolay haliyle ev yapımı gerçek lahmacun <a href=""https://yemek.com/tarif/"" target=""_blank"">tarifi</a>! Bu tarifle keyifli hafta sonu sofralarınıza geleneksel bir dokunuş yapabilir, çıtır çıtır lahmacun hamurunun sesini evinizden eksik etmeyebilirsiniz. Bizden söylemesi...</p>
",recipe,"['biber salçası', 'tuz', 'tuz', 'pul biber', 'toz şeker', 'un', 'maydanoz', 'su', 'su', 'domates salçası', 'domates', 'yeşil biber', 'kırmızı biber', 'toz kırmızı biber', 'soğan', 'sıvı yağ', 'yağlı dana kıyma']","['Mutfak robotuna kırmızı biberleri, yeşil biberleri, soğanları ve domatesleri ilave edin.', 'Tamamen püre haline gelmeyecek şekilde çekin.', 'Maydanozları da ekleyin ve 10 saniye kadar daha çekin.', 'Domates salçası, biber salçası, sıvı yağ ve suyu ekleyin. Son olarak kıymayı ekleyerek güzelce yoğurun.Lahmacunun lezzetli olması için harcınızın cıvık bir kıvamda olması gerekir. Yeteri kadar cıvık bir kıvamda değilse, biraz su ekleyebilirsiniz.', 'Hazırladığınız harcı vaktiniz varsa bir süre buzdolabında dinlendirin.', 'Harcınız dinlenirken, hamurunuzu yapmaya başlayın.\xa0Suyu bir kaba dökün, üzerine tuz ve şekeri ilave ederek güzelce karıştırın. Azar azar da un ilave edin. Orta sertliğe ulaşana dek yoğurun.', 'Hamuru bir silindir haline getirip eşit parçalara bölün. Aynı büyüklükte lahmacunlar yapabilmek için hamurlarınızın ağırlığı da eşit olmalıdır. Bezeleri bir süre dinlenmeye bırakın.', 'Hazırladığınız bezeleri yemek tabağı büyüklüğünde açın. Mümkün olduğu kadar ince açmanız önemlidir. Bu sırada fırınınızı 250 derece fanlı ve alt-üst açık olacak şekilde açın. Güzelce ısıtın.', 'Açtığınız hamurların üzerine kıymalı harcı yayın. Fırının tabanına yağlı kağıt ile birlikte yerleştirin ve 7-10 dakika altı kızarana kadar pişirin.', 'Sumaklı soğan, maydanoz ve bol limonla servis edin.', 'Afiyet olsun!']",PİDE,239b56,/tarif/pide/,"['Hamur İşi', 'Pide', 'Video']","['pratik yemek tarifleri', 'ekonomik', 'başlangıç', 'ara öğün', 'akşam yemeği', 'öğle yemeği']","['Başlangıç', 'Öğle Yemeği', 'Akşam Yemeği']",['Fırın'],,False,1800,1500,2020-04-13T07:46:32Z,4.0,828058,5659,False,True,True,0,,0,,,,2020/04/lahmacun-yemekcom-1.jpg,0,0,https://cdn.yemek.com/mnresize/940/940/uploads/2020/04/lahmacun-yemekcom-1.jpg,940,940,False,https://cdn.yemek.com/mncrop/300/200/uploads/2020/04/lahmacun-yemekcom-1.jpg,300,200,True,https://cdn.yemek.com/mncrop/940/625/uploads/2020/04/lahmacun-yemekcom-1.jpg,940,625,True,https://cdn.yemek.com/mncrop/620/388/uploads/2020/04/lahmacun-yemekcom-1.jpg,620,388,True,https://cdn.yemek.com/mncrop/600/315/uploads/2020/04/lahmacun-yemekcom-1.jpg,600,315,True,['fırın'],,,,,
1010,78,Neşe Ümit Tan,https://cdn.yemek.com/author/208653/20190910030615_avatar.jpg,/profil/neseumit/,"Kokusu Mis, Dokusu Nefis: Limonlu Kek",Limonlu Kek,/tarif/limonlu-kek/,40 dk,15 dk,"<p>Limonlu kek kendine has aroması, buram buram mutfağı dolduran misler gibi kokusuyla en çok tercih edilen <a href=""https://yemek.com/tarif/kek/"" target=""_blank"">pratik kek tariflerinden</a> birisi. 10 dakikada fırına vermeye hazır kek harcıyla çat kapı gelen misafirleriniz için paha biçilemez <a href=""https://yemek.com/tarif/tatli-kek/"" target=""_blank"">tatlı kek tariflerinden</a> birisi olan limonlu kek, herkesin severek yiyeceği puf puf kabaran yumuş yumuş bir kek.</p>
<p>Büyükten küçüğe herkesin severek yiyeceği, hafif lezzetine ve yumuşaklığına bayılacağı bir <a href=""https://yemek.com/tarif/tatli/"" target=""_blank"">tatlı</a> kek tarifi bu. Deneyenlerin sizden tarifini isteyeceğinize eminiz! Fırınlar ısıtılsın, kek kalıpları meydana çıksın, bugün mutfakta limonlu kek pişecek! Şimdiden afiyetler olsun!</p>
",recipe,"['tereyağı', 'limon suyu', 'yumurta', 'toz şeker', 'rendelenmiş limon kabuğu', 'ayçiçek yağı', 'süt', 'un', 'kabartma tozu', 'vanilin']","['Yumurta ve toz şekeri, bir çırpıcı yardımıyla krema halini alana kadar çırpın.', 'Sırasıyla; süt, ayçiçek yağı ve limon suyunu ilave edip, 2 dakika daha çırpın.', 'Elenmiş un, kabartma tozu, vanilya ve rendelenmiş limon kabuğunu ekledikten sonra karıştırın.', 'Yağladığınız kek kalıbına harcı boşaltın ve eşit oranda kabarması için üzerini bir spatula yardımıyla düzeltin.Hazırladığınız limonlu keki, önceden ısıtılmış 170 derece fırında 40 dakika pişirin.', 'İçini çekmesi için keki dinlendirdikten sonra kalıbından çıkartın ve dilimleyerek servis edin. Sevdiklerinizle paylaşın.']",TATLI KEK,239b56,/tarif/tatli-kek/,"['Kek', 'Tatlı Kek', 'Mevsiminde']","['ekonomik', 'çay saati']",['Çay Saati'],['Fırın'],['Vejetaryen'],False,2400,900,2021-03-19T07:30:13Z,4.0,810627,4819,False,False,True,0,,0,,,,2020/01/limonlu-kek-tarifi-yeni-one-cikan.jpg,0,0,https://cdn.yemek.com/mnresize/940/940/uploads/2020/01/limonlu-kek-tarifi-yeni-one-cikan.jpg,940,940,False,https://cdn.yemek.com/mncrop/300/200/uploads/2020/01/limonlu-kek-tarifi-yeni-one-cikan.jpg,300,200,True,https://cdn.yemek.com/mncrop/940/625/uploads/2020/01/limonlu-kek-tarifi-yeni-one-cikan.jpg,940,625,True,https://cdn.yemek.com/mncrop/620/388/uploads/2020/01/limonlu-kek-tarifi-yeni-one-cikan.jpg,620,388,True,https://cdn.yemek.com/mncrop/600/315/uploads/2020/01/limonlu-kek-tarifi-yeni-one-cikan.jpg,600,315,True,['fırın'],,"['Ocak', 'Eylül']",,,
1011,130,Yasemin Özaltın,https://cdn.yemek.com/author/35533/20181219061403_avatar.jpg,/profil/yasemingursurer/,Dakikalar İçinde Sofrada: Mantarlı Tavuk Sote,Mantarlı Tavuk Sote,/tarif/mantarli-tavuk-sote/,20 dk,10 dk,"<p>Pratik ama bir o kadar da doyurucu, besleyici ve lezzetli bir <a href=""https://yemek.com/tarif/"" target=""_blank"">yemek tarifi</a> yapmak isteyenleri böyle alabilir miyiz? Sizin için nefis bir önerimiz var.</p>
<p>Mantar sote bu sefer <a href=""https://yemek.com/tarif/tavuk/"" target=""_blank"">tavuk</a>la buluşuyor ve besin değerini arttırıyor. <strong>Kısa sürede hazırlayabileceğiniz bu pratik tarifi</strong> <a href=""https://yemek.com/tarif/bulgur-pilavi/"" target=""_blank"">bulgur pilavı</a> ya da yeşil <a href=""https://yemek.com/tarif/salata/"" target=""_blank"">salata</a> ile tamamlayarak doyurucu bir öğün oluşturabilirsiniz. Tavuklu mantar sote için buyurun mutfağa!</p>
",recipe,"['tuz', 'kültür mantarı', 'zeytinyağı', 'kuşbaşı tavuk göğsü', 'domates', 'yeşil biber', 'taze çekilmiş renkli tane karabiber', 'kekik', 'kapya biber']","['3 yemek kaşığı zeytinyağını tavada kızdırın. 600 gram kuşbaşı doğranmış tavuk göğüslerini, suyunu salmaması için yüksek ateşte soteleyin.', 'Ardından 2 adet doğranmış yeşil ve kırmızı biberleri ekleyip sotelemeye devam edin.', '300 gram doğranmış mantarı da ekleyip, suyunu salıp çekene kadar, soteleme işlemini 10 dakika kadar sürdürün.', 'Son olarak; 1 adet kabukları soyulup doğranmış domates, 1 çay kaşığı tuz, 1 çay kaşığı çekilmiş tane karabiber ve 1 tatlı kaşığı kekiği de ekleyin.', '15 dakika kadar pişmeye bırakın.', 'Domatesler suyunu çektiğinde mantarlı tavuk soteniz hazır demektir. Afiyet olsun!']",TAVUK,239b56,/tarif/tavuk/,"['Tavuk', 'Ramazan', 'Video', 'Sulu Yemek']","['pratik yemek tarifleri', 'ekonomik', 'akşam yemeği', 'diyet', 'öğle yemeği']","['Öğle Yemeği', 'Akşam Yemeği']","['Tencere', 'Ocak']",['Bol Proteinli'],False,1200,600,2014-06-16T14:34:43Z,4.0,809161,9062,False,True,True,0,,0,,,,2014/06/mantarli-tavuk-sote-yemekcom.jpg,0,0,https://cdn.yemek.com/mnresize/940/940/uploads/2014/06/mantarli-tavuk-sote-yemekcom.jpg,940,940,False,https://cdn.yemek.com/mncrop/300/200/uploads/2014/06/mantarli-tavuk-sote-yemekcom.jpg,300,200,True,https://cdn.yemek.com/mncrop/940/625/uploads/2014/06/mantarli-tavuk-sote-yemekcom.jpg,940,625,True,https://cdn.yemek.com/mncrop/620/388/uploads/2014/06/mantarli-tavuk-sote-yemekcom.jpg,620,388,True,https://cdn.yemek.com/mncrop/600/315/uploads/2014/06/mantarli-tavuk-sote-yemekcom.jpg,600,315,True,"['tencere', 'bol proteinli', 'düşük kalorili']",,['Eylül'],,,
1012,442,Yasemin Özaltın,https://cdn.yemek.com/author/35533/20181219061403_avatar.jpg,/profil/yasemingursurer/,Katkı Maddesiz: Ev Yapımı Limonata,Ev Yapımı Limonata,/tarif/ev-yapimi-limonata/,20 dk,20 dk,"<p>Pratik bir şekilde, katkı maddesiz, buzdolabında serin serin muhafaza edilebilecek, ikramlık ev yapımı limonata hazırlamak çok zevkli.</p>
<p>Türk yemek sektöründe, restoranlarda, kafelerde yaz cemresidir limonata. Eskiden sadece tek başına içilen bir şeyken şimdilerde kolaya, ayrana ve hatta kahveye rakip olup <a href=""https://yemek.com/tarif/makarna/"" target=""_blank"">makarnanın</a>, <a href=""https://yemek.com/tarif/tavuk/"" target=""_blank"">tavuk yemeklerinin</a> ve hatta <a href=""https://yemek.com/tarif/et"" target=""_blank"">et yemeklerinin</a> yanında boy göstermeye başladı. Yazın en güzel şeylerinden biri limonata ve inanın birçok yemeğe de çok yakışıyor.</p>
<p>Ev yapımı gerçek limonata ise hiçbir mekanın size aynı lezzette yardımcı olamayacağı kadar güzel. İnsanın aklına babaanne evinde klasik sürahi içinde içilen günleri getirecek kadar nostaljik. Daha bacak kadarken doğum günü pastasının yanında içilecek kadar duygusal. İyi ki var.</p>
<p>Bu kadar konuştuktan sonra buzlukta da saklanabilecek, kolay mı kolay, portakalsız limonata tarifini yapmamak, serinlememek, ferahlamamak olmaz.</p>
<p>Ev yapımı limonata nasıl yapılır? diyenler haydi mutfağa.</p>
",recipe,"['nane', 'toz şeker', 'limon', 'buz', 'içme suyu']","['Bol suda yıkadığınız 10 adet limonun, kabuklarını rendenin kalın tarafıyla rendeleyin. Beyaz kısımlarını almamaya özen gösterin.', 'Kabuğu rendelenmiş dört adet limonu ortadan ikiye kesin ve suyunu sıkın. Kalan limonları küçük parçalar halinde dilimleyin.', '2 su bardağı toz şeker ve taze sıkılmış limonların suyunu karıştırın.', 'Rendelenmiş limon kabuklarını, limon parçaları ve ayıkladığınız 1 demet nane yapraklarının yarısını da ekledikten sonra şeker tamamen eriyip, tüm limonların suyu çıkana kadar yoğurun.', 'Nane yapraklarını da ekleyin.', 'Özünün çıkması için bu karışımı tel bir süzgeç yardımıyla\xa0bir kaseye süzün.', '5 su bardağı içme suyunu ekledikten sonra limonatayı buzdolabında soğutun.', '2 su bardağı buz ilavesiyle karıştırdıktan sonra\xa0 keyfini çıkararak için. Afiyet olsun!']",İÇECEK,239b56,/tarif/icecekler/,"['İçecek', 'Video', 'Mevsiminde']","['pratik yemek tarifleri', 'ekonomik', 'ara öğün', 'çay saati']","['Ara Öğün', 'Çay Saati']",,['Ekonomik'],False,1200,1200,2021-03-25T06:00:50Z,4.0,786118,3534,False,True,True,0,,0,,,,2014/08/ev-yapimi-limonata-yemekcom.jpg,0,0,https://cdn.yemek.com/mnresize/940/940/uploads/2014/08/ev-yapimi-limonata-yemekcom.jpg,940,940,False,https://cdn.yemek.com/mncrop/300/200/uploads/2014/08/ev-yapimi-limonata-yemekcom.jpg,300,200,True,https://cdn.yemek.com/mncrop/940/625/uploads/2014/08/ev-yapimi-limonata-yemekcom.jpg,940,625,True,https://cdn.yemek.com/mncrop/620/388/uploads/2014/08/ev-yapimi-limonata-yemekcom.jpg,620,388,True,https://cdn.yemek.com/mncrop/600/315/uploads/2014/08/ev-yapimi-limonata-yemekcom.jpg,600,315,True,,,"['Haziran', 'Temmuz', 'Ağustos', 'Eylül']",,,
1013,3233,Yasemin Özaltın,https://cdn.yemek.com/author/35533/20181219061403_avatar.jpg,/profil/yasemingursurer/,"Yumuşacık, Sulu Sulu Pişer: Tavuk Sote",Tavuk Sote,/tarif/tavuk-sote/,25 dk,15 dk,"<p><a href=""https://yemek.com/tarif/"" target=""_blank"">Yemek tariflerinin</a> en sevilenlerinden tavuk sote tarifinde zaman önemli. Aslına bakarsanız sote işlemi de uzun lafın kısası bir pişirme yöntemi. Kızgın tavada, yüksek ateş üzerinde alt üst edilen sebze ve et karışımları renk, doku ve tatlarını kaybetmeden kısa sürede pişiyor. Etler sertleşmiyor, sebzeler kurumuyor. Size de pratik ve kolay bir yöntemle hazırlanan bu <a href=""https://yemek.com/tarif/tavuk/"" target=""_blank"">tavuk tarifinin</a> keyfini ağız tadıyla çıkartmak düşüyor.</p>
<p>Tavada sote edilen yiyeceklerin sık sık sallanarak karıştırılması da ayrı bir konu. Et ve sebzelerin küçük ve birbirine yakın boyutlarda kesilmesi öneriliyor. Kullanılan etlerin olabildiğine körpe ve sinirsiz, baharatlarla önceden tatlandırılmış olması gerekiyor.</p>
<p>Teknik detayları bir kenara bıraktığımızda, pratik ve lezzetli tarifler arasında ilk üçe girebileceğini de söyleyebiliriz tavuk sote için (<a href=""https://yemek.com/tarif/sebzeli-tavuk-sote/"" target=""_blank"">sebzeli tavuk sote</a> ve <a href=""https://yemek.com/tarif/mantarli-tavuk-sote/"" target=""_blank"">mantarlı tavuk sote</a> için de aynı şekilde!). Pilava eşlik eder, yoğurtla anlaşır, salata onu sever, misafir gelse masada olur. Evde tek başına olsan, seni yalnız bırakmaz.</p>
<p>Bu kadar bilginin üzerine kolay ve lezzetli tavuk sote tarifini hak ettik sanırız. Adım adım resimli anlatımı ve videosuyla karşınızda tavuk sote!</p>
",recipe,"['tuz', 'pul biber', 'karabiber', 'yeşil biber', 'kırmızı biber', 'tavuk göğsü', 'kuru nane', 'soğan', 'doğranmış domates', 'sıvı yağ']","['Tavanın içerisine 2 yemek kaşığı sıvı yağı alın ve üzerine 300 gram kuşbaşı doğranmış tavuğu ilave ederek yüksek ateşte soteleyin.', 'Pişen tavukların üzerine 1 adet doğranmış soğanı ilave ederek sotelemeye devam edin.\xa0 1', 'adet doğranmış yeşil biber ve yarım adet doğranmış kapya biberi de ekleyin.', '1 adet doğranmış domatesi de tavanın içerisine aktarın.', 'Biraz suyunu çektikten sonra sırasıyla birer çay kaşığı tuz, karabiber, pul biber ve kuru nane ilave ederek güzelce karıştırın.', 'İyice pişince tavuk sotenizi ocaktan alın ve servis edin. Afiyet olsun!']",TAVUK,239b56,/tarif/tavuk/,"['Tavuk', 'Ramazan', 'Video']","['pratik yemek tarifleri', 'ekonomik', 'akşam yemeği', 'öğle yemeği']","['Öğle Yemeği', 'Akşam Yemeği']","['Tencere', 'Ocak']","['Ekonomik', 'Glutensiz', 'Bol Proteinli', 'Düşük Kalorili']",False,1500,900,2015-08-17T14:19:38Z,4.0,783975,5977,False,True,True,0,,0,,,,2015/08/tavuk-sote-yemekcom.jpg,0,0,https://cdn.yemek.com/mnresize/940/940/uploads/2015/08/tavuk-sote-yemekcom.jpg,940,940,False,https://cdn.yemek.com/mncrop/300/200/uploads/2015/08/tavuk-sote-yemekcom.jpg,300,200,True,https://cdn.yemek.com/mncrop/940/625/uploads/2015/08/tavuk-sote-yemekcom.jpg,940,625,True,https://cdn.yemek.com/mncrop/620/388/uploads/2015/08/tavuk-sote-yemekcom.jpg,620,388,True,https://cdn.yemek.com/mncrop/600/315/uploads/2015/08/tavuk-sote-yemekcom.jpg,600,315,True,['bol proteinli'],,,,,
1014,131,Yasemin Özaltın,https://cdn.yemek.com/author/35533/20181219061403_avatar.jpg,/profil/yasemingursurer/,Lezzet Sırlarıyla: Lazanya,Lazanya,/tarif/lazanya/,25 dk,20 dk,"<p>Lazanya, köken itibarıyla <a href=""https://yemek.com/italyan-tarifleri/"">İtalyan</a> olmasa da damak zevkimize uygunluğuyla neredeyse artık bizden biri.</p>
<p>Lazanya, <a href=""https://yemek.com/tarif/makarna/"" target=""_blank"">makarna</a> hamuruyla yapılan, plaka halinde paketlenen, genellikle <a href=""https://yemek.com/tarif/bolonez-sos/"" target=""_blank"">bolonez sosu</a> ile birlikte fırında pişirilen <strong>İtalyan mutfağına ait</strong> nefis bir lezzet. %100 ev yapımı yapmak isterseniz de lazanya hamurunuzu evinizde de hazırlayabilirsiniz: <a href=""https://yemek.com/lazanya-hamuru-nasil-yapilir/"" target=""_blank"">Lazanya Hamuru Nasıl Yapılır?</a></p>
<p>Bu nefis lezzet bizim damak tadımıza çok yakın bir lezzet olunca onu çok sevdik ve her yediğimizde bayıldık. İçine biraz sevgimizi, biraz da elimizin lezzetini, damak zevkimizi kattık. Umarız lazanya tarifimiz sizin de favoriniz olur.</p>
",recipe,"['tereyağı', 'tereyağı', 'tuz', 'ayçiçek yağı', 'un', 'karabiber', 'karabiber', 'rendelenmiş kaşar peyniri', 'havuç', 'orta yağlı kıyma', 'defne yaprağı', 'soğuk süt', 'rendelenmiş muskat cevizi', 'rendelenmiş domates', 'soğan', 'bezelye', 'lazanya yaprağı', 'ezilmiş sarımsak']","['Lazanya tarifi için ayçiçek yağını ve tereyağı bir tavada kızdırın. Doğranmış soğanları 3- 4 dakika kadar kavurun.\xa0Üzerine havuçları ekleyip 3-4 dakika daha kavurmaya devam edin.', 'Kavrulan havuç ve soğanların üzerine kıymayı ekleyin ve suyunu salıp çekene kadar kavurun.', 'Sarımsak, tuz ve karabiberi ekleyin. Son olarak rendelenmiş domates ve defne yaprağını ekleyip harcı pişmeye bırakın.', 'Domates, suyunu biraz çektikten sonra içerisine bezelyeyi de ekleyin ve iç harcını pişirmeye devam edin.', 'Tüm malzemeler güzelce pişince iç harcınız hazır.', 'Beşamel sosu hazırlamak için; tereyağını sos tenceresinde eritin. Unu, kokusu çıkıp renk alana kadar kavurun.', 'Kavrulan una soğuk sütü ekleyin ve bir çırpıcı yardımıyla sürekli karıştırarak pişirin. Pişmeyen lazanya yaprakları kullandığınızda, normale göre beşamel sosunuzu daha sıvı olması gerekir. Bu yüzden çok kıvamlı olmamasına özen gösterin.', 'Karabiber ve rendelenmiş muskat cevizini ekledikten sonra ocaktan alın.', 'Fırın kabının tabanına biraz beşamel sos ve iç harçtan yayıp lazanya yapraklarını dizin.', 'Sırasıyla; kıymalı harç, beşamel sos ve\xa0 bir parça rendelenmiş kaşar peyniri ekleyin.', 'Lazanyanın en üst katı için beşamel sos ve rendelenmiş kaşar peyniri ayırdıktan sonra bu işlemi sırasıyla tüm lazanya yaprakları için tekrarlayın.', 'Kalan beşamel sos ve rendelenmiş kaşar peyniri ile lazanyanın üzerini kaplayın. Önceden ısıtılmış 180 derece fırında 20-25 dakika pişirin. Pişirme süresi fırından fırına değişiklik gösterebilir. Piştiğinden emin olana kadar kontrollü olarak pişirin.', 'Fırından çıkan lazanyayı dilimledikten sonra ılık olarak servis edin. Sevdiklerinizle paylaşın.']",MAKARNA,239b56,/tarif/makarna/,"['Makarna', 'Video', 'Dünya Mutfakları']","['seksi tarifler', 'ekonomik', 'akşam yemeği', 'öğle yemeği']","['Öğle Yemeği', 'Akşam Yemeği']",['Fırın'],['Bol Proteinli'],False,1500,1200,2022-04-13T06:49:48Z,4.0,781532,6296,False,True,True,0,,0,,,,2014/06/lazanya-ytk-yemekcom.jpg,0,0,https://cdn.yemek.com/mnresize/940/940/uploads/2014/06/lazanya-ytk-yemekcom.jpg,940,940,False,https://cdn.yemek.com/mncrop/300/200/uploads/2014/06/lazanya-ytk-yemekcom.jpg,300,200,True,https://cdn.yemek.com/mncrop/940/625/uploads/2014/06/lazanya-ytk-yemekcom.jpg,940,625,True,https://cdn.yemek.com/mncrop/620/388/uploads/2014/06/lazanya-ytk-yemekcom.jpg,620,388,True,https://cdn.yemek.com/mncrop/600/315/uploads/2014/06/lazanya-ytk-yemekcom.jpg,600,315,True,"['tencere', 'fırın']",,,['İtalya'],,
1015,955,Yasemin Özaltın,https://cdn.yemek.com/author/35533/20181219061403_avatar.jpg,/profil/yasemingursurer/,Orijinal Tarif: Trileçe,Trileçe,/tarif/trilece/,35 dk,30 dk,"<p>Orijinalinde üç süt karışımının kullanıldığı <a href=""https://yemek.com/tarif/sutlu-tatlilar/"" target=""_blank"" rel=""noopener"">sütlü</a> <a href=""https://yemek.com/tarif/serbetli-tatlilar/"" target=""_blank"" rel=""noopener"">şerbet</a> ile hazırlanan trileçe (tirileçe), hafifliği ve sünger dokusuna sahip <a href=""https://yemek.com/tarif/pandispanya/"" target=""_blank"" rel=""noopener"">pandispanya</a> <a href=""https://yemek.com/tarif/kek/"" target=""_blank"" rel=""noopener"">kek</a>iyle şöhreti kısa sürede dilden dile yayılan enfes bir <a href=""https://yemek.com/tarif/tatli/"" target=""_blank"" rel=""noopener"">tatlı tarifi</a>. Traliçe, triliçe ya da trilece diye telaffuz edenler olsa da tatlının doğru yazımı trileçe. Trileçe hangi ülkeye ait sorusunun cevabını da verelim. Meksika'da yaygınlaşan ve tüm dünyaya yayılan bir sütlü tatlı aslında trileçe. <strong>Balkan ülkelerinde de çok sevilen tatlı</strong>, hafif olmasıyla ülkemizde de pek seviliyor.</p>
<p>Çeşitli sos ve kremalarla servis edilen versiyonlarını yerinde yiyebileceğiniz gibi gerçek trileçe tarifini ev sıcaklığında hazırlayıp, sevdiklerinizle paylaşabilirsiniz. Biz bu sefer oyumuzu karamelli orijinal trileçe tarifinden yana kullandık; ama siz farklı soslarla da onu deneyebilirsiniz. Tarifimizin içinde karamel <a href=""https://yemek.com/tarif/sos/"" target=""_blank"" rel=""noopener"">sos</a>unun tarifini de bulabileceksiniz.</p>
<p>Malzemeleriyle <strong>en kolay trileçe tarifleri</strong>nden biri olan bu <a href=""https://yemek.com/tarif/"" target=""_blank"" rel=""noopener"">tarifi</a> hemen denemek isteyeceksiniz.</p>
<p>O zaman haydi mutfağa, <strong>trileçe tatlısı</strong> yapıyoruz!</p>",recipe,"['tereyağı', 'toz şeker', 'toz şeker', 'toz şeker', 'un', 'kabartma tozu', 'krema', 'manda sütü', 'inek sütü', 'büyük boy yumurta', 'vanilin', 'keçi sütü']","['<p>Trileçe için derin bir karıştırma kasesinin içerisine yumurta ve şekeri ekleyip, şekerler eriyene ve karışımın rengi açılıp, krema kıvamına gelene kadar çırpın.</p>', '<p>Un, kabartma tozu ve vanilini yumurtalı karışımın içerisine eleyerek ekleyin.</p>', '<p>Spatula yardımıyla kuru malzemelerin sıvı malzemelerle birleşmesi için altan üstte doğru sürekli olarak karıştırın. Güzelce karışmış olan kek harcını yağlanmış fırın kabınıza dökün ve üzerini düzeltin.</p>', '<p>Trileçenin pandispanyasını önce 170 derece ısıtılmış fırında 10 dakika pişirin. 10 dakika sonunda fırın ısısını 150 dereceye indirip 20-25 dakika kadar pişirin.\xa0Pişen pandispanyayı oda sıcaklığında soğumaya bırakın ve üzerine kürdan yardımıyla delikler açın.</p>', '<p>Sütlü şerbeti için; inek sütü, manda sütü ve keçi sütünü tencereye alın. Şekerini de ekleyip eriyene kadar karıştırın. Kaynamaya başladıktan sonra ocağın altını kapatın ve ılımaya bırakın.</p>', '<p>Karameli için; ayrı bir sos tenceresinde toz şekeri kontrollü olarak eritin. Üzerine tereyağını ekleyin. Fokurdamaya başlayan tereyağlı şekerin üzerine\xa0kremayı ekleyin ve karıştırıp ocaktan alın, soğumaya bırakın.</p>', '<p>Oda sıcaklığında soğumuş olan trileçe pandispanyasının üzerine ılık sütlü şerbeti ekleyin ve sütü iyice çektikten sonra buzdolabında soğumaya bırakın.</p>', '<p>Bu esnada 1 paket krem şanti hazırlayın. Soğumuş olan kekinizin üzerine ince bir tabaka halinde krem şantiyi yayın.</p>', '<p>Hazırlamış olduğunuz karameli de üzerine güzelce yayın.</p>', '<p>Ardından dilimleyin ve soğuk olarak servis edin. Afiyetler olsun!</p>']",SÜTLÜ TATLI,239b56,/tarif/sutlu-tatlilar/,"['Tatlı', 'Ramazan', 'Sütlü Tatlı', 'Video']",,['Çay Saati'],['Fırın'],,False,2100,1800,2021-03-22T05:01:53Z,4.0,767271,3972,False,True,True,0,,0,,,,2014/11/trilece-ytk-site.jpg,0,0,https://cdn.yemek.com/mnresize/940/940/uploads/2014/11/trilece-ytk-site.jpg,940,940,False,https://cdn.yemek.com/mncrop/300/200/uploads/2014/11/trilece-ytk-site.jpg,300,200,True,https://cdn.yemek.com/mncrop/940/625/uploads/2014/11/trilece-ytk-site.jpg,940,625,True,https://cdn.yemek.com/mncrop/620/388/uploads/2014/11/trilece-ytk-site.jpg,620,388,True,https://cdn.yemek.com/mncrop/600/315/uploads/2014/11/trilece-ytk-site.jpg,600,315,True,,,,,,
1016,2518,Yasemin Özaltın,https://cdn.yemek.com/author/35533/20181219061403_avatar.jpg,/profil/yasemingursurer/,Onsuz Olmaz: Bulgur Pilavı,Bulgur Pilavı,/tarif/bulgur-pilavi/,20 dk,10 dk,"<p>Herkesin <a href=""https://yemek.com/tarif/domatesli-bulgur-pilavi/"" target=""_blank"">bulgur pilavı</a> tarifi ufak da olsa farklılıklar gösteriyor. Kimi içine domates biber koyarken, kimi sade, kimi tel şehriyeli hazırlıyor. Sulu yemeklerin sevdalısı, yoğurt ve salatalık turşusuna anlam katan bulgur pilavını özüyle sözüyle sade olarak hazırlıyor, soframızın baş köşesine alıyoruz. Bulgur pilavı, <a href=""https://yemek.com/tarif/pilav/"" target=""_blank"">pilav tarifleri</a> arasında en çok sevilenlerden de biri. Şöyle tane tane döküleni de pek makbul. Bu domatesli bulgur pilavı tarifi çok klasik bir tarif olsa da bir de bizim tarifimizle deneyin deriz. Karşınızda tüm püf noktalarıyla enfes bulgur pilavı tarifimiz!</p>
<p>En klasik bulgur pilavı diyoruz ama yanına <a href=""https://yemek.com/tarif/bezelye-yemegi/"" target=""_blank"">bezelye</a> pişiresimiz, karşısına yoğurdu alasımız, belki de bir çoban salatayla masayı şenlendiresimiz var. Pek de güzel yiyesimiz var sonra. Her <a href=""https://yemek.com/tarif/"" target=""_blank"">yemek tarifinin</a> yanına çok yakışan, doyurucu, enfes mi enfes salçalı bulgur pilav tarifimize buyurun.</p>
<p>Bulgur pilavının ölçüsünden adım adım yapılışına kıvamı tam tutan, ölçüleri hiç şaşmayan bulgur pilavı tarifi karşınızda.</p>
<p>Haydi girin mutfağa, bize eşlik edin. Afiyetler olsun.</p>
<p>Not: ""Ben bulgur pilavı çeşitlerini görmek istiyorum."" diyenler için yeşil mercimekli bulgur pilavı tarifini <a href=""https://yemek.com/tarif/mercimekli-bulgur-pilavi/"" target=""_blank"">şuraya</a>, sade bulgur pilavı tarifini <a href=""https://yemek.com/tarif/sade-bulgur-pilavi/"" target=""_blank"">buraya</a>, domatesli bulgur pilavını da tam <a href=""https://yemek.com/tarif/domatesli-bulgur-pilavi/"" target=""_blank"">şuraya</a> bırakalım. Afiyet olsun!</p>
",recipe,"['kuru soğan', 'biber salçası', 'tereyağı', 'tuz', 'pul biber', 'sarımsak', 'su', 'zeytinyağı', 'karabiber', 'domates salçası', 'domates', 'yeşil biber', 'kekik', 'pilavlık bulgur']","['Birer yemek kaşığı tereyağı ve zeytinyağını bir pilav tenceresinde\xa0kızdırın. Üzerine soğanları ilave edin.', '2 adet yemeklik doğranmış kuru soğanı da tencereye ekleyin ve pembeleşinceye kadar kavurun.\xa01 adet ezilmiş sarımsak ve 2 adet doğranmış yeşil biberi de ekleyin ve kavurun.', '1 yemek kaşığı domates salçası ve yarım yemek kaşığı biber salçasını da ekleyip kokusu çıkana kadar kavurun.', 'Sonra 2 su bardağı pilavlık bulguru ekleyin.', ""Baharat olarak 1'er çay kaşığı tuz, karabiber, pul biber ve 1 tatlı kaşığı kekik ilave edin."", '2 adet rendelenmiş domatesi ilave edin.', '4 su bardağı su ekledikten sonra tencerenin kapağını kapatıp pişmeye bırakın.', 'Bulgurlar göz göz olup suyunu çektiğinde\xa0ocağın altını kapatın.', 'Pilavınızın altını kapatın ve dinlenmeye bırakın.', 'Bulgur pilavınız hazır, afiyet olsun!']",PİLAV,239b56,/tarif/pilav/,"['Ramazan', 'Pilav', 'Video', 'Bakliyat']","['pratik yemek tarifleri', 'akşam yemeği', 'öğle yemeği']","['Öğle Yemeği', 'Akşam Yemeği']",['Tencere'],['Vejetaryen'],False,1200,600,2021-03-23T08:12:32Z,4.0,763827,6496,False,True,True,0,,0,,,,2015/05/bulgur-pilavi-yemekcom.jpg,0,0,https://cdn.yemek.com/mnresize/940/940/uploads/2015/05/bulgur-pilavi-yemekcom.jpg,940,940,False,https://cdn.yemek.com/mncrop/300/200/uploads/2015/05/bulgur-pilavi-yemekcom.jpg,300,200,True,https://cdn.yemek.com/mncrop/940/625/uploads/2015/05/bulgur-pilavi-yemekcom.jpg,940,625,True,https://cdn.yemek.com/mncrop/620/388/uploads/2015/05/bulgur-pilavi-yemekcom.jpg,620,388,True,https://cdn.yemek.com/mncrop/600/315/uploads/2015/05/bulgur-pilavi-yemekcom.jpg,600,315,True,"['tencere', 'düşük karbonhidratlı']",,,,,
1017,1021,Yasemin Özaltın,https://cdn.yemek.com/author/35533/20181219061403_avatar.jpg,/profil/yasemingursurer/,Kıvamı Mükemmel: Terbiyeli Tavuk Çorbası,Terbiyeli Tavuk Çorbası,/tarif/terbiyeli-tavuk-corbasi/,30 dk,20 dk,"<p><a href=""https://yemek.com/tarif/tavuk-suyu-corbasi/"" target=""_blank"">Tavuk suyu</a>nun soğuk algınlığı ve grip başta olmak üzere tüm hastalıklara karşı savaştığı ve vücut direncini artırdığı artık hepimiz biliyoruz. Hastalıklar bir türlü bitmezken <a href=""https://yemek.com/tarif/corba/"" target=""_blank"">çorba</a> tarifleri de işte bu noktada kurtarıcımız oluyor. Krema eklemeye gerek kalmadan terbiyeli karışımı ile leziz ve pratik bir şekilde hazırlanan terbiyeli <a href=""https://yemek.com/tarif/tavuk-corbasi/"" target=""_blank"">tavuk çorbası</a> size iyi gelecek.</p>
<p>Arzuya göre terbiyeli tavuk çorbasına şehriye ekleyerek doyuruculuğunu arttırabilirsiniz. Domates salçası ve şehriye eklenmiş <a href=""https://yemek.com/tarif/sehriyeli-tavuk-suyu-corba/"" target=""_blank"">şehriyeli tavuk çorbası</a> da çok nefis oluyor bizden söylemesi, mutlaka deneyin. Afiyet olsun!</p>
",recipe,"['tuz', 'un', 'su', 'yoğurt', 'yumurta sarısı', 'defne yaprağı', 'tel şehriye', 'nane (arzuya göre)', 'tavuk but']","['Derin bir tencerede, kalçalı budu, 2 adet defne yaprağı, yarım tatlı kaşığı tuz ve 2 litre su ile birlikte haşlayın.', 'Çorbanın terbiyesi için; 1 su bardağı yoğurdu, 1,5 yemek kaşığı unu, 1 adet yumurta sarısını, 1 çay kaşığı tuzu ve yarım limon suyunu bir kaba aktarın.', 'Pürüzsüz bir kıvam alana kadar çırpın.', 'Tenceredeki tavuk haşlandıktan sonra tavuğu ve defne yapraklarını içerisinden alın ve tavukları ince olacak şekilde didikleyin.', 'Tavuğun haşlanan suyundan 1 kepe alıp hazırladığınız terbiyeye yavaş yavaş dökün ve suyun sıcaklığı ile eşitleyin.', 'Sıcaklık eşitlendikten sonra tüm terbiye karışımını çorba tenceresine aktarın.', '1 çay bardağı tel şehriye ve didiklediğiniz tavukları da üzerine\xa0katın ve çorbayı 10 dakika kadar kısık ateşte, aralarda karıştırarak pişirmeye devam edin.', 'Kıvam alan terbiyeli tavuk çorbasını nane ve pulbiber ile süsledikten sonra sıcak olarak servis edin.\xa0Afiyet olsun!']",ÇORBA,,/tarif/corba/,"['Çorba', 'Tavuk', 'Ramazan', 'Video']","['pratik yemek tarifleri', 'ekonomik', 'başlangıç', 'akşam yemeği', 'öğle yemeği']",['Başlangıç'],['Tencere'],,False,1800,1200,2022-07-27T15:20:02Z,4.0,763555,5356,False,True,True,0,,0,,,,2014/11/terbiyeli-tavuk-corbasi-yemekcom.jpg,0,0,https://cdn.yemek.com/mnresize/940/940/uploads/2014/11/terbiyeli-tavuk-corbasi-yemekcom.jpg,940,940,False,https://cdn.yemek.com/mncrop/300/200/uploads/2014/11/terbiyeli-tavuk-corbasi-yemekcom.jpg,300,200,True,https://cdn.yemek.com/mncrop/940/625/uploads/2014/11/terbiyeli-tavuk-corbasi-yemekcom.jpg,940,625,True,https://cdn.yemek.com/mncrop/620/388/uploads/2014/11/terbiyeli-tavuk-corbasi-yemekcom.jpg,620,388,True,https://cdn.yemek.com/mncrop/600/315/uploads/2014/11/terbiyeli-tavuk-corbasi-yemekcom.jpg,600,315,True,"['tencere', 'bol proteinli']",greenLight,,,,
1018,877,Yasemin Özaltın,https://cdn.yemek.com/author/35533/20181219061403_avatar.jpg,/profil/yasemingursurer/,Dışarıdakilerden Çok Daha Nefis: Profiterol,Profiterol,/tarif/profiterol/,40 dk,30 dk,"<p>Çikolata tutkunlarını mutlu edecek nefis bir <a href=""https://yemek.com/tarif/tatli"" target=""_blank"">tatlı</a> olan profiterolu bu tarifle yapmak çok kolay!</p>
<p><strong>Pataşu</strong> ya da <a href=""https://yemek.com/tarif/su-hamuru/"" target=""_blank"">şu hamuru</a> olarak da bilinen, hamurları fırında puf gibi kabartıp içlerini dolduracak kremayı sabırsızlıkla beklerken, bir yandan bitter çikolatalı sosunu hazırlıyoruz. Kaşık kaşık yemek isteyeceğiniz profiterol tarifini; ince çekilmiş fındık, fıstık, ceviz içi ve muz gibi meyve dilimleriyle süsleyip daha da lezzetli hale getirebilirsiniz. Pastanelerde yemeye alışkın olduğunuz bu enfes tatlıyı evinize taşıyarak nefis mi nefis bir profiterol tarifi hazırlıyoruz. Üstelik bu <a href=""https://yemek.com/tarif/"" target=""_blank"">yemek tarifinin</a> yapımı da sandığınız kadar zor değil.</p>
<p>Kökeninin <strong>Fransız mutfağı</strong> olan profiterol, yapımı biraz zahmetli gibi görünse de sevdiklerinizi ve kendinizi ödüllendirmenin çok iyi bir yolu. <strong>Profiterol hamuru</strong>nu da profiterol kremasını da tarifimizde anlatacağımız resimli adımlarla bir bir uyguladığınızda nefis sonuçlar elde edeceğinize eminiz. Şimdiden ellerinize sağlık diyor ve sizi kolay profiterol tatlısı tarifimize buyur ediyoruz.</p>
",recipe,"['yumurta', 'yumurta', 'toz şeker', 'süt', 'un', 'un', 'su', 'krema', 'margarin', 'bitter çikolata', 'vanilin']","['Kremasını hazırlamak için; bir sos tenceresine süt, toz şeker, un ve yumurtayı ekleyip orta ateşte koyu bir kıvam alana kadar sürekli olarak karıştırın.', 'Koyulaşan kremaya vanilin ilave edip karıştırın, ocaktan alın ve oda sıcaklığına geldikten sonra sıkma poşetine doldurup, en az 1 saat buzdolabında bekletin.', 'Profiterol hamuru için; öncelikle fırını 180 dereceye ayarlayın. Derin bir sos tenceresine su ve margarini alıp karıştırarak kaynatın.', 'Üzerine unu ekleyip sürekli olarak karıştırarak dibine hamur yapışmaya başlayana kadar, yaklaşık 4-5 dakika pişirin. Dibi yapışmaya başlayan hamuru bir kaseye alın ve 15 dakika oda sıcaklığında soğutun.', 'Soğumuş olan hamurun üzerine her bir yumurtayı teker teker ekleyin ve her seferinde yumurtaları güzelce yedirerek yapışkan bir hamur elde edin. Bu hamuru varsa sıkma poşetine alın, daha kolay şekil vermek için yaklaşık 15 dakika daha dinlendirin.', 'Bekleyen hamurdan pişirme kağıdı serili fırın tepsisine aralarında biraz boşluk olacak şekilde ceviz büyüklüğünde toplar sıkın ya da kaşık yardımıyla dökün. Parmağınızın ucunu ıslatıp hamurların üzerindeki çıkıntıları düzeltin ve fırına alıp, piştiği süre boyunca kapağını hiç açmadan; yaklaşık 40 dakika pişirin.', 'Pişen profiteroller oda sıcaklığına geldikten sonra alt kısmından bıçakla delik açın ve hazırladığınız kremayı içine sıkın. Bunun yerine arasını kesip krema da doldurabilirsiniz.', 'Çikolata sosu için; küçük parçalara ayırdığınız bitter çikolatayı benmari usulü eritin. Üzerine krema ilave edip güzelce karıştırın. Hazırladığınız çikolata sosunu profiterollerin üzerine dökün.', 'Son olarak file Antep fıstığı gezdirip servis edin. Afiyet olsun!']",ÇİKOLATALI TATLI,239b56,/tarif/cikolatali-tatlilar/,"['Tatlı', 'Video', 'Dünya Mutfakları', 'Çikolatalı Tatlı']",['çay saati'],['Çay Saati'],['Fırın'],,False,2400,1800,2022-04-01T14:20:22Z,4.0,756116,6377,False,True,True,0,,0,,,,2014/11/profiterol-yemekcom2.jpg,0,0,https://cdn.yemek.com/mnresize/940/940/uploads/2014/11/profiterol-yemekcom2.jpg,940,940,False,https://cdn.yemek.com/mncrop/300/200/uploads/2014/11/profiterol-yemekcom2.jpg,300,200,True,https://cdn.yemek.com/mncrop/940/625/uploads/2014/11/profiterol-yemekcom2.jpg,940,625,True,https://cdn.yemek.com/mncrop/620/388/uploads/2014/11/profiterol-yemekcom2.jpg,620,388,True,https://cdn.yemek.com/mncrop/600/315/uploads/2014/11/profiterol-yemekcom2.jpg,600,315,True,,,,['Fransa'],,
1019,303,Ayşegül Uslu,https://cdn.yemek.com/author/409098/20230915055430_avatar.jpg,/profil/aysegulu/,Yağ Çekmez: Pişi,Pişi,/tarif/pisi/,15 dk,20 dk,"<p>Anadolu'nun pek çok noktasında kolaç, lokma, keçi ayağı, <a href=""https://yemek.com/tarif/hamur-kizartmasi/"" target=""_blank"">hamur kızartması</a> gibi isimlerle bilinen pişi, ailecek yapılan zengin sabah kahvaltıları için başarılı bir alternatif. Son yıllarda birçok kahvaltı mekanında da görebileceğiniz pişiyi evde de kolayca yapabilirsiniz. Üstelik kendisi sadece kahvaltılık olmakla kalmaz, yeri geldiğinde en lezzetli öğle yemeğine de, ara öğüne de dönüşebilir, <a href=""https://yemek.com/tarif/"" target=""_blank"">yemek tarifleri</a> içinde tam bir kurtarıcı olmasıyla bilinir.</p>
<p>Mayalı hamurla ne yapılır diyenlerin yardımına koşan bu pişiyi biz mayalayarak yaptık. Ama siz bekleme derdi olmasın, pratik olsun istiyorsanız şu <a href=""https://yemek.com/tarif/mayasiz-kolay-pisi/"" target=""_blank"">mayasız pişi</a> tarifimize de bakabilirsiniz. Hatta ve hatta <strong>karbonatlı pişi</strong> tarifimize <a href=""https://yemek.com/tarif/karbonatli-pisi/"" target=""_blank"">şuradan</a> ulaşabilir, farklı pişi çeşitleri içinse <a href=""https://yemek.com/pisi-tarifleri/"" target=""_blank"">şu içeriğimizden</a> yararlanabilirsiniz.</p>
<p>Peynir, zeytin, domates gibi <a href=""https://yemek.com/tarif/kahvaltiliklar/"" target=""_blank"">kahvaltılıklar</a>la da afiyet olur; reçel ya da çikolata ile nefis olur. Biz özellikle <a href=""https://yemek.com/tarif/incir-receli"" target=""_blank"">ev yapımı nefis incir reçeli</a> ile öneriyoruz.</p>
<p>Nefis <strong>pişi tarifi</strong>mizin videolu ve adım adım resimli anlatımı hemen aşağıda. Buyursunlar!</p>
",recipe,"['tuz', 'toz şeker', 'ayçiçek yağı', 'un', 'ılık su', 'yaş maya']","['Pişi tarifi için önce ılık su içerisinde 1 yemek kaşığı toz şeker ve 1/2 paket yaş mayayı çözdürün.', 'Karıştırdıktan sonra 10 dakika kadar dinlenmeye bırakın.', 'Dinlenen karışıma 3 su bardağı un\xa0ve tuzu harmanlayarak ekleyin ve karıştırmaya devam edin.', 'Kalan unu da azar azar ilave ederek bir yandan da yoğurmaya başlayın.', 'Hamuru 5-10 dakika kadar yoğurun.', 'Hamurun üzerini örtüp oda ısısında bir saat kadar mayalayın.', 'Mayalanan hamuru tezgaha alın ve ceviz büyüklüğünde parçalar koparıp yuvarlayın. Üzerilerine un serptikten sonra elinizle hafifçe bastırarak düzleştirin.', 'Tezgahta 10 dakika daha mayalandırdıktan sonra bir şişe kapağıyla\xa0ortalarına delikler açın. Bu sayede pişileriniz daha güzel kabaracaktır.', 'Geniş ve derin bir tavada sıvı yağı kızdırın. Pişileri yavaş yavaş yağa atarak arkalı önlü kızartın. Pişenleri\xa0fazla yağını bırakması için bir iki dakika havlu peçete üzerinde dinlendirin.', 'Pişi tarifi hazır. Afiyet olsun.']",KAHVALTILIK,239b56,/tarif/kahvaltiliklar/,"['Hamur İşi', 'Kahvaltılık', 'Çörek']","['ekonomik', 'kahvaltı', 'çay saati']","['Başlangıç', 'Kahvaltı', 'Çay Saati']",['Kızartma'],['Vejetaryen'],False,900,1200,2022-03-18T13:50:52Z,4.0,752213,4360,False,True,True,0,,0,,,,2019/05/pisi-asama-18.jpg,0,0,https://cdn.yemek.com/mnresize/940/940/uploads/2019/05/pisi-asama-18.jpg,940,940,False,https://cdn.yemek.com/mncrop/300/200/uploads/2019/05/pisi-asama-18.jpg,300,200,True,https://cdn.yemek.com/mncrop/940/625/uploads/2019/05/pisi-asama-18.jpg,940,625,True,https://cdn.yemek.com/mncrop/620/388/uploads/2019/05/pisi-asama-18.jpg,620,388,True,https://cdn.yemek.com/mncrop/600/315/uploads/2019/05/pisi-asama-18.jpg,600,315,True,,,,,,
1020,8439,ipeksare,https://cdn.yemek.com/author/262494/20200820091315_avatar.jpg,/profil/ipeksare/,Evde Taş Fırın Lezzetinde: Lahmacun,Lahmacun,/tarif/lahmacun/,30 dk,25 dk,"<p>Lahmacun, yemesi en keyifli, en çok sevdiğimiz <a href=""https://yemek.com/tarif"" target=""_blank"">yemek tariflerinin</a> başında geliyor. Ancak onu evde tıpkı dışarıda yediklerimiz kadar nefis bir şekilde hazırlamak da mümkün. Yanına bolca <a href=""https://yemek.com/tarif/sumakli-sogan-salatasi/"" target=""_blank"">sumaklı soğan</a>la servis etmelik nefis bir lahmacun yapalım hadi gelin. İhtiyacınız olan malzemeleri bir bir anlatıyoruz. <img src=""https://cdn.yemek.com/assets/images/smiley/smile.png"" class=""wp-smiley img-responsive"" /></p>
<p>Böylesine lezzetli, doyurucu bu lezzeti bu sefer evde yapmak için sıvadık kollarımızı. Hamurunu sevgi ile mayalandırdık ve işte karşınızda en güzel ve en kolay haliyle ev yapımı gerçek lahmacun <a href=""https://yemek.com/tarif/"" target=""_blank"">tarifi</a>! Bu tarifle keyifli hafta sonu sofralarınıza geleneksel bir dokunuş yapabilir, çıtır çıtır lahmacun hamurunun sesini evinizden eksik etmeyebilirsiniz. Bizden söylemesi...</p>
",recipe,"['biber salçası', 'tuz', 'tuz', 'pul biber', 'toz şeker', 'un', 'maydanoz', 'su', 'su', 'domates salçası', 'domates', 'yeşil biber', 'kırmızı biber', 'toz kırmızı biber', 'soğan', 'sıvı yağ', 'yağlı dana kıyma']","['Mutfak robotuna kırmızı biberleri, yeşil biberleri, soğanları ve domatesleri ilave edin.', 'Tamamen püre haline gelmeyecek şekilde çekin.', 'Maydanozları da ekleyin ve 10 saniye kadar daha çekin.', 'Domates salçası, biber salçası, sıvı yağ ve suyu ekleyin. Son olarak kıymayı ekleyerek güzelce yoğurun.Lahmacunun lezzetli olması için harcınızın cıvık bir kıvamda olması gerekir. Yeteri kadar cıvık bir kıvamda değilse, biraz su ekleyebilirsiniz.', 'Hazırladığınız harcı vaktiniz varsa bir süre buzdolabında dinlendirin.', 'Harcınız dinlenirken, hamurunuzu yapmaya başlayın.\xa0Suyu bir kaba dökün, üzerine tuz ve şekeri ilave ederek güzelce karıştırın. Azar azar da un ilave edin. Orta sertliğe ulaşana dek yoğurun.', 'Hamuru bir silindir haline getirip eşit parçalara bölün. Aynı büyüklükte lahmacunlar yapabilmek için hamurlarınızın ağırlığı da eşit olmalıdır. Bezeleri bir süre dinlenmeye bırakın.', 'Hazırladığınız bezeleri yemek tabağı büyüklüğünde açın. Mümkün olduğu kadar ince açmanız önemlidir. Bu sırada fırınınızı 250 derece fanlı ve alt-üst açık olacak şekilde açın. Güzelce ısıtın.', 'Açtığınız hamurların üzerine kıymalı harcı yayın. Fırının tabanına yağlı kağıt ile birlikte yerleştirin ve 7-10 dakika altı kızarana kadar pişirin.', 'Sumaklı soğan, maydanoz ve bol limonla servis edin.', 'Afiyet olsun!']",PİDE,239b56,/tarif/pide/,"['Hamur İşi', 'Pide', 'Video']","['pratik yemek tarifleri', 'ekonomik', 'başlangıç', 'ara öğün', 'akşam yemeği', 'öğle yemeği']","['Başlangıç', 'Öğle Yemeği', 'Akşam Yemeği']",['Fırın'],,False,1800,1500,2020-04-13T07:46:32Z,4.0,828058,5659,False,True,True,0,,0,,,,2020/04/lahmacun-yemekcom-1.jpg,0,0,https://cdn.yemek.com/mnresize/940/940/uploads/2020/04/lahmacun-yemekcom-1.jpg,940,940,False,https://cdn.yemek.com/mncrop/300/200/uploads/2020/04/lahmacun-yemekcom-1.jpg,300,200,True,https://cdn.yemek.com/mncrop/940/625/uploads/2020/04/lahmacun-yemekcom-1.jpg,940,625,True,https://cdn.yemek.com/mncrop/620/388/uploads/2020/04/lahmacun-yemekcom-1.jpg,620,388,True,https://cdn.yemek.com/mncrop/600/315/uploads/2020/04/lahmacun-yemekcom-1.jpg,600,315,True,['fırın'],,,,,
1021,78,Neşe Ümit Tan,https://cdn.yemek.com/author/208653/20190910030615_avatar.jpg,/profil/neseumit/,"Kokusu Mis, Dokusu Nefis: Limonlu Kek",Limonlu Kek,/tarif/limonlu-kek/,40 dk,15 dk,"<p>Limonlu kek kendine has aroması, buram buram mutfağı dolduran misler gibi kokusuyla en çok tercih edilen <a href=""https://yemek.com/tarif/kek/"" target=""_blank"">pratik kek tariflerinden</a> birisi. 10 dakikada fırına vermeye hazır kek harcıyla çat kapı gelen misafirleriniz için paha biçilemez <a href=""https://yemek.com/tarif/tatli-kek/"" target=""_blank"">tatlı kek tariflerinden</a> birisi olan limonlu kek, herkesin severek yiyeceği puf puf kabaran yumuş yumuş bir kek.</p>
<p>Büyükten küçüğe herkesin severek yiyeceği, hafif lezzetine ve yumuşaklığına bayılacağı bir <a href=""https://yemek.com/tarif/tatli/"" target=""_blank"">tatlı</a> kek tarifi bu. Deneyenlerin sizden tarifini isteyeceğinize eminiz! Fırınlar ısıtılsın, kek kalıpları meydana çıksın, bugün mutfakta limonlu kek pişecek! Şimdiden afiyetler olsun!</p>
",recipe,"['tereyağı', 'limon suyu', 'yumurta', 'toz şeker', 'rendelenmiş limon kabuğu', 'ayçiçek yağı', 'süt', 'un', 'kabartma tozu', 'vanilin']","['Yumurta ve toz şekeri, bir çırpıcı yardımıyla krema halini alana kadar çırpın.', 'Sırasıyla; süt, ayçiçek yağı ve limon suyunu ilave edip, 2 dakika daha çırpın.', 'Elenmiş un, kabartma tozu, vanilya ve rendelenmiş limon kabuğunu ekledikten sonra karıştırın.', 'Yağladığınız kek kalıbına harcı boşaltın ve eşit oranda kabarması için üzerini bir spatula yardımıyla düzeltin.Hazırladığınız limonlu keki, önceden ısıtılmış 170 derece fırında 40 dakika pişirin.', 'İçini çekmesi için keki dinlendirdikten sonra kalıbından çıkartın ve dilimleyerek servis edin. Sevdiklerinizle paylaşın.']",TATLI KEK,239b56,/tarif/tatli-kek/,"['Kek', 'Tatlı Kek', 'Mevsiminde']","['ekonomik', 'çay saati']",['Çay Saati'],['Fırın'],['Vejetaryen'],False,2400,900,2021-03-19T07:30:13Z,4.0,810627,4819,False,False,True,0,,0,,,,2020/01/limonlu-kek-tarifi-yeni-one-cikan.jpg,0,0,https://cdn.yemek.com/mnresize/940/940/uploads/2020/01/limonlu-kek-tarifi-yeni-one-cikan.jpg,940,940,False,https://cdn.yemek.com/mncrop/300/200/uploads/2020/01/limonlu-kek-tarifi-yeni-one-cikan.jpg,300,200,True,https://cdn.yemek.com/mncrop/940/625/uploads/2020/01/limonlu-kek-tarifi-yeni-one-cikan.jpg,940,625,True,https://cdn.yemek.com/mncrop/620/388/uploads/2020/01/limonlu-kek-tarifi-yeni-one-cikan.jpg,620,388,True,https://cdn.yemek.com/mncrop/600/315/uploads/2020/01/limonlu-kek-tarifi-yeni-one-cikan.jpg,600,315,True,['fırın'],,"['Ocak', 'Eylül']",,,
1022,130,Yasemin Özaltın,https://cdn.yemek.com/author/35533/20181219061403_avatar.jpg,/profil/yasemingursurer/,Dakikalar İçinde Sofrada: Mantarlı Tavuk Sote,Mantarlı Tavuk Sote,/tarif/mantarli-tavuk-sote/,20 dk,10 dk,"<p>Pratik ama bir o kadar da doyurucu, besleyici ve lezzetli bir <a href=""https://yemek.com/tarif/"" target=""_blank"">yemek tarifi</a> yapmak isteyenleri böyle alabilir miyiz? Sizin için nefis bir önerimiz var.</p>
<p>Mantar sote bu sefer <a href=""https://yemek.com/tarif/tavuk/"" target=""_blank"">tavuk</a>la buluşuyor ve besin değerini arttırıyor. <strong>Kısa sürede hazırlayabileceğiniz bu pratik tarifi</strong> <a href=""https://yemek.com/tarif/bulgur-pilavi/"" target=""_blank"">bulgur pilavı</a> ya da yeşil <a href=""https://yemek.com/tarif/salata/"" target=""_blank"">salata</a> ile tamamlayarak doyurucu bir öğün oluşturabilirsiniz. Tavuklu mantar sote için buyurun mutfağa!</p>
",recipe,"['tuz', 'kültür mantarı', 'zeytinyağı', 'kuşbaşı tavuk göğsü', 'domates', 'yeşil biber', 'taze çekilmiş renkli tane karabiber', 'kekik', 'kapya biber']","['3 yemek kaşığı zeytinyağını tavada kızdırın. 600 gram kuşbaşı doğranmış tavuk göğüslerini, suyunu salmaması için yüksek ateşte soteleyin.', 'Ardından 2 adet doğranmış yeşil ve kırmızı biberleri ekleyip sotelemeye devam edin.', '300 gram doğranmış mantarı da ekleyip, suyunu salıp çekene kadar, soteleme işlemini 10 dakika kadar sürdürün.', 'Son olarak; 1 adet kabukları soyulup doğranmış domates, 1 çay kaşığı tuz, 1 çay kaşığı çekilmiş tane karabiber ve 1 tatlı kaşığı kekiği de ekleyin.', '15 dakika kadar pişmeye bırakın.', 'Domatesler suyunu çektiğinde mantarlı tavuk soteniz hazır demektir. Afiyet olsun!']",TAVUK,239b56,/tarif/tavuk/,"['Tavuk', 'Ramazan', 'Video', 'Sulu Yemek']","['pratik yemek tarifleri', 'ekonomik', 'akşam yemeği', 'diyet', 'öğle yemeği']","['Öğle Yemeği', 'Akşam Yemeği']","['Tencere', 'Ocak']",['Bol Proteinli'],False,1200,600,2014-06-16T14:34:43Z,4.0,809161,9062,False,True,True,0,,0,,,,2014/06/mantarli-tavuk-sote-yemekcom.jpg,0,0,https://cdn.yemek.com/mnresize/940/940/uploads/2014/06/mantarli-tavuk-sote-yemekcom.jpg,940,940,False,https://cdn.yemek.com/mncrop/300/200/uploads/2014/06/mantarli-tavuk-sote-yemekcom.jpg,300,200,True,https://cdn.yemek.com/mncrop/940/625/uploads/2014/06/mantarli-tavuk-sote-yemekcom.jpg,940,625,True,https://cdn.yemek.com/mncrop/620/388/uploads/2014/06/mantarli-tavuk-sote-yemekcom.jpg,620,388,True,https://cdn.yemek.com/mncrop/600/315/uploads/2014/06/mantarli-tavuk-sote-yemekcom.jpg,600,315,True,"['tencere', 'bol proteinli', 'düşük kalorili']",,['Eylül'],,,
1023,442,Yasemin Özaltın,https://cdn.yemek.com/author/35533/20181219061403_avatar.jpg,/profil/yasemingursurer/,Katkı Maddesiz: Ev Yapımı Limonata,Ev Yapımı Limonata,/tarif/ev-yapimi-limonata/,20 dk,20 dk,"<p>Pratik bir şekilde, katkı maddesiz, buzdolabında serin serin muhafaza edilebilecek, ikramlık ev yapımı limonata hazırlamak çok zevkli.</p>
<p>Türk yemek sektöründe, restoranlarda, kafelerde yaz cemresidir limonata. Eskiden sadece tek başına içilen bir şeyken şimdilerde kolaya, ayrana ve hatta kahveye rakip olup <a href=""https://yemek.com/tarif/makarna/"" target=""_blank"">makarnanın</a>, <a href=""https://yemek.com/tarif/tavuk/"" target=""_blank"">tavuk yemeklerinin</a> ve hatta <a href=""https://yemek.com/tarif/et"" target=""_blank"">et yemeklerinin</a> yanında boy göstermeye başladı. Yazın en güzel şeylerinden biri limonata ve inanın birçok yemeğe de çok yakışıyor.</p>
<p>Ev yapımı gerçek limonata ise hiçbir mekanın size aynı lezzette yardımcı olamayacağı kadar güzel. İnsanın aklına babaanne evinde klasik sürahi içinde içilen günleri getirecek kadar nostaljik. Daha bacak kadarken doğum günü pastasının yanında içilecek kadar duygusal. İyi ki var.</p>
<p>Bu kadar konuştuktan sonra buzlukta da saklanabilecek, kolay mı kolay, portakalsız limonata tarifini yapmamak, serinlememek, ferahlamamak olmaz.</p>
<p>Ev yapımı limonata nasıl yapılır? diyenler haydi mutfağa.</p>
",recipe,"['nane', 'toz şeker', 'limon', 'buz', 'içme suyu']","['Bol suda yıkadığınız 10 adet limonun, kabuklarını rendenin kalın tarafıyla rendeleyin. Beyaz kısımlarını almamaya özen gösterin.', 'Kabuğu rendelenmiş dört adet limonu ortadan ikiye kesin ve suyunu sıkın. Kalan limonları küçük parçalar halinde dilimleyin.', '2 su bardağı toz şeker ve taze sıkılmış limonların suyunu karıştırın.', 'Rendelenmiş limon kabuklarını, limon parçaları ve ayıkladığınız 1 demet nane yapraklarının yarısını da ekledikten sonra şeker tamamen eriyip, tüm limonların suyu çıkana kadar yoğurun.', 'Nane yapraklarını da ekleyin.', 'Özünün çıkması için bu karışımı tel bir süzgeç yardımıyla\xa0bir kaseye süzün.', '5 su bardağı içme suyunu ekledikten sonra limonatayı buzdolabında soğutun.', '2 su bardağı buz ilavesiyle karıştırdıktan sonra\xa0 keyfini çıkararak için. Afiyet olsun!']",İÇECEK,239b56,/tarif/icecekler/,"['İçecek', 'Video', 'Mevsiminde']","['pratik yemek tarifleri', 'ekonomik', 'ara öğün', 'çay saati']","['Ara Öğün', 'Çay Saati']",,['Ekonomik'],False,1200,1200,2021-03-25T06:00:50Z,4.0,786118,3534,False,True,True,0,,0,,,,2014/08/ev-yapimi-limonata-yemekcom.jpg,0,0,https://cdn.yemek.com/mnresize/940/940/uploads/2014/08/ev-yapimi-limonata-yemekcom.jpg,940,940,False,https://cdn.yemek.com/mncrop/300/200/uploads/2014/08/ev-yapimi-limonata-yemekcom.jpg,300,200,True,https://cdn.yemek.com/mncrop/940/625/uploads/2014/08/ev-yapimi-limonata-yemekcom.jpg,940,625,True,https://cdn.yemek.com/mncrop/620/388/uploads/2014/08/ev-yapimi-limonata-yemekcom.jpg,620,388,True,https://cdn.yemek.com/mncrop/600/315/uploads/2014/08/ev-yapimi-limonata-yemekcom.jpg,600,315,True,,,"['Haziran', 'Temmuz', 'Ağustos', 'Eylül']",,,
1024,3233,Yasemin Özaltın,https://cdn.yemek.com/author/35533/20181219061403_avatar.jpg,/profil/yasemingursurer/,"Yumuşacık, Sulu Sulu Pişer: Tavuk Sote",Tavuk Sote,/tarif/tavuk-sote/,25 dk,15 dk,"<p><a href=""https://yemek.com/tarif/"" target=""_blank"">Yemek tariflerinin</a> en sevilenlerinden tavuk sote tarifinde zaman önemli. Aslına bakarsanız sote işlemi de uzun lafın kısası bir pişirme yöntemi. Kızgın tavada, yüksek ateş üzerinde alt üst edilen sebze ve et karışımları renk, doku ve tatlarını kaybetmeden kısa sürede pişiyor. Etler sertleşmiyor, sebzeler kurumuyor. Size de pratik ve kolay bir yöntemle hazırlanan bu <a href=""https://yemek.com/tarif/tavuk/"" target=""_blank"">tavuk tarifinin</a> keyfini ağız tadıyla çıkartmak düşüyor.</p>
<p>Tavada sote edilen yiyeceklerin sık sık sallanarak karıştırılması da ayrı bir konu. Et ve sebzelerin küçük ve birbirine yakın boyutlarda kesilmesi öneriliyor. Kullanılan etlerin olabildiğine körpe ve sinirsiz, baharatlarla önceden tatlandırılmış olması gerekiyor.</p>
<p>Teknik detayları bir kenara bıraktığımızda, pratik ve lezzetli tarifler arasında ilk üçe girebileceğini de söyleyebiliriz tavuk sote için (<a href=""https://yemek.com/tarif/sebzeli-tavuk-sote/"" target=""_blank"">sebzeli tavuk sote</a> ve <a href=""https://yemek.com/tarif/mantarli-tavuk-sote/"" target=""_blank"">mantarlı tavuk sote</a> için de aynı şekilde!). Pilava eşlik eder, yoğurtla anlaşır, salata onu sever, misafir gelse masada olur. Evde tek başına olsan, seni yalnız bırakmaz.</p>
<p>Bu kadar bilginin üzerine kolay ve lezzetli tavuk sote tarifini hak ettik sanırız. Adım adım resimli anlatımı ve videosuyla karşınızda tavuk sote!</p>
",recipe,"['tuz', 'pul biber', 'karabiber', 'yeşil biber', 'kırmızı biber', 'tavuk göğsü', 'kuru nane', 'soğan', 'doğranmış domates', 'sıvı yağ']","['Tavanın içerisine 2 yemek kaşığı sıvı yağı alın ve üzerine 300 gram kuşbaşı doğranmış tavuğu ilave ederek yüksek ateşte soteleyin.', 'Pişen tavukların üzerine 1 adet doğranmış soğanı ilave ederek sotelemeye devam edin.\xa0 1', 'adet doğranmış yeşil biber ve yarım adet doğranmış kapya biberi de ekleyin.', '1 adet doğranmış domatesi de tavanın içerisine aktarın.', 'Biraz suyunu çektikten sonra sırasıyla birer çay kaşığı tuz, karabiber, pul biber ve kuru nane ilave ederek güzelce karıştırın.', 'İyice pişince tavuk sotenizi ocaktan alın ve servis edin. Afiyet olsun!']",TAVUK,239b56,/tarif/tavuk/,"['Tavuk', 'Ramazan', 'Video']","['pratik yemek tarifleri', 'ekonomik', 'akşam yemeği', 'öğle yemeği']","['Öğle Yemeği', 'Akşam Yemeği']","['Tencere', 'Ocak']","['Ekonomik', 'Glutensiz', 'Bol Proteinli', 'Düşük Kalorili']",False,1500,900,2015-08-17T14:19:38Z,4.0,783975,5977,False,True,True,0,,0,,,,2015/08/tavuk-sote-yemekcom.jpg,0,0,https://cdn.yemek.com/mnresize/940/940/uploads/2015/08/tavuk-sote-yemekcom.jpg,940,940,False,https://cdn.yemek.com/mncrop/300/200/uploads/2015/08/tavuk-sote-yemekcom.jpg,300,200,True,https://cdn.yemek.com/mncrop/940/625/uploads/2015/08/tavuk-sote-yemekcom.jpg,940,625,True,https://cdn.yemek.com/mncrop/620/388/uploads/2015/08/tavuk-sote-yemekcom.jpg,620,388,True,https://cdn.yemek.com/mncrop/600/315/uploads/2015/08/tavuk-sote-yemekcom.jpg,600,315,True,['bol proteinli'],,,,,
1025,131,Yasemin Özaltın,https://cdn.yemek.com/author/35533/20181219061403_avatar.jpg,/profil/yasemingursurer/,Lezzet Sırlarıyla: Lazanya,Lazanya,/tarif/lazanya/,25 dk,20 dk,"<p>Lazanya, köken itibarıyla <a href=""https://yemek.com/italyan-tarifleri/"">İtalyan</a> olmasa da damak zevkimize uygunluğuyla neredeyse artık bizden biri.</p>
<p>Lazanya, <a href=""https://yemek.com/tarif/makarna/"" target=""_blank"">makarna</a> hamuruyla yapılan, plaka halinde paketlenen, genellikle <a href=""https://yemek.com/tarif/bolonez-sos/"" target=""_blank"">bolonez sosu</a> ile birlikte fırında pişirilen <strong>İtalyan mutfağına ait</strong> nefis bir lezzet. %100 ev yapımı yapmak isterseniz de lazanya hamurunuzu evinizde de hazırlayabilirsiniz: <a href=""https://yemek.com/lazanya-hamuru-nasil-yapilir/"" target=""_blank"">Lazanya Hamuru Nasıl Yapılır?</a></p>
<p>Bu nefis lezzet bizim damak tadımıza çok yakın bir lezzet olunca onu çok sevdik ve her yediğimizde bayıldık. İçine biraz sevgimizi, biraz da elimizin lezzetini, damak zevkimizi kattık. Umarız lazanya tarifimiz sizin de favoriniz olur.</p>
",recipe,"['tereyağı', 'tereyağı', 'tuz', 'ayçiçek yağı', 'un', 'karabiber', 'karabiber', 'rendelenmiş kaşar peyniri', 'havuç', 'orta yağlı kıyma', 'defne yaprağı', 'soğuk süt', 'rendelenmiş muskat cevizi', 'rendelenmiş domates', 'soğan', 'bezelye', 'lazanya yaprağı', 'ezilmiş sarımsak']","['Lazanya tarifi için ayçiçek yağını ve tereyağı bir tavada kızdırın. Doğranmış soğanları 3- 4 dakika kadar kavurun.\xa0Üzerine havuçları ekleyip 3-4 dakika daha kavurmaya devam edin.', 'Kavrulan havuç ve soğanların üzerine kıymayı ekleyin ve suyunu salıp çekene kadar kavurun.', 'Sarımsak, tuz ve karabiberi ekleyin. Son olarak rendelenmiş domates ve defne yaprağını ekleyip harcı pişmeye bırakın.', 'Domates, suyunu biraz çektikten sonra içerisine bezelyeyi de ekleyin ve iç harcını pişirmeye devam edin.', 'Tüm malzemeler güzelce pişince iç harcınız hazır.', 'Beşamel sosu hazırlamak için; tereyağını sos tenceresinde eritin. Unu, kokusu çıkıp renk alana kadar kavurun.', 'Kavrulan una soğuk sütü ekleyin ve bir çırpıcı yardımıyla sürekli karıştırarak pişirin. Pişmeyen lazanya yaprakları kullandığınızda, normale göre beşamel sosunuzu daha sıvı olması gerekir. Bu yüzden çok kıvamlı olmamasına özen gösterin.', 'Karabiber ve rendelenmiş muskat cevizini ekledikten sonra ocaktan alın.', 'Fırın kabının tabanına biraz beşamel sos ve iç harçtan yayıp lazanya yapraklarını dizin.', 'Sırasıyla; kıymalı harç, beşamel sos ve\xa0 bir parça rendelenmiş kaşar peyniri ekleyin.', 'Lazanyanın en üst katı için beşamel sos ve rendelenmiş kaşar peyniri ayırdıktan sonra bu işlemi sırasıyla tüm lazanya yaprakları için tekrarlayın.', 'Kalan beşamel sos ve rendelenmiş kaşar peyniri ile lazanyanın üzerini kaplayın. Önceden ısıtılmış 180 derece fırında 20-25 dakika pişirin. Pişirme süresi fırından fırına değişiklik gösterebilir. Piştiğinden emin olana kadar kontrollü olarak pişirin.', 'Fırından çıkan lazanyayı dilimledikten sonra ılık olarak servis edin. Sevdiklerinizle paylaşın.']",MAKARNA,239b56,/tarif/makarna/,"['Makarna', 'Video', 'Dünya Mutfakları']","['seksi tarifler', 'ekonomik', 'akşam yemeği', 'öğle yemeği']","['Öğle Yemeği', 'Akşam Yemeği']",['Fırın'],['Bol Proteinli'],False,1500,1200,2022-04-13T06:49:48Z,4.0,781532,6296,False,True,True,0,,0,,,,2014/06/lazanya-ytk-yemekcom.jpg,0,0,https://cdn.yemek.com/mnresize/940/940/uploads/2014/06/lazanya-ytk-yemekcom.jpg,940,940,False,https://cdn.yemek.com/mncrop/300/200/uploads/2014/06/lazanya-ytk-yemekcom.jpg,300,200,True,https://cdn.yemek.com/mncrop/940/625/uploads/2014/06/lazanya-ytk-yemekcom.jpg,940,625,True,https://cdn.yemek.com/mncrop/620/388/uploads/2014/06/lazanya-ytk-yemekcom.jpg,620,388,True,https://cdn.yemek.com/mncrop/600/315/uploads/2014/06/lazanya-ytk-yemekcom.jpg,600,315,True,"['tencere', 'fırın']",,,['İtalya'],,
1026,955,Yasemin Özaltın,https://cdn.yemek.com/author/35533/20181219061403_avatar.jpg,/profil/yasemingursurer/,Orijinal Tarif: Trileçe,Trileçe,/tarif/trilece/,35 dk,30 dk,"<p>Orijinalinde üç süt karışımının kullanıldığı <a href=""https://yemek.com/tarif/sutlu-tatlilar/"" target=""_blank"" rel=""noopener"">sütlü</a> <a href=""https://yemek.com/tarif/serbetli-tatlilar/"" target=""_blank"" rel=""noopener"">şerbet</a> ile hazırlanan trileçe (tirileçe), hafifliği ve sünger dokusuna sahip <a href=""https://yemek.com/tarif/pandispanya/"" target=""_blank"" rel=""noopener"">pandispanya</a> <a href=""https://yemek.com/tarif/kek/"" target=""_blank"" rel=""noopener"">kek</a>iyle şöhreti kısa sürede dilden dile yayılan enfes bir <a href=""https://yemek.com/tarif/tatli/"" target=""_blank"" rel=""noopener"">tatlı tarifi</a>. Traliçe, triliçe ya da trilece diye telaffuz edenler olsa da tatlının doğru yazımı trileçe. Trileçe hangi ülkeye ait sorusunun cevabını da verelim. Meksika'da yaygınlaşan ve tüm dünyaya yayılan bir sütlü tatlı aslında trileçe. <strong>Balkan ülkelerinde de çok sevilen tatlı</strong>, hafif olmasıyla ülkemizde de pek seviliyor.</p>
<p>Çeşitli sos ve kremalarla servis edilen versiyonlarını yerinde yiyebileceğiniz gibi gerçek trileçe tarifini ev sıcaklığında hazırlayıp, sevdiklerinizle paylaşabilirsiniz. Biz bu sefer oyumuzu karamelli orijinal trileçe tarifinden yana kullandık; ama siz farklı soslarla da onu deneyebilirsiniz. Tarifimizin içinde karamel <a href=""https://yemek.com/tarif/sos/"" target=""_blank"" rel=""noopener"">sos</a>unun tarifini de bulabileceksiniz.</p>
<p>Malzemeleriyle <strong>en kolay trileçe tarifleri</strong>nden biri olan bu <a href=""https://yemek.com/tarif/"" target=""_blank"" rel=""noopener"">tarifi</a> hemen denemek isteyeceksiniz.</p>
<p>O zaman haydi mutfağa, <strong>trileçe tatlısı</strong> yapıyoruz!</p>",recipe,"['tereyağı', 'toz şeker', 'toz şeker', 'toz şeker', 'un', 'kabartma tozu', 'krema', 'manda sütü', 'inek sütü', 'büyük boy yumurta', 'vanilin', 'keçi sütü']","['<p>Trileçe için derin bir karıştırma kasesinin içerisine yumurta ve şekeri ekleyip, şekerler eriyene ve karışımın rengi açılıp, krema kıvamına gelene kadar çırpın.</p>', '<p>Un, kabartma tozu ve vanilini yumurtalı karışımın içerisine eleyerek ekleyin.</p>', '<p>Spatula yardımıyla kuru malzemelerin sıvı malzemelerle birleşmesi için altan üstte doğru sürekli olarak karıştırın. Güzelce karışmış olan kek harcını yağlanmış fırın kabınıza dökün ve üzerini düzeltin.</p>', '<p>Trileçenin pandispanyasını önce 170 derece ısıtılmış fırında 10 dakika pişirin. 10 dakika sonunda fırın ısısını 150 dereceye indirip 20-25 dakika kadar pişirin.\xa0Pişen pandispanyayı oda sıcaklığında soğumaya bırakın ve üzerine kürdan yardımıyla delikler açın.</p>', '<p>Sütlü şerbeti için; inek sütü, manda sütü ve keçi sütünü tencereye alın. Şekerini de ekleyip eriyene kadar karıştırın. Kaynamaya başladıktan sonra ocağın altını kapatın ve ılımaya bırakın.</p>', '<p>Karameli için; ayrı bir sos tenceresinde toz şekeri kontrollü olarak eritin. Üzerine tereyağını ekleyin. Fokurdamaya başlayan tereyağlı şekerin üzerine\xa0kremayı ekleyin ve karıştırıp ocaktan alın, soğumaya bırakın.</p>', '<p>Oda sıcaklığında soğumuş olan trileçe pandispanyasının üzerine ılık sütlü şerbeti ekleyin ve sütü iyice çektikten sonra buzdolabında soğumaya bırakın.</p>', '<p>Bu esnada 1 paket krem şanti hazırlayın. Soğumuş olan kekinizin üzerine ince bir tabaka halinde krem şantiyi yayın.</p>', '<p>Hazırlamış olduğunuz karameli de üzerine güzelce yayın.</p>', '<p>Ardından dilimleyin ve soğuk olarak servis edin. Afiyetler olsun!</p>']",SÜTLÜ TATLI,239b56,/tarif/sutlu-tatlilar/,"['Tatlı', 'Ramazan', 'Sütlü Tatlı', 'Video']",,['Çay Saati'],['Fırın'],,False,2100,1800,2021-03-22T05:01:53Z,4.0,767271,3972,False,True,True,0,,0,,,,2014/11/trilece-ytk-site.jpg,0,0,https://cdn.yemek.com/mnresize/940/940/uploads/2014/11/trilece-ytk-site.jpg,940,940,False,https://cdn.yemek.com/mncrop/300/200/uploads/2014/11/trilece-ytk-site.jpg,300,200,True,https://cdn.yemek.com/mncrop/940/625/uploads/2014/11/trilece-ytk-site.jpg,940,625,True,https://cdn.yemek.com/mncrop/620/388/uploads/2014/11/trilece-ytk-site.jpg,620,388,True,https://cdn.yemek.com/mncrop/600/315/uploads/2014/11/trilece-ytk-site.jpg,600,315,True,,,,,,
1027,2518,Yasemin Özaltın,https://cdn.yemek.com/author/35533/20181219061403_avatar.jpg,/profil/yasemingursurer/,Onsuz Olmaz: Bulgur Pilavı,Bulgur Pilavı,/tarif/bulgur-pilavi/,20 dk,10 dk,"<p>Herkesin <a href=""https://yemek.com/tarif/domatesli-bulgur-pilavi/"" target=""_blank"">bulgur pilavı</a> tarifi ufak da olsa farklılıklar gösteriyor. Kimi içine domates biber koyarken, kimi sade, kimi tel şehriyeli hazırlıyor. Sulu yemeklerin sevdalısı, yoğurt ve salatalık turşusuna anlam katan bulgur pilavını özüyle sözüyle sade olarak hazırlıyor, soframızın baş köşesine alıyoruz. Bulgur pilavı, <a href=""https://yemek.com/tarif/pilav/"" target=""_blank"">pilav tarifleri</a> arasında en çok sevilenlerden de biri. Şöyle tane tane döküleni de pek makbul. Bu domatesli bulgur pilavı tarifi çok klasik bir tarif olsa da bir de bizim tarifimizle deneyin deriz. Karşınızda tüm püf noktalarıyla enfes bulgur pilavı tarifimiz!</p>
<p>En klasik bulgur pilavı diyoruz ama yanına <a href=""https://yemek.com/tarif/bezelye-yemegi/"" target=""_blank"">bezelye</a> pişiresimiz, karşısına yoğurdu alasımız, belki de bir çoban salatayla masayı şenlendiresimiz var. Pek de güzel yiyesimiz var sonra. Her <a href=""https://yemek.com/tarif/"" target=""_blank"">yemek tarifinin</a> yanına çok yakışan, doyurucu, enfes mi enfes salçalı bulgur pilav tarifimize buyurun.</p>
<p>Bulgur pilavının ölçüsünden adım adım yapılışına kıvamı tam tutan, ölçüleri hiç şaşmayan bulgur pilavı tarifi karşınızda.</p>
<p>Haydi girin mutfağa, bize eşlik edin. Afiyetler olsun.</p>
<p>Not: ""Ben bulgur pilavı çeşitlerini görmek istiyorum."" diyenler için yeşil mercimekli bulgur pilavı tarifini <a href=""https://yemek.com/tarif/mercimekli-bulgur-pilavi/"" target=""_blank"">şuraya</a>, sade bulgur pilavı tarifini <a href=""https://yemek.com/tarif/sade-bulgur-pilavi/"" target=""_blank"">buraya</a>, domatesli bulgur pilavını da tam <a href=""https://yemek.com/tarif/domatesli-bulgur-pilavi/"" target=""_blank"">şuraya</a> bırakalım. Afiyet olsun!</p>
",recipe,"['kuru soğan', 'biber salçası', 'tereyağı', 'tuz', 'pul biber', 'sarımsak', 'su', 'zeytinyağı', 'karabiber', 'domates salçası', 'domates', 'yeşil biber', 'kekik', 'pilavlık bulgur']","['Birer yemek kaşığı tereyağı ve zeytinyağını bir pilav tenceresinde\xa0kızdırın. Üzerine soğanları ilave edin.', '2 adet yemeklik doğranmış kuru soğanı da tencereye ekleyin ve pembeleşinceye kadar kavurun.\xa01 adet ezilmiş sarımsak ve 2 adet doğranmış yeşil biberi de ekleyin ve kavurun.', '1 yemek kaşığı domates salçası ve yarım yemek kaşığı biber salçasını da ekleyip kokusu çıkana kadar kavurun.', 'Sonra 2 su bardağı pilavlık bulguru ekleyin.', ""Baharat olarak 1'er çay kaşığı tuz, karabiber, pul biber ve 1 tatlı kaşığı kekik ilave edin."", '2 adet rendelenmiş domatesi ilave edin.', '4 su bardağı su ekledikten sonra tencerenin kapağını kapatıp pişmeye bırakın.', 'Bulgurlar göz göz olup suyunu çektiğinde\xa0ocağın altını kapatın.', 'Pilavınızın altını kapatın ve dinlenmeye bırakın.', 'Bulgur pilavınız hazır, afiyet olsun!']",PİLAV,239b56,/tarif/pilav/,"['Ramazan', 'Pilav', 'Video', 'Bakliyat']","['pratik yemek tarifleri', 'akşam yemeği', 'öğle yemeği']","['Öğle Yemeği', 'Akşam Yemeği']",['Tencere'],['Vejetaryen'],False,1200,600,2021-03-23T08:12:32Z,4.0,763827,6496,False,True,True,0,,0,,,,2015/05/bulgur-pilavi-yemekcom.jpg,0,0,https://cdn.yemek.com/mnresize/940/940/uploads/2015/05/bulgur-pilavi-yemekcom.jpg,940,940,False,https://cdn.yemek.com/mncrop/300/200/uploads/2015/05/bulgur-pilavi-yemekcom.jpg,300,200,True,https://cdn.yemek.com/mncrop/940/625/uploads/2015/05/bulgur-pilavi-yemekcom.jpg,940,625,True,https://cdn.yemek.com/mncrop/620/388/uploads/2015/05/bulgur-pilavi-yemekcom.jpg,620,388,True,https://cdn.yemek.com/mncrop/600/315/uploads/2015/05/bulgur-pilavi-yemekcom.jpg,600,315,True,"['tencere', 'düşük karbonhidratlı']",,,,,
1028,1021,Yasemin Özaltın,https://cdn.yemek.com/author/35533/20181219061403_avatar.jpg,/profil/yasemingursurer/,Kıvamı Mükemmel: Terbiyeli Tavuk Çorbası,Terbiyeli Tavuk Çorbası,/tarif/terbiyeli-tavuk-corbasi/,30 dk,20 dk,"<p><a href=""https://yemek.com/tarif/tavuk-suyu-corbasi/"" target=""_blank"">Tavuk suyu</a>nun soğuk algınlığı ve grip başta olmak üzere tüm hastalıklara karşı savaştığı ve vücut direncini artırdığı artık hepimiz biliyoruz. Hastalıklar bir türlü bitmezken <a href=""https://yemek.com/tarif/corba/"" target=""_blank"">çorba</a> tarifleri de işte bu noktada kurtarıcımız oluyor. Krema eklemeye gerek kalmadan terbiyeli karışımı ile leziz ve pratik bir şekilde hazırlanan terbiyeli <a href=""https://yemek.com/tarif/tavuk-corbasi/"" target=""_blank"">tavuk çorbası</a> size iyi gelecek.</p>
<p>Arzuya göre terbiyeli tavuk çorbasına şehriye ekleyerek doyuruculuğunu arttırabilirsiniz. Domates salçası ve şehriye eklenmiş <a href=""https://yemek.com/tarif/sehriyeli-tavuk-suyu-corba/"" target=""_blank"">şehriyeli tavuk çorbası</a> da çok nefis oluyor bizden söylemesi, mutlaka deneyin. Afiyet olsun!</p>
",recipe,"['tuz', 'un', 'su', 'yoğurt', 'yumurta sarısı', 'defne yaprağı', 'tel şehriye', 'nane (arzuya göre)', 'tavuk but']","['Derin bir tencerede, kalçalı budu, 2 adet defne yaprağı, yarım tatlı kaşığı tuz ve 2 litre su ile birlikte haşlayın.', 'Çorbanın terbiyesi için; 1 su bardağı yoğurdu, 1,5 yemek kaşığı unu, 1 adet yumurta sarısını, 1 çay kaşığı tuzu ve yarım limon suyunu bir kaba aktarın.', 'Pürüzsüz bir kıvam alana kadar çırpın.', 'Tenceredeki tavuk haşlandıktan sonra tavuğu ve defne yapraklarını içerisinden alın ve tavukları ince olacak şekilde didikleyin.', 'Tavuğun haşlanan suyundan 1 kepe alıp hazırladığınız terbiyeye yavaş yavaş dökün ve suyun sıcaklığı ile eşitleyin.', 'Sıcaklık eşitlendikten sonra tüm terbiye karışımını çorba tenceresine aktarın.', '1 çay bardağı tel şehriye ve didiklediğiniz tavukları da üzerine\xa0katın ve çorbayı 10 dakika kadar kısık ateşte, aralarda karıştırarak pişirmeye devam edin.', 'Kıvam alan terbiyeli tavuk çorbasını nane ve pulbiber ile süsledikten sonra sıcak olarak servis edin.\xa0Afiyet olsun!']",ÇORBA,,/tarif/corba/,"['Çorba', 'Tavuk', 'Ramazan', 'Video']","['pratik yemek tarifleri', 'ekonomik', 'başlangıç', 'akşam yemeği', 'öğle yemeği']",['Başlangıç'],['Tencere'],,False,1800,1200,2022-07-27T15:20:02Z,4.0,763555,5356,False,True,True,0,,0,,,,2014/11/terbiyeli-tavuk-corbasi-yemekcom.jpg,0,0,https://cdn.yemek.com/mnresize/940/940/uploads/2014/11/terbiyeli-tavuk-corbasi-yemekcom.jpg,940,940,False,https://cdn.yemek.com/mncrop/300/200/uploads/2014/11/terbiyeli-tavuk-corbasi-yemekcom.jpg,300,200,True,https://cdn.yemek.com/mncrop/940/625/uploads/2014/11/terbiyeli-tavuk-corbasi-yemekcom.jpg,940,625,True,https://cdn.yemek.com/mncrop/620/388/uploads/2014/11/terbiyeli-tavuk-corbasi-yemekcom.jpg,620,388,True,https://cdn.yemek.com/mncrop/600/315/uploads/2014/11/terbiyeli-tavuk-corbasi-yemekcom.jpg,600,315,True,"['tencere', 'bol proteinli']",greenLight,,,,
1029,877,Yasemin Özaltın,https://cdn.yemek.com/author/35533/20181219061403_avatar.jpg,/profil/yasemingursurer/,Dışarıdakilerden Çok Daha Nefis: Profiterol,Profiterol,/tarif/profiterol/,40 dk,30 dk,"<p>Çikolata tutkunlarını mutlu edecek nefis bir <a href=""https://yemek.com/tarif/tatli"" target=""_blank"">tatlı</a> olan profiterolu bu tarifle yapmak çok kolay!</p>
<p><strong>Pataşu</strong> ya da <a href=""https://yemek.com/tarif/su-hamuru/"" target=""_blank"">şu hamuru</a> olarak da bilinen, hamurları fırında puf gibi kabartıp içlerini dolduracak kremayı sabırsızlıkla beklerken, bir yandan bitter çikolatalı sosunu hazırlıyoruz. Kaşık kaşık yemek isteyeceğiniz profiterol tarifini; ince çekilmiş fındık, fıstık, ceviz içi ve muz gibi meyve dilimleriyle süsleyip daha da lezzetli hale getirebilirsiniz. Pastanelerde yemeye alışkın olduğunuz bu enfes tatlıyı evinize taşıyarak nefis mi nefis bir profiterol tarifi hazırlıyoruz. Üstelik bu <a href=""https://yemek.com/tarif/"" target=""_blank"">yemek tarifinin</a> yapımı da sandığınız kadar zor değil.</p>
<p>Kökeninin <strong>Fransız mutfağı</strong> olan profiterol, yapımı biraz zahmetli gibi görünse de sevdiklerinizi ve kendinizi ödüllendirmenin çok iyi bir yolu. <strong>Profiterol hamuru</strong>nu da profiterol kremasını da tarifimizde anlatacağımız resimli adımlarla bir bir uyguladığınızda nefis sonuçlar elde edeceğinize eminiz. Şimdiden ellerinize sağlık diyor ve sizi kolay profiterol tatlısı tarifimize buyur ediyoruz.</p>
",recipe,"['yumurta', 'yumurta', 'toz şeker', 'süt', 'un', 'un', 'su', 'krema', 'margarin', 'bitter çikolata', 'vanilin']","['Kremasını hazırlamak için; bir sos tenceresine süt, toz şeker, un ve yumurtayı ekleyip orta ateşte koyu bir kıvam alana kadar sürekli olarak karıştırın.', 'Koyulaşan kremaya vanilin ilave edip karıştırın, ocaktan alın ve oda sıcaklığına geldikten sonra sıkma poşetine doldurup, en az 1 saat buzdolabında bekletin.', 'Profiterol hamuru için; öncelikle fırını 180 dereceye ayarlayın. Derin bir sos tenceresine su ve margarini alıp karıştırarak kaynatın.', 'Üzerine unu ekleyip sürekli olarak karıştırarak dibine hamur yapışmaya başlayana kadar, yaklaşık 4-5 dakika pişirin. Dibi yapışmaya başlayan hamuru bir kaseye alın ve 15 dakika oda sıcaklığında soğutun.', 'Soğumuş olan hamurun üzerine her bir yumurtayı teker teker ekleyin ve her seferinde yumurtaları güzelce yedirerek yapışkan bir hamur elde edin. Bu hamuru varsa sıkma poşetine alın, daha kolay şekil vermek için yaklaşık 15 dakika daha dinlendirin.', 'Bekleyen hamurdan pişirme kağıdı serili fırın tepsisine aralarında biraz boşluk olacak şekilde ceviz büyüklüğünde toplar sıkın ya da kaşık yardımıyla dökün. Parmağınızın ucunu ıslatıp hamurların üzerindeki çıkıntıları düzeltin ve fırına alıp, piştiği süre boyunca kapağını hiç açmadan; yaklaşık 40 dakika pişirin.', 'Pişen profiteroller oda sıcaklığına geldikten sonra alt kısmından bıçakla delik açın ve hazırladığınız kremayı içine sıkın. Bunun yerine arasını kesip krema da doldurabilirsiniz.', 'Çikolata sosu için; küçük parçalara ayırdığınız bitter çikolatayı benmari usulü eritin. Üzerine krema ilave edip güzelce karıştırın. Hazırladığınız çikolata sosunu profiterollerin üzerine dökün.', 'Son olarak file Antep fıstığı gezdirip servis edin. Afiyet olsun!']",ÇİKOLATALI TATLI,239b56,/tarif/cikolatali-tatlilar/,"['Tatlı', 'Video', 'Dünya Mutfakları', 'Çikolatalı Tatlı']",['çay saati'],['Çay Saati'],['Fırın'],,False,2400,1800,2022-04-01T14:20:22Z,4.0,756116,6377,False,True,True,0,,0,,,,2014/11/profiterol-yemekcom2.jpg,0,0,https://cdn.yemek.com/mnresize/940/940/uploads/2014/11/profiterol-yemekcom2.jpg,940,940,False,https://cdn.yemek.com/mncrop/300/200/uploads/2014/11/profiterol-yemekcom2.jpg,300,200,True,https://cdn.yemek.com/mncrop/940/625/uploads/2014/11/profiterol-yemekcom2.jpg,940,625,True,https://cdn.yemek.com/mncrop/620/388/uploads/2014/11/profiterol-yemekcom2.jpg,620,388,True,https://cdn.yemek.com/mncrop/600/315/uploads/2014/11/profiterol-yemekcom2.jpg,600,315,True,,,,['Fransa'],,
1030,303,Ayşegül Uslu,https://cdn.yemek.com/author/409098/20230915055430_avatar.jpg,/profil/aysegulu/,Yağ Çekmez: Pişi,Pişi,/tarif/pisi/,15 dk,20 dk,"<p>Anadolu'nun pek çok noktasında kolaç, lokma, keçi ayağı, <a href=""https://yemek.com/tarif/hamur-kizartmasi/"" target=""_blank"">hamur kızartması</a> gibi isimlerle bilinen pişi, ailecek yapılan zengin sabah kahvaltıları için başarılı bir alternatif. Son yıllarda birçok kahvaltı mekanında da görebileceğiniz pişiyi evde de kolayca yapabilirsiniz. Üstelik kendisi sadece kahvaltılık olmakla kalmaz, yeri geldiğinde en lezzetli öğle yemeğine de, ara öğüne de dönüşebilir, <a href=""https://yemek.com/tarif/"" target=""_blank"">yemek tarifleri</a> içinde tam bir kurtarıcı olmasıyla bilinir.</p>
<p>Mayalı hamurla ne yapılır diyenlerin yardımına koşan bu pişiyi biz mayalayarak yaptık. Ama siz bekleme derdi olmasın, pratik olsun istiyorsanız şu <a href=""https://yemek.com/tarif/mayasiz-kolay-pisi/"" target=""_blank"">mayasız pişi</a> tarifimize de bakabilirsiniz. Hatta ve hatta <strong>karbonatlı pişi</strong> tarifimize <a href=""https://yemek.com/tarif/karbonatli-pisi/"" target=""_blank"">şuradan</a> ulaşabilir, farklı pişi çeşitleri içinse <a href=""https://yemek.com/pisi-tarifleri/"" target=""_blank"">şu içeriğimizden</a> yararlanabilirsiniz.</p>
<p>Peynir, zeytin, domates gibi <a href=""https://yemek.com/tarif/kahvaltiliklar/"" target=""_blank"">kahvaltılıklar</a>la da afiyet olur; reçel ya da çikolata ile nefis olur. Biz özellikle <a href=""https://yemek.com/tarif/incir-receli"" target=""_blank"">ev yapımı nefis incir reçeli</a> ile öneriyoruz.</p>
<p>Nefis <strong>pişi tarifi</strong>mizin videolu ve adım adım resimli anlatımı hemen aşağıda. Buyursunlar!</p>
",recipe,"['tuz', 'toz şeker', 'ayçiçek yağı', 'un', 'ılık su', 'yaş maya']","['Pişi tarifi için önce ılık su içerisinde 1 yemek kaşığı toz şeker ve 1/2 paket yaş mayayı çözdürün.', 'Karıştırdıktan sonra 10 dakika kadar dinlenmeye bırakın.', 'Dinlenen karışıma 3 su bardağı un\xa0ve tuzu harmanlayarak ekleyin ve karıştırmaya devam edin.', 'Kalan unu da azar azar ilave ederek bir yandan da yoğurmaya başlayın.', 'Hamuru 5-10 dakika kadar yoğurun.', 'Hamurun üzerini örtüp oda ısısında bir saat kadar mayalayın.', 'Mayalanan hamuru tezgaha alın ve ceviz büyüklüğünde parçalar koparıp yuvarlayın. Üzerilerine un serptikten sonra elinizle hafifçe bastırarak düzleştirin.', 'Tezgahta 10 dakika daha mayalandırdıktan sonra bir şişe kapağıyla\xa0ortalarına delikler açın. Bu sayede pişileriniz daha güzel kabaracaktır.', 'Geniş ve derin bir tavada sıvı yağı kızdırın. Pişileri yavaş yavaş yağa atarak arkalı önlü kızartın. Pişenleri\xa0fazla yağını bırakması için bir iki dakika havlu peçete üzerinde dinlendirin.', 'Pişi tarifi hazır. Afiyet olsun.']",KAHVALTILIK,239b56,/tarif/kahvaltiliklar/,"['Hamur İşi', 'Kahvaltılık', 'Çörek']","['ekonomik', 'kahvaltı', 'çay saati']","['Başlangıç', 'Kahvaltı', 'Çay Saati']",['Kızartma'],['Vejetaryen'],False,900,1200,2022-03-18T13:50:52Z,4.0,752213,4360,False,True,True,0,,0,,,,2019/05/pisi-asama-18.jpg,0,0,https://cdn.yemek.com/mnresize/940/940/uploads/2019/05/pisi-asama-18.jpg,940,940,False,https://cdn.yemek.com/mncrop/300/200/uploads/2019/05/pisi-asama-18.jpg,300,200,True,https://cdn.yemek.com/mncrop/940/625/uploads/2019/05/pisi-asama-18.jpg,940,625,True,https://cdn.yemek.com/mncrop/620/388/uploads/2019/05/pisi-asama-18.jpg,620,388,True,https://cdn.yemek.com/mncrop/600/315/uploads/2019/05/pisi-asama-18.jpg,600,315,True,,,,,,
1031,1793,Ayşegül Uslu,https://cdn.yemek.com/author/409098/20230915055430_avatar.jpg,/profil/aysegulu/,Tüm Sırlarıyla: Kazandibi,Kazandibi,/tarif/kazandibi/,35 dk,15 dk,"<p>İçinde haşlanmış ve çok çok ince dizilmiş <a href=""https://yemek.com/tarif/tavuk/"" target=""_blank"">tavuk</a> eti katılan versiyonlarının da olduğu esmer <a href=""https://yemek.com/tarif/sutlu-tatlilar/"" target=""_blank"">sütlü tatlı</a> kazandibini pratik bir şekilde hazırlamaya ve afiyetle yemeye var mısınız? Tavuk göğsüne kazandibi tarifinde yer vermedik çünkü, onun gerçek bir <a href=""https://yemek.com/tarif/tavuk-gogsu/"" target=""_blank"">tavuk göğsü tatlısı</a>na daha çok yakıştığını düşünmekteyiz.</p>
<p>Şimdi sizi şöyle mutfağa doğru alalım ve tatlıcılarda yemeye alıştığınız kazandibini evde nasıl <a href=""https://yemek.com/tarif/tatli/"" target=""_blank"">tatlı</a> tatlı, lezzetli lezzetli yapabileceğinizi anlatalım.</p>
",recipe,"['tereyağı', 'toz şeker', 'süt', 'vanilya', 'pudra şekeri', 'buğday nişastası', 'pirinç unu']","['Sübyesi için; bir kasede\xa02 su bardağı sütü,\xa0yarım bardak toz şekeri, buğday nişastasını ve pirinç unu karıştırın. Topak kalmayana kadar çırpıcı yardımıyla çırpın.', 'Geniş bir tencereye kalan 5 su bardağı sütü ve 1 su bardağı şekeri ilave edin. Bir taşım kaynatın. Kaynayan süte yavaş yavaş sübyeyi ilave ederek sürekli karıştırın. Ocağı kısık ateşe getirerek, sürekli karıştırarak muhallebi kıvamına gelene kadar pişirin.', 'Muhallebi koyulaşıp göz göz olduğunda ocaktan alın ve vanilyayı ilave edip tekrar karıştırın. Oda sıcaklığında soğumaya bırakın.', 'Köşeli bir borcamı tereyağıyla yağlayın ve üzerine eşit olacak şekilde pudra şekerini eleyin.', 'Tepsiyi ocak üzerinde çevire çevire karışımı yakın. Tüm şeker eriyip karamelize olunca, tepsinin dibine muhallebiden ince bir kat sürün ve bir tur da muhallebiyle birlikte yakın.', 'Yakma işlemi bittiğinde kalan muhallebiyi de tepsiye dökün. Üzerini bir spatula yardımıyla düzeltin.', 'Buzdolabına kaldırıp kıvam alması için soğuttuğunuz tatlıyı, ince uzun dilimlere ayırın\xa0ve spatula yardımıyla kıvırarak rulo şeklinde sarın.\xa0Ev yapımı mis kokulu kazandibiniz hazır, afiyet olsun!']",SÜTLÜ TATLI,239b56,/tarif/sutlu-tatlilar/,"['Tatlı', 'Ramazan', 'Sütlü Tatlı', 'Video']","['ekonomik', 'ara öğün']",['Çay Saati'],['Tencere'],['Ekonomik'],False,2100,900,2021-08-17T07:30:14Z,4.0,750751,3376,False,True,True,0,,0,,,,2021/08/kazandibi-yemekcom.jpg,0,0,https://cdn.yemek.com/mnresize/940/940/uploads/2021/08/kazandibi-yemekcom.jpg,940,940,False,https://cdn.yemek.com/mncrop/300/200/uploads/2021/08/kazandibi-yemekcom.jpg,300,200,True,https://cdn.yemek.com/mncrop/940/625/uploads/2021/08/kazandibi-yemekcom.jpg,940,625,True,https://cdn.yemek.com/mncrop/620/388/uploads/2021/08/kazandibi-yemekcom.jpg,620,388,True,https://cdn.yemek.com/mncrop/600/315/uploads/2021/08/kazandibi-yemekcom.jpg,600,315,True,"['vejetaryen', 'glutensiz']",,,,,
1032,78,Neşe Ümit Tan,https://cdn.yemek.com/author/208653/20190910030615_avatar.jpg,/profil/neseumit/,"Kokusu Mis, Dokusu Nefis: Limonlu Kek",Limonlu Kek,/tarif/limonlu-kek/,40 dk,15 dk,"<p>Limonlu kek kendine has aroması, buram buram mutfağı dolduran misler gibi kokusuyla en çok tercih edilen <a href=""https://yemek.com/tarif/kek/"" target=""_blank"">pratik kek tariflerinden</a> birisi. 10 dakikada fırına vermeye hazır kek harcıyla çat kapı gelen misafirleriniz için paha biçilemez <a href=""https://yemek.com/tarif/tatli-kek/"" target=""_blank"">tatlı kek tariflerinden</a> birisi olan limonlu kek, herkesin severek yiyeceği puf puf kabaran yumuş yumuş bir kek.</p>
<p>Büyükten küçüğe herkesin severek yiyeceği, hafif lezzetine ve yumuşaklığına bayılacağı bir <a href=""https://yemek.com/tarif/tatli/"" target=""_blank"">tatlı</a> kek tarifi bu. Deneyenlerin sizden tarifini isteyeceğinize eminiz! Fırınlar ısıtılsın, kek kalıpları meydana çıksın, bugün mutfakta limonlu kek pişecek! Şimdiden afiyetler olsun!</p>
",recipe,"['tereyağı', 'limon suyu', 'yumurta', 'toz şeker', 'rendelenmiş limon kabuğu', 'ayçiçek yağı', 'süt', 'un', 'kabartma tozu', 'vanilin']","['Yumurta ve toz şekeri, bir çırpıcı yardımıyla krema halini alana kadar çırpın.', 'Sırasıyla; süt, ayçiçek yağı ve limon suyunu ilave edip, 2 dakika daha çırpın.', 'Elenmiş un, kabartma tozu, vanilya ve rendelenmiş limon kabuğunu ekledikten sonra karıştırın.', 'Yağladığınız kek kalıbına harcı boşaltın ve eşit oranda kabarması için üzerini bir spatula yardımıyla düzeltin.Hazırladığınız limonlu keki, önceden ısıtılmış 170 derece fırında 40 dakika pişirin.', 'İçini çekmesi için keki dinlendirdikten sonra kalıbından çıkartın ve dilimleyerek servis edin. Sevdiklerinizle paylaşın.']",TATLI KEK,239b56,/tarif/tatli-kek/,"['Kek', 'Tatlı Kek', 'Mevsiminde']","['ekonomik', 'çay saati']",['Çay Saati'],['Fırın'],['Vejetaryen'],False,2400,900,2021-03-19T07:30:13Z,4.0,810627,4819,False,False,True,0,,0,,,,2020/01/limonlu-kek-tarifi-yeni-one-cikan.jpg,0,0,https://cdn.yemek.com/mnresize/940/940/uploads/2020/01/limonlu-kek-tarifi-yeni-one-cikan.jpg,940,940,False,https://cdn.yemek.com/mncrop/300/200/uploads/2020/01/limonlu-kek-tarifi-yeni-one-cikan.jpg,300,200,True,https://cdn.yemek.com/mncrop/940/625/uploads/2020/01/limonlu-kek-tarifi-yeni-one-cikan.jpg,940,625,True,https://cdn.yemek.com/mncrop/620/388/uploads/2020/01/limonlu-kek-tarifi-yeni-one-cikan.jpg,620,388,True,https://cdn.yemek.com/mncrop/600/315/uploads/2020/01/limonlu-kek-tarifi-yeni-one-cikan.jpg,600,315,True,['fırın'],,"['Ocak', 'Eylül']",,,
1033,130,Yasemin Özaltın,https://cdn.yemek.com/author/35533/20181219061403_avatar.jpg,/profil/yasemingursurer/,Dakikalar İçinde Sofrada: Mantarlı Tavuk Sote,Mantarlı Tavuk Sote,/tarif/mantarli-tavuk-sote/,20 dk,10 dk,"<p>Pratik ama bir o kadar da doyurucu, besleyici ve lezzetli bir <a href=""https://yemek.com/tarif/"" target=""_blank"">yemek tarifi</a> yapmak isteyenleri böyle alabilir miyiz? Sizin için nefis bir önerimiz var.</p>
<p>Mantar sote bu sefer <a href=""https://yemek.com/tarif/tavuk/"" target=""_blank"">tavuk</a>la buluşuyor ve besin değerini arttırıyor. <strong>Kısa sürede hazırlayabileceğiniz bu pratik tarifi</strong> <a href=""https://yemek.com/tarif/bulgur-pilavi/"" target=""_blank"">bulgur pilavı</a> ya da yeşil <a href=""https://yemek.com/tarif/salata/"" target=""_blank"">salata</a> ile tamamlayarak doyurucu bir öğün oluşturabilirsiniz. Tavuklu mantar sote için buyurun mutfağa!</p>
",recipe,"['tuz', 'kültür mantarı', 'zeytinyağı', 'kuşbaşı tavuk göğsü', 'domates', 'yeşil biber', 'taze çekilmiş renkli tane karabiber', 'kekik', 'kapya biber']","['3 yemek kaşığı zeytinyağını tavada kızdırın. 600 gram kuşbaşı doğranmış tavuk göğüslerini, suyunu salmaması için yüksek ateşte soteleyin.', 'Ardından 2 adet doğranmış yeşil ve kırmızı biberleri ekleyip sotelemeye devam edin.', '300 gram doğranmış mantarı da ekleyip, suyunu salıp çekene kadar, soteleme işlemini 10 dakika kadar sürdürün.', 'Son olarak; 1 adet kabukları soyulup doğranmış domates, 1 çay kaşığı tuz, 1 çay kaşığı çekilmiş tane karabiber ve 1 tatlı kaşığı kekiği de ekleyin.', '15 dakika kadar pişmeye bırakın.', 'Domatesler suyunu çektiğinde mantarlı tavuk soteniz hazır demektir. Afiyet olsun!']",TAVUK,239b56,/tarif/tavuk/,"['Tavuk', 'Ramazan', 'Video', 'Sulu Yemek']","['pratik yemek tarifleri', 'ekonomik', 'akşam yemeği', 'diyet', 'öğle yemeği']","['Öğle Yemeği', 'Akşam Yemeği']","['Tencere', 'Ocak']",['Bol Proteinli'],False,1200,600,2014-06-16T14:34:43Z,4.0,809161,9062,False,True,True,0,,0,,,,2014/06/mantarli-tavuk-sote-yemekcom.jpg,0,0,https://cdn.yemek.com/mnresize/940/940/uploads/2014/06/mantarli-tavuk-sote-yemekcom.jpg,940,940,False,https://cdn.yemek.com/mncrop/300/200/uploads/2014/06/mantarli-tavuk-sote-yemekcom.jpg,300,200,True,https://cdn.yemek.com/mncrop/940/625/uploads/2014/06/mantarli-tavuk-sote-yemekcom.jpg,940,625,True,https://cdn.yemek.com/mncrop/620/388/uploads/2014/06/mantarli-tavuk-sote-yemekcom.jpg,620,388,True,https://cdn.yemek.com/mncrop/600/315/uploads/2014/06/mantarli-tavuk-sote-yemekcom.jpg,600,315,True,"['tencere', 'bol proteinli', 'düşük kalorili']",,['Eylül'],,,
1034,442,Yasemin Özaltın,https://cdn.yemek.com/author/35533/20181219061403_avatar.jpg,/profil/yasemingursurer/,Katkı Maddesiz: Ev Yapımı Limonata,Ev Yapımı Limonata,/tarif/ev-yapimi-limonata/,20 dk,20 dk,"<p>Pratik bir şekilde, katkı maddesiz, buzdolabında serin serin muhafaza edilebilecek, ikramlık ev yapımı limonata hazırlamak çok zevkli.</p>
<p>Türk yemek sektöründe, restoranlarda, kafelerde yaz cemresidir limonata. Eskiden sadece tek başına içilen bir şeyken şimdilerde kolaya, ayrana ve hatta kahveye rakip olup <a href=""https://yemek.com/tarif/makarna/"" target=""_blank"">makarnanın</a>, <a href=""https://yemek.com/tarif/tavuk/"" target=""_blank"">tavuk yemeklerinin</a> ve hatta <a href=""https://yemek.com/tarif/et"" target=""_blank"">et yemeklerinin</a> yanında boy göstermeye başladı. Yazın en güzel şeylerinden biri limonata ve inanın birçok yemeğe de çok yakışıyor.</p>
<p>Ev yapımı gerçek limonata ise hiçbir mekanın size aynı lezzette yardımcı olamayacağı kadar güzel. İnsanın aklına babaanne evinde klasik sürahi içinde içilen günleri getirecek kadar nostaljik. Daha bacak kadarken doğum günü pastasının yanında içilecek kadar duygusal. İyi ki var.</p>
<p>Bu kadar konuştuktan sonra buzlukta da saklanabilecek, kolay mı kolay, portakalsız limonata tarifini yapmamak, serinlememek, ferahlamamak olmaz.</p>
<p>Ev yapımı limonata nasıl yapılır? diyenler haydi mutfağa.</p>
",recipe,"['nane', 'toz şeker', 'limon', 'buz', 'içme suyu']","['Bol suda yıkadığınız 10 adet limonun, kabuklarını rendenin kalın tarafıyla rendeleyin. Beyaz kısımlarını almamaya özen gösterin.', 'Kabuğu rendelenmiş dört adet limonu ortadan ikiye kesin ve suyunu sıkın. Kalan limonları küçük parçalar halinde dilimleyin.', '2 su bardağı toz şeker ve taze sıkılmış limonların suyunu karıştırın.', 'Rendelenmiş limon kabuklarını, limon parçaları ve ayıkladığınız 1 demet nane yapraklarının yarısını da ekledikten sonra şeker tamamen eriyip, tüm limonların suyu çıkana kadar yoğurun.', 'Nane yapraklarını da ekleyin.', 'Özünün çıkması için bu karışımı tel bir süzgeç yardımıyla\xa0bir kaseye süzün.', '5 su bardağı içme suyunu ekledikten sonra limonatayı buzdolabında soğutun.', '2 su bardağı buz ilavesiyle karıştırdıktan sonra\xa0 keyfini çıkararak için. Afiyet olsun!']",İÇECEK,239b56,/tarif/icecekler/,"['İçecek', 'Video', 'Mevsiminde']","['pratik yemek tarifleri', 'ekonomik', 'ara öğün', 'çay saati']","['Ara Öğün', 'Çay Saati']",,['Ekonomik'],False,1200,1200,2021-03-25T06:00:50Z,4.0,786118,3534,False,True,True,0,,0,,,,2014/08/ev-yapimi-limonata-yemekcom.jpg,0,0,https://cdn.yemek.com/mnresize/940/940/uploads/2014/08/ev-yapimi-limonata-yemekcom.jpg,940,940,False,https://cdn.yemek.com/mncrop/300/200/uploads/2014/08/ev-yapimi-limonata-yemekcom.jpg,300,200,True,https://cdn.yemek.com/mncrop/940/625/uploads/2014/08/ev-yapimi-limonata-yemekcom.jpg,940,625,True,https://cdn.yemek.com/mncrop/620/388/uploads/2014/08/ev-yapimi-limonata-yemekcom.jpg,620,388,True,https://cdn.yemek.com/mncrop/600/315/uploads/2014/08/ev-yapimi-limonata-yemekcom.jpg,600,315,True,,,"['Haziran', 'Temmuz', 'Ağustos', 'Eylül']",,,
1035,3233,Yasemin Özaltın,https://cdn.yemek.com/author/35533/20181219061403_avatar.jpg,/profil/yasemingursurer/,"Yumuşacık, Sulu Sulu Pişer: Tavuk Sote",Tavuk Sote,/tarif/tavuk-sote/,25 dk,15 dk,"<p><a href=""https://yemek.com/tarif/"" target=""_blank"">Yemek tariflerinin</a> en sevilenlerinden tavuk sote tarifinde zaman önemli. Aslına bakarsanız sote işlemi de uzun lafın kısası bir pişirme yöntemi. Kızgın tavada, yüksek ateş üzerinde alt üst edilen sebze ve et karışımları renk, doku ve tatlarını kaybetmeden kısa sürede pişiyor. Etler sertleşmiyor, sebzeler kurumuyor. Size de pratik ve kolay bir yöntemle hazırlanan bu <a href=""https://yemek.com/tarif/tavuk/"" target=""_blank"">tavuk tarifinin</a> keyfini ağız tadıyla çıkartmak düşüyor.</p>
<p>Tavada sote edilen yiyeceklerin sık sık sallanarak karıştırılması da ayrı bir konu. Et ve sebzelerin küçük ve birbirine yakın boyutlarda kesilmesi öneriliyor. Kullanılan etlerin olabildiğine körpe ve sinirsiz, baharatlarla önceden tatlandırılmış olması gerekiyor.</p>
<p>Teknik detayları bir kenara bıraktığımızda, pratik ve lezzetli tarifler arasında ilk üçe girebileceğini de söyleyebiliriz tavuk sote için (<a href=""https://yemek.com/tarif/sebzeli-tavuk-sote/"" target=""_blank"">sebzeli tavuk sote</a> ve <a href=""https://yemek.com/tarif/mantarli-tavuk-sote/"" target=""_blank"">mantarlı tavuk sote</a> için de aynı şekilde!). Pilava eşlik eder, yoğurtla anlaşır, salata onu sever, misafir gelse masada olur. Evde tek başına olsan, seni yalnız bırakmaz.</p>
<p>Bu kadar bilginin üzerine kolay ve lezzetli tavuk sote tarifini hak ettik sanırız. Adım adım resimli anlatımı ve videosuyla karşınızda tavuk sote!</p>
",recipe,"['tuz', 'pul biber', 'karabiber', 'yeşil biber', 'kırmızı biber', 'tavuk göğsü', 'kuru nane', 'soğan', 'doğranmış domates', 'sıvı yağ']","['Tavanın içerisine 2 yemek kaşığı sıvı yağı alın ve üzerine 300 gram kuşbaşı doğranmış tavuğu ilave ederek yüksek ateşte soteleyin.', 'Pişen tavukların üzerine 1 adet doğranmış soğanı ilave ederek sotelemeye devam edin.\xa0 1', 'adet doğranmış yeşil biber ve yarım adet doğranmış kapya biberi de ekleyin.', '1 adet doğranmış domatesi de tavanın içerisine aktarın.', 'Biraz suyunu çektikten sonra sırasıyla birer çay kaşığı tuz, karabiber, pul biber ve kuru nane ilave ederek güzelce karıştırın.', 'İyice pişince tavuk sotenizi ocaktan alın ve servis edin. Afiyet olsun!']",TAVUK,239b56,/tarif/tavuk/,"['Tavuk', 'Ramazan', 'Video']","['pratik yemek tarifleri', 'ekonomik', 'akşam yemeği', 'öğle yemeği']","['Öğle Yemeği', 'Akşam Yemeği']","['Tencere', 'Ocak']","['Ekonomik', 'Glutensiz', 'Bol Proteinli', 'Düşük Kalorili']",False,1500,900,2015-08-17T14:19:38Z,4.0,783975,5977,False,True,True,0,,0,,,,2015/08/tavuk-sote-yemekcom.jpg,0,0,https://cdn.yemek.com/mnresize/940/940/uploads/2015/08/tavuk-sote-yemekcom.jpg,940,940,False,https://cdn.yemek.com/mncrop/300/200/uploads/2015/08/tavuk-sote-yemekcom.jpg,300,200,True,https://cdn.yemek.com/mncrop/940/625/uploads/2015/08/tavuk-sote-yemekcom.jpg,940,625,True,https://cdn.yemek.com/mncrop/620/388/uploads/2015/08/tavuk-sote-yemekcom.jpg,620,388,True,https://cdn.yemek.com/mncrop/600/315/uploads/2015/08/tavuk-sote-yemekcom.jpg,600,315,True,['bol proteinli'],,,,,
1036,131,Yasemin Özaltın,https://cdn.yemek.com/author/35533/20181219061403_avatar.jpg,/profil/yasemingursurer/,Lezzet Sırlarıyla: Lazanya,Lazanya,/tarif/lazanya/,25 dk,20 dk,"<p>Lazanya, köken itibarıyla <a href=""https://yemek.com/italyan-tarifleri/"">İtalyan</a> olmasa da damak zevkimize uygunluğuyla neredeyse artık bizden biri.</p>
<p>Lazanya, <a href=""https://yemek.com/tarif/makarna/"" target=""_blank"">makarna</a> hamuruyla yapılan, plaka halinde paketlenen, genellikle <a href=""https://yemek.com/tarif/bolonez-sos/"" target=""_blank"">bolonez sosu</a> ile birlikte fırında pişirilen <strong>İtalyan mutfağına ait</strong> nefis bir lezzet. %100 ev yapımı yapmak isterseniz de lazanya hamurunuzu evinizde de hazırlayabilirsiniz: <a href=""https://yemek.com/lazanya-hamuru-nasil-yapilir/"" target=""_blank"">Lazanya Hamuru Nasıl Yapılır?</a></p>
<p>Bu nefis lezzet bizim damak tadımıza çok yakın bir lezzet olunca onu çok sevdik ve her yediğimizde bayıldık. İçine biraz sevgimizi, biraz da elimizin lezzetini, damak zevkimizi kattık. Umarız lazanya tarifimiz sizin de favoriniz olur.</p>
",recipe,"['tereyağı', 'tereyağı', 'tuz', 'ayçiçek yağı', 'un', 'karabiber', 'karabiber', 'rendelenmiş kaşar peyniri', 'havuç', 'orta yağlı kıyma', 'defne yaprağı', 'soğuk süt', 'rendelenmiş muskat cevizi', 'rendelenmiş domates', 'soğan', 'bezelye', 'lazanya yaprağı', 'ezilmiş sarımsak']","['Lazanya tarifi için ayçiçek yağını ve tereyağı bir tavada kızdırın. Doğranmış soğanları 3- 4 dakika kadar kavurun.\xa0Üzerine havuçları ekleyip 3-4 dakika daha kavurmaya devam edin.', 'Kavrulan havuç ve soğanların üzerine kıymayı ekleyin ve suyunu salıp çekene kadar kavurun.', 'Sarımsak, tuz ve karabiberi ekleyin. Son olarak rendelenmiş domates ve defne yaprağını ekleyip harcı pişmeye bırakın.', 'Domates, suyunu biraz çektikten sonra içerisine bezelyeyi de ekleyin ve iç harcını pişirmeye devam edin.', 'Tüm malzemeler güzelce pişince iç harcınız hazır.', 'Beşamel sosu hazırlamak için; tereyağını sos tenceresinde eritin. Unu, kokusu çıkıp renk alana kadar kavurun.', 'Kavrulan una soğuk sütü ekleyin ve bir çırpıcı yardımıyla sürekli karıştırarak pişirin. Pişmeyen lazanya yaprakları kullandığınızda, normale göre beşamel sosunuzu daha sıvı olması gerekir. Bu yüzden çok kıvamlı olmamasına özen gösterin.', 'Karabiber ve rendelenmiş muskat cevizini ekledikten sonra ocaktan alın.', 'Fırın kabının tabanına biraz beşamel sos ve iç harçtan yayıp lazanya yapraklarını dizin.', 'Sırasıyla; kıymalı harç, beşamel sos ve\xa0 bir parça rendelenmiş kaşar peyniri ekleyin.', 'Lazanyanın en üst katı için beşamel sos ve rendelenmiş kaşar peyniri ayırdıktan sonra bu işlemi sırasıyla tüm lazanya yaprakları için tekrarlayın.', 'Kalan beşamel sos ve rendelenmiş kaşar peyniri ile lazanyanın üzerini kaplayın. Önceden ısıtılmış 180 derece fırında 20-25 dakika pişirin. Pişirme süresi fırından fırına değişiklik gösterebilir. Piştiğinden emin olana kadar kontrollü olarak pişirin.', 'Fırından çıkan lazanyayı dilimledikten sonra ılık olarak servis edin. Sevdiklerinizle paylaşın.']",MAKARNA,239b56,/tarif/makarna/,"['Makarna', 'Video', 'Dünya Mutfakları']","['seksi tarifler', 'ekonomik', 'akşam yemeği', 'öğle yemeği']","['Öğle Yemeği', 'Akşam Yemeği']",['Fırın'],['Bol Proteinli'],False,1500,1200,2022-04-13T06:49:48Z,4.0,781532,6296,False,True,True,0,,0,,,,2014/06/lazanya-ytk-yemekcom.jpg,0,0,https://cdn.yemek.com/mnresize/940/940/uploads/2014/06/lazanya-ytk-yemekcom.jpg,940,940,False,https://cdn.yemek.com/mncrop/300/200/uploads/2014/06/lazanya-ytk-yemekcom.jpg,300,200,True,https://cdn.yemek.com/mncrop/940/625/uploads/2014/06/lazanya-ytk-yemekcom.jpg,940,625,True,https://cdn.yemek.com/mncrop/620/388/uploads/2014/06/lazanya-ytk-yemekcom.jpg,620,388,True,https://cdn.yemek.com/mncrop/600/315/uploads/2014/06/lazanya-ytk-yemekcom.jpg,600,315,True,"['tencere', 'fırın']",,,['İtalya'],,
1037,955,Yasemin Özaltın,https://cdn.yemek.com/author/35533/20181219061403_avatar.jpg,/profil/yasemingursurer/,Orijinal Tarif: Trileçe,Trileçe,/tarif/trilece/,35 dk,30 dk,"<p>Orijinalinde üç süt karışımının kullanıldığı <a href=""https://yemek.com/tarif/sutlu-tatlilar/"" target=""_blank"" rel=""noopener"">sütlü</a> <a href=""https://yemek.com/tarif/serbetli-tatlilar/"" target=""_blank"" rel=""noopener"">şerbet</a> ile hazırlanan trileçe (tirileçe), hafifliği ve sünger dokusuna sahip <a href=""https://yemek.com/tarif/pandispanya/"" target=""_blank"" rel=""noopener"">pandispanya</a> <a href=""https://yemek.com/tarif/kek/"" target=""_blank"" rel=""noopener"">kek</a>iyle şöhreti kısa sürede dilden dile yayılan enfes bir <a href=""https://yemek.com/tarif/tatli/"" target=""_blank"" rel=""noopener"">tatlı tarifi</a>. Traliçe, triliçe ya da trilece diye telaffuz edenler olsa da tatlının doğru yazımı trileçe. Trileçe hangi ülkeye ait sorusunun cevabını da verelim. Meksika'da yaygınlaşan ve tüm dünyaya yayılan bir sütlü tatlı aslında trileçe. <strong>Balkan ülkelerinde de çok sevilen tatlı</strong>, hafif olmasıyla ülkemizde de pek seviliyor.</p>
<p>Çeşitli sos ve kremalarla servis edilen versiyonlarını yerinde yiyebileceğiniz gibi gerçek trileçe tarifini ev sıcaklığında hazırlayıp, sevdiklerinizle paylaşabilirsiniz. Biz bu sefer oyumuzu karamelli orijinal trileçe tarifinden yana kullandık; ama siz farklı soslarla da onu deneyebilirsiniz. Tarifimizin içinde karamel <a href=""https://yemek.com/tarif/sos/"" target=""_blank"" rel=""noopener"">sos</a>unun tarifini de bulabileceksiniz.</p>
<p>Malzemeleriyle <strong>en kolay trileçe tarifleri</strong>nden biri olan bu <a href=""https://yemek.com/tarif/"" target=""_blank"" rel=""noopener"">tarifi</a> hemen denemek isteyeceksiniz.</p>
<p>O zaman haydi mutfağa, <strong>trileçe tatlısı</strong> yapıyoruz!</p>",recipe,"['tereyağı', 'toz şeker', 'toz şeker', 'toz şeker', 'un', 'kabartma tozu', 'krema', 'manda sütü', 'inek sütü', 'büyük boy yumurta', 'vanilin', 'keçi sütü']","['<p>Trileçe için derin bir karıştırma kasesinin içerisine yumurta ve şekeri ekleyip, şekerler eriyene ve karışımın rengi açılıp, krema kıvamına gelene kadar çırpın.</p>', '<p>Un, kabartma tozu ve vanilini yumurtalı karışımın içerisine eleyerek ekleyin.</p>', '<p>Spatula yardımıyla kuru malzemelerin sıvı malzemelerle birleşmesi için altan üstte doğru sürekli olarak karıştırın. Güzelce karışmış olan kek harcını yağlanmış fırın kabınıza dökün ve üzerini düzeltin.</p>', '<p>Trileçenin pandispanyasını önce 170 derece ısıtılmış fırında 10 dakika pişirin. 10 dakika sonunda fırın ısısını 150 dereceye indirip 20-25 dakika kadar pişirin.\xa0Pişen pandispanyayı oda sıcaklığında soğumaya bırakın ve üzerine kürdan yardımıyla delikler açın.</p>', '<p>Sütlü şerbeti için; inek sütü, manda sütü ve keçi sütünü tencereye alın. Şekerini de ekleyip eriyene kadar karıştırın. Kaynamaya başladıktan sonra ocağın altını kapatın ve ılımaya bırakın.</p>', '<p>Karameli için; ayrı bir sos tenceresinde toz şekeri kontrollü olarak eritin. Üzerine tereyağını ekleyin. Fokurdamaya başlayan tereyağlı şekerin üzerine\xa0kremayı ekleyin ve karıştırıp ocaktan alın, soğumaya bırakın.</p>', '<p>Oda sıcaklığında soğumuş olan trileçe pandispanyasının üzerine ılık sütlü şerbeti ekleyin ve sütü iyice çektikten sonra buzdolabında soğumaya bırakın.</p>', '<p>Bu esnada 1 paket krem şanti hazırlayın. Soğumuş olan kekinizin üzerine ince bir tabaka halinde krem şantiyi yayın.</p>', '<p>Hazırlamış olduğunuz karameli de üzerine güzelce yayın.</p>', '<p>Ardından dilimleyin ve soğuk olarak servis edin. Afiyetler olsun!</p>']",SÜTLÜ TATLI,239b56,/tarif/sutlu-tatlilar/,"['Tatlı', 'Ramazan', 'Sütlü Tatlı', 'Video']",,['Çay Saati'],['Fırın'],,False,2100,1800,2021-03-22T05:01:53Z,4.0,767271,3972,False,True,True,0,,0,,,,2014/11/trilece-ytk-site.jpg,0,0,https://cdn.yemek.com/mnresize/940/940/uploads/2014/11/trilece-ytk-site.jpg,940,940,False,https://cdn.yemek.com/mncrop/300/200/uploads/2014/11/trilece-ytk-site.jpg,300,200,True,https://cdn.yemek.com/mncrop/940/625/uploads/2014/11/trilece-ytk-site.jpg,940,625,True,https://cdn.yemek.com/mncrop/620/388/uploads/2014/11/trilece-ytk-site.jpg,620,388,True,https://cdn.yemek.com/mncrop/600/315/uploads/2014/11/trilece-ytk-site.jpg,600,315,True,,,,,,
1038,2518,Yasemin Özaltın,https://cdn.yemek.com/author/35533/20181219061403_avatar.jpg,/profil/yasemingursurer/,Onsuz Olmaz: Bulgur Pilavı,Bulgur Pilavı,/tarif/bulgur-pilavi/,20 dk,10 dk,"<p>Herkesin <a href=""https://yemek.com/tarif/domatesli-bulgur-pilavi/"" target=""_blank"">bulgur pilavı</a> tarifi ufak da olsa farklılıklar gösteriyor. Kimi içine domates biber koyarken, kimi sade, kimi tel şehriyeli hazırlıyor. Sulu yemeklerin sevdalısı, yoğurt ve salatalık turşusuna anlam katan bulgur pilavını özüyle sözüyle sade olarak hazırlıyor, soframızın baş köşesine alıyoruz. Bulgur pilavı, <a href=""https://yemek.com/tarif/pilav/"" target=""_blank"">pilav tarifleri</a> arasında en çok sevilenlerden de biri. Şöyle tane tane döküleni de pek makbul. Bu domatesli bulgur pilavı tarifi çok klasik bir tarif olsa da bir de bizim tarifimizle deneyin deriz. Karşınızda tüm püf noktalarıyla enfes bulgur pilavı tarifimiz!</p>
<p>En klasik bulgur pilavı diyoruz ama yanına <a href=""https://yemek.com/tarif/bezelye-yemegi/"" target=""_blank"">bezelye</a> pişiresimiz, karşısına yoğurdu alasımız, belki de bir çoban salatayla masayı şenlendiresimiz var. Pek de güzel yiyesimiz var sonra. Her <a href=""https://yemek.com/tarif/"" target=""_blank"">yemek tarifinin</a> yanına çok yakışan, doyurucu, enfes mi enfes salçalı bulgur pilav tarifimize buyurun.</p>
<p>Bulgur pilavının ölçüsünden adım adım yapılışına kıvamı tam tutan, ölçüleri hiç şaşmayan bulgur pilavı tarifi karşınızda.</p>
<p>Haydi girin mutfağa, bize eşlik edin. Afiyetler olsun.</p>
<p>Not: ""Ben bulgur pilavı çeşitlerini görmek istiyorum."" diyenler için yeşil mercimekli bulgur pilavı tarifini <a href=""https://yemek.com/tarif/mercimekli-bulgur-pilavi/"" target=""_blank"">şuraya</a>, sade bulgur pilavı tarifini <a href=""https://yemek.com/tarif/sade-bulgur-pilavi/"" target=""_blank"">buraya</a>, domatesli bulgur pilavını da tam <a href=""https://yemek.com/tarif/domatesli-bulgur-pilavi/"" target=""_blank"">şuraya</a> bırakalım. Afiyet olsun!</p>
",recipe,"['kuru soğan', 'biber salçası', 'tereyağı', 'tuz', 'pul biber', 'sarımsak', 'su', 'zeytinyağı', 'karabiber', 'domates salçası', 'domates', 'yeşil biber', 'kekik', 'pilavlık bulgur']","['Birer yemek kaşığı tereyağı ve zeytinyağını bir pilav tenceresinde\xa0kızdırın. Üzerine soğanları ilave edin.', '2 adet yemeklik doğranmış kuru soğanı da tencereye ekleyin ve pembeleşinceye kadar kavurun.\xa01 adet ezilmiş sarımsak ve 2 adet doğranmış yeşil biberi de ekleyin ve kavurun.', '1 yemek kaşığı domates salçası ve yarım yemek kaşığı biber salçasını da ekleyip kokusu çıkana kadar kavurun.', 'Sonra 2 su bardağı pilavlık bulguru ekleyin.', ""Baharat olarak 1'er çay kaşığı tuz, karabiber, pul biber ve 1 tatlı kaşığı kekik ilave edin."", '2 adet rendelenmiş domatesi ilave edin.', '4 su bardağı su ekledikten sonra tencerenin kapağını kapatıp pişmeye bırakın.', 'Bulgurlar göz göz olup suyunu çektiğinde\xa0ocağın altını kapatın.', 'Pilavınızın altını kapatın ve dinlenmeye bırakın.', 'Bulgur pilavınız hazır, afiyet olsun!']",PİLAV,239b56,/tarif/pilav/,"['Ramazan', 'Pilav', 'Video', 'Bakliyat']","['pratik yemek tarifleri', 'akşam yemeği', 'öğle yemeği']","['Öğle Yemeği', 'Akşam Yemeği']",['Tencere'],['Vejetaryen'],False,1200,600,2021-03-23T08:12:32Z,4.0,763827,6496,False,True,True,0,,0,,,,2015/05/bulgur-pilavi-yemekcom.jpg,0,0,https://cdn.yemek.com/mnresize/940/940/uploads/2015/05/bulgur-pilavi-yemekcom.jpg,940,940,False,https://cdn.yemek.com/mncrop/300/200/uploads/2015/05/bulgur-pilavi-yemekcom.jpg,300,200,True,https://cdn.yemek.com/mncrop/940/625/uploads/2015/05/bulgur-pilavi-yemekcom.jpg,940,625,True,https://cdn.yemek.com/mncrop/620/388/uploads/2015/05/bulgur-pilavi-yemekcom.jpg,620,388,True,https://cdn.yemek.com/mncrop/600/315/uploads/2015/05/bulgur-pilavi-yemekcom.jpg,600,315,True,"['tencere', 'düşük karbonhidratlı']",,,,,
1039,1021,Yasemin Özaltın,https://cdn.yemek.com/author/35533/20181219061403_avatar.jpg,/profil/yasemingursurer/,Kıvamı Mükemmel: Terbiyeli Tavuk Çorbası,Terbiyeli Tavuk Çorbası,/tarif/terbiyeli-tavuk-corbasi/,30 dk,20 dk,"<p><a href=""https://yemek.com/tarif/tavuk-suyu-corbasi/"" target=""_blank"">Tavuk suyu</a>nun soğuk algınlığı ve grip başta olmak üzere tüm hastalıklara karşı savaştığı ve vücut direncini artırdığı artık hepimiz biliyoruz. Hastalıklar bir türlü bitmezken <a href=""https://yemek.com/tarif/corba/"" target=""_blank"">çorba</a> tarifleri de işte bu noktada kurtarıcımız oluyor. Krema eklemeye gerek kalmadan terbiyeli karışımı ile leziz ve pratik bir şekilde hazırlanan terbiyeli <a href=""https://yemek.com/tarif/tavuk-corbasi/"" target=""_blank"">tavuk çorbası</a> size iyi gelecek.</p>
<p>Arzuya göre terbiyeli tavuk çorbasına şehriye ekleyerek doyuruculuğunu arttırabilirsiniz. Domates salçası ve şehriye eklenmiş <a href=""https://yemek.com/tarif/sehriyeli-tavuk-suyu-corba/"" target=""_blank"">şehriyeli tavuk çorbası</a> da çok nefis oluyor bizden söylemesi, mutlaka deneyin. Afiyet olsun!</p>
",recipe,"['tuz', 'un', 'su', 'yoğurt', 'yumurta sarısı', 'defne yaprağı', 'tel şehriye', 'nane (arzuya göre)', 'tavuk but']","['Derin bir tencerede, kalçalı budu, 2 adet defne yaprağı, yarım tatlı kaşığı tuz ve 2 litre su ile birlikte haşlayın.', 'Çorbanın terbiyesi için; 1 su bardağı yoğurdu, 1,5 yemek kaşığı unu, 1 adet yumurta sarısını, 1 çay kaşığı tuzu ve yarım limon suyunu bir kaba aktarın.', 'Pürüzsüz bir kıvam alana kadar çırpın.', 'Tenceredeki tavuk haşlandıktan sonra tavuğu ve defne yapraklarını içerisinden alın ve tavukları ince olacak şekilde didikleyin.', 'Tavuğun haşlanan suyundan 1 kepe alıp hazırladığınız terbiyeye yavaş yavaş dökün ve suyun sıcaklığı ile eşitleyin.', 'Sıcaklık eşitlendikten sonra tüm terbiye karışımını çorba tenceresine aktarın.', '1 çay bardağı tel şehriye ve didiklediğiniz tavukları da üzerine\xa0katın ve çorbayı 10 dakika kadar kısık ateşte, aralarda karıştırarak pişirmeye devam edin.', 'Kıvam alan terbiyeli tavuk çorbasını nane ve pulbiber ile süsledikten sonra sıcak olarak servis edin.\xa0Afiyet olsun!']",ÇORBA,,/tarif/corba/,"['Çorba', 'Tavuk', 'Ramazan', 'Video']","['pratik yemek tarifleri', 'ekonomik', 'başlangıç', 'akşam yemeği', 'öğle yemeği']",['Başlangıç'],['Tencere'],,False,1800,1200,2022-07-27T15:20:02Z,4.0,763555,5356,False,True,True,0,,0,,,,2014/11/terbiyeli-tavuk-corbasi-yemekcom.jpg,0,0,https://cdn.yemek.com/mnresize/940/940/uploads/2014/11/terbiyeli-tavuk-corbasi-yemekcom.jpg,940,940,False,https://cdn.yemek.com/mncrop/300/200/uploads/2014/11/terbiyeli-tavuk-corbasi-yemekcom.jpg,300,200,True,https://cdn.yemek.com/mncrop/940/625/uploads/2014/11/terbiyeli-tavuk-corbasi-yemekcom.jpg,940,625,True,https://cdn.yemek.com/mncrop/620/388/uploads/2014/11/terbiyeli-tavuk-corbasi-yemekcom.jpg,620,388,True,https://cdn.yemek.com/mncrop/600/315/uploads/2014/11/terbiyeli-tavuk-corbasi-yemekcom.jpg,600,315,True,"['tencere', 'bol proteinli']",greenLight,,,,
1040,877,Yasemin Özaltın,https://cdn.yemek.com/author/35533/20181219061403_avatar.jpg,/profil/yasemingursurer/,Dışarıdakilerden Çok Daha Nefis: Profiterol,Profiterol,/tarif/profiterol/,40 dk,30 dk,"<p>Çikolata tutkunlarını mutlu edecek nefis bir <a href=""https://yemek.com/tarif/tatli"" target=""_blank"">tatlı</a> olan profiterolu bu tarifle yapmak çok kolay!</p>
<p><strong>Pataşu</strong> ya da <a href=""https://yemek.com/tarif/su-hamuru/"" target=""_blank"">şu hamuru</a> olarak da bilinen, hamurları fırında puf gibi kabartıp içlerini dolduracak kremayı sabırsızlıkla beklerken, bir yandan bitter çikolatalı sosunu hazırlıyoruz. Kaşık kaşık yemek isteyeceğiniz profiterol tarifini; ince çekilmiş fındık, fıstık, ceviz içi ve muz gibi meyve dilimleriyle süsleyip daha da lezzetli hale getirebilirsiniz. Pastanelerde yemeye alışkın olduğunuz bu enfes tatlıyı evinize taşıyarak nefis mi nefis bir profiterol tarifi hazırlıyoruz. Üstelik bu <a href=""https://yemek.com/tarif/"" target=""_blank"">yemek tarifinin</a> yapımı da sandığınız kadar zor değil.</p>
<p>Kökeninin <strong>Fransız mutfağı</strong> olan profiterol, yapımı biraz zahmetli gibi görünse de sevdiklerinizi ve kendinizi ödüllendirmenin çok iyi bir yolu. <strong>Profiterol hamuru</strong>nu da profiterol kremasını da tarifimizde anlatacağımız resimli adımlarla bir bir uyguladığınızda nefis sonuçlar elde edeceğinize eminiz. Şimdiden ellerinize sağlık diyor ve sizi kolay profiterol tatlısı tarifimize buyur ediyoruz.</p>
",recipe,"['yumurta', 'yumurta', 'toz şeker', 'süt', 'un', 'un', 'su', 'krema', 'margarin', 'bitter çikolata', 'vanilin']","['Kremasını hazırlamak için; bir sos tenceresine süt, toz şeker, un ve yumurtayı ekleyip orta ateşte koyu bir kıvam alana kadar sürekli olarak karıştırın.', 'Koyulaşan kremaya vanilin ilave edip karıştırın, ocaktan alın ve oda sıcaklığına geldikten sonra sıkma poşetine doldurup, en az 1 saat buzdolabında bekletin.', 'Profiterol hamuru için; öncelikle fırını 180 dereceye ayarlayın. Derin bir sos tenceresine su ve margarini alıp karıştırarak kaynatın.', 'Üzerine unu ekleyip sürekli olarak karıştırarak dibine hamur yapışmaya başlayana kadar, yaklaşık 4-5 dakika pişirin. Dibi yapışmaya başlayan hamuru bir kaseye alın ve 15 dakika oda sıcaklığında soğutun.', 'Soğumuş olan hamurun üzerine her bir yumurtayı teker teker ekleyin ve her seferinde yumurtaları güzelce yedirerek yapışkan bir hamur elde edin. Bu hamuru varsa sıkma poşetine alın, daha kolay şekil vermek için yaklaşık 15 dakika daha dinlendirin.', 'Bekleyen hamurdan pişirme kağıdı serili fırın tepsisine aralarında biraz boşluk olacak şekilde ceviz büyüklüğünde toplar sıkın ya da kaşık yardımıyla dökün. Parmağınızın ucunu ıslatıp hamurların üzerindeki çıkıntıları düzeltin ve fırına alıp, piştiği süre boyunca kapağını hiç açmadan; yaklaşık 40 dakika pişirin.', 'Pişen profiteroller oda sıcaklığına geldikten sonra alt kısmından bıçakla delik açın ve hazırladığınız kremayı içine sıkın. Bunun yerine arasını kesip krema da doldurabilirsiniz.', 'Çikolata sosu için; küçük parçalara ayırdığınız bitter çikolatayı benmari usulü eritin. Üzerine krema ilave edip güzelce karıştırın. Hazırladığınız çikolata sosunu profiterollerin üzerine dökün.', 'Son olarak file Antep fıstığı gezdirip servis edin. Afiyet olsun!']",ÇİKOLATALI TATLI,239b56,/tarif/cikolatali-tatlilar/,"['Tatlı', 'Video', 'Dünya Mutfakları', 'Çikolatalı Tatlı']",['çay saati'],['Çay Saati'],['Fırın'],,False,2400,1800,2022-04-01T14:20:22Z,4.0,756116,6377,False,True,True,0,,0,,,,2014/11/profiterol-yemekcom2.jpg,0,0,https://cdn.yemek.com/mnresize/940/940/uploads/2014/11/profiterol-yemekcom2.jpg,940,940,False,https://cdn.yemek.com/mncrop/300/200/uploads/2014/11/profiterol-yemekcom2.jpg,300,200,True,https://cdn.yemek.com/mncrop/940/625/uploads/2014/11/profiterol-yemekcom2.jpg,940,625,True,https://cdn.yemek.com/mncrop/620/388/uploads/2014/11/profiterol-yemekcom2.jpg,620,388,True,https://cdn.yemek.com/mncrop/600/315/uploads/2014/11/profiterol-yemekcom2.jpg,600,315,True,,,,['Fransa'],,
1041,303,Ayşegül Uslu,https://cdn.yemek.com/author/409098/20230915055430_avatar.jpg,/profil/aysegulu/,Yağ Çekmez: Pişi,Pişi,/tarif/pisi/,15 dk,20 dk,"<p>Anadolu'nun pek çok noktasında kolaç, lokma, keçi ayağı, <a href=""https://yemek.com/tarif/hamur-kizartmasi/"" target=""_blank"">hamur kızartması</a> gibi isimlerle bilinen pişi, ailecek yapılan zengin sabah kahvaltıları için başarılı bir alternatif. Son yıllarda birçok kahvaltı mekanında da görebileceğiniz pişiyi evde de kolayca yapabilirsiniz. Üstelik kendisi sadece kahvaltılık olmakla kalmaz, yeri geldiğinde en lezzetli öğle yemeğine de, ara öğüne de dönüşebilir, <a href=""https://yemek.com/tarif/"" target=""_blank"">yemek tarifleri</a> içinde tam bir kurtarıcı olmasıyla bilinir.</p>
<p>Mayalı hamurla ne yapılır diyenlerin yardımına koşan bu pişiyi biz mayalayarak yaptık. Ama siz bekleme derdi olmasın, pratik olsun istiyorsanız şu <a href=""https://yemek.com/tarif/mayasiz-kolay-pisi/"" target=""_blank"">mayasız pişi</a> tarifimize de bakabilirsiniz. Hatta ve hatta <strong>karbonatlı pişi</strong> tarifimize <a href=""https://yemek.com/tarif/karbonatli-pisi/"" target=""_blank"">şuradan</a> ulaşabilir, farklı pişi çeşitleri içinse <a href=""https://yemek.com/pisi-tarifleri/"" target=""_blank"">şu içeriğimizden</a> yararlanabilirsiniz.</p>
<p>Peynir, zeytin, domates gibi <a href=""https://yemek.com/tarif/kahvaltiliklar/"" target=""_blank"">kahvaltılıklar</a>la da afiyet olur; reçel ya da çikolata ile nefis olur. Biz özellikle <a href=""https://yemek.com/tarif/incir-receli"" target=""_blank"">ev yapımı nefis incir reçeli</a> ile öneriyoruz.</p>
<p>Nefis <strong>pişi tarifi</strong>mizin videolu ve adım adım resimli anlatımı hemen aşağıda. Buyursunlar!</p>
",recipe,"['tuz', 'toz şeker', 'ayçiçek yağı', 'un', 'ılık su', 'yaş maya']","['Pişi tarifi için önce ılık su içerisinde 1 yemek kaşığı toz şeker ve 1/2 paket yaş mayayı çözdürün.', 'Karıştırdıktan sonra 10 dakika kadar dinlenmeye bırakın.', 'Dinlenen karışıma 3 su bardağı un\xa0ve tuzu harmanlayarak ekleyin ve karıştırmaya devam edin.', 'Kalan unu da azar azar ilave ederek bir yandan da yoğurmaya başlayın.', 'Hamuru 5-10 dakika kadar yoğurun.', 'Hamurun üzerini örtüp oda ısısında bir saat kadar mayalayın.', 'Mayalanan hamuru tezgaha alın ve ceviz büyüklüğünde parçalar koparıp yuvarlayın. Üzerilerine un serptikten sonra elinizle hafifçe bastırarak düzleştirin.', 'Tezgahta 10 dakika daha mayalandırdıktan sonra bir şişe kapağıyla\xa0ortalarına delikler açın. Bu sayede pişileriniz daha güzel kabaracaktır.', 'Geniş ve derin bir tavada sıvı yağı kızdırın. Pişileri yavaş yavaş yağa atarak arkalı önlü kızartın. Pişenleri\xa0fazla yağını bırakması için bir iki dakika havlu peçete üzerinde dinlendirin.', 'Pişi tarifi hazır. Afiyet olsun.']",KAHVALTILIK,239b56,/tarif/kahvaltiliklar/,"['Hamur İşi', 'Kahvaltılık', 'Çörek']","['ekonomik', 'kahvaltı', 'çay saati']","['Başlangıç', 'Kahvaltı', 'Çay Saati']",['Kızartma'],['Vejetaryen'],False,900,1200,2022-03-18T13:50:52Z,4.0,752213,4360,False,True,True,0,,0,,,,2019/05/pisi-asama-18.jpg,0,0,https://cdn.yemek.com/mnresize/940/940/uploads/2019/05/pisi-asama-18.jpg,940,940,False,https://cdn.yemek.com/mncrop/300/200/uploads/2019/05/pisi-asama-18.jpg,300,200,True,https://cdn.yemek.com/mncrop/940/625/uploads/2019/05/pisi-asama-18.jpg,940,625,True,https://cdn.yemek.com/mncrop/620/388/uploads/2019/05/pisi-asama-18.jpg,620,388,True,https://cdn.yemek.com/mncrop/600/315/uploads/2019/05/pisi-asama-18.jpg,600,315,True,,,,,,
1042,1793,Ayşegül Uslu,https://cdn.yemek.com/author/409098/20230915055430_avatar.jpg,/profil/aysegulu/,Tüm Sırlarıyla: Kazandibi,Kazandibi,/tarif/kazandibi/,35 dk,15 dk,"<p>İçinde haşlanmış ve çok çok ince dizilmiş <a href=""https://yemek.com/tarif/tavuk/"" target=""_blank"">tavuk</a> eti katılan versiyonlarının da olduğu esmer <a href=""https://yemek.com/tarif/sutlu-tatlilar/"" target=""_blank"">sütlü tatlı</a> kazandibini pratik bir şekilde hazırlamaya ve afiyetle yemeye var mısınız? Tavuk göğsüne kazandibi tarifinde yer vermedik çünkü, onun gerçek bir <a href=""https://yemek.com/tarif/tavuk-gogsu/"" target=""_blank"">tavuk göğsü tatlısı</a>na daha çok yakıştığını düşünmekteyiz.</p>
<p>Şimdi sizi şöyle mutfağa doğru alalım ve tatlıcılarda yemeye alıştığınız kazandibini evde nasıl <a href=""https://yemek.com/tarif/tatli/"" target=""_blank"">tatlı</a> tatlı, lezzetli lezzetli yapabileceğinizi anlatalım.</p>
",recipe,"['tereyağı', 'toz şeker', 'süt', 'vanilya', 'pudra şekeri', 'buğday nişastası', 'pirinç unu']","['Sübyesi için; bir kasede\xa02 su bardağı sütü,\xa0yarım bardak toz şekeri, buğday nişastasını ve pirinç unu karıştırın. Topak kalmayana kadar çırpıcı yardımıyla çırpın.', 'Geniş bir tencereye kalan 5 su bardağı sütü ve 1 su bardağı şekeri ilave edin. Bir taşım kaynatın. Kaynayan süte yavaş yavaş sübyeyi ilave ederek sürekli karıştırın. Ocağı kısık ateşe getirerek, sürekli karıştırarak muhallebi kıvamına gelene kadar pişirin.', 'Muhallebi koyulaşıp göz göz olduğunda ocaktan alın ve vanilyayı ilave edip tekrar karıştırın. Oda sıcaklığında soğumaya bırakın.', 'Köşeli bir borcamı tereyağıyla yağlayın ve üzerine eşit olacak şekilde pudra şekerini eleyin.', 'Tepsiyi ocak üzerinde çevire çevire karışımı yakın. Tüm şeker eriyip karamelize olunca, tepsinin dibine muhallebiden ince bir kat sürün ve bir tur da muhallebiyle birlikte yakın.', 'Yakma işlemi bittiğinde kalan muhallebiyi de tepsiye dökün. Üzerini bir spatula yardımıyla düzeltin.', 'Buzdolabına kaldırıp kıvam alması için soğuttuğunuz tatlıyı, ince uzun dilimlere ayırın\xa0ve spatula yardımıyla kıvırarak rulo şeklinde sarın.\xa0Ev yapımı mis kokulu kazandibiniz hazır, afiyet olsun!']",SÜTLÜ TATLI,239b56,/tarif/sutlu-tatlilar/,"['Tatlı', 'Ramazan', 'Sütlü Tatlı', 'Video']","['ekonomik', 'ara öğün']",['Çay Saati'],['Tencere'],['Ekonomik'],False,2100,900,2021-08-17T07:30:14Z,4.0,750751,3376,False,True,True,0,,0,,,,2021/08/kazandibi-yemekcom.jpg,0,0,https://cdn.yemek.com/mnresize/940/940/uploads/2021/08/kazandibi-yemekcom.jpg,940,940,False,https://cdn.yemek.com/mncrop/300/200/uploads/2021/08/kazandibi-yemekcom.jpg,300,200,True,https://cdn.yemek.com/mncrop/940/625/uploads/2021/08/kazandibi-yemekcom.jpg,940,625,True,https://cdn.yemek.com/mncrop/620/388/uploads/2021/08/kazandibi-yemekcom.jpg,620,388,True,https://cdn.yemek.com/mncrop/600/315/uploads/2021/08/kazandibi-yemekcom.jpg,600,315,True,"['vejetaryen', 'glutensiz']",,,,,
1043,3475,Yasemin Özaltın,https://cdn.yemek.com/author/35533/20181219061403_avatar.jpg,/profil/yasemingursurer/,Püf Noktalarıyla: Zeytinyağlı Biber Dolması,Zeytinyağlı Biber Dolması,/tarif/zeytinyagli-biber-dolmasi/,45 dk,30 dk,"<p>Zeytinyağlı kontenjanının öne çıkan yemeği, kalabalık sofraların vazgeçilmez <a href=""https://yemek.com/tarif/"" target=""_blank"">yemek tariflerindendir</a> zeytinyağlı biber dolması. Püf noktalarından biri lezzetin doruk noktasına ulaşması için bol bol kuru soğan kullanmaktır. Pirinçlerin hafif diri kalacak şekilde kavrulması, hazırlanan dolmaların kısık ateşte pişirilmesi esastır. Arzuya göre kuş üzümlü, dolmalık fıstıklı ve tarçınlı olabilen iç harç bol soğanlı sade ya da rendelenmiş domates ilavesiyle de hazırlanabilir.</p>
<p><a href=""https://yemek.com/tarif/biber-dolmasi/"" target=""_blank"">Etli biber dolması</a> alınmasın ancak zeytinyağlı hali ılık ya da soğuk olarak sofraları süsleyebildiği için daha sevilir. <a href=""https://yemek.com/tarif/vejetaryen/"" target=""_blank"">Vejetaryen</a> beslenenler için lezzetli bir öğün, pilav çeşitlerine alternatif olabilecek en iddialı seçeneklerden bir tanesidir.</p>
<p>Çocukluğumuzda sadece içindeki <a href=""https://yemek.com/tarif/pilav/"" target=""_blank"">pilav</a>ı yemek için annemizle kavga ettiğimiz hala bazılarımızın bu sebeple biberini yiyemediği, dondurma kutularından en çok fırlayan yemektir biber dolması. Ama sevin ya da sevmeyin <strong>Türk mutfağının en simge yemeklerinden</strong> biridir biber dolması. Üzerine yoğurdun döküldüğü anda iştahı kabarmayan insan yoktur aslında.</p>
<p>Lafı çok uzattık, gerisi sizin akşam yemeğiniz olsun.</p>
",recipe,"['pirinç', 'kuru soğan', 'sıcak su', 'nane', 'tuz', 'toz şeker', 'zeytinyağı', 'karabiber', 'kuş üzümü', 'dolmalık fıstık', 'yenibahar', 'orta boy dolmalık biber', 'orta boy domates (üzerlerini kapatmak için)']","['Zeytinyağlı biber dolması için yarım su bardağı zeytinyağını geniş bir pilav tenceresine alın ve 2 adet yemeklik doğranmış kuru soğan ile birlikte pembeleşinceye kadar kavurun.', '2 yemek kaşığı dolmalık fıstığı da ekleyip renk alana kadar kavurmaya devam edin.', 'Dolmalık fıstıklar renk aldıktan sonra 1,5 su bardağı yıkanmış pirinci ekleyin ve 2-3 dakika kadar kavurun.', '1 yemek kaşığı kuş üzümü, 1 tatlı kaşığı tuz, yarım çay kaşığı karabiber,\xa0yarım çay kaşığı yenibahar, yarım tatlı kaşığı toz şeker ve 1 tatlı kaşığı naneyi de ekledikten sonra son kez karıştırın.', '2 su bardağı sıcak suyu ekleyip, pirinçler diri kalacak şekilde 7-8 dakika kadar pişirin ve ocaktan alın.', 'Hazırladığınız dolma harcını, üst kapağını ve iç kısmını çıkardığınız yaklaşık 10- 15 adet dolmalık biberin içerisine doldurun. Ağız kısımlarında şişme ve pişme payı bırakmaya özen gösterin.', 'Hazırladığınız dolmaları\xa0tencereye dik bir şekilde dizin.', 'Biberlerin üst kısımlarını ikiye bölünmüş cherry domates ile kapatın.', 'Tencerenin yarısına kadar su doldurun ve üzerlerine zeytinyağı gezdirip kapağını kapatın.', 'Dolmaları,\xa0 kısık ateşte pişirme suyu bitip pirinçler\xa0şişene kadar yaklaşık 30-35 dakika pişirin. Ilık ya da soğuk olarak servis edin. Afiyet olsun!']",ZEYTİNYAĞLI,239b56,/tarif/zeytinyaglilar/,"['Sebze', 'Özel Beslenme', 'Vejetaryen', 'Ramazan', 'Zeytinyağlı', 'Vegan', 'Video', 'Mevsiminde']",,"['Öğle Yemeği', 'Akşam Yemeği']",['Tencere'],"['Ekonomik', 'Vejetaryen', 'Vegan']",False,2700,1800,2022-08-24T11:40:42Z,4.0,750144,4840,False,True,True,0,,0,,,,2015/09/zeytinyagli-biber-dolmasi-yemekcom.jpg,0,0,https://cdn.yemek.com/mnresize/940/940/uploads/2015/09/zeytinyagli-biber-dolmasi-yemekcom.jpg,940,940,False,https://cdn.yemek.com/mncrop/300/200/uploads/2015/09/zeytinyagli-biber-dolmasi-yemekcom.jpg,300,200,True,https://cdn.yemek.com/mncrop/940/625/uploads/2015/09/zeytinyagli-biber-dolmasi-yemekcom.jpg,940,625,True,https://cdn.yemek.com/mncrop/620/388/uploads/2015/09/zeytinyagli-biber-dolmasi-yemekcom.jpg,620,388,True,https://cdn.yemek.com/mncrop/600/315/uploads/2015/09/zeytinyagli-biber-dolmasi-yemekcom.jpg,600,315,True,,,['Ağustos'],,,
1044,130,Yasemin Özaltın,https://cdn.yemek.com/author/35533/20181219061403_avatar.jpg,/profil/yasemingursurer/,Dakikalar İçinde Sofrada: Mantarlı Tavuk Sote,Mantarlı Tavuk Sote,/tarif/mantarli-tavuk-sote/,20 dk,10 dk,"<p>Pratik ama bir o kadar da doyurucu, besleyici ve lezzetli bir <a href=""https://yemek.com/tarif/"" target=""_blank"">yemek tarifi</a> yapmak isteyenleri böyle alabilir miyiz? Sizin için nefis bir önerimiz var.</p>
<p>Mantar sote bu sefer <a href=""https://yemek.com/tarif/tavuk/"" target=""_blank"">tavuk</a>la buluşuyor ve besin değerini arttırıyor. <strong>Kısa sürede hazırlayabileceğiniz bu pratik tarifi</strong> <a href=""https://yemek.com/tarif/bulgur-pilavi/"" target=""_blank"">bulgur pilavı</a> ya da yeşil <a href=""https://yemek.com/tarif/salata/"" target=""_blank"">salata</a> ile tamamlayarak doyurucu bir öğün oluşturabilirsiniz. Tavuklu mantar sote için buyurun mutfağa!</p>
",recipe,"['tuz', 'kültür mantarı', 'zeytinyağı', 'kuşbaşı tavuk göğsü', 'domates', 'yeşil biber', 'taze çekilmiş renkli tane karabiber', 'kekik', 'kapya biber']","['3 yemek kaşığı zeytinyağını tavada kızdırın. 600 gram kuşbaşı doğranmış tavuk göğüslerini, suyunu salmaması için yüksek ateşte soteleyin.', 'Ardından 2 adet doğranmış yeşil ve kırmızı biberleri ekleyip sotelemeye devam edin.', '300 gram doğranmış mantarı da ekleyip, suyunu salıp çekene kadar, soteleme işlemini 10 dakika kadar sürdürün.', 'Son olarak; 1 adet kabukları soyulup doğranmış domates, 1 çay kaşığı tuz, 1 çay kaşığı çekilmiş tane karabiber ve 1 tatlı kaşığı kekiği de ekleyin.', '15 dakika kadar pişmeye bırakın.', 'Domatesler suyunu çektiğinde mantarlı tavuk soteniz hazır demektir. Afiyet olsun!']",TAVUK,239b56,/tarif/tavuk/,"['Tavuk', 'Ramazan', 'Video', 'Sulu Yemek']","['pratik yemek tarifleri', 'ekonomik', 'akşam yemeği', 'diyet', 'öğle yemeği']","['Öğle Yemeği', 'Akşam Yemeği']","['Tencere', 'Ocak']",['Bol Proteinli'],False,1200,600,2014-06-16T14:34:43Z,4.0,809161,9062,False,True,True,0,,0,,,,2014/06/mantarli-tavuk-sote-yemekcom.jpg,0,0,https://cdn.yemek.com/mnresize/940/940/uploads/2014/06/mantarli-tavuk-sote-yemekcom.jpg,940,940,False,https://cdn.yemek.com/mncrop/300/200/uploads/2014/06/mantarli-tavuk-sote-yemekcom.jpg,300,200,True,https://cdn.yemek.com/mncrop/940/625/uploads/2014/06/mantarli-tavuk-sote-yemekcom.jpg,940,625,True,https://cdn.yemek.com/mncrop/620/388/uploads/2014/06/mantarli-tavuk-sote-yemekcom.jpg,620,388,True,https://cdn.yemek.com/mncrop/600/315/uploads/2014/06/mantarli-tavuk-sote-yemekcom.jpg,600,315,True,"['tencere', 'bol proteinli', 'düşük kalorili']",,['Eylül'],,,
1045,442,Yasemin Özaltın,https://cdn.yemek.com/author/35533/20181219061403_avatar.jpg,/profil/yasemingursurer/,Katkı Maddesiz: Ev Yapımı Limonata,Ev Yapımı Limonata,/tarif/ev-yapimi-limonata/,20 dk,20 dk,"<p>Pratik bir şekilde, katkı maddesiz, buzdolabında serin serin muhafaza edilebilecek, ikramlık ev yapımı limonata hazırlamak çok zevkli.</p>
<p>Türk yemek sektöründe, restoranlarda, kafelerde yaz cemresidir limonata. Eskiden sadece tek başına içilen bir şeyken şimdilerde kolaya, ayrana ve hatta kahveye rakip olup <a href=""https://yemek.com/tarif/makarna/"" target=""_blank"">makarnanın</a>, <a href=""https://yemek.com/tarif/tavuk/"" target=""_blank"">tavuk yemeklerinin</a> ve hatta <a href=""https://yemek.com/tarif/et"" target=""_blank"">et yemeklerinin</a> yanında boy göstermeye başladı. Yazın en güzel şeylerinden biri limonata ve inanın birçok yemeğe de çok yakışıyor.</p>
<p>Ev yapımı gerçek limonata ise hiçbir mekanın size aynı lezzette yardımcı olamayacağı kadar güzel. İnsanın aklına babaanne evinde klasik sürahi içinde içilen günleri getirecek kadar nostaljik. Daha bacak kadarken doğum günü pastasının yanında içilecek kadar duygusal. İyi ki var.</p>
<p>Bu kadar konuştuktan sonra buzlukta da saklanabilecek, kolay mı kolay, portakalsız limonata tarifini yapmamak, serinlememek, ferahlamamak olmaz.</p>
<p>Ev yapımı limonata nasıl yapılır? diyenler haydi mutfağa.</p>
",recipe,"['nane', 'toz şeker', 'limon', 'buz', 'içme suyu']","['Bol suda yıkadığınız 10 adet limonun, kabuklarını rendenin kalın tarafıyla rendeleyin. Beyaz kısımlarını almamaya özen gösterin.', 'Kabuğu rendelenmiş dört adet limonu ortadan ikiye kesin ve suyunu sıkın. Kalan limonları küçük parçalar halinde dilimleyin.', '2 su bardağı toz şeker ve taze sıkılmış limonların suyunu karıştırın.', 'Rendelenmiş limon kabuklarını, limon parçaları ve ayıkladığınız 1 demet nane yapraklarının yarısını da ekledikten sonra şeker tamamen eriyip, tüm limonların suyu çıkana kadar yoğurun.', 'Nane yapraklarını da ekleyin.', 'Özünün çıkması için bu karışımı tel bir süzgeç yardımıyla\xa0bir kaseye süzün.', '5 su bardağı içme suyunu ekledikten sonra limonatayı buzdolabında soğutun.', '2 su bardağı buz ilavesiyle karıştırdıktan sonra\xa0 keyfini çıkararak için. Afiyet olsun!']",İÇECEK,239b56,/tarif/icecekler/,"['İçecek', 'Video', 'Mevsiminde']","['pratik yemek tarifleri', 'ekonomik', 'ara öğün', 'çay saati']","['Ara Öğün', 'Çay Saati']",,['Ekonomik'],False,1200,1200,2021-03-25T06:00:50Z,4.0,786118,3534,False,True,True,0,,0,,,,2014/08/ev-yapimi-limonata-yemekcom.jpg,0,0,https://cdn.yemek.com/mnresize/940/940/uploads/2014/08/ev-yapimi-limonata-yemekcom.jpg,940,940,False,https://cdn.yemek.com/mncrop/300/200/uploads/2014/08/ev-yapimi-limonata-yemekcom.jpg,300,200,True,https://cdn.yemek.com/mncrop/940/625/uploads/2014/08/ev-yapimi-limonata-yemekcom.jpg,940,625,True,https://cdn.yemek.com/mncrop/620/388/uploads/2014/08/ev-yapimi-limonata-yemekcom.jpg,620,388,True,https://cdn.yemek.com/mncrop/600/315/uploads/2014/08/ev-yapimi-limonata-yemekcom.jpg,600,315,True,,,"['Haziran', 'Temmuz', 'Ağustos', 'Eylül']",,,
1046,3233,Yasemin Özaltın,https://cdn.yemek.com/author/35533/20181219061403_avatar.jpg,/profil/yasemingursurer/,"Yumuşacık, Sulu Sulu Pişer: Tavuk Sote",Tavuk Sote,/tarif/tavuk-sote/,25 dk,15 dk,"<p><a href=""https://yemek.com/tarif/"" target=""_blank"">Yemek tariflerinin</a> en sevilenlerinden tavuk sote tarifinde zaman önemli. Aslına bakarsanız sote işlemi de uzun lafın kısası bir pişirme yöntemi. Kızgın tavada, yüksek ateş üzerinde alt üst edilen sebze ve et karışımları renk, doku ve tatlarını kaybetmeden kısa sürede pişiyor. Etler sertleşmiyor, sebzeler kurumuyor. Size de pratik ve kolay bir yöntemle hazırlanan bu <a href=""https://yemek.com/tarif/tavuk/"" target=""_blank"">tavuk tarifinin</a> keyfini ağız tadıyla çıkartmak düşüyor.</p>
<p>Tavada sote edilen yiyeceklerin sık sık sallanarak karıştırılması da ayrı bir konu. Et ve sebzelerin küçük ve birbirine yakın boyutlarda kesilmesi öneriliyor. Kullanılan etlerin olabildiğine körpe ve sinirsiz, baharatlarla önceden tatlandırılmış olması gerekiyor.</p>
<p>Teknik detayları bir kenara bıraktığımızda, pratik ve lezzetli tarifler arasında ilk üçe girebileceğini de söyleyebiliriz tavuk sote için (<a href=""https://yemek.com/tarif/sebzeli-tavuk-sote/"" target=""_blank"">sebzeli tavuk sote</a> ve <a href=""https://yemek.com/tarif/mantarli-tavuk-sote/"" target=""_blank"">mantarlı tavuk sote</a> için de aynı şekilde!). Pilava eşlik eder, yoğurtla anlaşır, salata onu sever, misafir gelse masada olur. Evde tek başına olsan, seni yalnız bırakmaz.</p>
<p>Bu kadar bilginin üzerine kolay ve lezzetli tavuk sote tarifini hak ettik sanırız. Adım adım resimli anlatımı ve videosuyla karşınızda tavuk sote!</p>
",recipe,"['tuz', 'pul biber', 'karabiber', 'yeşil biber', 'kırmızı biber', 'tavuk göğsü', 'kuru nane', 'soğan', 'doğranmış domates', 'sıvı yağ']","['Tavanın içerisine 2 yemek kaşığı sıvı yağı alın ve üzerine 300 gram kuşbaşı doğranmış tavuğu ilave ederek yüksek ateşte soteleyin.', 'Pişen tavukların üzerine 1 adet doğranmış soğanı ilave ederek sotelemeye devam edin.\xa0 1', 'adet doğranmış yeşil biber ve yarım adet doğranmış kapya biberi de ekleyin.', '1 adet doğranmış domatesi de tavanın içerisine aktarın.', 'Biraz suyunu çektikten sonra sırasıyla birer çay kaşığı tuz, karabiber, pul biber ve kuru nane ilave ederek güzelce karıştırın.', 'İyice pişince tavuk sotenizi ocaktan alın ve servis edin. Afiyet olsun!']",TAVUK,239b56,/tarif/tavuk/,"['Tavuk', 'Ramazan', 'Video']","['pratik yemek tarifleri', 'ekonomik', 'akşam yemeği', 'öğle yemeği']","['Öğle Yemeği', 'Akşam Yemeği']","['Tencere', 'Ocak']","['Ekonomik', 'Glutensiz', 'Bol Proteinli', 'Düşük Kalorili']",False,1500,900,2015-08-17T14:19:38Z,4.0,783975,5977,False,True,True,0,,0,,,,2015/08/tavuk-sote-yemekcom.jpg,0,0,https://cdn.yemek.com/mnresize/940/940/uploads/2015/08/tavuk-sote-yemekcom.jpg,940,940,False,https://cdn.yemek.com/mncrop/300/200/uploads/2015/08/tavuk-sote-yemekcom.jpg,300,200,True,https://cdn.yemek.com/mncrop/940/625/uploads/2015/08/tavuk-sote-yemekcom.jpg,940,625,True,https://cdn.yemek.com/mncrop/620/388/uploads/2015/08/tavuk-sote-yemekcom.jpg,620,388,True,https://cdn.yemek.com/mncrop/600/315/uploads/2015/08/tavuk-sote-yemekcom.jpg,600,315,True,['bol proteinli'],,,,,
1047,131,Yasemin Özaltın,https://cdn.yemek.com/author/35533/20181219061403_avatar.jpg,/profil/yasemingursurer/,Lezzet Sırlarıyla: Lazanya,Lazanya,/tarif/lazanya/,25 dk,20 dk,"<p>Lazanya, köken itibarıyla <a href=""https://yemek.com/italyan-tarifleri/"">İtalyan</a> olmasa da damak zevkimize uygunluğuyla neredeyse artık bizden biri.</p>
<p>Lazanya, <a href=""https://yemek.com/tarif/makarna/"" target=""_blank"">makarna</a> hamuruyla yapılan, plaka halinde paketlenen, genellikle <a href=""https://yemek.com/tarif/bolonez-sos/"" target=""_blank"">bolonez sosu</a> ile birlikte fırında pişirilen <strong>İtalyan mutfağına ait</strong> nefis bir lezzet. %100 ev yapımı yapmak isterseniz de lazanya hamurunuzu evinizde de hazırlayabilirsiniz: <a href=""https://yemek.com/lazanya-hamuru-nasil-yapilir/"" target=""_blank"">Lazanya Hamuru Nasıl Yapılır?</a></p>
<p>Bu nefis lezzet bizim damak tadımıza çok yakın bir lezzet olunca onu çok sevdik ve her yediğimizde bayıldık. İçine biraz sevgimizi, biraz da elimizin lezzetini, damak zevkimizi kattık. Umarız lazanya tarifimiz sizin de favoriniz olur.</p>
",recipe,"['tereyağı', 'tereyağı', 'tuz', 'ayçiçek yağı', 'un', 'karabiber', 'karabiber', 'rendelenmiş kaşar peyniri', 'havuç', 'orta yağlı kıyma', 'defne yaprağı', 'soğuk süt', 'rendelenmiş muskat cevizi', 'rendelenmiş domates', 'soğan', 'bezelye', 'lazanya yaprağı', 'ezilmiş sarımsak']","['Lazanya tarifi için ayçiçek yağını ve tereyağı bir tavada kızdırın. Doğranmış soğanları 3- 4 dakika kadar kavurun.\xa0Üzerine havuçları ekleyip 3-4 dakika daha kavurmaya devam edin.', 'Kavrulan havuç ve soğanların üzerine kıymayı ekleyin ve suyunu salıp çekene kadar kavurun.', 'Sarımsak, tuz ve karabiberi ekleyin. Son olarak rendelenmiş domates ve defne yaprağını ekleyip harcı pişmeye bırakın.', 'Domates, suyunu biraz çektikten sonra içerisine bezelyeyi de ekleyin ve iç harcını pişirmeye devam edin.', 'Tüm malzemeler güzelce pişince iç harcınız hazır.', 'Beşamel sosu hazırlamak için; tereyağını sos tenceresinde eritin. Unu, kokusu çıkıp renk alana kadar kavurun.', 'Kavrulan una soğuk sütü ekleyin ve bir çırpıcı yardımıyla sürekli karıştırarak pişirin. Pişmeyen lazanya yaprakları kullandığınızda, normale göre beşamel sosunuzu daha sıvı olması gerekir. Bu yüzden çok kıvamlı olmamasına özen gösterin.', 'Karabiber ve rendelenmiş muskat cevizini ekledikten sonra ocaktan alın.', 'Fırın kabının tabanına biraz beşamel sos ve iç harçtan yayıp lazanya yapraklarını dizin.', 'Sırasıyla; kıymalı harç, beşamel sos ve\xa0 bir parça rendelenmiş kaşar peyniri ekleyin.', 'Lazanyanın en üst katı için beşamel sos ve rendelenmiş kaşar peyniri ayırdıktan sonra bu işlemi sırasıyla tüm lazanya yaprakları için tekrarlayın.', 'Kalan beşamel sos ve rendelenmiş kaşar peyniri ile lazanyanın üzerini kaplayın. Önceden ısıtılmış 180 derece fırında 20-25 dakika pişirin. Pişirme süresi fırından fırına değişiklik gösterebilir. Piştiğinden emin olana kadar kontrollü olarak pişirin.', 'Fırından çıkan lazanyayı dilimledikten sonra ılık olarak servis edin. Sevdiklerinizle paylaşın.']",MAKARNA,239b56,/tarif/makarna/,"['Makarna', 'Video', 'Dünya Mutfakları']","['seksi tarifler', 'ekonomik', 'akşam yemeği', 'öğle yemeği']","['Öğle Yemeği', 'Akşam Yemeği']",['Fırın'],['Bol Proteinli'],False,1500,1200,2022-04-13T06:49:48Z,4.0,781532,6296,False,True,True,0,,0,,,,2014/06/lazanya-ytk-yemekcom.jpg,0,0,https://cdn.yemek.com/mnresize/940/940/uploads/2014/06/lazanya-ytk-yemekcom.jpg,940,940,False,https://cdn.yemek.com/mncrop/300/200/uploads/2014/06/lazanya-ytk-yemekcom.jpg,300,200,True,https://cdn.yemek.com/mncrop/940/625/uploads/2014/06/lazanya-ytk-yemekcom.jpg,940,625,True,https://cdn.yemek.com/mncrop/620/388/uploads/2014/06/lazanya-ytk-yemekcom.jpg,620,388,True,https://cdn.yemek.com/mncrop/600/315/uploads/2014/06/lazanya-ytk-yemekcom.jpg,600,315,True,"['tencere', 'fırın']",,,['İtalya'],,
1048,955,Yasemin Özaltın,https://cdn.yemek.com/author/35533/20181219061403_avatar.jpg,/profil/yasemingursurer/,Orijinal Tarif: Trileçe,Trileçe,/tarif/trilece/,35 dk,30 dk,"<p>Orijinalinde üç süt karışımının kullanıldığı <a href=""https://yemek.com/tarif/sutlu-tatlilar/"" target=""_blank"" rel=""noopener"">sütlü</a> <a href=""https://yemek.com/tarif/serbetli-tatlilar/"" target=""_blank"" rel=""noopener"">şerbet</a> ile hazırlanan trileçe (tirileçe), hafifliği ve sünger dokusuna sahip <a href=""https://yemek.com/tarif/pandispanya/"" target=""_blank"" rel=""noopener"">pandispanya</a> <a href=""https://yemek.com/tarif/kek/"" target=""_blank"" rel=""noopener"">kek</a>iyle şöhreti kısa sürede dilden dile yayılan enfes bir <a href=""https://yemek.com/tarif/tatli/"" target=""_blank"" rel=""noopener"">tatlı tarifi</a>. Traliçe, triliçe ya da trilece diye telaffuz edenler olsa da tatlının doğru yazımı trileçe. Trileçe hangi ülkeye ait sorusunun cevabını da verelim. Meksika'da yaygınlaşan ve tüm dünyaya yayılan bir sütlü tatlı aslında trileçe. <strong>Balkan ülkelerinde de çok sevilen tatlı</strong>, hafif olmasıyla ülkemizde de pek seviliyor.</p>
<p>Çeşitli sos ve kremalarla servis edilen versiyonlarını yerinde yiyebileceğiniz gibi gerçek trileçe tarifini ev sıcaklığında hazırlayıp, sevdiklerinizle paylaşabilirsiniz. Biz bu sefer oyumuzu karamelli orijinal trileçe tarifinden yana kullandık; ama siz farklı soslarla da onu deneyebilirsiniz. Tarifimizin içinde karamel <a href=""https://yemek.com/tarif/sos/"" target=""_blank"" rel=""noopener"">sos</a>unun tarifini de bulabileceksiniz.</p>
<p>Malzemeleriyle <strong>en kolay trileçe tarifleri</strong>nden biri olan bu <a href=""https://yemek.com/tarif/"" target=""_blank"" rel=""noopener"">tarifi</a> hemen denemek isteyeceksiniz.</p>
<p>O zaman haydi mutfağa, <strong>trileçe tatlısı</strong> yapıyoruz!</p>",recipe,"['tereyağı', 'toz şeker', 'toz şeker', 'toz şeker', 'un', 'kabartma tozu', 'krema', 'manda sütü', 'inek sütü', 'büyük boy yumurta', 'vanilin', 'keçi sütü']","['<p>Trileçe için derin bir karıştırma kasesinin içerisine yumurta ve şekeri ekleyip, şekerler eriyene ve karışımın rengi açılıp, krema kıvamına gelene kadar çırpın.</p>', '<p>Un, kabartma tozu ve vanilini yumurtalı karışımın içerisine eleyerek ekleyin.</p>', '<p>Spatula yardımıyla kuru malzemelerin sıvı malzemelerle birleşmesi için altan üstte doğru sürekli olarak karıştırın. Güzelce karışmış olan kek harcını yağlanmış fırın kabınıza dökün ve üzerini düzeltin.</p>', '<p>Trileçenin pandispanyasını önce 170 derece ısıtılmış fırında 10 dakika pişirin. 10 dakika sonunda fırın ısısını 150 dereceye indirip 20-25 dakika kadar pişirin.\xa0Pişen pandispanyayı oda sıcaklığında soğumaya bırakın ve üzerine kürdan yardımıyla delikler açın.</p>', '<p>Sütlü şerbeti için; inek sütü, manda sütü ve keçi sütünü tencereye alın. Şekerini de ekleyip eriyene kadar karıştırın. Kaynamaya başladıktan sonra ocağın altını kapatın ve ılımaya bırakın.</p>', '<p>Karameli için; ayrı bir sos tenceresinde toz şekeri kontrollü olarak eritin. Üzerine tereyağını ekleyin. Fokurdamaya başlayan tereyağlı şekerin üzerine\xa0kremayı ekleyin ve karıştırıp ocaktan alın, soğumaya bırakın.</p>', '<p>Oda sıcaklığında soğumuş olan trileçe pandispanyasının üzerine ılık sütlü şerbeti ekleyin ve sütü iyice çektikten sonra buzdolabında soğumaya bırakın.</p>', '<p>Bu esnada 1 paket krem şanti hazırlayın. Soğumuş olan kekinizin üzerine ince bir tabaka halinde krem şantiyi yayın.</p>', '<p>Hazırlamış olduğunuz karameli de üzerine güzelce yayın.</p>', '<p>Ardından dilimleyin ve soğuk olarak servis edin. Afiyetler olsun!</p>']",SÜTLÜ TATLI,239b56,/tarif/sutlu-tatlilar/,"['Tatlı', 'Ramazan', 'Sütlü Tatlı', 'Video']",,['Çay Saati'],['Fırın'],,False,2100,1800,2021-03-22T05:01:53Z,4.0,767271,3972,False,True,True,0,,0,,,,2014/11/trilece-ytk-site.jpg,0,0,https://cdn.yemek.com/mnresize/940/940/uploads/2014/11/trilece-ytk-site.jpg,940,940,False,https://cdn.yemek.com/mncrop/300/200/uploads/2014/11/trilece-ytk-site.jpg,300,200,True,https://cdn.yemek.com/mncrop/940/625/uploads/2014/11/trilece-ytk-site.jpg,940,625,True,https://cdn.yemek.com/mncrop/620/388/uploads/2014/11/trilece-ytk-site.jpg,620,388,True,https://cdn.yemek.com/mncrop/600/315/uploads/2014/11/trilece-ytk-site.jpg,600,315,True,,,,,,
1049,2518,Yasemin Özaltın,https://cdn.yemek.com/author/35533/20181219061403_avatar.jpg,/profil/yasemingursurer/,Onsuz Olmaz: Bulgur Pilavı,Bulgur Pilavı,/tarif/bulgur-pilavi/,20 dk,10 dk,"<p>Herkesin <a href=""https://yemek.com/tarif/domatesli-bulgur-pilavi/"" target=""_blank"">bulgur pilavı</a> tarifi ufak da olsa farklılıklar gösteriyor. Kimi içine domates biber koyarken, kimi sade, kimi tel şehriyeli hazırlıyor. Sulu yemeklerin sevdalısı, yoğurt ve salatalık turşusuna anlam katan bulgur pilavını özüyle sözüyle sade olarak hazırlıyor, soframızın baş köşesine alıyoruz. Bulgur pilavı, <a href=""https://yemek.com/tarif/pilav/"" target=""_blank"">pilav tarifleri</a> arasında en çok sevilenlerden de biri. Şöyle tane tane döküleni de pek makbul. Bu domatesli bulgur pilavı tarifi çok klasik bir tarif olsa da bir de bizim tarifimizle deneyin deriz. Karşınızda tüm püf noktalarıyla enfes bulgur pilavı tarifimiz!</p>
<p>En klasik bulgur pilavı diyoruz ama yanına <a href=""https://yemek.com/tarif/bezelye-yemegi/"" target=""_blank"">bezelye</a> pişiresimiz, karşısına yoğurdu alasımız, belki de bir çoban salatayla masayı şenlendiresimiz var. Pek de güzel yiyesimiz var sonra. Her <a href=""https://yemek.com/tarif/"" target=""_blank"">yemek tarifinin</a> yanına çok yakışan, doyurucu, enfes mi enfes salçalı bulgur pilav tarifimize buyurun.</p>
<p>Bulgur pilavının ölçüsünden adım adım yapılışına kıvamı tam tutan, ölçüleri hiç şaşmayan bulgur pilavı tarifi karşınızda.</p>
<p>Haydi girin mutfağa, bize eşlik edin. Afiyetler olsun.</p>
<p>Not: ""Ben bulgur pilavı çeşitlerini görmek istiyorum."" diyenler için yeşil mercimekli bulgur pilavı tarifini <a href=""https://yemek.com/tarif/mercimekli-bulgur-pilavi/"" target=""_blank"">şuraya</a>, sade bulgur pilavı tarifini <a href=""https://yemek.com/tarif/sade-bulgur-pilavi/"" target=""_blank"">buraya</a>, domatesli bulgur pilavını da tam <a href=""https://yemek.com/tarif/domatesli-bulgur-pilavi/"" target=""_blank"">şuraya</a> bırakalım. Afiyet olsun!</p>
",recipe,"['kuru soğan', 'biber salçası', 'tereyağı', 'tuz', 'pul biber', 'sarımsak', 'su', 'zeytinyağı', 'karabiber', 'domates salçası', 'domates', 'yeşil biber', 'kekik', 'pilavlık bulgur']","['Birer yemek kaşığı tereyağı ve zeytinyağını bir pilav tenceresinde\xa0kızdırın. Üzerine soğanları ilave edin.', '2 adet yemeklik doğranmış kuru soğanı da tencereye ekleyin ve pembeleşinceye kadar kavurun.\xa01 adet ezilmiş sarımsak ve 2 adet doğranmış yeşil biberi de ekleyin ve kavurun.', '1 yemek kaşığı domates salçası ve yarım yemek kaşığı biber salçasını da ekleyip kokusu çıkana kadar kavurun.', 'Sonra 2 su bardağı pilavlık bulguru ekleyin.', ""Baharat olarak 1'er çay kaşığı tuz, karabiber, pul biber ve 1 tatlı kaşığı kekik ilave edin."", '2 adet rendelenmiş domatesi ilave edin.', '4 su bardağı su ekledikten sonra tencerenin kapağını kapatıp pişmeye bırakın.', 'Bulgurlar göz göz olup suyunu çektiğinde\xa0ocağın altını kapatın.', 'Pilavınızın altını kapatın ve dinlenmeye bırakın.', 'Bulgur pilavınız hazır, afiyet olsun!']",PİLAV,239b56,/tarif/pilav/,"['Ramazan', 'Pilav', 'Video', 'Bakliyat']","['pratik yemek tarifleri', 'akşam yemeği', 'öğle yemeği']","['Öğle Yemeği', 'Akşam Yemeği']",['Tencere'],['Vejetaryen'],False,1200,600,2021-03-23T08:12:32Z,4.0,763827,6496,False,True,True,0,,0,,,,2015/05/bulgur-pilavi-yemekcom.jpg,0,0,https://cdn.yemek.com/mnresize/940/940/uploads/2015/05/bulgur-pilavi-yemekcom.jpg,940,940,False,https://cdn.yemek.com/mncrop/300/200/uploads/2015/05/bulgur-pilavi-yemekcom.jpg,300,200,True,https://cdn.yemek.com/mncrop/940/625/uploads/2015/05/bulgur-pilavi-yemekcom.jpg,940,625,True,https://cdn.yemek.com/mncrop/620/388/uploads/2015/05/bulgur-pilavi-yemekcom.jpg,620,388,True,https://cdn.yemek.com/mncrop/600/315/uploads/2015/05/bulgur-pilavi-yemekcom.jpg,600,315,True,"['tencere', 'düşük karbonhidratlı']",,,,,
1050,1021,Yasemin Özaltın,https://cdn.yemek.com/author/35533/20181219061403_avatar.jpg,/profil/yasemingursurer/,Kıvamı Mükemmel: Terbiyeli Tavuk Çorbası,Terbiyeli Tavuk Çorbası,/tarif/terbiyeli-tavuk-corbasi/,30 dk,20 dk,"<p><a href=""https://yemek.com/tarif/tavuk-suyu-corbasi/"" target=""_blank"">Tavuk suyu</a>nun soğuk algınlığı ve grip başta olmak üzere tüm hastalıklara karşı savaştığı ve vücut direncini artırdığı artık hepimiz biliyoruz. Hastalıklar bir türlü bitmezken <a href=""https://yemek.com/tarif/corba/"" target=""_blank"">çorba</a> tarifleri de işte bu noktada kurtarıcımız oluyor. Krema eklemeye gerek kalmadan terbiyeli karışımı ile leziz ve pratik bir şekilde hazırlanan terbiyeli <a href=""https://yemek.com/tarif/tavuk-corbasi/"" target=""_blank"">tavuk çorbası</a> size iyi gelecek.</p>
<p>Arzuya göre terbiyeli tavuk çorbasına şehriye ekleyerek doyuruculuğunu arttırabilirsiniz. Domates salçası ve şehriye eklenmiş <a href=""https://yemek.com/tarif/sehriyeli-tavuk-suyu-corba/"" target=""_blank"">şehriyeli tavuk çorbası</a> da çok nefis oluyor bizden söylemesi, mutlaka deneyin. Afiyet olsun!</p>
",recipe,"['tuz', 'un', 'su', 'yoğurt', 'yumurta sarısı', 'defne yaprağı', 'tel şehriye', 'nane (arzuya göre)', 'tavuk but']","['Derin bir tencerede, kalçalı budu, 2 adet defne yaprağı, yarım tatlı kaşığı tuz ve 2 litre su ile birlikte haşlayın.', 'Çorbanın terbiyesi için; 1 su bardağı yoğurdu, 1,5 yemek kaşığı unu, 1 adet yumurta sarısını, 1 çay kaşığı tuzu ve yarım limon suyunu bir kaba aktarın.', 'Pürüzsüz bir kıvam alana kadar çırpın.', 'Tenceredeki tavuk haşlandıktan sonra tavuğu ve defne yapraklarını içerisinden alın ve tavukları ince olacak şekilde didikleyin.', 'Tavuğun haşlanan suyundan 1 kepe alıp hazırladığınız terbiyeye yavaş yavaş dökün ve suyun sıcaklığı ile eşitleyin.', 'Sıcaklık eşitlendikten sonra tüm terbiye karışımını çorba tenceresine aktarın.', '1 çay bardağı tel şehriye ve didiklediğiniz tavukları da üzerine\xa0katın ve çorbayı 10 dakika kadar kısık ateşte, aralarda karıştırarak pişirmeye devam edin.', 'Kıvam alan terbiyeli tavuk çorbasını nane ve pulbiber ile süsledikten sonra sıcak olarak servis edin.\xa0Afiyet olsun!']",ÇORBA,,/tarif/corba/,"['Çorba', 'Tavuk', 'Ramazan', 'Video']","['pratik yemek tarifleri', 'ekonomik', 'başlangıç', 'akşam yemeği', 'öğle yemeği']",['Başlangıç'],['Tencere'],,False,1800,1200,2022-07-27T15:20:02Z,4.0,763555,5356,False,True,True,0,,0,,,,2014/11/terbiyeli-tavuk-corbasi-yemekcom.jpg,0,0,https://cdn.yemek.com/mnresize/940/940/uploads/2014/11/terbiyeli-tavuk-corbasi-yemekcom.jpg,940,940,False,https://cdn.yemek.com/mncrop/300/200/uploads/2014/11/terbiyeli-tavuk-corbasi-yemekcom.jpg,300,200,True,https://cdn.yemek.com/mncrop/940/625/uploads/2014/11/terbiyeli-tavuk-corbasi-yemekcom.jpg,940,625,True,https://cdn.yemek.com/mncrop/620/388/uploads/2014/11/terbiyeli-tavuk-corbasi-yemekcom.jpg,620,388,True,https://cdn.yemek.com/mncrop/600/315/uploads/2014/11/terbiyeli-tavuk-corbasi-yemekcom.jpg,600,315,True,"['tencere', 'bol proteinli']",greenLight,,,,
1051,877,Yasemin Özaltın,https://cdn.yemek.com/author/35533/20181219061403_avatar.jpg,/profil/yasemingursurer/,Dışarıdakilerden Çok Daha Nefis: Profiterol,Profiterol,/tarif/profiterol/,40 dk,30 dk,"<p>Çikolata tutkunlarını mutlu edecek nefis bir <a href=""https://yemek.com/tarif/tatli"" target=""_blank"">tatlı</a> olan profiterolu bu tarifle yapmak çok kolay!</p>
<p><strong>Pataşu</strong> ya da <a href=""https://yemek.com/tarif/su-hamuru/"" target=""_blank"">şu hamuru</a> olarak da bilinen, hamurları fırında puf gibi kabartıp içlerini dolduracak kremayı sabırsızlıkla beklerken, bir yandan bitter çikolatalı sosunu hazırlıyoruz. Kaşık kaşık yemek isteyeceğiniz profiterol tarifini; ince çekilmiş fındık, fıstık, ceviz içi ve muz gibi meyve dilimleriyle süsleyip daha da lezzetli hale getirebilirsiniz. Pastanelerde yemeye alışkın olduğunuz bu enfes tatlıyı evinize taşıyarak nefis mi nefis bir profiterol tarifi hazırlıyoruz. Üstelik bu <a href=""https://yemek.com/tarif/"" target=""_blank"">yemek tarifinin</a> yapımı da sandığınız kadar zor değil.</p>
<p>Kökeninin <strong>Fransız mutfağı</strong> olan profiterol, yapımı biraz zahmetli gibi görünse de sevdiklerinizi ve kendinizi ödüllendirmenin çok iyi bir yolu. <strong>Profiterol hamuru</strong>nu da profiterol kremasını da tarifimizde anlatacağımız resimli adımlarla bir bir uyguladığınızda nefis sonuçlar elde edeceğinize eminiz. Şimdiden ellerinize sağlık diyor ve sizi kolay profiterol tatlısı tarifimize buyur ediyoruz.</p>
",recipe,"['yumurta', 'yumurta', 'toz şeker', 'süt', 'un', 'un', 'su', 'krema', 'margarin', 'bitter çikolata', 'vanilin']","['Kremasını hazırlamak için; bir sos tenceresine süt, toz şeker, un ve yumurtayı ekleyip orta ateşte koyu bir kıvam alana kadar sürekli olarak karıştırın.', 'Koyulaşan kremaya vanilin ilave edip karıştırın, ocaktan alın ve oda sıcaklığına geldikten sonra sıkma poşetine doldurup, en az 1 saat buzdolabında bekletin.', 'Profiterol hamuru için; öncelikle fırını 180 dereceye ayarlayın. Derin bir sos tenceresine su ve margarini alıp karıştırarak kaynatın.', 'Üzerine unu ekleyip sürekli olarak karıştırarak dibine hamur yapışmaya başlayana kadar, yaklaşık 4-5 dakika pişirin. Dibi yapışmaya başlayan hamuru bir kaseye alın ve 15 dakika oda sıcaklığında soğutun.', 'Soğumuş olan hamurun üzerine her bir yumurtayı teker teker ekleyin ve her seferinde yumurtaları güzelce yedirerek yapışkan bir hamur elde edin. Bu hamuru varsa sıkma poşetine alın, daha kolay şekil vermek için yaklaşık 15 dakika daha dinlendirin.', 'Bekleyen hamurdan pişirme kağıdı serili fırın tepsisine aralarında biraz boşluk olacak şekilde ceviz büyüklüğünde toplar sıkın ya da kaşık yardımıyla dökün. Parmağınızın ucunu ıslatıp hamurların üzerindeki çıkıntıları düzeltin ve fırına alıp, piştiği süre boyunca kapağını hiç açmadan; yaklaşık 40 dakika pişirin.', 'Pişen profiteroller oda sıcaklığına geldikten sonra alt kısmından bıçakla delik açın ve hazırladığınız kremayı içine sıkın. Bunun yerine arasını kesip krema da doldurabilirsiniz.', 'Çikolata sosu için; küçük parçalara ayırdığınız bitter çikolatayı benmari usulü eritin. Üzerine krema ilave edip güzelce karıştırın. Hazırladığınız çikolata sosunu profiterollerin üzerine dökün.', 'Son olarak file Antep fıstığı gezdirip servis edin. Afiyet olsun!']",ÇİKOLATALI TATLI,239b56,/tarif/cikolatali-tatlilar/,"['Tatlı', 'Video', 'Dünya Mutfakları', 'Çikolatalı Tatlı']",['çay saati'],['Çay Saati'],['Fırın'],,False,2400,1800,2022-04-01T14:20:22Z,4.0,756116,6377,False,True,True,0,,0,,,,2014/11/profiterol-yemekcom2.jpg,0,0,https://cdn.yemek.com/mnresize/940/940/uploads/2014/11/profiterol-yemekcom2.jpg,940,940,False,https://cdn.yemek.com/mncrop/300/200/uploads/2014/11/profiterol-yemekcom2.jpg,300,200,True,https://cdn.yemek.com/mncrop/940/625/uploads/2014/11/profiterol-yemekcom2.jpg,940,625,True,https://cdn.yemek.com/mncrop/620/388/uploads/2014/11/profiterol-yemekcom2.jpg,620,388,True,https://cdn.yemek.com/mncrop/600/315/uploads/2014/11/profiterol-yemekcom2.jpg,600,315,True,,,,['Fransa'],,
1052,303,Ayşegül Uslu,https://cdn.yemek.com/author/409098/20230915055430_avatar.jpg,/profil/aysegulu/,Yağ Çekmez: Pişi,Pişi,/tarif/pisi/,15 dk,20 dk,"<p>Anadolu'nun pek çok noktasında kolaç, lokma, keçi ayağı, <a href=""https://yemek.com/tarif/hamur-kizartmasi/"" target=""_blank"">hamur kızartması</a> gibi isimlerle bilinen pişi, ailecek yapılan zengin sabah kahvaltıları için başarılı bir alternatif. Son yıllarda birçok kahvaltı mekanında da görebileceğiniz pişiyi evde de kolayca yapabilirsiniz. Üstelik kendisi sadece kahvaltılık olmakla kalmaz, yeri geldiğinde en lezzetli öğle yemeğine de, ara öğüne de dönüşebilir, <a href=""https://yemek.com/tarif/"" target=""_blank"">yemek tarifleri</a> içinde tam bir kurtarıcı olmasıyla bilinir.</p>
<p>Mayalı hamurla ne yapılır diyenlerin yardımına koşan bu pişiyi biz mayalayarak yaptık. Ama siz bekleme derdi olmasın, pratik olsun istiyorsanız şu <a href=""https://yemek.com/tarif/mayasiz-kolay-pisi/"" target=""_blank"">mayasız pişi</a> tarifimize de bakabilirsiniz. Hatta ve hatta <strong>karbonatlı pişi</strong> tarifimize <a href=""https://yemek.com/tarif/karbonatli-pisi/"" target=""_blank"">şuradan</a> ulaşabilir, farklı pişi çeşitleri içinse <a href=""https://yemek.com/pisi-tarifleri/"" target=""_blank"">şu içeriğimizden</a> yararlanabilirsiniz.</p>
<p>Peynir, zeytin, domates gibi <a href=""https://yemek.com/tarif/kahvaltiliklar/"" target=""_blank"">kahvaltılıklar</a>la da afiyet olur; reçel ya da çikolata ile nefis olur. Biz özellikle <a href=""https://yemek.com/tarif/incir-receli"" target=""_blank"">ev yapımı nefis incir reçeli</a> ile öneriyoruz.</p>
<p>Nefis <strong>pişi tarifi</strong>mizin videolu ve adım adım resimli anlatımı hemen aşağıda. Buyursunlar!</p>
",recipe,"['tuz', 'toz şeker', 'ayçiçek yağı', 'un', 'ılık su', 'yaş maya']","['Pişi tarifi için önce ılık su içerisinde 1 yemek kaşığı toz şeker ve 1/2 paket yaş mayayı çözdürün.', 'Karıştırdıktan sonra 10 dakika kadar dinlenmeye bırakın.', 'Dinlenen karışıma 3 su bardağı un\xa0ve tuzu harmanlayarak ekleyin ve karıştırmaya devam edin.', 'Kalan unu da azar azar ilave ederek bir yandan da yoğurmaya başlayın.', 'Hamuru 5-10 dakika kadar yoğurun.', 'Hamurun üzerini örtüp oda ısısında bir saat kadar mayalayın.', 'Mayalanan hamuru tezgaha alın ve ceviz büyüklüğünde parçalar koparıp yuvarlayın. Üzerilerine un serptikten sonra elinizle hafifçe bastırarak düzleştirin.', 'Tezgahta 10 dakika daha mayalandırdıktan sonra bir şişe kapağıyla\xa0ortalarına delikler açın. Bu sayede pişileriniz daha güzel kabaracaktır.', 'Geniş ve derin bir tavada sıvı yağı kızdırın. Pişileri yavaş yavaş yağa atarak arkalı önlü kızartın. Pişenleri\xa0fazla yağını bırakması için bir iki dakika havlu peçete üzerinde dinlendirin.', 'Pişi tarifi hazır. Afiyet olsun.']",KAHVALTILIK,239b56,/tarif/kahvaltiliklar/,"['Hamur İşi', 'Kahvaltılık', 'Çörek']","['ekonomik', 'kahvaltı', 'çay saati']","['Başlangıç', 'Kahvaltı', 'Çay Saati']",['Kızartma'],['Vejetaryen'],False,900,1200,2022-03-18T13:50:52Z,4.0,752213,4360,False,True,True,0,,0,,,,2019/05/pisi-asama-18.jpg,0,0,https://cdn.yemek.com/mnresize/940/940/uploads/2019/05/pisi-asama-18.jpg,940,940,False,https://cdn.yemek.com/mncrop/300/200/uploads/2019/05/pisi-asama-18.jpg,300,200,True,https://cdn.yemek.com/mncrop/940/625/uploads/2019/05/pisi-asama-18.jpg,940,625,True,https://cdn.yemek.com/mncrop/620/388/uploads/2019/05/pisi-asama-18.jpg,620,388,True,https://cdn.yemek.com/mncrop/600/315/uploads/2019/05/pisi-asama-18.jpg,600,315,True,,,,,,
1053,1793,Ayşegül Uslu,https://cdn.yemek.com/author/409098/20230915055430_avatar.jpg,/profil/aysegulu/,Tüm Sırlarıyla: Kazandibi,Kazandibi,/tarif/kazandibi/,35 dk,15 dk,"<p>İçinde haşlanmış ve çok çok ince dizilmiş <a href=""https://yemek.com/tarif/tavuk/"" target=""_blank"">tavuk</a> eti katılan versiyonlarının da olduğu esmer <a href=""https://yemek.com/tarif/sutlu-tatlilar/"" target=""_blank"">sütlü tatlı</a> kazandibini pratik bir şekilde hazırlamaya ve afiyetle yemeye var mısınız? Tavuk göğsüne kazandibi tarifinde yer vermedik çünkü, onun gerçek bir <a href=""https://yemek.com/tarif/tavuk-gogsu/"" target=""_blank"">tavuk göğsü tatlısı</a>na daha çok yakıştığını düşünmekteyiz.</p>
<p>Şimdi sizi şöyle mutfağa doğru alalım ve tatlıcılarda yemeye alıştığınız kazandibini evde nasıl <a href=""https://yemek.com/tarif/tatli/"" target=""_blank"">tatlı</a> tatlı, lezzetli lezzetli yapabileceğinizi anlatalım.</p>
",recipe,"['tereyağı', 'toz şeker', 'süt', 'vanilya', 'pudra şekeri', 'buğday nişastası', 'pirinç unu']","['Sübyesi için; bir kasede\xa02 su bardağı sütü,\xa0yarım bardak toz şekeri, buğday nişastasını ve pirinç unu karıştırın. Topak kalmayana kadar çırpıcı yardımıyla çırpın.', 'Geniş bir tencereye kalan 5 su bardağı sütü ve 1 su bardağı şekeri ilave edin. Bir taşım kaynatın. Kaynayan süte yavaş yavaş sübyeyi ilave ederek sürekli karıştırın. Ocağı kısık ateşe getirerek, sürekli karıştırarak muhallebi kıvamına gelene kadar pişirin.', 'Muhallebi koyulaşıp göz göz olduğunda ocaktan alın ve vanilyayı ilave edip tekrar karıştırın. Oda sıcaklığında soğumaya bırakın.', 'Köşeli bir borcamı tereyağıyla yağlayın ve üzerine eşit olacak şekilde pudra şekerini eleyin.', 'Tepsiyi ocak üzerinde çevire çevire karışımı yakın. Tüm şeker eriyip karamelize olunca, tepsinin dibine muhallebiden ince bir kat sürün ve bir tur da muhallebiyle birlikte yakın.', 'Yakma işlemi bittiğinde kalan muhallebiyi de tepsiye dökün. Üzerini bir spatula yardımıyla düzeltin.', 'Buzdolabına kaldırıp kıvam alması için soğuttuğunuz tatlıyı, ince uzun dilimlere ayırın\xa0ve spatula yardımıyla kıvırarak rulo şeklinde sarın.\xa0Ev yapımı mis kokulu kazandibiniz hazır, afiyet olsun!']",SÜTLÜ TATLI,239b56,/tarif/sutlu-tatlilar/,"['Tatlı', 'Ramazan', 'Sütlü Tatlı', 'Video']","['ekonomik', 'ara öğün']",['Çay Saati'],['Tencere'],['Ekonomik'],False,2100,900,2021-08-17T07:30:14Z,4.0,750751,3376,False,True,True,0,,0,,,,2021/08/kazandibi-yemekcom.jpg,0,0,https://cdn.yemek.com/mnresize/940/940/uploads/2021/08/kazandibi-yemekcom.jpg,940,940,False,https://cdn.yemek.com/mncrop/300/200/uploads/2021/08/kazandibi-yemekcom.jpg,300,200,True,https://cdn.yemek.com/mncrop/940/625/uploads/2021/08/kazandibi-yemekcom.jpg,940,625,True,https://cdn.yemek.com/mncrop/620/388/uploads/2021/08/kazandibi-yemekcom.jpg,620,388,True,https://cdn.yemek.com/mncrop/600/315/uploads/2021/08/kazandibi-yemekcom.jpg,600,315,True,"['vejetaryen', 'glutensiz']",,,,,
1054,3475,Yasemin Özaltın,https://cdn.yemek.com/author/35533/20181219061403_avatar.jpg,/profil/yasemingursurer/,Püf Noktalarıyla: Zeytinyağlı Biber Dolması,Zeytinyağlı Biber Dolması,/tarif/zeytinyagli-biber-dolmasi/,45 dk,30 dk,"<p>Zeytinyağlı kontenjanının öne çıkan yemeği, kalabalık sofraların vazgeçilmez <a href=""https://yemek.com/tarif/"" target=""_blank"">yemek tariflerindendir</a> zeytinyağlı biber dolması. Püf noktalarından biri lezzetin doruk noktasına ulaşması için bol bol kuru soğan kullanmaktır. Pirinçlerin hafif diri kalacak şekilde kavrulması, hazırlanan dolmaların kısık ateşte pişirilmesi esastır. Arzuya göre kuş üzümlü, dolmalık fıstıklı ve tarçınlı olabilen iç harç bol soğanlı sade ya da rendelenmiş domates ilavesiyle de hazırlanabilir.</p>
<p><a href=""https://yemek.com/tarif/biber-dolmasi/"" target=""_blank"">Etli biber dolması</a> alınmasın ancak zeytinyağlı hali ılık ya da soğuk olarak sofraları süsleyebildiği için daha sevilir. <a href=""https://yemek.com/tarif/vejetaryen/"" target=""_blank"">Vejetaryen</a> beslenenler için lezzetli bir öğün, pilav çeşitlerine alternatif olabilecek en iddialı seçeneklerden bir tanesidir.</p>
<p>Çocukluğumuzda sadece içindeki <a href=""https://yemek.com/tarif/pilav/"" target=""_blank"">pilav</a>ı yemek için annemizle kavga ettiğimiz hala bazılarımızın bu sebeple biberini yiyemediği, dondurma kutularından en çok fırlayan yemektir biber dolması. Ama sevin ya da sevmeyin <strong>Türk mutfağının en simge yemeklerinden</strong> biridir biber dolması. Üzerine yoğurdun döküldüğü anda iştahı kabarmayan insan yoktur aslında.</p>
<p>Lafı çok uzattık, gerisi sizin akşam yemeğiniz olsun.</p>
",recipe,"['pirinç', 'kuru soğan', 'sıcak su', 'nane', 'tuz', 'toz şeker', 'zeytinyağı', 'karabiber', 'kuş üzümü', 'dolmalık fıstık', 'yenibahar', 'orta boy dolmalık biber', 'orta boy domates (üzerlerini kapatmak için)']","['Zeytinyağlı biber dolması için yarım su bardağı zeytinyağını geniş bir pilav tenceresine alın ve 2 adet yemeklik doğranmış kuru soğan ile birlikte pembeleşinceye kadar kavurun.', '2 yemek kaşığı dolmalık fıstığı da ekleyip renk alana kadar kavurmaya devam edin.', 'Dolmalık fıstıklar renk aldıktan sonra 1,5 su bardağı yıkanmış pirinci ekleyin ve 2-3 dakika kadar kavurun.', '1 yemek kaşığı kuş üzümü, 1 tatlı kaşığı tuz, yarım çay kaşığı karabiber,\xa0yarım çay kaşığı yenibahar, yarım tatlı kaşığı toz şeker ve 1 tatlı kaşığı naneyi de ekledikten sonra son kez karıştırın.', '2 su bardağı sıcak suyu ekleyip, pirinçler diri kalacak şekilde 7-8 dakika kadar pişirin ve ocaktan alın.', 'Hazırladığınız dolma harcını, üst kapağını ve iç kısmını çıkardığınız yaklaşık 10- 15 adet dolmalık biberin içerisine doldurun. Ağız kısımlarında şişme ve pişme payı bırakmaya özen gösterin.', 'Hazırladığınız dolmaları\xa0tencereye dik bir şekilde dizin.', 'Biberlerin üst kısımlarını ikiye bölünmüş cherry domates ile kapatın.', 'Tencerenin yarısına kadar su doldurun ve üzerlerine zeytinyağı gezdirip kapağını kapatın.', 'Dolmaları,\xa0 kısık ateşte pişirme suyu bitip pirinçler\xa0şişene kadar yaklaşık 30-35 dakika pişirin. Ilık ya da soğuk olarak servis edin. Afiyet olsun!']",ZEYTİNYAĞLI,239b56,/tarif/zeytinyaglilar/,"['Sebze', 'Özel Beslenme', 'Vejetaryen', 'Ramazan', 'Zeytinyağlı', 'Vegan', 'Video', 'Mevsiminde']",,"['Öğle Yemeği', 'Akşam Yemeği']",['Tencere'],"['Ekonomik', 'Vejetaryen', 'Vegan']",False,2700,1800,2022-08-24T11:40:42Z,4.0,750144,4840,False,True,True,0,,0,,,,2015/09/zeytinyagli-biber-dolmasi-yemekcom.jpg,0,0,https://cdn.yemek.com/mnresize/940/940/uploads/2015/09/zeytinyagli-biber-dolmasi-yemekcom.jpg,940,940,False,https://cdn.yemek.com/mncrop/300/200/uploads/2015/09/zeytinyagli-biber-dolmasi-yemekcom.jpg,300,200,True,https://cdn.yemek.com/mncrop/940/625/uploads/2015/09/zeytinyagli-biber-dolmasi-yemekcom.jpg,940,625,True,https://cdn.yemek.com/mncrop/620/388/uploads/2015/09/zeytinyagli-biber-dolmasi-yemekcom.jpg,620,388,True,https://cdn.yemek.com/mncrop/600/315/uploads/2015/09/zeytinyagli-biber-dolmasi-yemekcom.jpg,600,315,True,,,['Ağustos'],,,
1055,2845,Yasemin Özaltın,https://cdn.yemek.com/author/35533/20181219061403_avatar.jpg,/profil/yasemingursurer/,Çok Hafif: Kabak Yemeği,Kabak Yemeği,/tarif/kabak-yemegi/,35 dk,20 dk,"<p>Hafif yaz yemeklerinin baş tacıdır kabak <a href=""https://yemek.com/tarif/"" target=""_blank"" rel=""noopener"">yemeği</a>. Arzuya göre pirinç ilavesiyle pişirilir.<strong> Zeytinyağlı kabak yemeğine kuru nane oldukça yakışır</strong>. <a href=""https://yemek.com/tarif/mevsiminde/"" target=""_blank"" rel=""noopener"">Mevsiminde</a> sulu ve kokulu domateslerle asıl lezzetini bulur, olmadı salçadan destek alır. İncecik kıyılmış dereotu ve yoğurt eşliğinde servise hazırlanır.</p>
<p>Tabak tabak yemek isteyeceğiniz kalorisi düşük bir <a href=""https://yemek.com/tarif/zeytinyaglilar/"" target=""_blank"" rel=""noopener"">zeytinyağlı</a> olan pirinçli kabak yemeği dereotuyla süslendikten sonra sofralardaki yerini alıyor. <a href=""https://yemek.com/tarif/diyet/"" target=""_blank"" rel=""noopener"">Az kalorili</a> zeytinyağlı kabak yemeğinin yapılışını adım adım resimli ve videolu olarak aşağıya bırakıyoruz. Afiyet olsun!</p>",recipe,"['pirinç', 'sıcak su', 'tuz', 'sarımsak', 'zeytinyağı', 'karabiber', 'domates salçası', 'dereotu', 'orta boy kabak', 'orta boy kuru soğan', 'büyük boy domates']","['<p>Kabak yemeği için 4 yemek kaşığı zeytinyağını tencerede kızdırın ve üzerine 1 adet yemeklik doğranmış soğanları ekleyin ve pembeleşinceye kadar kavurun.</p>', '<p>3 diş doğranmış sarımsak ve yarım tatlı kaşığı domates salçasını ekleyin ve kokusu çıkana kadar kavurun.</p>', '<p>1 adet büyük boy soyulmuş ve küp soğranmış domatesleri ekleyin ve kavurmaya devam edin.</p>', ""<p>5 adet doğranmış orta boy kabak, 1'er çay kaşığı tuz ve karabiber, 2 yemek kaşığı yıkanmış pirinci ve 2 su bardağı sıcak suyu ekleyip orta ateşte pişmeye bırakın.</p>"", '<p>Piştikten sonra 1 avuç doğranmış dereotu ekleyip karıştırın.</p>', '<p>Sıcak olarak servis edin afiyet olsun.</p>']",ZEYTİNYAĞLI,239b56,/tarif/zeytinyaglilar/,"['Sebze', 'Özel Beslenme', 'Vejetaryen', 'Diyet', 'Ramazan', 'Zeytinyağlı', 'Vegan', 'Video', 'Sulu Yemek', 'Mevsiminde']",,"['Öğle Yemeği', 'Akşam Yemeği']",['Tencere'],"['Ekonomik', 'Vejetaryen', 'Düşük Kalorili', 'Düşük Karbonhidratlı', 'Vegan']",False,2100,1200,2015-06-22T15:21:32Z,4.0,749045,8445,False,True,True,0,,0,,,,2015/06/kabak-yemegi-yemekcom.jpg,0,0,https://cdn.yemek.com/mnresize/940/940/uploads/2015/06/kabak-yemegi-yemekcom.jpg,940,940,False,https://cdn.yemek.com/mncrop/300/200/uploads/2015/06/kabak-yemegi-yemekcom.jpg,300,200,True,https://cdn.yemek.com/mncrop/940/625/uploads/2015/06/kabak-yemegi-yemekcom.jpg,940,625,True,https://cdn.yemek.com/mncrop/620/388/uploads/2015/06/kabak-yemegi-yemekcom.jpg,620,388,True,https://cdn.yemek.com/mncrop/600/315/uploads/2015/06/kabak-yemegi-yemekcom.jpg,600,315,True,,,"['Haziran', 'Temmuz', 'Ağustos']",,,['Ana Yemek']
1056,442,Yasemin Özaltın,https://cdn.yemek.com/author/35533/20181219061403_avatar.jpg,/profil/yasemingursurer/,Katkı Maddesiz: Ev Yapımı Limonata,Ev Yapımı Limonata,/tarif/ev-yapimi-limonata/,20 dk,20 dk,"<p>Pratik bir şekilde, katkı maddesiz, buzdolabında serin serin muhafaza edilebilecek, ikramlık ev yapımı limonata hazırlamak çok zevkli.</p>
<p>Türk yemek sektöründe, restoranlarda, kafelerde yaz cemresidir limonata. Eskiden sadece tek başına içilen bir şeyken şimdilerde kolaya, ayrana ve hatta kahveye rakip olup <a href=""https://yemek.com/tarif/makarna/"" target=""_blank"">makarnanın</a>, <a href=""https://yemek.com/tarif/tavuk/"" target=""_blank"">tavuk yemeklerinin</a> ve hatta <a href=""https://yemek.com/tarif/et"" target=""_blank"">et yemeklerinin</a> yanında boy göstermeye başladı. Yazın en güzel şeylerinden biri limonata ve inanın birçok yemeğe de çok yakışıyor.</p>
<p>Ev yapımı gerçek limonata ise hiçbir mekanın size aynı lezzette yardımcı olamayacağı kadar güzel. İnsanın aklına babaanne evinde klasik sürahi içinde içilen günleri getirecek kadar nostaljik. Daha bacak kadarken doğum günü pastasının yanında içilecek kadar duygusal. İyi ki var.</p>
<p>Bu kadar konuştuktan sonra buzlukta da saklanabilecek, kolay mı kolay, portakalsız limonata tarifini yapmamak, serinlememek, ferahlamamak olmaz.</p>
<p>Ev yapımı limonata nasıl yapılır? diyenler haydi mutfağa.</p>
",recipe,"['nane', 'toz şeker', 'limon', 'buz', 'içme suyu']","['Bol suda yıkadığınız 10 adet limonun, kabuklarını rendenin kalın tarafıyla rendeleyin. Beyaz kısımlarını almamaya özen gösterin.', 'Kabuğu rendelenmiş dört adet limonu ortadan ikiye kesin ve suyunu sıkın. Kalan limonları küçük parçalar halinde dilimleyin.', '2 su bardağı toz şeker ve taze sıkılmış limonların suyunu karıştırın.', 'Rendelenmiş limon kabuklarını, limon parçaları ve ayıkladığınız 1 demet nane yapraklarının yarısını da ekledikten sonra şeker tamamen eriyip, tüm limonların suyu çıkana kadar yoğurun.', 'Nane yapraklarını da ekleyin.', 'Özünün çıkması için bu karışımı tel bir süzgeç yardımıyla\xa0bir kaseye süzün.', '5 su bardağı içme suyunu ekledikten sonra limonatayı buzdolabında soğutun.', '2 su bardağı buz ilavesiyle karıştırdıktan sonra\xa0 keyfini çıkararak için. Afiyet olsun!']",İÇECEK,239b56,/tarif/icecekler/,"['İçecek', 'Video', 'Mevsiminde']","['pratik yemek tarifleri', 'ekonomik', 'ara öğün', 'çay saati']","['Ara Öğün', 'Çay Saati']",,['Ekonomik'],False,1200,1200,2021-03-25T06:00:50Z,4.0,786118,3534,False,True,True,0,,0,,,,2014/08/ev-yapimi-limonata-yemekcom.jpg,0,0,https://cdn.yemek.com/mnresize/940/940/uploads/2014/08/ev-yapimi-limonata-yemekcom.jpg,940,940,False,https://cdn.yemek.com/mncrop/300/200/uploads/2014/08/ev-yapimi-limonata-yemekcom.jpg,300,200,True,https://cdn.yemek.com/mncrop/940/625/uploads/2014/08/ev-yapimi-limonata-yemekcom.jpg,940,625,True,https://cdn.yemek.com/mncrop/620/388/uploads/2014/08/ev-yapimi-limonata-yemekcom.jpg,620,388,True,https://cdn.yemek.com/mncrop/600/315/uploads/2014/08/ev-yapimi-limonata-yemekcom.jpg,600,315,True,,,"['Haziran', 'Temmuz', 'Ağustos', 'Eylül']",,,
1057,3233,Yasemin Özaltın,https://cdn.yemek.com/author/35533/20181219061403_avatar.jpg,/profil/yasemingursurer/,"Yumuşacık, Sulu Sulu Pişer: Tavuk Sote",Tavuk Sote,/tarif/tavuk-sote/,25 dk,15 dk,"<p><a href=""https://yemek.com/tarif/"" target=""_blank"">Yemek tariflerinin</a> en sevilenlerinden tavuk sote tarifinde zaman önemli. Aslına bakarsanız sote işlemi de uzun lafın kısası bir pişirme yöntemi. Kızgın tavada, yüksek ateş üzerinde alt üst edilen sebze ve et karışımları renk, doku ve tatlarını kaybetmeden kısa sürede pişiyor. Etler sertleşmiyor, sebzeler kurumuyor. Size de pratik ve kolay bir yöntemle hazırlanan bu <a href=""https://yemek.com/tarif/tavuk/"" target=""_blank"">tavuk tarifinin</a> keyfini ağız tadıyla çıkartmak düşüyor.</p>
<p>Tavada sote edilen yiyeceklerin sık sık sallanarak karıştırılması da ayrı bir konu. Et ve sebzelerin küçük ve birbirine yakın boyutlarda kesilmesi öneriliyor. Kullanılan etlerin olabildiğine körpe ve sinirsiz, baharatlarla önceden tatlandırılmış olması gerekiyor.</p>
<p>Teknik detayları bir kenara bıraktığımızda, pratik ve lezzetli tarifler arasında ilk üçe girebileceğini de söyleyebiliriz tavuk sote için (<a href=""https://yemek.com/tarif/sebzeli-tavuk-sote/"" target=""_blank"">sebzeli tavuk sote</a> ve <a href=""https://yemek.com/tarif/mantarli-tavuk-sote/"" target=""_blank"">mantarlı tavuk sote</a> için de aynı şekilde!). Pilava eşlik eder, yoğurtla anlaşır, salata onu sever, misafir gelse masada olur. Evde tek başına olsan, seni yalnız bırakmaz.</p>
<p>Bu kadar bilginin üzerine kolay ve lezzetli tavuk sote tarifini hak ettik sanırız. Adım adım resimli anlatımı ve videosuyla karşınızda tavuk sote!</p>
",recipe,"['tuz', 'pul biber', 'karabiber', 'yeşil biber', 'kırmızı biber', 'tavuk göğsü', 'kuru nane', 'soğan', 'doğranmış domates', 'sıvı yağ']","['Tavanın içerisine 2 yemek kaşığı sıvı yağı alın ve üzerine 300 gram kuşbaşı doğranmış tavuğu ilave ederek yüksek ateşte soteleyin.', 'Pişen tavukların üzerine 1 adet doğranmış soğanı ilave ederek sotelemeye devam edin.\xa0 1', 'adet doğranmış yeşil biber ve yarım adet doğranmış kapya biberi de ekleyin.', '1 adet doğranmış domatesi de tavanın içerisine aktarın.', 'Biraz suyunu çektikten sonra sırasıyla birer çay kaşığı tuz, karabiber, pul biber ve kuru nane ilave ederek güzelce karıştırın.', 'İyice pişince tavuk sotenizi ocaktan alın ve servis edin. Afiyet olsun!']",TAVUK,239b56,/tarif/tavuk/,"['Tavuk', 'Ramazan', 'Video']","['pratik yemek tarifleri', 'ekonomik', 'akşam yemeği', 'öğle yemeği']","['Öğle Yemeği', 'Akşam Yemeği']","['Tencere', 'Ocak']","['Ekonomik', 'Glutensiz', 'Bol Proteinli', 'Düşük Kalorili']",False,1500,900,2015-08-17T14:19:38Z,4.0,783975,5977,False,True,True,0,,0,,,,2015/08/tavuk-sote-yemekcom.jpg,0,0,https://cdn.yemek.com/mnresize/940/940/uploads/2015/08/tavuk-sote-yemekcom.jpg,940,940,False,https://cdn.yemek.com/mncrop/300/200/uploads/2015/08/tavuk-sote-yemekcom.jpg,300,200,True,https://cdn.yemek.com/mncrop/940/625/uploads/2015/08/tavuk-sote-yemekcom.jpg,940,625,True,https://cdn.yemek.com/mncrop/620/388/uploads/2015/08/tavuk-sote-yemekcom.jpg,620,388,True,https://cdn.yemek.com/mncrop/600/315/uploads/2015/08/tavuk-sote-yemekcom.jpg,600,315,True,['bol proteinli'],,,,,
1058,131,Yasemin Özaltın,https://cdn.yemek.com/author/35533/20181219061403_avatar.jpg,/profil/yasemingursurer/,Lezzet Sırlarıyla: Lazanya,Lazanya,/tarif/lazanya/,25 dk,20 dk,"<p>Lazanya, köken itibarıyla <a href=""https://yemek.com/italyan-tarifleri/"">İtalyan</a> olmasa da damak zevkimize uygunluğuyla neredeyse artık bizden biri.</p>
<p>Lazanya, <a href=""https://yemek.com/tarif/makarna/"" target=""_blank"">makarna</a> hamuruyla yapılan, plaka halinde paketlenen, genellikle <a href=""https://yemek.com/tarif/bolonez-sos/"" target=""_blank"">bolonez sosu</a> ile birlikte fırında pişirilen <strong>İtalyan mutfağına ait</strong> nefis bir lezzet. %100 ev yapımı yapmak isterseniz de lazanya hamurunuzu evinizde de hazırlayabilirsiniz: <a href=""https://yemek.com/lazanya-hamuru-nasil-yapilir/"" target=""_blank"">Lazanya Hamuru Nasıl Yapılır?</a></p>
<p>Bu nefis lezzet bizim damak tadımıza çok yakın bir lezzet olunca onu çok sevdik ve her yediğimizde bayıldık. İçine biraz sevgimizi, biraz da elimizin lezzetini, damak zevkimizi kattık. Umarız lazanya tarifimiz sizin de favoriniz olur.</p>
",recipe,"['tereyağı', 'tereyağı', 'tuz', 'ayçiçek yağı', 'un', 'karabiber', 'karabiber', 'rendelenmiş kaşar peyniri', 'havuç', 'orta yağlı kıyma', 'defne yaprağı', 'soğuk süt', 'rendelenmiş muskat cevizi', 'rendelenmiş domates', 'soğan', 'bezelye', 'lazanya yaprağı', 'ezilmiş sarımsak']","['Lazanya tarifi için ayçiçek yağını ve tereyağı bir tavada kızdırın. Doğranmış soğanları 3- 4 dakika kadar kavurun.\xa0Üzerine havuçları ekleyip 3-4 dakika daha kavurmaya devam edin.', 'Kavrulan havuç ve soğanların üzerine kıymayı ekleyin ve suyunu salıp çekene kadar kavurun.', 'Sarımsak, tuz ve karabiberi ekleyin. Son olarak rendelenmiş domates ve defne yaprağını ekleyip harcı pişmeye bırakın.', 'Domates, suyunu biraz çektikten sonra içerisine bezelyeyi de ekleyin ve iç harcını pişirmeye devam edin.', 'Tüm malzemeler güzelce pişince iç harcınız hazır.', 'Beşamel sosu hazırlamak için; tereyağını sos tenceresinde eritin. Unu, kokusu çıkıp renk alana kadar kavurun.', 'Kavrulan una soğuk sütü ekleyin ve bir çırpıcı yardımıyla sürekli karıştırarak pişirin. Pişmeyen lazanya yaprakları kullandığınızda, normale göre beşamel sosunuzu daha sıvı olması gerekir. Bu yüzden çok kıvamlı olmamasına özen gösterin.', 'Karabiber ve rendelenmiş muskat cevizini ekledikten sonra ocaktan alın.', 'Fırın kabının tabanına biraz beşamel sos ve iç harçtan yayıp lazanya yapraklarını dizin.', 'Sırasıyla; kıymalı harç, beşamel sos ve\xa0 bir parça rendelenmiş kaşar peyniri ekleyin.', 'Lazanyanın en üst katı için beşamel sos ve rendelenmiş kaşar peyniri ayırdıktan sonra bu işlemi sırasıyla tüm lazanya yaprakları için tekrarlayın.', 'Kalan beşamel sos ve rendelenmiş kaşar peyniri ile lazanyanın üzerini kaplayın. Önceden ısıtılmış 180 derece fırında 20-25 dakika pişirin. Pişirme süresi fırından fırına değişiklik gösterebilir. Piştiğinden emin olana kadar kontrollü olarak pişirin.', 'Fırından çıkan lazanyayı dilimledikten sonra ılık olarak servis edin. Sevdiklerinizle paylaşın.']",MAKARNA,239b56,/tarif/makarna/,"['Makarna', 'Video', 'Dünya Mutfakları']","['seksi tarifler', 'ekonomik', 'akşam yemeği', 'öğle yemeği']","['Öğle Yemeği', 'Akşam Yemeği']",['Fırın'],['Bol Proteinli'],False,1500,1200,2022-04-13T06:49:48Z,4.0,781532,6296,False,True,True,0,,0,,,,2014/06/lazanya-ytk-yemekcom.jpg,0,0,https://cdn.yemek.com/mnresize/940/940/uploads/2014/06/lazanya-ytk-yemekcom.jpg,940,940,False,https://cdn.yemek.com/mncrop/300/200/uploads/2014/06/lazanya-ytk-yemekcom.jpg,300,200,True,https://cdn.yemek.com/mncrop/940/625/uploads/2014/06/lazanya-ytk-yemekcom.jpg,940,625,True,https://cdn.yemek.com/mncrop/620/388/uploads/2014/06/lazanya-ytk-yemekcom.jpg,620,388,True,https://cdn.yemek.com/mncrop/600/315/uploads/2014/06/lazanya-ytk-yemekcom.jpg,600,315,True,"['tencere', 'fırın']",,,['İtalya'],,
1059,955,Yasemin Özaltın,https://cdn.yemek.com/author/35533/20181219061403_avatar.jpg,/profil/yasemingursurer/,Orijinal Tarif: Trileçe,Trileçe,/tarif/trilece/,35 dk,30 dk,"<p>Orijinalinde üç süt karışımının kullanıldığı <a href=""https://yemek.com/tarif/sutlu-tatlilar/"" target=""_blank"" rel=""noopener"">sütlü</a> <a href=""https://yemek.com/tarif/serbetli-tatlilar/"" target=""_blank"" rel=""noopener"">şerbet</a> ile hazırlanan trileçe (tirileçe), hafifliği ve sünger dokusuna sahip <a href=""https://yemek.com/tarif/pandispanya/"" target=""_blank"" rel=""noopener"">pandispanya</a> <a href=""https://yemek.com/tarif/kek/"" target=""_blank"" rel=""noopener"">kek</a>iyle şöhreti kısa sürede dilden dile yayılan enfes bir <a href=""https://yemek.com/tarif/tatli/"" target=""_blank"" rel=""noopener"">tatlı tarifi</a>. Traliçe, triliçe ya da trilece diye telaffuz edenler olsa da tatlının doğru yazımı trileçe. Trileçe hangi ülkeye ait sorusunun cevabını da verelim. Meksika'da yaygınlaşan ve tüm dünyaya yayılan bir sütlü tatlı aslında trileçe. <strong>Balkan ülkelerinde de çok sevilen tatlı</strong>, hafif olmasıyla ülkemizde de pek seviliyor.</p>
<p>Çeşitli sos ve kremalarla servis edilen versiyonlarını yerinde yiyebileceğiniz gibi gerçek trileçe tarifini ev sıcaklığında hazırlayıp, sevdiklerinizle paylaşabilirsiniz. Biz bu sefer oyumuzu karamelli orijinal trileçe tarifinden yana kullandık; ama siz farklı soslarla da onu deneyebilirsiniz. Tarifimizin içinde karamel <a href=""https://yemek.com/tarif/sos/"" target=""_blank"" rel=""noopener"">sos</a>unun tarifini de bulabileceksiniz.</p>
<p>Malzemeleriyle <strong>en kolay trileçe tarifleri</strong>nden biri olan bu <a href=""https://yemek.com/tarif/"" target=""_blank"" rel=""noopener"">tarifi</a> hemen denemek isteyeceksiniz.</p>
<p>O zaman haydi mutfağa, <strong>trileçe tatlısı</strong> yapıyoruz!</p>",recipe,"['tereyağı', 'toz şeker', 'toz şeker', 'toz şeker', 'un', 'kabartma tozu', 'krema', 'manda sütü', 'inek sütü', 'büyük boy yumurta', 'vanilin', 'keçi sütü']","['<p>Trileçe için derin bir karıştırma kasesinin içerisine yumurta ve şekeri ekleyip, şekerler eriyene ve karışımın rengi açılıp, krema kıvamına gelene kadar çırpın.</p>', '<p>Un, kabartma tozu ve vanilini yumurtalı karışımın içerisine eleyerek ekleyin.</p>', '<p>Spatula yardımıyla kuru malzemelerin sıvı malzemelerle birleşmesi için altan üstte doğru sürekli olarak karıştırın. Güzelce karışmış olan kek harcını yağlanmış fırın kabınıza dökün ve üzerini düzeltin.</p>', '<p>Trileçenin pandispanyasını önce 170 derece ısıtılmış fırında 10 dakika pişirin. 10 dakika sonunda fırın ısısını 150 dereceye indirip 20-25 dakika kadar pişirin.\xa0Pişen pandispanyayı oda sıcaklığında soğumaya bırakın ve üzerine kürdan yardımıyla delikler açın.</p>', '<p>Sütlü şerbeti için; inek sütü, manda sütü ve keçi sütünü tencereye alın. Şekerini de ekleyip eriyene kadar karıştırın. Kaynamaya başladıktan sonra ocağın altını kapatın ve ılımaya bırakın.</p>', '<p>Karameli için; ayrı bir sos tenceresinde toz şekeri kontrollü olarak eritin. Üzerine tereyağını ekleyin. Fokurdamaya başlayan tereyağlı şekerin üzerine\xa0kremayı ekleyin ve karıştırıp ocaktan alın, soğumaya bırakın.</p>', '<p>Oda sıcaklığında soğumuş olan trileçe pandispanyasının üzerine ılık sütlü şerbeti ekleyin ve sütü iyice çektikten sonra buzdolabında soğumaya bırakın.</p>', '<p>Bu esnada 1 paket krem şanti hazırlayın. Soğumuş olan kekinizin üzerine ince bir tabaka halinde krem şantiyi yayın.</p>', '<p>Hazırlamış olduğunuz karameli de üzerine güzelce yayın.</p>', '<p>Ardından dilimleyin ve soğuk olarak servis edin. Afiyetler olsun!</p>']",SÜTLÜ TATLI,239b56,/tarif/sutlu-tatlilar/,"['Tatlı', 'Ramazan', 'Sütlü Tatlı', 'Video']",,['Çay Saati'],['Fırın'],,False,2100,1800,2021-03-22T05:01:53Z,4.0,767271,3972,False,True,True,0,,0,,,,2014/11/trilece-ytk-site.jpg,0,0,https://cdn.yemek.com/mnresize/940/940/uploads/2014/11/trilece-ytk-site.jpg,940,940,False,https://cdn.yemek.com/mncrop/300/200/uploads/2014/11/trilece-ytk-site.jpg,300,200,True,https://cdn.yemek.com/mncrop/940/625/uploads/2014/11/trilece-ytk-site.jpg,940,625,True,https://cdn.yemek.com/mncrop/620/388/uploads/2014/11/trilece-ytk-site.jpg,620,388,True,https://cdn.yemek.com/mncrop/600/315/uploads/2014/11/trilece-ytk-site.jpg,600,315,True,,,,,,
1060,2518,Yasemin Özaltın,https://cdn.yemek.com/author/35533/20181219061403_avatar.jpg,/profil/yasemingursurer/,Onsuz Olmaz: Bulgur Pilavı,Bulgur Pilavı,/tarif/bulgur-pilavi/,20 dk,10 dk,"<p>Herkesin <a href=""https://yemek.com/tarif/domatesli-bulgur-pilavi/"" target=""_blank"">bulgur pilavı</a> tarifi ufak da olsa farklılıklar gösteriyor. Kimi içine domates biber koyarken, kimi sade, kimi tel şehriyeli hazırlıyor. Sulu yemeklerin sevdalısı, yoğurt ve salatalık turşusuna anlam katan bulgur pilavını özüyle sözüyle sade olarak hazırlıyor, soframızın baş köşesine alıyoruz. Bulgur pilavı, <a href=""https://yemek.com/tarif/pilav/"" target=""_blank"">pilav tarifleri</a> arasında en çok sevilenlerden de biri. Şöyle tane tane döküleni de pek makbul. Bu domatesli bulgur pilavı tarifi çok klasik bir tarif olsa da bir de bizim tarifimizle deneyin deriz. Karşınızda tüm püf noktalarıyla enfes bulgur pilavı tarifimiz!</p>
<p>En klasik bulgur pilavı diyoruz ama yanına <a href=""https://yemek.com/tarif/bezelye-yemegi/"" target=""_blank"">bezelye</a> pişiresimiz, karşısına yoğurdu alasımız, belki de bir çoban salatayla masayı şenlendiresimiz var. Pek de güzel yiyesimiz var sonra. Her <a href=""https://yemek.com/tarif/"" target=""_blank"">yemek tarifinin</a> yanına çok yakışan, doyurucu, enfes mi enfes salçalı bulgur pilav tarifimize buyurun.</p>
<p>Bulgur pilavının ölçüsünden adım adım yapılışına kıvamı tam tutan, ölçüleri hiç şaşmayan bulgur pilavı tarifi karşınızda.</p>
<p>Haydi girin mutfağa, bize eşlik edin. Afiyetler olsun.</p>
<p>Not: ""Ben bulgur pilavı çeşitlerini görmek istiyorum."" diyenler için yeşil mercimekli bulgur pilavı tarifini <a href=""https://yemek.com/tarif/mercimekli-bulgur-pilavi/"" target=""_blank"">şuraya</a>, sade bulgur pilavı tarifini <a href=""https://yemek.com/tarif/sade-bulgur-pilavi/"" target=""_blank"">buraya</a>, domatesli bulgur pilavını da tam <a href=""https://yemek.com/tarif/domatesli-bulgur-pilavi/"" target=""_blank"">şuraya</a> bırakalım. Afiyet olsun!</p>
",recipe,"['kuru soğan', 'biber salçası', 'tereyağı', 'tuz', 'pul biber', 'sarımsak', 'su', 'zeytinyağı', 'karabiber', 'domates salçası', 'domates', 'yeşil biber', 'kekik', 'pilavlık bulgur']","['Birer yemek kaşığı tereyağı ve zeytinyağını bir pilav tenceresinde\xa0kızdırın. Üzerine soğanları ilave edin.', '2 adet yemeklik doğranmış kuru soğanı da tencereye ekleyin ve pembeleşinceye kadar kavurun.\xa01 adet ezilmiş sarımsak ve 2 adet doğranmış yeşil biberi de ekleyin ve kavurun.', '1 yemek kaşığı domates salçası ve yarım yemek kaşığı biber salçasını da ekleyip kokusu çıkana kadar kavurun.', 'Sonra 2 su bardağı pilavlık bulguru ekleyin.', ""Baharat olarak 1'er çay kaşığı tuz, karabiber, pul biber ve 1 tatlı kaşığı kekik ilave edin."", '2 adet rendelenmiş domatesi ilave edin.', '4 su bardağı su ekledikten sonra tencerenin kapağını kapatıp pişmeye bırakın.', 'Bulgurlar göz göz olup suyunu çektiğinde\xa0ocağın altını kapatın.', 'Pilavınızın altını kapatın ve dinlenmeye bırakın.', 'Bulgur pilavınız hazır, afiyet olsun!']",PİLAV,239b56,/tarif/pilav/,"['Ramazan', 'Pilav', 'Video', 'Bakliyat']","['pratik yemek tarifleri', 'akşam yemeği', 'öğle yemeği']","['Öğle Yemeği', 'Akşam Yemeği']",['Tencere'],['Vejetaryen'],False,1200,600,2021-03-23T08:12:32Z,4.0,763827,6496,False,True,True,0,,0,,,,2015/05/bulgur-pilavi-yemekcom.jpg,0,0,https://cdn.yemek.com/mnresize/940/940/uploads/2015/05/bulgur-pilavi-yemekcom.jpg,940,940,False,https://cdn.yemek.com/mncrop/300/200/uploads/2015/05/bulgur-pilavi-yemekcom.jpg,300,200,True,https://cdn.yemek.com/mncrop/940/625/uploads/2015/05/bulgur-pilavi-yemekcom.jpg,940,625,True,https://cdn.yemek.com/mncrop/620/388/uploads/2015/05/bulgur-pilavi-yemekcom.jpg,620,388,True,https://cdn.yemek.com/mncrop/600/315/uploads/2015/05/bulgur-pilavi-yemekcom.jpg,600,315,True,"['tencere', 'düşük karbonhidratlı']",,,,,
1061,1021,Yasemin Özaltın,https://cdn.yemek.com/author/35533/20181219061403_avatar.jpg,/profil/yasemingursurer/,Kıvamı Mükemmel: Terbiyeli Tavuk Çorbası,Terbiyeli Tavuk Çorbası,/tarif/terbiyeli-tavuk-corbasi/,30 dk,20 dk,"<p><a href=""https://yemek.com/tarif/tavuk-suyu-corbasi/"" target=""_blank"">Tavuk suyu</a>nun soğuk algınlığı ve grip başta olmak üzere tüm hastalıklara karşı savaştığı ve vücut direncini artırdığı artık hepimiz biliyoruz. Hastalıklar bir türlü bitmezken <a href=""https://yemek.com/tarif/corba/"" target=""_blank"">çorba</a> tarifleri de işte bu noktada kurtarıcımız oluyor. Krema eklemeye gerek kalmadan terbiyeli karışımı ile leziz ve pratik bir şekilde hazırlanan terbiyeli <a href=""https://yemek.com/tarif/tavuk-corbasi/"" target=""_blank"">tavuk çorbası</a> size iyi gelecek.</p>
<p>Arzuya göre terbiyeli tavuk çorbasına şehriye ekleyerek doyuruculuğunu arttırabilirsiniz. Domates salçası ve şehriye eklenmiş <a href=""https://yemek.com/tarif/sehriyeli-tavuk-suyu-corba/"" target=""_blank"">şehriyeli tavuk çorbası</a> da çok nefis oluyor bizden söylemesi, mutlaka deneyin. Afiyet olsun!</p>
",recipe,"['tuz', 'un', 'su', 'yoğurt', 'yumurta sarısı', 'defne yaprağı', 'tel şehriye', 'nane (arzuya göre)', 'tavuk but']","['Derin bir tencerede, kalçalı budu, 2 adet defne yaprağı, yarım tatlı kaşığı tuz ve 2 litre su ile birlikte haşlayın.', 'Çorbanın terbiyesi için; 1 su bardağı yoğurdu, 1,5 yemek kaşığı unu, 1 adet yumurta sarısını, 1 çay kaşığı tuzu ve yarım limon suyunu bir kaba aktarın.', 'Pürüzsüz bir kıvam alana kadar çırpın.', 'Tenceredeki tavuk haşlandıktan sonra tavuğu ve defne yapraklarını içerisinden alın ve tavukları ince olacak şekilde didikleyin.', 'Tavuğun haşlanan suyundan 1 kepe alıp hazırladığınız terbiyeye yavaş yavaş dökün ve suyun sıcaklığı ile eşitleyin.', 'Sıcaklık eşitlendikten sonra tüm terbiye karışımını çorba tenceresine aktarın.', '1 çay bardağı tel şehriye ve didiklediğiniz tavukları da üzerine\xa0katın ve çorbayı 10 dakika kadar kısık ateşte, aralarda karıştırarak pişirmeye devam edin.', 'Kıvam alan terbiyeli tavuk çorbasını nane ve pulbiber ile süsledikten sonra sıcak olarak servis edin.\xa0Afiyet olsun!']",ÇORBA,,/tarif/corba/,"['Çorba', 'Tavuk', 'Ramazan', 'Video']","['pratik yemek tarifleri', 'ekonomik', 'başlangıç', 'akşam yemeği', 'öğle yemeği']",['Başlangıç'],['Tencere'],,False,1800,1200,2022-07-27T15:20:02Z,4.0,763555,5356,False,True,True,0,,0,,,,2014/11/terbiyeli-tavuk-corbasi-yemekcom.jpg,0,0,https://cdn.yemek.com/mnresize/940/940/uploads/2014/11/terbiyeli-tavuk-corbasi-yemekcom.jpg,940,940,False,https://cdn.yemek.com/mncrop/300/200/uploads/2014/11/terbiyeli-tavuk-corbasi-yemekcom.jpg,300,200,True,https://cdn.yemek.com/mncrop/940/625/uploads/2014/11/terbiyeli-tavuk-corbasi-yemekcom.jpg,940,625,True,https://cdn.yemek.com/mncrop/620/388/uploads/2014/11/terbiyeli-tavuk-corbasi-yemekcom.jpg,620,388,True,https://cdn.yemek.com/mncrop/600/315/uploads/2014/11/terbiyeli-tavuk-corbasi-yemekcom.jpg,600,315,True,"['tencere', 'bol proteinli']",greenLight,,,,
1062,877,Yasemin Özaltın,https://cdn.yemek.com/author/35533/20181219061403_avatar.jpg,/profil/yasemingursurer/,Dışarıdakilerden Çok Daha Nefis: Profiterol,Profiterol,/tarif/profiterol/,40 dk,30 dk,"<p>Çikolata tutkunlarını mutlu edecek nefis bir <a href=""https://yemek.com/tarif/tatli"" target=""_blank"">tatlı</a> olan profiterolu bu tarifle yapmak çok kolay!</p>
<p><strong>Pataşu</strong> ya da <a href=""https://yemek.com/tarif/su-hamuru/"" target=""_blank"">şu hamuru</a> olarak da bilinen, hamurları fırında puf gibi kabartıp içlerini dolduracak kremayı sabırsızlıkla beklerken, bir yandan bitter çikolatalı sosunu hazırlıyoruz. Kaşık kaşık yemek isteyeceğiniz profiterol tarifini; ince çekilmiş fındık, fıstık, ceviz içi ve muz gibi meyve dilimleriyle süsleyip daha da lezzetli hale getirebilirsiniz. Pastanelerde yemeye alışkın olduğunuz bu enfes tatlıyı evinize taşıyarak nefis mi nefis bir profiterol tarifi hazırlıyoruz. Üstelik bu <a href=""https://yemek.com/tarif/"" target=""_blank"">yemek tarifinin</a> yapımı da sandığınız kadar zor değil.</p>
<p>Kökeninin <strong>Fransız mutfağı</strong> olan profiterol, yapımı biraz zahmetli gibi görünse de sevdiklerinizi ve kendinizi ödüllendirmenin çok iyi bir yolu. <strong>Profiterol hamuru</strong>nu da profiterol kremasını da tarifimizde anlatacağımız resimli adımlarla bir bir uyguladığınızda nefis sonuçlar elde edeceğinize eminiz. Şimdiden ellerinize sağlık diyor ve sizi kolay profiterol tatlısı tarifimize buyur ediyoruz.</p>
",recipe,"['yumurta', 'yumurta', 'toz şeker', 'süt', 'un', 'un', 'su', 'krema', 'margarin', 'bitter çikolata', 'vanilin']","['Kremasını hazırlamak için; bir sos tenceresine süt, toz şeker, un ve yumurtayı ekleyip orta ateşte koyu bir kıvam alana kadar sürekli olarak karıştırın.', 'Koyulaşan kremaya vanilin ilave edip karıştırın, ocaktan alın ve oda sıcaklığına geldikten sonra sıkma poşetine doldurup, en az 1 saat buzdolabında bekletin.', 'Profiterol hamuru için; öncelikle fırını 180 dereceye ayarlayın. Derin bir sos tenceresine su ve margarini alıp karıştırarak kaynatın.', 'Üzerine unu ekleyip sürekli olarak karıştırarak dibine hamur yapışmaya başlayana kadar, yaklaşık 4-5 dakika pişirin. Dibi yapışmaya başlayan hamuru bir kaseye alın ve 15 dakika oda sıcaklığında soğutun.', 'Soğumuş olan hamurun üzerine her bir yumurtayı teker teker ekleyin ve her seferinde yumurtaları güzelce yedirerek yapışkan bir hamur elde edin. Bu hamuru varsa sıkma poşetine alın, daha kolay şekil vermek için yaklaşık 15 dakika daha dinlendirin.', 'Bekleyen hamurdan pişirme kağıdı serili fırın tepsisine aralarında biraz boşluk olacak şekilde ceviz büyüklüğünde toplar sıkın ya da kaşık yardımıyla dökün. Parmağınızın ucunu ıslatıp hamurların üzerindeki çıkıntıları düzeltin ve fırına alıp, piştiği süre boyunca kapağını hiç açmadan; yaklaşık 40 dakika pişirin.', 'Pişen profiteroller oda sıcaklığına geldikten sonra alt kısmından bıçakla delik açın ve hazırladığınız kremayı içine sıkın. Bunun yerine arasını kesip krema da doldurabilirsiniz.', 'Çikolata sosu için; küçük parçalara ayırdığınız bitter çikolatayı benmari usulü eritin. Üzerine krema ilave edip güzelce karıştırın. Hazırladığınız çikolata sosunu profiterollerin üzerine dökün.', 'Son olarak file Antep fıstığı gezdirip servis edin. Afiyet olsun!']",ÇİKOLATALI TATLI,239b56,/tarif/cikolatali-tatlilar/,"['Tatlı', 'Video', 'Dünya Mutfakları', 'Çikolatalı Tatlı']",['çay saati'],['Çay Saati'],['Fırın'],,False,2400,1800,2022-04-01T14:20:22Z,4.0,756116,6377,False,True,True,0,,0,,,,2014/11/profiterol-yemekcom2.jpg,0,0,https://cdn.yemek.com/mnresize/940/940/uploads/2014/11/profiterol-yemekcom2.jpg,940,940,False,https://cdn.yemek.com/mncrop/300/200/uploads/2014/11/profiterol-yemekcom2.jpg,300,200,True,https://cdn.yemek.com/mncrop/940/625/uploads/2014/11/profiterol-yemekcom2.jpg,940,625,True,https://cdn.yemek.com/mncrop/620/388/uploads/2014/11/profiterol-yemekcom2.jpg,620,388,True,https://cdn.yemek.com/mncrop/600/315/uploads/2014/11/profiterol-yemekcom2.jpg,600,315,True,,,,['Fransa'],,
1063,303,Ayşegül Uslu,https://cdn.yemek.com/author/409098/20230915055430_avatar.jpg,/profil/aysegulu/,Yağ Çekmez: Pişi,Pişi,/tarif/pisi/,15 dk,20 dk,"<p>Anadolu'nun pek çok noktasında kolaç, lokma, keçi ayağı, <a href=""https://yemek.com/tarif/hamur-kizartmasi/"" target=""_blank"">hamur kızartması</a> gibi isimlerle bilinen pişi, ailecek yapılan zengin sabah kahvaltıları için başarılı bir alternatif. Son yıllarda birçok kahvaltı mekanında da görebileceğiniz pişiyi evde de kolayca yapabilirsiniz. Üstelik kendisi sadece kahvaltılık olmakla kalmaz, yeri geldiğinde en lezzetli öğle yemeğine de, ara öğüne de dönüşebilir, <a href=""https://yemek.com/tarif/"" target=""_blank"">yemek tarifleri</a> içinde tam bir kurtarıcı olmasıyla bilinir.</p>
<p>Mayalı hamurla ne yapılır diyenlerin yardımına koşan bu pişiyi biz mayalayarak yaptık. Ama siz bekleme derdi olmasın, pratik olsun istiyorsanız şu <a href=""https://yemek.com/tarif/mayasiz-kolay-pisi/"" target=""_blank"">mayasız pişi</a> tarifimize de bakabilirsiniz. Hatta ve hatta <strong>karbonatlı pişi</strong> tarifimize <a href=""https://yemek.com/tarif/karbonatli-pisi/"" target=""_blank"">şuradan</a> ulaşabilir, farklı pişi çeşitleri içinse <a href=""https://yemek.com/pisi-tarifleri/"" target=""_blank"">şu içeriğimizden</a> yararlanabilirsiniz.</p>
<p>Peynir, zeytin, domates gibi <a href=""https://yemek.com/tarif/kahvaltiliklar/"" target=""_blank"">kahvaltılıklar</a>la da afiyet olur; reçel ya da çikolata ile nefis olur. Biz özellikle <a href=""https://yemek.com/tarif/incir-receli"" target=""_blank"">ev yapımı nefis incir reçeli</a> ile öneriyoruz.</p>
<p>Nefis <strong>pişi tarifi</strong>mizin videolu ve adım adım resimli anlatımı hemen aşağıda. Buyursunlar!</p>
",recipe,"['tuz', 'toz şeker', 'ayçiçek yağı', 'un', 'ılık su', 'yaş maya']","['Pişi tarifi için önce ılık su içerisinde 1 yemek kaşığı toz şeker ve 1/2 paket yaş mayayı çözdürün.', 'Karıştırdıktan sonra 10 dakika kadar dinlenmeye bırakın.', 'Dinlenen karışıma 3 su bardağı un\xa0ve tuzu harmanlayarak ekleyin ve karıştırmaya devam edin.', 'Kalan unu da azar azar ilave ederek bir yandan da yoğurmaya başlayın.', 'Hamuru 5-10 dakika kadar yoğurun.', 'Hamurun üzerini örtüp oda ısısında bir saat kadar mayalayın.', 'Mayalanan hamuru tezgaha alın ve ceviz büyüklüğünde parçalar koparıp yuvarlayın. Üzerilerine un serptikten sonra elinizle hafifçe bastırarak düzleştirin.', 'Tezgahta 10 dakika daha mayalandırdıktan sonra bir şişe kapağıyla\xa0ortalarına delikler açın. Bu sayede pişileriniz daha güzel kabaracaktır.', 'Geniş ve derin bir tavada sıvı yağı kızdırın. Pişileri yavaş yavaş yağa atarak arkalı önlü kızartın. Pişenleri\xa0fazla yağını bırakması için bir iki dakika havlu peçete üzerinde dinlendirin.', 'Pişi tarifi hazır. Afiyet olsun.']",KAHVALTILIK,239b56,/tarif/kahvaltiliklar/,"['Hamur İşi', 'Kahvaltılık', 'Çörek']","['ekonomik', 'kahvaltı', 'çay saati']","['Başlangıç', 'Kahvaltı', 'Çay Saati']",['Kızartma'],['Vejetaryen'],False,900,1200,2022-03-18T13:50:52Z,4.0,752213,4360,False,True,True,0,,0,,,,2019/05/pisi-asama-18.jpg,0,0,https://cdn.yemek.com/mnresize/940/940/uploads/2019/05/pisi-asama-18.jpg,940,940,False,https://cdn.yemek.com/mncrop/300/200/uploads/2019/05/pisi-asama-18.jpg,300,200,True,https://cdn.yemek.com/mncrop/940/625/uploads/2019/05/pisi-asama-18.jpg,940,625,True,https://cdn.yemek.com/mncrop/620/388/uploads/2019/05/pisi-asama-18.jpg,620,388,True,https://cdn.yemek.com/mncrop/600/315/uploads/2019/05/pisi-asama-18.jpg,600,315,True,,,,,,
1064,1793,Ayşegül Uslu,https://cdn.yemek.com/author/409098/20230915055430_avatar.jpg,/profil/aysegulu/,Tüm Sırlarıyla: Kazandibi,Kazandibi,/tarif/kazandibi/,35 dk,15 dk,"<p>İçinde haşlanmış ve çok çok ince dizilmiş <a href=""https://yemek.com/tarif/tavuk/"" target=""_blank"">tavuk</a> eti katılan versiyonlarının da olduğu esmer <a href=""https://yemek.com/tarif/sutlu-tatlilar/"" target=""_blank"">sütlü tatlı</a> kazandibini pratik bir şekilde hazırlamaya ve afiyetle yemeye var mısınız? Tavuk göğsüne kazandibi tarifinde yer vermedik çünkü, onun gerçek bir <a href=""https://yemek.com/tarif/tavuk-gogsu/"" target=""_blank"">tavuk göğsü tatlısı</a>na daha çok yakıştığını düşünmekteyiz.</p>
<p>Şimdi sizi şöyle mutfağa doğru alalım ve tatlıcılarda yemeye alıştığınız kazandibini evde nasıl <a href=""https://yemek.com/tarif/tatli/"" target=""_blank"">tatlı</a> tatlı, lezzetli lezzetli yapabileceğinizi anlatalım.</p>
",recipe,"['tereyağı', 'toz şeker', 'süt', 'vanilya', 'pudra şekeri', 'buğday nişastası', 'pirinç unu']","['Sübyesi için; bir kasede\xa02 su bardağı sütü,\xa0yarım bardak toz şekeri, buğday nişastasını ve pirinç unu karıştırın. Topak kalmayana kadar çırpıcı yardımıyla çırpın.', 'Geniş bir tencereye kalan 5 su bardağı sütü ve 1 su bardağı şekeri ilave edin. Bir taşım kaynatın. Kaynayan süte yavaş yavaş sübyeyi ilave ederek sürekli karıştırın. Ocağı kısık ateşe getirerek, sürekli karıştırarak muhallebi kıvamına gelene kadar pişirin.', 'Muhallebi koyulaşıp göz göz olduğunda ocaktan alın ve vanilyayı ilave edip tekrar karıştırın. Oda sıcaklığında soğumaya bırakın.', 'Köşeli bir borcamı tereyağıyla yağlayın ve üzerine eşit olacak şekilde pudra şekerini eleyin.', 'Tepsiyi ocak üzerinde çevire çevire karışımı yakın. Tüm şeker eriyip karamelize olunca, tepsinin dibine muhallebiden ince bir kat sürün ve bir tur da muhallebiyle birlikte yakın.', 'Yakma işlemi bittiğinde kalan muhallebiyi de tepsiye dökün. Üzerini bir spatula yardımıyla düzeltin.', 'Buzdolabına kaldırıp kıvam alması için soğuttuğunuz tatlıyı, ince uzun dilimlere ayırın\xa0ve spatula yardımıyla kıvırarak rulo şeklinde sarın.\xa0Ev yapımı mis kokulu kazandibiniz hazır, afiyet olsun!']",SÜTLÜ TATLI,239b56,/tarif/sutlu-tatlilar/,"['Tatlı', 'Ramazan', 'Sütlü Tatlı', 'Video']","['ekonomik', 'ara öğün']",['Çay Saati'],['Tencere'],['Ekonomik'],False,2100,900,2021-08-17T07:30:14Z,4.0,750751,3376,False,True,True,0,,0,,,,2021/08/kazandibi-yemekcom.jpg,0,0,https://cdn.yemek.com/mnresize/940/940/uploads/2021/08/kazandibi-yemekcom.jpg,940,940,False,https://cdn.yemek.com/mncrop/300/200/uploads/2021/08/kazandibi-yemekcom.jpg,300,200,True,https://cdn.yemek.com/mncrop/940/625/uploads/2021/08/kazandibi-yemekcom.jpg,940,625,True,https://cdn.yemek.com/mncrop/620/388/uploads/2021/08/kazandibi-yemekcom.jpg,620,388,True,https://cdn.yemek.com/mncrop/600/315/uploads/2021/08/kazandibi-yemekcom.jpg,600,315,True,"['vejetaryen', 'glutensiz']",,,,,
1065,3475,Yasemin Özaltın,https://cdn.yemek.com/author/35533/20181219061403_avatar.jpg,/profil/yasemingursurer/,Püf Noktalarıyla: Zeytinyağlı Biber Dolması,Zeytinyağlı Biber Dolması,/tarif/zeytinyagli-biber-dolmasi/,45 dk,30 dk,"<p>Zeytinyağlı kontenjanının öne çıkan yemeği, kalabalık sofraların vazgeçilmez <a href=""https://yemek.com/tarif/"" target=""_blank"">yemek tariflerindendir</a> zeytinyağlı biber dolması. Püf noktalarından biri lezzetin doruk noktasına ulaşması için bol bol kuru soğan kullanmaktır. Pirinçlerin hafif diri kalacak şekilde kavrulması, hazırlanan dolmaların kısık ateşte pişirilmesi esastır. Arzuya göre kuş üzümlü, dolmalık fıstıklı ve tarçınlı olabilen iç harç bol soğanlı sade ya da rendelenmiş domates ilavesiyle de hazırlanabilir.</p>
<p><a href=""https://yemek.com/tarif/biber-dolmasi/"" target=""_blank"">Etli biber dolması</a> alınmasın ancak zeytinyağlı hali ılık ya da soğuk olarak sofraları süsleyebildiği için daha sevilir. <a href=""https://yemek.com/tarif/vejetaryen/"" target=""_blank"">Vejetaryen</a> beslenenler için lezzetli bir öğün, pilav çeşitlerine alternatif olabilecek en iddialı seçeneklerden bir tanesidir.</p>
<p>Çocukluğumuzda sadece içindeki <a href=""https://yemek.com/tarif/pilav/"" target=""_blank"">pilav</a>ı yemek için annemizle kavga ettiğimiz hala bazılarımızın bu sebeple biberini yiyemediği, dondurma kutularından en çok fırlayan yemektir biber dolması. Ama sevin ya da sevmeyin <strong>Türk mutfağının en simge yemeklerinden</strong> biridir biber dolması. Üzerine yoğurdun döküldüğü anda iştahı kabarmayan insan yoktur aslında.</p>
<p>Lafı çok uzattık, gerisi sizin akşam yemeğiniz olsun.</p>
",recipe,"['pirinç', 'kuru soğan', 'sıcak su', 'nane', 'tuz', 'toz şeker', 'zeytinyağı', 'karabiber', 'kuş üzümü', 'dolmalık fıstık', 'yenibahar', 'orta boy dolmalık biber', 'orta boy domates (üzerlerini kapatmak için)']","['Zeytinyağlı biber dolması için yarım su bardağı zeytinyağını geniş bir pilav tenceresine alın ve 2 adet yemeklik doğranmış kuru soğan ile birlikte pembeleşinceye kadar kavurun.', '2 yemek kaşığı dolmalık fıstığı da ekleyip renk alana kadar kavurmaya devam edin.', 'Dolmalık fıstıklar renk aldıktan sonra 1,5 su bardağı yıkanmış pirinci ekleyin ve 2-3 dakika kadar kavurun.', '1 yemek kaşığı kuş üzümü, 1 tatlı kaşığı tuz, yarım çay kaşığı karabiber,\xa0yarım çay kaşığı yenibahar, yarım tatlı kaşığı toz şeker ve 1 tatlı kaşığı naneyi de ekledikten sonra son kez karıştırın.', '2 su bardağı sıcak suyu ekleyip, pirinçler diri kalacak şekilde 7-8 dakika kadar pişirin ve ocaktan alın.', 'Hazırladığınız dolma harcını, üst kapağını ve iç kısmını çıkardığınız yaklaşık 10- 15 adet dolmalık biberin içerisine doldurun. Ağız kısımlarında şişme ve pişme payı bırakmaya özen gösterin.', 'Hazırladığınız dolmaları\xa0tencereye dik bir şekilde dizin.', 'Biberlerin üst kısımlarını ikiye bölünmüş cherry domates ile kapatın.', 'Tencerenin yarısına kadar su doldurun ve üzerlerine zeytinyağı gezdirip kapağını kapatın.', 'Dolmaları,\xa0 kısık ateşte pişirme suyu bitip pirinçler\xa0şişene kadar yaklaşık 30-35 dakika pişirin. Ilık ya da soğuk olarak servis edin. Afiyet olsun!']",ZEYTİNYAĞLI,239b56,/tarif/zeytinyaglilar/,"['Sebze', 'Özel Beslenme', 'Vejetaryen', 'Ramazan', 'Zeytinyağlı', 'Vegan', 'Video', 'Mevsiminde']",,"['Öğle Yemeği', 'Akşam Yemeği']",['Tencere'],"['Ekonomik', 'Vejetaryen', 'Vegan']",False,2700,1800,2022-08-24T11:40:42Z,4.0,750144,4840,False,True,True,0,,0,,,,2015/09/zeytinyagli-biber-dolmasi-yemekcom.jpg,0,0,https://cdn.yemek.com/mnresize/940/940/uploads/2015/09/zeytinyagli-biber-dolmasi-yemekcom.jpg,940,940,False,https://cdn.yemek.com/mncrop/300/200/uploads/2015/09/zeytinyagli-biber-dolmasi-yemekcom.jpg,300,200,True,https://cdn.yemek.com/mncrop/940/625/uploads/2015/09/zeytinyagli-biber-dolmasi-yemekcom.jpg,940,625,True,https://cdn.yemek.com/mncrop/620/388/uploads/2015/09/zeytinyagli-biber-dolmasi-yemekcom.jpg,620,388,True,https://cdn.yemek.com/mncrop/600/315/uploads/2015/09/zeytinyagli-biber-dolmasi-yemekcom.jpg,600,315,True,,,['Ağustos'],,,
1066,2845,Yasemin Özaltın,https://cdn.yemek.com/author/35533/20181219061403_avatar.jpg,/profil/yasemingursurer/,Çok Hafif: Kabak Yemeği,Kabak Yemeği,/tarif/kabak-yemegi/,35 dk,20 dk,"<p>Hafif yaz yemeklerinin baş tacıdır kabak <a href=""https://yemek.com/tarif/"" target=""_blank"" rel=""noopener"">yemeği</a>. Arzuya göre pirinç ilavesiyle pişirilir.<strong> Zeytinyağlı kabak yemeğine kuru nane oldukça yakışır</strong>. <a href=""https://yemek.com/tarif/mevsiminde/"" target=""_blank"" rel=""noopener"">Mevsiminde</a> sulu ve kokulu domateslerle asıl lezzetini bulur, olmadı salçadan destek alır. İncecik kıyılmış dereotu ve yoğurt eşliğinde servise hazırlanır.</p>
<p>Tabak tabak yemek isteyeceğiniz kalorisi düşük bir <a href=""https://yemek.com/tarif/zeytinyaglilar/"" target=""_blank"" rel=""noopener"">zeytinyağlı</a> olan pirinçli kabak yemeği dereotuyla süslendikten sonra sofralardaki yerini alıyor. <a href=""https://yemek.com/tarif/diyet/"" target=""_blank"" rel=""noopener"">Az kalorili</a> zeytinyağlı kabak yemeğinin yapılışını adım adım resimli ve videolu olarak aşağıya bırakıyoruz. Afiyet olsun!</p>",recipe,"['pirinç', 'sıcak su', 'tuz', 'sarımsak', 'zeytinyağı', 'karabiber', 'domates salçası', 'dereotu', 'orta boy kabak', 'orta boy kuru soğan', 'büyük boy domates']","['<p>Kabak yemeği için 4 yemek kaşığı zeytinyağını tencerede kızdırın ve üzerine 1 adet yemeklik doğranmış soğanları ekleyin ve pembeleşinceye kadar kavurun.</p>', '<p>3 diş doğranmış sarımsak ve yarım tatlı kaşığı domates salçasını ekleyin ve kokusu çıkana kadar kavurun.</p>', '<p>1 adet büyük boy soyulmuş ve küp soğranmış domatesleri ekleyin ve kavurmaya devam edin.</p>', ""<p>5 adet doğranmış orta boy kabak, 1'er çay kaşığı tuz ve karabiber, 2 yemek kaşığı yıkanmış pirinci ve 2 su bardağı sıcak suyu ekleyip orta ateşte pişmeye bırakın.</p>"", '<p>Piştikten sonra 1 avuç doğranmış dereotu ekleyip karıştırın.</p>', '<p>Sıcak olarak servis edin afiyet olsun.</p>']",ZEYTİNYAĞLI,239b56,/tarif/zeytinyaglilar/,"['Sebze', 'Özel Beslenme', 'Vejetaryen', 'Diyet', 'Ramazan', 'Zeytinyağlı', 'Vegan', 'Video', 'Sulu Yemek', 'Mevsiminde']",,"['Öğle Yemeği', 'Akşam Yemeği']",['Tencere'],"['Ekonomik', 'Vejetaryen', 'Düşük Kalorili', 'Düşük Karbonhidratlı', 'Vegan']",False,2100,1200,2015-06-22T15:21:32Z,4.0,749045,8445,False,True,True,0,,0,,,,2015/06/kabak-yemegi-yemekcom.jpg,0,0,https://cdn.yemek.com/mnresize/940/940/uploads/2015/06/kabak-yemegi-yemekcom.jpg,940,940,False,https://cdn.yemek.com/mncrop/300/200/uploads/2015/06/kabak-yemegi-yemekcom.jpg,300,200,True,https://cdn.yemek.com/mncrop/940/625/uploads/2015/06/kabak-yemegi-yemekcom.jpg,940,625,True,https://cdn.yemek.com/mncrop/620/388/uploads/2015/06/kabak-yemegi-yemekcom.jpg,620,388,True,https://cdn.yemek.com/mncrop/600/315/uploads/2015/06/kabak-yemegi-yemekcom.jpg,600,315,True,,,"['Haziran', 'Temmuz', 'Ağustos']",,,['Ana Yemek']
1067,17117,Yasemin Özaltın,https://cdn.yemek.com/author/35533/20181219061403_avatar.jpg,/profil/yasemingursurer/,Yumuşacık Etler: Alinazik,Alinazik,/tarif/alinazik/,15 dk,15 dk,"<p>Alinazik tarifine, <a href=""https://yemek.com/tarif/"" target=""_blank"">yemeğin</a> en az kendisi kadar nefis hikayesini anlatarak başlayalım. 16.yüzyılda Yavuz Sultan Selim'in Gaziantep'e yolculuğu ile başlıyor her şey. Bu yolculuğun haberi alan halk, meşakkatli bir hazırlığa girişiyor. Çeşit çeşit yemekler, tatlılar padişah için pişiriliyor, yapılıyor. Gaziantep'e geldiğinde onun ağzına layık bir sofra kuruluyor. Masada yok yok. Fakat aralarından öyle bir lezzet var ki, yoğurdun, patlıcanın, etin tadını içine harmanlayan. Hemen sıyrılıyor diğerlerinden. Bu lezzetin tadına varan Yavuz Sultan Selim, 'Hangi eli nazik yaptı bunu?' diyor. O günden bugüne yemeğin adı önce 'Ala nazik' ardından da 'Alinazik' olarak değişiyor. <strong>Arapça'da 'ala' güzel, 'nazik' ise yemek anlamına geliyor.</strong></p>
<p>Adı da, hikayesi de kendi kadar güzel olan bu yemeği en güzel Antep'te, onların elinden yemek gerek. Ama gitme şansı olmayanlar için bir yol daha var. Üstelik pek pratik. Bu müthiş görsel şölen için sıvayın hadi kollarınızı. Biz bu tarifte kuşbaşı <a href=""https://yemek.com/tarif/et/"" target=""_blank"">et</a>leri minik minik doğradık. Ancak dilerseniz <strong>satır eti, kıyma ya da kuşbaşı</strong> kullanarak bu <a href=""https://yemek.com/tarif/yoresel-tarifler/"" target=""_blank"">yöresel</a> tarifi hazırlamanız mümkün.</p>
<p>Öyleyse, ilham veren videomuz ve <a href=""https://yemek.com/tarif/"" target=""_blank"">tarifi</a>mizle sizi baş başa bırakalım. Afiyet olsun.</p>
",recipe,"['biber salçası', 'tereyağı', 'tuz', 'tuz', 'sarımsak', 'yoğurt', 'közlenmiş patlıcan', 'toz kırmızı biber', 'kuşbaşı et (küçük doğranmış)']","['Alinazik tarifi için tereyağını derin bir tavanın içine alın. Sarımsağı ilave ederek hafifçe soteleyin.', 'Ardından minik doğranmış kuşbaşı etleri ekleyerek karıştırın, kapağını kapatıp 6-7 dakika kısık ateşte suyunu salıp pişene kadar bırakın.', 'Piştikten sonra salça, toz kırmızı biber ve tuz ekleyerek tatlandırın ve ocaktan alın.', 'Közlenmiş patlıcanları kesme tahtasının üzerinde keskin bir bıçak yardımıyla dövün.', 'Dövme aşamasında üzerine hafifçe tuz atın.', 'İyice ezildiklerinde\xa0yoğurtla\xa0bir kasenin içinde birleştirin ve güzelce karıştırın.', 'Servis tabağının içerisine yoğurtlu patlıcanlı karışımı alın. Ortasını çukurlaştırın. Hazırladığınız etleri de üzerine yerleştirin. Sosunu ilave ederek servis edin.']",ET,239b56,/tarif/et/,"['Et', 'Ramazan', 'Video', 'Yöresel Tarifler']","['akşam yemeği', 'öğle yemeği']","['Öğle Yemeği', 'Akşam Yemeği']",['Tencere'],['Bol Proteinli'],False,900,900,2022-04-15T14:40:35Z,4.0,722997,6605,False,True,True,0,,0,,,,2017/05/alinazik-tarifi.jpg,0,0,https://cdn.yemek.com/mnresize/940/940/uploads/2017/05/alinazik-tarifi.jpg,940,940,False,https://cdn.yemek.com/mncrop/300/200/uploads/2017/05/alinazik-tarifi.jpg,300,200,True,https://cdn.yemek.com/mncrop/940/625/uploads/2017/05/alinazik-tarifi.jpg,940,625,True,https://cdn.yemek.com/mncrop/620/388/uploads/2017/05/alinazik-tarifi.jpg,620,388,True,https://cdn.yemek.com/mncrop/600/315/uploads/2017/05/alinazik-tarifi.jpg,600,315,True,"['tencere', 'bol proteinli']",,,,['Gaziantep'],
1068,3233,Yasemin Özaltın,https://cdn.yemek.com/author/35533/20181219061403_avatar.jpg,/profil/yasemingursurer/,"Yumuşacık, Sulu Sulu Pişer: Tavuk Sote",Tavuk Sote,/tarif/tavuk-sote/,25 dk,15 dk,"<p><a href=""https://yemek.com/tarif/"" target=""_blank"">Yemek tariflerinin</a> en sevilenlerinden tavuk sote tarifinde zaman önemli. Aslına bakarsanız sote işlemi de uzun lafın kısası bir pişirme yöntemi. Kızgın tavada, yüksek ateş üzerinde alt üst edilen sebze ve et karışımları renk, doku ve tatlarını kaybetmeden kısa sürede pişiyor. Etler sertleşmiyor, sebzeler kurumuyor. Size de pratik ve kolay bir yöntemle hazırlanan bu <a href=""https://yemek.com/tarif/tavuk/"" target=""_blank"">tavuk tarifinin</a> keyfini ağız tadıyla çıkartmak düşüyor.</p>
<p>Tavada sote edilen yiyeceklerin sık sık sallanarak karıştırılması da ayrı bir konu. Et ve sebzelerin küçük ve birbirine yakın boyutlarda kesilmesi öneriliyor. Kullanılan etlerin olabildiğine körpe ve sinirsiz, baharatlarla önceden tatlandırılmış olması gerekiyor.</p>
<p>Teknik detayları bir kenara bıraktığımızda, pratik ve lezzetli tarifler arasında ilk üçe girebileceğini de söyleyebiliriz tavuk sote için (<a href=""https://yemek.com/tarif/sebzeli-tavuk-sote/"" target=""_blank"">sebzeli tavuk sote</a> ve <a href=""https://yemek.com/tarif/mantarli-tavuk-sote/"" target=""_blank"">mantarlı tavuk sote</a> için de aynı şekilde!). Pilava eşlik eder, yoğurtla anlaşır, salata onu sever, misafir gelse masada olur. Evde tek başına olsan, seni yalnız bırakmaz.</p>
<p>Bu kadar bilginin üzerine kolay ve lezzetli tavuk sote tarifini hak ettik sanırız. Adım adım resimli anlatımı ve videosuyla karşınızda tavuk sote!</p>
",recipe,"['tuz', 'pul biber', 'karabiber', 'yeşil biber', 'kırmızı biber', 'tavuk göğsü', 'kuru nane', 'soğan', 'doğranmış domates', 'sıvı yağ']","['Tavanın içerisine 2 yemek kaşığı sıvı yağı alın ve üzerine 300 gram kuşbaşı doğranmış tavuğu ilave ederek yüksek ateşte soteleyin.', 'Pişen tavukların üzerine 1 adet doğranmış soğanı ilave ederek sotelemeye devam edin.\xa0 1', 'adet doğranmış yeşil biber ve yarım adet doğranmış kapya biberi de ekleyin.', '1 adet doğranmış domatesi de tavanın içerisine aktarın.', 'Biraz suyunu çektikten sonra sırasıyla birer çay kaşığı tuz, karabiber, pul biber ve kuru nane ilave ederek güzelce karıştırın.', 'İyice pişince tavuk sotenizi ocaktan alın ve servis edin. Afiyet olsun!']",TAVUK,239b56,/tarif/tavuk/,"['Tavuk', 'Ramazan', 'Video']","['pratik yemek tarifleri', 'ekonomik', 'akşam yemeği', 'öğle yemeği']","['Öğle Yemeği', 'Akşam Yemeği']","['Tencere', 'Ocak']","['Ekonomik', 'Glutensiz', 'Bol Proteinli', 'Düşük Kalorili']",False,1500,900,2015-08-17T14:19:38Z,4.0,783975,5977,False,True,True,0,,0,,,,2015/08/tavuk-sote-yemekcom.jpg,0,0,https://cdn.yemek.com/mnresize/940/940/uploads/2015/08/tavuk-sote-yemekcom.jpg,940,940,False,https://cdn.yemek.com/mncrop/300/200/uploads/2015/08/tavuk-sote-yemekcom.jpg,300,200,True,https://cdn.yemek.com/mncrop/940/625/uploads/2015/08/tavuk-sote-yemekcom.jpg,940,625,True,https://cdn.yemek.com/mncrop/620/388/uploads/2015/08/tavuk-sote-yemekcom.jpg,620,388,True,https://cdn.yemek.com/mncrop/600/315/uploads/2015/08/tavuk-sote-yemekcom.jpg,600,315,True,['bol proteinli'],,,,,
1069,131,Yasemin Özaltın,https://cdn.yemek.com/author/35533/20181219061403_avatar.jpg,/profil/yasemingursurer/,Lezzet Sırlarıyla: Lazanya,Lazanya,/tarif/lazanya/,25 dk,20 dk,"<p>Lazanya, köken itibarıyla <a href=""https://yemek.com/italyan-tarifleri/"">İtalyan</a> olmasa da damak zevkimize uygunluğuyla neredeyse artık bizden biri.</p>
<p>Lazanya, <a href=""https://yemek.com/tarif/makarna/"" target=""_blank"">makarna</a> hamuruyla yapılan, plaka halinde paketlenen, genellikle <a href=""https://yemek.com/tarif/bolonez-sos/"" target=""_blank"">bolonez sosu</a> ile birlikte fırında pişirilen <strong>İtalyan mutfağına ait</strong> nefis bir lezzet. %100 ev yapımı yapmak isterseniz de lazanya hamurunuzu evinizde de hazırlayabilirsiniz: <a href=""https://yemek.com/lazanya-hamuru-nasil-yapilir/"" target=""_blank"">Lazanya Hamuru Nasıl Yapılır?</a></p>
<p>Bu nefis lezzet bizim damak tadımıza çok yakın bir lezzet olunca onu çok sevdik ve her yediğimizde bayıldık. İçine biraz sevgimizi, biraz da elimizin lezzetini, damak zevkimizi kattık. Umarız lazanya tarifimiz sizin de favoriniz olur.</p>
",recipe,"['tereyağı', 'tereyağı', 'tuz', 'ayçiçek yağı', 'un', 'karabiber', 'karabiber', 'rendelenmiş kaşar peyniri', 'havuç', 'orta yağlı kıyma', 'defne yaprağı', 'soğuk süt', 'rendelenmiş muskat cevizi', 'rendelenmiş domates', 'soğan', 'bezelye', 'lazanya yaprağı', 'ezilmiş sarımsak']","['Lazanya tarifi için ayçiçek yağını ve tereyağı bir tavada kızdırın. Doğranmış soğanları 3- 4 dakika kadar kavurun.\xa0Üzerine havuçları ekleyip 3-4 dakika daha kavurmaya devam edin.', 'Kavrulan havuç ve soğanların üzerine kıymayı ekleyin ve suyunu salıp çekene kadar kavurun.', 'Sarımsak, tuz ve karabiberi ekleyin. Son olarak rendelenmiş domates ve defne yaprağını ekleyip harcı pişmeye bırakın.', 'Domates, suyunu biraz çektikten sonra içerisine bezelyeyi de ekleyin ve iç harcını pişirmeye devam edin.', 'Tüm malzemeler güzelce pişince iç harcınız hazır.', 'Beşamel sosu hazırlamak için; tereyağını sos tenceresinde eritin. Unu, kokusu çıkıp renk alana kadar kavurun.', 'Kavrulan una soğuk sütü ekleyin ve bir çırpıcı yardımıyla sürekli karıştırarak pişirin. Pişmeyen lazanya yaprakları kullandığınızda, normale göre beşamel sosunuzu daha sıvı olması gerekir. Bu yüzden çok kıvamlı olmamasına özen gösterin.', 'Karabiber ve rendelenmiş muskat cevizini ekledikten sonra ocaktan alın.', 'Fırın kabının tabanına biraz beşamel sos ve iç harçtan yayıp lazanya yapraklarını dizin.', 'Sırasıyla; kıymalı harç, beşamel sos ve\xa0 bir parça rendelenmiş kaşar peyniri ekleyin.', 'Lazanyanın en üst katı için beşamel sos ve rendelenmiş kaşar peyniri ayırdıktan sonra bu işlemi sırasıyla tüm lazanya yaprakları için tekrarlayın.', 'Kalan beşamel sos ve rendelenmiş kaşar peyniri ile lazanyanın üzerini kaplayın. Önceden ısıtılmış 180 derece fırında 20-25 dakika pişirin. Pişirme süresi fırından fırına değişiklik gösterebilir. Piştiğinden emin olana kadar kontrollü olarak pişirin.', 'Fırından çıkan lazanyayı dilimledikten sonra ılık olarak servis edin. Sevdiklerinizle paylaşın.']",MAKARNA,239b56,/tarif/makarna/,"['Makarna', 'Video', 'Dünya Mutfakları']","['seksi tarifler', 'ekonomik', 'akşam yemeği', 'öğle yemeği']","['Öğle Yemeği', 'Akşam Yemeği']",['Fırın'],['Bol Proteinli'],False,1500,1200,2022-04-13T06:49:48Z,4.0,781532,6296,False,True,True,0,,0,,,,2014/06/lazanya-ytk-yemekcom.jpg,0,0,https://cdn.yemek.com/mnresize/940/940/uploads/2014/06/lazanya-ytk-yemekcom.jpg,940,940,False,https://cdn.yemek.com/mncrop/300/200/uploads/2014/06/lazanya-ytk-yemekcom.jpg,300,200,True,https://cdn.yemek.com/mncrop/940/625/uploads/2014/06/lazanya-ytk-yemekcom.jpg,940,625,True,https://cdn.yemek.com/mncrop/620/388/uploads/2014/06/lazanya-ytk-yemekcom.jpg,620,388,True,https://cdn.yemek.com/mncrop/600/315/uploads/2014/06/lazanya-ytk-yemekcom.jpg,600,315,True,"['tencere', 'fırın']",,,['İtalya'],,
1070,955,Yasemin Özaltın,https://cdn.yemek.com/author/35533/20181219061403_avatar.jpg,/profil/yasemingursurer/,Orijinal Tarif: Trileçe,Trileçe,/tarif/trilece/,35 dk,30 dk,"<p>Orijinalinde üç süt karışımının kullanıldığı <a href=""https://yemek.com/tarif/sutlu-tatlilar/"" target=""_blank"" rel=""noopener"">sütlü</a> <a href=""https://yemek.com/tarif/serbetli-tatlilar/"" target=""_blank"" rel=""noopener"">şerbet</a> ile hazırlanan trileçe (tirileçe), hafifliği ve sünger dokusuna sahip <a href=""https://yemek.com/tarif/pandispanya/"" target=""_blank"" rel=""noopener"">pandispanya</a> <a href=""https://yemek.com/tarif/kek/"" target=""_blank"" rel=""noopener"">kek</a>iyle şöhreti kısa sürede dilden dile yayılan enfes bir <a href=""https://yemek.com/tarif/tatli/"" target=""_blank"" rel=""noopener"">tatlı tarifi</a>. Traliçe, triliçe ya da trilece diye telaffuz edenler olsa da tatlının doğru yazımı trileçe. Trileçe hangi ülkeye ait sorusunun cevabını da verelim. Meksika'da yaygınlaşan ve tüm dünyaya yayılan bir sütlü tatlı aslında trileçe. <strong>Balkan ülkelerinde de çok sevilen tatlı</strong>, hafif olmasıyla ülkemizde de pek seviliyor.</p>
<p>Çeşitli sos ve kremalarla servis edilen versiyonlarını yerinde yiyebileceğiniz gibi gerçek trileçe tarifini ev sıcaklığında hazırlayıp, sevdiklerinizle paylaşabilirsiniz. Biz bu sefer oyumuzu karamelli orijinal trileçe tarifinden yana kullandık; ama siz farklı soslarla da onu deneyebilirsiniz. Tarifimizin içinde karamel <a href=""https://yemek.com/tarif/sos/"" target=""_blank"" rel=""noopener"">sos</a>unun tarifini de bulabileceksiniz.</p>
<p>Malzemeleriyle <strong>en kolay trileçe tarifleri</strong>nden biri olan bu <a href=""https://yemek.com/tarif/"" target=""_blank"" rel=""noopener"">tarifi</a> hemen denemek isteyeceksiniz.</p>
<p>O zaman haydi mutfağa, <strong>trileçe tatlısı</strong> yapıyoruz!</p>",recipe,"['tereyağı', 'toz şeker', 'toz şeker', 'toz şeker', 'un', 'kabartma tozu', 'krema', 'manda sütü', 'inek sütü', 'büyük boy yumurta', 'vanilin', 'keçi sütü']","['<p>Trileçe için derin bir karıştırma kasesinin içerisine yumurta ve şekeri ekleyip, şekerler eriyene ve karışımın rengi açılıp, krema kıvamına gelene kadar çırpın.</p>', '<p>Un, kabartma tozu ve vanilini yumurtalı karışımın içerisine eleyerek ekleyin.</p>', '<p>Spatula yardımıyla kuru malzemelerin sıvı malzemelerle birleşmesi için altan üstte doğru sürekli olarak karıştırın. Güzelce karışmış olan kek harcını yağlanmış fırın kabınıza dökün ve üzerini düzeltin.</p>', '<p>Trileçenin pandispanyasını önce 170 derece ısıtılmış fırında 10 dakika pişirin. 10 dakika sonunda fırın ısısını 150 dereceye indirip 20-25 dakika kadar pişirin.\xa0Pişen pandispanyayı oda sıcaklığında soğumaya bırakın ve üzerine kürdan yardımıyla delikler açın.</p>', '<p>Sütlü şerbeti için; inek sütü, manda sütü ve keçi sütünü tencereye alın. Şekerini de ekleyip eriyene kadar karıştırın. Kaynamaya başladıktan sonra ocağın altını kapatın ve ılımaya bırakın.</p>', '<p>Karameli için; ayrı bir sos tenceresinde toz şekeri kontrollü olarak eritin. Üzerine tereyağını ekleyin. Fokurdamaya başlayan tereyağlı şekerin üzerine\xa0kremayı ekleyin ve karıştırıp ocaktan alın, soğumaya bırakın.</p>', '<p>Oda sıcaklığında soğumuş olan trileçe pandispanyasının üzerine ılık sütlü şerbeti ekleyin ve sütü iyice çektikten sonra buzdolabında soğumaya bırakın.</p>', '<p>Bu esnada 1 paket krem şanti hazırlayın. Soğumuş olan kekinizin üzerine ince bir tabaka halinde krem şantiyi yayın.</p>', '<p>Hazırlamış olduğunuz karameli de üzerine güzelce yayın.</p>', '<p>Ardından dilimleyin ve soğuk olarak servis edin. Afiyetler olsun!</p>']",SÜTLÜ TATLI,239b56,/tarif/sutlu-tatlilar/,"['Tatlı', 'Ramazan', 'Sütlü Tatlı', 'Video']",,['Çay Saati'],['Fırın'],,False,2100,1800,2021-03-22T05:01:53Z,4.0,767271,3972,False,True,True,0,,0,,,,2014/11/trilece-ytk-site.jpg,0,0,https://cdn.yemek.com/mnresize/940/940/uploads/2014/11/trilece-ytk-site.jpg,940,940,False,https://cdn.yemek.com/mncrop/300/200/uploads/2014/11/trilece-ytk-site.jpg,300,200,True,https://cdn.yemek.com/mncrop/940/625/uploads/2014/11/trilece-ytk-site.jpg,940,625,True,https://cdn.yemek.com/mncrop/620/388/uploads/2014/11/trilece-ytk-site.jpg,620,388,True,https://cdn.yemek.com/mncrop/600/315/uploads/2014/11/trilece-ytk-site.jpg,600,315,True,,,,,,
1071,2518,Yasemin Özaltın,https://cdn.yemek.com/author/35533/20181219061403_avatar.jpg,/profil/yasemingursurer/,Onsuz Olmaz: Bulgur Pilavı,Bulgur Pilavı,/tarif/bulgur-pilavi/,20 dk,10 dk,"<p>Herkesin <a href=""https://yemek.com/tarif/domatesli-bulgur-pilavi/"" target=""_blank"">bulgur pilavı</a> tarifi ufak da olsa farklılıklar gösteriyor. Kimi içine domates biber koyarken, kimi sade, kimi tel şehriyeli hazırlıyor. Sulu yemeklerin sevdalısı, yoğurt ve salatalık turşusuna anlam katan bulgur pilavını özüyle sözüyle sade olarak hazırlıyor, soframızın baş köşesine alıyoruz. Bulgur pilavı, <a href=""https://yemek.com/tarif/pilav/"" target=""_blank"">pilav tarifleri</a> arasında en çok sevilenlerden de biri. Şöyle tane tane döküleni de pek makbul. Bu domatesli bulgur pilavı tarifi çok klasik bir tarif olsa da bir de bizim tarifimizle deneyin deriz. Karşınızda tüm püf noktalarıyla enfes bulgur pilavı tarifimiz!</p>
<p>En klasik bulgur pilavı diyoruz ama yanına <a href=""https://yemek.com/tarif/bezelye-yemegi/"" target=""_blank"">bezelye</a> pişiresimiz, karşısına yoğurdu alasımız, belki de bir çoban salatayla masayı şenlendiresimiz var. Pek de güzel yiyesimiz var sonra. Her <a href=""https://yemek.com/tarif/"" target=""_blank"">yemek tarifinin</a> yanına çok yakışan, doyurucu, enfes mi enfes salçalı bulgur pilav tarifimize buyurun.</p>
<p>Bulgur pilavının ölçüsünden adım adım yapılışına kıvamı tam tutan, ölçüleri hiç şaşmayan bulgur pilavı tarifi karşınızda.</p>
<p>Haydi girin mutfağa, bize eşlik edin. Afiyetler olsun.</p>
<p>Not: ""Ben bulgur pilavı çeşitlerini görmek istiyorum."" diyenler için yeşil mercimekli bulgur pilavı tarifini <a href=""https://yemek.com/tarif/mercimekli-bulgur-pilavi/"" target=""_blank"">şuraya</a>, sade bulgur pilavı tarifini <a href=""https://yemek.com/tarif/sade-bulgur-pilavi/"" target=""_blank"">buraya</a>, domatesli bulgur pilavını da tam <a href=""https://yemek.com/tarif/domatesli-bulgur-pilavi/"" target=""_blank"">şuraya</a> bırakalım. Afiyet olsun!</p>
",recipe,"['kuru soğan', 'biber salçası', 'tereyağı', 'tuz', 'pul biber', 'sarımsak', 'su', 'zeytinyağı', 'karabiber', 'domates salçası', 'domates', 'yeşil biber', 'kekik', 'pilavlık bulgur']","['Birer yemek kaşığı tereyağı ve zeytinyağını bir pilav tenceresinde\xa0kızdırın. Üzerine soğanları ilave edin.', '2 adet yemeklik doğranmış kuru soğanı da tencereye ekleyin ve pembeleşinceye kadar kavurun.\xa01 adet ezilmiş sarımsak ve 2 adet doğranmış yeşil biberi de ekleyin ve kavurun.', '1 yemek kaşığı domates salçası ve yarım yemek kaşığı biber salçasını da ekleyip kokusu çıkana kadar kavurun.', 'Sonra 2 su bardağı pilavlık bulguru ekleyin.', ""Baharat olarak 1'er çay kaşığı tuz, karabiber, pul biber ve 1 tatlı kaşığı kekik ilave edin."", '2 adet rendelenmiş domatesi ilave edin.', '4 su bardağı su ekledikten sonra tencerenin kapağını kapatıp pişmeye bırakın.', 'Bulgurlar göz göz olup suyunu çektiğinde\xa0ocağın altını kapatın.', 'Pilavınızın altını kapatın ve dinlenmeye bırakın.', 'Bulgur pilavınız hazır, afiyet olsun!']",PİLAV,239b56,/tarif/pilav/,"['Ramazan', 'Pilav', 'Video', 'Bakliyat']","['pratik yemek tarifleri', 'akşam yemeği', 'öğle yemeği']","['Öğle Yemeği', 'Akşam Yemeği']",['Tencere'],['Vejetaryen'],False,1200,600,2021-03-23T08:12:32Z,4.0,763827,6496,False,True,True,0,,0,,,,2015/05/bulgur-pilavi-yemekcom.jpg,0,0,https://cdn.yemek.com/mnresize/940/940/uploads/2015/05/bulgur-pilavi-yemekcom.jpg,940,940,False,https://cdn.yemek.com/mncrop/300/200/uploads/2015/05/bulgur-pilavi-yemekcom.jpg,300,200,True,https://cdn.yemek.com/mncrop/940/625/uploads/2015/05/bulgur-pilavi-yemekcom.jpg,940,625,True,https://cdn.yemek.com/mncrop/620/388/uploads/2015/05/bulgur-pilavi-yemekcom.jpg,620,388,True,https://cdn.yemek.com/mncrop/600/315/uploads/2015/05/bulgur-pilavi-yemekcom.jpg,600,315,True,"['tencere', 'düşük karbonhidratlı']",,,,,
1072,1021,Yasemin Özaltın,https://cdn.yemek.com/author/35533/20181219061403_avatar.jpg,/profil/yasemingursurer/,Kıvamı Mükemmel: Terbiyeli Tavuk Çorbası,Terbiyeli Tavuk Çorbası,/tarif/terbiyeli-tavuk-corbasi/,30 dk,20 dk,"<p><a href=""https://yemek.com/tarif/tavuk-suyu-corbasi/"" target=""_blank"">Tavuk suyu</a>nun soğuk algınlığı ve grip başta olmak üzere tüm hastalıklara karşı savaştığı ve vücut direncini artırdığı artık hepimiz biliyoruz. Hastalıklar bir türlü bitmezken <a href=""https://yemek.com/tarif/corba/"" target=""_blank"">çorba</a> tarifleri de işte bu noktada kurtarıcımız oluyor. Krema eklemeye gerek kalmadan terbiyeli karışımı ile leziz ve pratik bir şekilde hazırlanan terbiyeli <a href=""https://yemek.com/tarif/tavuk-corbasi/"" target=""_blank"">tavuk çorbası</a> size iyi gelecek.</p>
<p>Arzuya göre terbiyeli tavuk çorbasına şehriye ekleyerek doyuruculuğunu arttırabilirsiniz. Domates salçası ve şehriye eklenmiş <a href=""https://yemek.com/tarif/sehriyeli-tavuk-suyu-corba/"" target=""_blank"">şehriyeli tavuk çorbası</a> da çok nefis oluyor bizden söylemesi, mutlaka deneyin. Afiyet olsun!</p>
",recipe,"['tuz', 'un', 'su', 'yoğurt', 'yumurta sarısı', 'defne yaprağı', 'tel şehriye', 'nane (arzuya göre)', 'tavuk but']","['Derin bir tencerede, kalçalı budu, 2 adet defne yaprağı, yarım tatlı kaşığı tuz ve 2 litre su ile birlikte haşlayın.', 'Çorbanın terbiyesi için; 1 su bardağı yoğurdu, 1,5 yemek kaşığı unu, 1 adet yumurta sarısını, 1 çay kaşığı tuzu ve yarım limon suyunu bir kaba aktarın.', 'Pürüzsüz bir kıvam alana kadar çırpın.', 'Tenceredeki tavuk haşlandıktan sonra tavuğu ve defne yapraklarını içerisinden alın ve tavukları ince olacak şekilde didikleyin.', 'Tavuğun haşlanan suyundan 1 kepe alıp hazırladığınız terbiyeye yavaş yavaş dökün ve suyun sıcaklığı ile eşitleyin.', 'Sıcaklık eşitlendikten sonra tüm terbiye karışımını çorba tenceresine aktarın.', '1 çay bardağı tel şehriye ve didiklediğiniz tavukları da üzerine\xa0katın ve çorbayı 10 dakika kadar kısık ateşte, aralarda karıştırarak pişirmeye devam edin.', 'Kıvam alan terbiyeli tavuk çorbasını nane ve pulbiber ile süsledikten sonra sıcak olarak servis edin.\xa0Afiyet olsun!']",ÇORBA,,/tarif/corba/,"['Çorba', 'Tavuk', 'Ramazan', 'Video']","['pratik yemek tarifleri', 'ekonomik', 'başlangıç', 'akşam yemeği', 'öğle yemeği']",['Başlangıç'],['Tencere'],,False,1800,1200,2022-07-27T15:20:02Z,4.0,763555,5356,False,True,True,0,,0,,,,2014/11/terbiyeli-tavuk-corbasi-yemekcom.jpg,0,0,https://cdn.yemek.com/mnresize/940/940/uploads/2014/11/terbiyeli-tavuk-corbasi-yemekcom.jpg,940,940,False,https://cdn.yemek.com/mncrop/300/200/uploads/2014/11/terbiyeli-tavuk-corbasi-yemekcom.jpg,300,200,True,https://cdn.yemek.com/mncrop/940/625/uploads/2014/11/terbiyeli-tavuk-corbasi-yemekcom.jpg,940,625,True,https://cdn.yemek.com/mncrop/620/388/uploads/2014/11/terbiyeli-tavuk-corbasi-yemekcom.jpg,620,388,True,https://cdn.yemek.com/mncrop/600/315/uploads/2014/11/terbiyeli-tavuk-corbasi-yemekcom.jpg,600,315,True,"['tencere', 'bol proteinli']",greenLight,,,,
1073,877,Yasemin Özaltın,https://cdn.yemek.com/author/35533/20181219061403_avatar.jpg,/profil/yasemingursurer/,Dışarıdakilerden Çok Daha Nefis: Profiterol,Profiterol,/tarif/profiterol/,40 dk,30 dk,"<p>Çikolata tutkunlarını mutlu edecek nefis bir <a href=""https://yemek.com/tarif/tatli"" target=""_blank"">tatlı</a> olan profiterolu bu tarifle yapmak çok kolay!</p>
<p><strong>Pataşu</strong> ya da <a href=""https://yemek.com/tarif/su-hamuru/"" target=""_blank"">şu hamuru</a> olarak da bilinen, hamurları fırında puf gibi kabartıp içlerini dolduracak kremayı sabırsızlıkla beklerken, bir yandan bitter çikolatalı sosunu hazırlıyoruz. Kaşık kaşık yemek isteyeceğiniz profiterol tarifini; ince çekilmiş fındık, fıstık, ceviz içi ve muz gibi meyve dilimleriyle süsleyip daha da lezzetli hale getirebilirsiniz. Pastanelerde yemeye alışkın olduğunuz bu enfes tatlıyı evinize taşıyarak nefis mi nefis bir profiterol tarifi hazırlıyoruz. Üstelik bu <a href=""https://yemek.com/tarif/"" target=""_blank"">yemek tarifinin</a> yapımı da sandığınız kadar zor değil.</p>
<p>Kökeninin <strong>Fransız mutfağı</strong> olan profiterol, yapımı biraz zahmetli gibi görünse de sevdiklerinizi ve kendinizi ödüllendirmenin çok iyi bir yolu. <strong>Profiterol hamuru</strong>nu da profiterol kremasını da tarifimizde anlatacağımız resimli adımlarla bir bir uyguladığınızda nefis sonuçlar elde edeceğinize eminiz. Şimdiden ellerinize sağlık diyor ve sizi kolay profiterol tatlısı tarifimize buyur ediyoruz.</p>
",recipe,"['yumurta', 'yumurta', 'toz şeker', 'süt', 'un', 'un', 'su', 'krema', 'margarin', 'bitter çikolata', 'vanilin']","['Kremasını hazırlamak için; bir sos tenceresine süt, toz şeker, un ve yumurtayı ekleyip orta ateşte koyu bir kıvam alana kadar sürekli olarak karıştırın.', 'Koyulaşan kremaya vanilin ilave edip karıştırın, ocaktan alın ve oda sıcaklığına geldikten sonra sıkma poşetine doldurup, en az 1 saat buzdolabında bekletin.', 'Profiterol hamuru için; öncelikle fırını 180 dereceye ayarlayın. Derin bir sos tenceresine su ve margarini alıp karıştırarak kaynatın.', 'Üzerine unu ekleyip sürekli olarak karıştırarak dibine hamur yapışmaya başlayana kadar, yaklaşık 4-5 dakika pişirin. Dibi yapışmaya başlayan hamuru bir kaseye alın ve 15 dakika oda sıcaklığında soğutun.', 'Soğumuş olan hamurun üzerine her bir yumurtayı teker teker ekleyin ve her seferinde yumurtaları güzelce yedirerek yapışkan bir hamur elde edin. Bu hamuru varsa sıkma poşetine alın, daha kolay şekil vermek için yaklaşık 15 dakika daha dinlendirin.', 'Bekleyen hamurdan pişirme kağıdı serili fırın tepsisine aralarında biraz boşluk olacak şekilde ceviz büyüklüğünde toplar sıkın ya da kaşık yardımıyla dökün. Parmağınızın ucunu ıslatıp hamurların üzerindeki çıkıntıları düzeltin ve fırına alıp, piştiği süre boyunca kapağını hiç açmadan; yaklaşık 40 dakika pişirin.', 'Pişen profiteroller oda sıcaklığına geldikten sonra alt kısmından bıçakla delik açın ve hazırladığınız kremayı içine sıkın. Bunun yerine arasını kesip krema da doldurabilirsiniz.', 'Çikolata sosu için; küçük parçalara ayırdığınız bitter çikolatayı benmari usulü eritin. Üzerine krema ilave edip güzelce karıştırın. Hazırladığınız çikolata sosunu profiterollerin üzerine dökün.', 'Son olarak file Antep fıstığı gezdirip servis edin. Afiyet olsun!']",ÇİKOLATALI TATLI,239b56,/tarif/cikolatali-tatlilar/,"['Tatlı', 'Video', 'Dünya Mutfakları', 'Çikolatalı Tatlı']",['çay saati'],['Çay Saati'],['Fırın'],,False,2400,1800,2022-04-01T14:20:22Z,4.0,756116,6377,False,True,True,0,,0,,,,2014/11/profiterol-yemekcom2.jpg,0,0,https://cdn.yemek.com/mnresize/940/940/uploads/2014/11/profiterol-yemekcom2.jpg,940,940,False,https://cdn.yemek.com/mncrop/300/200/uploads/2014/11/profiterol-yemekcom2.jpg,300,200,True,https://cdn.yemek.com/mncrop/940/625/uploads/2014/11/profiterol-yemekcom2.jpg,940,625,True,https://cdn.yemek.com/mncrop/620/388/uploads/2014/11/profiterol-yemekcom2.jpg,620,388,True,https://cdn.yemek.com/mncrop/600/315/uploads/2014/11/profiterol-yemekcom2.jpg,600,315,True,,,,['Fransa'],,
1074,303,Ayşegül Uslu,https://cdn.yemek.com/author/409098/20230915055430_avatar.jpg,/profil/aysegulu/,Yağ Çekmez: Pişi,Pişi,/tarif/pisi/,15 dk,20 dk,"<p>Anadolu'nun pek çok noktasında kolaç, lokma, keçi ayağı, <a href=""https://yemek.com/tarif/hamur-kizartmasi/"" target=""_blank"">hamur kızartması</a> gibi isimlerle bilinen pişi, ailecek yapılan zengin sabah kahvaltıları için başarılı bir alternatif. Son yıllarda birçok kahvaltı mekanında da görebileceğiniz pişiyi evde de kolayca yapabilirsiniz. Üstelik kendisi sadece kahvaltılık olmakla kalmaz, yeri geldiğinde en lezzetli öğle yemeğine de, ara öğüne de dönüşebilir, <a href=""https://yemek.com/tarif/"" target=""_blank"">yemek tarifleri</a> içinde tam bir kurtarıcı olmasıyla bilinir.</p>
<p>Mayalı hamurla ne yapılır diyenlerin yardımına koşan bu pişiyi biz mayalayarak yaptık. Ama siz bekleme derdi olmasın, pratik olsun istiyorsanız şu <a href=""https://yemek.com/tarif/mayasiz-kolay-pisi/"" target=""_blank"">mayasız pişi</a> tarifimize de bakabilirsiniz. Hatta ve hatta <strong>karbonatlı pişi</strong> tarifimize <a href=""https://yemek.com/tarif/karbonatli-pisi/"" target=""_blank"">şuradan</a> ulaşabilir, farklı pişi çeşitleri içinse <a href=""https://yemek.com/pisi-tarifleri/"" target=""_blank"">şu içeriğimizden</a> yararlanabilirsiniz.</p>
<p>Peynir, zeytin, domates gibi <a href=""https://yemek.com/tarif/kahvaltiliklar/"" target=""_blank"">kahvaltılıklar</a>la da afiyet olur; reçel ya da çikolata ile nefis olur. Biz özellikle <a href=""https://yemek.com/tarif/incir-receli"" target=""_blank"">ev yapımı nefis incir reçeli</a> ile öneriyoruz.</p>
<p>Nefis <strong>pişi tarifi</strong>mizin videolu ve adım adım resimli anlatımı hemen aşağıda. Buyursunlar!</p>
",recipe,"['tuz', 'toz şeker', 'ayçiçek yağı', 'un', 'ılık su', 'yaş maya']","['Pişi tarifi için önce ılık su içerisinde 1 yemek kaşığı toz şeker ve 1/2 paket yaş mayayı çözdürün.', 'Karıştırdıktan sonra 10 dakika kadar dinlenmeye bırakın.', 'Dinlenen karışıma 3 su bardağı un\xa0ve tuzu harmanlayarak ekleyin ve karıştırmaya devam edin.', 'Kalan unu da azar azar ilave ederek bir yandan da yoğurmaya başlayın.', 'Hamuru 5-10 dakika kadar yoğurun.', 'Hamurun üzerini örtüp oda ısısında bir saat kadar mayalayın.', 'Mayalanan hamuru tezgaha alın ve ceviz büyüklüğünde parçalar koparıp yuvarlayın. Üzerilerine un serptikten sonra elinizle hafifçe bastırarak düzleştirin.', 'Tezgahta 10 dakika daha mayalandırdıktan sonra bir şişe kapağıyla\xa0ortalarına delikler açın. Bu sayede pişileriniz daha güzel kabaracaktır.', 'Geniş ve derin bir tavada sıvı yağı kızdırın. Pişileri yavaş yavaş yağa atarak arkalı önlü kızartın. Pişenleri\xa0fazla yağını bırakması için bir iki dakika havlu peçete üzerinde dinlendirin.', 'Pişi tarifi hazır. Afiyet olsun.']",KAHVALTILIK,239b56,/tarif/kahvaltiliklar/,"['Hamur İşi', 'Kahvaltılık', 'Çörek']","['ekonomik', 'kahvaltı', 'çay saati']","['Başlangıç', 'Kahvaltı', 'Çay Saati']",['Kızartma'],['Vejetaryen'],False,900,1200,2022-03-18T13:50:52Z,4.0,752213,4360,False,True,True,0,,0,,,,2019/05/pisi-asama-18.jpg,0,0,https://cdn.yemek.com/mnresize/940/940/uploads/2019/05/pisi-asama-18.jpg,940,940,False,https://cdn.yemek.com/mncrop/300/200/uploads/2019/05/pisi-asama-18.jpg,300,200,True,https://cdn.yemek.com/mncrop/940/625/uploads/2019/05/pisi-asama-18.jpg,940,625,True,https://cdn.yemek.com/mncrop/620/388/uploads/2019/05/pisi-asama-18.jpg,620,388,True,https://cdn.yemek.com/mncrop/600/315/uploads/2019/05/pisi-asama-18.jpg,600,315,True,,,,,,
1075,1793,Ayşegül Uslu,https://cdn.yemek.com/author/409098/20230915055430_avatar.jpg,/profil/aysegulu/,Tüm Sırlarıyla: Kazandibi,Kazandibi,/tarif/kazandibi/,35 dk,15 dk,"<p>İçinde haşlanmış ve çok çok ince dizilmiş <a href=""https://yemek.com/tarif/tavuk/"" target=""_blank"">tavuk</a> eti katılan versiyonlarının da olduğu esmer <a href=""https://yemek.com/tarif/sutlu-tatlilar/"" target=""_blank"">sütlü tatlı</a> kazandibini pratik bir şekilde hazırlamaya ve afiyetle yemeye var mısınız? Tavuk göğsüne kazandibi tarifinde yer vermedik çünkü, onun gerçek bir <a href=""https://yemek.com/tarif/tavuk-gogsu/"" target=""_blank"">tavuk göğsü tatlısı</a>na daha çok yakıştığını düşünmekteyiz.</p>
<p>Şimdi sizi şöyle mutfağa doğru alalım ve tatlıcılarda yemeye alıştığınız kazandibini evde nasıl <a href=""https://yemek.com/tarif/tatli/"" target=""_blank"">tatlı</a> tatlı, lezzetli lezzetli yapabileceğinizi anlatalım.</p>
",recipe,"['tereyağı', 'toz şeker', 'süt', 'vanilya', 'pudra şekeri', 'buğday nişastası', 'pirinç unu']","['Sübyesi için; bir kasede\xa02 su bardağı sütü,\xa0yarım bardak toz şekeri, buğday nişastasını ve pirinç unu karıştırın. Topak kalmayana kadar çırpıcı yardımıyla çırpın.', 'Geniş bir tencereye kalan 5 su bardağı sütü ve 1 su bardağı şekeri ilave edin. Bir taşım kaynatın. Kaynayan süte yavaş yavaş sübyeyi ilave ederek sürekli karıştırın. Ocağı kısık ateşe getirerek, sürekli karıştırarak muhallebi kıvamına gelene kadar pişirin.', 'Muhallebi koyulaşıp göz göz olduğunda ocaktan alın ve vanilyayı ilave edip tekrar karıştırın. Oda sıcaklığında soğumaya bırakın.', 'Köşeli bir borcamı tereyağıyla yağlayın ve üzerine eşit olacak şekilde pudra şekerini eleyin.', 'Tepsiyi ocak üzerinde çevire çevire karışımı yakın. Tüm şeker eriyip karamelize olunca, tepsinin dibine muhallebiden ince bir kat sürün ve bir tur da muhallebiyle birlikte yakın.', 'Yakma işlemi bittiğinde kalan muhallebiyi de tepsiye dökün. Üzerini bir spatula yardımıyla düzeltin.', 'Buzdolabına kaldırıp kıvam alması için soğuttuğunuz tatlıyı, ince uzun dilimlere ayırın\xa0ve spatula yardımıyla kıvırarak rulo şeklinde sarın.\xa0Ev yapımı mis kokulu kazandibiniz hazır, afiyet olsun!']",SÜTLÜ TATLI,239b56,/tarif/sutlu-tatlilar/,"['Tatlı', 'Ramazan', 'Sütlü Tatlı', 'Video']","['ekonomik', 'ara öğün']",['Çay Saati'],['Tencere'],['Ekonomik'],False,2100,900,2021-08-17T07:30:14Z,4.0,750751,3376,False,True,True,0,,0,,,,2021/08/kazandibi-yemekcom.jpg,0,0,https://cdn.yemek.com/mnresize/940/940/uploads/2021/08/kazandibi-yemekcom.jpg,940,940,False,https://cdn.yemek.com/mncrop/300/200/uploads/2021/08/kazandibi-yemekcom.jpg,300,200,True,https://cdn.yemek.com/mncrop/940/625/uploads/2021/08/kazandibi-yemekcom.jpg,940,625,True,https://cdn.yemek.com/mncrop/620/388/uploads/2021/08/kazandibi-yemekcom.jpg,620,388,True,https://cdn.yemek.com/mncrop/600/315/uploads/2021/08/kazandibi-yemekcom.jpg,600,315,True,"['vejetaryen', 'glutensiz']",,,,,
1076,3475,Yasemin Özaltın,https://cdn.yemek.com/author/35533/20181219061403_avatar.jpg,/profil/yasemingursurer/,Püf Noktalarıyla: Zeytinyağlı Biber Dolması,Zeytinyağlı Biber Dolması,/tarif/zeytinyagli-biber-dolmasi/,45 dk,30 dk,"<p>Zeytinyağlı kontenjanının öne çıkan yemeği, kalabalık sofraların vazgeçilmez <a href=""https://yemek.com/tarif/"" target=""_blank"">yemek tariflerindendir</a> zeytinyağlı biber dolması. Püf noktalarından biri lezzetin doruk noktasına ulaşması için bol bol kuru soğan kullanmaktır. Pirinçlerin hafif diri kalacak şekilde kavrulması, hazırlanan dolmaların kısık ateşte pişirilmesi esastır. Arzuya göre kuş üzümlü, dolmalık fıstıklı ve tarçınlı olabilen iç harç bol soğanlı sade ya da rendelenmiş domates ilavesiyle de hazırlanabilir.</p>
<p><a href=""https://yemek.com/tarif/biber-dolmasi/"" target=""_blank"">Etli biber dolması</a> alınmasın ancak zeytinyağlı hali ılık ya da soğuk olarak sofraları süsleyebildiği için daha sevilir. <a href=""https://yemek.com/tarif/vejetaryen/"" target=""_blank"">Vejetaryen</a> beslenenler için lezzetli bir öğün, pilav çeşitlerine alternatif olabilecek en iddialı seçeneklerden bir tanesidir.</p>
<p>Çocukluğumuzda sadece içindeki <a href=""https://yemek.com/tarif/pilav/"" target=""_blank"">pilav</a>ı yemek için annemizle kavga ettiğimiz hala bazılarımızın bu sebeple biberini yiyemediği, dondurma kutularından en çok fırlayan yemektir biber dolması. Ama sevin ya da sevmeyin <strong>Türk mutfağının en simge yemeklerinden</strong> biridir biber dolması. Üzerine yoğurdun döküldüğü anda iştahı kabarmayan insan yoktur aslında.</p>
<p>Lafı çok uzattık, gerisi sizin akşam yemeğiniz olsun.</p>
",recipe,"['pirinç', 'kuru soğan', 'sıcak su', 'nane', 'tuz', 'toz şeker', 'zeytinyağı', 'karabiber', 'kuş üzümü', 'dolmalık fıstık', 'yenibahar', 'orta boy dolmalık biber', 'orta boy domates (üzerlerini kapatmak için)']","['Zeytinyağlı biber dolması için yarım su bardağı zeytinyağını geniş bir pilav tenceresine alın ve 2 adet yemeklik doğranmış kuru soğan ile birlikte pembeleşinceye kadar kavurun.', '2 yemek kaşığı dolmalık fıstığı da ekleyip renk alana kadar kavurmaya devam edin.', 'Dolmalık fıstıklar renk aldıktan sonra 1,5 su bardağı yıkanmış pirinci ekleyin ve 2-3 dakika kadar kavurun.', '1 yemek kaşığı kuş üzümü, 1 tatlı kaşığı tuz, yarım çay kaşığı karabiber,\xa0yarım çay kaşığı yenibahar, yarım tatlı kaşığı toz şeker ve 1 tatlı kaşığı naneyi de ekledikten sonra son kez karıştırın.', '2 su bardağı sıcak suyu ekleyip, pirinçler diri kalacak şekilde 7-8 dakika kadar pişirin ve ocaktan alın.', 'Hazırladığınız dolma harcını, üst kapağını ve iç kısmını çıkardığınız yaklaşık 10- 15 adet dolmalık biberin içerisine doldurun. Ağız kısımlarında şişme ve pişme payı bırakmaya özen gösterin.', 'Hazırladığınız dolmaları\xa0tencereye dik bir şekilde dizin.', 'Biberlerin üst kısımlarını ikiye bölünmüş cherry domates ile kapatın.', 'Tencerenin yarısına kadar su doldurun ve üzerlerine zeytinyağı gezdirip kapağını kapatın.', 'Dolmaları,\xa0 kısık ateşte pişirme suyu bitip pirinçler\xa0şişene kadar yaklaşık 30-35 dakika pişirin. Ilık ya da soğuk olarak servis edin. Afiyet olsun!']",ZEYTİNYAĞLI,239b56,/tarif/zeytinyaglilar/,"['Sebze', 'Özel Beslenme', 'Vejetaryen', 'Ramazan', 'Zeytinyağlı', 'Vegan', 'Video', 'Mevsiminde']",,"['Öğle Yemeği', 'Akşam Yemeği']",['Tencere'],"['Ekonomik', 'Vejetaryen', 'Vegan']",False,2700,1800,2022-08-24T11:40:42Z,4.0,750144,4840,False,True,True,0,,0,,,,2015/09/zeytinyagli-biber-dolmasi-yemekcom.jpg,0,0,https://cdn.yemek.com/mnresize/940/940/uploads/2015/09/zeytinyagli-biber-dolmasi-yemekcom.jpg,940,940,False,https://cdn.yemek.com/mncrop/300/200/uploads/2015/09/zeytinyagli-biber-dolmasi-yemekcom.jpg,300,200,True,https://cdn.yemek.com/mncrop/940/625/uploads/2015/09/zeytinyagli-biber-dolmasi-yemekcom.jpg,940,625,True,https://cdn.yemek.com/mncrop/620/388/uploads/2015/09/zeytinyagli-biber-dolmasi-yemekcom.jpg,620,388,True,https://cdn.yemek.com/mncrop/600/315/uploads/2015/09/zeytinyagli-biber-dolmasi-yemekcom.jpg,600,315,True,,,['Ağustos'],,,
1077,2845,Yasemin Özaltın,https://cdn.yemek.com/author/35533/20181219061403_avatar.jpg,/profil/yasemingursurer/,Çok Hafif: Kabak Yemeği,Kabak Yemeği,/tarif/kabak-yemegi/,35 dk,20 dk,"<p>Hafif yaz yemeklerinin baş tacıdır kabak <a href=""https://yemek.com/tarif/"" target=""_blank"" rel=""noopener"">yemeği</a>. Arzuya göre pirinç ilavesiyle pişirilir.<strong> Zeytinyağlı kabak yemeğine kuru nane oldukça yakışır</strong>. <a href=""https://yemek.com/tarif/mevsiminde/"" target=""_blank"" rel=""noopener"">Mevsiminde</a> sulu ve kokulu domateslerle asıl lezzetini bulur, olmadı salçadan destek alır. İncecik kıyılmış dereotu ve yoğurt eşliğinde servise hazırlanır.</p>
<p>Tabak tabak yemek isteyeceğiniz kalorisi düşük bir <a href=""https://yemek.com/tarif/zeytinyaglilar/"" target=""_blank"" rel=""noopener"">zeytinyağlı</a> olan pirinçli kabak yemeği dereotuyla süslendikten sonra sofralardaki yerini alıyor. <a href=""https://yemek.com/tarif/diyet/"" target=""_blank"" rel=""noopener"">Az kalorili</a> zeytinyağlı kabak yemeğinin yapılışını adım adım resimli ve videolu olarak aşağıya bırakıyoruz. Afiyet olsun!</p>",recipe,"['pirinç', 'sıcak su', 'tuz', 'sarımsak', 'zeytinyağı', 'karabiber', 'domates salçası', 'dereotu', 'orta boy kabak', 'orta boy kuru soğan', 'büyük boy domates']","['<p>Kabak yemeği için 4 yemek kaşığı zeytinyağını tencerede kızdırın ve üzerine 1 adet yemeklik doğranmış soğanları ekleyin ve pembeleşinceye kadar kavurun.</p>', '<p>3 diş doğranmış sarımsak ve yarım tatlı kaşığı domates salçasını ekleyin ve kokusu çıkana kadar kavurun.</p>', '<p>1 adet büyük boy soyulmuş ve küp soğranmış domatesleri ekleyin ve kavurmaya devam edin.</p>', ""<p>5 adet doğranmış orta boy kabak, 1'er çay kaşığı tuz ve karabiber, 2 yemek kaşığı yıkanmış pirinci ve 2 su bardağı sıcak suyu ekleyip orta ateşte pişmeye bırakın.</p>"", '<p>Piştikten sonra 1 avuç doğranmış dereotu ekleyip karıştırın.</p>', '<p>Sıcak olarak servis edin afiyet olsun.</p>']",ZEYTİNYAĞLI,239b56,/tarif/zeytinyaglilar/,"['Sebze', 'Özel Beslenme', 'Vejetaryen', 'Diyet', 'Ramazan', 'Zeytinyağlı', 'Vegan', 'Video', 'Sulu Yemek', 'Mevsiminde']",,"['Öğle Yemeği', 'Akşam Yemeği']",['Tencere'],"['Ekonomik', 'Vejetaryen', 'Düşük Kalorili', 'Düşük Karbonhidratlı', 'Vegan']",False,2100,1200,2015-06-22T15:21:32Z,4.0,749045,8445,False,True,True,0,,0,,,,2015/06/kabak-yemegi-yemekcom.jpg,0,0,https://cdn.yemek.com/mnresize/940/940/uploads/2015/06/kabak-yemegi-yemekcom.jpg,940,940,False,https://cdn.yemek.com/mncrop/300/200/uploads/2015/06/kabak-yemegi-yemekcom.jpg,300,200,True,https://cdn.yemek.com/mncrop/940/625/uploads/2015/06/kabak-yemegi-yemekcom.jpg,940,625,True,https://cdn.yemek.com/mncrop/620/388/uploads/2015/06/kabak-yemegi-yemekcom.jpg,620,388,True,https://cdn.yemek.com/mncrop/600/315/uploads/2015/06/kabak-yemegi-yemekcom.jpg,600,315,True,,,"['Haziran', 'Temmuz', 'Ağustos']",,,['Ana Yemek']
1078,17117,Yasemin Özaltın,https://cdn.yemek.com/author/35533/20181219061403_avatar.jpg,/profil/yasemingursurer/,Yumuşacık Etler: Alinazik,Alinazik,/tarif/alinazik/,15 dk,15 dk,"<p>Alinazik tarifine, <a href=""https://yemek.com/tarif/"" target=""_blank"">yemeğin</a> en az kendisi kadar nefis hikayesini anlatarak başlayalım. 16.yüzyılda Yavuz Sultan Selim'in Gaziantep'e yolculuğu ile başlıyor her şey. Bu yolculuğun haberi alan halk, meşakkatli bir hazırlığa girişiyor. Çeşit çeşit yemekler, tatlılar padişah için pişiriliyor, yapılıyor. Gaziantep'e geldiğinde onun ağzına layık bir sofra kuruluyor. Masada yok yok. Fakat aralarından öyle bir lezzet var ki, yoğurdun, patlıcanın, etin tadını içine harmanlayan. Hemen sıyrılıyor diğerlerinden. Bu lezzetin tadına varan Yavuz Sultan Selim, 'Hangi eli nazik yaptı bunu?' diyor. O günden bugüne yemeğin adı önce 'Ala nazik' ardından da 'Alinazik' olarak değişiyor. <strong>Arapça'da 'ala' güzel, 'nazik' ise yemek anlamına geliyor.</strong></p>
<p>Adı da, hikayesi de kendi kadar güzel olan bu yemeği en güzel Antep'te, onların elinden yemek gerek. Ama gitme şansı olmayanlar için bir yol daha var. Üstelik pek pratik. Bu müthiş görsel şölen için sıvayın hadi kollarınızı. Biz bu tarifte kuşbaşı <a href=""https://yemek.com/tarif/et/"" target=""_blank"">et</a>leri minik minik doğradık. Ancak dilerseniz <strong>satır eti, kıyma ya da kuşbaşı</strong> kullanarak bu <a href=""https://yemek.com/tarif/yoresel-tarifler/"" target=""_blank"">yöresel</a> tarifi hazırlamanız mümkün.</p>
<p>Öyleyse, ilham veren videomuz ve <a href=""https://yemek.com/tarif/"" target=""_blank"">tarifi</a>mizle sizi baş başa bırakalım. Afiyet olsun.</p>
",recipe,"['biber salçası', 'tereyağı', 'tuz', 'tuz', 'sarımsak', 'yoğurt', 'közlenmiş patlıcan', 'toz kırmızı biber', 'kuşbaşı et (küçük doğranmış)']","['Alinazik tarifi için tereyağını derin bir tavanın içine alın. Sarımsağı ilave ederek hafifçe soteleyin.', 'Ardından minik doğranmış kuşbaşı etleri ekleyerek karıştırın, kapağını kapatıp 6-7 dakika kısık ateşte suyunu salıp pişene kadar bırakın.', 'Piştikten sonra salça, toz kırmızı biber ve tuz ekleyerek tatlandırın ve ocaktan alın.', 'Közlenmiş patlıcanları kesme tahtasının üzerinde keskin bir bıçak yardımıyla dövün.', 'Dövme aşamasında üzerine hafifçe tuz atın.', 'İyice ezildiklerinde\xa0yoğurtla\xa0bir kasenin içinde birleştirin ve güzelce karıştırın.', 'Servis tabağının içerisine yoğurtlu patlıcanlı karışımı alın. Ortasını çukurlaştırın. Hazırladığınız etleri de üzerine yerleştirin. Sosunu ilave ederek servis edin.']",ET,239b56,/tarif/et/,"['Et', 'Ramazan', 'Video', 'Yöresel Tarifler']","['akşam yemeği', 'öğle yemeği']","['Öğle Yemeği', 'Akşam Yemeği']",['Tencere'],['Bol Proteinli'],False,900,900,2022-04-15T14:40:35Z,4.0,722997,6605,False,True,True,0,,0,,,,2017/05/alinazik-tarifi.jpg,0,0,https://cdn.yemek.com/mnresize/940/940/uploads/2017/05/alinazik-tarifi.jpg,940,940,False,https://cdn.yemek.com/mncrop/300/200/uploads/2017/05/alinazik-tarifi.jpg,300,200,True,https://cdn.yemek.com/mncrop/940/625/uploads/2017/05/alinazik-tarifi.jpg,940,625,True,https://cdn.yemek.com/mncrop/620/388/uploads/2017/05/alinazik-tarifi.jpg,620,388,True,https://cdn.yemek.com/mncrop/600/315/uploads/2017/05/alinazik-tarifi.jpg,600,315,True,"['tencere', 'bol proteinli']",,,,['Gaziantep'],
1079,3546,Yasemin Özaltın,https://cdn.yemek.com/author/35533/20181219061403_avatar.jpg,/profil/yasemingursurer/,Zeytinyağlıların Kraliçesi: Barbunya,Barbunya,/tarif/barbunya/,30 dk,30 dk,"<p>Barbunya tarifinde sağlık vardır, tazelik çoktur. Zeytinyağlı yemeklerin ilk akla gelenidir o, <a href=""https://yemek.com/tarif/"" target=""_blank"">yemek tariflerinden</a> en fazla tarif defterine eklenenidir, dizi dizi sarmalar yapılacağına önceden hazırlanan uslu uslu dinlendirilen bir tencere barbunya can kurtarandır. Pratiklik, kolaylık denilince akla gelen ilk yemek tariflerinden de biridir aynı zamanda. Hafta başında yapılıp dolaba atılan, sonrasında yemeğim hazır diye gururla bahsedilendir. Karşınızda <a href=""https://yemek.com/tarif/zeytinyaglilar/"" target=""_blank"">zeytinyağlı yemeklerin</a> en güzeli barbunya tarifi!</p>
<p>Özellikle bolca bulunduğu yaz aylarında ayıklanıp dolaba konan, sonrasında da bol bol pişirilen sebzelerin başında geliyor. Yanına pilav ya da farklı zeytinyağlı yemeklerle de şahane oluyor. Şimdiden ellerinize sağlık diyor, hafif, yapımı kolay, tam kıvamında pişen <strong>barbunya yemeği</strong> tarifimize buyur ediyoruz. Afiyetler olsun!</p>
",recipe,"['sıcak su', 'tuz', 'toz şeker', 'sarımsak', 'maydanoz', 'zeytinyağı', 'domates salçası', 'orta boy havuç', 'orta boy kuru soğan', 'orta boy domates', 'büyük boy patates', 'taze barbunya', 'taze sıkılmış limon suyu (arzuya göre)']","['Kabuklarını ayıklayıp bol suda yıkadığınız 1 kilogram barbunyayı üzerini geçecek kadar su ilave edin.', 'Orta ateşte 10 dakika kadar haşlayın.', '1/2 çay bardağı zeytinyağını derin bir tencerede kızdırın.', '1 adet rendelenmiş soğan ve 2 diş ezilmiş sarımsağı katıp hafif bir renk alana kadar soteleyin.', 'Küp doğranmış 1 adet patates ve 2 adet havucu da ekleyin ve\xa0ardından\xa0renk vermesi için 1 tatlı kaşığı domates salçasını\xa0ilave edip\xa0kavumaya devam edin.', ""Haşlanmış barbunyaları da tencereye\xa0 ilave ettikten sonra 2 adet rendelenmiş domates ve 1'er tatlı kaşığı tuz ve toz şeker katıp kısık ateşte pişmeye bırakın."", 'Ocaktan aldığınız barbunyayı kapağı kapalı tencerede oda ısısına gelene kadar dinlendirin.', 'Son olarak servis kabına aktardığınız barbunya yemeğini; incecik kıyılmış maydanoz eşliğinde ılık ya da soğuk olarak\xa0servis edin, afiyet olsun.']",ZEYTİNYAĞLI,239b56,/tarif/zeytinyaglilar/,"['Özel Beslenme', 'Vejetaryen', 'Zeytinyağlı', 'Vegan', 'Video', 'Bakliyat', 'Sulu Yemek', 'Mevsiminde']","['pratik yemek tarifleri', 'ekonomik', 'akşam yemeği', 'öğle yemeği']","['Öğle Yemeği', 'Akşam Yemeği']",['Tencere'],"['Ekonomik', 'Glutensiz', 'Vejetaryen', 'Bol Proteinli', 'Düşük Karbonhidratlı', 'Vegan']",False,1800,1800,2019-05-06T08:04:17Z,4.0,711933,5424,False,True,True,0,,0,,,,2015/10/barbunya-yemekcom.jpg,0,0,https://cdn.yemek.com/mnresize/940/940/uploads/2015/10/barbunya-yemekcom.jpg,940,940,False,https://cdn.yemek.com/mncrop/300/200/uploads/2015/10/barbunya-yemekcom.jpg,300,200,True,https://cdn.yemek.com/mncrop/940/625/uploads/2015/10/barbunya-yemekcom.jpg,940,625,True,https://cdn.yemek.com/mncrop/620/388/uploads/2015/10/barbunya-yemekcom.jpg,620,388,True,https://cdn.yemek.com/mncrop/600/315/uploads/2015/10/barbunya-yemekcom.jpg,600,315,True,"['tencere', 'vejetaryen', 'bol proteinli', 'glutensiz', 'düşük karbonhidratlı', 'düşük kalorili']",,"['Haziran', 'Temmuz']",,,
1080,131,Yasemin Özaltın,https://cdn.yemek.com/author/35533/20181219061403_avatar.jpg,/profil/yasemingursurer/,Lezzet Sırlarıyla: Lazanya,Lazanya,/tarif/lazanya/,25 dk,20 dk,"<p>Lazanya, köken itibarıyla <a href=""https://yemek.com/italyan-tarifleri/"">İtalyan</a> olmasa da damak zevkimize uygunluğuyla neredeyse artık bizden biri.</p>
<p>Lazanya, <a href=""https://yemek.com/tarif/makarna/"" target=""_blank"">makarna</a> hamuruyla yapılan, plaka halinde paketlenen, genellikle <a href=""https://yemek.com/tarif/bolonez-sos/"" target=""_blank"">bolonez sosu</a> ile birlikte fırında pişirilen <strong>İtalyan mutfağına ait</strong> nefis bir lezzet. %100 ev yapımı yapmak isterseniz de lazanya hamurunuzu evinizde de hazırlayabilirsiniz: <a href=""https://yemek.com/lazanya-hamuru-nasil-yapilir/"" target=""_blank"">Lazanya Hamuru Nasıl Yapılır?</a></p>
<p>Bu nefis lezzet bizim damak tadımıza çok yakın bir lezzet olunca onu çok sevdik ve her yediğimizde bayıldık. İçine biraz sevgimizi, biraz da elimizin lezzetini, damak zevkimizi kattık. Umarız lazanya tarifimiz sizin de favoriniz olur.</p>
",recipe,"['tereyağı', 'tereyağı', 'tuz', 'ayçiçek yağı', 'un', 'karabiber', 'karabiber', 'rendelenmiş kaşar peyniri', 'havuç', 'orta yağlı kıyma', 'defne yaprağı', 'soğuk süt', 'rendelenmiş muskat cevizi', 'rendelenmiş domates', 'soğan', 'bezelye', 'lazanya yaprağı', 'ezilmiş sarımsak']","['Lazanya tarifi için ayçiçek yağını ve tereyağı bir tavada kızdırın. Doğranmış soğanları 3- 4 dakika kadar kavurun.\xa0Üzerine havuçları ekleyip 3-4 dakika daha kavurmaya devam edin.', 'Kavrulan havuç ve soğanların üzerine kıymayı ekleyin ve suyunu salıp çekene kadar kavurun.', 'Sarımsak, tuz ve karabiberi ekleyin. Son olarak rendelenmiş domates ve defne yaprağını ekleyip harcı pişmeye bırakın.', 'Domates, suyunu biraz çektikten sonra içerisine bezelyeyi de ekleyin ve iç harcını pişirmeye devam edin.', 'Tüm malzemeler güzelce pişince iç harcınız hazır.', 'Beşamel sosu hazırlamak için; tereyağını sos tenceresinde eritin. Unu, kokusu çıkıp renk alana kadar kavurun.', 'Kavrulan una soğuk sütü ekleyin ve bir çırpıcı yardımıyla sürekli karıştırarak pişirin. Pişmeyen lazanya yaprakları kullandığınızda, normale göre beşamel sosunuzu daha sıvı olması gerekir. Bu yüzden çok kıvamlı olmamasına özen gösterin.', 'Karabiber ve rendelenmiş muskat cevizini ekledikten sonra ocaktan alın.', 'Fırın kabının tabanına biraz beşamel sos ve iç harçtan yayıp lazanya yapraklarını dizin.', 'Sırasıyla; kıymalı harç, beşamel sos ve\xa0 bir parça rendelenmiş kaşar peyniri ekleyin.', 'Lazanyanın en üst katı için beşamel sos ve rendelenmiş kaşar peyniri ayırdıktan sonra bu işlemi sırasıyla tüm lazanya yaprakları için tekrarlayın.', 'Kalan beşamel sos ve rendelenmiş kaşar peyniri ile lazanyanın üzerini kaplayın. Önceden ısıtılmış 180 derece fırında 20-25 dakika pişirin. Pişirme süresi fırından fırına değişiklik gösterebilir. Piştiğinden emin olana kadar kontrollü olarak pişirin.', 'Fırından çıkan lazanyayı dilimledikten sonra ılık olarak servis edin. Sevdiklerinizle paylaşın.']",MAKARNA,239b56,/tarif/makarna/,"['Makarna', 'Video', 'Dünya Mutfakları']","['seksi tarifler', 'ekonomik', 'akşam yemeği', 'öğle yemeği']","['Öğle Yemeği', 'Akşam Yemeği']",['Fırın'],['Bol Proteinli'],False,1500,1200,2022-04-13T06:49:48Z,4.0,781532,6296,False,True,True,0,,0,,,,2014/06/lazanya-ytk-yemekcom.jpg,0,0,https://cdn.yemek.com/mnresize/940/940/uploads/2014/06/lazanya-ytk-yemekcom.jpg,940,940,False,https://cdn.yemek.com/mncrop/300/200/uploads/2014/06/lazanya-ytk-yemekcom.jpg,300,200,True,https://cdn.yemek.com/mncrop/940/625/uploads/2014/06/lazanya-ytk-yemekcom.jpg,940,625,True,https://cdn.yemek.com/mncrop/620/388/uploads/2014/06/lazanya-ytk-yemekcom.jpg,620,388,True,https://cdn.yemek.com/mncrop/600/315/uploads/2014/06/lazanya-ytk-yemekcom.jpg,600,315,True,"['tencere', 'fırın']",,,['İtalya'],,
1081,955,Yasemin Özaltın,https://cdn.yemek.com/author/35533/20181219061403_avatar.jpg,/profil/yasemingursurer/,Orijinal Tarif: Trileçe,Trileçe,/tarif/trilece/,35 dk,30 dk,"<p>Orijinalinde üç süt karışımının kullanıldığı <a href=""https://yemek.com/tarif/sutlu-tatlilar/"" target=""_blank"" rel=""noopener"">sütlü</a> <a href=""https://yemek.com/tarif/serbetli-tatlilar/"" target=""_blank"" rel=""noopener"">şerbet</a> ile hazırlanan trileçe (tirileçe), hafifliği ve sünger dokusuna sahip <a href=""https://yemek.com/tarif/pandispanya/"" target=""_blank"" rel=""noopener"">pandispanya</a> <a href=""https://yemek.com/tarif/kek/"" target=""_blank"" rel=""noopener"">kek</a>iyle şöhreti kısa sürede dilden dile yayılan enfes bir <a href=""https://yemek.com/tarif/tatli/"" target=""_blank"" rel=""noopener"">tatlı tarifi</a>. Traliçe, triliçe ya da trilece diye telaffuz edenler olsa da tatlının doğru yazımı trileçe. Trileçe hangi ülkeye ait sorusunun cevabını da verelim. Meksika'da yaygınlaşan ve tüm dünyaya yayılan bir sütlü tatlı aslında trileçe. <strong>Balkan ülkelerinde de çok sevilen tatlı</strong>, hafif olmasıyla ülkemizde de pek seviliyor.</p>
<p>Çeşitli sos ve kremalarla servis edilen versiyonlarını yerinde yiyebileceğiniz gibi gerçek trileçe tarifini ev sıcaklığında hazırlayıp, sevdiklerinizle paylaşabilirsiniz. Biz bu sefer oyumuzu karamelli orijinal trileçe tarifinden yana kullandık; ama siz farklı soslarla da onu deneyebilirsiniz. Tarifimizin içinde karamel <a href=""https://yemek.com/tarif/sos/"" target=""_blank"" rel=""noopener"">sos</a>unun tarifini de bulabileceksiniz.</p>
<p>Malzemeleriyle <strong>en kolay trileçe tarifleri</strong>nden biri olan bu <a href=""https://yemek.com/tarif/"" target=""_blank"" rel=""noopener"">tarifi</a> hemen denemek isteyeceksiniz.</p>
<p>O zaman haydi mutfağa, <strong>trileçe tatlısı</strong> yapıyoruz!</p>",recipe,"['tereyağı', 'toz şeker', 'toz şeker', 'toz şeker', 'un', 'kabartma tozu', 'krema', 'manda sütü', 'inek sütü', 'büyük boy yumurta', 'vanilin', 'keçi sütü']","['<p>Trileçe için derin bir karıştırma kasesinin içerisine yumurta ve şekeri ekleyip, şekerler eriyene ve karışımın rengi açılıp, krema kıvamına gelene kadar çırpın.</p>', '<p>Un, kabartma tozu ve vanilini yumurtalı karışımın içerisine eleyerek ekleyin.</p>', '<p>Spatula yardımıyla kuru malzemelerin sıvı malzemelerle birleşmesi için altan üstte doğru sürekli olarak karıştırın. Güzelce karışmış olan kek harcını yağlanmış fırın kabınıza dökün ve üzerini düzeltin.</p>', '<p>Trileçenin pandispanyasını önce 170 derece ısıtılmış fırında 10 dakika pişirin. 10 dakika sonunda fırın ısısını 150 dereceye indirip 20-25 dakika kadar pişirin.\xa0Pişen pandispanyayı oda sıcaklığında soğumaya bırakın ve üzerine kürdan yardımıyla delikler açın.</p>', '<p>Sütlü şerbeti için; inek sütü, manda sütü ve keçi sütünü tencereye alın. Şekerini de ekleyip eriyene kadar karıştırın. Kaynamaya başladıktan sonra ocağın altını kapatın ve ılımaya bırakın.</p>', '<p>Karameli için; ayrı bir sos tenceresinde toz şekeri kontrollü olarak eritin. Üzerine tereyağını ekleyin. Fokurdamaya başlayan tereyağlı şekerin üzerine\xa0kremayı ekleyin ve karıştırıp ocaktan alın, soğumaya bırakın.</p>', '<p>Oda sıcaklığında soğumuş olan trileçe pandispanyasının üzerine ılık sütlü şerbeti ekleyin ve sütü iyice çektikten sonra buzdolabında soğumaya bırakın.</p>', '<p>Bu esnada 1 paket krem şanti hazırlayın. Soğumuş olan kekinizin üzerine ince bir tabaka halinde krem şantiyi yayın.</p>', '<p>Hazırlamış olduğunuz karameli de üzerine güzelce yayın.</p>', '<p>Ardından dilimleyin ve soğuk olarak servis edin. Afiyetler olsun!</p>']",SÜTLÜ TATLI,239b56,/tarif/sutlu-tatlilar/,"['Tatlı', 'Ramazan', 'Sütlü Tatlı', 'Video']",,['Çay Saati'],['Fırın'],,False,2100,1800,2021-03-22T05:01:53Z,4.0,767271,3972,False,True,True,0,,0,,,,2014/11/trilece-ytk-site.jpg,0,0,https://cdn.yemek.com/mnresize/940/940/uploads/2014/11/trilece-ytk-site.jpg,940,940,False,https://cdn.yemek.com/mncrop/300/200/uploads/2014/11/trilece-ytk-site.jpg,300,200,True,https://cdn.yemek.com/mncrop/940/625/uploads/2014/11/trilece-ytk-site.jpg,940,625,True,https://cdn.yemek.com/mncrop/620/388/uploads/2014/11/trilece-ytk-site.jpg,620,388,True,https://cdn.yemek.com/mncrop/600/315/uploads/2014/11/trilece-ytk-site.jpg,600,315,True,,,,,,
1082,2518,Yasemin Özaltın,https://cdn.yemek.com/author/35533/20181219061403_avatar.jpg,/profil/yasemingursurer/,Onsuz Olmaz: Bulgur Pilavı,Bulgur Pilavı,/tarif/bulgur-pilavi/,20 dk,10 dk,"<p>Herkesin <a href=""https://yemek.com/tarif/domatesli-bulgur-pilavi/"" target=""_blank"">bulgur pilavı</a> tarifi ufak da olsa farklılıklar gösteriyor. Kimi içine domates biber koyarken, kimi sade, kimi tel şehriyeli hazırlıyor. Sulu yemeklerin sevdalısı, yoğurt ve salatalık turşusuna anlam katan bulgur pilavını özüyle sözüyle sade olarak hazırlıyor, soframızın baş köşesine alıyoruz. Bulgur pilavı, <a href=""https://yemek.com/tarif/pilav/"" target=""_blank"">pilav tarifleri</a> arasında en çok sevilenlerden de biri. Şöyle tane tane döküleni de pek makbul. Bu domatesli bulgur pilavı tarifi çok klasik bir tarif olsa da bir de bizim tarifimizle deneyin deriz. Karşınızda tüm püf noktalarıyla enfes bulgur pilavı tarifimiz!</p>
<p>En klasik bulgur pilavı diyoruz ama yanına <a href=""https://yemek.com/tarif/bezelye-yemegi/"" target=""_blank"">bezelye</a> pişiresimiz, karşısına yoğurdu alasımız, belki de bir çoban salatayla masayı şenlendiresimiz var. Pek de güzel yiyesimiz var sonra. Her <a href=""https://yemek.com/tarif/"" target=""_blank"">yemek tarifinin</a> yanına çok yakışan, doyurucu, enfes mi enfes salçalı bulgur pilav tarifimize buyurun.</p>
<p>Bulgur pilavının ölçüsünden adım adım yapılışına kıvamı tam tutan, ölçüleri hiç şaşmayan bulgur pilavı tarifi karşınızda.</p>
<p>Haydi girin mutfağa, bize eşlik edin. Afiyetler olsun.</p>
<p>Not: ""Ben bulgur pilavı çeşitlerini görmek istiyorum."" diyenler için yeşil mercimekli bulgur pilavı tarifini <a href=""https://yemek.com/tarif/mercimekli-bulgur-pilavi/"" target=""_blank"">şuraya</a>, sade bulgur pilavı tarifini <a href=""https://yemek.com/tarif/sade-bulgur-pilavi/"" target=""_blank"">buraya</a>, domatesli bulgur pilavını da tam <a href=""https://yemek.com/tarif/domatesli-bulgur-pilavi/"" target=""_blank"">şuraya</a> bırakalım. Afiyet olsun!</p>
",recipe,"['kuru soğan', 'biber salçası', 'tereyağı', 'tuz', 'pul biber', 'sarımsak', 'su', 'zeytinyağı', 'karabiber', 'domates salçası', 'domates', 'yeşil biber', 'kekik', 'pilavlık bulgur']","['Birer yemek kaşığı tereyağı ve zeytinyağını bir pilav tenceresinde\xa0kızdırın. Üzerine soğanları ilave edin.', '2 adet yemeklik doğranmış kuru soğanı da tencereye ekleyin ve pembeleşinceye kadar kavurun.\xa01 adet ezilmiş sarımsak ve 2 adet doğranmış yeşil biberi de ekleyin ve kavurun.', '1 yemek kaşığı domates salçası ve yarım yemek kaşığı biber salçasını da ekleyip kokusu çıkana kadar kavurun.', 'Sonra 2 su bardağı pilavlık bulguru ekleyin.', ""Baharat olarak 1'er çay kaşığı tuz, karabiber, pul biber ve 1 tatlı kaşığı kekik ilave edin."", '2 adet rendelenmiş domatesi ilave edin.', '4 su bardağı su ekledikten sonra tencerenin kapağını kapatıp pişmeye bırakın.', 'Bulgurlar göz göz olup suyunu çektiğinde\xa0ocağın altını kapatın.', 'Pilavınızın altını kapatın ve dinlenmeye bırakın.', 'Bulgur pilavınız hazır, afiyet olsun!']",PİLAV,239b56,/tarif/pilav/,"['Ramazan', 'Pilav', 'Video', 'Bakliyat']","['pratik yemek tarifleri', 'akşam yemeği', 'öğle yemeği']","['Öğle Yemeği', 'Akşam Yemeği']",['Tencere'],['Vejetaryen'],False,1200,600,2021-03-23T08:12:32Z,4.0,763827,6496,False,True,True,0,,0,,,,2015/05/bulgur-pilavi-yemekcom.jpg,0,0,https://cdn.yemek.com/mnresize/940/940/uploads/2015/05/bulgur-pilavi-yemekcom.jpg,940,940,False,https://cdn.yemek.com/mncrop/300/200/uploads/2015/05/bulgur-pilavi-yemekcom.jpg,300,200,True,https://cdn.yemek.com/mncrop/940/625/uploads/2015/05/bulgur-pilavi-yemekcom.jpg,940,625,True,https://cdn.yemek.com/mncrop/620/388/uploads/2015/05/bulgur-pilavi-yemekcom.jpg,620,388,True,https://cdn.yemek.com/mncrop/600/315/uploads/2015/05/bulgur-pilavi-yemekcom.jpg,600,315,True,"['tencere', 'düşük karbonhidratlı']",,,,,
1083,1021,Yasemin Özaltın,https://cdn.yemek.com/author/35533/20181219061403_avatar.jpg,/profil/yasemingursurer/,Kıvamı Mükemmel: Terbiyeli Tavuk Çorbası,Terbiyeli Tavuk Çorbası,/tarif/terbiyeli-tavuk-corbasi/,30 dk,20 dk,"<p><a href=""https://yemek.com/tarif/tavuk-suyu-corbasi/"" target=""_blank"">Tavuk suyu</a>nun soğuk algınlığı ve grip başta olmak üzere tüm hastalıklara karşı savaştığı ve vücut direncini artırdığı artık hepimiz biliyoruz. Hastalıklar bir türlü bitmezken <a href=""https://yemek.com/tarif/corba/"" target=""_blank"">çorba</a> tarifleri de işte bu noktada kurtarıcımız oluyor. Krema eklemeye gerek kalmadan terbiyeli karışımı ile leziz ve pratik bir şekilde hazırlanan terbiyeli <a href=""https://yemek.com/tarif/tavuk-corbasi/"" target=""_blank"">tavuk çorbası</a> size iyi gelecek.</p>
<p>Arzuya göre terbiyeli tavuk çorbasına şehriye ekleyerek doyuruculuğunu arttırabilirsiniz. Domates salçası ve şehriye eklenmiş <a href=""https://yemek.com/tarif/sehriyeli-tavuk-suyu-corba/"" target=""_blank"">şehriyeli tavuk çorbası</a> da çok nefis oluyor bizden söylemesi, mutlaka deneyin. Afiyet olsun!</p>
",recipe,"['tuz', 'un', 'su', 'yoğurt', 'yumurta sarısı', 'defne yaprağı', 'tel şehriye', 'nane (arzuya göre)', 'tavuk but']","['Derin bir tencerede, kalçalı budu, 2 adet defne yaprağı, yarım tatlı kaşığı tuz ve 2 litre su ile birlikte haşlayın.', 'Çorbanın terbiyesi için; 1 su bardağı yoğurdu, 1,5 yemek kaşığı unu, 1 adet yumurta sarısını, 1 çay kaşığı tuzu ve yarım limon suyunu bir kaba aktarın.', 'Pürüzsüz bir kıvam alana kadar çırpın.', 'Tenceredeki tavuk haşlandıktan sonra tavuğu ve defne yapraklarını içerisinden alın ve tavukları ince olacak şekilde didikleyin.', 'Tavuğun haşlanan suyundan 1 kepe alıp hazırladığınız terbiyeye yavaş yavaş dökün ve suyun sıcaklığı ile eşitleyin.', 'Sıcaklık eşitlendikten sonra tüm terbiye karışımını çorba tenceresine aktarın.', '1 çay bardağı tel şehriye ve didiklediğiniz tavukları da üzerine\xa0katın ve çorbayı 10 dakika kadar kısık ateşte, aralarda karıştırarak pişirmeye devam edin.', 'Kıvam alan terbiyeli tavuk çorbasını nane ve pulbiber ile süsledikten sonra sıcak olarak servis edin.\xa0Afiyet olsun!']",ÇORBA,,/tarif/corba/,"['Çorba', 'Tavuk', 'Ramazan', 'Video']","['pratik yemek tarifleri', 'ekonomik', 'başlangıç', 'akşam yemeği', 'öğle yemeği']",['Başlangıç'],['Tencere'],,False,1800,1200,2022-07-27T15:20:02Z,4.0,763555,5356,False,True,True,0,,0,,,,2014/11/terbiyeli-tavuk-corbasi-yemekcom.jpg,0,0,https://cdn.yemek.com/mnresize/940/940/uploads/2014/11/terbiyeli-tavuk-corbasi-yemekcom.jpg,940,940,False,https://cdn.yemek.com/mncrop/300/200/uploads/2014/11/terbiyeli-tavuk-corbasi-yemekcom.jpg,300,200,True,https://cdn.yemek.com/mncrop/940/625/uploads/2014/11/terbiyeli-tavuk-corbasi-yemekcom.jpg,940,625,True,https://cdn.yemek.com/mncrop/620/388/uploads/2014/11/terbiyeli-tavuk-corbasi-yemekcom.jpg,620,388,True,https://cdn.yemek.com/mncrop/600/315/uploads/2014/11/terbiyeli-tavuk-corbasi-yemekcom.jpg,600,315,True,"['tencere', 'bol proteinli']",greenLight,,,,
1084,877,Yasemin Özaltın,https://cdn.yemek.com/author/35533/20181219061403_avatar.jpg,/profil/yasemingursurer/,Dışarıdakilerden Çok Daha Nefis: Profiterol,Profiterol,/tarif/profiterol/,40 dk,30 dk,"<p>Çikolata tutkunlarını mutlu edecek nefis bir <a href=""https://yemek.com/tarif/tatli"" target=""_blank"">tatlı</a> olan profiterolu bu tarifle yapmak çok kolay!</p>
<p><strong>Pataşu</strong> ya da <a href=""https://yemek.com/tarif/su-hamuru/"" target=""_blank"">şu hamuru</a> olarak da bilinen, hamurları fırında puf gibi kabartıp içlerini dolduracak kremayı sabırsızlıkla beklerken, bir yandan bitter çikolatalı sosunu hazırlıyoruz. Kaşık kaşık yemek isteyeceğiniz profiterol tarifini; ince çekilmiş fındık, fıstık, ceviz içi ve muz gibi meyve dilimleriyle süsleyip daha da lezzetli hale getirebilirsiniz. Pastanelerde yemeye alışkın olduğunuz bu enfes tatlıyı evinize taşıyarak nefis mi nefis bir profiterol tarifi hazırlıyoruz. Üstelik bu <a href=""https://yemek.com/tarif/"" target=""_blank"">yemek tarifinin</a> yapımı da sandığınız kadar zor değil.</p>
<p>Kökeninin <strong>Fransız mutfağı</strong> olan profiterol, yapımı biraz zahmetli gibi görünse de sevdiklerinizi ve kendinizi ödüllendirmenin çok iyi bir yolu. <strong>Profiterol hamuru</strong>nu da profiterol kremasını da tarifimizde anlatacağımız resimli adımlarla bir bir uyguladığınızda nefis sonuçlar elde edeceğinize eminiz. Şimdiden ellerinize sağlık diyor ve sizi kolay profiterol tatlısı tarifimize buyur ediyoruz.</p>
",recipe,"['yumurta', 'yumurta', 'toz şeker', 'süt', 'un', 'un', 'su', 'krema', 'margarin', 'bitter çikolata', 'vanilin']","['Kremasını hazırlamak için; bir sos tenceresine süt, toz şeker, un ve yumurtayı ekleyip orta ateşte koyu bir kıvam alana kadar sürekli olarak karıştırın.', 'Koyulaşan kremaya vanilin ilave edip karıştırın, ocaktan alın ve oda sıcaklığına geldikten sonra sıkma poşetine doldurup, en az 1 saat buzdolabında bekletin.', 'Profiterol hamuru için; öncelikle fırını 180 dereceye ayarlayın. Derin bir sos tenceresine su ve margarini alıp karıştırarak kaynatın.', 'Üzerine unu ekleyip sürekli olarak karıştırarak dibine hamur yapışmaya başlayana kadar, yaklaşık 4-5 dakika pişirin. Dibi yapışmaya başlayan hamuru bir kaseye alın ve 15 dakika oda sıcaklığında soğutun.', 'Soğumuş olan hamurun üzerine her bir yumurtayı teker teker ekleyin ve her seferinde yumurtaları güzelce yedirerek yapışkan bir hamur elde edin. Bu hamuru varsa sıkma poşetine alın, daha kolay şekil vermek için yaklaşık 15 dakika daha dinlendirin.', 'Bekleyen hamurdan pişirme kağıdı serili fırın tepsisine aralarında biraz boşluk olacak şekilde ceviz büyüklüğünde toplar sıkın ya da kaşık yardımıyla dökün. Parmağınızın ucunu ıslatıp hamurların üzerindeki çıkıntıları düzeltin ve fırına alıp, piştiği süre boyunca kapağını hiç açmadan; yaklaşık 40 dakika pişirin.', 'Pişen profiteroller oda sıcaklığına geldikten sonra alt kısmından bıçakla delik açın ve hazırladığınız kremayı içine sıkın. Bunun yerine arasını kesip krema da doldurabilirsiniz.', 'Çikolata sosu için; küçük parçalara ayırdığınız bitter çikolatayı benmari usulü eritin. Üzerine krema ilave edip güzelce karıştırın. Hazırladığınız çikolata sosunu profiterollerin üzerine dökün.', 'Son olarak file Antep fıstığı gezdirip servis edin. Afiyet olsun!']",ÇİKOLATALI TATLI,239b56,/tarif/cikolatali-tatlilar/,"['Tatlı', 'Video', 'Dünya Mutfakları', 'Çikolatalı Tatlı']",['çay saati'],['Çay Saati'],['Fırın'],,False,2400,1800,2022-04-01T14:20:22Z,4.0,756116,6377,False,True,True,0,,0,,,,2014/11/profiterol-yemekcom2.jpg,0,0,https://cdn.yemek.com/mnresize/940/940/uploads/2014/11/profiterol-yemekcom2.jpg,940,940,False,https://cdn.yemek.com/mncrop/300/200/uploads/2014/11/profiterol-yemekcom2.jpg,300,200,True,https://cdn.yemek.com/mncrop/940/625/uploads/2014/11/profiterol-yemekcom2.jpg,940,625,True,https://cdn.yemek.com/mncrop/620/388/uploads/2014/11/profiterol-yemekcom2.jpg,620,388,True,https://cdn.yemek.com/mncrop/600/315/uploads/2014/11/profiterol-yemekcom2.jpg,600,315,True,,,,['Fransa'],,
1085,303,Ayşegül Uslu,https://cdn.yemek.com/author/409098/20230915055430_avatar.jpg,/profil/aysegulu/,Yağ Çekmez: Pişi,Pişi,/tarif/pisi/,15 dk,20 dk,"<p>Anadolu'nun pek çok noktasında kolaç, lokma, keçi ayağı, <a href=""https://yemek.com/tarif/hamur-kizartmasi/"" target=""_blank"">hamur kızartması</a> gibi isimlerle bilinen pişi, ailecek yapılan zengin sabah kahvaltıları için başarılı bir alternatif. Son yıllarda birçok kahvaltı mekanında da görebileceğiniz pişiyi evde de kolayca yapabilirsiniz. Üstelik kendisi sadece kahvaltılık olmakla kalmaz, yeri geldiğinde en lezzetli öğle yemeğine de, ara öğüne de dönüşebilir, <a href=""https://yemek.com/tarif/"" target=""_blank"">yemek tarifleri</a> içinde tam bir kurtarıcı olmasıyla bilinir.</p>
<p>Mayalı hamurla ne yapılır diyenlerin yardımına koşan bu pişiyi biz mayalayarak yaptık. Ama siz bekleme derdi olmasın, pratik olsun istiyorsanız şu <a href=""https://yemek.com/tarif/mayasiz-kolay-pisi/"" target=""_blank"">mayasız pişi</a> tarifimize de bakabilirsiniz. Hatta ve hatta <strong>karbonatlı pişi</strong> tarifimize <a href=""https://yemek.com/tarif/karbonatli-pisi/"" target=""_blank"">şuradan</a> ulaşabilir, farklı pişi çeşitleri içinse <a href=""https://yemek.com/pisi-tarifleri/"" target=""_blank"">şu içeriğimizden</a> yararlanabilirsiniz.</p>
<p>Peynir, zeytin, domates gibi <a href=""https://yemek.com/tarif/kahvaltiliklar/"" target=""_blank"">kahvaltılıklar</a>la da afiyet olur; reçel ya da çikolata ile nefis olur. Biz özellikle <a href=""https://yemek.com/tarif/incir-receli"" target=""_blank"">ev yapımı nefis incir reçeli</a> ile öneriyoruz.</p>
<p>Nefis <strong>pişi tarifi</strong>mizin videolu ve adım adım resimli anlatımı hemen aşağıda. Buyursunlar!</p>
",recipe,"['tuz', 'toz şeker', 'ayçiçek yağı', 'un', 'ılık su', 'yaş maya']","['Pişi tarifi için önce ılık su içerisinde 1 yemek kaşığı toz şeker ve 1/2 paket yaş mayayı çözdürün.', 'Karıştırdıktan sonra 10 dakika kadar dinlenmeye bırakın.', 'Dinlenen karışıma 3 su bardağı un\xa0ve tuzu harmanlayarak ekleyin ve karıştırmaya devam edin.', 'Kalan unu da azar azar ilave ederek bir yandan da yoğurmaya başlayın.', 'Hamuru 5-10 dakika kadar yoğurun.', 'Hamurun üzerini örtüp oda ısısında bir saat kadar mayalayın.', 'Mayalanan hamuru tezgaha alın ve ceviz büyüklüğünde parçalar koparıp yuvarlayın. Üzerilerine un serptikten sonra elinizle hafifçe bastırarak düzleştirin.', 'Tezgahta 10 dakika daha mayalandırdıktan sonra bir şişe kapağıyla\xa0ortalarına delikler açın. Bu sayede pişileriniz daha güzel kabaracaktır.', 'Geniş ve derin bir tavada sıvı yağı kızdırın. Pişileri yavaş yavaş yağa atarak arkalı önlü kızartın. Pişenleri\xa0fazla yağını bırakması için bir iki dakika havlu peçete üzerinde dinlendirin.', 'Pişi tarifi hazır. Afiyet olsun.']",KAHVALTILIK,239b56,/tarif/kahvaltiliklar/,"['Hamur İşi', 'Kahvaltılık', 'Çörek']","['ekonomik', 'kahvaltı', 'çay saati']","['Başlangıç', 'Kahvaltı', 'Çay Saati']",['Kızartma'],['Vejetaryen'],False,900,1200,2022-03-18T13:50:52Z,4.0,752213,4360,False,True,True,0,,0,,,,2019/05/pisi-asama-18.jpg,0,0,https://cdn.yemek.com/mnresize/940/940/uploads/2019/05/pisi-asama-18.jpg,940,940,False,https://cdn.yemek.com/mncrop/300/200/uploads/2019/05/pisi-asama-18.jpg,300,200,True,https://cdn.yemek.com/mncrop/940/625/uploads/2019/05/pisi-asama-18.jpg,940,625,True,https://cdn.yemek.com/mncrop/620/388/uploads/2019/05/pisi-asama-18.jpg,620,388,True,https://cdn.yemek.com/mncrop/600/315/uploads/2019/05/pisi-asama-18.jpg,600,315,True,,,,,,
1086,1793,Ayşegül Uslu,https://cdn.yemek.com/author/409098/20230915055430_avatar.jpg,/profil/aysegulu/,Tüm Sırlarıyla: Kazandibi,Kazandibi,/tarif/kazandibi/,35 dk,15 dk,"<p>İçinde haşlanmış ve çok çok ince dizilmiş <a href=""https://yemek.com/tarif/tavuk/"" target=""_blank"">tavuk</a> eti katılan versiyonlarının da olduğu esmer <a href=""https://yemek.com/tarif/sutlu-tatlilar/"" target=""_blank"">sütlü tatlı</a> kazandibini pratik bir şekilde hazırlamaya ve afiyetle yemeye var mısınız? Tavuk göğsüne kazandibi tarifinde yer vermedik çünkü, onun gerçek bir <a href=""https://yemek.com/tarif/tavuk-gogsu/"" target=""_blank"">tavuk göğsü tatlısı</a>na daha çok yakıştığını düşünmekteyiz.</p>
<p>Şimdi sizi şöyle mutfağa doğru alalım ve tatlıcılarda yemeye alıştığınız kazandibini evde nasıl <a href=""https://yemek.com/tarif/tatli/"" target=""_blank"">tatlı</a> tatlı, lezzetli lezzetli yapabileceğinizi anlatalım.</p>
",recipe,"['tereyağı', 'toz şeker', 'süt', 'vanilya', 'pudra şekeri', 'buğday nişastası', 'pirinç unu']","['Sübyesi için; bir kasede\xa02 su bardağı sütü,\xa0yarım bardak toz şekeri, buğday nişastasını ve pirinç unu karıştırın. Topak kalmayana kadar çırpıcı yardımıyla çırpın.', 'Geniş bir tencereye kalan 5 su bardağı sütü ve 1 su bardağı şekeri ilave edin. Bir taşım kaynatın. Kaynayan süte yavaş yavaş sübyeyi ilave ederek sürekli karıştırın. Ocağı kısık ateşe getirerek, sürekli karıştırarak muhallebi kıvamına gelene kadar pişirin.', 'Muhallebi koyulaşıp göz göz olduğunda ocaktan alın ve vanilyayı ilave edip tekrar karıştırın. Oda sıcaklığında soğumaya bırakın.', 'Köşeli bir borcamı tereyağıyla yağlayın ve üzerine eşit olacak şekilde pudra şekerini eleyin.', 'Tepsiyi ocak üzerinde çevire çevire karışımı yakın. Tüm şeker eriyip karamelize olunca, tepsinin dibine muhallebiden ince bir kat sürün ve bir tur da muhallebiyle birlikte yakın.', 'Yakma işlemi bittiğinde kalan muhallebiyi de tepsiye dökün. Üzerini bir spatula yardımıyla düzeltin.', 'Buzdolabına kaldırıp kıvam alması için soğuttuğunuz tatlıyı, ince uzun dilimlere ayırın\xa0ve spatula yardımıyla kıvırarak rulo şeklinde sarın.\xa0Ev yapımı mis kokulu kazandibiniz hazır, afiyet olsun!']",SÜTLÜ TATLI,239b56,/tarif/sutlu-tatlilar/,"['Tatlı', 'Ramazan', 'Sütlü Tatlı', 'Video']","['ekonomik', 'ara öğün']",['Çay Saati'],['Tencere'],['Ekonomik'],False,2100,900,2021-08-17T07:30:14Z,4.0,750751,3376,False,True,True,0,,0,,,,2021/08/kazandibi-yemekcom.jpg,0,0,https://cdn.yemek.com/mnresize/940/940/uploads/2021/08/kazandibi-yemekcom.jpg,940,940,False,https://cdn.yemek.com/mncrop/300/200/uploads/2021/08/kazandibi-yemekcom.jpg,300,200,True,https://cdn.yemek.com/mncrop/940/625/uploads/2021/08/kazandibi-yemekcom.jpg,940,625,True,https://cdn.yemek.com/mncrop/620/388/uploads/2021/08/kazandibi-yemekcom.jpg,620,388,True,https://cdn.yemek.com/mncrop/600/315/uploads/2021/08/kazandibi-yemekcom.jpg,600,315,True,"['vejetaryen', 'glutensiz']",,,,,
1087,3475,Yasemin Özaltın,https://cdn.yemek.com/author/35533/20181219061403_avatar.jpg,/profil/yasemingursurer/,Püf Noktalarıyla: Zeytinyağlı Biber Dolması,Zeytinyağlı Biber Dolması,/tarif/zeytinyagli-biber-dolmasi/,45 dk,30 dk,"<p>Zeytinyağlı kontenjanının öne çıkan yemeği, kalabalık sofraların vazgeçilmez <a href=""https://yemek.com/tarif/"" target=""_blank"">yemek tariflerindendir</a> zeytinyağlı biber dolması. Püf noktalarından biri lezzetin doruk noktasına ulaşması için bol bol kuru soğan kullanmaktır. Pirinçlerin hafif diri kalacak şekilde kavrulması, hazırlanan dolmaların kısık ateşte pişirilmesi esastır. Arzuya göre kuş üzümlü, dolmalık fıstıklı ve tarçınlı olabilen iç harç bol soğanlı sade ya da rendelenmiş domates ilavesiyle de hazırlanabilir.</p>
<p><a href=""https://yemek.com/tarif/biber-dolmasi/"" target=""_blank"">Etli biber dolması</a> alınmasın ancak zeytinyağlı hali ılık ya da soğuk olarak sofraları süsleyebildiği için daha sevilir. <a href=""https://yemek.com/tarif/vejetaryen/"" target=""_blank"">Vejetaryen</a> beslenenler için lezzetli bir öğün, pilav çeşitlerine alternatif olabilecek en iddialı seçeneklerden bir tanesidir.</p>
<p>Çocukluğumuzda sadece içindeki <a href=""https://yemek.com/tarif/pilav/"" target=""_blank"">pilav</a>ı yemek için annemizle kavga ettiğimiz hala bazılarımızın bu sebeple biberini yiyemediği, dondurma kutularından en çok fırlayan yemektir biber dolması. Ama sevin ya da sevmeyin <strong>Türk mutfağının en simge yemeklerinden</strong> biridir biber dolması. Üzerine yoğurdun döküldüğü anda iştahı kabarmayan insan yoktur aslında.</p>
<p>Lafı çok uzattık, gerisi sizin akşam yemeğiniz olsun.</p>
",recipe,"['pirinç', 'kuru soğan', 'sıcak su', 'nane', 'tuz', 'toz şeker', 'zeytinyağı', 'karabiber', 'kuş üzümü', 'dolmalık fıstık', 'yenibahar', 'orta boy dolmalık biber', 'orta boy domates (üzerlerini kapatmak için)']","['Zeytinyağlı biber dolması için yarım su bardağı zeytinyağını geniş bir pilav tenceresine alın ve 2 adet yemeklik doğranmış kuru soğan ile birlikte pembeleşinceye kadar kavurun.', '2 yemek kaşığı dolmalık fıstığı da ekleyip renk alana kadar kavurmaya devam edin.', 'Dolmalık fıstıklar renk aldıktan sonra 1,5 su bardağı yıkanmış pirinci ekleyin ve 2-3 dakika kadar kavurun.', '1 yemek kaşığı kuş üzümü, 1 tatlı kaşığı tuz, yarım çay kaşığı karabiber,\xa0yarım çay kaşığı yenibahar, yarım tatlı kaşığı toz şeker ve 1 tatlı kaşığı naneyi de ekledikten sonra son kez karıştırın.', '2 su bardağı sıcak suyu ekleyip, pirinçler diri kalacak şekilde 7-8 dakika kadar pişirin ve ocaktan alın.', 'Hazırladığınız dolma harcını, üst kapağını ve iç kısmını çıkardığınız yaklaşık 10- 15 adet dolmalık biberin içerisine doldurun. Ağız kısımlarında şişme ve pişme payı bırakmaya özen gösterin.', 'Hazırladığınız dolmaları\xa0tencereye dik bir şekilde dizin.', 'Biberlerin üst kısımlarını ikiye bölünmüş cherry domates ile kapatın.', 'Tencerenin yarısına kadar su doldurun ve üzerlerine zeytinyağı gezdirip kapağını kapatın.', 'Dolmaları,\xa0 kısık ateşte pişirme suyu bitip pirinçler\xa0şişene kadar yaklaşık 30-35 dakika pişirin. Ilık ya da soğuk olarak servis edin. Afiyet olsun!']",ZEYTİNYAĞLI,239b56,/tarif/zeytinyaglilar/,"['Sebze', 'Özel Beslenme', 'Vejetaryen', 'Ramazan', 'Zeytinyağlı', 'Vegan', 'Video', 'Mevsiminde']",,"['Öğle Yemeği', 'Akşam Yemeği']",['Tencere'],"['Ekonomik', 'Vejetaryen', 'Vegan']",False,2700,1800,2022-08-24T11:40:42Z,4.0,750144,4840,False,True,True,0,,0,,,,2015/09/zeytinyagli-biber-dolmasi-yemekcom.jpg,0,0,https://cdn.yemek.com/mnresize/940/940/uploads/2015/09/zeytinyagli-biber-dolmasi-yemekcom.jpg,940,940,False,https://cdn.yemek.com/mncrop/300/200/uploads/2015/09/zeytinyagli-biber-dolmasi-yemekcom.jpg,300,200,True,https://cdn.yemek.com/mncrop/940/625/uploads/2015/09/zeytinyagli-biber-dolmasi-yemekcom.jpg,940,625,True,https://cdn.yemek.com/mncrop/620/388/uploads/2015/09/zeytinyagli-biber-dolmasi-yemekcom.jpg,620,388,True,https://cdn.yemek.com/mncrop/600/315/uploads/2015/09/zeytinyagli-biber-dolmasi-yemekcom.jpg,600,315,True,,,['Ağustos'],,,
1088,2845,Yasemin Özaltın,https://cdn.yemek.com/author/35533/20181219061403_avatar.jpg,/profil/yasemingursurer/,Çok Hafif: Kabak Yemeği,Kabak Yemeği,/tarif/kabak-yemegi/,35 dk,20 dk,"<p>Hafif yaz yemeklerinin baş tacıdır kabak <a href=""https://yemek.com/tarif/"" target=""_blank"" rel=""noopener"">yemeği</a>. Arzuya göre pirinç ilavesiyle pişirilir.<strong> Zeytinyağlı kabak yemeğine kuru nane oldukça yakışır</strong>. <a href=""https://yemek.com/tarif/mevsiminde/"" target=""_blank"" rel=""noopener"">Mevsiminde</a> sulu ve kokulu domateslerle asıl lezzetini bulur, olmadı salçadan destek alır. İncecik kıyılmış dereotu ve yoğurt eşliğinde servise hazırlanır.</p>
<p>Tabak tabak yemek isteyeceğiniz kalorisi düşük bir <a href=""https://yemek.com/tarif/zeytinyaglilar/"" target=""_blank"" rel=""noopener"">zeytinyağlı</a> olan pirinçli kabak yemeği dereotuyla süslendikten sonra sofralardaki yerini alıyor. <a href=""https://yemek.com/tarif/diyet/"" target=""_blank"" rel=""noopener"">Az kalorili</a> zeytinyağlı kabak yemeğinin yapılışını adım adım resimli ve videolu olarak aşağıya bırakıyoruz. Afiyet olsun!</p>",recipe,"['pirinç', 'sıcak su', 'tuz', 'sarımsak', 'zeytinyağı', 'karabiber', 'domates salçası', 'dereotu', 'orta boy kabak', 'orta boy kuru soğan', 'büyük boy domates']","['<p>Kabak yemeği için 4 yemek kaşığı zeytinyağını tencerede kızdırın ve üzerine 1 adet yemeklik doğranmış soğanları ekleyin ve pembeleşinceye kadar kavurun.</p>', '<p>3 diş doğranmış sarımsak ve yarım tatlı kaşığı domates salçasını ekleyin ve kokusu çıkana kadar kavurun.</p>', '<p>1 adet büyük boy soyulmuş ve küp soğranmış domatesleri ekleyin ve kavurmaya devam edin.</p>', ""<p>5 adet doğranmış orta boy kabak, 1'er çay kaşığı tuz ve karabiber, 2 yemek kaşığı yıkanmış pirinci ve 2 su bardağı sıcak suyu ekleyip orta ateşte pişmeye bırakın.</p>"", '<p>Piştikten sonra 1 avuç doğranmış dereotu ekleyip karıştırın.</p>', '<p>Sıcak olarak servis edin afiyet olsun.</p>']",ZEYTİNYAĞLI,239b56,/tarif/zeytinyaglilar/,"['Sebze', 'Özel Beslenme', 'Vejetaryen', 'Diyet', 'Ramazan', 'Zeytinyağlı', 'Vegan', 'Video', 'Sulu Yemek', 'Mevsiminde']",,"['Öğle Yemeği', 'Akşam Yemeği']",['Tencere'],"['Ekonomik', 'Vejetaryen', 'Düşük Kalorili', 'Düşük Karbonhidratlı', 'Vegan']",False,2100,1200,2015-06-22T15:21:32Z,4.0,749045,8445,False,True,True,0,,0,,,,2015/06/kabak-yemegi-yemekcom.jpg,0,0,https://cdn.yemek.com/mnresize/940/940/uploads/2015/06/kabak-yemegi-yemekcom.jpg,940,940,False,https://cdn.yemek.com/mncrop/300/200/uploads/2015/06/kabak-yemegi-yemekcom.jpg,300,200,True,https://cdn.yemek.com/mncrop/940/625/uploads/2015/06/kabak-yemegi-yemekcom.jpg,940,625,True,https://cdn.yemek.com/mncrop/620/388/uploads/2015/06/kabak-yemegi-yemekcom.jpg,620,388,True,https://cdn.yemek.com/mncrop/600/315/uploads/2015/06/kabak-yemegi-yemekcom.jpg,600,315,True,,,"['Haziran', 'Temmuz', 'Ağustos']",,,['Ana Yemek']
1089,17117,Yasemin Özaltın,https://cdn.yemek.com/author/35533/20181219061403_avatar.jpg,/profil/yasemingursurer/,Yumuşacık Etler: Alinazik,Alinazik,/tarif/alinazik/,15 dk,15 dk,"<p>Alinazik tarifine, <a href=""https://yemek.com/tarif/"" target=""_blank"">yemeğin</a> en az kendisi kadar nefis hikayesini anlatarak başlayalım. 16.yüzyılda Yavuz Sultan Selim'in Gaziantep'e yolculuğu ile başlıyor her şey. Bu yolculuğun haberi alan halk, meşakkatli bir hazırlığa girişiyor. Çeşit çeşit yemekler, tatlılar padişah için pişiriliyor, yapılıyor. Gaziantep'e geldiğinde onun ağzına layık bir sofra kuruluyor. Masada yok yok. Fakat aralarından öyle bir lezzet var ki, yoğurdun, patlıcanın, etin tadını içine harmanlayan. Hemen sıyrılıyor diğerlerinden. Bu lezzetin tadına varan Yavuz Sultan Selim, 'Hangi eli nazik yaptı bunu?' diyor. O günden bugüne yemeğin adı önce 'Ala nazik' ardından da 'Alinazik' olarak değişiyor. <strong>Arapça'da 'ala' güzel, 'nazik' ise yemek anlamına geliyor.</strong></p>
<p>Adı da, hikayesi de kendi kadar güzel olan bu yemeği en güzel Antep'te, onların elinden yemek gerek. Ama gitme şansı olmayanlar için bir yol daha var. Üstelik pek pratik. Bu müthiş görsel şölen için sıvayın hadi kollarınızı. Biz bu tarifte kuşbaşı <a href=""https://yemek.com/tarif/et/"" target=""_blank"">et</a>leri minik minik doğradık. Ancak dilerseniz <strong>satır eti, kıyma ya da kuşbaşı</strong> kullanarak bu <a href=""https://yemek.com/tarif/yoresel-tarifler/"" target=""_blank"">yöresel</a> tarifi hazırlamanız mümkün.</p>
<p>Öyleyse, ilham veren videomuz ve <a href=""https://yemek.com/tarif/"" target=""_blank"">tarifi</a>mizle sizi baş başa bırakalım. Afiyet olsun.</p>
",recipe,"['biber salçası', 'tereyağı', 'tuz', 'tuz', 'sarımsak', 'yoğurt', 'közlenmiş patlıcan', 'toz kırmızı biber', 'kuşbaşı et (küçük doğranmış)']","['Alinazik tarifi için tereyağını derin bir tavanın içine alın. Sarımsağı ilave ederek hafifçe soteleyin.', 'Ardından minik doğranmış kuşbaşı etleri ekleyerek karıştırın, kapağını kapatıp 6-7 dakika kısık ateşte suyunu salıp pişene kadar bırakın.', 'Piştikten sonra salça, toz kırmızı biber ve tuz ekleyerek tatlandırın ve ocaktan alın.', 'Közlenmiş patlıcanları kesme tahtasının üzerinde keskin bir bıçak yardımıyla dövün.', 'Dövme aşamasında üzerine hafifçe tuz atın.', 'İyice ezildiklerinde\xa0yoğurtla\xa0bir kasenin içinde birleştirin ve güzelce karıştırın.', 'Servis tabağının içerisine yoğurtlu patlıcanlı karışımı alın. Ortasını çukurlaştırın. Hazırladığınız etleri de üzerine yerleştirin. Sosunu ilave ederek servis edin.']",ET,239b56,/tarif/et/,"['Et', 'Ramazan', 'Video', 'Yöresel Tarifler']","['akşam yemeği', 'öğle yemeği']","['Öğle Yemeği', 'Akşam Yemeği']",['Tencere'],['Bol Proteinli'],False,900,900,2022-04-15T14:40:35Z,4.0,722997,6605,False,True,True,0,,0,,,,2017/05/alinazik-tarifi.jpg,0,0,https://cdn.yemek.com/mnresize/940/940/uploads/2017/05/alinazik-tarifi.jpg,940,940,False,https://cdn.yemek.com/mncrop/300/200/uploads/2017/05/alinazik-tarifi.jpg,300,200,True,https://cdn.yemek.com/mncrop/940/625/uploads/2017/05/alinazik-tarifi.jpg,940,625,True,https://cdn.yemek.com/mncrop/620/388/uploads/2017/05/alinazik-tarifi.jpg,620,388,True,https://cdn.yemek.com/mncrop/600/315/uploads/2017/05/alinazik-tarifi.jpg,600,315,True,"['tencere', 'bol proteinli']",,,,['Gaziantep'],
1090,3546,Yasemin Özaltın,https://cdn.yemek.com/author/35533/20181219061403_avatar.jpg,/profil/yasemingursurer/,Zeytinyağlıların Kraliçesi: Barbunya,Barbunya,/tarif/barbunya/,30 dk,30 dk,"<p>Barbunya tarifinde sağlık vardır, tazelik çoktur. Zeytinyağlı yemeklerin ilk akla gelenidir o, <a href=""https://yemek.com/tarif/"" target=""_blank"">yemek tariflerinden</a> en fazla tarif defterine eklenenidir, dizi dizi sarmalar yapılacağına önceden hazırlanan uslu uslu dinlendirilen bir tencere barbunya can kurtarandır. Pratiklik, kolaylık denilince akla gelen ilk yemek tariflerinden de biridir aynı zamanda. Hafta başında yapılıp dolaba atılan, sonrasında yemeğim hazır diye gururla bahsedilendir. Karşınızda <a href=""https://yemek.com/tarif/zeytinyaglilar/"" target=""_blank"">zeytinyağlı yemeklerin</a> en güzeli barbunya tarifi!</p>
<p>Özellikle bolca bulunduğu yaz aylarında ayıklanıp dolaba konan, sonrasında da bol bol pişirilen sebzelerin başında geliyor. Yanına pilav ya da farklı zeytinyağlı yemeklerle de şahane oluyor. Şimdiden ellerinize sağlık diyor, hafif, yapımı kolay, tam kıvamında pişen <strong>barbunya yemeği</strong> tarifimize buyur ediyoruz. Afiyetler olsun!</p>
",recipe,"['sıcak su', 'tuz', 'toz şeker', 'sarımsak', 'maydanoz', 'zeytinyağı', 'domates salçası', 'orta boy havuç', 'orta boy kuru soğan', 'orta boy domates', 'büyük boy patates', 'taze barbunya', 'taze sıkılmış limon suyu (arzuya göre)']","['Kabuklarını ayıklayıp bol suda yıkadığınız 1 kilogram barbunyayı üzerini geçecek kadar su ilave edin.', 'Orta ateşte 10 dakika kadar haşlayın.', '1/2 çay bardağı zeytinyağını derin bir tencerede kızdırın.', '1 adet rendelenmiş soğan ve 2 diş ezilmiş sarımsağı katıp hafif bir renk alana kadar soteleyin.', 'Küp doğranmış 1 adet patates ve 2 adet havucu da ekleyin ve\xa0ardından\xa0renk vermesi için 1 tatlı kaşığı domates salçasını\xa0ilave edip\xa0kavumaya devam edin.', ""Haşlanmış barbunyaları da tencereye\xa0 ilave ettikten sonra 2 adet rendelenmiş domates ve 1'er tatlı kaşığı tuz ve toz şeker katıp kısık ateşte pişmeye bırakın."", 'Ocaktan aldığınız barbunyayı kapağı kapalı tencerede oda ısısına gelene kadar dinlendirin.', 'Son olarak servis kabına aktardığınız barbunya yemeğini; incecik kıyılmış maydanoz eşliğinde ılık ya da soğuk olarak\xa0servis edin, afiyet olsun.']",ZEYTİNYAĞLI,239b56,/tarif/zeytinyaglilar/,"['Özel Beslenme', 'Vejetaryen', 'Zeytinyağlı', 'Vegan', 'Video', 'Bakliyat', 'Sulu Yemek', 'Mevsiminde']","['pratik yemek tarifleri', 'ekonomik', 'akşam yemeği', 'öğle yemeği']","['Öğle Yemeği', 'Akşam Yemeği']",['Tencere'],"['Ekonomik', 'Glutensiz', 'Vejetaryen', 'Bol Proteinli', 'Düşük Karbonhidratlı', 'Vegan']",False,1800,1800,2019-05-06T08:04:17Z,4.0,711933,5424,False,True,True,0,,0,,,,2015/10/barbunya-yemekcom.jpg,0,0,https://cdn.yemek.com/mnresize/940/940/uploads/2015/10/barbunya-yemekcom.jpg,940,940,False,https://cdn.yemek.com/mncrop/300/200/uploads/2015/10/barbunya-yemekcom.jpg,300,200,True,https://cdn.yemek.com/mncrop/940/625/uploads/2015/10/barbunya-yemekcom.jpg,940,625,True,https://cdn.yemek.com/mncrop/620/388/uploads/2015/10/barbunya-yemekcom.jpg,620,388,True,https://cdn.yemek.com/mncrop/600/315/uploads/2015/10/barbunya-yemekcom.jpg,600,315,True,"['tencere', 'vejetaryen', 'bol proteinli', 'glutensiz', 'düşük karbonhidratlı', 'düşük kalorili']",,"['Haziran', 'Temmuz']",,,
1091,1120,Yasemin Özaltın,https://cdn.yemek.com/author/35533/20181219061403_avatar.jpg,/profil/yasemingursurer/,Yumuşacık Pişti: Arnavut Ciğeri,Arnavut Ciğeri,/tarif/arnavut-cigeri/,10 dk,20 dk,"<p><a href=""https://yemek.com/tarif/ciger-kavurma/"" target=""_blank"">Ciğerin</a> küçük parçalar halinde kesilip una bulandıktan sonra kızartılmasıyla oluşan bir <a href=""https://yemek.com/tarif/"" target=""_blank"">yemek tarifi</a> Arnavut ciğeri. Arzuya göre sıcak ya da soğuk olarak servis ediliyor, olmazsa olmazı <a href=""https://yemek.com/tarif/sumakli-sogan-salatasi/"" target=""_blank"">sumaklı ve maydanozlu soğan salatası</a>. Kimyonun ciğere yakıştığı bilinen bir gerçek olsa da limon sıkıp yemeği tercih edenler de var.</p>
<p>Kızgın yağda kızartılarak hazırlanan ve belirli püf noktaları bulunan Arnavut ciğeri, iştah açan ve ağız sulandıran bir <a href=""https://yemek.com/sonbahara-uygun-hafif-yemek-tarifleri/"" target=""_blank"">başlangıç</a> ve <a href=""https://yemek.com/pratik-ana-yemek-tarifleri/"" target=""_blank"">ana yemek</a> tarifi. Sizler de bu lezzetin tadına varmak isterseniz buyrun mutfağa! Daha önce böyle güzel bir <a href=""https://yemek.com/tarif/et/"" target=""_blank"">et </a>yemediğinize eminiz. Afiyet olsun!</p>
",recipe,"['tuz', 'tuz', 'un', 'patates', 'sumak', 'kırmızı soğan', 'toz kırmızı biber', 'toz kişniş', 'doğranmış maydanoz', 'karbonat', 'sıvı yağ', 'sıvı yağ', 'ciğer']","['Üzerinde bulunan zarı ayıkladığınız kuzu ciğerini, kuşbaşı büyüklüğünde kesin. Derin bir süzgece aldığınız doğranmış kuzu ciğerlerini kanının süzülmesi için bekletin.', 'Kanını süzdürdüğünüz ciğerleri karbonat ve tuz eklediğiniz una bulayın. Ciğerlerin üzerindeki fazla unu almak için tekrar süzgeçten geçirin.', '<div>Ciğerleri tavadaki ısınmış yağın içerisine koyun. Ciğerler pişmeye başladığında kırmızı toz biber ve toz kişniş ekleyin.\xa0Pişen ciğerlerin fazla yağını süzdürerek bir tabağa aktarın.</div>', 'Ayrı bir tavada kızdırdığınız yağda küp küp doğradığınız patatesleri kızartın ve ciğerlerin olduğu kaseye ekleyin.', 'Piyazlık doğradığınız kırmızı soğanları, 1 çay kaşığı tuz ile ovarak öldürün.\xa0Üzerine sumak ve doğranmış maydanozu da ekledikten sonra güzelce karıştırın ve ciğerlerin olduğu kaseye ekleyip diğer malzemelerle birlikte güzelce harmanlayın.', 'Ciğeri servis edeceğiniz tabağa alıp, sevdiklerinizle afiyetle tüketin!']",ET,239b56,/tarif/et/,"['Et', 'Video', 'Yöresel Tarifler']","['akşam yemeği', 'öğle yemeği']","['Öğle Yemeği', 'Akşam Yemeği']","['Kızartma', 'Ocak']",['Bol Proteinli'],False,600,1200,2021-11-17T07:46:50Z,4.0,711587,3831,False,True,True,0,,0,,,,2021/06/arnavut-cigeri-yemekcom.jpg,0,0,https://cdn.yemek.com/mnresize/940/940/uploads/2021/06/arnavut-cigeri-yemekcom.jpg,940,940,False,https://cdn.yemek.com/mncrop/300/200/uploads/2021/06/arnavut-cigeri-yemekcom.jpg,300,200,True,https://cdn.yemek.com/mncrop/940/625/uploads/2021/06/arnavut-cigeri-yemekcom.jpg,940,625,True,https://cdn.yemek.com/mncrop/620/388/uploads/2021/06/arnavut-cigeri-yemekcom.jpg,620,388,True,https://cdn.yemek.com/mncrop/600/315/uploads/2021/06/arnavut-cigeri-yemekcom.jpg,600,315,True,"['bol proteinli', 'kızartma']",,,,['Edirne'],
1092,955,Yasemin Özaltın,https://cdn.yemek.com/author/35533/20181219061403_avatar.jpg,/profil/yasemingursurer/,Orijinal Tarif: Trileçe,Trileçe,/tarif/trilece/,35 dk,30 dk,"<p>Orijinalinde üç süt karışımının kullanıldığı <a href=""https://yemek.com/tarif/sutlu-tatlilar/"" target=""_blank"" rel=""noopener"">sütlü</a> <a href=""https://yemek.com/tarif/serbetli-tatlilar/"" target=""_blank"" rel=""noopener"">şerbet</a> ile hazırlanan trileçe (tirileçe), hafifliği ve sünger dokusuna sahip <a href=""https://yemek.com/tarif/pandispanya/"" target=""_blank"" rel=""noopener"">pandispanya</a> <a href=""https://yemek.com/tarif/kek/"" target=""_blank"" rel=""noopener"">kek</a>iyle şöhreti kısa sürede dilden dile yayılan enfes bir <a href=""https://yemek.com/tarif/tatli/"" target=""_blank"" rel=""noopener"">tatlı tarifi</a>. Traliçe, triliçe ya da trilece diye telaffuz edenler olsa da tatlının doğru yazımı trileçe. Trileçe hangi ülkeye ait sorusunun cevabını da verelim. Meksika'da yaygınlaşan ve tüm dünyaya yayılan bir sütlü tatlı aslında trileçe. <strong>Balkan ülkelerinde de çok sevilen tatlı</strong>, hafif olmasıyla ülkemizde de pek seviliyor.</p>
<p>Çeşitli sos ve kremalarla servis edilen versiyonlarını yerinde yiyebileceğiniz gibi gerçek trileçe tarifini ev sıcaklığında hazırlayıp, sevdiklerinizle paylaşabilirsiniz. Biz bu sefer oyumuzu karamelli orijinal trileçe tarifinden yana kullandık; ama siz farklı soslarla da onu deneyebilirsiniz. Tarifimizin içinde karamel <a href=""https://yemek.com/tarif/sos/"" target=""_blank"" rel=""noopener"">sos</a>unun tarifini de bulabileceksiniz.</p>
<p>Malzemeleriyle <strong>en kolay trileçe tarifleri</strong>nden biri olan bu <a href=""https://yemek.com/tarif/"" target=""_blank"" rel=""noopener"">tarifi</a> hemen denemek isteyeceksiniz.</p>
<p>O zaman haydi mutfağa, <strong>trileçe tatlısı</strong> yapıyoruz!</p>",recipe,"['tereyağı', 'toz şeker', 'toz şeker', 'toz şeker', 'un', 'kabartma tozu', 'krema', 'manda sütü', 'inek sütü', 'büyük boy yumurta', 'vanilin', 'keçi sütü']","['<p>Trileçe için derin bir karıştırma kasesinin içerisine yumurta ve şekeri ekleyip, şekerler eriyene ve karışımın rengi açılıp, krema kıvamına gelene kadar çırpın.</p>', '<p>Un, kabartma tozu ve vanilini yumurtalı karışımın içerisine eleyerek ekleyin.</p>', '<p>Spatula yardımıyla kuru malzemelerin sıvı malzemelerle birleşmesi için altan üstte doğru sürekli olarak karıştırın. Güzelce karışmış olan kek harcını yağlanmış fırın kabınıza dökün ve üzerini düzeltin.</p>', '<p>Trileçenin pandispanyasını önce 170 derece ısıtılmış fırında 10 dakika pişirin. 10 dakika sonunda fırın ısısını 150 dereceye indirip 20-25 dakika kadar pişirin.\xa0Pişen pandispanyayı oda sıcaklığında soğumaya bırakın ve üzerine kürdan yardımıyla delikler açın.</p>', '<p>Sütlü şerbeti için; inek sütü, manda sütü ve keçi sütünü tencereye alın. Şekerini de ekleyip eriyene kadar karıştırın. Kaynamaya başladıktan sonra ocağın altını kapatın ve ılımaya bırakın.</p>', '<p>Karameli için; ayrı bir sos tenceresinde toz şekeri kontrollü olarak eritin. Üzerine tereyağını ekleyin. Fokurdamaya başlayan tereyağlı şekerin üzerine\xa0kremayı ekleyin ve karıştırıp ocaktan alın, soğumaya bırakın.</p>', '<p>Oda sıcaklığında soğumuş olan trileçe pandispanyasının üzerine ılık sütlü şerbeti ekleyin ve sütü iyice çektikten sonra buzdolabında soğumaya bırakın.</p>', '<p>Bu esnada 1 paket krem şanti hazırlayın. Soğumuş olan kekinizin üzerine ince bir tabaka halinde krem şantiyi yayın.</p>', '<p>Hazırlamış olduğunuz karameli de üzerine güzelce yayın.</p>', '<p>Ardından dilimleyin ve soğuk olarak servis edin. Afiyetler olsun!</p>']",SÜTLÜ TATLI,239b56,/tarif/sutlu-tatlilar/,"['Tatlı', 'Ramazan', 'Sütlü Tatlı', 'Video']",,['Çay Saati'],['Fırın'],,False,2100,1800,2021-03-22T05:01:53Z,4.0,767271,3972,False,True,True,0,,0,,,,2014/11/trilece-ytk-site.jpg,0,0,https://cdn.yemek.com/mnresize/940/940/uploads/2014/11/trilece-ytk-site.jpg,940,940,False,https://cdn.yemek.com/mncrop/300/200/uploads/2014/11/trilece-ytk-site.jpg,300,200,True,https://cdn.yemek.com/mncrop/940/625/uploads/2014/11/trilece-ytk-site.jpg,940,625,True,https://cdn.yemek.com/mncrop/620/388/uploads/2014/11/trilece-ytk-site.jpg,620,388,True,https://cdn.yemek.com/mncrop/600/315/uploads/2014/11/trilece-ytk-site.jpg,600,315,True,,,,,,
1093,2518,Yasemin Özaltın,https://cdn.yemek.com/author/35533/20181219061403_avatar.jpg,/profil/yasemingursurer/,Onsuz Olmaz: Bulgur Pilavı,Bulgur Pilavı,/tarif/bulgur-pilavi/,20 dk,10 dk,"<p>Herkesin <a href=""https://yemek.com/tarif/domatesli-bulgur-pilavi/"" target=""_blank"">bulgur pilavı</a> tarifi ufak da olsa farklılıklar gösteriyor. Kimi içine domates biber koyarken, kimi sade, kimi tel şehriyeli hazırlıyor. Sulu yemeklerin sevdalısı, yoğurt ve salatalık turşusuna anlam katan bulgur pilavını özüyle sözüyle sade olarak hazırlıyor, soframızın baş köşesine alıyoruz. Bulgur pilavı, <a href=""https://yemek.com/tarif/pilav/"" target=""_blank"">pilav tarifleri</a> arasında en çok sevilenlerden de biri. Şöyle tane tane döküleni de pek makbul. Bu domatesli bulgur pilavı tarifi çok klasik bir tarif olsa da bir de bizim tarifimizle deneyin deriz. Karşınızda tüm püf noktalarıyla enfes bulgur pilavı tarifimiz!</p>
<p>En klasik bulgur pilavı diyoruz ama yanına <a href=""https://yemek.com/tarif/bezelye-yemegi/"" target=""_blank"">bezelye</a> pişiresimiz, karşısına yoğurdu alasımız, belki de bir çoban salatayla masayı şenlendiresimiz var. Pek de güzel yiyesimiz var sonra. Her <a href=""https://yemek.com/tarif/"" target=""_blank"">yemek tarifinin</a> yanına çok yakışan, doyurucu, enfes mi enfes salçalı bulgur pilav tarifimize buyurun.</p>
<p>Bulgur pilavının ölçüsünden adım adım yapılışına kıvamı tam tutan, ölçüleri hiç şaşmayan bulgur pilavı tarifi karşınızda.</p>
<p>Haydi girin mutfağa, bize eşlik edin. Afiyetler olsun.</p>
<p>Not: ""Ben bulgur pilavı çeşitlerini görmek istiyorum."" diyenler için yeşil mercimekli bulgur pilavı tarifini <a href=""https://yemek.com/tarif/mercimekli-bulgur-pilavi/"" target=""_blank"">şuraya</a>, sade bulgur pilavı tarifini <a href=""https://yemek.com/tarif/sade-bulgur-pilavi/"" target=""_blank"">buraya</a>, domatesli bulgur pilavını da tam <a href=""https://yemek.com/tarif/domatesli-bulgur-pilavi/"" target=""_blank"">şuraya</a> bırakalım. Afiyet olsun!</p>
",recipe,"['kuru soğan', 'biber salçası', 'tereyağı', 'tuz', 'pul biber', 'sarımsak', 'su', 'zeytinyağı', 'karabiber', 'domates salçası', 'domates', 'yeşil biber', 'kekik', 'pilavlık bulgur']","['Birer yemek kaşığı tereyağı ve zeytinyağını bir pilav tenceresinde\xa0kızdırın. Üzerine soğanları ilave edin.', '2 adet yemeklik doğranmış kuru soğanı da tencereye ekleyin ve pembeleşinceye kadar kavurun.\xa01 adet ezilmiş sarımsak ve 2 adet doğranmış yeşil biberi de ekleyin ve kavurun.', '1 yemek kaşığı domates salçası ve yarım yemek kaşığı biber salçasını da ekleyip kokusu çıkana kadar kavurun.', 'Sonra 2 su bardağı pilavlık bulguru ekleyin.', ""Baharat olarak 1'er çay kaşığı tuz, karabiber, pul biber ve 1 tatlı kaşığı kekik ilave edin."", '2 adet rendelenmiş domatesi ilave edin.', '4 su bardağı su ekledikten sonra tencerenin kapağını kapatıp pişmeye bırakın.', 'Bulgurlar göz göz olup suyunu çektiğinde\xa0ocağın altını kapatın.', 'Pilavınızın altını kapatın ve dinlenmeye bırakın.', 'Bulgur pilavınız hazır, afiyet olsun!']",PİLAV,239b56,/tarif/pilav/,"['Ramazan', 'Pilav', 'Video', 'Bakliyat']","['pratik yemek tarifleri', 'akşam yemeği', 'öğle yemeği']","['Öğle Yemeği', 'Akşam Yemeği']",['Tencere'],['Vejetaryen'],False,1200,600,2021-03-23T08:12:32Z,4.0,763827,6496,False,True,True,0,,0,,,,2015/05/bulgur-pilavi-yemekcom.jpg,0,0,https://cdn.yemek.com/mnresize/940/940/uploads/2015/05/bulgur-pilavi-yemekcom.jpg,940,940,False,https://cdn.yemek.com/mncrop/300/200/uploads/2015/05/bulgur-pilavi-yemekcom.jpg,300,200,True,https://cdn.yemek.com/mncrop/940/625/uploads/2015/05/bulgur-pilavi-yemekcom.jpg,940,625,True,https://cdn.yemek.com/mncrop/620/388/uploads/2015/05/bulgur-pilavi-yemekcom.jpg,620,388,True,https://cdn.yemek.com/mncrop/600/315/uploads/2015/05/bulgur-pilavi-yemekcom.jpg,600,315,True,"['tencere', 'düşük karbonhidratlı']",,,,,
1094,1021,Yasemin Özaltın,https://cdn.yemek.com/author/35533/20181219061403_avatar.jpg,/profil/yasemingursurer/,Kıvamı Mükemmel: Terbiyeli Tavuk Çorbası,Terbiyeli Tavuk Çorbası,/tarif/terbiyeli-tavuk-corbasi/,30 dk,20 dk,"<p><a href=""https://yemek.com/tarif/tavuk-suyu-corbasi/"" target=""_blank"">Tavuk suyu</a>nun soğuk algınlığı ve grip başta olmak üzere tüm hastalıklara karşı savaştığı ve vücut direncini artırdığı artık hepimiz biliyoruz. Hastalıklar bir türlü bitmezken <a href=""https://yemek.com/tarif/corba/"" target=""_blank"">çorba</a> tarifleri de işte bu noktada kurtarıcımız oluyor. Krema eklemeye gerek kalmadan terbiyeli karışımı ile leziz ve pratik bir şekilde hazırlanan terbiyeli <a href=""https://yemek.com/tarif/tavuk-corbasi/"" target=""_blank"">tavuk çorbası</a> size iyi gelecek.</p>
<p>Arzuya göre terbiyeli tavuk çorbasına şehriye ekleyerek doyuruculuğunu arttırabilirsiniz. Domates salçası ve şehriye eklenmiş <a href=""https://yemek.com/tarif/sehriyeli-tavuk-suyu-corba/"" target=""_blank"">şehriyeli tavuk çorbası</a> da çok nefis oluyor bizden söylemesi, mutlaka deneyin. Afiyet olsun!</p>
",recipe,"['tuz', 'un', 'su', 'yoğurt', 'yumurta sarısı', 'defne yaprağı', 'tel şehriye', 'nane (arzuya göre)', 'tavuk but']","['Derin bir tencerede, kalçalı budu, 2 adet defne yaprağı, yarım tatlı kaşığı tuz ve 2 litre su ile birlikte haşlayın.', 'Çorbanın terbiyesi için; 1 su bardağı yoğurdu, 1,5 yemek kaşığı unu, 1 adet yumurta sarısını, 1 çay kaşığı tuzu ve yarım limon suyunu bir kaba aktarın.', 'Pürüzsüz bir kıvam alana kadar çırpın.', 'Tenceredeki tavuk haşlandıktan sonra tavuğu ve defne yapraklarını içerisinden alın ve tavukları ince olacak şekilde didikleyin.', 'Tavuğun haşlanan suyundan 1 kepe alıp hazırladığınız terbiyeye yavaş yavaş dökün ve suyun sıcaklığı ile eşitleyin.', 'Sıcaklık eşitlendikten sonra tüm terbiye karışımını çorba tenceresine aktarın.', '1 çay bardağı tel şehriye ve didiklediğiniz tavukları da üzerine\xa0katın ve çorbayı 10 dakika kadar kısık ateşte, aralarda karıştırarak pişirmeye devam edin.', 'Kıvam alan terbiyeli tavuk çorbasını nane ve pulbiber ile süsledikten sonra sıcak olarak servis edin.\xa0Afiyet olsun!']",ÇORBA,,/tarif/corba/,"['Çorba', 'Tavuk', 'Ramazan', 'Video']","['pratik yemek tarifleri', 'ekonomik', 'başlangıç', 'akşam yemeği', 'öğle yemeği']",['Başlangıç'],['Tencere'],,False,1800,1200,2022-07-27T15:20:02Z,4.0,763555,5356,False,True,True,0,,0,,,,2014/11/terbiyeli-tavuk-corbasi-yemekcom.jpg,0,0,https://cdn.yemek.com/mnresize/940/940/uploads/2014/11/terbiyeli-tavuk-corbasi-yemekcom.jpg,940,940,False,https://cdn.yemek.com/mncrop/300/200/uploads/2014/11/terbiyeli-tavuk-corbasi-yemekcom.jpg,300,200,True,https://cdn.yemek.com/mncrop/940/625/uploads/2014/11/terbiyeli-tavuk-corbasi-yemekcom.jpg,940,625,True,https://cdn.yemek.com/mncrop/620/388/uploads/2014/11/terbiyeli-tavuk-corbasi-yemekcom.jpg,620,388,True,https://cdn.yemek.com/mncrop/600/315/uploads/2014/11/terbiyeli-tavuk-corbasi-yemekcom.jpg,600,315,True,"['tencere', 'bol proteinli']",greenLight,,,,
1095,877,Yasemin Özaltın,https://cdn.yemek.com/author/35533/20181219061403_avatar.jpg,/profil/yasemingursurer/,Dışarıdakilerden Çok Daha Nefis: Profiterol,Profiterol,/tarif/profiterol/,40 dk,30 dk,"<p>Çikolata tutkunlarını mutlu edecek nefis bir <a href=""https://yemek.com/tarif/tatli"" target=""_blank"">tatlı</a> olan profiterolu bu tarifle yapmak çok kolay!</p>
<p><strong>Pataşu</strong> ya da <a href=""https://yemek.com/tarif/su-hamuru/"" target=""_blank"">şu hamuru</a> olarak da bilinen, hamurları fırında puf gibi kabartıp içlerini dolduracak kremayı sabırsızlıkla beklerken, bir yandan bitter çikolatalı sosunu hazırlıyoruz. Kaşık kaşık yemek isteyeceğiniz profiterol tarifini; ince çekilmiş fındık, fıstık, ceviz içi ve muz gibi meyve dilimleriyle süsleyip daha da lezzetli hale getirebilirsiniz. Pastanelerde yemeye alışkın olduğunuz bu enfes tatlıyı evinize taşıyarak nefis mi nefis bir profiterol tarifi hazırlıyoruz. Üstelik bu <a href=""https://yemek.com/tarif/"" target=""_blank"">yemek tarifinin</a> yapımı da sandığınız kadar zor değil.</p>
<p>Kökeninin <strong>Fransız mutfağı</strong> olan profiterol, yapımı biraz zahmetli gibi görünse de sevdiklerinizi ve kendinizi ödüllendirmenin çok iyi bir yolu. <strong>Profiterol hamuru</strong>nu da profiterol kremasını da tarifimizde anlatacağımız resimli adımlarla bir bir uyguladığınızda nefis sonuçlar elde edeceğinize eminiz. Şimdiden ellerinize sağlık diyor ve sizi kolay profiterol tatlısı tarifimize buyur ediyoruz.</p>
",recipe,"['yumurta', 'yumurta', 'toz şeker', 'süt', 'un', 'un', 'su', 'krema', 'margarin', 'bitter çikolata', 'vanilin']","['Kremasını hazırlamak için; bir sos tenceresine süt, toz şeker, un ve yumurtayı ekleyip orta ateşte koyu bir kıvam alana kadar sürekli olarak karıştırın.', 'Koyulaşan kremaya vanilin ilave edip karıştırın, ocaktan alın ve oda sıcaklığına geldikten sonra sıkma poşetine doldurup, en az 1 saat buzdolabında bekletin.', 'Profiterol hamuru için; öncelikle fırını 180 dereceye ayarlayın. Derin bir sos tenceresine su ve margarini alıp karıştırarak kaynatın.', 'Üzerine unu ekleyip sürekli olarak karıştırarak dibine hamur yapışmaya başlayana kadar, yaklaşık 4-5 dakika pişirin. Dibi yapışmaya başlayan hamuru bir kaseye alın ve 15 dakika oda sıcaklığında soğutun.', 'Soğumuş olan hamurun üzerine her bir yumurtayı teker teker ekleyin ve her seferinde yumurtaları güzelce yedirerek yapışkan bir hamur elde edin. Bu hamuru varsa sıkma poşetine alın, daha kolay şekil vermek için yaklaşık 15 dakika daha dinlendirin.', 'Bekleyen hamurdan pişirme kağıdı serili fırın tepsisine aralarında biraz boşluk olacak şekilde ceviz büyüklüğünde toplar sıkın ya da kaşık yardımıyla dökün. Parmağınızın ucunu ıslatıp hamurların üzerindeki çıkıntıları düzeltin ve fırına alıp, piştiği süre boyunca kapağını hiç açmadan; yaklaşık 40 dakika pişirin.', 'Pişen profiteroller oda sıcaklığına geldikten sonra alt kısmından bıçakla delik açın ve hazırladığınız kremayı içine sıkın. Bunun yerine arasını kesip krema da doldurabilirsiniz.', 'Çikolata sosu için; küçük parçalara ayırdığınız bitter çikolatayı benmari usulü eritin. Üzerine krema ilave edip güzelce karıştırın. Hazırladığınız çikolata sosunu profiterollerin üzerine dökün.', 'Son olarak file Antep fıstığı gezdirip servis edin. Afiyet olsun!']",ÇİKOLATALI TATLI,239b56,/tarif/cikolatali-tatlilar/,"['Tatlı', 'Video', 'Dünya Mutfakları', 'Çikolatalı Tatlı']",['çay saati'],['Çay Saati'],['Fırın'],,False,2400,1800,2022-04-01T14:20:22Z,4.0,756116,6377,False,True,True,0,,0,,,,2014/11/profiterol-yemekcom2.jpg,0,0,https://cdn.yemek.com/mnresize/940/940/uploads/2014/11/profiterol-yemekcom2.jpg,940,940,False,https://cdn.yemek.com/mncrop/300/200/uploads/2014/11/profiterol-yemekcom2.jpg,300,200,True,https://cdn.yemek.com/mncrop/940/625/uploads/2014/11/profiterol-yemekcom2.jpg,940,625,True,https://cdn.yemek.com/mncrop/620/388/uploads/2014/11/profiterol-yemekcom2.jpg,620,388,True,https://cdn.yemek.com/mncrop/600/315/uploads/2014/11/profiterol-yemekcom2.jpg,600,315,True,,,,['Fransa'],,
1096,303,Ayşegül Uslu,https://cdn.yemek.com/author/409098/20230915055430_avatar.jpg,/profil/aysegulu/,Yağ Çekmez: Pişi,Pişi,/tarif/pisi/,15 dk,20 dk,"<p>Anadolu'nun pek çok noktasında kolaç, lokma, keçi ayağı, <a href=""https://yemek.com/tarif/hamur-kizartmasi/"" target=""_blank"">hamur kızartması</a> gibi isimlerle bilinen pişi, ailecek yapılan zengin sabah kahvaltıları için başarılı bir alternatif. Son yıllarda birçok kahvaltı mekanında da görebileceğiniz pişiyi evde de kolayca yapabilirsiniz. Üstelik kendisi sadece kahvaltılık olmakla kalmaz, yeri geldiğinde en lezzetli öğle yemeğine de, ara öğüne de dönüşebilir, <a href=""https://yemek.com/tarif/"" target=""_blank"">yemek tarifleri</a> içinde tam bir kurtarıcı olmasıyla bilinir.</p>
<p>Mayalı hamurla ne yapılır diyenlerin yardımına koşan bu pişiyi biz mayalayarak yaptık. Ama siz bekleme derdi olmasın, pratik olsun istiyorsanız şu <a href=""https://yemek.com/tarif/mayasiz-kolay-pisi/"" target=""_blank"">mayasız pişi</a> tarifimize de bakabilirsiniz. Hatta ve hatta <strong>karbonatlı pişi</strong> tarifimize <a href=""https://yemek.com/tarif/karbonatli-pisi/"" target=""_blank"">şuradan</a> ulaşabilir, farklı pişi çeşitleri içinse <a href=""https://yemek.com/pisi-tarifleri/"" target=""_blank"">şu içeriğimizden</a> yararlanabilirsiniz.</p>
<p>Peynir, zeytin, domates gibi <a href=""https://yemek.com/tarif/kahvaltiliklar/"" target=""_blank"">kahvaltılıklar</a>la da afiyet olur; reçel ya da çikolata ile nefis olur. Biz özellikle <a href=""https://yemek.com/tarif/incir-receli"" target=""_blank"">ev yapımı nefis incir reçeli</a> ile öneriyoruz.</p>
<p>Nefis <strong>pişi tarifi</strong>mizin videolu ve adım adım resimli anlatımı hemen aşağıda. Buyursunlar!</p>
",recipe,"['tuz', 'toz şeker', 'ayçiçek yağı', 'un', 'ılık su', 'yaş maya']","['Pişi tarifi için önce ılık su içerisinde 1 yemek kaşığı toz şeker ve 1/2 paket yaş mayayı çözdürün.', 'Karıştırdıktan sonra 10 dakika kadar dinlenmeye bırakın.', 'Dinlenen karışıma 3 su bardağı un\xa0ve tuzu harmanlayarak ekleyin ve karıştırmaya devam edin.', 'Kalan unu da azar azar ilave ederek bir yandan da yoğurmaya başlayın.', 'Hamuru 5-10 dakika kadar yoğurun.', 'Hamurun üzerini örtüp oda ısısında bir saat kadar mayalayın.', 'Mayalanan hamuru tezgaha alın ve ceviz büyüklüğünde parçalar koparıp yuvarlayın. Üzerilerine un serptikten sonra elinizle hafifçe bastırarak düzleştirin.', 'Tezgahta 10 dakika daha mayalandırdıktan sonra bir şişe kapağıyla\xa0ortalarına delikler açın. Bu sayede pişileriniz daha güzel kabaracaktır.', 'Geniş ve derin bir tavada sıvı yağı kızdırın. Pişileri yavaş yavaş yağa atarak arkalı önlü kızartın. Pişenleri\xa0fazla yağını bırakması için bir iki dakika havlu peçete üzerinde dinlendirin.', 'Pişi tarifi hazır. Afiyet olsun.']",KAHVALTILIK,239b56,/tarif/kahvaltiliklar/,"['Hamur İşi', 'Kahvaltılık', 'Çörek']","['ekonomik', 'kahvaltı', 'çay saati']","['Başlangıç', 'Kahvaltı', 'Çay Saati']",['Kızartma'],['Vejetaryen'],False,900,1200,2022-03-18T13:50:52Z,4.0,752213,4360,False,True,True,0,,0,,,,2019/05/pisi-asama-18.jpg,0,0,https://cdn.yemek.com/mnresize/940/940/uploads/2019/05/pisi-asama-18.jpg,940,940,False,https://cdn.yemek.com/mncrop/300/200/uploads/2019/05/pisi-asama-18.jpg,300,200,True,https://cdn.yemek.com/mncrop/940/625/uploads/2019/05/pisi-asama-18.jpg,940,625,True,https://cdn.yemek.com/mncrop/620/388/uploads/2019/05/pisi-asama-18.jpg,620,388,True,https://cdn.yemek.com/mncrop/600/315/uploads/2019/05/pisi-asama-18.jpg,600,315,True,,,,,,
1097,1793,Ayşegül Uslu,https://cdn.yemek.com/author/409098/20230915055430_avatar.jpg,/profil/aysegulu/,Tüm Sırlarıyla: Kazandibi,Kazandibi,/tarif/kazandibi/,35 dk,15 dk,"<p>İçinde haşlanmış ve çok çok ince dizilmiş <a href=""https://yemek.com/tarif/tavuk/"" target=""_blank"">tavuk</a> eti katılan versiyonlarının da olduğu esmer <a href=""https://yemek.com/tarif/sutlu-tatlilar/"" target=""_blank"">sütlü tatlı</a> kazandibini pratik bir şekilde hazırlamaya ve afiyetle yemeye var mısınız? Tavuk göğsüne kazandibi tarifinde yer vermedik çünkü, onun gerçek bir <a href=""https://yemek.com/tarif/tavuk-gogsu/"" target=""_blank"">tavuk göğsü tatlısı</a>na daha çok yakıştığını düşünmekteyiz.</p>
<p>Şimdi sizi şöyle mutfağa doğru alalım ve tatlıcılarda yemeye alıştığınız kazandibini evde nasıl <a href=""https://yemek.com/tarif/tatli/"" target=""_blank"">tatlı</a> tatlı, lezzetli lezzetli yapabileceğinizi anlatalım.</p>
",recipe,"['tereyağı', 'toz şeker', 'süt', 'vanilya', 'pudra şekeri', 'buğday nişastası', 'pirinç unu']","['Sübyesi için; bir kasede\xa02 su bardağı sütü,\xa0yarım bardak toz şekeri, buğday nişastasını ve pirinç unu karıştırın. Topak kalmayana kadar çırpıcı yardımıyla çırpın.', 'Geniş bir tencereye kalan 5 su bardağı sütü ve 1 su bardağı şekeri ilave edin. Bir taşım kaynatın. Kaynayan süte yavaş yavaş sübyeyi ilave ederek sürekli karıştırın. Ocağı kısık ateşe getirerek, sürekli karıştırarak muhallebi kıvamına gelene kadar pişirin.', 'Muhallebi koyulaşıp göz göz olduğunda ocaktan alın ve vanilyayı ilave edip tekrar karıştırın. Oda sıcaklığında soğumaya bırakın.', 'Köşeli bir borcamı tereyağıyla yağlayın ve üzerine eşit olacak şekilde pudra şekerini eleyin.', 'Tepsiyi ocak üzerinde çevire çevire karışımı yakın. Tüm şeker eriyip karamelize olunca, tepsinin dibine muhallebiden ince bir kat sürün ve bir tur da muhallebiyle birlikte yakın.', 'Yakma işlemi bittiğinde kalan muhallebiyi de tepsiye dökün. Üzerini bir spatula yardımıyla düzeltin.', 'Buzdolabına kaldırıp kıvam alması için soğuttuğunuz tatlıyı, ince uzun dilimlere ayırın\xa0ve spatula yardımıyla kıvırarak rulo şeklinde sarın.\xa0Ev yapımı mis kokulu kazandibiniz hazır, afiyet olsun!']",SÜTLÜ TATLI,239b56,/tarif/sutlu-tatlilar/,"['Tatlı', 'Ramazan', 'Sütlü Tatlı', 'Video']","['ekonomik', 'ara öğün']",['Çay Saati'],['Tencere'],['Ekonomik'],False,2100,900,2021-08-17T07:30:14Z,4.0,750751,3376,False,True,True,0,,0,,,,2021/08/kazandibi-yemekcom.jpg,0,0,https://cdn.yemek.com/mnresize/940/940/uploads/2021/08/kazandibi-yemekcom.jpg,940,940,False,https://cdn.yemek.com/mncrop/300/200/uploads/2021/08/kazandibi-yemekcom.jpg,300,200,True,https://cdn.yemek.com/mncrop/940/625/uploads/2021/08/kazandibi-yemekcom.jpg,940,625,True,https://cdn.yemek.com/mncrop/620/388/uploads/2021/08/kazandibi-yemekcom.jpg,620,388,True,https://cdn.yemek.com/mncrop/600/315/uploads/2021/08/kazandibi-yemekcom.jpg,600,315,True,"['vejetaryen', 'glutensiz']",,,,,
1098,3475,Yasemin Özaltın,https://cdn.yemek.com/author/35533/20181219061403_avatar.jpg,/profil/yasemingursurer/,Püf Noktalarıyla: Zeytinyağlı Biber Dolması,Zeytinyağlı Biber Dolması,/tarif/zeytinyagli-biber-dolmasi/,45 dk,30 dk,"<p>Zeytinyağlı kontenjanının öne çıkan yemeği, kalabalık sofraların vazgeçilmez <a href=""https://yemek.com/tarif/"" target=""_blank"">yemek tariflerindendir</a> zeytinyağlı biber dolması. Püf noktalarından biri lezzetin doruk noktasına ulaşması için bol bol kuru soğan kullanmaktır. Pirinçlerin hafif diri kalacak şekilde kavrulması, hazırlanan dolmaların kısık ateşte pişirilmesi esastır. Arzuya göre kuş üzümlü, dolmalık fıstıklı ve tarçınlı olabilen iç harç bol soğanlı sade ya da rendelenmiş domates ilavesiyle de hazırlanabilir.</p>
<p><a href=""https://yemek.com/tarif/biber-dolmasi/"" target=""_blank"">Etli biber dolması</a> alınmasın ancak zeytinyağlı hali ılık ya da soğuk olarak sofraları süsleyebildiği için daha sevilir. <a href=""https://yemek.com/tarif/vejetaryen/"" target=""_blank"">Vejetaryen</a> beslenenler için lezzetli bir öğün, pilav çeşitlerine alternatif olabilecek en iddialı seçeneklerden bir tanesidir.</p>
<p>Çocukluğumuzda sadece içindeki <a href=""https://yemek.com/tarif/pilav/"" target=""_blank"">pilav</a>ı yemek için annemizle kavga ettiğimiz hala bazılarımızın bu sebeple biberini yiyemediği, dondurma kutularından en çok fırlayan yemektir biber dolması. Ama sevin ya da sevmeyin <strong>Türk mutfağının en simge yemeklerinden</strong> biridir biber dolması. Üzerine yoğurdun döküldüğü anda iştahı kabarmayan insan yoktur aslında.</p>
<p>Lafı çok uzattık, gerisi sizin akşam yemeğiniz olsun.</p>
",recipe,"['pirinç', 'kuru soğan', 'sıcak su', 'nane', 'tuz', 'toz şeker', 'zeytinyağı', 'karabiber', 'kuş üzümü', 'dolmalık fıstık', 'yenibahar', 'orta boy dolmalık biber', 'orta boy domates (üzerlerini kapatmak için)']","['Zeytinyağlı biber dolması için yarım su bardağı zeytinyağını geniş bir pilav tenceresine alın ve 2 adet yemeklik doğranmış kuru soğan ile birlikte pembeleşinceye kadar kavurun.', '2 yemek kaşığı dolmalık fıstığı da ekleyip renk alana kadar kavurmaya devam edin.', 'Dolmalık fıstıklar renk aldıktan sonra 1,5 su bardağı yıkanmış pirinci ekleyin ve 2-3 dakika kadar kavurun.', '1 yemek kaşığı kuş üzümü, 1 tatlı kaşığı tuz, yarım çay kaşığı karabiber,\xa0yarım çay kaşığı yenibahar, yarım tatlı kaşığı toz şeker ve 1 tatlı kaşığı naneyi de ekledikten sonra son kez karıştırın.', '2 su bardağı sıcak suyu ekleyip, pirinçler diri kalacak şekilde 7-8 dakika kadar pişirin ve ocaktan alın.', 'Hazırladığınız dolma harcını, üst kapağını ve iç kısmını çıkardığınız yaklaşık 10- 15 adet dolmalık biberin içerisine doldurun. Ağız kısımlarında şişme ve pişme payı bırakmaya özen gösterin.', 'Hazırladığınız dolmaları\xa0tencereye dik bir şekilde dizin.', 'Biberlerin üst kısımlarını ikiye bölünmüş cherry domates ile kapatın.', 'Tencerenin yarısına kadar su doldurun ve üzerlerine zeytinyağı gezdirip kapağını kapatın.', 'Dolmaları,\xa0 kısık ateşte pişirme suyu bitip pirinçler\xa0şişene kadar yaklaşık 30-35 dakika pişirin. Ilık ya da soğuk olarak servis edin. Afiyet olsun!']",ZEYTİNYAĞLI,239b56,/tarif/zeytinyaglilar/,"['Sebze', 'Özel Beslenme', 'Vejetaryen', 'Ramazan', 'Zeytinyağlı', 'Vegan', 'Video', 'Mevsiminde']",,"['Öğle Yemeği', 'Akşam Yemeği']",['Tencere'],"['Ekonomik', 'Vejetaryen', 'Vegan']",False,2700,1800,2022-08-24T11:40:42Z,4.0,750144,4840,False,True,True,0,,0,,,,2015/09/zeytinyagli-biber-dolmasi-yemekcom.jpg,0,0,https://cdn.yemek.com/mnresize/940/940/uploads/2015/09/zeytinyagli-biber-dolmasi-yemekcom.jpg,940,940,False,https://cdn.yemek.com/mncrop/300/200/uploads/2015/09/zeytinyagli-biber-dolmasi-yemekcom.jpg,300,200,True,https://cdn.yemek.com/mncrop/940/625/uploads/2015/09/zeytinyagli-biber-dolmasi-yemekcom.jpg,940,625,True,https://cdn.yemek.com/mncrop/620/388/uploads/2015/09/zeytinyagli-biber-dolmasi-yemekcom.jpg,620,388,True,https://cdn.yemek.com/mncrop/600/315/uploads/2015/09/zeytinyagli-biber-dolmasi-yemekcom.jpg,600,315,True,,,['Ağustos'],,,
1099,2845,Yasemin Özaltın,https://cdn.yemek.com/author/35533/20181219061403_avatar.jpg,/profil/yasemingursurer/,Çok Hafif: Kabak Yemeği,Kabak Yemeği,/tarif/kabak-yemegi/,35 dk,20 dk,"<p>Hafif yaz yemeklerinin baş tacıdır kabak <a href=""https://yemek.com/tarif/"" target=""_blank"" rel=""noopener"">yemeği</a>. Arzuya göre pirinç ilavesiyle pişirilir.<strong> Zeytinyağlı kabak yemeğine kuru nane oldukça yakışır</strong>. <a href=""https://yemek.com/tarif/mevsiminde/"" target=""_blank"" rel=""noopener"">Mevsiminde</a> sulu ve kokulu domateslerle asıl lezzetini bulur, olmadı salçadan destek alır. İncecik kıyılmış dereotu ve yoğurt eşliğinde servise hazırlanır.</p>
<p>Tabak tabak yemek isteyeceğiniz kalorisi düşük bir <a href=""https://yemek.com/tarif/zeytinyaglilar/"" target=""_blank"" rel=""noopener"">zeytinyağlı</a> olan pirinçli kabak yemeği dereotuyla süslendikten sonra sofralardaki yerini alıyor. <a href=""https://yemek.com/tarif/diyet/"" target=""_blank"" rel=""noopener"">Az kalorili</a> zeytinyağlı kabak yemeğinin yapılışını adım adım resimli ve videolu olarak aşağıya bırakıyoruz. Afiyet olsun!</p>",recipe,"['pirinç', 'sıcak su', 'tuz', 'sarımsak', 'zeytinyağı', 'karabiber', 'domates salçası', 'dereotu', 'orta boy kabak', 'orta boy kuru soğan', 'büyük boy domates']","['<p>Kabak yemeği için 4 yemek kaşığı zeytinyağını tencerede kızdırın ve üzerine 1 adet yemeklik doğranmış soğanları ekleyin ve pembeleşinceye kadar kavurun.</p>', '<p>3 diş doğranmış sarımsak ve yarım tatlı kaşığı domates salçasını ekleyin ve kokusu çıkana kadar kavurun.</p>', '<p>1 adet büyük boy soyulmuş ve küp soğranmış domatesleri ekleyin ve kavurmaya devam edin.</p>', ""<p>5 adet doğranmış orta boy kabak, 1'er çay kaşığı tuz ve karabiber, 2 yemek kaşığı yıkanmış pirinci ve 2 su bardağı sıcak suyu ekleyip orta ateşte pişmeye bırakın.</p>"", '<p>Piştikten sonra 1 avuç doğranmış dereotu ekleyip karıştırın.</p>', '<p>Sıcak olarak servis edin afiyet olsun.</p>']",ZEYTİNYAĞLI,239b56,/tarif/zeytinyaglilar/,"['Sebze', 'Özel Beslenme', 'Vejetaryen', 'Diyet', 'Ramazan', 'Zeytinyağlı', 'Vegan', 'Video', 'Sulu Yemek', 'Mevsiminde']",,"['Öğle Yemeği', 'Akşam Yemeği']",['Tencere'],"['Ekonomik', 'Vejetaryen', 'Düşük Kalorili', 'Düşük Karbonhidratlı', 'Vegan']",False,2100,1200,2015-06-22T15:21:32Z,4.0,749045,8445,False,True,True,0,,0,,,,2015/06/kabak-yemegi-yemekcom.jpg,0,0,https://cdn.yemek.com/mnresize/940/940/uploads/2015/06/kabak-yemegi-yemekcom.jpg,940,940,False,https://cdn.yemek.com/mncrop/300/200/uploads/2015/06/kabak-yemegi-yemekcom.jpg,300,200,True,https://cdn.yemek.com/mncrop/940/625/uploads/2015/06/kabak-yemegi-yemekcom.jpg,940,625,True,https://cdn.yemek.com/mncrop/620/388/uploads/2015/06/kabak-yemegi-yemekcom.jpg,620,388,True,https://cdn.yemek.com/mncrop/600/315/uploads/2015/06/kabak-yemegi-yemekcom.jpg,600,315,True,,,"['Haziran', 'Temmuz', 'Ağustos']",,,['Ana Yemek']
1100,17117,Yasemin Özaltın,https://cdn.yemek.com/author/35533/20181219061403_avatar.jpg,/profil/yasemingursurer/,Yumuşacık Etler: Alinazik,Alinazik,/tarif/alinazik/,15 dk,15 dk,"<p>Alinazik tarifine, <a href=""https://yemek.com/tarif/"" target=""_blank"">yemeğin</a> en az kendisi kadar nefis hikayesini anlatarak başlayalım. 16.yüzyılda Yavuz Sultan Selim'in Gaziantep'e yolculuğu ile başlıyor her şey. Bu yolculuğun haberi alan halk, meşakkatli bir hazırlığa girişiyor. Çeşit çeşit yemekler, tatlılar padişah için pişiriliyor, yapılıyor. Gaziantep'e geldiğinde onun ağzına layık bir sofra kuruluyor. Masada yok yok. Fakat aralarından öyle bir lezzet var ki, yoğurdun, patlıcanın, etin tadını içine harmanlayan. Hemen sıyrılıyor diğerlerinden. Bu lezzetin tadına varan Yavuz Sultan Selim, 'Hangi eli nazik yaptı bunu?' diyor. O günden bugüne yemeğin adı önce 'Ala nazik' ardından da 'Alinazik' olarak değişiyor. <strong>Arapça'da 'ala' güzel, 'nazik' ise yemek anlamına geliyor.</strong></p>
<p>Adı da, hikayesi de kendi kadar güzel olan bu yemeği en güzel Antep'te, onların elinden yemek gerek. Ama gitme şansı olmayanlar için bir yol daha var. Üstelik pek pratik. Bu müthiş görsel şölen için sıvayın hadi kollarınızı. Biz bu tarifte kuşbaşı <a href=""https://yemek.com/tarif/et/"" target=""_blank"">et</a>leri minik minik doğradık. Ancak dilerseniz <strong>satır eti, kıyma ya da kuşbaşı</strong> kullanarak bu <a href=""https://yemek.com/tarif/yoresel-tarifler/"" target=""_blank"">yöresel</a> tarifi hazırlamanız mümkün.</p>
<p>Öyleyse, ilham veren videomuz ve <a href=""https://yemek.com/tarif/"" target=""_blank"">tarifi</a>mizle sizi baş başa bırakalım. Afiyet olsun.</p>
",recipe,"['biber salçası', 'tereyağı', 'tuz', 'tuz', 'sarımsak', 'yoğurt', 'közlenmiş patlıcan', 'toz kırmızı biber', 'kuşbaşı et (küçük doğranmış)']","['Alinazik tarifi için tereyağını derin bir tavanın içine alın. Sarımsağı ilave ederek hafifçe soteleyin.', 'Ardından minik doğranmış kuşbaşı etleri ekleyerek karıştırın, kapağını kapatıp 6-7 dakika kısık ateşte suyunu salıp pişene kadar bırakın.', 'Piştikten sonra salça, toz kırmızı biber ve tuz ekleyerek tatlandırın ve ocaktan alın.', 'Közlenmiş patlıcanları kesme tahtasının üzerinde keskin bir bıçak yardımıyla dövün.', 'Dövme aşamasında üzerine hafifçe tuz atın.', 'İyice ezildiklerinde\xa0yoğurtla\xa0bir kasenin içinde birleştirin ve güzelce karıştırın.', 'Servis tabağının içerisine yoğurtlu patlıcanlı karışımı alın. Ortasını çukurlaştırın. Hazırladığınız etleri de üzerine yerleştirin. Sosunu ilave ederek servis edin.']",ET,239b56,/tarif/et/,"['Et', 'Ramazan', 'Video', 'Yöresel Tarifler']","['akşam yemeği', 'öğle yemeği']","['Öğle Yemeği', 'Akşam Yemeği']",['Tencere'],['Bol Proteinli'],False,900,900,2022-04-15T14:40:35Z,4.0,722997,6605,False,True,True,0,,0,,,,2017/05/alinazik-tarifi.jpg,0,0,https://cdn.yemek.com/mnresize/940/940/uploads/2017/05/alinazik-tarifi.jpg,940,940,False,https://cdn.yemek.com/mncrop/300/200/uploads/2017/05/alinazik-tarifi.jpg,300,200,True,https://cdn.yemek.com/mncrop/940/625/uploads/2017/05/alinazik-tarifi.jpg,940,625,True,https://cdn.yemek.com/mncrop/620/388/uploads/2017/05/alinazik-tarifi.jpg,620,388,True,https://cdn.yemek.com/mncrop/600/315/uploads/2017/05/alinazik-tarifi.jpg,600,315,True,"['tencere', 'bol proteinli']",,,,['Gaziantep'],
1101,3546,Yasemin Özaltın,https://cdn.yemek.com/author/35533/20181219061403_avatar.jpg,/profil/yasemingursurer/,Zeytinyağlıların Kraliçesi: Barbunya,Barbunya,/tarif/barbunya/,30 dk,30 dk,"<p>Barbunya tarifinde sağlık vardır, tazelik çoktur. Zeytinyağlı yemeklerin ilk akla gelenidir o, <a href=""https://yemek.com/tarif/"" target=""_blank"">yemek tariflerinden</a> en fazla tarif defterine eklenenidir, dizi dizi sarmalar yapılacağına önceden hazırlanan uslu uslu dinlendirilen bir tencere barbunya can kurtarandır. Pratiklik, kolaylık denilince akla gelen ilk yemek tariflerinden de biridir aynı zamanda. Hafta başında yapılıp dolaba atılan, sonrasında yemeğim hazır diye gururla bahsedilendir. Karşınızda <a href=""https://yemek.com/tarif/zeytinyaglilar/"" target=""_blank"">zeytinyağlı yemeklerin</a> en güzeli barbunya tarifi!</p>
<p>Özellikle bolca bulunduğu yaz aylarında ayıklanıp dolaba konan, sonrasında da bol bol pişirilen sebzelerin başında geliyor. Yanına pilav ya da farklı zeytinyağlı yemeklerle de şahane oluyor. Şimdiden ellerinize sağlık diyor, hafif, yapımı kolay, tam kıvamında pişen <strong>barbunya yemeği</strong> tarifimize buyur ediyoruz. Afiyetler olsun!</p>
",recipe,"['sıcak su', 'tuz', 'toz şeker', 'sarımsak', 'maydanoz', 'zeytinyağı', 'domates salçası', 'orta boy havuç', 'orta boy kuru soğan', 'orta boy domates', 'büyük boy patates', 'taze barbunya', 'taze sıkılmış limon suyu (arzuya göre)']","['Kabuklarını ayıklayıp bol suda yıkadığınız 1 kilogram barbunyayı üzerini geçecek kadar su ilave edin.', 'Orta ateşte 10 dakika kadar haşlayın.', '1/2 çay bardağı zeytinyağını derin bir tencerede kızdırın.', '1 adet rendelenmiş soğan ve 2 diş ezilmiş sarımsağı katıp hafif bir renk alana kadar soteleyin.', 'Küp doğranmış 1 adet patates ve 2 adet havucu da ekleyin ve\xa0ardından\xa0renk vermesi için 1 tatlı kaşığı domates salçasını\xa0ilave edip\xa0kavumaya devam edin.', ""Haşlanmış barbunyaları da tencereye\xa0 ilave ettikten sonra 2 adet rendelenmiş domates ve 1'er tatlı kaşığı tuz ve toz şeker katıp kısık ateşte pişmeye bırakın."", 'Ocaktan aldığınız barbunyayı kapağı kapalı tencerede oda ısısına gelene kadar dinlendirin.', 'Son olarak servis kabına aktardığınız barbunya yemeğini; incecik kıyılmış maydanoz eşliğinde ılık ya da soğuk olarak\xa0servis edin, afiyet olsun.']",ZEYTİNYAĞLI,239b56,/tarif/zeytinyaglilar/,"['Özel Beslenme', 'Vejetaryen', 'Zeytinyağlı', 'Vegan', 'Video', 'Bakliyat', 'Sulu Yemek', 'Mevsiminde']","['pratik yemek tarifleri', 'ekonomik', 'akşam yemeği', 'öğle yemeği']","['Öğle Yemeği', 'Akşam Yemeği']",['Tencere'],"['Ekonomik', 'Glutensiz', 'Vejetaryen', 'Bol Proteinli', 'Düşük Karbonhidratlı', 'Vegan']",False,1800,1800,2019-05-06T08:04:17Z,4.0,711933,5424,False,True,True,0,,0,,,,2015/10/barbunya-yemekcom.jpg,0,0,https://cdn.yemek.com/mnresize/940/940/uploads/2015/10/barbunya-yemekcom.jpg,940,940,False,https://cdn.yemek.com/mncrop/300/200/uploads/2015/10/barbunya-yemekcom.jpg,300,200,True,https://cdn.yemek.com/mncrop/940/625/uploads/2015/10/barbunya-yemekcom.jpg,940,625,True,https://cdn.yemek.com/mncrop/620/388/uploads/2015/10/barbunya-yemekcom.jpg,620,388,True,https://cdn.yemek.com/mncrop/600/315/uploads/2015/10/barbunya-yemekcom.jpg,600,315,True,"['tencere', 'vejetaryen', 'bol proteinli', 'glutensiz', 'düşük karbonhidratlı', 'düşük kalorili']",,"['Haziran', 'Temmuz']",,,
1102,1120,Yasemin Özaltın,https://cdn.yemek.com/author/35533/20181219061403_avatar.jpg,/profil/yasemingursurer/,Yumuşacık Pişti: Arnavut Ciğeri,Arnavut Ciğeri,/tarif/arnavut-cigeri/,10 dk,20 dk,"<p><a href=""https://yemek.com/tarif/ciger-kavurma/"" target=""_blank"">Ciğerin</a> küçük parçalar halinde kesilip una bulandıktan sonra kızartılmasıyla oluşan bir <a href=""https://yemek.com/tarif/"" target=""_blank"">yemek tarifi</a> Arnavut ciğeri. Arzuya göre sıcak ya da soğuk olarak servis ediliyor, olmazsa olmazı <a href=""https://yemek.com/tarif/sumakli-sogan-salatasi/"" target=""_blank"">sumaklı ve maydanozlu soğan salatası</a>. Kimyonun ciğere yakıştığı bilinen bir gerçek olsa da limon sıkıp yemeği tercih edenler de var.</p>
<p>Kızgın yağda kızartılarak hazırlanan ve belirli püf noktaları bulunan Arnavut ciğeri, iştah açan ve ağız sulandıran bir <a href=""https://yemek.com/sonbahara-uygun-hafif-yemek-tarifleri/"" target=""_blank"">başlangıç</a> ve <a href=""https://yemek.com/pratik-ana-yemek-tarifleri/"" target=""_blank"">ana yemek</a> tarifi. Sizler de bu lezzetin tadına varmak isterseniz buyrun mutfağa! Daha önce böyle güzel bir <a href=""https://yemek.com/tarif/et/"" target=""_blank"">et </a>yemediğinize eminiz. Afiyet olsun!</p>
",recipe,"['tuz', 'tuz', 'un', 'patates', 'sumak', 'kırmızı soğan', 'toz kırmızı biber', 'toz kişniş', 'doğranmış maydanoz', 'karbonat', 'sıvı yağ', 'sıvı yağ', 'ciğer']","['Üzerinde bulunan zarı ayıkladığınız kuzu ciğerini, kuşbaşı büyüklüğünde kesin. Derin bir süzgece aldığınız doğranmış kuzu ciğerlerini kanının süzülmesi için bekletin.', 'Kanını süzdürdüğünüz ciğerleri karbonat ve tuz eklediğiniz una bulayın. Ciğerlerin üzerindeki fazla unu almak için tekrar süzgeçten geçirin.', '<div>Ciğerleri tavadaki ısınmış yağın içerisine koyun. Ciğerler pişmeye başladığında kırmızı toz biber ve toz kişniş ekleyin.\xa0Pişen ciğerlerin fazla yağını süzdürerek bir tabağa aktarın.</div>', 'Ayrı bir tavada kızdırdığınız yağda küp küp doğradığınız patatesleri kızartın ve ciğerlerin olduğu kaseye ekleyin.', 'Piyazlık doğradığınız kırmızı soğanları, 1 çay kaşığı tuz ile ovarak öldürün.\xa0Üzerine sumak ve doğranmış maydanozu da ekledikten sonra güzelce karıştırın ve ciğerlerin olduğu kaseye ekleyip diğer malzemelerle birlikte güzelce harmanlayın.', 'Ciğeri servis edeceğiniz tabağa alıp, sevdiklerinizle afiyetle tüketin!']",ET,239b56,/tarif/et/,"['Et', 'Video', 'Yöresel Tarifler']","['akşam yemeği', 'öğle yemeği']","['Öğle Yemeği', 'Akşam Yemeği']","['Kızartma', 'Ocak']",['Bol Proteinli'],False,600,1200,2021-11-17T07:46:50Z,4.0,711587,3831,False,True,True,0,,0,,,,2021/06/arnavut-cigeri-yemekcom.jpg,0,0,https://cdn.yemek.com/mnresize/940/940/uploads/2021/06/arnavut-cigeri-yemekcom.jpg,940,940,False,https://cdn.yemek.com/mncrop/300/200/uploads/2021/06/arnavut-cigeri-yemekcom.jpg,300,200,True,https://cdn.yemek.com/mncrop/940/625/uploads/2021/06/arnavut-cigeri-yemekcom.jpg,940,625,True,https://cdn.yemek.com/mncrop/620/388/uploads/2021/06/arnavut-cigeri-yemekcom.jpg,620,388,True,https://cdn.yemek.com/mncrop/600/315/uploads/2021/06/arnavut-cigeri-yemekcom.jpg,600,315,True,"['bol proteinli', 'kızartma']",,,,['Edirne'],
1103,246,Yasemin Özaltın,https://cdn.yemek.com/author/35533/20181219061403_avatar.jpg,/profil/yasemingursurer/,Dışarıda Yedikleriniz Gibi: Terbiyeli İşkembe Çorbası,Terbiyeli İşkembe Çorbası,/tarif/iskembe-corbasi/,1 sa,30 dk,"<p>Mide rahatlatıcı etkisiyle öne çıkan çorbaların başında gelen işkembe çorbası, aynı zamanda oldukça çok besleyici bir <a href=""https://yemek.com/tarif/"" target=""_blank"">yemek tarifi</a>.</p>
<p>Terbiyeli işkembe çorbası tarifini temizlenmiş bir işkembe edindikten sonra kolayca evde hazırlayabilir, sevdiklerinizle paylaşabilirsiniz.</p>
<p><b>Not:</b> ""İşkembe tamam da ben daha fazla çorba çeşidi de görmek istiyorum"" diyenleri tüm çorba tariflerimizin olduğu çorba kategorimize doğru alalım: <a href=""https://yemek.com/tarif/corba/"" target=""_blank"">Çorba Tarifleri</a>!</p>
",recipe,"['kuru soğan', 'tereyağı', 'tuz', 'limon suyu', 'limon suyu', 'un', 'un', 'sarımsak', 'sarımsak', 'su', 'yoğurt', 'yumurta sarısı', 'sirke', 'işkembe']","['İyi temizlenmiş\xa01 kilogram işkembenin üzerini geçecek kadar su ilave edip, işkembeler yumuşayana kadar yaklaşık 40 dakika haşlayın.', 'İşkembe haşlandıktan sonra bir kevgir yardımıyla kaseye aktarın.', 'Ayrı bir tavada 3 yemek kaşığı tereyağını eritip üzerine 3 yemek kaşığı unu ileve edin ve\xa0unun kokusu çıkana kadar kavurun.', 'Süzdüğünüz ve ılınmış olan haşlama suyundan\xa0tavaya\xa0azar azar ekleyin. Unun topaklanmaması için; bir çırpıcı yardımıyla hızlıca karıştırın.', 'Bu karışımı işkembeleri haşladığınız tencerenin içerisine sürekli olarak karıştırarak yavaş yavaş yedirin.', 'Çorbanın terbiyesini hazırlamak için; 4 yemek kaşığı yoğurt, 2 yemek kaşığı un, 1 çay kaşığı tuz, 1 adet yumurta sarısı ve yarım limon suyunu ayr bir kapta çırpın.', 'Terbiye karışımını kaynamakta olan haşlama suyu ile ılıştırdıktan\xa0sonra çorba tenceresine azar azar ekleyin ve hızlıca karıştırın.', 'Son olarak; haşlanan işkembeyi çorbaya ilave edin ve kısık ateşte, 15 dakika kadar kaynatarak pişirin.', 'Sarımsakları rendeledikten sonra sirke ile karıştırın. Servis kaselerine aldığınız çorbayı, sarımsaklı sirke ilavesiyle sıcak olarak servis edin. Afiyet olsun!']",ÇORBA,,/tarif/corba/,"['Çorba', 'Ramazan', 'Video']","['ekonomik', 'akşam yemeği']","['Başlangıç', 'Akşam Yemeği']","['Tencere', 'Ocak']",,False,3600,1800,2014-07-04T06:45:05Z,4.0,693816,763,False,True,True,0,,0,,,,2014/07/iskembe-corbasi-yemekcom.jpg,0,0,https://cdn.yemek.com/mnresize/940/940/uploads/2014/07/iskembe-corbasi-yemekcom.jpg,940,940,False,https://cdn.yemek.com/mncrop/300/200/uploads/2014/07/iskembe-corbasi-yemekcom.jpg,300,200,True,https://cdn.yemek.com/mncrop/940/625/uploads/2014/07/iskembe-corbasi-yemekcom.jpg,940,625,True,https://cdn.yemek.com/mncrop/620/388/uploads/2014/07/iskembe-corbasi-yemekcom.jpg,620,388,True,https://cdn.yemek.com/mncrop/600/315/uploads/2014/07/iskembe-corbasi-yemekcom.jpg,600,315,True,"['tencere', 'bol proteinli']",greenLight,,,,
1104,2518,Yasemin Özaltın,https://cdn.yemek.com/author/35533/20181219061403_avatar.jpg,/profil/yasemingursurer/,Onsuz Olmaz: Bulgur Pilavı,Bulgur Pilavı,/tarif/bulgur-pilavi/,20 dk,10 dk,"<p>Herkesin <a href=""https://yemek.com/tarif/domatesli-bulgur-pilavi/"" target=""_blank"">bulgur pilavı</a> tarifi ufak da olsa farklılıklar gösteriyor. Kimi içine domates biber koyarken, kimi sade, kimi tel şehriyeli hazırlıyor. Sulu yemeklerin sevdalısı, yoğurt ve salatalık turşusuna anlam katan bulgur pilavını özüyle sözüyle sade olarak hazırlıyor, soframızın baş köşesine alıyoruz. Bulgur pilavı, <a href=""https://yemek.com/tarif/pilav/"" target=""_blank"">pilav tarifleri</a> arasında en çok sevilenlerden de biri. Şöyle tane tane döküleni de pek makbul. Bu domatesli bulgur pilavı tarifi çok klasik bir tarif olsa da bir de bizim tarifimizle deneyin deriz. Karşınızda tüm püf noktalarıyla enfes bulgur pilavı tarifimiz!</p>
<p>En klasik bulgur pilavı diyoruz ama yanına <a href=""https://yemek.com/tarif/bezelye-yemegi/"" target=""_blank"">bezelye</a> pişiresimiz, karşısına yoğurdu alasımız, belki de bir çoban salatayla masayı şenlendiresimiz var. Pek de güzel yiyesimiz var sonra. Her <a href=""https://yemek.com/tarif/"" target=""_blank"">yemek tarifinin</a> yanına çok yakışan, doyurucu, enfes mi enfes salçalı bulgur pilav tarifimize buyurun.</p>
<p>Bulgur pilavının ölçüsünden adım adım yapılışına kıvamı tam tutan, ölçüleri hiç şaşmayan bulgur pilavı tarifi karşınızda.</p>
<p>Haydi girin mutfağa, bize eşlik edin. Afiyetler olsun.</p>
<p>Not: ""Ben bulgur pilavı çeşitlerini görmek istiyorum."" diyenler için yeşil mercimekli bulgur pilavı tarifini <a href=""https://yemek.com/tarif/mercimekli-bulgur-pilavi/"" target=""_blank"">şuraya</a>, sade bulgur pilavı tarifini <a href=""https://yemek.com/tarif/sade-bulgur-pilavi/"" target=""_blank"">buraya</a>, domatesli bulgur pilavını da tam <a href=""https://yemek.com/tarif/domatesli-bulgur-pilavi/"" target=""_blank"">şuraya</a> bırakalım. Afiyet olsun!</p>
",recipe,"['kuru soğan', 'biber salçası', 'tereyağı', 'tuz', 'pul biber', 'sarımsak', 'su', 'zeytinyağı', 'karabiber', 'domates salçası', 'domates', 'yeşil biber', 'kekik', 'pilavlık bulgur']","['Birer yemek kaşığı tereyağı ve zeytinyağını bir pilav tenceresinde\xa0kızdırın. Üzerine soğanları ilave edin.', '2 adet yemeklik doğranmış kuru soğanı da tencereye ekleyin ve pembeleşinceye kadar kavurun.\xa01 adet ezilmiş sarımsak ve 2 adet doğranmış yeşil biberi de ekleyin ve kavurun.', '1 yemek kaşığı domates salçası ve yarım yemek kaşığı biber salçasını da ekleyip kokusu çıkana kadar kavurun.', 'Sonra 2 su bardağı pilavlık bulguru ekleyin.', ""Baharat olarak 1'er çay kaşığı tuz, karabiber, pul biber ve 1 tatlı kaşığı kekik ilave edin."", '2 adet rendelenmiş domatesi ilave edin.', '4 su bardağı su ekledikten sonra tencerenin kapağını kapatıp pişmeye bırakın.', 'Bulgurlar göz göz olup suyunu çektiğinde\xa0ocağın altını kapatın.', 'Pilavınızın altını kapatın ve dinlenmeye bırakın.', 'Bulgur pilavınız hazır, afiyet olsun!']",PİLAV,239b56,/tarif/pilav/,"['Ramazan', 'Pilav', 'Video', 'Bakliyat']","['pratik yemek tarifleri', 'akşam yemeği', 'öğle yemeği']","['Öğle Yemeği', 'Akşam Yemeği']",['Tencere'],['Vejetaryen'],False,1200,600,2021-03-23T08:12:32Z,4.0,763827,6496,False,True,True,0,,0,,,,2015/05/bulgur-pilavi-yemekcom.jpg,0,0,https://cdn.yemek.com/mnresize/940/940/uploads/2015/05/bulgur-pilavi-yemekcom.jpg,940,940,False,https://cdn.yemek.com/mncrop/300/200/uploads/2015/05/bulgur-pilavi-yemekcom.jpg,300,200,True,https://cdn.yemek.com/mncrop/940/625/uploads/2015/05/bulgur-pilavi-yemekcom.jpg,940,625,True,https://cdn.yemek.com/mncrop/620/388/uploads/2015/05/bulgur-pilavi-yemekcom.jpg,620,388,True,https://cdn.yemek.com/mncrop/600/315/uploads/2015/05/bulgur-pilavi-yemekcom.jpg,600,315,True,"['tencere', 'düşük karbonhidratlı']",,,,,
1105,1021,Yasemin Özaltın,https://cdn.yemek.com/author/35533/20181219061403_avatar.jpg,/profil/yasemingursurer/,Kıvamı Mükemmel: Terbiyeli Tavuk Çorbası,Terbiyeli Tavuk Çorbası,/tarif/terbiyeli-tavuk-corbasi/,30 dk,20 dk,"<p><a href=""https://yemek.com/tarif/tavuk-suyu-corbasi/"" target=""_blank"">Tavuk suyu</a>nun soğuk algınlığı ve grip başta olmak üzere tüm hastalıklara karşı savaştığı ve vücut direncini artırdığı artık hepimiz biliyoruz. Hastalıklar bir türlü bitmezken <a href=""https://yemek.com/tarif/corba/"" target=""_blank"">çorba</a> tarifleri de işte bu noktada kurtarıcımız oluyor. Krema eklemeye gerek kalmadan terbiyeli karışımı ile leziz ve pratik bir şekilde hazırlanan terbiyeli <a href=""https://yemek.com/tarif/tavuk-corbasi/"" target=""_blank"">tavuk çorbası</a> size iyi gelecek.</p>
<p>Arzuya göre terbiyeli tavuk çorbasına şehriye ekleyerek doyuruculuğunu arttırabilirsiniz. Domates salçası ve şehriye eklenmiş <a href=""https://yemek.com/tarif/sehriyeli-tavuk-suyu-corba/"" target=""_blank"">şehriyeli tavuk çorbası</a> da çok nefis oluyor bizden söylemesi, mutlaka deneyin. Afiyet olsun!</p>
",recipe,"['tuz', 'un', 'su', 'yoğurt', 'yumurta sarısı', 'defne yaprağı', 'tel şehriye', 'nane (arzuya göre)', 'tavuk but']","['Derin bir tencerede, kalçalı budu, 2 adet defne yaprağı, yarım tatlı kaşığı tuz ve 2 litre su ile birlikte haşlayın.', 'Çorbanın terbiyesi için; 1 su bardağı yoğurdu, 1,5 yemek kaşığı unu, 1 adet yumurta sarısını, 1 çay kaşığı tuzu ve yarım limon suyunu bir kaba aktarın.', 'Pürüzsüz bir kıvam alana kadar çırpın.', 'Tenceredeki tavuk haşlandıktan sonra tavuğu ve defne yapraklarını içerisinden alın ve tavukları ince olacak şekilde didikleyin.', 'Tavuğun haşlanan suyundan 1 kepe alıp hazırladığınız terbiyeye yavaş yavaş dökün ve suyun sıcaklığı ile eşitleyin.', 'Sıcaklık eşitlendikten sonra tüm terbiye karışımını çorba tenceresine aktarın.', '1 çay bardağı tel şehriye ve didiklediğiniz tavukları da üzerine\xa0katın ve çorbayı 10 dakika kadar kısık ateşte, aralarda karıştırarak pişirmeye devam edin.', 'Kıvam alan terbiyeli tavuk çorbasını nane ve pulbiber ile süsledikten sonra sıcak olarak servis edin.\xa0Afiyet olsun!']",ÇORBA,,/tarif/corba/,"['Çorba', 'Tavuk', 'Ramazan', 'Video']","['pratik yemek tarifleri', 'ekonomik', 'başlangıç', 'akşam yemeği', 'öğle yemeği']",['Başlangıç'],['Tencere'],,False,1800,1200,2022-07-27T15:20:02Z,4.0,763555,5356,False,True,True,0,,0,,,,2014/11/terbiyeli-tavuk-corbasi-yemekcom.jpg,0,0,https://cdn.yemek.com/mnresize/940/940/uploads/2014/11/terbiyeli-tavuk-corbasi-yemekcom.jpg,940,940,False,https://cdn.yemek.com/mncrop/300/200/uploads/2014/11/terbiyeli-tavuk-corbasi-yemekcom.jpg,300,200,True,https://cdn.yemek.com/mncrop/940/625/uploads/2014/11/terbiyeli-tavuk-corbasi-yemekcom.jpg,940,625,True,https://cdn.yemek.com/mncrop/620/388/uploads/2014/11/terbiyeli-tavuk-corbasi-yemekcom.jpg,620,388,True,https://cdn.yemek.com/mncrop/600/315/uploads/2014/11/terbiyeli-tavuk-corbasi-yemekcom.jpg,600,315,True,"['tencere', 'bol proteinli']",greenLight,,,,
1106,877,Yasemin Özaltın,https://cdn.yemek.com/author/35533/20181219061403_avatar.jpg,/profil/yasemingursurer/,Dışarıdakilerden Çok Daha Nefis: Profiterol,Profiterol,/tarif/profiterol/,40 dk,30 dk,"<p>Çikolata tutkunlarını mutlu edecek nefis bir <a href=""https://yemek.com/tarif/tatli"" target=""_blank"">tatlı</a> olan profiterolu bu tarifle yapmak çok kolay!</p>
<p><strong>Pataşu</strong> ya da <a href=""https://yemek.com/tarif/su-hamuru/"" target=""_blank"">şu hamuru</a> olarak da bilinen, hamurları fırında puf gibi kabartıp içlerini dolduracak kremayı sabırsızlıkla beklerken, bir yandan bitter çikolatalı sosunu hazırlıyoruz. Kaşık kaşık yemek isteyeceğiniz profiterol tarifini; ince çekilmiş fındık, fıstık, ceviz içi ve muz gibi meyve dilimleriyle süsleyip daha da lezzetli hale getirebilirsiniz. Pastanelerde yemeye alışkın olduğunuz bu enfes tatlıyı evinize taşıyarak nefis mi nefis bir profiterol tarifi hazırlıyoruz. Üstelik bu <a href=""https://yemek.com/tarif/"" target=""_blank"">yemek tarifinin</a> yapımı da sandığınız kadar zor değil.</p>
<p>Kökeninin <strong>Fransız mutfağı</strong> olan profiterol, yapımı biraz zahmetli gibi görünse de sevdiklerinizi ve kendinizi ödüllendirmenin çok iyi bir yolu. <strong>Profiterol hamuru</strong>nu da profiterol kremasını da tarifimizde anlatacağımız resimli adımlarla bir bir uyguladığınızda nefis sonuçlar elde edeceğinize eminiz. Şimdiden ellerinize sağlık diyor ve sizi kolay profiterol tatlısı tarifimize buyur ediyoruz.</p>
",recipe,"['yumurta', 'yumurta', 'toz şeker', 'süt', 'un', 'un', 'su', 'krema', 'margarin', 'bitter çikolata', 'vanilin']","['Kremasını hazırlamak için; bir sos tenceresine süt, toz şeker, un ve yumurtayı ekleyip orta ateşte koyu bir kıvam alana kadar sürekli olarak karıştırın.', 'Koyulaşan kremaya vanilin ilave edip karıştırın, ocaktan alın ve oda sıcaklığına geldikten sonra sıkma poşetine doldurup, en az 1 saat buzdolabında bekletin.', 'Profiterol hamuru için; öncelikle fırını 180 dereceye ayarlayın. Derin bir sos tenceresine su ve margarini alıp karıştırarak kaynatın.', 'Üzerine unu ekleyip sürekli olarak karıştırarak dibine hamur yapışmaya başlayana kadar, yaklaşık 4-5 dakika pişirin. Dibi yapışmaya başlayan hamuru bir kaseye alın ve 15 dakika oda sıcaklığında soğutun.', 'Soğumuş olan hamurun üzerine her bir yumurtayı teker teker ekleyin ve her seferinde yumurtaları güzelce yedirerek yapışkan bir hamur elde edin. Bu hamuru varsa sıkma poşetine alın, daha kolay şekil vermek için yaklaşık 15 dakika daha dinlendirin.', 'Bekleyen hamurdan pişirme kağıdı serili fırın tepsisine aralarında biraz boşluk olacak şekilde ceviz büyüklüğünde toplar sıkın ya da kaşık yardımıyla dökün. Parmağınızın ucunu ıslatıp hamurların üzerindeki çıkıntıları düzeltin ve fırına alıp, piştiği süre boyunca kapağını hiç açmadan; yaklaşık 40 dakika pişirin.', 'Pişen profiteroller oda sıcaklığına geldikten sonra alt kısmından bıçakla delik açın ve hazırladığınız kremayı içine sıkın. Bunun yerine arasını kesip krema da doldurabilirsiniz.', 'Çikolata sosu için; küçük parçalara ayırdığınız bitter çikolatayı benmari usulü eritin. Üzerine krema ilave edip güzelce karıştırın. Hazırladığınız çikolata sosunu profiterollerin üzerine dökün.', 'Son olarak file Antep fıstığı gezdirip servis edin. Afiyet olsun!']",ÇİKOLATALI TATLI,239b56,/tarif/cikolatali-tatlilar/,"['Tatlı', 'Video', 'Dünya Mutfakları', 'Çikolatalı Tatlı']",['çay saati'],['Çay Saati'],['Fırın'],,False,2400,1800,2022-04-01T14:20:22Z,4.0,756116,6377,False,True,True,0,,0,,,,2014/11/profiterol-yemekcom2.jpg,0,0,https://cdn.yemek.com/mnresize/940/940/uploads/2014/11/profiterol-yemekcom2.jpg,940,940,False,https://cdn.yemek.com/mncrop/300/200/uploads/2014/11/profiterol-yemekcom2.jpg,300,200,True,https://cdn.yemek.com/mncrop/940/625/uploads/2014/11/profiterol-yemekcom2.jpg,940,625,True,https://cdn.yemek.com/mncrop/620/388/uploads/2014/11/profiterol-yemekcom2.jpg,620,388,True,https://cdn.yemek.com/mncrop/600/315/uploads/2014/11/profiterol-yemekcom2.jpg,600,315,True,,,,['Fransa'],,
1107,303,Ayşegül Uslu,https://cdn.yemek.com/author/409098/20230915055430_avatar.jpg,/profil/aysegulu/,Yağ Çekmez: Pişi,Pişi,/tarif/pisi/,15 dk,20 dk,"<p>Anadolu'nun pek çok noktasında kolaç, lokma, keçi ayağı, <a href=""https://yemek.com/tarif/hamur-kizartmasi/"" target=""_blank"">hamur kızartması</a> gibi isimlerle bilinen pişi, ailecek yapılan zengin sabah kahvaltıları için başarılı bir alternatif. Son yıllarda birçok kahvaltı mekanında da görebileceğiniz pişiyi evde de kolayca yapabilirsiniz. Üstelik kendisi sadece kahvaltılık olmakla kalmaz, yeri geldiğinde en lezzetli öğle yemeğine de, ara öğüne de dönüşebilir, <a href=""https://yemek.com/tarif/"" target=""_blank"">yemek tarifleri</a> içinde tam bir kurtarıcı olmasıyla bilinir.</p>
<p>Mayalı hamurla ne yapılır diyenlerin yardımına koşan bu pişiyi biz mayalayarak yaptık. Ama siz bekleme derdi olmasın, pratik olsun istiyorsanız şu <a href=""https://yemek.com/tarif/mayasiz-kolay-pisi/"" target=""_blank"">mayasız pişi</a> tarifimize de bakabilirsiniz. Hatta ve hatta <strong>karbonatlı pişi</strong> tarifimize <a href=""https://yemek.com/tarif/karbonatli-pisi/"" target=""_blank"">şuradan</a> ulaşabilir, farklı pişi çeşitleri içinse <a href=""https://yemek.com/pisi-tarifleri/"" target=""_blank"">şu içeriğimizden</a> yararlanabilirsiniz.</p>
<p>Peynir, zeytin, domates gibi <a href=""https://yemek.com/tarif/kahvaltiliklar/"" target=""_blank"">kahvaltılıklar</a>la da afiyet olur; reçel ya da çikolata ile nefis olur. Biz özellikle <a href=""https://yemek.com/tarif/incir-receli"" target=""_blank"">ev yapımı nefis incir reçeli</a> ile öneriyoruz.</p>
<p>Nefis <strong>pişi tarifi</strong>mizin videolu ve adım adım resimli anlatımı hemen aşağıda. Buyursunlar!</p>
",recipe,"['tuz', 'toz şeker', 'ayçiçek yağı', 'un', 'ılık su', 'yaş maya']","['Pişi tarifi için önce ılık su içerisinde 1 yemek kaşığı toz şeker ve 1/2 paket yaş mayayı çözdürün.', 'Karıştırdıktan sonra 10 dakika kadar dinlenmeye bırakın.', 'Dinlenen karışıma 3 su bardağı un\xa0ve tuzu harmanlayarak ekleyin ve karıştırmaya devam edin.', 'Kalan unu da azar azar ilave ederek bir yandan da yoğurmaya başlayın.', 'Hamuru 5-10 dakika kadar yoğurun.', 'Hamurun üzerini örtüp oda ısısında bir saat kadar mayalayın.', 'Mayalanan hamuru tezgaha alın ve ceviz büyüklüğünde parçalar koparıp yuvarlayın. Üzerilerine un serptikten sonra elinizle hafifçe bastırarak düzleştirin.', 'Tezgahta 10 dakika daha mayalandırdıktan sonra bir şişe kapağıyla\xa0ortalarına delikler açın. Bu sayede pişileriniz daha güzel kabaracaktır.', 'Geniş ve derin bir tavada sıvı yağı kızdırın. Pişileri yavaş yavaş yağa atarak arkalı önlü kızartın. Pişenleri\xa0fazla yağını bırakması için bir iki dakika havlu peçete üzerinde dinlendirin.', 'Pişi tarifi hazır. Afiyet olsun.']",KAHVALTILIK,239b56,/tarif/kahvaltiliklar/,"['Hamur İşi', 'Kahvaltılık', 'Çörek']","['ekonomik', 'kahvaltı', 'çay saati']","['Başlangıç', 'Kahvaltı', 'Çay Saati']",['Kızartma'],['Vejetaryen'],False,900,1200,2022-03-18T13:50:52Z,4.0,752213,4360,False,True,True,0,,0,,,,2019/05/pisi-asama-18.jpg,0,0,https://cdn.yemek.com/mnresize/940/940/uploads/2019/05/pisi-asama-18.jpg,940,940,False,https://cdn.yemek.com/mncrop/300/200/uploads/2019/05/pisi-asama-18.jpg,300,200,True,https://cdn.yemek.com/mncrop/940/625/uploads/2019/05/pisi-asama-18.jpg,940,625,True,https://cdn.yemek.com/mncrop/620/388/uploads/2019/05/pisi-asama-18.jpg,620,388,True,https://cdn.yemek.com/mncrop/600/315/uploads/2019/05/pisi-asama-18.jpg,600,315,True,,,,,,
1108,1793,Ayşegül Uslu,https://cdn.yemek.com/author/409098/20230915055430_avatar.jpg,/profil/aysegulu/,Tüm Sırlarıyla: Kazandibi,Kazandibi,/tarif/kazandibi/,35 dk,15 dk,"<p>İçinde haşlanmış ve çok çok ince dizilmiş <a href=""https://yemek.com/tarif/tavuk/"" target=""_blank"">tavuk</a> eti katılan versiyonlarının da olduğu esmer <a href=""https://yemek.com/tarif/sutlu-tatlilar/"" target=""_blank"">sütlü tatlı</a> kazandibini pratik bir şekilde hazırlamaya ve afiyetle yemeye var mısınız? Tavuk göğsüne kazandibi tarifinde yer vermedik çünkü, onun gerçek bir <a href=""https://yemek.com/tarif/tavuk-gogsu/"" target=""_blank"">tavuk göğsü tatlısı</a>na daha çok yakıştığını düşünmekteyiz.</p>
<p>Şimdi sizi şöyle mutfağa doğru alalım ve tatlıcılarda yemeye alıştığınız kazandibini evde nasıl <a href=""https://yemek.com/tarif/tatli/"" target=""_blank"">tatlı</a> tatlı, lezzetli lezzetli yapabileceğinizi anlatalım.</p>
",recipe,"['tereyağı', 'toz şeker', 'süt', 'vanilya', 'pudra şekeri', 'buğday nişastası', 'pirinç unu']","['Sübyesi için; bir kasede\xa02 su bardağı sütü,\xa0yarım bardak toz şekeri, buğday nişastasını ve pirinç unu karıştırın. Topak kalmayana kadar çırpıcı yardımıyla çırpın.', 'Geniş bir tencereye kalan 5 su bardağı sütü ve 1 su bardağı şekeri ilave edin. Bir taşım kaynatın. Kaynayan süte yavaş yavaş sübyeyi ilave ederek sürekli karıştırın. Ocağı kısık ateşe getirerek, sürekli karıştırarak muhallebi kıvamına gelene kadar pişirin.', 'Muhallebi koyulaşıp göz göz olduğunda ocaktan alın ve vanilyayı ilave edip tekrar karıştırın. Oda sıcaklığında soğumaya bırakın.', 'Köşeli bir borcamı tereyağıyla yağlayın ve üzerine eşit olacak şekilde pudra şekerini eleyin.', 'Tepsiyi ocak üzerinde çevire çevire karışımı yakın. Tüm şeker eriyip karamelize olunca, tepsinin dibine muhallebiden ince bir kat sürün ve bir tur da muhallebiyle birlikte yakın.', 'Yakma işlemi bittiğinde kalan muhallebiyi de tepsiye dökün. Üzerini bir spatula yardımıyla düzeltin.', 'Buzdolabına kaldırıp kıvam alması için soğuttuğunuz tatlıyı, ince uzun dilimlere ayırın\xa0ve spatula yardımıyla kıvırarak rulo şeklinde sarın.\xa0Ev yapımı mis kokulu kazandibiniz hazır, afiyet olsun!']",SÜTLÜ TATLI,239b56,/tarif/sutlu-tatlilar/,"['Tatlı', 'Ramazan', 'Sütlü Tatlı', 'Video']","['ekonomik', 'ara öğün']",['Çay Saati'],['Tencere'],['Ekonomik'],False,2100,900,2021-08-17T07:30:14Z,4.0,750751,3376,False,True,True,0,,0,,,,2021/08/kazandibi-yemekcom.jpg,0,0,https://cdn.yemek.com/mnresize/940/940/uploads/2021/08/kazandibi-yemekcom.jpg,940,940,False,https://cdn.yemek.com/mncrop/300/200/uploads/2021/08/kazandibi-yemekcom.jpg,300,200,True,https://cdn.yemek.com/mncrop/940/625/uploads/2021/08/kazandibi-yemekcom.jpg,940,625,True,https://cdn.yemek.com/mncrop/620/388/uploads/2021/08/kazandibi-yemekcom.jpg,620,388,True,https://cdn.yemek.com/mncrop/600/315/uploads/2021/08/kazandibi-yemekcom.jpg,600,315,True,"['vejetaryen', 'glutensiz']",,,,,
1109,3475,Yasemin Özaltın,https://cdn.yemek.com/author/35533/20181219061403_avatar.jpg,/profil/yasemingursurer/,Püf Noktalarıyla: Zeytinyağlı Biber Dolması,Zeytinyağlı Biber Dolması,/tarif/zeytinyagli-biber-dolmasi/,45 dk,30 dk,"<p>Zeytinyağlı kontenjanının öne çıkan yemeği, kalabalık sofraların vazgeçilmez <a href=""https://yemek.com/tarif/"" target=""_blank"">yemek tariflerindendir</a> zeytinyağlı biber dolması. Püf noktalarından biri lezzetin doruk noktasına ulaşması için bol bol kuru soğan kullanmaktır. Pirinçlerin hafif diri kalacak şekilde kavrulması, hazırlanan dolmaların kısık ateşte pişirilmesi esastır. Arzuya göre kuş üzümlü, dolmalık fıstıklı ve tarçınlı olabilen iç harç bol soğanlı sade ya da rendelenmiş domates ilavesiyle de hazırlanabilir.</p>
<p><a href=""https://yemek.com/tarif/biber-dolmasi/"" target=""_blank"">Etli biber dolması</a> alınmasın ancak zeytinyağlı hali ılık ya da soğuk olarak sofraları süsleyebildiği için daha sevilir. <a href=""https://yemek.com/tarif/vejetaryen/"" target=""_blank"">Vejetaryen</a> beslenenler için lezzetli bir öğün, pilav çeşitlerine alternatif olabilecek en iddialı seçeneklerden bir tanesidir.</p>
<p>Çocukluğumuzda sadece içindeki <a href=""https://yemek.com/tarif/pilav/"" target=""_blank"">pilav</a>ı yemek için annemizle kavga ettiğimiz hala bazılarımızın bu sebeple biberini yiyemediği, dondurma kutularından en çok fırlayan yemektir biber dolması. Ama sevin ya da sevmeyin <strong>Türk mutfağının en simge yemeklerinden</strong> biridir biber dolması. Üzerine yoğurdun döküldüğü anda iştahı kabarmayan insan yoktur aslında.</p>
<p>Lafı çok uzattık, gerisi sizin akşam yemeğiniz olsun.</p>
",recipe,"['pirinç', 'kuru soğan', 'sıcak su', 'nane', 'tuz', 'toz şeker', 'zeytinyağı', 'karabiber', 'kuş üzümü', 'dolmalık fıstık', 'yenibahar', 'orta boy dolmalık biber', 'orta boy domates (üzerlerini kapatmak için)']","['Zeytinyağlı biber dolması için yarım su bardağı zeytinyağını geniş bir pilav tenceresine alın ve 2 adet yemeklik doğranmış kuru soğan ile birlikte pembeleşinceye kadar kavurun.', '2 yemek kaşığı dolmalık fıstığı da ekleyip renk alana kadar kavurmaya devam edin.', 'Dolmalık fıstıklar renk aldıktan sonra 1,5 su bardağı yıkanmış pirinci ekleyin ve 2-3 dakika kadar kavurun.', '1 yemek kaşığı kuş üzümü, 1 tatlı kaşığı tuz, yarım çay kaşığı karabiber,\xa0yarım çay kaşığı yenibahar, yarım tatlı kaşığı toz şeker ve 1 tatlı kaşığı naneyi de ekledikten sonra son kez karıştırın.', '2 su bardağı sıcak suyu ekleyip, pirinçler diri kalacak şekilde 7-8 dakika kadar pişirin ve ocaktan alın.', 'Hazırladığınız dolma harcını, üst kapağını ve iç kısmını çıkardığınız yaklaşık 10- 15 adet dolmalık biberin içerisine doldurun. Ağız kısımlarında şişme ve pişme payı bırakmaya özen gösterin.', 'Hazırladığınız dolmaları\xa0tencereye dik bir şekilde dizin.', 'Biberlerin üst kısımlarını ikiye bölünmüş cherry domates ile kapatın.', 'Tencerenin yarısına kadar su doldurun ve üzerlerine zeytinyağı gezdirip kapağını kapatın.', 'Dolmaları,\xa0 kısık ateşte pişirme suyu bitip pirinçler\xa0şişene kadar yaklaşık 30-35 dakika pişirin. Ilık ya da soğuk olarak servis edin. Afiyet olsun!']",ZEYTİNYAĞLI,239b56,/tarif/zeytinyaglilar/,"['Sebze', 'Özel Beslenme', 'Vejetaryen', 'Ramazan', 'Zeytinyağlı', 'Vegan', 'Video', 'Mevsiminde']",,"['Öğle Yemeği', 'Akşam Yemeği']",['Tencere'],"['Ekonomik', 'Vejetaryen', 'Vegan']",False,2700,1800,2022-08-24T11:40:42Z,4.0,750144,4840,False,True,True,0,,0,,,,2015/09/zeytinyagli-biber-dolmasi-yemekcom.jpg,0,0,https://cdn.yemek.com/mnresize/940/940/uploads/2015/09/zeytinyagli-biber-dolmasi-yemekcom.jpg,940,940,False,https://cdn.yemek.com/mncrop/300/200/uploads/2015/09/zeytinyagli-biber-dolmasi-yemekcom.jpg,300,200,True,https://cdn.yemek.com/mncrop/940/625/uploads/2015/09/zeytinyagli-biber-dolmasi-yemekcom.jpg,940,625,True,https://cdn.yemek.com/mncrop/620/388/uploads/2015/09/zeytinyagli-biber-dolmasi-yemekcom.jpg,620,388,True,https://cdn.yemek.com/mncrop/600/315/uploads/2015/09/zeytinyagli-biber-dolmasi-yemekcom.jpg,600,315,True,,,['Ağustos'],,,
1110,2845,Yasemin Özaltın,https://cdn.yemek.com/author/35533/20181219061403_avatar.jpg,/profil/yasemingursurer/,Çok Hafif: Kabak Yemeği,Kabak Yemeği,/tarif/kabak-yemegi/,35 dk,20 dk,"<p>Hafif yaz yemeklerinin baş tacıdır kabak <a href=""https://yemek.com/tarif/"" target=""_blank"" rel=""noopener"">yemeği</a>. Arzuya göre pirinç ilavesiyle pişirilir.<strong> Zeytinyağlı kabak yemeğine kuru nane oldukça yakışır</strong>. <a href=""https://yemek.com/tarif/mevsiminde/"" target=""_blank"" rel=""noopener"">Mevsiminde</a> sulu ve kokulu domateslerle asıl lezzetini bulur, olmadı salçadan destek alır. İncecik kıyılmış dereotu ve yoğurt eşliğinde servise hazırlanır.</p>
<p>Tabak tabak yemek isteyeceğiniz kalorisi düşük bir <a href=""https://yemek.com/tarif/zeytinyaglilar/"" target=""_blank"" rel=""noopener"">zeytinyağlı</a> olan pirinçli kabak yemeği dereotuyla süslendikten sonra sofralardaki yerini alıyor. <a href=""https://yemek.com/tarif/diyet/"" target=""_blank"" rel=""noopener"">Az kalorili</a> zeytinyağlı kabak yemeğinin yapılışını adım adım resimli ve videolu olarak aşağıya bırakıyoruz. Afiyet olsun!</p>",recipe,"['pirinç', 'sıcak su', 'tuz', 'sarımsak', 'zeytinyağı', 'karabiber', 'domates salçası', 'dereotu', 'orta boy kabak', 'orta boy kuru soğan', 'büyük boy domates']","['<p>Kabak yemeği için 4 yemek kaşığı zeytinyağını tencerede kızdırın ve üzerine 1 adet yemeklik doğranmış soğanları ekleyin ve pembeleşinceye kadar kavurun.</p>', '<p>3 diş doğranmış sarımsak ve yarım tatlı kaşığı domates salçasını ekleyin ve kokusu çıkana kadar kavurun.</p>', '<p>1 adet büyük boy soyulmuş ve küp soğranmış domatesleri ekleyin ve kavurmaya devam edin.</p>', ""<p>5 adet doğranmış orta boy kabak, 1'er çay kaşığı tuz ve karabiber, 2 yemek kaşığı yıkanmış pirinci ve 2 su bardağı sıcak suyu ekleyip orta ateşte pişmeye bırakın.</p>"", '<p>Piştikten sonra 1 avuç doğranmış dereotu ekleyip karıştırın.</p>', '<p>Sıcak olarak servis edin afiyet olsun.</p>']",ZEYTİNYAĞLI,239b56,/tarif/zeytinyaglilar/,"['Sebze', 'Özel Beslenme', 'Vejetaryen', 'Diyet', 'Ramazan', 'Zeytinyağlı', 'Vegan', 'Video', 'Sulu Yemek', 'Mevsiminde']",,"['Öğle Yemeği', 'Akşam Yemeği']",['Tencere'],"['Ekonomik', 'Vejetaryen', 'Düşük Kalorili', 'Düşük Karbonhidratlı', 'Vegan']",False,2100,1200,2015-06-22T15:21:32Z,4.0,749045,8445,False,True,True,0,,0,,,,2015/06/kabak-yemegi-yemekcom.jpg,0,0,https://cdn.yemek.com/mnresize/940/940/uploads/2015/06/kabak-yemegi-yemekcom.jpg,940,940,False,https://cdn.yemek.com/mncrop/300/200/uploads/2015/06/kabak-yemegi-yemekcom.jpg,300,200,True,https://cdn.yemek.com/mncrop/940/625/uploads/2015/06/kabak-yemegi-yemekcom.jpg,940,625,True,https://cdn.yemek.com/mncrop/620/388/uploads/2015/06/kabak-yemegi-yemekcom.jpg,620,388,True,https://cdn.yemek.com/mncrop/600/315/uploads/2015/06/kabak-yemegi-yemekcom.jpg,600,315,True,,,"['Haziran', 'Temmuz', 'Ağustos']",,,['Ana Yemek']
1111,17117,Yasemin Özaltın,https://cdn.yemek.com/author/35533/20181219061403_avatar.jpg,/profil/yasemingursurer/,Yumuşacık Etler: Alinazik,Alinazik,/tarif/alinazik/,15 dk,15 dk,"<p>Alinazik tarifine, <a href=""https://yemek.com/tarif/"" target=""_blank"">yemeğin</a> en az kendisi kadar nefis hikayesini anlatarak başlayalım. 16.yüzyılda Yavuz Sultan Selim'in Gaziantep'e yolculuğu ile başlıyor her şey. Bu yolculuğun haberi alan halk, meşakkatli bir hazırlığa girişiyor. Çeşit çeşit yemekler, tatlılar padişah için pişiriliyor, yapılıyor. Gaziantep'e geldiğinde onun ağzına layık bir sofra kuruluyor. Masada yok yok. Fakat aralarından öyle bir lezzet var ki, yoğurdun, patlıcanın, etin tadını içine harmanlayan. Hemen sıyrılıyor diğerlerinden. Bu lezzetin tadına varan Yavuz Sultan Selim, 'Hangi eli nazik yaptı bunu?' diyor. O günden bugüne yemeğin adı önce 'Ala nazik' ardından da 'Alinazik' olarak değişiyor. <strong>Arapça'da 'ala' güzel, 'nazik' ise yemek anlamına geliyor.</strong></p>
<p>Adı da, hikayesi de kendi kadar güzel olan bu yemeği en güzel Antep'te, onların elinden yemek gerek. Ama gitme şansı olmayanlar için bir yol daha var. Üstelik pek pratik. Bu müthiş görsel şölen için sıvayın hadi kollarınızı. Biz bu tarifte kuşbaşı <a href=""https://yemek.com/tarif/et/"" target=""_blank"">et</a>leri minik minik doğradık. Ancak dilerseniz <strong>satır eti, kıyma ya da kuşbaşı</strong> kullanarak bu <a href=""https://yemek.com/tarif/yoresel-tarifler/"" target=""_blank"">yöresel</a> tarifi hazırlamanız mümkün.</p>
<p>Öyleyse, ilham veren videomuz ve <a href=""https://yemek.com/tarif/"" target=""_blank"">tarifi</a>mizle sizi baş başa bırakalım. Afiyet olsun.</p>
",recipe,"['biber salçası', 'tereyağı', 'tuz', 'tuz', 'sarımsak', 'yoğurt', 'közlenmiş patlıcan', 'toz kırmızı biber', 'kuşbaşı et (küçük doğranmış)']","['Alinazik tarifi için tereyağını derin bir tavanın içine alın. Sarımsağı ilave ederek hafifçe soteleyin.', 'Ardından minik doğranmış kuşbaşı etleri ekleyerek karıştırın, kapağını kapatıp 6-7 dakika kısık ateşte suyunu salıp pişene kadar bırakın.', 'Piştikten sonra salça, toz kırmızı biber ve tuz ekleyerek tatlandırın ve ocaktan alın.', 'Közlenmiş patlıcanları kesme tahtasının üzerinde keskin bir bıçak yardımıyla dövün.', 'Dövme aşamasında üzerine hafifçe tuz atın.', 'İyice ezildiklerinde\xa0yoğurtla\xa0bir kasenin içinde birleştirin ve güzelce karıştırın.', 'Servis tabağının içerisine yoğurtlu patlıcanlı karışımı alın. Ortasını çukurlaştırın. Hazırladığınız etleri de üzerine yerleştirin. Sosunu ilave ederek servis edin.']",ET,239b56,/tarif/et/,"['Et', 'Ramazan', 'Video', 'Yöresel Tarifler']","['akşam yemeği', 'öğle yemeği']","['Öğle Yemeği', 'Akşam Yemeği']",['Tencere'],['Bol Proteinli'],False,900,900,2022-04-15T14:40:35Z,4.0,722997,6605,False,True,True,0,,0,,,,2017/05/alinazik-tarifi.jpg,0,0,https://cdn.yemek.com/mnresize/940/940/uploads/2017/05/alinazik-tarifi.jpg,940,940,False,https://cdn.yemek.com/mncrop/300/200/uploads/2017/05/alinazik-tarifi.jpg,300,200,True,https://cdn.yemek.com/mncrop/940/625/uploads/2017/05/alinazik-tarifi.jpg,940,625,True,https://cdn.yemek.com/mncrop/620/388/uploads/2017/05/alinazik-tarifi.jpg,620,388,True,https://cdn.yemek.com/mncrop/600/315/uploads/2017/05/alinazik-tarifi.jpg,600,315,True,"['tencere', 'bol proteinli']",,,,['Gaziantep'],
1112,3546,Yasemin Özaltın,https://cdn.yemek.com/author/35533/20181219061403_avatar.jpg,/profil/yasemingursurer/,Zeytinyağlıların Kraliçesi: Barbunya,Barbunya,/tarif/barbunya/,30 dk,30 dk,"<p>Barbunya tarifinde sağlık vardır, tazelik çoktur. Zeytinyağlı yemeklerin ilk akla gelenidir o, <a href=""https://yemek.com/tarif/"" target=""_blank"">yemek tariflerinden</a> en fazla tarif defterine eklenenidir, dizi dizi sarmalar yapılacağına önceden hazırlanan uslu uslu dinlendirilen bir tencere barbunya can kurtarandır. Pratiklik, kolaylık denilince akla gelen ilk yemek tariflerinden de biridir aynı zamanda. Hafta başında yapılıp dolaba atılan, sonrasında yemeğim hazır diye gururla bahsedilendir. Karşınızda <a href=""https://yemek.com/tarif/zeytinyaglilar/"" target=""_blank"">zeytinyağlı yemeklerin</a> en güzeli barbunya tarifi!</p>
<p>Özellikle bolca bulunduğu yaz aylarında ayıklanıp dolaba konan, sonrasında da bol bol pişirilen sebzelerin başında geliyor. Yanına pilav ya da farklı zeytinyağlı yemeklerle de şahane oluyor. Şimdiden ellerinize sağlık diyor, hafif, yapımı kolay, tam kıvamında pişen <strong>barbunya yemeği</strong> tarifimize buyur ediyoruz. Afiyetler olsun!</p>
",recipe,"['sıcak su', 'tuz', 'toz şeker', 'sarımsak', 'maydanoz', 'zeytinyağı', 'domates salçası', 'orta boy havuç', 'orta boy kuru soğan', 'orta boy domates', 'büyük boy patates', 'taze barbunya', 'taze sıkılmış limon suyu (arzuya göre)']","['Kabuklarını ayıklayıp bol suda yıkadığınız 1 kilogram barbunyayı üzerini geçecek kadar su ilave edin.', 'Orta ateşte 10 dakika kadar haşlayın.', '1/2 çay bardağı zeytinyağını derin bir tencerede kızdırın.', '1 adet rendelenmiş soğan ve 2 diş ezilmiş sarımsağı katıp hafif bir renk alana kadar soteleyin.', 'Küp doğranmış 1 adet patates ve 2 adet havucu da ekleyin ve\xa0ardından\xa0renk vermesi için 1 tatlı kaşığı domates salçasını\xa0ilave edip\xa0kavumaya devam edin.', ""Haşlanmış barbunyaları da tencereye\xa0 ilave ettikten sonra 2 adet rendelenmiş domates ve 1'er tatlı kaşığı tuz ve toz şeker katıp kısık ateşte pişmeye bırakın."", 'Ocaktan aldığınız barbunyayı kapağı kapalı tencerede oda ısısına gelene kadar dinlendirin.', 'Son olarak servis kabına aktardığınız barbunya yemeğini; incecik kıyılmış maydanoz eşliğinde ılık ya da soğuk olarak\xa0servis edin, afiyet olsun.']",ZEYTİNYAĞLI,239b56,/tarif/zeytinyaglilar/,"['Özel Beslenme', 'Vejetaryen', 'Zeytinyağlı', 'Vegan', 'Video', 'Bakliyat', 'Sulu Yemek', 'Mevsiminde']","['pratik yemek tarifleri', 'ekonomik', 'akşam yemeği', 'öğle yemeği']","['Öğle Yemeği', 'Akşam Yemeği']",['Tencere'],"['Ekonomik', 'Glutensiz', 'Vejetaryen', 'Bol Proteinli', 'Düşük Karbonhidratlı', 'Vegan']",False,1800,1800,2019-05-06T08:04:17Z,4.0,711933,5424,False,True,True,0,,0,,,,2015/10/barbunya-yemekcom.jpg,0,0,https://cdn.yemek.com/mnresize/940/940/uploads/2015/10/barbunya-yemekcom.jpg,940,940,False,https://cdn.yemek.com/mncrop/300/200/uploads/2015/10/barbunya-yemekcom.jpg,300,200,True,https://cdn.yemek.com/mncrop/940/625/uploads/2015/10/barbunya-yemekcom.jpg,940,625,True,https://cdn.yemek.com/mncrop/620/388/uploads/2015/10/barbunya-yemekcom.jpg,620,388,True,https://cdn.yemek.com/mncrop/600/315/uploads/2015/10/barbunya-yemekcom.jpg,600,315,True,"['tencere', 'vejetaryen', 'bol proteinli', 'glutensiz', 'düşük karbonhidratlı', 'düşük kalorili']",,"['Haziran', 'Temmuz']",,,
1113,1120,Yasemin Özaltın,https://cdn.yemek.com/author/35533/20181219061403_avatar.jpg,/profil/yasemingursurer/,Yumuşacık Pişti: Arnavut Ciğeri,Arnavut Ciğeri,/tarif/arnavut-cigeri/,10 dk,20 dk,"<p><a href=""https://yemek.com/tarif/ciger-kavurma/"" target=""_blank"">Ciğerin</a> küçük parçalar halinde kesilip una bulandıktan sonra kızartılmasıyla oluşan bir <a href=""https://yemek.com/tarif/"" target=""_blank"">yemek tarifi</a> Arnavut ciğeri. Arzuya göre sıcak ya da soğuk olarak servis ediliyor, olmazsa olmazı <a href=""https://yemek.com/tarif/sumakli-sogan-salatasi/"" target=""_blank"">sumaklı ve maydanozlu soğan salatası</a>. Kimyonun ciğere yakıştığı bilinen bir gerçek olsa da limon sıkıp yemeği tercih edenler de var.</p>
<p>Kızgın yağda kızartılarak hazırlanan ve belirli püf noktaları bulunan Arnavut ciğeri, iştah açan ve ağız sulandıran bir <a href=""https://yemek.com/sonbahara-uygun-hafif-yemek-tarifleri/"" target=""_blank"">başlangıç</a> ve <a href=""https://yemek.com/pratik-ana-yemek-tarifleri/"" target=""_blank"">ana yemek</a> tarifi. Sizler de bu lezzetin tadına varmak isterseniz buyrun mutfağa! Daha önce böyle güzel bir <a href=""https://yemek.com/tarif/et/"" target=""_blank"">et </a>yemediğinize eminiz. Afiyet olsun!</p>
",recipe,"['tuz', 'tuz', 'un', 'patates', 'sumak', 'kırmızı soğan', 'toz kırmızı biber', 'toz kişniş', 'doğranmış maydanoz', 'karbonat', 'sıvı yağ', 'sıvı yağ', 'ciğer']","['Üzerinde bulunan zarı ayıkladığınız kuzu ciğerini, kuşbaşı büyüklüğünde kesin. Derin bir süzgece aldığınız doğranmış kuzu ciğerlerini kanının süzülmesi için bekletin.', 'Kanını süzdürdüğünüz ciğerleri karbonat ve tuz eklediğiniz una bulayın. Ciğerlerin üzerindeki fazla unu almak için tekrar süzgeçten geçirin.', '<div>Ciğerleri tavadaki ısınmış yağın içerisine koyun. Ciğerler pişmeye başladığında kırmızı toz biber ve toz kişniş ekleyin.\xa0Pişen ciğerlerin fazla yağını süzdürerek bir tabağa aktarın.</div>', 'Ayrı bir tavada kızdırdığınız yağda küp küp doğradığınız patatesleri kızartın ve ciğerlerin olduğu kaseye ekleyin.', 'Piyazlık doğradığınız kırmızı soğanları, 1 çay kaşığı tuz ile ovarak öldürün.\xa0Üzerine sumak ve doğranmış maydanozu da ekledikten sonra güzelce karıştırın ve ciğerlerin olduğu kaseye ekleyip diğer malzemelerle birlikte güzelce harmanlayın.', 'Ciğeri servis edeceğiniz tabağa alıp, sevdiklerinizle afiyetle tüketin!']",ET,239b56,/tarif/et/,"['Et', 'Video', 'Yöresel Tarifler']","['akşam yemeği', 'öğle yemeği']","['Öğle Yemeği', 'Akşam Yemeği']","['Kızartma', 'Ocak']",['Bol Proteinli'],False,600,1200,2021-11-17T07:46:50Z,4.0,711587,3831,False,True,True,0,,0,,,,2021/06/arnavut-cigeri-yemekcom.jpg,0,0,https://cdn.yemek.com/mnresize/940/940/uploads/2021/06/arnavut-cigeri-yemekcom.jpg,940,940,False,https://cdn.yemek.com/mncrop/300/200/uploads/2021/06/arnavut-cigeri-yemekcom.jpg,300,200,True,https://cdn.yemek.com/mncrop/940/625/uploads/2021/06/arnavut-cigeri-yemekcom.jpg,940,625,True,https://cdn.yemek.com/mncrop/620/388/uploads/2021/06/arnavut-cigeri-yemekcom.jpg,620,388,True,https://cdn.yemek.com/mncrop/600/315/uploads/2021/06/arnavut-cigeri-yemekcom.jpg,600,315,True,"['bol proteinli', 'kızartma']",,,,['Edirne'],
1114,246,Yasemin Özaltın,https://cdn.yemek.com/author/35533/20181219061403_avatar.jpg,/profil/yasemingursurer/,Dışarıda Yedikleriniz Gibi: Terbiyeli İşkembe Çorbası,Terbiyeli İşkembe Çorbası,/tarif/iskembe-corbasi/,1 sa,30 dk,"<p>Mide rahatlatıcı etkisiyle öne çıkan çorbaların başında gelen işkembe çorbası, aynı zamanda oldukça çok besleyici bir <a href=""https://yemek.com/tarif/"" target=""_blank"">yemek tarifi</a>.</p>
<p>Terbiyeli işkembe çorbası tarifini temizlenmiş bir işkembe edindikten sonra kolayca evde hazırlayabilir, sevdiklerinizle paylaşabilirsiniz.</p>
<p><b>Not:</b> ""İşkembe tamam da ben daha fazla çorba çeşidi de görmek istiyorum"" diyenleri tüm çorba tariflerimizin olduğu çorba kategorimize doğru alalım: <a href=""https://yemek.com/tarif/corba/"" target=""_blank"">Çorba Tarifleri</a>!</p>
",recipe,"['kuru soğan', 'tereyağı', 'tuz', 'limon suyu', 'limon suyu', 'un', 'un', 'sarımsak', 'sarımsak', 'su', 'yoğurt', 'yumurta sarısı', 'sirke', 'işkembe']","['İyi temizlenmiş\xa01 kilogram işkembenin üzerini geçecek kadar su ilave edip, işkembeler yumuşayana kadar yaklaşık 40 dakika haşlayın.', 'İşkembe haşlandıktan sonra bir kevgir yardımıyla kaseye aktarın.', 'Ayrı bir tavada 3 yemek kaşığı tereyağını eritip üzerine 3 yemek kaşığı unu ileve edin ve\xa0unun kokusu çıkana kadar kavurun.', 'Süzdüğünüz ve ılınmış olan haşlama suyundan\xa0tavaya\xa0azar azar ekleyin. Unun topaklanmaması için; bir çırpıcı yardımıyla hızlıca karıştırın.', 'Bu karışımı işkembeleri haşladığınız tencerenin içerisine sürekli olarak karıştırarak yavaş yavaş yedirin.', 'Çorbanın terbiyesini hazırlamak için; 4 yemek kaşığı yoğurt, 2 yemek kaşığı un, 1 çay kaşığı tuz, 1 adet yumurta sarısı ve yarım limon suyunu ayr bir kapta çırpın.', 'Terbiye karışımını kaynamakta olan haşlama suyu ile ılıştırdıktan\xa0sonra çorba tenceresine azar azar ekleyin ve hızlıca karıştırın.', 'Son olarak; haşlanan işkembeyi çorbaya ilave edin ve kısık ateşte, 15 dakika kadar kaynatarak pişirin.', 'Sarımsakları rendeledikten sonra sirke ile karıştırın. Servis kaselerine aldığınız çorbayı, sarımsaklı sirke ilavesiyle sıcak olarak servis edin. Afiyet olsun!']",ÇORBA,,/tarif/corba/,"['Çorba', 'Ramazan', 'Video']","['ekonomik', 'akşam yemeği']","['Başlangıç', 'Akşam Yemeği']","['Tencere', 'Ocak']",,False,3600,1800,2014-07-04T06:45:05Z,4.0,693816,763,False,True,True,0,,0,,,,2014/07/iskembe-corbasi-yemekcom.jpg,0,0,https://cdn.yemek.com/mnresize/940/940/uploads/2014/07/iskembe-corbasi-yemekcom.jpg,940,940,False,https://cdn.yemek.com/mncrop/300/200/uploads/2014/07/iskembe-corbasi-yemekcom.jpg,300,200,True,https://cdn.yemek.com/mncrop/940/625/uploads/2014/07/iskembe-corbasi-yemekcom.jpg,940,625,True,https://cdn.yemek.com/mncrop/620/388/uploads/2014/07/iskembe-corbasi-yemekcom.jpg,620,388,True,https://cdn.yemek.com/mncrop/600/315/uploads/2014/07/iskembe-corbasi-yemekcom.jpg,600,315,True,"['tencere', 'bol proteinli']",greenLight,,,,
1115,160,Cemre Özgüzel,https://cdn.yemek.com/author/109/20200211010242_avatar.jpg,/profil/cemre-ozguzel/,Kolay ve Ekonomik: Makarna Salatası,Makarna Salatası,/tarif/makarna-salatasi/,12 dk,15 dk,"<p>Evde kalmış makarnayla bile hazırlanabilecek, lezzetli ama bir o kadar da kolay bir tarif <a href=""https://www.yemek.com/kategori/tarif/makarna/"" target=""_blank"">makarna</a> salatası tarifimiz var. Makarnanın ağız sulandıran hali de diyebiliriz kendisine. Arzuya göre; doğranmış salam, sosis vb. malzemeler ekleyerek tarifi daha da zenginleştirebilirsiniz.</p>
<p>En kolay ve en nefis makarna salatasını siz yapın diye biz tadı damaklarda kalan yoğurtlu, mayonezli, garnitürlü bir <a href=""https://yemek.com/tarif/tavuklu-makarna-salatasi/"" target=""_blank"">makarna salatası</a> tarifi hazırladık sizin için.</p>
<p>Ekonomik bir tarif olması nedeniyle gerek öğrenci evlerinde, gerekse evde hemen her zaman bulabileceğiniz malzemelerle kolayca yapılabilir. Üstelik <a href=""https://yemek.com/tarif/sebze/"" target=""_blank"">sebze</a> yemek istemeyen çocuklarınızın makarna <a href=""https://yemek.com/tarif/salata/"" target=""_blank"">salata</a>sı tarifimizdeki garnitürler yardımıyla bu besinleri almalarını sağlayabilirsiniz. <a href=""https://yemek.com/cay-saati-menuleri/"" target=""_blank"">Çay saati</a> günlerine de çok yakışır. Şimdiden afiyet olsun!</p>
",recipe,"['nane', 'tuz', 'yoğurt', 'zeytinyağı', 'mayonez', 'süzme yoğurt', 'konserve haşlanmış garnitür', 'kornişon turşu', 'dereotu', 'burgu makarna']","['Burgu makarnayı kaynar suda 10- 12 dakika kadar haşlayın. Suyunu süzün ve soğuması için bir kenarda bekletin.', 'Salatanın sosunu hazırlamak için; yoğurt, süzme yoğurt, mayonezi bir kapta karıştırın.', 'Haşlanan makarnayı bu sosun içerisine ilave edin.', 'Ardından bir avuç doğranmış dereotunu, doğranmış salatalık turşusunu ve konserve garnitürü salata kasesine azar azar aktarın.', 'Tüm malzemeleri birbirine karışacak şekilde harmanlayın.', 'Sonrasında bekletmeden servis edin. Sevdiklerinizle paylaşın. Afiyetler olsun!']",SALATA,239b56,/tarif/salata/,"['Makarna', 'Salata', 'Video']","['ekonomik', 'akşam yemeği', 'öğle yemeği']","['Öğle Yemeği', 'Akşam Yemeği']",['Tencere'],,False,720,900,2019-03-12T13:16:42Z,4.0,681116,5066,False,True,True,0,,0,,,,2014/06/makarna-salatasi-yemekcom.jpg,0,0,https://cdn.yemek.com/mnresize/940/940/uploads/2014/06/makarna-salatasi-yemekcom.jpg,940,940,False,https://cdn.yemek.com/mncrop/300/200/uploads/2014/06/makarna-salatasi-yemekcom.jpg,300,200,True,https://cdn.yemek.com/mncrop/940/625/uploads/2014/06/makarna-salatasi-yemekcom.jpg,940,625,True,https://cdn.yemek.com/mncrop/620/388/uploads/2014/06/makarna-salatasi-yemekcom.jpg,620,388,True,https://cdn.yemek.com/mncrop/600/315/uploads/2014/06/makarna-salatasi-yemekcom.jpg,600,315,True,"['tencere', 'vejetaryen']",,,,,
1116,1021,Yasemin Özaltın,https://cdn.yemek.com/author/35533/20181219061403_avatar.jpg,/profil/yasemingursurer/,Kıvamı Mükemmel: Terbiyeli Tavuk Çorbası,Terbiyeli Tavuk Çorbası,/tarif/terbiyeli-tavuk-corbasi/,30 dk,20 dk,"<p><a href=""https://yemek.com/tarif/tavuk-suyu-corbasi/"" target=""_blank"">Tavuk suyu</a>nun soğuk algınlığı ve grip başta olmak üzere tüm hastalıklara karşı savaştığı ve vücut direncini artırdığı artık hepimiz biliyoruz. Hastalıklar bir türlü bitmezken <a href=""https://yemek.com/tarif/corba/"" target=""_blank"">çorba</a> tarifleri de işte bu noktada kurtarıcımız oluyor. Krema eklemeye gerek kalmadan terbiyeli karışımı ile leziz ve pratik bir şekilde hazırlanan terbiyeli <a href=""https://yemek.com/tarif/tavuk-corbasi/"" target=""_blank"">tavuk çorbası</a> size iyi gelecek.</p>
<p>Arzuya göre terbiyeli tavuk çorbasına şehriye ekleyerek doyuruculuğunu arttırabilirsiniz. Domates salçası ve şehriye eklenmiş <a href=""https://yemek.com/tarif/sehriyeli-tavuk-suyu-corba/"" target=""_blank"">şehriyeli tavuk çorbası</a> da çok nefis oluyor bizden söylemesi, mutlaka deneyin. Afiyet olsun!</p>
",recipe,"['tuz', 'un', 'su', 'yoğurt', 'yumurta sarısı', 'defne yaprağı', 'tel şehriye', 'nane (arzuya göre)', 'tavuk but']","['Derin bir tencerede, kalçalı budu, 2 adet defne yaprağı, yarım tatlı kaşığı tuz ve 2 litre su ile birlikte haşlayın.', 'Çorbanın terbiyesi için; 1 su bardağı yoğurdu, 1,5 yemek kaşığı unu, 1 adet yumurta sarısını, 1 çay kaşığı tuzu ve yarım limon suyunu bir kaba aktarın.', 'Pürüzsüz bir kıvam alana kadar çırpın.', 'Tenceredeki tavuk haşlandıktan sonra tavuğu ve defne yapraklarını içerisinden alın ve tavukları ince olacak şekilde didikleyin.', 'Tavuğun haşlanan suyundan 1 kepe alıp hazırladığınız terbiyeye yavaş yavaş dökün ve suyun sıcaklığı ile eşitleyin.', 'Sıcaklık eşitlendikten sonra tüm terbiye karışımını çorba tenceresine aktarın.', '1 çay bardağı tel şehriye ve didiklediğiniz tavukları da üzerine\xa0katın ve çorbayı 10 dakika kadar kısık ateşte, aralarda karıştırarak pişirmeye devam edin.', 'Kıvam alan terbiyeli tavuk çorbasını nane ve pulbiber ile süsledikten sonra sıcak olarak servis edin.\xa0Afiyet olsun!']",ÇORBA,,/tarif/corba/,"['Çorba', 'Tavuk', 'Ramazan', 'Video']","['pratik yemek tarifleri', 'ekonomik', 'başlangıç', 'akşam yemeği', 'öğle yemeği']",['Başlangıç'],['Tencere'],,False,1800,1200,2022-07-27T15:20:02Z,4.0,763555,5356,False,True,True,0,,0,,,,2014/11/terbiyeli-tavuk-corbasi-yemekcom.jpg,0,0,https://cdn.yemek.com/mnresize/940/940/uploads/2014/11/terbiyeli-tavuk-corbasi-yemekcom.jpg,940,940,False,https://cdn.yemek.com/mncrop/300/200/uploads/2014/11/terbiyeli-tavuk-corbasi-yemekcom.jpg,300,200,True,https://cdn.yemek.com/mncrop/940/625/uploads/2014/11/terbiyeli-tavuk-corbasi-yemekcom.jpg,940,625,True,https://cdn.yemek.com/mncrop/620/388/uploads/2014/11/terbiyeli-tavuk-corbasi-yemekcom.jpg,620,388,True,https://cdn.yemek.com/mncrop/600/315/uploads/2014/11/terbiyeli-tavuk-corbasi-yemekcom.jpg,600,315,True,"['tencere', 'bol proteinli']",greenLight,,,,
1117,877,Yasemin Özaltın,https://cdn.yemek.com/author/35533/20181219061403_avatar.jpg,/profil/yasemingursurer/,Dışarıdakilerden Çok Daha Nefis: Profiterol,Profiterol,/tarif/profiterol/,40 dk,30 dk,"<p>Çikolata tutkunlarını mutlu edecek nefis bir <a href=""https://yemek.com/tarif/tatli"" target=""_blank"">tatlı</a> olan profiterolu bu tarifle yapmak çok kolay!</p>
<p><strong>Pataşu</strong> ya da <a href=""https://yemek.com/tarif/su-hamuru/"" target=""_blank"">şu hamuru</a> olarak da bilinen, hamurları fırında puf gibi kabartıp içlerini dolduracak kremayı sabırsızlıkla beklerken, bir yandan bitter çikolatalı sosunu hazırlıyoruz. Kaşık kaşık yemek isteyeceğiniz profiterol tarifini; ince çekilmiş fındık, fıstık, ceviz içi ve muz gibi meyve dilimleriyle süsleyip daha da lezzetli hale getirebilirsiniz. Pastanelerde yemeye alışkın olduğunuz bu enfes tatlıyı evinize taşıyarak nefis mi nefis bir profiterol tarifi hazırlıyoruz. Üstelik bu <a href=""https://yemek.com/tarif/"" target=""_blank"">yemek tarifinin</a> yapımı da sandığınız kadar zor değil.</p>
<p>Kökeninin <strong>Fransız mutfağı</strong> olan profiterol, yapımı biraz zahmetli gibi görünse de sevdiklerinizi ve kendinizi ödüllendirmenin çok iyi bir yolu. <strong>Profiterol hamuru</strong>nu da profiterol kremasını da tarifimizde anlatacağımız resimli adımlarla bir bir uyguladığınızda nefis sonuçlar elde edeceğinize eminiz. Şimdiden ellerinize sağlık diyor ve sizi kolay profiterol tatlısı tarifimize buyur ediyoruz.</p>
",recipe,"['yumurta', 'yumurta', 'toz şeker', 'süt', 'un', 'un', 'su', 'krema', 'margarin', 'bitter çikolata', 'vanilin']","['Kremasını hazırlamak için; bir sos tenceresine süt, toz şeker, un ve yumurtayı ekleyip orta ateşte koyu bir kıvam alana kadar sürekli olarak karıştırın.', 'Koyulaşan kremaya vanilin ilave edip karıştırın, ocaktan alın ve oda sıcaklığına geldikten sonra sıkma poşetine doldurup, en az 1 saat buzdolabında bekletin.', 'Profiterol hamuru için; öncelikle fırını 180 dereceye ayarlayın. Derin bir sos tenceresine su ve margarini alıp karıştırarak kaynatın.', 'Üzerine unu ekleyip sürekli olarak karıştırarak dibine hamur yapışmaya başlayana kadar, yaklaşık 4-5 dakika pişirin. Dibi yapışmaya başlayan hamuru bir kaseye alın ve 15 dakika oda sıcaklığında soğutun.', 'Soğumuş olan hamurun üzerine her bir yumurtayı teker teker ekleyin ve her seferinde yumurtaları güzelce yedirerek yapışkan bir hamur elde edin. Bu hamuru varsa sıkma poşetine alın, daha kolay şekil vermek için yaklaşık 15 dakika daha dinlendirin.', 'Bekleyen hamurdan pişirme kağıdı serili fırın tepsisine aralarında biraz boşluk olacak şekilde ceviz büyüklüğünde toplar sıkın ya da kaşık yardımıyla dökün. Parmağınızın ucunu ıslatıp hamurların üzerindeki çıkıntıları düzeltin ve fırına alıp, piştiği süre boyunca kapağını hiç açmadan; yaklaşık 40 dakika pişirin.', 'Pişen profiteroller oda sıcaklığına geldikten sonra alt kısmından bıçakla delik açın ve hazırladığınız kremayı içine sıkın. Bunun yerine arasını kesip krema da doldurabilirsiniz.', 'Çikolata sosu için; küçük parçalara ayırdığınız bitter çikolatayı benmari usulü eritin. Üzerine krema ilave edip güzelce karıştırın. Hazırladığınız çikolata sosunu profiterollerin üzerine dökün.', 'Son olarak file Antep fıstığı gezdirip servis edin. Afiyet olsun!']",ÇİKOLATALI TATLI,239b56,/tarif/cikolatali-tatlilar/,"['Tatlı', 'Video', 'Dünya Mutfakları', 'Çikolatalı Tatlı']",['çay saati'],['Çay Saati'],['Fırın'],,False,2400,1800,2022-04-01T14:20:22Z,4.0,756116,6377,False,True,True,0,,0,,,,2014/11/profiterol-yemekcom2.jpg,0,0,https://cdn.yemek.com/mnresize/940/940/uploads/2014/11/profiterol-yemekcom2.jpg,940,940,False,https://cdn.yemek.com/mncrop/300/200/uploads/2014/11/profiterol-yemekcom2.jpg,300,200,True,https://cdn.yemek.com/mncrop/940/625/uploads/2014/11/profiterol-yemekcom2.jpg,940,625,True,https://cdn.yemek.com/mncrop/620/388/uploads/2014/11/profiterol-yemekcom2.jpg,620,388,True,https://cdn.yemek.com/mncrop/600/315/uploads/2014/11/profiterol-yemekcom2.jpg,600,315,True,,,,['Fransa'],,
1118,303,Ayşegül Uslu,https://cdn.yemek.com/author/409098/20230915055430_avatar.jpg,/profil/aysegulu/,Yağ Çekmez: Pişi,Pişi,/tarif/pisi/,15 dk,20 dk,"<p>Anadolu'nun pek çok noktasında kolaç, lokma, keçi ayağı, <a href=""https://yemek.com/tarif/hamur-kizartmasi/"" target=""_blank"">hamur kızartması</a> gibi isimlerle bilinen pişi, ailecek yapılan zengin sabah kahvaltıları için başarılı bir alternatif. Son yıllarda birçok kahvaltı mekanında da görebileceğiniz pişiyi evde de kolayca yapabilirsiniz. Üstelik kendisi sadece kahvaltılık olmakla kalmaz, yeri geldiğinde en lezzetli öğle yemeğine de, ara öğüne de dönüşebilir, <a href=""https://yemek.com/tarif/"" target=""_blank"">yemek tarifleri</a> içinde tam bir kurtarıcı olmasıyla bilinir.</p>
<p>Mayalı hamurla ne yapılır diyenlerin yardımına koşan bu pişiyi biz mayalayarak yaptık. Ama siz bekleme derdi olmasın, pratik olsun istiyorsanız şu <a href=""https://yemek.com/tarif/mayasiz-kolay-pisi/"" target=""_blank"">mayasız pişi</a> tarifimize de bakabilirsiniz. Hatta ve hatta <strong>karbonatlı pişi</strong> tarifimize <a href=""https://yemek.com/tarif/karbonatli-pisi/"" target=""_blank"">şuradan</a> ulaşabilir, farklı pişi çeşitleri içinse <a href=""https://yemek.com/pisi-tarifleri/"" target=""_blank"">şu içeriğimizden</a> yararlanabilirsiniz.</p>
<p>Peynir, zeytin, domates gibi <a href=""https://yemek.com/tarif/kahvaltiliklar/"" target=""_blank"">kahvaltılıklar</a>la da afiyet olur; reçel ya da çikolata ile nefis olur. Biz özellikle <a href=""https://yemek.com/tarif/incir-receli"" target=""_blank"">ev yapımı nefis incir reçeli</a> ile öneriyoruz.</p>
<p>Nefis <strong>pişi tarifi</strong>mizin videolu ve adım adım resimli anlatımı hemen aşağıda. Buyursunlar!</p>
",recipe,"['tuz', 'toz şeker', 'ayçiçek yağı', 'un', 'ılık su', 'yaş maya']","['Pişi tarifi için önce ılık su içerisinde 1 yemek kaşığı toz şeker ve 1/2 paket yaş mayayı çözdürün.', 'Karıştırdıktan sonra 10 dakika kadar dinlenmeye bırakın.', 'Dinlenen karışıma 3 su bardağı un\xa0ve tuzu harmanlayarak ekleyin ve karıştırmaya devam edin.', 'Kalan unu da azar azar ilave ederek bir yandan da yoğurmaya başlayın.', 'Hamuru 5-10 dakika kadar yoğurun.', 'Hamurun üzerini örtüp oda ısısında bir saat kadar mayalayın.', 'Mayalanan hamuru tezgaha alın ve ceviz büyüklüğünde parçalar koparıp yuvarlayın. Üzerilerine un serptikten sonra elinizle hafifçe bastırarak düzleştirin.', 'Tezgahta 10 dakika daha mayalandırdıktan sonra bir şişe kapağıyla\xa0ortalarına delikler açın. Bu sayede pişileriniz daha güzel kabaracaktır.', 'Geniş ve derin bir tavada sıvı yağı kızdırın. Pişileri yavaş yavaş yağa atarak arkalı önlü kızartın. Pişenleri\xa0fazla yağını bırakması için bir iki dakika havlu peçete üzerinde dinlendirin.', 'Pişi tarifi hazır. Afiyet olsun.']",KAHVALTILIK,239b56,/tarif/kahvaltiliklar/,"['Hamur İşi', 'Kahvaltılık', 'Çörek']","['ekonomik', 'kahvaltı', 'çay saati']","['Başlangıç', 'Kahvaltı', 'Çay Saati']",['Kızartma'],['Vejetaryen'],False,900,1200,2022-03-18T13:50:52Z,4.0,752213,4360,False,True,True,0,,0,,,,2019/05/pisi-asama-18.jpg,0,0,https://cdn.yemek.com/mnresize/940/940/uploads/2019/05/pisi-asama-18.jpg,940,940,False,https://cdn.yemek.com/mncrop/300/200/uploads/2019/05/pisi-asama-18.jpg,300,200,True,https://cdn.yemek.com/mncrop/940/625/uploads/2019/05/pisi-asama-18.jpg,940,625,True,https://cdn.yemek.com/mncrop/620/388/uploads/2019/05/pisi-asama-18.jpg,620,388,True,https://cdn.yemek.com/mncrop/600/315/uploads/2019/05/pisi-asama-18.jpg,600,315,True,,,,,,
1119,1793,Ayşegül Uslu,https://cdn.yemek.com/author/409098/20230915055430_avatar.jpg,/profil/aysegulu/,Tüm Sırlarıyla: Kazandibi,Kazandibi,/tarif/kazandibi/,35 dk,15 dk,"<p>İçinde haşlanmış ve çok çok ince dizilmiş <a href=""https://yemek.com/tarif/tavuk/"" target=""_blank"">tavuk</a> eti katılan versiyonlarının da olduğu esmer <a href=""https://yemek.com/tarif/sutlu-tatlilar/"" target=""_blank"">sütlü tatlı</a> kazandibini pratik bir şekilde hazırlamaya ve afiyetle yemeye var mısınız? Tavuk göğsüne kazandibi tarifinde yer vermedik çünkü, onun gerçek bir <a href=""https://yemek.com/tarif/tavuk-gogsu/"" target=""_blank"">tavuk göğsü tatlısı</a>na daha çok yakıştığını düşünmekteyiz.</p>
<p>Şimdi sizi şöyle mutfağa doğru alalım ve tatlıcılarda yemeye alıştığınız kazandibini evde nasıl <a href=""https://yemek.com/tarif/tatli/"" target=""_blank"">tatlı</a> tatlı, lezzetli lezzetli yapabileceğinizi anlatalım.</p>
",recipe,"['tereyağı', 'toz şeker', 'süt', 'vanilya', 'pudra şekeri', 'buğday nişastası', 'pirinç unu']","['Sübyesi için; bir kasede\xa02 su bardağı sütü,\xa0yarım bardak toz şekeri, buğday nişastasını ve pirinç unu karıştırın. Topak kalmayana kadar çırpıcı yardımıyla çırpın.', 'Geniş bir tencereye kalan 5 su bardağı sütü ve 1 su bardağı şekeri ilave edin. Bir taşım kaynatın. Kaynayan süte yavaş yavaş sübyeyi ilave ederek sürekli karıştırın. Ocağı kısık ateşe getirerek, sürekli karıştırarak muhallebi kıvamına gelene kadar pişirin.', 'Muhallebi koyulaşıp göz göz olduğunda ocaktan alın ve vanilyayı ilave edip tekrar karıştırın. Oda sıcaklığında soğumaya bırakın.', 'Köşeli bir borcamı tereyağıyla yağlayın ve üzerine eşit olacak şekilde pudra şekerini eleyin.', 'Tepsiyi ocak üzerinde çevire çevire karışımı yakın. Tüm şeker eriyip karamelize olunca, tepsinin dibine muhallebiden ince bir kat sürün ve bir tur da muhallebiyle birlikte yakın.', 'Yakma işlemi bittiğinde kalan muhallebiyi de tepsiye dökün. Üzerini bir spatula yardımıyla düzeltin.', 'Buzdolabına kaldırıp kıvam alması için soğuttuğunuz tatlıyı, ince uzun dilimlere ayırın\xa0ve spatula yardımıyla kıvırarak rulo şeklinde sarın.\xa0Ev yapımı mis kokulu kazandibiniz hazır, afiyet olsun!']",SÜTLÜ TATLI,239b56,/tarif/sutlu-tatlilar/,"['Tatlı', 'Ramazan', 'Sütlü Tatlı', 'Video']","['ekonomik', 'ara öğün']",['Çay Saati'],['Tencere'],['Ekonomik'],False,2100,900,2021-08-17T07:30:14Z,4.0,750751,3376,False,True,True,0,,0,,,,2021/08/kazandibi-yemekcom.jpg,0,0,https://cdn.yemek.com/mnresize/940/940/uploads/2021/08/kazandibi-yemekcom.jpg,940,940,False,https://cdn.yemek.com/mncrop/300/200/uploads/2021/08/kazandibi-yemekcom.jpg,300,200,True,https://cdn.yemek.com/mncrop/940/625/uploads/2021/08/kazandibi-yemekcom.jpg,940,625,True,https://cdn.yemek.com/mncrop/620/388/uploads/2021/08/kazandibi-yemekcom.jpg,620,388,True,https://cdn.yemek.com/mncrop/600/315/uploads/2021/08/kazandibi-yemekcom.jpg,600,315,True,"['vejetaryen', 'glutensiz']",,,,,
1120,3475,Yasemin Özaltın,https://cdn.yemek.com/author/35533/20181219061403_avatar.jpg,/profil/yasemingursurer/,Püf Noktalarıyla: Zeytinyağlı Biber Dolması,Zeytinyağlı Biber Dolması,/tarif/zeytinyagli-biber-dolmasi/,45 dk,30 dk,"<p>Zeytinyağlı kontenjanının öne çıkan yemeği, kalabalık sofraların vazgeçilmez <a href=""https://yemek.com/tarif/"" target=""_blank"">yemek tariflerindendir</a> zeytinyağlı biber dolması. Püf noktalarından biri lezzetin doruk noktasına ulaşması için bol bol kuru soğan kullanmaktır. Pirinçlerin hafif diri kalacak şekilde kavrulması, hazırlanan dolmaların kısık ateşte pişirilmesi esastır. Arzuya göre kuş üzümlü, dolmalık fıstıklı ve tarçınlı olabilen iç harç bol soğanlı sade ya da rendelenmiş domates ilavesiyle de hazırlanabilir.</p>
<p><a href=""https://yemek.com/tarif/biber-dolmasi/"" target=""_blank"">Etli biber dolması</a> alınmasın ancak zeytinyağlı hali ılık ya da soğuk olarak sofraları süsleyebildiği için daha sevilir. <a href=""https://yemek.com/tarif/vejetaryen/"" target=""_blank"">Vejetaryen</a> beslenenler için lezzetli bir öğün, pilav çeşitlerine alternatif olabilecek en iddialı seçeneklerden bir tanesidir.</p>
<p>Çocukluğumuzda sadece içindeki <a href=""https://yemek.com/tarif/pilav/"" target=""_blank"">pilav</a>ı yemek için annemizle kavga ettiğimiz hala bazılarımızın bu sebeple biberini yiyemediği, dondurma kutularından en çok fırlayan yemektir biber dolması. Ama sevin ya da sevmeyin <strong>Türk mutfağının en simge yemeklerinden</strong> biridir biber dolması. Üzerine yoğurdun döküldüğü anda iştahı kabarmayan insan yoktur aslında.</p>
<p>Lafı çok uzattık, gerisi sizin akşam yemeğiniz olsun.</p>
",recipe,"['pirinç', 'kuru soğan', 'sıcak su', 'nane', 'tuz', 'toz şeker', 'zeytinyağı', 'karabiber', 'kuş üzümü', 'dolmalık fıstık', 'yenibahar', 'orta boy dolmalık biber', 'orta boy domates (üzerlerini kapatmak için)']","['Zeytinyağlı biber dolması için yarım su bardağı zeytinyağını geniş bir pilav tenceresine alın ve 2 adet yemeklik doğranmış kuru soğan ile birlikte pembeleşinceye kadar kavurun.', '2 yemek kaşığı dolmalık fıstığı da ekleyip renk alana kadar kavurmaya devam edin.', 'Dolmalık fıstıklar renk aldıktan sonra 1,5 su bardağı yıkanmış pirinci ekleyin ve 2-3 dakika kadar kavurun.', '1 yemek kaşığı kuş üzümü, 1 tatlı kaşığı tuz, yarım çay kaşığı karabiber,\xa0yarım çay kaşığı yenibahar, yarım tatlı kaşığı toz şeker ve 1 tatlı kaşığı naneyi de ekledikten sonra son kez karıştırın.', '2 su bardağı sıcak suyu ekleyip, pirinçler diri kalacak şekilde 7-8 dakika kadar pişirin ve ocaktan alın.', 'Hazırladığınız dolma harcını, üst kapağını ve iç kısmını çıkardığınız yaklaşık 10- 15 adet dolmalık biberin içerisine doldurun. Ağız kısımlarında şişme ve pişme payı bırakmaya özen gösterin.', 'Hazırladığınız dolmaları\xa0tencereye dik bir şekilde dizin.', 'Biberlerin üst kısımlarını ikiye bölünmüş cherry domates ile kapatın.', 'Tencerenin yarısına kadar su doldurun ve üzerlerine zeytinyağı gezdirip kapağını kapatın.', 'Dolmaları,\xa0 kısık ateşte pişirme suyu bitip pirinçler\xa0şişene kadar yaklaşık 30-35 dakika pişirin. Ilık ya da soğuk olarak servis edin. Afiyet olsun!']",ZEYTİNYAĞLI,239b56,/tarif/zeytinyaglilar/,"['Sebze', 'Özel Beslenme', 'Vejetaryen', 'Ramazan', 'Zeytinyağlı', 'Vegan', 'Video', 'Mevsiminde']",,"['Öğle Yemeği', 'Akşam Yemeği']",['Tencere'],"['Ekonomik', 'Vejetaryen', 'Vegan']",False,2700,1800,2022-08-24T11:40:42Z,4.0,750144,4840,False,True,True,0,,0,,,,2015/09/zeytinyagli-biber-dolmasi-yemekcom.jpg,0,0,https://cdn.yemek.com/mnresize/940/940/uploads/2015/09/zeytinyagli-biber-dolmasi-yemekcom.jpg,940,940,False,https://cdn.yemek.com/mncrop/300/200/uploads/2015/09/zeytinyagli-biber-dolmasi-yemekcom.jpg,300,200,True,https://cdn.yemek.com/mncrop/940/625/uploads/2015/09/zeytinyagli-biber-dolmasi-yemekcom.jpg,940,625,True,https://cdn.yemek.com/mncrop/620/388/uploads/2015/09/zeytinyagli-biber-dolmasi-yemekcom.jpg,620,388,True,https://cdn.yemek.com/mncrop/600/315/uploads/2015/09/zeytinyagli-biber-dolmasi-yemekcom.jpg,600,315,True,,,['Ağustos'],,,
1121,2845,Yasemin Özaltın,https://cdn.yemek.com/author/35533/20181219061403_avatar.jpg,/profil/yasemingursurer/,Çok Hafif: Kabak Yemeği,Kabak Yemeği,/tarif/kabak-yemegi/,35 dk,20 dk,"<p>Hafif yaz yemeklerinin baş tacıdır kabak <a href=""https://yemek.com/tarif/"" target=""_blank"" rel=""noopener"">yemeği</a>. Arzuya göre pirinç ilavesiyle pişirilir.<strong> Zeytinyağlı kabak yemeğine kuru nane oldukça yakışır</strong>. <a href=""https://yemek.com/tarif/mevsiminde/"" target=""_blank"" rel=""noopener"">Mevsiminde</a> sulu ve kokulu domateslerle asıl lezzetini bulur, olmadı salçadan destek alır. İncecik kıyılmış dereotu ve yoğurt eşliğinde servise hazırlanır.</p>
<p>Tabak tabak yemek isteyeceğiniz kalorisi düşük bir <a href=""https://yemek.com/tarif/zeytinyaglilar/"" target=""_blank"" rel=""noopener"">zeytinyağlı</a> olan pirinçli kabak yemeği dereotuyla süslendikten sonra sofralardaki yerini alıyor. <a href=""https://yemek.com/tarif/diyet/"" target=""_blank"" rel=""noopener"">Az kalorili</a> zeytinyağlı kabak yemeğinin yapılışını adım adım resimli ve videolu olarak aşağıya bırakıyoruz. Afiyet olsun!</p>",recipe,"['pirinç', 'sıcak su', 'tuz', 'sarımsak', 'zeytinyağı', 'karabiber', 'domates salçası', 'dereotu', 'orta boy kabak', 'orta boy kuru soğan', 'büyük boy domates']","['<p>Kabak yemeği için 4 yemek kaşığı zeytinyağını tencerede kızdırın ve üzerine 1 adet yemeklik doğranmış soğanları ekleyin ve pembeleşinceye kadar kavurun.</p>', '<p>3 diş doğranmış sarımsak ve yarım tatlı kaşığı domates salçasını ekleyin ve kokusu çıkana kadar kavurun.</p>', '<p>1 adet büyük boy soyulmuş ve küp soğranmış domatesleri ekleyin ve kavurmaya devam edin.</p>', ""<p>5 adet doğranmış orta boy kabak, 1'er çay kaşığı tuz ve karabiber, 2 yemek kaşığı yıkanmış pirinci ve 2 su bardağı sıcak suyu ekleyip orta ateşte pişmeye bırakın.</p>"", '<p>Piştikten sonra 1 avuç doğranmış dereotu ekleyip karıştırın.</p>', '<p>Sıcak olarak servis edin afiyet olsun.</p>']",ZEYTİNYAĞLI,239b56,/tarif/zeytinyaglilar/,"['Sebze', 'Özel Beslenme', 'Vejetaryen', 'Diyet', 'Ramazan', 'Zeytinyağlı', 'Vegan', 'Video', 'Sulu Yemek', 'Mevsiminde']",,"['Öğle Yemeği', 'Akşam Yemeği']",['Tencere'],"['Ekonomik', 'Vejetaryen', 'Düşük Kalorili', 'Düşük Karbonhidratlı', 'Vegan']",False,2100,1200,2015-06-22T15:21:32Z,4.0,749045,8445,False,True,True,0,,0,,,,2015/06/kabak-yemegi-yemekcom.jpg,0,0,https://cdn.yemek.com/mnresize/940/940/uploads/2015/06/kabak-yemegi-yemekcom.jpg,940,940,False,https://cdn.yemek.com/mncrop/300/200/uploads/2015/06/kabak-yemegi-yemekcom.jpg,300,200,True,https://cdn.yemek.com/mncrop/940/625/uploads/2015/06/kabak-yemegi-yemekcom.jpg,940,625,True,https://cdn.yemek.com/mncrop/620/388/uploads/2015/06/kabak-yemegi-yemekcom.jpg,620,388,True,https://cdn.yemek.com/mncrop/600/315/uploads/2015/06/kabak-yemegi-yemekcom.jpg,600,315,True,,,"['Haziran', 'Temmuz', 'Ağustos']",,,['Ana Yemek']
1122,17117,Yasemin Özaltın,https://cdn.yemek.com/author/35533/20181219061403_avatar.jpg,/profil/yasemingursurer/,Yumuşacık Etler: Alinazik,Alinazik,/tarif/alinazik/,15 dk,15 dk,"<p>Alinazik tarifine, <a href=""https://yemek.com/tarif/"" target=""_blank"">yemeğin</a> en az kendisi kadar nefis hikayesini anlatarak başlayalım. 16.yüzyılda Yavuz Sultan Selim'in Gaziantep'e yolculuğu ile başlıyor her şey. Bu yolculuğun haberi alan halk, meşakkatli bir hazırlığa girişiyor. Çeşit çeşit yemekler, tatlılar padişah için pişiriliyor, yapılıyor. Gaziantep'e geldiğinde onun ağzına layık bir sofra kuruluyor. Masada yok yok. Fakat aralarından öyle bir lezzet var ki, yoğurdun, patlıcanın, etin tadını içine harmanlayan. Hemen sıyrılıyor diğerlerinden. Bu lezzetin tadına varan Yavuz Sultan Selim, 'Hangi eli nazik yaptı bunu?' diyor. O günden bugüne yemeğin adı önce 'Ala nazik' ardından da 'Alinazik' olarak değişiyor. <strong>Arapça'da 'ala' güzel, 'nazik' ise yemek anlamına geliyor.</strong></p>
<p>Adı da, hikayesi de kendi kadar güzel olan bu yemeği en güzel Antep'te, onların elinden yemek gerek. Ama gitme şansı olmayanlar için bir yol daha var. Üstelik pek pratik. Bu müthiş görsel şölen için sıvayın hadi kollarınızı. Biz bu tarifte kuşbaşı <a href=""https://yemek.com/tarif/et/"" target=""_blank"">et</a>leri minik minik doğradık. Ancak dilerseniz <strong>satır eti, kıyma ya da kuşbaşı</strong> kullanarak bu <a href=""https://yemek.com/tarif/yoresel-tarifler/"" target=""_blank"">yöresel</a> tarifi hazırlamanız mümkün.</p>
<p>Öyleyse, ilham veren videomuz ve <a href=""https://yemek.com/tarif/"" target=""_blank"">tarifi</a>mizle sizi baş başa bırakalım. Afiyet olsun.</p>
",recipe,"['biber salçası', 'tereyağı', 'tuz', 'tuz', 'sarımsak', 'yoğurt', 'közlenmiş patlıcan', 'toz kırmızı biber', 'kuşbaşı et (küçük doğranmış)']","['Alinazik tarifi için tereyağını derin bir tavanın içine alın. Sarımsağı ilave ederek hafifçe soteleyin.', 'Ardından minik doğranmış kuşbaşı etleri ekleyerek karıştırın, kapağını kapatıp 6-7 dakika kısık ateşte suyunu salıp pişene kadar bırakın.', 'Piştikten sonra salça, toz kırmızı biber ve tuz ekleyerek tatlandırın ve ocaktan alın.', 'Közlenmiş patlıcanları kesme tahtasının üzerinde keskin bir bıçak yardımıyla dövün.', 'Dövme aşamasında üzerine hafifçe tuz atın.', 'İyice ezildiklerinde\xa0yoğurtla\xa0bir kasenin içinde birleştirin ve güzelce karıştırın.', 'Servis tabağının içerisine yoğurtlu patlıcanlı karışımı alın. Ortasını çukurlaştırın. Hazırladığınız etleri de üzerine yerleştirin. Sosunu ilave ederek servis edin.']",ET,239b56,/tarif/et/,"['Et', 'Ramazan', 'Video', 'Yöresel Tarifler']","['akşam yemeği', 'öğle yemeği']","['Öğle Yemeği', 'Akşam Yemeği']",['Tencere'],['Bol Proteinli'],False,900,900,2022-04-15T14:40:35Z,4.0,722997,6605,False,True,True,0,,0,,,,2017/05/alinazik-tarifi.jpg,0,0,https://cdn.yemek.com/mnresize/940/940/uploads/2017/05/alinazik-tarifi.jpg,940,940,False,https://cdn.yemek.com/mncrop/300/200/uploads/2017/05/alinazik-tarifi.jpg,300,200,True,https://cdn.yemek.com/mncrop/940/625/uploads/2017/05/alinazik-tarifi.jpg,940,625,True,https://cdn.yemek.com/mncrop/620/388/uploads/2017/05/alinazik-tarifi.jpg,620,388,True,https://cdn.yemek.com/mncrop/600/315/uploads/2017/05/alinazik-tarifi.jpg,600,315,True,"['tencere', 'bol proteinli']",,,,['Gaziantep'],
1123,3546,Yasemin Özaltın,https://cdn.yemek.com/author/35533/20181219061403_avatar.jpg,/profil/yasemingursurer/,Zeytinyağlıların Kraliçesi: Barbunya,Barbunya,/tarif/barbunya/,30 dk,30 dk,"<p>Barbunya tarifinde sağlık vardır, tazelik çoktur. Zeytinyağlı yemeklerin ilk akla gelenidir o, <a href=""https://yemek.com/tarif/"" target=""_blank"">yemek tariflerinden</a> en fazla tarif defterine eklenenidir, dizi dizi sarmalar yapılacağına önceden hazırlanan uslu uslu dinlendirilen bir tencere barbunya can kurtarandır. Pratiklik, kolaylık denilince akla gelen ilk yemek tariflerinden de biridir aynı zamanda. Hafta başında yapılıp dolaba atılan, sonrasında yemeğim hazır diye gururla bahsedilendir. Karşınızda <a href=""https://yemek.com/tarif/zeytinyaglilar/"" target=""_blank"">zeytinyağlı yemeklerin</a> en güzeli barbunya tarifi!</p>
<p>Özellikle bolca bulunduğu yaz aylarında ayıklanıp dolaba konan, sonrasında da bol bol pişirilen sebzelerin başında geliyor. Yanına pilav ya da farklı zeytinyağlı yemeklerle de şahane oluyor. Şimdiden ellerinize sağlık diyor, hafif, yapımı kolay, tam kıvamında pişen <strong>barbunya yemeği</strong> tarifimize buyur ediyoruz. Afiyetler olsun!</p>
",recipe,"['sıcak su', 'tuz', 'toz şeker', 'sarımsak', 'maydanoz', 'zeytinyağı', 'domates salçası', 'orta boy havuç', 'orta boy kuru soğan', 'orta boy domates', 'büyük boy patates', 'taze barbunya', 'taze sıkılmış limon suyu (arzuya göre)']","['Kabuklarını ayıklayıp bol suda yıkadığınız 1 kilogram barbunyayı üzerini geçecek kadar su ilave edin.', 'Orta ateşte 10 dakika kadar haşlayın.', '1/2 çay bardağı zeytinyağını derin bir tencerede kızdırın.', '1 adet rendelenmiş soğan ve 2 diş ezilmiş sarımsağı katıp hafif bir renk alana kadar soteleyin.', 'Küp doğranmış 1 adet patates ve 2 adet havucu da ekleyin ve\xa0ardından\xa0renk vermesi için 1 tatlı kaşığı domates salçasını\xa0ilave edip\xa0kavumaya devam edin.', ""Haşlanmış barbunyaları da tencereye\xa0 ilave ettikten sonra 2 adet rendelenmiş domates ve 1'er tatlı kaşığı tuz ve toz şeker katıp kısık ateşte pişmeye bırakın."", 'Ocaktan aldığınız barbunyayı kapağı kapalı tencerede oda ısısına gelene kadar dinlendirin.', 'Son olarak servis kabına aktardığınız barbunya yemeğini; incecik kıyılmış maydanoz eşliğinde ılık ya da soğuk olarak\xa0servis edin, afiyet olsun.']",ZEYTİNYAĞLI,239b56,/tarif/zeytinyaglilar/,"['Özel Beslenme', 'Vejetaryen', 'Zeytinyağlı', 'Vegan', 'Video', 'Bakliyat', 'Sulu Yemek', 'Mevsiminde']","['pratik yemek tarifleri', 'ekonomik', 'akşam yemeği', 'öğle yemeği']","['Öğle Yemeği', 'Akşam Yemeği']",['Tencere'],"['Ekonomik', 'Glutensiz', 'Vejetaryen', 'Bol Proteinli', 'Düşük Karbonhidratlı', 'Vegan']",False,1800,1800,2019-05-06T08:04:17Z,4.0,711933,5424,False,True,True,0,,0,,,,2015/10/barbunya-yemekcom.jpg,0,0,https://cdn.yemek.com/mnresize/940/940/uploads/2015/10/barbunya-yemekcom.jpg,940,940,False,https://cdn.yemek.com/mncrop/300/200/uploads/2015/10/barbunya-yemekcom.jpg,300,200,True,https://cdn.yemek.com/mncrop/940/625/uploads/2015/10/barbunya-yemekcom.jpg,940,625,True,https://cdn.yemek.com/mncrop/620/388/uploads/2015/10/barbunya-yemekcom.jpg,620,388,True,https://cdn.yemek.com/mncrop/600/315/uploads/2015/10/barbunya-yemekcom.jpg,600,315,True,"['tencere', 'vejetaryen', 'bol proteinli', 'glutensiz', 'düşük karbonhidratlı', 'düşük kalorili']",,"['Haziran', 'Temmuz']",,,
1124,1120,Yasemin Özaltın,https://cdn.yemek.com/author/35533/20181219061403_avatar.jpg,/profil/yasemingursurer/,Yumuşacık Pişti: Arnavut Ciğeri,Arnavut Ciğeri,/tarif/arnavut-cigeri/,10 dk,20 dk,"<p><a href=""https://yemek.com/tarif/ciger-kavurma/"" target=""_blank"">Ciğerin</a> küçük parçalar halinde kesilip una bulandıktan sonra kızartılmasıyla oluşan bir <a href=""https://yemek.com/tarif/"" target=""_blank"">yemek tarifi</a> Arnavut ciğeri. Arzuya göre sıcak ya da soğuk olarak servis ediliyor, olmazsa olmazı <a href=""https://yemek.com/tarif/sumakli-sogan-salatasi/"" target=""_blank"">sumaklı ve maydanozlu soğan salatası</a>. Kimyonun ciğere yakıştığı bilinen bir gerçek olsa da limon sıkıp yemeği tercih edenler de var.</p>
<p>Kızgın yağda kızartılarak hazırlanan ve belirli püf noktaları bulunan Arnavut ciğeri, iştah açan ve ağız sulandıran bir <a href=""https://yemek.com/sonbahara-uygun-hafif-yemek-tarifleri/"" target=""_blank"">başlangıç</a> ve <a href=""https://yemek.com/pratik-ana-yemek-tarifleri/"" target=""_blank"">ana yemek</a> tarifi. Sizler de bu lezzetin tadına varmak isterseniz buyrun mutfağa! Daha önce böyle güzel bir <a href=""https://yemek.com/tarif/et/"" target=""_blank"">et </a>yemediğinize eminiz. Afiyet olsun!</p>
",recipe,"['tuz', 'tuz', 'un', 'patates', 'sumak', 'kırmızı soğan', 'toz kırmızı biber', 'toz kişniş', 'doğranmış maydanoz', 'karbonat', 'sıvı yağ', 'sıvı yağ', 'ciğer']","['Üzerinde bulunan zarı ayıkladığınız kuzu ciğerini, kuşbaşı büyüklüğünde kesin. Derin bir süzgece aldığınız doğranmış kuzu ciğerlerini kanının süzülmesi için bekletin.', 'Kanını süzdürdüğünüz ciğerleri karbonat ve tuz eklediğiniz una bulayın. Ciğerlerin üzerindeki fazla unu almak için tekrar süzgeçten geçirin.', '<div>Ciğerleri tavadaki ısınmış yağın içerisine koyun. Ciğerler pişmeye başladığında kırmızı toz biber ve toz kişniş ekleyin.\xa0Pişen ciğerlerin fazla yağını süzdürerek bir tabağa aktarın.</div>', 'Ayrı bir tavada kızdırdığınız yağda küp küp doğradığınız patatesleri kızartın ve ciğerlerin olduğu kaseye ekleyin.', 'Piyazlık doğradığınız kırmızı soğanları, 1 çay kaşığı tuz ile ovarak öldürün.\xa0Üzerine sumak ve doğranmış maydanozu da ekledikten sonra güzelce karıştırın ve ciğerlerin olduğu kaseye ekleyip diğer malzemelerle birlikte güzelce harmanlayın.', 'Ciğeri servis edeceğiniz tabağa alıp, sevdiklerinizle afiyetle tüketin!']",ET,239b56,/tarif/et/,"['Et', 'Video', 'Yöresel Tarifler']","['akşam yemeği', 'öğle yemeği']","['Öğle Yemeği', 'Akşam Yemeği']","['Kızartma', 'Ocak']",['Bol Proteinli'],False,600,1200,2021-11-17T07:46:50Z,4.0,711587,3831,False,True,True,0,,0,,,,2021/06/arnavut-cigeri-yemekcom.jpg,0,0,https://cdn.yemek.com/mnresize/940/940/uploads/2021/06/arnavut-cigeri-yemekcom.jpg,940,940,False,https://cdn.yemek.com/mncrop/300/200/uploads/2021/06/arnavut-cigeri-yemekcom.jpg,300,200,True,https://cdn.yemek.com/mncrop/940/625/uploads/2021/06/arnavut-cigeri-yemekcom.jpg,940,625,True,https://cdn.yemek.com/mncrop/620/388/uploads/2021/06/arnavut-cigeri-yemekcom.jpg,620,388,True,https://cdn.yemek.com/mncrop/600/315/uploads/2021/06/arnavut-cigeri-yemekcom.jpg,600,315,True,"['bol proteinli', 'kızartma']",,,,['Edirne'],
1125,246,Yasemin Özaltın,https://cdn.yemek.com/author/35533/20181219061403_avatar.jpg,/profil/yasemingursurer/,Dışarıda Yedikleriniz Gibi: Terbiyeli İşkembe Çorbası,Terbiyeli İşkembe Çorbası,/tarif/iskembe-corbasi/,1 sa,30 dk,"<p>Mide rahatlatıcı etkisiyle öne çıkan çorbaların başında gelen işkembe çorbası, aynı zamanda oldukça çok besleyici bir <a href=""https://yemek.com/tarif/"" target=""_blank"">yemek tarifi</a>.</p>
<p>Terbiyeli işkembe çorbası tarifini temizlenmiş bir işkembe edindikten sonra kolayca evde hazırlayabilir, sevdiklerinizle paylaşabilirsiniz.</p>
<p><b>Not:</b> ""İşkembe tamam da ben daha fazla çorba çeşidi de görmek istiyorum"" diyenleri tüm çorba tariflerimizin olduğu çorba kategorimize doğru alalım: <a href=""https://yemek.com/tarif/corba/"" target=""_blank"">Çorba Tarifleri</a>!</p>
",recipe,"['kuru soğan', 'tereyağı', 'tuz', 'limon suyu', 'limon suyu', 'un', 'un', 'sarımsak', 'sarımsak', 'su', 'yoğurt', 'yumurta sarısı', 'sirke', 'işkembe']","['İyi temizlenmiş\xa01 kilogram işkembenin üzerini geçecek kadar su ilave edip, işkembeler yumuşayana kadar yaklaşık 40 dakika haşlayın.', 'İşkembe haşlandıktan sonra bir kevgir yardımıyla kaseye aktarın.', 'Ayrı bir tavada 3 yemek kaşığı tereyağını eritip üzerine 3 yemek kaşığı unu ileve edin ve\xa0unun kokusu çıkana kadar kavurun.', 'Süzdüğünüz ve ılınmış olan haşlama suyundan\xa0tavaya\xa0azar azar ekleyin. Unun topaklanmaması için; bir çırpıcı yardımıyla hızlıca karıştırın.', 'Bu karışımı işkembeleri haşladığınız tencerenin içerisine sürekli olarak karıştırarak yavaş yavaş yedirin.', 'Çorbanın terbiyesini hazırlamak için; 4 yemek kaşığı yoğurt, 2 yemek kaşığı un, 1 çay kaşığı tuz, 1 adet yumurta sarısı ve yarım limon suyunu ayr bir kapta çırpın.', 'Terbiye karışımını kaynamakta olan haşlama suyu ile ılıştırdıktan\xa0sonra çorba tenceresine azar azar ekleyin ve hızlıca karıştırın.', 'Son olarak; haşlanan işkembeyi çorbaya ilave edin ve kısık ateşte, 15 dakika kadar kaynatarak pişirin.', 'Sarımsakları rendeledikten sonra sirke ile karıştırın. Servis kaselerine aldığınız çorbayı, sarımsaklı sirke ilavesiyle sıcak olarak servis edin. Afiyet olsun!']",ÇORBA,,/tarif/corba/,"['Çorba', 'Ramazan', 'Video']","['ekonomik', 'akşam yemeği']","['Başlangıç', 'Akşam Yemeği']","['Tencere', 'Ocak']",,False,3600,1800,2014-07-04T06:45:05Z,4.0,693816,763,False,True,True,0,,0,,,,2014/07/iskembe-corbasi-yemekcom.jpg,0,0,https://cdn.yemek.com/mnresize/940/940/uploads/2014/07/iskembe-corbasi-yemekcom.jpg,940,940,False,https://cdn.yemek.com/mncrop/300/200/uploads/2014/07/iskembe-corbasi-yemekcom.jpg,300,200,True,https://cdn.yemek.com/mncrop/940/625/uploads/2014/07/iskembe-corbasi-yemekcom.jpg,940,625,True,https://cdn.yemek.com/mncrop/620/388/uploads/2014/07/iskembe-corbasi-yemekcom.jpg,620,388,True,https://cdn.yemek.com/mncrop/600/315/uploads/2014/07/iskembe-corbasi-yemekcom.jpg,600,315,True,"['tencere', 'bol proteinli']",greenLight,,,,
1126,160,Cemre Özgüzel,https://cdn.yemek.com/author/109/20200211010242_avatar.jpg,/profil/cemre-ozguzel/,Kolay ve Ekonomik: Makarna Salatası,Makarna Salatası,/tarif/makarna-salatasi/,12 dk,15 dk,"<p>Evde kalmış makarnayla bile hazırlanabilecek, lezzetli ama bir o kadar da kolay bir tarif <a href=""https://www.yemek.com/kategori/tarif/makarna/"" target=""_blank"">makarna</a> salatası tarifimiz var. Makarnanın ağız sulandıran hali de diyebiliriz kendisine. Arzuya göre; doğranmış salam, sosis vb. malzemeler ekleyerek tarifi daha da zenginleştirebilirsiniz.</p>
<p>En kolay ve en nefis makarna salatasını siz yapın diye biz tadı damaklarda kalan yoğurtlu, mayonezli, garnitürlü bir <a href=""https://yemek.com/tarif/tavuklu-makarna-salatasi/"" target=""_blank"">makarna salatası</a> tarifi hazırladık sizin için.</p>
<p>Ekonomik bir tarif olması nedeniyle gerek öğrenci evlerinde, gerekse evde hemen her zaman bulabileceğiniz malzemelerle kolayca yapılabilir. Üstelik <a href=""https://yemek.com/tarif/sebze/"" target=""_blank"">sebze</a> yemek istemeyen çocuklarınızın makarna <a href=""https://yemek.com/tarif/salata/"" target=""_blank"">salata</a>sı tarifimizdeki garnitürler yardımıyla bu besinleri almalarını sağlayabilirsiniz. <a href=""https://yemek.com/cay-saati-menuleri/"" target=""_blank"">Çay saati</a> günlerine de çok yakışır. Şimdiden afiyet olsun!</p>
",recipe,"['nane', 'tuz', 'yoğurt', 'zeytinyağı', 'mayonez', 'süzme yoğurt', 'konserve haşlanmış garnitür', 'kornişon turşu', 'dereotu', 'burgu makarna']","['Burgu makarnayı kaynar suda 10- 12 dakika kadar haşlayın. Suyunu süzün ve soğuması için bir kenarda bekletin.', 'Salatanın sosunu hazırlamak için; yoğurt, süzme yoğurt, mayonezi bir kapta karıştırın.', 'Haşlanan makarnayı bu sosun içerisine ilave edin.', 'Ardından bir avuç doğranmış dereotunu, doğranmış salatalık turşusunu ve konserve garnitürü salata kasesine azar azar aktarın.', 'Tüm malzemeleri birbirine karışacak şekilde harmanlayın.', 'Sonrasında bekletmeden servis edin. Sevdiklerinizle paylaşın. Afiyetler olsun!']",SALATA,239b56,/tarif/salata/,"['Makarna', 'Salata', 'Video']","['ekonomik', 'akşam yemeği', 'öğle yemeği']","['Öğle Yemeği', 'Akşam Yemeği']",['Tencere'],,False,720,900,2019-03-12T13:16:42Z,4.0,681116,5066,False,True,True,0,,0,,,,2014/06/makarna-salatasi-yemekcom.jpg,0,0,https://cdn.yemek.com/mnresize/940/940/uploads/2014/06/makarna-salatasi-yemekcom.jpg,940,940,False,https://cdn.yemek.com/mncrop/300/200/uploads/2014/06/makarna-salatasi-yemekcom.jpg,300,200,True,https://cdn.yemek.com/mncrop/940/625/uploads/2014/06/makarna-salatasi-yemekcom.jpg,940,625,True,https://cdn.yemek.com/mncrop/620/388/uploads/2014/06/makarna-salatasi-yemekcom.jpg,620,388,True,https://cdn.yemek.com/mncrop/600/315/uploads/2014/06/makarna-salatasi-yemekcom.jpg,600,315,True,"['tencere', 'vejetaryen']",,,,,
1127,25877,Yasemin Özaltın,https://cdn.yemek.com/author/35533/20181219061403_avatar.jpg,/profil/yasemingursurer/,Tüm Püf Noktalarıyla: Sultan Sarması,Sultan Sarması,/tarif/sultan-sarmasi/,20 dk,20 dk,"<p>Yapımı oldukça kolay olan sultan sarması, <a href=""https://yemek.com/tarif/sutlu-tatlilar/"" target=""_blank"" rel=""noopener"">sütlü tatlı</a> sevenlerin bayılarak tüketeceği bir <a href=""https://yemek.com/tarif/"" target=""_blank"" rel=""noopener"">tarif</a>. Ev yapımı kakaolu <a href=""https://yemek.com/tarif/muhallebi/"" target=""_blank"" rel=""noopener"">muhallebi</a> ile Hindistan cevizinin bir araya gelmesiyle oluşan bu tarifin tadı oldukça hafif ve kesinlikle yedikçe yiyesiniz geliyor. Rulo haline getirilen tatlının üzerine dilerseniz Antep fıstığı ekleyebilir, ya da çikolata sosu ile ekstra çikolatalı bir lezzet elde edebilirsiniz.</p>
<p>Bu tarif çok kolay bir <a href=""https://yemek.com/tarif/tatli/"" target=""_blank"" rel=""noopener"">tatlı</a> tarifi. Örneğin krem şanti eklediğiniz noktada içerisine <strong>fındık, ceviz veya damla çikolata</strong> ile lezzetlendirebilirsiniz. Bu tarif oldukça pratik olmasına rağmen dikkat edilmesi gereken birkaç nokta var. Bu aşamada ""sultan sarması neden çatlar?"" sorusu akıllara gelebilir. Tepsiye yaydığınız <strong>sultan sarması tatlısı</strong>nın muhallebisini mutlaka bir gece bekletmeniz gerekiyor. Aksi takdirde rulo haline getirirken dağılmalar meydana gelebilir. Afiyet olsun!</p>",recipe,"['toz şeker', 'süt', 'un', 'kakao', 'krem şanti', 'vanilin', 'tereyağ', 'Hindistan cevizi']","['<p>Sultan sarması için bir tencerede un, toz şeker ve kakaoyu karıştırıp, üzerine yavaşça süt ilave edip sürekli karıştırarak orta ateşte pişirin.</p>', '<p>Koyulaşmaya ve baloncuk çıkarmaya başlayan muhallebinin içerisine tereyağı ekleyin ve tekrar karıştırın.</p>', '<p>Koyulaşan ve pişen muhallebiyi ocaktan alamadan önce vanilini ekleyip karıştırın ve ocaktan alın.</p>', '<p>Fırın tepsisine Hindistan cevizini yayın.</p>', '<p>Muhallebiyi, Hindistan cevizinin üzerine dikkatlice yayın. Bir\xa0gün boyunca buzdolabında bekletin.</p>', '<p>Bir gün bekleyen muhallebiyi 8 eşit dikdörtgen olacak şekilde kesin ve krem şantiyi tüm yüzeye yayın.</p>', '<p>Bir spatula yardımıyla dikdörtgen parçaları yavaşça rulo haline getirin. Üzerine, arzuya göre Antep fıstığı serpiştirerek servis edin.</p>']",SÜTLÜ TATLI,239b56,/tarif/sutlu-tatlilar/,"['Tatlı', 'Ramazan', 'Sütlü Tatlı', 'Video']",,['Çay Saati'],['Tencere'],"['Ekonomik', 'Vejetaryen']",False,1200,1200,2022-04-13T09:23:19Z,4.0,668305,5690,False,True,True,0,,0,,,,2017/11/sultan-sarmasi.jpg,0,0,https://cdn.yemek.com/mnresize/940/940/uploads/2017/11/sultan-sarmasi.jpg,940,940,False,https://cdn.yemek.com/mncrop/300/200/uploads/2017/11/sultan-sarmasi.jpg,300,200,True,https://cdn.yemek.com/mncrop/940/625/uploads/2017/11/sultan-sarmasi.jpg,940,625,True,https://cdn.yemek.com/mncrop/620/388/uploads/2017/11/sultan-sarmasi.jpg,620,388,True,https://cdn.yemek.com/mncrop/600/315/uploads/2017/11/sultan-sarmasi.jpg,600,315,True,,,,,,
1128,877,Yasemin Özaltın,https://cdn.yemek.com/author/35533/20181219061403_avatar.jpg,/profil/yasemingursurer/,Dışarıdakilerden Çok Daha Nefis: Profiterol,Profiterol,/tarif/profiterol/,40 dk,30 dk,"<p>Çikolata tutkunlarını mutlu edecek nefis bir <a href=""https://yemek.com/tarif/tatli"" target=""_blank"">tatlı</a> olan profiterolu bu tarifle yapmak çok kolay!</p>
<p><strong>Pataşu</strong> ya da <a href=""https://yemek.com/tarif/su-hamuru/"" target=""_blank"">şu hamuru</a> olarak da bilinen, hamurları fırında puf gibi kabartıp içlerini dolduracak kremayı sabırsızlıkla beklerken, bir yandan bitter çikolatalı sosunu hazırlıyoruz. Kaşık kaşık yemek isteyeceğiniz profiterol tarifini; ince çekilmiş fındık, fıstık, ceviz içi ve muz gibi meyve dilimleriyle süsleyip daha da lezzetli hale getirebilirsiniz. Pastanelerde yemeye alışkın olduğunuz bu enfes tatlıyı evinize taşıyarak nefis mi nefis bir profiterol tarifi hazırlıyoruz. Üstelik bu <a href=""https://yemek.com/tarif/"" target=""_blank"">yemek tarifinin</a> yapımı da sandığınız kadar zor değil.</p>
<p>Kökeninin <strong>Fransız mutfağı</strong> olan profiterol, yapımı biraz zahmetli gibi görünse de sevdiklerinizi ve kendinizi ödüllendirmenin çok iyi bir yolu. <strong>Profiterol hamuru</strong>nu da profiterol kremasını da tarifimizde anlatacağımız resimli adımlarla bir bir uyguladığınızda nefis sonuçlar elde edeceğinize eminiz. Şimdiden ellerinize sağlık diyor ve sizi kolay profiterol tatlısı tarifimize buyur ediyoruz.</p>
",recipe,"['yumurta', 'yumurta', 'toz şeker', 'süt', 'un', 'un', 'su', 'krema', 'margarin', 'bitter çikolata', 'vanilin']","['Kremasını hazırlamak için; bir sos tenceresine süt, toz şeker, un ve yumurtayı ekleyip orta ateşte koyu bir kıvam alana kadar sürekli olarak karıştırın.', 'Koyulaşan kremaya vanilin ilave edip karıştırın, ocaktan alın ve oda sıcaklığına geldikten sonra sıkma poşetine doldurup, en az 1 saat buzdolabında bekletin.', 'Profiterol hamuru için; öncelikle fırını 180 dereceye ayarlayın. Derin bir sos tenceresine su ve margarini alıp karıştırarak kaynatın.', 'Üzerine unu ekleyip sürekli olarak karıştırarak dibine hamur yapışmaya başlayana kadar, yaklaşık 4-5 dakika pişirin. Dibi yapışmaya başlayan hamuru bir kaseye alın ve 15 dakika oda sıcaklığında soğutun.', 'Soğumuş olan hamurun üzerine her bir yumurtayı teker teker ekleyin ve her seferinde yumurtaları güzelce yedirerek yapışkan bir hamur elde edin. Bu hamuru varsa sıkma poşetine alın, daha kolay şekil vermek için yaklaşık 15 dakika daha dinlendirin.', 'Bekleyen hamurdan pişirme kağıdı serili fırın tepsisine aralarında biraz boşluk olacak şekilde ceviz büyüklüğünde toplar sıkın ya da kaşık yardımıyla dökün. Parmağınızın ucunu ıslatıp hamurların üzerindeki çıkıntıları düzeltin ve fırına alıp, piştiği süre boyunca kapağını hiç açmadan; yaklaşık 40 dakika pişirin.', 'Pişen profiteroller oda sıcaklığına geldikten sonra alt kısmından bıçakla delik açın ve hazırladığınız kremayı içine sıkın. Bunun yerine arasını kesip krema da doldurabilirsiniz.', 'Çikolata sosu için; küçük parçalara ayırdığınız bitter çikolatayı benmari usulü eritin. Üzerine krema ilave edip güzelce karıştırın. Hazırladığınız çikolata sosunu profiterollerin üzerine dökün.', 'Son olarak file Antep fıstığı gezdirip servis edin. Afiyet olsun!']",ÇİKOLATALI TATLI,239b56,/tarif/cikolatali-tatlilar/,"['Tatlı', 'Video', 'Dünya Mutfakları', 'Çikolatalı Tatlı']",['çay saati'],['Çay Saati'],['Fırın'],,False,2400,1800,2022-04-01T14:20:22Z,4.0,756116,6377,False,True,True,0,,0,,,,2014/11/profiterol-yemekcom2.jpg,0,0,https://cdn.yemek.com/mnresize/940/940/uploads/2014/11/profiterol-yemekcom2.jpg,940,940,False,https://cdn.yemek.com/mncrop/300/200/uploads/2014/11/profiterol-yemekcom2.jpg,300,200,True,https://cdn.yemek.com/mncrop/940/625/uploads/2014/11/profiterol-yemekcom2.jpg,940,625,True,https://cdn.yemek.com/mncrop/620/388/uploads/2014/11/profiterol-yemekcom2.jpg,620,388,True,https://cdn.yemek.com/mncrop/600/315/uploads/2014/11/profiterol-yemekcom2.jpg,600,315,True,,,,['Fransa'],,
1129,303,Ayşegül Uslu,https://cdn.yemek.com/author/409098/20230915055430_avatar.jpg,/profil/aysegulu/,Yağ Çekmez: Pişi,Pişi,/tarif/pisi/,15 dk,20 dk,"<p>Anadolu'nun pek çok noktasında kolaç, lokma, keçi ayağı, <a href=""https://yemek.com/tarif/hamur-kizartmasi/"" target=""_blank"">hamur kızartması</a> gibi isimlerle bilinen pişi, ailecek yapılan zengin sabah kahvaltıları için başarılı bir alternatif. Son yıllarda birçok kahvaltı mekanında da görebileceğiniz pişiyi evde de kolayca yapabilirsiniz. Üstelik kendisi sadece kahvaltılık olmakla kalmaz, yeri geldiğinde en lezzetli öğle yemeğine de, ara öğüne de dönüşebilir, <a href=""https://yemek.com/tarif/"" target=""_blank"">yemek tarifleri</a> içinde tam bir kurtarıcı olmasıyla bilinir.</p>
<p>Mayalı hamurla ne yapılır diyenlerin yardımına koşan bu pişiyi biz mayalayarak yaptık. Ama siz bekleme derdi olmasın, pratik olsun istiyorsanız şu <a href=""https://yemek.com/tarif/mayasiz-kolay-pisi/"" target=""_blank"">mayasız pişi</a> tarifimize de bakabilirsiniz. Hatta ve hatta <strong>karbonatlı pişi</strong> tarifimize <a href=""https://yemek.com/tarif/karbonatli-pisi/"" target=""_blank"">şuradan</a> ulaşabilir, farklı pişi çeşitleri içinse <a href=""https://yemek.com/pisi-tarifleri/"" target=""_blank"">şu içeriğimizden</a> yararlanabilirsiniz.</p>
<p>Peynir, zeytin, domates gibi <a href=""https://yemek.com/tarif/kahvaltiliklar/"" target=""_blank"">kahvaltılıklar</a>la da afiyet olur; reçel ya da çikolata ile nefis olur. Biz özellikle <a href=""https://yemek.com/tarif/incir-receli"" target=""_blank"">ev yapımı nefis incir reçeli</a> ile öneriyoruz.</p>
<p>Nefis <strong>pişi tarifi</strong>mizin videolu ve adım adım resimli anlatımı hemen aşağıda. Buyursunlar!</p>
",recipe,"['tuz', 'toz şeker', 'ayçiçek yağı', 'un', 'ılık su', 'yaş maya']","['Pişi tarifi için önce ılık su içerisinde 1 yemek kaşığı toz şeker ve 1/2 paket yaş mayayı çözdürün.', 'Karıştırdıktan sonra 10 dakika kadar dinlenmeye bırakın.', 'Dinlenen karışıma 3 su bardağı un\xa0ve tuzu harmanlayarak ekleyin ve karıştırmaya devam edin.', 'Kalan unu da azar azar ilave ederek bir yandan da yoğurmaya başlayın.', 'Hamuru 5-10 dakika kadar yoğurun.', 'Hamurun üzerini örtüp oda ısısında bir saat kadar mayalayın.', 'Mayalanan hamuru tezgaha alın ve ceviz büyüklüğünde parçalar koparıp yuvarlayın. Üzerilerine un serptikten sonra elinizle hafifçe bastırarak düzleştirin.', 'Tezgahta 10 dakika daha mayalandırdıktan sonra bir şişe kapağıyla\xa0ortalarına delikler açın. Bu sayede pişileriniz daha güzel kabaracaktır.', 'Geniş ve derin bir tavada sıvı yağı kızdırın. Pişileri yavaş yavaş yağa atarak arkalı önlü kızartın. Pişenleri\xa0fazla yağını bırakması için bir iki dakika havlu peçete üzerinde dinlendirin.', 'Pişi tarifi hazır. Afiyet olsun.']",KAHVALTILIK,239b56,/tarif/kahvaltiliklar/,"['Hamur İşi', 'Kahvaltılık', 'Çörek']","['ekonomik', 'kahvaltı', 'çay saati']","['Başlangıç', 'Kahvaltı', 'Çay Saati']",['Kızartma'],['Vejetaryen'],False,900,1200,2022-03-18T13:50:52Z,4.0,752213,4360,False,True,True,0,,0,,,,2019/05/pisi-asama-18.jpg,0,0,https://cdn.yemek.com/mnresize/940/940/uploads/2019/05/pisi-asama-18.jpg,940,940,False,https://cdn.yemek.com/mncrop/300/200/uploads/2019/05/pisi-asama-18.jpg,300,200,True,https://cdn.yemek.com/mncrop/940/625/uploads/2019/05/pisi-asama-18.jpg,940,625,True,https://cdn.yemek.com/mncrop/620/388/uploads/2019/05/pisi-asama-18.jpg,620,388,True,https://cdn.yemek.com/mncrop/600/315/uploads/2019/05/pisi-asama-18.jpg,600,315,True,,,,,,
1130,1793,Ayşegül Uslu,https://cdn.yemek.com/author/409098/20230915055430_avatar.jpg,/profil/aysegulu/,Tüm Sırlarıyla: Kazandibi,Kazandibi,/tarif/kazandibi/,35 dk,15 dk,"<p>İçinde haşlanmış ve çok çok ince dizilmiş <a href=""https://yemek.com/tarif/tavuk/"" target=""_blank"">tavuk</a> eti katılan versiyonlarının da olduğu esmer <a href=""https://yemek.com/tarif/sutlu-tatlilar/"" target=""_blank"">sütlü tatlı</a> kazandibini pratik bir şekilde hazırlamaya ve afiyetle yemeye var mısınız? Tavuk göğsüne kazandibi tarifinde yer vermedik çünkü, onun gerçek bir <a href=""https://yemek.com/tarif/tavuk-gogsu/"" target=""_blank"">tavuk göğsü tatlısı</a>na daha çok yakıştığını düşünmekteyiz.</p>
<p>Şimdi sizi şöyle mutfağa doğru alalım ve tatlıcılarda yemeye alıştığınız kazandibini evde nasıl <a href=""https://yemek.com/tarif/tatli/"" target=""_blank"">tatlı</a> tatlı, lezzetli lezzetli yapabileceğinizi anlatalım.</p>
",recipe,"['tereyağı', 'toz şeker', 'süt', 'vanilya', 'pudra şekeri', 'buğday nişastası', 'pirinç unu']","['Sübyesi için; bir kasede\xa02 su bardağı sütü,\xa0yarım bardak toz şekeri, buğday nişastasını ve pirinç unu karıştırın. Topak kalmayana kadar çırpıcı yardımıyla çırpın.', 'Geniş bir tencereye kalan 5 su bardağı sütü ve 1 su bardağı şekeri ilave edin. Bir taşım kaynatın. Kaynayan süte yavaş yavaş sübyeyi ilave ederek sürekli karıştırın. Ocağı kısık ateşe getirerek, sürekli karıştırarak muhallebi kıvamına gelene kadar pişirin.', 'Muhallebi koyulaşıp göz göz olduğunda ocaktan alın ve vanilyayı ilave edip tekrar karıştırın. Oda sıcaklığında soğumaya bırakın.', 'Köşeli bir borcamı tereyağıyla yağlayın ve üzerine eşit olacak şekilde pudra şekerini eleyin.', 'Tepsiyi ocak üzerinde çevire çevire karışımı yakın. Tüm şeker eriyip karamelize olunca, tepsinin dibine muhallebiden ince bir kat sürün ve bir tur da muhallebiyle birlikte yakın.', 'Yakma işlemi bittiğinde kalan muhallebiyi de tepsiye dökün. Üzerini bir spatula yardımıyla düzeltin.', 'Buzdolabına kaldırıp kıvam alması için soğuttuğunuz tatlıyı, ince uzun dilimlere ayırın\xa0ve spatula yardımıyla kıvırarak rulo şeklinde sarın.\xa0Ev yapımı mis kokulu kazandibiniz hazır, afiyet olsun!']",SÜTLÜ TATLI,239b56,/tarif/sutlu-tatlilar/,"['Tatlı', 'Ramazan', 'Sütlü Tatlı', 'Video']","['ekonomik', 'ara öğün']",['Çay Saati'],['Tencere'],['Ekonomik'],False,2100,900,2021-08-17T07:30:14Z,4.0,750751,3376,False,True,True,0,,0,,,,2021/08/kazandibi-yemekcom.jpg,0,0,https://cdn.yemek.com/mnresize/940/940/uploads/2021/08/kazandibi-yemekcom.jpg,940,940,False,https://cdn.yemek.com/mncrop/300/200/uploads/2021/08/kazandibi-yemekcom.jpg,300,200,True,https://cdn.yemek.com/mncrop/940/625/uploads/2021/08/kazandibi-yemekcom.jpg,940,625,True,https://cdn.yemek.com/mncrop/620/388/uploads/2021/08/kazandibi-yemekcom.jpg,620,388,True,https://cdn.yemek.com/mncrop/600/315/uploads/2021/08/kazandibi-yemekcom.jpg,600,315,True,"['vejetaryen', 'glutensiz']",,,,,
1131,3475,Yasemin Özaltın,https://cdn.yemek.com/author/35533/20181219061403_avatar.jpg,/profil/yasemingursurer/,Püf Noktalarıyla: Zeytinyağlı Biber Dolması,Zeytinyağlı Biber Dolması,/tarif/zeytinyagli-biber-dolmasi/,45 dk,30 dk,"<p>Zeytinyağlı kontenjanının öne çıkan yemeği, kalabalık sofraların vazgeçilmez <a href=""https://yemek.com/tarif/"" target=""_blank"">yemek tariflerindendir</a> zeytinyağlı biber dolması. Püf noktalarından biri lezzetin doruk noktasına ulaşması için bol bol kuru soğan kullanmaktır. Pirinçlerin hafif diri kalacak şekilde kavrulması, hazırlanan dolmaların kısık ateşte pişirilmesi esastır. Arzuya göre kuş üzümlü, dolmalık fıstıklı ve tarçınlı olabilen iç harç bol soğanlı sade ya da rendelenmiş domates ilavesiyle de hazırlanabilir.</p>
<p><a href=""https://yemek.com/tarif/biber-dolmasi/"" target=""_blank"">Etli biber dolması</a> alınmasın ancak zeytinyağlı hali ılık ya da soğuk olarak sofraları süsleyebildiği için daha sevilir. <a href=""https://yemek.com/tarif/vejetaryen/"" target=""_blank"">Vejetaryen</a> beslenenler için lezzetli bir öğün, pilav çeşitlerine alternatif olabilecek en iddialı seçeneklerden bir tanesidir.</p>
<p>Çocukluğumuzda sadece içindeki <a href=""https://yemek.com/tarif/pilav/"" target=""_blank"">pilav</a>ı yemek için annemizle kavga ettiğimiz hala bazılarımızın bu sebeple biberini yiyemediği, dondurma kutularından en çok fırlayan yemektir biber dolması. Ama sevin ya da sevmeyin <strong>Türk mutfağının en simge yemeklerinden</strong> biridir biber dolması. Üzerine yoğurdun döküldüğü anda iştahı kabarmayan insan yoktur aslında.</p>
<p>Lafı çok uzattık, gerisi sizin akşam yemeğiniz olsun.</p>
",recipe,"['pirinç', 'kuru soğan', 'sıcak su', 'nane', 'tuz', 'toz şeker', 'zeytinyağı', 'karabiber', 'kuş üzümü', 'dolmalık fıstık', 'yenibahar', 'orta boy dolmalık biber', 'orta boy domates (üzerlerini kapatmak için)']","['Zeytinyağlı biber dolması için yarım su bardağı zeytinyağını geniş bir pilav tenceresine alın ve 2 adet yemeklik doğranmış kuru soğan ile birlikte pembeleşinceye kadar kavurun.', '2 yemek kaşığı dolmalık fıstığı da ekleyip renk alana kadar kavurmaya devam edin.', 'Dolmalık fıstıklar renk aldıktan sonra 1,5 su bardağı yıkanmış pirinci ekleyin ve 2-3 dakika kadar kavurun.', '1 yemek kaşığı kuş üzümü, 1 tatlı kaşığı tuz, yarım çay kaşığı karabiber,\xa0yarım çay kaşığı yenibahar, yarım tatlı kaşığı toz şeker ve 1 tatlı kaşığı naneyi de ekledikten sonra son kez karıştırın.', '2 su bardağı sıcak suyu ekleyip, pirinçler diri kalacak şekilde 7-8 dakika kadar pişirin ve ocaktan alın.', 'Hazırladığınız dolma harcını, üst kapağını ve iç kısmını çıkardığınız yaklaşık 10- 15 adet dolmalık biberin içerisine doldurun. Ağız kısımlarında şişme ve pişme payı bırakmaya özen gösterin.', 'Hazırladığınız dolmaları\xa0tencereye dik bir şekilde dizin.', 'Biberlerin üst kısımlarını ikiye bölünmüş cherry domates ile kapatın.', 'Tencerenin yarısına kadar su doldurun ve üzerlerine zeytinyağı gezdirip kapağını kapatın.', 'Dolmaları,\xa0 kısık ateşte pişirme suyu bitip pirinçler\xa0şişene kadar yaklaşık 30-35 dakika pişirin. Ilık ya da soğuk olarak servis edin. Afiyet olsun!']",ZEYTİNYAĞLI,239b56,/tarif/zeytinyaglilar/,"['Sebze', 'Özel Beslenme', 'Vejetaryen', 'Ramazan', 'Zeytinyağlı', 'Vegan', 'Video', 'Mevsiminde']",,"['Öğle Yemeği', 'Akşam Yemeği']",['Tencere'],"['Ekonomik', 'Vejetaryen', 'Vegan']",False,2700,1800,2022-08-24T11:40:42Z,4.0,750144,4840,False,True,True,0,,0,,,,2015/09/zeytinyagli-biber-dolmasi-yemekcom.jpg,0,0,https://cdn.yemek.com/mnresize/940/940/uploads/2015/09/zeytinyagli-biber-dolmasi-yemekcom.jpg,940,940,False,https://cdn.yemek.com/mncrop/300/200/uploads/2015/09/zeytinyagli-biber-dolmasi-yemekcom.jpg,300,200,True,https://cdn.yemek.com/mncrop/940/625/uploads/2015/09/zeytinyagli-biber-dolmasi-yemekcom.jpg,940,625,True,https://cdn.yemek.com/mncrop/620/388/uploads/2015/09/zeytinyagli-biber-dolmasi-yemekcom.jpg,620,388,True,https://cdn.yemek.com/mncrop/600/315/uploads/2015/09/zeytinyagli-biber-dolmasi-yemekcom.jpg,600,315,True,,,['Ağustos'],,,
1132,2845,Yasemin Özaltın,https://cdn.yemek.com/author/35533/20181219061403_avatar.jpg,/profil/yasemingursurer/,Çok Hafif: Kabak Yemeği,Kabak Yemeği,/tarif/kabak-yemegi/,35 dk,20 dk,"<p>Hafif yaz yemeklerinin baş tacıdır kabak <a href=""https://yemek.com/tarif/"" target=""_blank"" rel=""noopener"">yemeği</a>. Arzuya göre pirinç ilavesiyle pişirilir.<strong> Zeytinyağlı kabak yemeğine kuru nane oldukça yakışır</strong>. <a href=""https://yemek.com/tarif/mevsiminde/"" target=""_blank"" rel=""noopener"">Mevsiminde</a> sulu ve kokulu domateslerle asıl lezzetini bulur, olmadı salçadan destek alır. İncecik kıyılmış dereotu ve yoğurt eşliğinde servise hazırlanır.</p>
<p>Tabak tabak yemek isteyeceğiniz kalorisi düşük bir <a href=""https://yemek.com/tarif/zeytinyaglilar/"" target=""_blank"" rel=""noopener"">zeytinyağlı</a> olan pirinçli kabak yemeği dereotuyla süslendikten sonra sofralardaki yerini alıyor. <a href=""https://yemek.com/tarif/diyet/"" target=""_blank"" rel=""noopener"">Az kalorili</a> zeytinyağlı kabak yemeğinin yapılışını adım adım resimli ve videolu olarak aşağıya bırakıyoruz. Afiyet olsun!</p>",recipe,"['pirinç', 'sıcak su', 'tuz', 'sarımsak', 'zeytinyağı', 'karabiber', 'domates salçası', 'dereotu', 'orta boy kabak', 'orta boy kuru soğan', 'büyük boy domates']","['<p>Kabak yemeği için 4 yemek kaşığı zeytinyağını tencerede kızdırın ve üzerine 1 adet yemeklik doğranmış soğanları ekleyin ve pembeleşinceye kadar kavurun.</p>', '<p>3 diş doğranmış sarımsak ve yarım tatlı kaşığı domates salçasını ekleyin ve kokusu çıkana kadar kavurun.</p>', '<p>1 adet büyük boy soyulmuş ve küp soğranmış domatesleri ekleyin ve kavurmaya devam edin.</p>', ""<p>5 adet doğranmış orta boy kabak, 1'er çay kaşığı tuz ve karabiber, 2 yemek kaşığı yıkanmış pirinci ve 2 su bardağı sıcak suyu ekleyip orta ateşte pişmeye bırakın.</p>"", '<p>Piştikten sonra 1 avuç doğranmış dereotu ekleyip karıştırın.</p>', '<p>Sıcak olarak servis edin afiyet olsun.</p>']",ZEYTİNYAĞLI,239b56,/tarif/zeytinyaglilar/,"['Sebze', 'Özel Beslenme', 'Vejetaryen', 'Diyet', 'Ramazan', 'Zeytinyağlı', 'Vegan', 'Video', 'Sulu Yemek', 'Mevsiminde']",,"['Öğle Yemeği', 'Akşam Yemeği']",['Tencere'],"['Ekonomik', 'Vejetaryen', 'Düşük Kalorili', 'Düşük Karbonhidratlı', 'Vegan']",False,2100,1200,2015-06-22T15:21:32Z,4.0,749045,8445,False,True,True,0,,0,,,,2015/06/kabak-yemegi-yemekcom.jpg,0,0,https://cdn.yemek.com/mnresize/940/940/uploads/2015/06/kabak-yemegi-yemekcom.jpg,940,940,False,https://cdn.yemek.com/mncrop/300/200/uploads/2015/06/kabak-yemegi-yemekcom.jpg,300,200,True,https://cdn.yemek.com/mncrop/940/625/uploads/2015/06/kabak-yemegi-yemekcom.jpg,940,625,True,https://cdn.yemek.com/mncrop/620/388/uploads/2015/06/kabak-yemegi-yemekcom.jpg,620,388,True,https://cdn.yemek.com/mncrop/600/315/uploads/2015/06/kabak-yemegi-yemekcom.jpg,600,315,True,,,"['Haziran', 'Temmuz', 'Ağustos']",,,['Ana Yemek']
1133,17117,Yasemin Özaltın,https://cdn.yemek.com/author/35533/20181219061403_avatar.jpg,/profil/yasemingursurer/,Yumuşacık Etler: Alinazik,Alinazik,/tarif/alinazik/,15 dk,15 dk,"<p>Alinazik tarifine, <a href=""https://yemek.com/tarif/"" target=""_blank"">yemeğin</a> en az kendisi kadar nefis hikayesini anlatarak başlayalım. 16.yüzyılda Yavuz Sultan Selim'in Gaziantep'e yolculuğu ile başlıyor her şey. Bu yolculuğun haberi alan halk, meşakkatli bir hazırlığa girişiyor. Çeşit çeşit yemekler, tatlılar padişah için pişiriliyor, yapılıyor. Gaziantep'e geldiğinde onun ağzına layık bir sofra kuruluyor. Masada yok yok. Fakat aralarından öyle bir lezzet var ki, yoğurdun, patlıcanın, etin tadını içine harmanlayan. Hemen sıyrılıyor diğerlerinden. Bu lezzetin tadına varan Yavuz Sultan Selim, 'Hangi eli nazik yaptı bunu?' diyor. O günden bugüne yemeğin adı önce 'Ala nazik' ardından da 'Alinazik' olarak değişiyor. <strong>Arapça'da 'ala' güzel, 'nazik' ise yemek anlamına geliyor.</strong></p>
<p>Adı da, hikayesi de kendi kadar güzel olan bu yemeği en güzel Antep'te, onların elinden yemek gerek. Ama gitme şansı olmayanlar için bir yol daha var. Üstelik pek pratik. Bu müthiş görsel şölen için sıvayın hadi kollarınızı. Biz bu tarifte kuşbaşı <a href=""https://yemek.com/tarif/et/"" target=""_blank"">et</a>leri minik minik doğradık. Ancak dilerseniz <strong>satır eti, kıyma ya da kuşbaşı</strong> kullanarak bu <a href=""https://yemek.com/tarif/yoresel-tarifler/"" target=""_blank"">yöresel</a> tarifi hazırlamanız mümkün.</p>
<p>Öyleyse, ilham veren videomuz ve <a href=""https://yemek.com/tarif/"" target=""_blank"">tarifi</a>mizle sizi baş başa bırakalım. Afiyet olsun.</p>
",recipe,"['biber salçası', 'tereyağı', 'tuz', 'tuz', 'sarımsak', 'yoğurt', 'közlenmiş patlıcan', 'toz kırmızı biber', 'kuşbaşı et (küçük doğranmış)']","['Alinazik tarifi için tereyağını derin bir tavanın içine alın. Sarımsağı ilave ederek hafifçe soteleyin.', 'Ardından minik doğranmış kuşbaşı etleri ekleyerek karıştırın, kapağını kapatıp 6-7 dakika kısık ateşte suyunu salıp pişene kadar bırakın.', 'Piştikten sonra salça, toz kırmızı biber ve tuz ekleyerek tatlandırın ve ocaktan alın.', 'Közlenmiş patlıcanları kesme tahtasının üzerinde keskin bir bıçak yardımıyla dövün.', 'Dövme aşamasında üzerine hafifçe tuz atın.', 'İyice ezildiklerinde\xa0yoğurtla\xa0bir kasenin içinde birleştirin ve güzelce karıştırın.', 'Servis tabağının içerisine yoğurtlu patlıcanlı karışımı alın. Ortasını çukurlaştırın. Hazırladığınız etleri de üzerine yerleştirin. Sosunu ilave ederek servis edin.']",ET,239b56,/tarif/et/,"['Et', 'Ramazan', 'Video', 'Yöresel Tarifler']","['akşam yemeği', 'öğle yemeği']","['Öğle Yemeği', 'Akşam Yemeği']",['Tencere'],['Bol Proteinli'],False,900,900,2022-04-15T14:40:35Z,4.0,722997,6605,False,True,True,0,,0,,,,2017/05/alinazik-tarifi.jpg,0,0,https://cdn.yemek.com/mnresize/940/940/uploads/2017/05/alinazik-tarifi.jpg,940,940,False,https://cdn.yemek.com/mncrop/300/200/uploads/2017/05/alinazik-tarifi.jpg,300,200,True,https://cdn.yemek.com/mncrop/940/625/uploads/2017/05/alinazik-tarifi.jpg,940,625,True,https://cdn.yemek.com/mncrop/620/388/uploads/2017/05/alinazik-tarifi.jpg,620,388,True,https://cdn.yemek.com/mncrop/600/315/uploads/2017/05/alinazik-tarifi.jpg,600,315,True,"['tencere', 'bol proteinli']",,,,['Gaziantep'],
1134,3546,Yasemin Özaltın,https://cdn.yemek.com/author/35533/20181219061403_avatar.jpg,/profil/yasemingursurer/,Zeytinyağlıların Kraliçesi: Barbunya,Barbunya,/tarif/barbunya/,30 dk,30 dk,"<p>Barbunya tarifinde sağlık vardır, tazelik çoktur. Zeytinyağlı yemeklerin ilk akla gelenidir o, <a href=""https://yemek.com/tarif/"" target=""_blank"">yemek tariflerinden</a> en fazla tarif defterine eklenenidir, dizi dizi sarmalar yapılacağına önceden hazırlanan uslu uslu dinlendirilen bir tencere barbunya can kurtarandır. Pratiklik, kolaylık denilince akla gelen ilk yemek tariflerinden de biridir aynı zamanda. Hafta başında yapılıp dolaba atılan, sonrasında yemeğim hazır diye gururla bahsedilendir. Karşınızda <a href=""https://yemek.com/tarif/zeytinyaglilar/"" target=""_blank"">zeytinyağlı yemeklerin</a> en güzeli barbunya tarifi!</p>
<p>Özellikle bolca bulunduğu yaz aylarında ayıklanıp dolaba konan, sonrasında da bol bol pişirilen sebzelerin başında geliyor. Yanına pilav ya da farklı zeytinyağlı yemeklerle de şahane oluyor. Şimdiden ellerinize sağlık diyor, hafif, yapımı kolay, tam kıvamında pişen <strong>barbunya yemeği</strong> tarifimize buyur ediyoruz. Afiyetler olsun!</p>
",recipe,"['sıcak su', 'tuz', 'toz şeker', 'sarımsak', 'maydanoz', 'zeytinyağı', 'domates salçası', 'orta boy havuç', 'orta boy kuru soğan', 'orta boy domates', 'büyük boy patates', 'taze barbunya', 'taze sıkılmış limon suyu (arzuya göre)']","['Kabuklarını ayıklayıp bol suda yıkadığınız 1 kilogram barbunyayı üzerini geçecek kadar su ilave edin.', 'Orta ateşte 10 dakika kadar haşlayın.', '1/2 çay bardağı zeytinyağını derin bir tencerede kızdırın.', '1 adet rendelenmiş soğan ve 2 diş ezilmiş sarımsağı katıp hafif bir renk alana kadar soteleyin.', 'Küp doğranmış 1 adet patates ve 2 adet havucu da ekleyin ve\xa0ardından\xa0renk vermesi için 1 tatlı kaşığı domates salçasını\xa0ilave edip\xa0kavumaya devam edin.', ""Haşlanmış barbunyaları da tencereye\xa0 ilave ettikten sonra 2 adet rendelenmiş domates ve 1'er tatlı kaşığı tuz ve toz şeker katıp kısık ateşte pişmeye bırakın."", 'Ocaktan aldığınız barbunyayı kapağı kapalı tencerede oda ısısına gelene kadar dinlendirin.', 'Son olarak servis kabına aktardığınız barbunya yemeğini; incecik kıyılmış maydanoz eşliğinde ılık ya da soğuk olarak\xa0servis edin, afiyet olsun.']",ZEYTİNYAĞLI,239b56,/tarif/zeytinyaglilar/,"['Özel Beslenme', 'Vejetaryen', 'Zeytinyağlı', 'Vegan', 'Video', 'Bakliyat', 'Sulu Yemek', 'Mevsiminde']","['pratik yemek tarifleri', 'ekonomik', 'akşam yemeği', 'öğle yemeği']","['Öğle Yemeği', 'Akşam Yemeği']",['Tencere'],"['Ekonomik', 'Glutensiz', 'Vejetaryen', 'Bol Proteinli', 'Düşük Karbonhidratlı', 'Vegan']",False,1800,1800,2019-05-06T08:04:17Z,4.0,711933,5424,False,True,True,0,,0,,,,2015/10/barbunya-yemekcom.jpg,0,0,https://cdn.yemek.com/mnresize/940/940/uploads/2015/10/barbunya-yemekcom.jpg,940,940,False,https://cdn.yemek.com/mncrop/300/200/uploads/2015/10/barbunya-yemekcom.jpg,300,200,True,https://cdn.yemek.com/mncrop/940/625/uploads/2015/10/barbunya-yemekcom.jpg,940,625,True,https://cdn.yemek.com/mncrop/620/388/uploads/2015/10/barbunya-yemekcom.jpg,620,388,True,https://cdn.yemek.com/mncrop/600/315/uploads/2015/10/barbunya-yemekcom.jpg,600,315,True,"['tencere', 'vejetaryen', 'bol proteinli', 'glutensiz', 'düşük karbonhidratlı', 'düşük kalorili']",,"['Haziran', 'Temmuz']",,,
1135,1120,Yasemin Özaltın,https://cdn.yemek.com/author/35533/20181219061403_avatar.jpg,/profil/yasemingursurer/,Yumuşacık Pişti: Arnavut Ciğeri,Arnavut Ciğeri,/tarif/arnavut-cigeri/,10 dk,20 dk,"<p><a href=""https://yemek.com/tarif/ciger-kavurma/"" target=""_blank"">Ciğerin</a> küçük parçalar halinde kesilip una bulandıktan sonra kızartılmasıyla oluşan bir <a href=""https://yemek.com/tarif/"" target=""_blank"">yemek tarifi</a> Arnavut ciğeri. Arzuya göre sıcak ya da soğuk olarak servis ediliyor, olmazsa olmazı <a href=""https://yemek.com/tarif/sumakli-sogan-salatasi/"" target=""_blank"">sumaklı ve maydanozlu soğan salatası</a>. Kimyonun ciğere yakıştığı bilinen bir gerçek olsa da limon sıkıp yemeği tercih edenler de var.</p>
<p>Kızgın yağda kızartılarak hazırlanan ve belirli püf noktaları bulunan Arnavut ciğeri, iştah açan ve ağız sulandıran bir <a href=""https://yemek.com/sonbahara-uygun-hafif-yemek-tarifleri/"" target=""_blank"">başlangıç</a> ve <a href=""https://yemek.com/pratik-ana-yemek-tarifleri/"" target=""_blank"">ana yemek</a> tarifi. Sizler de bu lezzetin tadına varmak isterseniz buyrun mutfağa! Daha önce böyle güzel bir <a href=""https://yemek.com/tarif/et/"" target=""_blank"">et </a>yemediğinize eminiz. Afiyet olsun!</p>
",recipe,"['tuz', 'tuz', 'un', 'patates', 'sumak', 'kırmızı soğan', 'toz kırmızı biber', 'toz kişniş', 'doğranmış maydanoz', 'karbonat', 'sıvı yağ', 'sıvı yağ', 'ciğer']","['Üzerinde bulunan zarı ayıkladığınız kuzu ciğerini, kuşbaşı büyüklüğünde kesin. Derin bir süzgece aldığınız doğranmış kuzu ciğerlerini kanının süzülmesi için bekletin.', 'Kanını süzdürdüğünüz ciğerleri karbonat ve tuz eklediğiniz una bulayın. Ciğerlerin üzerindeki fazla unu almak için tekrar süzgeçten geçirin.', '<div>Ciğerleri tavadaki ısınmış yağın içerisine koyun. Ciğerler pişmeye başladığında kırmızı toz biber ve toz kişniş ekleyin.\xa0Pişen ciğerlerin fazla yağını süzdürerek bir tabağa aktarın.</div>', 'Ayrı bir tavada kızdırdığınız yağda küp küp doğradığınız patatesleri kızartın ve ciğerlerin olduğu kaseye ekleyin.', 'Piyazlık doğradığınız kırmızı soğanları, 1 çay kaşığı tuz ile ovarak öldürün.\xa0Üzerine sumak ve doğranmış maydanozu da ekledikten sonra güzelce karıştırın ve ciğerlerin olduğu kaseye ekleyip diğer malzemelerle birlikte güzelce harmanlayın.', 'Ciğeri servis edeceğiniz tabağa alıp, sevdiklerinizle afiyetle tüketin!']",ET,239b56,/tarif/et/,"['Et', 'Video', 'Yöresel Tarifler']","['akşam yemeği', 'öğle yemeği']","['Öğle Yemeği', 'Akşam Yemeği']","['Kızartma', 'Ocak']",['Bol Proteinli'],False,600,1200,2021-11-17T07:46:50Z,4.0,711587,3831,False,True,True,0,,0,,,,2021/06/arnavut-cigeri-yemekcom.jpg,0,0,https://cdn.yemek.com/mnresize/940/940/uploads/2021/06/arnavut-cigeri-yemekcom.jpg,940,940,False,https://cdn.yemek.com/mncrop/300/200/uploads/2021/06/arnavut-cigeri-yemekcom.jpg,300,200,True,https://cdn.yemek.com/mncrop/940/625/uploads/2021/06/arnavut-cigeri-yemekcom.jpg,940,625,True,https://cdn.yemek.com/mncrop/620/388/uploads/2021/06/arnavut-cigeri-yemekcom.jpg,620,388,True,https://cdn.yemek.com/mncrop/600/315/uploads/2021/06/arnavut-cigeri-yemekcom.jpg,600,315,True,"['bol proteinli', 'kızartma']",,,,['Edirne'],
1136,246,Yasemin Özaltın,https://cdn.yemek.com/author/35533/20181219061403_avatar.jpg,/profil/yasemingursurer/,Dışarıda Yedikleriniz Gibi: Terbiyeli İşkembe Çorbası,Terbiyeli İşkembe Çorbası,/tarif/iskembe-corbasi/,1 sa,30 dk,"<p>Mide rahatlatıcı etkisiyle öne çıkan çorbaların başında gelen işkembe çorbası, aynı zamanda oldukça çok besleyici bir <a href=""https://yemek.com/tarif/"" target=""_blank"">yemek tarifi</a>.</p>
<p>Terbiyeli işkembe çorbası tarifini temizlenmiş bir işkembe edindikten sonra kolayca evde hazırlayabilir, sevdiklerinizle paylaşabilirsiniz.</p>
<p><b>Not:</b> ""İşkembe tamam da ben daha fazla çorba çeşidi de görmek istiyorum"" diyenleri tüm çorba tariflerimizin olduğu çorba kategorimize doğru alalım: <a href=""https://yemek.com/tarif/corba/"" target=""_blank"">Çorba Tarifleri</a>!</p>
",recipe,"['kuru soğan', 'tereyağı', 'tuz', 'limon suyu', 'limon suyu', 'un', 'un', 'sarımsak', 'sarımsak', 'su', 'yoğurt', 'yumurta sarısı', 'sirke', 'işkembe']","['İyi temizlenmiş\xa01 kilogram işkembenin üzerini geçecek kadar su ilave edip, işkembeler yumuşayana kadar yaklaşık 40 dakika haşlayın.', 'İşkembe haşlandıktan sonra bir kevgir yardımıyla kaseye aktarın.', 'Ayrı bir tavada 3 yemek kaşığı tereyağını eritip üzerine 3 yemek kaşığı unu ileve edin ve\xa0unun kokusu çıkana kadar kavurun.', 'Süzdüğünüz ve ılınmış olan haşlama suyundan\xa0tavaya\xa0azar azar ekleyin. Unun topaklanmaması için; bir çırpıcı yardımıyla hızlıca karıştırın.', 'Bu karışımı işkembeleri haşladığınız tencerenin içerisine sürekli olarak karıştırarak yavaş yavaş yedirin.', 'Çorbanın terbiyesini hazırlamak için; 4 yemek kaşığı yoğurt, 2 yemek kaşığı un, 1 çay kaşığı tuz, 1 adet yumurta sarısı ve yarım limon suyunu ayr bir kapta çırpın.', 'Terbiye karışımını kaynamakta olan haşlama suyu ile ılıştırdıktan\xa0sonra çorba tenceresine azar azar ekleyin ve hızlıca karıştırın.', 'Son olarak; haşlanan işkembeyi çorbaya ilave edin ve kısık ateşte, 15 dakika kadar kaynatarak pişirin.', 'Sarımsakları rendeledikten sonra sirke ile karıştırın. Servis kaselerine aldığınız çorbayı, sarımsaklı sirke ilavesiyle sıcak olarak servis edin. Afiyet olsun!']",ÇORBA,,/tarif/corba/,"['Çorba', 'Ramazan', 'Video']","['ekonomik', 'akşam yemeği']","['Başlangıç', 'Akşam Yemeği']","['Tencere', 'Ocak']",,False,3600,1800,2014-07-04T06:45:05Z,4.0,693816,763,False,True,True,0,,0,,,,2014/07/iskembe-corbasi-yemekcom.jpg,0,0,https://cdn.yemek.com/mnresize/940/940/uploads/2014/07/iskembe-corbasi-yemekcom.jpg,940,940,False,https://cdn.yemek.com/mncrop/300/200/uploads/2014/07/iskembe-corbasi-yemekcom.jpg,300,200,True,https://cdn.yemek.com/mncrop/940/625/uploads/2014/07/iskembe-corbasi-yemekcom.jpg,940,625,True,https://cdn.yemek.com/mncrop/620/388/uploads/2014/07/iskembe-corbasi-yemekcom.jpg,620,388,True,https://cdn.yemek.com/mncrop/600/315/uploads/2014/07/iskembe-corbasi-yemekcom.jpg,600,315,True,"['tencere', 'bol proteinli']",greenLight,,,,
1137,160,Cemre Özgüzel,https://cdn.yemek.com/author/109/20200211010242_avatar.jpg,/profil/cemre-ozguzel/,Kolay ve Ekonomik: Makarna Salatası,Makarna Salatası,/tarif/makarna-salatasi/,12 dk,15 dk,"<p>Evde kalmış makarnayla bile hazırlanabilecek, lezzetli ama bir o kadar da kolay bir tarif <a href=""https://www.yemek.com/kategori/tarif/makarna/"" target=""_blank"">makarna</a> salatası tarifimiz var. Makarnanın ağız sulandıran hali de diyebiliriz kendisine. Arzuya göre; doğranmış salam, sosis vb. malzemeler ekleyerek tarifi daha da zenginleştirebilirsiniz.</p>
<p>En kolay ve en nefis makarna salatasını siz yapın diye biz tadı damaklarda kalan yoğurtlu, mayonezli, garnitürlü bir <a href=""https://yemek.com/tarif/tavuklu-makarna-salatasi/"" target=""_blank"">makarna salatası</a> tarifi hazırladık sizin için.</p>
<p>Ekonomik bir tarif olması nedeniyle gerek öğrenci evlerinde, gerekse evde hemen her zaman bulabileceğiniz malzemelerle kolayca yapılabilir. Üstelik <a href=""https://yemek.com/tarif/sebze/"" target=""_blank"">sebze</a> yemek istemeyen çocuklarınızın makarna <a href=""https://yemek.com/tarif/salata/"" target=""_blank"">salata</a>sı tarifimizdeki garnitürler yardımıyla bu besinleri almalarını sağlayabilirsiniz. <a href=""https://yemek.com/cay-saati-menuleri/"" target=""_blank"">Çay saati</a> günlerine de çok yakışır. Şimdiden afiyet olsun!</p>
",recipe,"['nane', 'tuz', 'yoğurt', 'zeytinyağı', 'mayonez', 'süzme yoğurt', 'konserve haşlanmış garnitür', 'kornişon turşu', 'dereotu', 'burgu makarna']","['Burgu makarnayı kaynar suda 10- 12 dakika kadar haşlayın. Suyunu süzün ve soğuması için bir kenarda bekletin.', 'Salatanın sosunu hazırlamak için; yoğurt, süzme yoğurt, mayonezi bir kapta karıştırın.', 'Haşlanan makarnayı bu sosun içerisine ilave edin.', 'Ardından bir avuç doğranmış dereotunu, doğranmış salatalık turşusunu ve konserve garnitürü salata kasesine azar azar aktarın.', 'Tüm malzemeleri birbirine karışacak şekilde harmanlayın.', 'Sonrasında bekletmeden servis edin. Sevdiklerinizle paylaşın. Afiyetler olsun!']",SALATA,239b56,/tarif/salata/,"['Makarna', 'Salata', 'Video']","['ekonomik', 'akşam yemeği', 'öğle yemeği']","['Öğle Yemeği', 'Akşam Yemeği']",['Tencere'],,False,720,900,2019-03-12T13:16:42Z,4.0,681116,5066,False,True,True,0,,0,,,,2014/06/makarna-salatasi-yemekcom.jpg,0,0,https://cdn.yemek.com/mnresize/940/940/uploads/2014/06/makarna-salatasi-yemekcom.jpg,940,940,False,https://cdn.yemek.com/mncrop/300/200/uploads/2014/06/makarna-salatasi-yemekcom.jpg,300,200,True,https://cdn.yemek.com/mncrop/940/625/uploads/2014/06/makarna-salatasi-yemekcom.jpg,940,625,True,https://cdn.yemek.com/mncrop/620/388/uploads/2014/06/makarna-salatasi-yemekcom.jpg,620,388,True,https://cdn.yemek.com/mncrop/600/315/uploads/2014/06/makarna-salatasi-yemekcom.jpg,600,315,True,"['tencere', 'vejetaryen']",,,,,
1138,25877,Yasemin Özaltın,https://cdn.yemek.com/author/35533/20181219061403_avatar.jpg,/profil/yasemingursurer/,Tüm Püf Noktalarıyla: Sultan Sarması,Sultan Sarması,/tarif/sultan-sarmasi/,20 dk,20 dk,"<p>Yapımı oldukça kolay olan sultan sarması, <a href=""https://yemek.com/tarif/sutlu-tatlilar/"" target=""_blank"" rel=""noopener"">sütlü tatlı</a> sevenlerin bayılarak tüketeceği bir <a href=""https://yemek.com/tarif/"" target=""_blank"" rel=""noopener"">tarif</a>. Ev yapımı kakaolu <a href=""https://yemek.com/tarif/muhallebi/"" target=""_blank"" rel=""noopener"">muhallebi</a> ile Hindistan cevizinin bir araya gelmesiyle oluşan bu tarifin tadı oldukça hafif ve kesinlikle yedikçe yiyesiniz geliyor. Rulo haline getirilen tatlının üzerine dilerseniz Antep fıstığı ekleyebilir, ya da çikolata sosu ile ekstra çikolatalı bir lezzet elde edebilirsiniz.</p>
<p>Bu tarif çok kolay bir <a href=""https://yemek.com/tarif/tatli/"" target=""_blank"" rel=""noopener"">tatlı</a> tarifi. Örneğin krem şanti eklediğiniz noktada içerisine <strong>fındık, ceviz veya damla çikolata</strong> ile lezzetlendirebilirsiniz. Bu tarif oldukça pratik olmasına rağmen dikkat edilmesi gereken birkaç nokta var. Bu aşamada ""sultan sarması neden çatlar?"" sorusu akıllara gelebilir. Tepsiye yaydığınız <strong>sultan sarması tatlısı</strong>nın muhallebisini mutlaka bir gece bekletmeniz gerekiyor. Aksi takdirde rulo haline getirirken dağılmalar meydana gelebilir. Afiyet olsun!</p>",recipe,"['toz şeker', 'süt', 'un', 'kakao', 'krem şanti', 'vanilin', 'tereyağ', 'Hindistan cevizi']","['<p>Sultan sarması için bir tencerede un, toz şeker ve kakaoyu karıştırıp, üzerine yavaşça süt ilave edip sürekli karıştırarak orta ateşte pişirin.</p>', '<p>Koyulaşmaya ve baloncuk çıkarmaya başlayan muhallebinin içerisine tereyağı ekleyin ve tekrar karıştırın.</p>', '<p>Koyulaşan ve pişen muhallebiyi ocaktan alamadan önce vanilini ekleyip karıştırın ve ocaktan alın.</p>', '<p>Fırın tepsisine Hindistan cevizini yayın.</p>', '<p>Muhallebiyi, Hindistan cevizinin üzerine dikkatlice yayın. Bir\xa0gün boyunca buzdolabında bekletin.</p>', '<p>Bir gün bekleyen muhallebiyi 8 eşit dikdörtgen olacak şekilde kesin ve krem şantiyi tüm yüzeye yayın.</p>', '<p>Bir spatula yardımıyla dikdörtgen parçaları yavaşça rulo haline getirin. Üzerine, arzuya göre Antep fıstığı serpiştirerek servis edin.</p>']",SÜTLÜ TATLI,239b56,/tarif/sutlu-tatlilar/,"['Tatlı', 'Ramazan', 'Sütlü Tatlı', 'Video']",,['Çay Saati'],['Tencere'],"['Ekonomik', 'Vejetaryen']",False,1200,1200,2022-04-13T09:23:19Z,4.0,668305,5690,False,True,True,0,,0,,,,2017/11/sultan-sarmasi.jpg,0,0,https://cdn.yemek.com/mnresize/940/940/uploads/2017/11/sultan-sarmasi.jpg,940,940,False,https://cdn.yemek.com/mncrop/300/200/uploads/2017/11/sultan-sarmasi.jpg,300,200,True,https://cdn.yemek.com/mncrop/940/625/uploads/2017/11/sultan-sarmasi.jpg,940,625,True,https://cdn.yemek.com/mncrop/620/388/uploads/2017/11/sultan-sarmasi.jpg,620,388,True,https://cdn.yemek.com/mncrop/600/315/uploads/2017/11/sultan-sarmasi.jpg,600,315,True,,,,,,
1139,4605,Yasemin Özaltın,https://cdn.yemek.com/author/35533/20181219061403_avatar.jpg,/profil/yasemingursurer/,Sunumu Şık: Kıbrıs Tatlısı,Kıbrıs Tatlısı,/tarif/kibris-tatlisi/,30 dk,20 dk,"<p>Cevizli ve rendelenmiş Hindistan cevizli kek üzerine hazırladığınız kremalı, iki katlı bir <a href=""https://yemek.com/tarif/tatli/"" target=""_blank"" rel=""noopener"">tatlı</a> diyebiliriz Kıbrıs tatlısı <a href=""https://yemek.com/tarif/"" target=""_blank"" rel=""noopener"">tarifi</a> için. <a href=""https://yemek.com/tarif/ekmek-kadayifi/#gref"">Kaymaklı ekmek kadayıfı</a> ya da <a href=""https://yemek.com/tarif/revani/"">revani</a> gibi sevilen <a href=""https://yemek.com/tarif/serbetli-tatlilar/"" target=""_blank"" rel=""noopener"">şerbetli tatlıların</a> farklı bir versiyonu olduğunu düşünebiliriz. <strong>Rum tatlısı</strong> olarak da bilinen bu nefis tatlının özellikleri bu kadarla da sınırlı değil. Hamurunda un yerine galeta unu kullanılıyor. <strong>Rendelenmiş Hindistan cevizi</strong> ayrıca kıvam ve tat veriyor. İsteğe göre haşhaş bile ilave ediliyor hamuruna. Tatlı sıcak, şerbet soğuk oluyor, üzerine serilen toz krem şanti ilaveli krema damaklarda ayrı bir lezzet bırakıyor.</p>
<p>Ağzınız sulandıysa buyurun <strong>Kıbrıs tatlısı tarifi</strong> için mutfağa! Afiyet olsun!</p>",recipe,"['yumurta', 'toz şeker', 'toz şeker', 'toz şeker', 'süt', 'kabartma tozu', 'su', 'toz krem şanti', 'mısır nişastası', 'galeta unu', 'taze sıkılmış limon suyu', 'vanilin', 'sıvı yağ', 'ceviz içi (ince çekilmiş)', 'Hindistan cevizi', 'Hindistan cevizi']","['<p>Tatlının şerbeti için; su ve toz şekeri derin bir karıştırma kabına alın. Şeker taneleri eriyene kadar sürekli karıştırdığınız şerbet karışımını kısık ateşte 15 dakika kadar kaynatın.\xa0Kıvam alıp şurup kıvamına yaklaşan şerbete limon suyunu ekleyip kestirdikten sonra ocaktan alın. Soğuması için ayrı bir yerde dinlendirin.</p>', '<p>Tatlının kekini hazırlamak için; oda sıcaklığında beklettiğiniz yumurtaları derin bir karıştırma kabına kırın. Toz şeker ilavesiyle şeker taneleri tamamen eriyene kadar karıştırın.</p>', '<p>Sırasıyla; sıvı yağ, rendelenmiş Hindistan cevizi, galeta unu, ince çekilmiş ceviz içi ve kabartma tozu ekleyip karıştırma işlemini sürdürün.</p>', '<p>Pişireceğiniz kalıbı sıvı yağ ile yağlayın. Hazırladığınız kek karışımını eşit olarak yaydıktan sonra önceden ısıtılmış 160 derece fırında 30 dakika kadar pişirin.</p>', '<p>Üzerine önceden hazırladığınız soğuk şerbeti döküp içine çekmesi için bekletin.</p>', '<p>Kreması için; süt, nişasta ve toz şekeri derin bir tencereye alıp sürekli karıştırarak orta\xa0ateşte pişirin. Muhallebi kıvamına gelen kremayı ocaktan indirmeden önce vanilin ekleyin ve karıştırıp ocaktan alın.</p>', '<p>Ocaktan aldıktan sonra toz krem şanti ilavesiyle çırparak karıştırın.</p>', '<p>Krema karışımını, şerbetini çeken tatlının üzerine yayın.</p>', '<p>Hindistan cevizini de tüm yüzeye serpiştirin.</p>', '<p>Buzdolabında soğuttuktan sonra Kıbrıs tatlısını süsleyip sevdiklerinizle afiyetle tüketin.</p>']",ŞERBETLİ TATLI,239b56,/tarif/serbetli-tatlilar/,"['Tatlı', 'Şerbetli Tatlı', 'Video', 'Dünya Mutfakları']",,['Çay Saati'],['Fırın'],,False,1800,1200,2022-03-18T12:55:40Z,4.0,667376,4794,False,True,True,0,,0,,,,2016/01/kibris-tatlisi-yemekcom.jpg,0,0,https://cdn.yemek.com/mnresize/940/940/uploads/2016/01/kibris-tatlisi-yemekcom.jpg,940,940,False,https://cdn.yemek.com/mncrop/300/200/uploads/2016/01/kibris-tatlisi-yemekcom.jpg,300,200,True,https://cdn.yemek.com/mncrop/940/625/uploads/2016/01/kibris-tatlisi-yemekcom.jpg,940,625,True,https://cdn.yemek.com/mncrop/620/388/uploads/2016/01/kibris-tatlisi-yemekcom.jpg,620,388,True,https://cdn.yemek.com/mncrop/600/315/uploads/2016/01/kibris-tatlisi-yemekcom.jpg,600,315,True,,,,['Kuzey Kıbrıs Türk Cumhuriyeti'],,
1140,303,Ayşegül Uslu,https://cdn.yemek.com/author/409098/20230915055430_avatar.jpg,/profil/aysegulu/,Yağ Çekmez: Pişi,Pişi,/tarif/pisi/,15 dk,20 dk,"<p>Anadolu'nun pek çok noktasında kolaç, lokma, keçi ayağı, <a href=""https://yemek.com/tarif/hamur-kizartmasi/"" target=""_blank"">hamur kızartması</a> gibi isimlerle bilinen pişi, ailecek yapılan zengin sabah kahvaltıları için başarılı bir alternatif. Son yıllarda birçok kahvaltı mekanında da görebileceğiniz pişiyi evde de kolayca yapabilirsiniz. Üstelik kendisi sadece kahvaltılık olmakla kalmaz, yeri geldiğinde en lezzetli öğle yemeğine de, ara öğüne de dönüşebilir, <a href=""https://yemek.com/tarif/"" target=""_blank"">yemek tarifleri</a> içinde tam bir kurtarıcı olmasıyla bilinir.</p>
<p>Mayalı hamurla ne yapılır diyenlerin yardımına koşan bu pişiyi biz mayalayarak yaptık. Ama siz bekleme derdi olmasın, pratik olsun istiyorsanız şu <a href=""https://yemek.com/tarif/mayasiz-kolay-pisi/"" target=""_blank"">mayasız pişi</a> tarifimize de bakabilirsiniz. Hatta ve hatta <strong>karbonatlı pişi</strong> tarifimize <a href=""https://yemek.com/tarif/karbonatli-pisi/"" target=""_blank"">şuradan</a> ulaşabilir, farklı pişi çeşitleri içinse <a href=""https://yemek.com/pisi-tarifleri/"" target=""_blank"">şu içeriğimizden</a> yararlanabilirsiniz.</p>
<p>Peynir, zeytin, domates gibi <a href=""https://yemek.com/tarif/kahvaltiliklar/"" target=""_blank"">kahvaltılıklar</a>la da afiyet olur; reçel ya da çikolata ile nefis olur. Biz özellikle <a href=""https://yemek.com/tarif/incir-receli"" target=""_blank"">ev yapımı nefis incir reçeli</a> ile öneriyoruz.</p>
<p>Nefis <strong>pişi tarifi</strong>mizin videolu ve adım adım resimli anlatımı hemen aşağıda. Buyursunlar!</p>
",recipe,"['tuz', 'toz şeker', 'ayçiçek yağı', 'un', 'ılık su', 'yaş maya']","['Pişi tarifi için önce ılık su içerisinde 1 yemek kaşığı toz şeker ve 1/2 paket yaş mayayı çözdürün.', 'Karıştırdıktan sonra 10 dakika kadar dinlenmeye bırakın.', 'Dinlenen karışıma 3 su bardağı un\xa0ve tuzu harmanlayarak ekleyin ve karıştırmaya devam edin.', 'Kalan unu da azar azar ilave ederek bir yandan da yoğurmaya başlayın.', 'Hamuru 5-10 dakika kadar yoğurun.', 'Hamurun üzerini örtüp oda ısısında bir saat kadar mayalayın.', 'Mayalanan hamuru tezgaha alın ve ceviz büyüklüğünde parçalar koparıp yuvarlayın. Üzerilerine un serptikten sonra elinizle hafifçe bastırarak düzleştirin.', 'Tezgahta 10 dakika daha mayalandırdıktan sonra bir şişe kapağıyla\xa0ortalarına delikler açın. Bu sayede pişileriniz daha güzel kabaracaktır.', 'Geniş ve derin bir tavada sıvı yağı kızdırın. Pişileri yavaş yavaş yağa atarak arkalı önlü kızartın. Pişenleri\xa0fazla yağını bırakması için bir iki dakika havlu peçete üzerinde dinlendirin.', 'Pişi tarifi hazır. Afiyet olsun.']",KAHVALTILIK,239b56,/tarif/kahvaltiliklar/,"['Hamur İşi', 'Kahvaltılık', 'Çörek']","['ekonomik', 'kahvaltı', 'çay saati']","['Başlangıç', 'Kahvaltı', 'Çay Saati']",['Kızartma'],['Vejetaryen'],False,900,1200,2022-03-18T13:50:52Z,4.0,752213,4360,False,True,True,0,,0,,,,2019/05/pisi-asama-18.jpg,0,0,https://cdn.yemek.com/mnresize/940/940/uploads/2019/05/pisi-asama-18.jpg,940,940,False,https://cdn.yemek.com/mncrop/300/200/uploads/2019/05/pisi-asama-18.jpg,300,200,True,https://cdn.yemek.com/mncrop/940/625/uploads/2019/05/pisi-asama-18.jpg,940,625,True,https://cdn.yemek.com/mncrop/620/388/uploads/2019/05/pisi-asama-18.jpg,620,388,True,https://cdn.yemek.com/mncrop/600/315/uploads/2019/05/pisi-asama-18.jpg,600,315,True,,,,,,
1141,1793,Ayşegül Uslu,https://cdn.yemek.com/author/409098/20230915055430_avatar.jpg,/profil/aysegulu/,Tüm Sırlarıyla: Kazandibi,Kazandibi,/tarif/kazandibi/,35 dk,15 dk,"<p>İçinde haşlanmış ve çok çok ince dizilmiş <a href=""https://yemek.com/tarif/tavuk/"" target=""_blank"">tavuk</a> eti katılan versiyonlarının da olduğu esmer <a href=""https://yemek.com/tarif/sutlu-tatlilar/"" target=""_blank"">sütlü tatlı</a> kazandibini pratik bir şekilde hazırlamaya ve afiyetle yemeye var mısınız? Tavuk göğsüne kazandibi tarifinde yer vermedik çünkü, onun gerçek bir <a href=""https://yemek.com/tarif/tavuk-gogsu/"" target=""_blank"">tavuk göğsü tatlısı</a>na daha çok yakıştığını düşünmekteyiz.</p>
<p>Şimdi sizi şöyle mutfağa doğru alalım ve tatlıcılarda yemeye alıştığınız kazandibini evde nasıl <a href=""https://yemek.com/tarif/tatli/"" target=""_blank"">tatlı</a> tatlı, lezzetli lezzetli yapabileceğinizi anlatalım.</p>
",recipe,"['tereyağı', 'toz şeker', 'süt', 'vanilya', 'pudra şekeri', 'buğday nişastası', 'pirinç unu']","['Sübyesi için; bir kasede\xa02 su bardağı sütü,\xa0yarım bardak toz şekeri, buğday nişastasını ve pirinç unu karıştırın. Topak kalmayana kadar çırpıcı yardımıyla çırpın.', 'Geniş bir tencereye kalan 5 su bardağı sütü ve 1 su bardağı şekeri ilave edin. Bir taşım kaynatın. Kaynayan süte yavaş yavaş sübyeyi ilave ederek sürekli karıştırın. Ocağı kısık ateşe getirerek, sürekli karıştırarak muhallebi kıvamına gelene kadar pişirin.', 'Muhallebi koyulaşıp göz göz olduğunda ocaktan alın ve vanilyayı ilave edip tekrar karıştırın. Oda sıcaklığında soğumaya bırakın.', 'Köşeli bir borcamı tereyağıyla yağlayın ve üzerine eşit olacak şekilde pudra şekerini eleyin.', 'Tepsiyi ocak üzerinde çevire çevire karışımı yakın. Tüm şeker eriyip karamelize olunca, tepsinin dibine muhallebiden ince bir kat sürün ve bir tur da muhallebiyle birlikte yakın.', 'Yakma işlemi bittiğinde kalan muhallebiyi de tepsiye dökün. Üzerini bir spatula yardımıyla düzeltin.', 'Buzdolabına kaldırıp kıvam alması için soğuttuğunuz tatlıyı, ince uzun dilimlere ayırın\xa0ve spatula yardımıyla kıvırarak rulo şeklinde sarın.\xa0Ev yapımı mis kokulu kazandibiniz hazır, afiyet olsun!']",SÜTLÜ TATLI,239b56,/tarif/sutlu-tatlilar/,"['Tatlı', 'Ramazan', 'Sütlü Tatlı', 'Video']","['ekonomik', 'ara öğün']",['Çay Saati'],['Tencere'],['Ekonomik'],False,2100,900,2021-08-17T07:30:14Z,4.0,750751,3376,False,True,True,0,,0,,,,2021/08/kazandibi-yemekcom.jpg,0,0,https://cdn.yemek.com/mnresize/940/940/uploads/2021/08/kazandibi-yemekcom.jpg,940,940,False,https://cdn.yemek.com/mncrop/300/200/uploads/2021/08/kazandibi-yemekcom.jpg,300,200,True,https://cdn.yemek.com/mncrop/940/625/uploads/2021/08/kazandibi-yemekcom.jpg,940,625,True,https://cdn.yemek.com/mncrop/620/388/uploads/2021/08/kazandibi-yemekcom.jpg,620,388,True,https://cdn.yemek.com/mncrop/600/315/uploads/2021/08/kazandibi-yemekcom.jpg,600,315,True,"['vejetaryen', 'glutensiz']",,,,,
1142,3475,Yasemin Özaltın,https://cdn.yemek.com/author/35533/20181219061403_avatar.jpg,/profil/yasemingursurer/,Püf Noktalarıyla: Zeytinyağlı Biber Dolması,Zeytinyağlı Biber Dolması,/tarif/zeytinyagli-biber-dolmasi/,45 dk,30 dk,"<p>Zeytinyağlı kontenjanının öne çıkan yemeği, kalabalık sofraların vazgeçilmez <a href=""https://yemek.com/tarif/"" target=""_blank"">yemek tariflerindendir</a> zeytinyağlı biber dolması. Püf noktalarından biri lezzetin doruk noktasına ulaşması için bol bol kuru soğan kullanmaktır. Pirinçlerin hafif diri kalacak şekilde kavrulması, hazırlanan dolmaların kısık ateşte pişirilmesi esastır. Arzuya göre kuş üzümlü, dolmalık fıstıklı ve tarçınlı olabilen iç harç bol soğanlı sade ya da rendelenmiş domates ilavesiyle de hazırlanabilir.</p>
<p><a href=""https://yemek.com/tarif/biber-dolmasi/"" target=""_blank"">Etli biber dolması</a> alınmasın ancak zeytinyağlı hali ılık ya da soğuk olarak sofraları süsleyebildiği için daha sevilir. <a href=""https://yemek.com/tarif/vejetaryen/"" target=""_blank"">Vejetaryen</a> beslenenler için lezzetli bir öğün, pilav çeşitlerine alternatif olabilecek en iddialı seçeneklerden bir tanesidir.</p>
<p>Çocukluğumuzda sadece içindeki <a href=""https://yemek.com/tarif/pilav/"" target=""_blank"">pilav</a>ı yemek için annemizle kavga ettiğimiz hala bazılarımızın bu sebeple biberini yiyemediği, dondurma kutularından en çok fırlayan yemektir biber dolması. Ama sevin ya da sevmeyin <strong>Türk mutfağının en simge yemeklerinden</strong> biridir biber dolması. Üzerine yoğurdun döküldüğü anda iştahı kabarmayan insan yoktur aslında.</p>
<p>Lafı çok uzattık, gerisi sizin akşam yemeğiniz olsun.</p>
",recipe,"['pirinç', 'kuru soğan', 'sıcak su', 'nane', 'tuz', 'toz şeker', 'zeytinyağı', 'karabiber', 'kuş üzümü', 'dolmalık fıstık', 'yenibahar', 'orta boy dolmalık biber', 'orta boy domates (üzerlerini kapatmak için)']","['Zeytinyağlı biber dolması için yarım su bardağı zeytinyağını geniş bir pilav tenceresine alın ve 2 adet yemeklik doğranmış kuru soğan ile birlikte pembeleşinceye kadar kavurun.', '2 yemek kaşığı dolmalık fıstığı da ekleyip renk alana kadar kavurmaya devam edin.', 'Dolmalık fıstıklar renk aldıktan sonra 1,5 su bardağı yıkanmış pirinci ekleyin ve 2-3 dakika kadar kavurun.', '1 yemek kaşığı kuş üzümü, 1 tatlı kaşığı tuz, yarım çay kaşığı karabiber,\xa0yarım çay kaşığı yenibahar, yarım tatlı kaşığı toz şeker ve 1 tatlı kaşığı naneyi de ekledikten sonra son kez karıştırın.', '2 su bardağı sıcak suyu ekleyip, pirinçler diri kalacak şekilde 7-8 dakika kadar pişirin ve ocaktan alın.', 'Hazırladığınız dolma harcını, üst kapağını ve iç kısmını çıkardığınız yaklaşık 10- 15 adet dolmalık biberin içerisine doldurun. Ağız kısımlarında şişme ve pişme payı bırakmaya özen gösterin.', 'Hazırladığınız dolmaları\xa0tencereye dik bir şekilde dizin.', 'Biberlerin üst kısımlarını ikiye bölünmüş cherry domates ile kapatın.', 'Tencerenin yarısına kadar su doldurun ve üzerlerine zeytinyağı gezdirip kapağını kapatın.', 'Dolmaları,\xa0 kısık ateşte pişirme suyu bitip pirinçler\xa0şişene kadar yaklaşık 30-35 dakika pişirin. Ilık ya da soğuk olarak servis edin. Afiyet olsun!']",ZEYTİNYAĞLI,239b56,/tarif/zeytinyaglilar/,"['Sebze', 'Özel Beslenme', 'Vejetaryen', 'Ramazan', 'Zeytinyağlı', 'Vegan', 'Video', 'Mevsiminde']",,"['Öğle Yemeği', 'Akşam Yemeği']",['Tencere'],"['Ekonomik', 'Vejetaryen', 'Vegan']",False,2700,1800,2022-08-24T11:40:42Z,4.0,750144,4840,False,True,True,0,,0,,,,2015/09/zeytinyagli-biber-dolmasi-yemekcom.jpg,0,0,https://cdn.yemek.com/mnresize/940/940/uploads/2015/09/zeytinyagli-biber-dolmasi-yemekcom.jpg,940,940,False,https://cdn.yemek.com/mncrop/300/200/uploads/2015/09/zeytinyagli-biber-dolmasi-yemekcom.jpg,300,200,True,https://cdn.yemek.com/mncrop/940/625/uploads/2015/09/zeytinyagli-biber-dolmasi-yemekcom.jpg,940,625,True,https://cdn.yemek.com/mncrop/620/388/uploads/2015/09/zeytinyagli-biber-dolmasi-yemekcom.jpg,620,388,True,https://cdn.yemek.com/mncrop/600/315/uploads/2015/09/zeytinyagli-biber-dolmasi-yemekcom.jpg,600,315,True,,,['Ağustos'],,,
1143,2845,Yasemin Özaltın,https://cdn.yemek.com/author/35533/20181219061403_avatar.jpg,/profil/yasemingursurer/,Çok Hafif: Kabak Yemeği,Kabak Yemeği,/tarif/kabak-yemegi/,35 dk,20 dk,"<p>Hafif yaz yemeklerinin baş tacıdır kabak <a href=""https://yemek.com/tarif/"" target=""_blank"" rel=""noopener"">yemeği</a>. Arzuya göre pirinç ilavesiyle pişirilir.<strong> Zeytinyağlı kabak yemeğine kuru nane oldukça yakışır</strong>. <a href=""https://yemek.com/tarif/mevsiminde/"" target=""_blank"" rel=""noopener"">Mevsiminde</a> sulu ve kokulu domateslerle asıl lezzetini bulur, olmadı salçadan destek alır. İncecik kıyılmış dereotu ve yoğurt eşliğinde servise hazırlanır.</p>
<p>Tabak tabak yemek isteyeceğiniz kalorisi düşük bir <a href=""https://yemek.com/tarif/zeytinyaglilar/"" target=""_blank"" rel=""noopener"">zeytinyağlı</a> olan pirinçli kabak yemeği dereotuyla süslendikten sonra sofralardaki yerini alıyor. <a href=""https://yemek.com/tarif/diyet/"" target=""_blank"" rel=""noopener"">Az kalorili</a> zeytinyağlı kabak yemeğinin yapılışını adım adım resimli ve videolu olarak aşağıya bırakıyoruz. Afiyet olsun!</p>",recipe,"['pirinç', 'sıcak su', 'tuz', 'sarımsak', 'zeytinyağı', 'karabiber', 'domates salçası', 'dereotu', 'orta boy kabak', 'orta boy kuru soğan', 'büyük boy domates']","['<p>Kabak yemeği için 4 yemek kaşığı zeytinyağını tencerede kızdırın ve üzerine 1 adet yemeklik doğranmış soğanları ekleyin ve pembeleşinceye kadar kavurun.</p>', '<p>3 diş doğranmış sarımsak ve yarım tatlı kaşığı domates salçasını ekleyin ve kokusu çıkana kadar kavurun.</p>', '<p>1 adet büyük boy soyulmuş ve küp soğranmış domatesleri ekleyin ve kavurmaya devam edin.</p>', ""<p>5 adet doğranmış orta boy kabak, 1'er çay kaşığı tuz ve karabiber, 2 yemek kaşığı yıkanmış pirinci ve 2 su bardağı sıcak suyu ekleyip orta ateşte pişmeye bırakın.</p>"", '<p>Piştikten sonra 1 avuç doğranmış dereotu ekleyip karıştırın.</p>', '<p>Sıcak olarak servis edin afiyet olsun.</p>']",ZEYTİNYAĞLI,239b56,/tarif/zeytinyaglilar/,"['Sebze', 'Özel Beslenme', 'Vejetaryen', 'Diyet', 'Ramazan', 'Zeytinyağlı', 'Vegan', 'Video', 'Sulu Yemek', 'Mevsiminde']",,"['Öğle Yemeği', 'Akşam Yemeği']",['Tencere'],"['Ekonomik', 'Vejetaryen', 'Düşük Kalorili', 'Düşük Karbonhidratlı', 'Vegan']",False,2100,1200,2015-06-22T15:21:32Z,4.0,749045,8445,False,True,True,0,,0,,,,2015/06/kabak-yemegi-yemekcom.jpg,0,0,https://cdn.yemek.com/mnresize/940/940/uploads/2015/06/kabak-yemegi-yemekcom.jpg,940,940,False,https://cdn.yemek.com/mncrop/300/200/uploads/2015/06/kabak-yemegi-yemekcom.jpg,300,200,True,https://cdn.yemek.com/mncrop/940/625/uploads/2015/06/kabak-yemegi-yemekcom.jpg,940,625,True,https://cdn.yemek.com/mncrop/620/388/uploads/2015/06/kabak-yemegi-yemekcom.jpg,620,388,True,https://cdn.yemek.com/mncrop/600/315/uploads/2015/06/kabak-yemegi-yemekcom.jpg,600,315,True,,,"['Haziran', 'Temmuz', 'Ağustos']",,,['Ana Yemek']
1144,17117,Yasemin Özaltın,https://cdn.yemek.com/author/35533/20181219061403_avatar.jpg,/profil/yasemingursurer/,Yumuşacık Etler: Alinazik,Alinazik,/tarif/alinazik/,15 dk,15 dk,"<p>Alinazik tarifine, <a href=""https://yemek.com/tarif/"" target=""_blank"">yemeğin</a> en az kendisi kadar nefis hikayesini anlatarak başlayalım. 16.yüzyılda Yavuz Sultan Selim'in Gaziantep'e yolculuğu ile başlıyor her şey. Bu yolculuğun haberi alan halk, meşakkatli bir hazırlığa girişiyor. Çeşit çeşit yemekler, tatlılar padişah için pişiriliyor, yapılıyor. Gaziantep'e geldiğinde onun ağzına layık bir sofra kuruluyor. Masada yok yok. Fakat aralarından öyle bir lezzet var ki, yoğurdun, patlıcanın, etin tadını içine harmanlayan. Hemen sıyrılıyor diğerlerinden. Bu lezzetin tadına varan Yavuz Sultan Selim, 'Hangi eli nazik yaptı bunu?' diyor. O günden bugüne yemeğin adı önce 'Ala nazik' ardından da 'Alinazik' olarak değişiyor. <strong>Arapça'da 'ala' güzel, 'nazik' ise yemek anlamına geliyor.</strong></p>
<p>Adı da, hikayesi de kendi kadar güzel olan bu yemeği en güzel Antep'te, onların elinden yemek gerek. Ama gitme şansı olmayanlar için bir yol daha var. Üstelik pek pratik. Bu müthiş görsel şölen için sıvayın hadi kollarınızı. Biz bu tarifte kuşbaşı <a href=""https://yemek.com/tarif/et/"" target=""_blank"">et</a>leri minik minik doğradık. Ancak dilerseniz <strong>satır eti, kıyma ya da kuşbaşı</strong> kullanarak bu <a href=""https://yemek.com/tarif/yoresel-tarifler/"" target=""_blank"">yöresel</a> tarifi hazırlamanız mümkün.</p>
<p>Öyleyse, ilham veren videomuz ve <a href=""https://yemek.com/tarif/"" target=""_blank"">tarifi</a>mizle sizi baş başa bırakalım. Afiyet olsun.</p>
",recipe,"['biber salçası', 'tereyağı', 'tuz', 'tuz', 'sarımsak', 'yoğurt', 'közlenmiş patlıcan', 'toz kırmızı biber', 'kuşbaşı et (küçük doğranmış)']","['Alinazik tarifi için tereyağını derin bir tavanın içine alın. Sarımsağı ilave ederek hafifçe soteleyin.', 'Ardından minik doğranmış kuşbaşı etleri ekleyerek karıştırın, kapağını kapatıp 6-7 dakika kısık ateşte suyunu salıp pişene kadar bırakın.', 'Piştikten sonra salça, toz kırmızı biber ve tuz ekleyerek tatlandırın ve ocaktan alın.', 'Közlenmiş patlıcanları kesme tahtasının üzerinde keskin bir bıçak yardımıyla dövün.', 'Dövme aşamasında üzerine hafifçe tuz atın.', 'İyice ezildiklerinde\xa0yoğurtla\xa0bir kasenin içinde birleştirin ve güzelce karıştırın.', 'Servis tabağının içerisine yoğurtlu patlıcanlı karışımı alın. Ortasını çukurlaştırın. Hazırladığınız etleri de üzerine yerleştirin. Sosunu ilave ederek servis edin.']",ET,239b56,/tarif/et/,"['Et', 'Ramazan', 'Video', 'Yöresel Tarifler']","['akşam yemeği', 'öğle yemeği']","['Öğle Yemeği', 'Akşam Yemeği']",['Tencere'],['Bol Proteinli'],False,900,900,2022-04-15T14:40:35Z,4.0,722997,6605,False,True,True,0,,0,,,,2017/05/alinazik-tarifi.jpg,0,0,https://cdn.yemek.com/mnresize/940/940/uploads/2017/05/alinazik-tarifi.jpg,940,940,False,https://cdn.yemek.com/mncrop/300/200/uploads/2017/05/alinazik-tarifi.jpg,300,200,True,https://cdn.yemek.com/mncrop/940/625/uploads/2017/05/alinazik-tarifi.jpg,940,625,True,https://cdn.yemek.com/mncrop/620/388/uploads/2017/05/alinazik-tarifi.jpg,620,388,True,https://cdn.yemek.com/mncrop/600/315/uploads/2017/05/alinazik-tarifi.jpg,600,315,True,"['tencere', 'bol proteinli']",,,,['Gaziantep'],
1145,3546,Yasemin Özaltın,https://cdn.yemek.com/author/35533/20181219061403_avatar.jpg,/profil/yasemingursurer/,Zeytinyağlıların Kraliçesi: Barbunya,Barbunya,/tarif/barbunya/,30 dk,30 dk,"<p>Barbunya tarifinde sağlık vardır, tazelik çoktur. Zeytinyağlı yemeklerin ilk akla gelenidir o, <a href=""https://yemek.com/tarif/"" target=""_blank"">yemek tariflerinden</a> en fazla tarif defterine eklenenidir, dizi dizi sarmalar yapılacağına önceden hazırlanan uslu uslu dinlendirilen bir tencere barbunya can kurtarandır. Pratiklik, kolaylık denilince akla gelen ilk yemek tariflerinden de biridir aynı zamanda. Hafta başında yapılıp dolaba atılan, sonrasında yemeğim hazır diye gururla bahsedilendir. Karşınızda <a href=""https://yemek.com/tarif/zeytinyaglilar/"" target=""_blank"">zeytinyağlı yemeklerin</a> en güzeli barbunya tarifi!</p>
<p>Özellikle bolca bulunduğu yaz aylarında ayıklanıp dolaba konan, sonrasında da bol bol pişirilen sebzelerin başında geliyor. Yanına pilav ya da farklı zeytinyağlı yemeklerle de şahane oluyor. Şimdiden ellerinize sağlık diyor, hafif, yapımı kolay, tam kıvamında pişen <strong>barbunya yemeği</strong> tarifimize buyur ediyoruz. Afiyetler olsun!</p>
",recipe,"['sıcak su', 'tuz', 'toz şeker', 'sarımsak', 'maydanoz', 'zeytinyağı', 'domates salçası', 'orta boy havuç', 'orta boy kuru soğan', 'orta boy domates', 'büyük boy patates', 'taze barbunya', 'taze sıkılmış limon suyu (arzuya göre)']","['Kabuklarını ayıklayıp bol suda yıkadığınız 1 kilogram barbunyayı üzerini geçecek kadar su ilave edin.', 'Orta ateşte 10 dakika kadar haşlayın.', '1/2 çay bardağı zeytinyağını derin bir tencerede kızdırın.', '1 adet rendelenmiş soğan ve 2 diş ezilmiş sarımsağı katıp hafif bir renk alana kadar soteleyin.', 'Küp doğranmış 1 adet patates ve 2 adet havucu da ekleyin ve\xa0ardından\xa0renk vermesi için 1 tatlı kaşığı domates salçasını\xa0ilave edip\xa0kavumaya devam edin.', ""Haşlanmış barbunyaları da tencereye\xa0 ilave ettikten sonra 2 adet rendelenmiş domates ve 1'er tatlı kaşığı tuz ve toz şeker katıp kısık ateşte pişmeye bırakın."", 'Ocaktan aldığınız barbunyayı kapağı kapalı tencerede oda ısısına gelene kadar dinlendirin.', 'Son olarak servis kabına aktardığınız barbunya yemeğini; incecik kıyılmış maydanoz eşliğinde ılık ya da soğuk olarak\xa0servis edin, afiyet olsun.']",ZEYTİNYAĞLI,239b56,/tarif/zeytinyaglilar/,"['Özel Beslenme', 'Vejetaryen', 'Zeytinyağlı', 'Vegan', 'Video', 'Bakliyat', 'Sulu Yemek', 'Mevsiminde']","['pratik yemek tarifleri', 'ekonomik', 'akşam yemeği', 'öğle yemeği']","['Öğle Yemeği', 'Akşam Yemeği']",['Tencere'],"['Ekonomik', 'Glutensiz', 'Vejetaryen', 'Bol Proteinli', 'Düşük Karbonhidratlı', 'Vegan']",False,1800,1800,2019-05-06T08:04:17Z,4.0,711933,5424,False,True,True,0,,0,,,,2015/10/barbunya-yemekcom.jpg,0,0,https://cdn.yemek.com/mnresize/940/940/uploads/2015/10/barbunya-yemekcom.jpg,940,940,False,https://cdn.yemek.com/mncrop/300/200/uploads/2015/10/barbunya-yemekcom.jpg,300,200,True,https://cdn.yemek.com/mncrop/940/625/uploads/2015/10/barbunya-yemekcom.jpg,940,625,True,https://cdn.yemek.com/mncrop/620/388/uploads/2015/10/barbunya-yemekcom.jpg,620,388,True,https://cdn.yemek.com/mncrop/600/315/uploads/2015/10/barbunya-yemekcom.jpg,600,315,True,"['tencere', 'vejetaryen', 'bol proteinli', 'glutensiz', 'düşük karbonhidratlı', 'düşük kalorili']",,"['Haziran', 'Temmuz']",,,
1146,1120,Yasemin Özaltın,https://cdn.yemek.com/author/35533/20181219061403_avatar.jpg,/profil/yasemingursurer/,Yumuşacık Pişti: Arnavut Ciğeri,Arnavut Ciğeri,/tarif/arnavut-cigeri/,10 dk,20 dk,"<p><a href=""https://yemek.com/tarif/ciger-kavurma/"" target=""_blank"">Ciğerin</a> küçük parçalar halinde kesilip una bulandıktan sonra kızartılmasıyla oluşan bir <a href=""https://yemek.com/tarif/"" target=""_blank"">yemek tarifi</a> Arnavut ciğeri. Arzuya göre sıcak ya da soğuk olarak servis ediliyor, olmazsa olmazı <a href=""https://yemek.com/tarif/sumakli-sogan-salatasi/"" target=""_blank"">sumaklı ve maydanozlu soğan salatası</a>. Kimyonun ciğere yakıştığı bilinen bir gerçek olsa da limon sıkıp yemeği tercih edenler de var.</p>
<p>Kızgın yağda kızartılarak hazırlanan ve belirli püf noktaları bulunan Arnavut ciğeri, iştah açan ve ağız sulandıran bir <a href=""https://yemek.com/sonbahara-uygun-hafif-yemek-tarifleri/"" target=""_blank"">başlangıç</a> ve <a href=""https://yemek.com/pratik-ana-yemek-tarifleri/"" target=""_blank"">ana yemek</a> tarifi. Sizler de bu lezzetin tadına varmak isterseniz buyrun mutfağa! Daha önce böyle güzel bir <a href=""https://yemek.com/tarif/et/"" target=""_blank"">et </a>yemediğinize eminiz. Afiyet olsun!</p>
",recipe,"['tuz', 'tuz', 'un', 'patates', 'sumak', 'kırmızı soğan', 'toz kırmızı biber', 'toz kişniş', 'doğranmış maydanoz', 'karbonat', 'sıvı yağ', 'sıvı yağ', 'ciğer']","['Üzerinde bulunan zarı ayıkladığınız kuzu ciğerini, kuşbaşı büyüklüğünde kesin. Derin bir süzgece aldığınız doğranmış kuzu ciğerlerini kanının süzülmesi için bekletin.', 'Kanını süzdürdüğünüz ciğerleri karbonat ve tuz eklediğiniz una bulayın. Ciğerlerin üzerindeki fazla unu almak için tekrar süzgeçten geçirin.', '<div>Ciğerleri tavadaki ısınmış yağın içerisine koyun. Ciğerler pişmeye başladığında kırmızı toz biber ve toz kişniş ekleyin.\xa0Pişen ciğerlerin fazla yağını süzdürerek bir tabağa aktarın.</div>', 'Ayrı bir tavada kızdırdığınız yağda küp küp doğradığınız patatesleri kızartın ve ciğerlerin olduğu kaseye ekleyin.', 'Piyazlık doğradığınız kırmızı soğanları, 1 çay kaşığı tuz ile ovarak öldürün.\xa0Üzerine sumak ve doğranmış maydanozu da ekledikten sonra güzelce karıştırın ve ciğerlerin olduğu kaseye ekleyip diğer malzemelerle birlikte güzelce harmanlayın.', 'Ciğeri servis edeceğiniz tabağa alıp, sevdiklerinizle afiyetle tüketin!']",ET,239b56,/tarif/et/,"['Et', 'Video', 'Yöresel Tarifler']","['akşam yemeği', 'öğle yemeği']","['Öğle Yemeği', 'Akşam Yemeği']","['Kızartma', 'Ocak']",['Bol Proteinli'],False,600,1200,2021-11-17T07:46:50Z,4.0,711587,3831,False,True,True,0,,0,,,,2021/06/arnavut-cigeri-yemekcom.jpg,0,0,https://cdn.yemek.com/mnresize/940/940/uploads/2021/06/arnavut-cigeri-yemekcom.jpg,940,940,False,https://cdn.yemek.com/mncrop/300/200/uploads/2021/06/arnavut-cigeri-yemekcom.jpg,300,200,True,https://cdn.yemek.com/mncrop/940/625/uploads/2021/06/arnavut-cigeri-yemekcom.jpg,940,625,True,https://cdn.yemek.com/mncrop/620/388/uploads/2021/06/arnavut-cigeri-yemekcom.jpg,620,388,True,https://cdn.yemek.com/mncrop/600/315/uploads/2021/06/arnavut-cigeri-yemekcom.jpg,600,315,True,"['bol proteinli', 'kızartma']",,,,['Edirne'],
1147,246,Yasemin Özaltın,https://cdn.yemek.com/author/35533/20181219061403_avatar.jpg,/profil/yasemingursurer/,Dışarıda Yedikleriniz Gibi: Terbiyeli İşkembe Çorbası,Terbiyeli İşkembe Çorbası,/tarif/iskembe-corbasi/,1 sa,30 dk,"<p>Mide rahatlatıcı etkisiyle öne çıkan çorbaların başında gelen işkembe çorbası, aynı zamanda oldukça çok besleyici bir <a href=""https://yemek.com/tarif/"" target=""_blank"">yemek tarifi</a>.</p>
<p>Terbiyeli işkembe çorbası tarifini temizlenmiş bir işkembe edindikten sonra kolayca evde hazırlayabilir, sevdiklerinizle paylaşabilirsiniz.</p>
<p><b>Not:</b> ""İşkembe tamam da ben daha fazla çorba çeşidi de görmek istiyorum"" diyenleri tüm çorba tariflerimizin olduğu çorba kategorimize doğru alalım: <a href=""https://yemek.com/tarif/corba/"" target=""_blank"">Çorba Tarifleri</a>!</p>
",recipe,"['kuru soğan', 'tereyağı', 'tuz', 'limon suyu', 'limon suyu', 'un', 'un', 'sarımsak', 'sarımsak', 'su', 'yoğurt', 'yumurta sarısı', 'sirke', 'işkembe']","['İyi temizlenmiş\xa01 kilogram işkembenin üzerini geçecek kadar su ilave edip, işkembeler yumuşayana kadar yaklaşık 40 dakika haşlayın.', 'İşkembe haşlandıktan sonra bir kevgir yardımıyla kaseye aktarın.', 'Ayrı bir tavada 3 yemek kaşığı tereyağını eritip üzerine 3 yemek kaşığı unu ileve edin ve\xa0unun kokusu çıkana kadar kavurun.', 'Süzdüğünüz ve ılınmış olan haşlama suyundan\xa0tavaya\xa0azar azar ekleyin. Unun topaklanmaması için; bir çırpıcı yardımıyla hızlıca karıştırın.', 'Bu karışımı işkembeleri haşladığınız tencerenin içerisine sürekli olarak karıştırarak yavaş yavaş yedirin.', 'Çorbanın terbiyesini hazırlamak için; 4 yemek kaşığı yoğurt, 2 yemek kaşığı un, 1 çay kaşığı tuz, 1 adet yumurta sarısı ve yarım limon suyunu ayr bir kapta çırpın.', 'Terbiye karışımını kaynamakta olan haşlama suyu ile ılıştırdıktan\xa0sonra çorba tenceresine azar azar ekleyin ve hızlıca karıştırın.', 'Son olarak; haşlanan işkembeyi çorbaya ilave edin ve kısık ateşte, 15 dakika kadar kaynatarak pişirin.', 'Sarımsakları rendeledikten sonra sirke ile karıştırın. Servis kaselerine aldığınız çorbayı, sarımsaklı sirke ilavesiyle sıcak olarak servis edin. Afiyet olsun!']",ÇORBA,,/tarif/corba/,"['Çorba', 'Ramazan', 'Video']","['ekonomik', 'akşam yemeği']","['Başlangıç', 'Akşam Yemeği']","['Tencere', 'Ocak']",,False,3600,1800,2014-07-04T06:45:05Z,4.0,693816,763,False,True,True,0,,0,,,,2014/07/iskembe-corbasi-yemekcom.jpg,0,0,https://cdn.yemek.com/mnresize/940/940/uploads/2014/07/iskembe-corbasi-yemekcom.jpg,940,940,False,https://cdn.yemek.com/mncrop/300/200/uploads/2014/07/iskembe-corbasi-yemekcom.jpg,300,200,True,https://cdn.yemek.com/mncrop/940/625/uploads/2014/07/iskembe-corbasi-yemekcom.jpg,940,625,True,https://cdn.yemek.com/mncrop/620/388/uploads/2014/07/iskembe-corbasi-yemekcom.jpg,620,388,True,https://cdn.yemek.com/mncrop/600/315/uploads/2014/07/iskembe-corbasi-yemekcom.jpg,600,315,True,"['tencere', 'bol proteinli']",greenLight,,,,
1148,160,Cemre Özgüzel,https://cdn.yemek.com/author/109/20200211010242_avatar.jpg,/profil/cemre-ozguzel/,Kolay ve Ekonomik: Makarna Salatası,Makarna Salatası,/tarif/makarna-salatasi/,12 dk,15 dk,"<p>Evde kalmış makarnayla bile hazırlanabilecek, lezzetli ama bir o kadar da kolay bir tarif <a href=""https://www.yemek.com/kategori/tarif/makarna/"" target=""_blank"">makarna</a> salatası tarifimiz var. Makarnanın ağız sulandıran hali de diyebiliriz kendisine. Arzuya göre; doğranmış salam, sosis vb. malzemeler ekleyerek tarifi daha da zenginleştirebilirsiniz.</p>
<p>En kolay ve en nefis makarna salatasını siz yapın diye biz tadı damaklarda kalan yoğurtlu, mayonezli, garnitürlü bir <a href=""https://yemek.com/tarif/tavuklu-makarna-salatasi/"" target=""_blank"">makarna salatası</a> tarifi hazırladık sizin için.</p>
<p>Ekonomik bir tarif olması nedeniyle gerek öğrenci evlerinde, gerekse evde hemen her zaman bulabileceğiniz malzemelerle kolayca yapılabilir. Üstelik <a href=""https://yemek.com/tarif/sebze/"" target=""_blank"">sebze</a> yemek istemeyen çocuklarınızın makarna <a href=""https://yemek.com/tarif/salata/"" target=""_blank"">salata</a>sı tarifimizdeki garnitürler yardımıyla bu besinleri almalarını sağlayabilirsiniz. <a href=""https://yemek.com/cay-saati-menuleri/"" target=""_blank"">Çay saati</a> günlerine de çok yakışır. Şimdiden afiyet olsun!</p>
",recipe,"['nane', 'tuz', 'yoğurt', 'zeytinyağı', 'mayonez', 'süzme yoğurt', 'konserve haşlanmış garnitür', 'kornişon turşu', 'dereotu', 'burgu makarna']","['Burgu makarnayı kaynar suda 10- 12 dakika kadar haşlayın. Suyunu süzün ve soğuması için bir kenarda bekletin.', 'Salatanın sosunu hazırlamak için; yoğurt, süzme yoğurt, mayonezi bir kapta karıştırın.', 'Haşlanan makarnayı bu sosun içerisine ilave edin.', 'Ardından bir avuç doğranmış dereotunu, doğranmış salatalık turşusunu ve konserve garnitürü salata kasesine azar azar aktarın.', 'Tüm malzemeleri birbirine karışacak şekilde harmanlayın.', 'Sonrasında bekletmeden servis edin. Sevdiklerinizle paylaşın. Afiyetler olsun!']",SALATA,239b56,/tarif/salata/,"['Makarna', 'Salata', 'Video']","['ekonomik', 'akşam yemeği', 'öğle yemeği']","['Öğle Yemeği', 'Akşam Yemeği']",['Tencere'],,False,720,900,2019-03-12T13:16:42Z,4.0,681116,5066,False,True,True,0,,0,,,,2014/06/makarna-salatasi-yemekcom.jpg,0,0,https://cdn.yemek.com/mnresize/940/940/uploads/2014/06/makarna-salatasi-yemekcom.jpg,940,940,False,https://cdn.yemek.com/mncrop/300/200/uploads/2014/06/makarna-salatasi-yemekcom.jpg,300,200,True,https://cdn.yemek.com/mncrop/940/625/uploads/2014/06/makarna-salatasi-yemekcom.jpg,940,625,True,https://cdn.yemek.com/mncrop/620/388/uploads/2014/06/makarna-salatasi-yemekcom.jpg,620,388,True,https://cdn.yemek.com/mncrop/600/315/uploads/2014/06/makarna-salatasi-yemekcom.jpg,600,315,True,"['tencere', 'vejetaryen']",,,,,
1149,25877,Yasemin Özaltın,https://cdn.yemek.com/author/35533/20181219061403_avatar.jpg,/profil/yasemingursurer/,Tüm Püf Noktalarıyla: Sultan Sarması,Sultan Sarması,/tarif/sultan-sarmasi/,20 dk,20 dk,"<p>Yapımı oldukça kolay olan sultan sarması, <a href=""https://yemek.com/tarif/sutlu-tatlilar/"" target=""_blank"" rel=""noopener"">sütlü tatlı</a> sevenlerin bayılarak tüketeceği bir <a href=""https://yemek.com/tarif/"" target=""_blank"" rel=""noopener"">tarif</a>. Ev yapımı kakaolu <a href=""https://yemek.com/tarif/muhallebi/"" target=""_blank"" rel=""noopener"">muhallebi</a> ile Hindistan cevizinin bir araya gelmesiyle oluşan bu tarifin tadı oldukça hafif ve kesinlikle yedikçe yiyesiniz geliyor. Rulo haline getirilen tatlının üzerine dilerseniz Antep fıstığı ekleyebilir, ya da çikolata sosu ile ekstra çikolatalı bir lezzet elde edebilirsiniz.</p>
<p>Bu tarif çok kolay bir <a href=""https://yemek.com/tarif/tatli/"" target=""_blank"" rel=""noopener"">tatlı</a> tarifi. Örneğin krem şanti eklediğiniz noktada içerisine <strong>fındık, ceviz veya damla çikolata</strong> ile lezzetlendirebilirsiniz. Bu tarif oldukça pratik olmasına rağmen dikkat edilmesi gereken birkaç nokta var. Bu aşamada ""sultan sarması neden çatlar?"" sorusu akıllara gelebilir. Tepsiye yaydığınız <strong>sultan sarması tatlısı</strong>nın muhallebisini mutlaka bir gece bekletmeniz gerekiyor. Aksi takdirde rulo haline getirirken dağılmalar meydana gelebilir. Afiyet olsun!</p>",recipe,"['toz şeker', 'süt', 'un', 'kakao', 'krem şanti', 'vanilin', 'tereyağ', 'Hindistan cevizi']","['<p>Sultan sarması için bir tencerede un, toz şeker ve kakaoyu karıştırıp, üzerine yavaşça süt ilave edip sürekli karıştırarak orta ateşte pişirin.</p>', '<p>Koyulaşmaya ve baloncuk çıkarmaya başlayan muhallebinin içerisine tereyağı ekleyin ve tekrar karıştırın.</p>', '<p>Koyulaşan ve pişen muhallebiyi ocaktan alamadan önce vanilini ekleyip karıştırın ve ocaktan alın.</p>', '<p>Fırın tepsisine Hindistan cevizini yayın.</p>', '<p>Muhallebiyi, Hindistan cevizinin üzerine dikkatlice yayın. Bir\xa0gün boyunca buzdolabında bekletin.</p>', '<p>Bir gün bekleyen muhallebiyi 8 eşit dikdörtgen olacak şekilde kesin ve krem şantiyi tüm yüzeye yayın.</p>', '<p>Bir spatula yardımıyla dikdörtgen parçaları yavaşça rulo haline getirin. Üzerine, arzuya göre Antep fıstığı serpiştirerek servis edin.</p>']",SÜTLÜ TATLI,239b56,/tarif/sutlu-tatlilar/,"['Tatlı', 'Ramazan', 'Sütlü Tatlı', 'Video']",,['Çay Saati'],['Tencere'],"['Ekonomik', 'Vejetaryen']",False,1200,1200,2022-04-13T09:23:19Z,4.0,668305,5690,False,True,True,0,,0,,,,2017/11/sultan-sarmasi.jpg,0,0,https://cdn.yemek.com/mnresize/940/940/uploads/2017/11/sultan-sarmasi.jpg,940,940,False,https://cdn.yemek.com/mncrop/300/200/uploads/2017/11/sultan-sarmasi.jpg,300,200,True,https://cdn.yemek.com/mncrop/940/625/uploads/2017/11/sultan-sarmasi.jpg,940,625,True,https://cdn.yemek.com/mncrop/620/388/uploads/2017/11/sultan-sarmasi.jpg,620,388,True,https://cdn.yemek.com/mncrop/600/315/uploads/2017/11/sultan-sarmasi.jpg,600,315,True,,,,,,
1150,4605,Yasemin Özaltın,https://cdn.yemek.com/author/35533/20181219061403_avatar.jpg,/profil/yasemingursurer/,Sunumu Şık: Kıbrıs Tatlısı,Kıbrıs Tatlısı,/tarif/kibris-tatlisi/,30 dk,20 dk,"<p>Cevizli ve rendelenmiş Hindistan cevizli kek üzerine hazırladığınız kremalı, iki katlı bir <a href=""https://yemek.com/tarif/tatli/"" target=""_blank"" rel=""noopener"">tatlı</a> diyebiliriz Kıbrıs tatlısı <a href=""https://yemek.com/tarif/"" target=""_blank"" rel=""noopener"">tarifi</a> için. <a href=""https://yemek.com/tarif/ekmek-kadayifi/#gref"">Kaymaklı ekmek kadayıfı</a> ya da <a href=""https://yemek.com/tarif/revani/"">revani</a> gibi sevilen <a href=""https://yemek.com/tarif/serbetli-tatlilar/"" target=""_blank"" rel=""noopener"">şerbetli tatlıların</a> farklı bir versiyonu olduğunu düşünebiliriz. <strong>Rum tatlısı</strong> olarak da bilinen bu nefis tatlının özellikleri bu kadarla da sınırlı değil. Hamurunda un yerine galeta unu kullanılıyor. <strong>Rendelenmiş Hindistan cevizi</strong> ayrıca kıvam ve tat veriyor. İsteğe göre haşhaş bile ilave ediliyor hamuruna. Tatlı sıcak, şerbet soğuk oluyor, üzerine serilen toz krem şanti ilaveli krema damaklarda ayrı bir lezzet bırakıyor.</p>
<p>Ağzınız sulandıysa buyurun <strong>Kıbrıs tatlısı tarifi</strong> için mutfağa! Afiyet olsun!</p>",recipe,"['yumurta', 'toz şeker', 'toz şeker', 'toz şeker', 'süt', 'kabartma tozu', 'su', 'toz krem şanti', 'mısır nişastası', 'galeta unu', 'taze sıkılmış limon suyu', 'vanilin', 'sıvı yağ', 'ceviz içi (ince çekilmiş)', 'Hindistan cevizi', 'Hindistan cevizi']","['<p>Tatlının şerbeti için; su ve toz şekeri derin bir karıştırma kabına alın. Şeker taneleri eriyene kadar sürekli karıştırdığınız şerbet karışımını kısık ateşte 15 dakika kadar kaynatın.\xa0Kıvam alıp şurup kıvamına yaklaşan şerbete limon suyunu ekleyip kestirdikten sonra ocaktan alın. Soğuması için ayrı bir yerde dinlendirin.</p>', '<p>Tatlının kekini hazırlamak için; oda sıcaklığında beklettiğiniz yumurtaları derin bir karıştırma kabına kırın. Toz şeker ilavesiyle şeker taneleri tamamen eriyene kadar karıştırın.</p>', '<p>Sırasıyla; sıvı yağ, rendelenmiş Hindistan cevizi, galeta unu, ince çekilmiş ceviz içi ve kabartma tozu ekleyip karıştırma işlemini sürdürün.</p>', '<p>Pişireceğiniz kalıbı sıvı yağ ile yağlayın. Hazırladığınız kek karışımını eşit olarak yaydıktan sonra önceden ısıtılmış 160 derece fırında 30 dakika kadar pişirin.</p>', '<p>Üzerine önceden hazırladığınız soğuk şerbeti döküp içine çekmesi için bekletin.</p>', '<p>Kreması için; süt, nişasta ve toz şekeri derin bir tencereye alıp sürekli karıştırarak orta\xa0ateşte pişirin. Muhallebi kıvamına gelen kremayı ocaktan indirmeden önce vanilin ekleyin ve karıştırıp ocaktan alın.</p>', '<p>Ocaktan aldıktan sonra toz krem şanti ilavesiyle çırparak karıştırın.</p>', '<p>Krema karışımını, şerbetini çeken tatlının üzerine yayın.</p>', '<p>Hindistan cevizini de tüm yüzeye serpiştirin.</p>', '<p>Buzdolabında soğuttuktan sonra Kıbrıs tatlısını süsleyip sevdiklerinizle afiyetle tüketin.</p>']",ŞERBETLİ TATLI,239b56,/tarif/serbetli-tatlilar/,"['Tatlı', 'Şerbetli Tatlı', 'Video', 'Dünya Mutfakları']",,['Çay Saati'],['Fırın'],,False,1800,1200,2022-03-18T12:55:40Z,4.0,667376,4794,False,True,True,0,,0,,,,2016/01/kibris-tatlisi-yemekcom.jpg,0,0,https://cdn.yemek.com/mnresize/940/940/uploads/2016/01/kibris-tatlisi-yemekcom.jpg,940,940,False,https://cdn.yemek.com/mncrop/300/200/uploads/2016/01/kibris-tatlisi-yemekcom.jpg,300,200,True,https://cdn.yemek.com/mncrop/940/625/uploads/2016/01/kibris-tatlisi-yemekcom.jpg,940,625,True,https://cdn.yemek.com/mncrop/620/388/uploads/2016/01/kibris-tatlisi-yemekcom.jpg,620,388,True,https://cdn.yemek.com/mncrop/600/315/uploads/2016/01/kibris-tatlisi-yemekcom.jpg,600,315,True,,,,['Kuzey Kıbrıs Türk Cumhuriyeti'],,
1151,25725,Ayşegül Uslu,https://cdn.yemek.com/author/409098/20230915055430_avatar.jpg,/profil/aysegulu/,Şipşak Hazırlanır: Üç Malzemeli Kakaolu Kurabiye,Üç Malzemeli Kakaolu Kurabiye,/tarif/3-malzemeli-kakaolu-kurabiye/,20 dk,5 dk,"<p>Hiç vaktiniz yok. Canınız <a href=""https://yemek.com/tarif/tatli/"" target=""_blank"">tatlı</a> bir şeyler çekiyor fakat diyeti bozmak istemiyorsunuz. Böyle durumlar için sizlere harika bir tarifimiz var!</p>
<p>Sadece üç malzemeyle hazırlanan, <a href=""https://yemek.com/tarif/gercek-browni/"" target=""_blank"">brownie</a> kıvamında, yapımı çok basit ve tadı enfes bir kurabiye tarifimiz var. Tüm malzemeler tek bir kapta şipşak karıştırılıyor, gerisi fırında tamamlanıyor. İşin sırrı olgunlaşmış muz kullanmakta. Suçluluk duygusu hissetmeden, gönül rahatlığıyla yiyebileceğiniz bu <a href=""https://yemek.com/tarif/kurabiye/"" target=""_blank"">kurabiyelerde</a> şeker yok, yumurta yok, un yok! Tabii ki de tarifimizi ağız tadınıza göre farklı şekillerde hazırlayabilin diye sizlere püf noktaları da bıraktık. Hepsine göz attığınızdan eminseniz, hadi mutfağa girelim!</p>
<p>&nbsp;</p>
",recipe,"['kakao', 'muz', 'yer fıstığı ezmesi']","['Muzları soyun ve bir kaç parçaya bölün. Kakao ve fıstık ezmesiyle birlikte geniş bir kaba alın.', 'Bir çatal yardımıyla muzları ezerek, tüm malzemeyi iyice karıştırın.', 'Yağlı kağıt serilmiş fırın tepsisine, aralarında boşluk bırakarak birer kaşık halinde dökün.', 'Önceden ısıtılmış 175° derece fırında yaklaşık 20-25 dakika pişirin. Oda sıcaklığında soğuduktan sonra servis edin. Afiyet olsun!']",TATLI KURABİYE,239b56,/tarif/tatli-kurabiyeler/,"['Özel Beslenme', 'Kurabiye', 'Diyet', 'Vegan', 'Glutensiz', 'Tatlı Kurabiye']","['ekonomik', 'çay saati']",['Çay Saati'],['Fırın'],"['Ekonomik', 'Glutensiz', 'Vejetaryen', 'Bol Proteinli', 'Düşük Kalorili', 'Düşük Karbonhidratlı', 'Vegan']",False,1200,300,2021-05-28T07:00:42Z,3.0,660807,3047,False,False,True,0,,0,,,,2020/03/uc-malzemeli-kurabiye-one-cikan-.jpg,0,0,https://cdn.yemek.com/mnresize/940/940/uploads/2020/03/uc-malzemeli-kurabiye-one-cikan-.jpg,940,940,False,https://cdn.yemek.com/mncrop/300/200/uploads/2020/03/uc-malzemeli-kurabiye-one-cikan-.jpg,300,200,True,https://cdn.yemek.com/mncrop/940/625/uploads/2020/03/uc-malzemeli-kurabiye-one-cikan-.jpg,940,625,True,https://cdn.yemek.com/mncrop/620/388/uploads/2020/03/uc-malzemeli-kurabiye-one-cikan-.jpg,620,388,True,https://cdn.yemek.com/mncrop/600/315/uploads/2020/03/uc-malzemeli-kurabiye-one-cikan-.jpg,600,315,True,['fırın'],,,,,['Ara Öğün']
1152,1793,Ayşegül Uslu,https://cdn.yemek.com/author/409098/20230915055430_avatar.jpg,/profil/aysegulu/,Tüm Sırlarıyla: Kazandibi,Kazandibi,/tarif/kazandibi/,35 dk,15 dk,"<p>İçinde haşlanmış ve çok çok ince dizilmiş <a href=""https://yemek.com/tarif/tavuk/"" target=""_blank"">tavuk</a> eti katılan versiyonlarının da olduğu esmer <a href=""https://yemek.com/tarif/sutlu-tatlilar/"" target=""_blank"">sütlü tatlı</a> kazandibini pratik bir şekilde hazırlamaya ve afiyetle yemeye var mısınız? Tavuk göğsüne kazandibi tarifinde yer vermedik çünkü, onun gerçek bir <a href=""https://yemek.com/tarif/tavuk-gogsu/"" target=""_blank"">tavuk göğsü tatlısı</a>na daha çok yakıştığını düşünmekteyiz.</p>
<p>Şimdi sizi şöyle mutfağa doğru alalım ve tatlıcılarda yemeye alıştığınız kazandibini evde nasıl <a href=""https://yemek.com/tarif/tatli/"" target=""_blank"">tatlı</a> tatlı, lezzetli lezzetli yapabileceğinizi anlatalım.</p>
",recipe,"['tereyağı', 'toz şeker', 'süt', 'vanilya', 'pudra şekeri', 'buğday nişastası', 'pirinç unu']","['Sübyesi için; bir kasede\xa02 su bardağı sütü,\xa0yarım bardak toz şekeri, buğday nişastasını ve pirinç unu karıştırın. Topak kalmayana kadar çırpıcı yardımıyla çırpın.', 'Geniş bir tencereye kalan 5 su bardağı sütü ve 1 su bardağı şekeri ilave edin. Bir taşım kaynatın. Kaynayan süte yavaş yavaş sübyeyi ilave ederek sürekli karıştırın. Ocağı kısık ateşe getirerek, sürekli karıştırarak muhallebi kıvamına gelene kadar pişirin.', 'Muhallebi koyulaşıp göz göz olduğunda ocaktan alın ve vanilyayı ilave edip tekrar karıştırın. Oda sıcaklığında soğumaya bırakın.', 'Köşeli bir borcamı tereyağıyla yağlayın ve üzerine eşit olacak şekilde pudra şekerini eleyin.', 'Tepsiyi ocak üzerinde çevire çevire karışımı yakın. Tüm şeker eriyip karamelize olunca, tepsinin dibine muhallebiden ince bir kat sürün ve bir tur da muhallebiyle birlikte yakın.', 'Yakma işlemi bittiğinde kalan muhallebiyi de tepsiye dökün. Üzerini bir spatula yardımıyla düzeltin.', 'Buzdolabına kaldırıp kıvam alması için soğuttuğunuz tatlıyı, ince uzun dilimlere ayırın\xa0ve spatula yardımıyla kıvırarak rulo şeklinde sarın.\xa0Ev yapımı mis kokulu kazandibiniz hazır, afiyet olsun!']",SÜTLÜ TATLI,239b56,/tarif/sutlu-tatlilar/,"['Tatlı', 'Ramazan', 'Sütlü Tatlı', 'Video']","['ekonomik', 'ara öğün']",['Çay Saati'],['Tencere'],['Ekonomik'],False,2100,900,2021-08-17T07:30:14Z,4.0,750751,3376,False,True,True,0,,0,,,,2021/08/kazandibi-yemekcom.jpg,0,0,https://cdn.yemek.com/mnresize/940/940/uploads/2021/08/kazandibi-yemekcom.jpg,940,940,False,https://cdn.yemek.com/mncrop/300/200/uploads/2021/08/kazandibi-yemekcom.jpg,300,200,True,https://cdn.yemek.com/mncrop/940/625/uploads/2021/08/kazandibi-yemekcom.jpg,940,625,True,https://cdn.yemek.com/mncrop/620/388/uploads/2021/08/kazandibi-yemekcom.jpg,620,388,True,https://cdn.yemek.com/mncrop/600/315/uploads/2021/08/kazandibi-yemekcom.jpg,600,315,True,"['vejetaryen', 'glutensiz']",,,,,
1153,3475,Yasemin Özaltın,https://cdn.yemek.com/author/35533/20181219061403_avatar.jpg,/profil/yasemingursurer/,Püf Noktalarıyla: Zeytinyağlı Biber Dolması,Zeytinyağlı Biber Dolması,/tarif/zeytinyagli-biber-dolmasi/,45 dk,30 dk,"<p>Zeytinyağlı kontenjanının öne çıkan yemeği, kalabalık sofraların vazgeçilmez <a href=""https://yemek.com/tarif/"" target=""_blank"">yemek tariflerindendir</a> zeytinyağlı biber dolması. Püf noktalarından biri lezzetin doruk noktasına ulaşması için bol bol kuru soğan kullanmaktır. Pirinçlerin hafif diri kalacak şekilde kavrulması, hazırlanan dolmaların kısık ateşte pişirilmesi esastır. Arzuya göre kuş üzümlü, dolmalık fıstıklı ve tarçınlı olabilen iç harç bol soğanlı sade ya da rendelenmiş domates ilavesiyle de hazırlanabilir.</p>
<p><a href=""https://yemek.com/tarif/biber-dolmasi/"" target=""_blank"">Etli biber dolması</a> alınmasın ancak zeytinyağlı hali ılık ya da soğuk olarak sofraları süsleyebildiği için daha sevilir. <a href=""https://yemek.com/tarif/vejetaryen/"" target=""_blank"">Vejetaryen</a> beslenenler için lezzetli bir öğün, pilav çeşitlerine alternatif olabilecek en iddialı seçeneklerden bir tanesidir.</p>
<p>Çocukluğumuzda sadece içindeki <a href=""https://yemek.com/tarif/pilav/"" target=""_blank"">pilav</a>ı yemek için annemizle kavga ettiğimiz hala bazılarımızın bu sebeple biberini yiyemediği, dondurma kutularından en çok fırlayan yemektir biber dolması. Ama sevin ya da sevmeyin <strong>Türk mutfağının en simge yemeklerinden</strong> biridir biber dolması. Üzerine yoğurdun döküldüğü anda iştahı kabarmayan insan yoktur aslında.</p>
<p>Lafı çok uzattık, gerisi sizin akşam yemeğiniz olsun.</p>
",recipe,"['pirinç', 'kuru soğan', 'sıcak su', 'nane', 'tuz', 'toz şeker', 'zeytinyağı', 'karabiber', 'kuş üzümü', 'dolmalık fıstık', 'yenibahar', 'orta boy dolmalık biber', 'orta boy domates (üzerlerini kapatmak için)']","['Zeytinyağlı biber dolması için yarım su bardağı zeytinyağını geniş bir pilav tenceresine alın ve 2 adet yemeklik doğranmış kuru soğan ile birlikte pembeleşinceye kadar kavurun.', '2 yemek kaşığı dolmalık fıstığı da ekleyip renk alana kadar kavurmaya devam edin.', 'Dolmalık fıstıklar renk aldıktan sonra 1,5 su bardağı yıkanmış pirinci ekleyin ve 2-3 dakika kadar kavurun.', '1 yemek kaşığı kuş üzümü, 1 tatlı kaşığı tuz, yarım çay kaşığı karabiber,\xa0yarım çay kaşığı yenibahar, yarım tatlı kaşığı toz şeker ve 1 tatlı kaşığı naneyi de ekledikten sonra son kez karıştırın.', '2 su bardağı sıcak suyu ekleyip, pirinçler diri kalacak şekilde 7-8 dakika kadar pişirin ve ocaktan alın.', 'Hazırladığınız dolma harcını, üst kapağını ve iç kısmını çıkardığınız yaklaşık 10- 15 adet dolmalık biberin içerisine doldurun. Ağız kısımlarında şişme ve pişme payı bırakmaya özen gösterin.', 'Hazırladığınız dolmaları\xa0tencereye dik bir şekilde dizin.', 'Biberlerin üst kısımlarını ikiye bölünmüş cherry domates ile kapatın.', 'Tencerenin yarısına kadar su doldurun ve üzerlerine zeytinyağı gezdirip kapağını kapatın.', 'Dolmaları,\xa0 kısık ateşte pişirme suyu bitip pirinçler\xa0şişene kadar yaklaşık 30-35 dakika pişirin. Ilık ya da soğuk olarak servis edin. Afiyet olsun!']",ZEYTİNYAĞLI,239b56,/tarif/zeytinyaglilar/,"['Sebze', 'Özel Beslenme', 'Vejetaryen', 'Ramazan', 'Zeytinyağlı', 'Vegan', 'Video', 'Mevsiminde']",,"['Öğle Yemeği', 'Akşam Yemeği']",['Tencere'],"['Ekonomik', 'Vejetaryen', 'Vegan']",False,2700,1800,2022-08-24T11:40:42Z,4.0,750144,4840,False,True,True,0,,0,,,,2015/09/zeytinyagli-biber-dolmasi-yemekcom.jpg,0,0,https://cdn.yemek.com/mnresize/940/940/uploads/2015/09/zeytinyagli-biber-dolmasi-yemekcom.jpg,940,940,False,https://cdn.yemek.com/mncrop/300/200/uploads/2015/09/zeytinyagli-biber-dolmasi-yemekcom.jpg,300,200,True,https://cdn.yemek.com/mncrop/940/625/uploads/2015/09/zeytinyagli-biber-dolmasi-yemekcom.jpg,940,625,True,https://cdn.yemek.com/mncrop/620/388/uploads/2015/09/zeytinyagli-biber-dolmasi-yemekcom.jpg,620,388,True,https://cdn.yemek.com/mncrop/600/315/uploads/2015/09/zeytinyagli-biber-dolmasi-yemekcom.jpg,600,315,True,,,['Ağustos'],,,
1154,2845,Yasemin Özaltın,https://cdn.yemek.com/author/35533/20181219061403_avatar.jpg,/profil/yasemingursurer/,Çok Hafif: Kabak Yemeği,Kabak Yemeği,/tarif/kabak-yemegi/,35 dk,20 dk,"<p>Hafif yaz yemeklerinin baş tacıdır kabak <a href=""https://yemek.com/tarif/"" target=""_blank"" rel=""noopener"">yemeği</a>. Arzuya göre pirinç ilavesiyle pişirilir.<strong> Zeytinyağlı kabak yemeğine kuru nane oldukça yakışır</strong>. <a href=""https://yemek.com/tarif/mevsiminde/"" target=""_blank"" rel=""noopener"">Mevsiminde</a> sulu ve kokulu domateslerle asıl lezzetini bulur, olmadı salçadan destek alır. İncecik kıyılmış dereotu ve yoğurt eşliğinde servise hazırlanır.</p>
<p>Tabak tabak yemek isteyeceğiniz kalorisi düşük bir <a href=""https://yemek.com/tarif/zeytinyaglilar/"" target=""_blank"" rel=""noopener"">zeytinyağlı</a> olan pirinçli kabak yemeği dereotuyla süslendikten sonra sofralardaki yerini alıyor. <a href=""https://yemek.com/tarif/diyet/"" target=""_blank"" rel=""noopener"">Az kalorili</a> zeytinyağlı kabak yemeğinin yapılışını adım adım resimli ve videolu olarak aşağıya bırakıyoruz. Afiyet olsun!</p>",recipe,"['pirinç', 'sıcak su', 'tuz', 'sarımsak', 'zeytinyağı', 'karabiber', 'domates salçası', 'dereotu', 'orta boy kabak', 'orta boy kuru soğan', 'büyük boy domates']","['<p>Kabak yemeği için 4 yemek kaşığı zeytinyağını tencerede kızdırın ve üzerine 1 adet yemeklik doğranmış soğanları ekleyin ve pembeleşinceye kadar kavurun.</p>', '<p>3 diş doğranmış sarımsak ve yarım tatlı kaşığı domates salçasını ekleyin ve kokusu çıkana kadar kavurun.</p>', '<p>1 adet büyük boy soyulmuş ve küp soğranmış domatesleri ekleyin ve kavurmaya devam edin.</p>', ""<p>5 adet doğranmış orta boy kabak, 1'er çay kaşığı tuz ve karabiber, 2 yemek kaşığı yıkanmış pirinci ve 2 su bardağı sıcak suyu ekleyip orta ateşte pişmeye bırakın.</p>"", '<p>Piştikten sonra 1 avuç doğranmış dereotu ekleyip karıştırın.</p>', '<p>Sıcak olarak servis edin afiyet olsun.</p>']",ZEYTİNYAĞLI,239b56,/tarif/zeytinyaglilar/,"['Sebze', 'Özel Beslenme', 'Vejetaryen', 'Diyet', 'Ramazan', 'Zeytinyağlı', 'Vegan', 'Video', 'Sulu Yemek', 'Mevsiminde']",,"['Öğle Yemeği', 'Akşam Yemeği']",['Tencere'],"['Ekonomik', 'Vejetaryen', 'Düşük Kalorili', 'Düşük Karbonhidratlı', 'Vegan']",False,2100,1200,2015-06-22T15:21:32Z,4.0,749045,8445,False,True,True,0,,0,,,,2015/06/kabak-yemegi-yemekcom.jpg,0,0,https://cdn.yemek.com/mnresize/940/940/uploads/2015/06/kabak-yemegi-yemekcom.jpg,940,940,False,https://cdn.yemek.com/mncrop/300/200/uploads/2015/06/kabak-yemegi-yemekcom.jpg,300,200,True,https://cdn.yemek.com/mncrop/940/625/uploads/2015/06/kabak-yemegi-yemekcom.jpg,940,625,True,https://cdn.yemek.com/mncrop/620/388/uploads/2015/06/kabak-yemegi-yemekcom.jpg,620,388,True,https://cdn.yemek.com/mncrop/600/315/uploads/2015/06/kabak-yemegi-yemekcom.jpg,600,315,True,,,"['Haziran', 'Temmuz', 'Ağustos']",,,['Ana Yemek']
1155,17117,Yasemin Özaltın,https://cdn.yemek.com/author/35533/20181219061403_avatar.jpg,/profil/yasemingursurer/,Yumuşacık Etler: Alinazik,Alinazik,/tarif/alinazik/,15 dk,15 dk,"<p>Alinazik tarifine, <a href=""https://yemek.com/tarif/"" target=""_blank"">yemeğin</a> en az kendisi kadar nefis hikayesini anlatarak başlayalım. 16.yüzyılda Yavuz Sultan Selim'in Gaziantep'e yolculuğu ile başlıyor her şey. Bu yolculuğun haberi alan halk, meşakkatli bir hazırlığa girişiyor. Çeşit çeşit yemekler, tatlılar padişah için pişiriliyor, yapılıyor. Gaziantep'e geldiğinde onun ağzına layık bir sofra kuruluyor. Masada yok yok. Fakat aralarından öyle bir lezzet var ki, yoğurdun, patlıcanın, etin tadını içine harmanlayan. Hemen sıyrılıyor diğerlerinden. Bu lezzetin tadına varan Yavuz Sultan Selim, 'Hangi eli nazik yaptı bunu?' diyor. O günden bugüne yemeğin adı önce 'Ala nazik' ardından da 'Alinazik' olarak değişiyor. <strong>Arapça'da 'ala' güzel, 'nazik' ise yemek anlamına geliyor.</strong></p>
<p>Adı da, hikayesi de kendi kadar güzel olan bu yemeği en güzel Antep'te, onların elinden yemek gerek. Ama gitme şansı olmayanlar için bir yol daha var. Üstelik pek pratik. Bu müthiş görsel şölen için sıvayın hadi kollarınızı. Biz bu tarifte kuşbaşı <a href=""https://yemek.com/tarif/et/"" target=""_blank"">et</a>leri minik minik doğradık. Ancak dilerseniz <strong>satır eti, kıyma ya da kuşbaşı</strong> kullanarak bu <a href=""https://yemek.com/tarif/yoresel-tarifler/"" target=""_blank"">yöresel</a> tarifi hazırlamanız mümkün.</p>
<p>Öyleyse, ilham veren videomuz ve <a href=""https://yemek.com/tarif/"" target=""_blank"">tarifi</a>mizle sizi baş başa bırakalım. Afiyet olsun.</p>
",recipe,"['biber salçası', 'tereyağı', 'tuz', 'tuz', 'sarımsak', 'yoğurt', 'közlenmiş patlıcan', 'toz kırmızı biber', 'kuşbaşı et (küçük doğranmış)']","['Alinazik tarifi için tereyağını derin bir tavanın içine alın. Sarımsağı ilave ederek hafifçe soteleyin.', 'Ardından minik doğranmış kuşbaşı etleri ekleyerek karıştırın, kapağını kapatıp 6-7 dakika kısık ateşte suyunu salıp pişene kadar bırakın.', 'Piştikten sonra salça, toz kırmızı biber ve tuz ekleyerek tatlandırın ve ocaktan alın.', 'Közlenmiş patlıcanları kesme tahtasının üzerinde keskin bir bıçak yardımıyla dövün.', 'Dövme aşamasında üzerine hafifçe tuz atın.', 'İyice ezildiklerinde\xa0yoğurtla\xa0bir kasenin içinde birleştirin ve güzelce karıştırın.', 'Servis tabağının içerisine yoğurtlu patlıcanlı karışımı alın. Ortasını çukurlaştırın. Hazırladığınız etleri de üzerine yerleştirin. Sosunu ilave ederek servis edin.']",ET,239b56,/tarif/et/,"['Et', 'Ramazan', 'Video', 'Yöresel Tarifler']","['akşam yemeği', 'öğle yemeği']","['Öğle Yemeği', 'Akşam Yemeği']",['Tencere'],['Bol Proteinli'],False,900,900,2022-04-15T14:40:35Z,4.0,722997,6605,False,True,True,0,,0,,,,2017/05/alinazik-tarifi.jpg,0,0,https://cdn.yemek.com/mnresize/940/940/uploads/2017/05/alinazik-tarifi.jpg,940,940,False,https://cdn.yemek.com/mncrop/300/200/uploads/2017/05/alinazik-tarifi.jpg,300,200,True,https://cdn.yemek.com/mncrop/940/625/uploads/2017/05/alinazik-tarifi.jpg,940,625,True,https://cdn.yemek.com/mncrop/620/388/uploads/2017/05/alinazik-tarifi.jpg,620,388,True,https://cdn.yemek.com/mncrop/600/315/uploads/2017/05/alinazik-tarifi.jpg,600,315,True,"['tencere', 'bol proteinli']",,,,['Gaziantep'],
1156,3546,Yasemin Özaltın,https://cdn.yemek.com/author/35533/20181219061403_avatar.jpg,/profil/yasemingursurer/,Zeytinyağlıların Kraliçesi: Barbunya,Barbunya,/tarif/barbunya/,30 dk,30 dk,"<p>Barbunya tarifinde sağlık vardır, tazelik çoktur. Zeytinyağlı yemeklerin ilk akla gelenidir o, <a href=""https://yemek.com/tarif/"" target=""_blank"">yemek tariflerinden</a> en fazla tarif defterine eklenenidir, dizi dizi sarmalar yapılacağına önceden hazırlanan uslu uslu dinlendirilen bir tencere barbunya can kurtarandır. Pratiklik, kolaylık denilince akla gelen ilk yemek tariflerinden de biridir aynı zamanda. Hafta başında yapılıp dolaba atılan, sonrasında yemeğim hazır diye gururla bahsedilendir. Karşınızda <a href=""https://yemek.com/tarif/zeytinyaglilar/"" target=""_blank"">zeytinyağlı yemeklerin</a> en güzeli barbunya tarifi!</p>
<p>Özellikle bolca bulunduğu yaz aylarında ayıklanıp dolaba konan, sonrasında da bol bol pişirilen sebzelerin başında geliyor. Yanına pilav ya da farklı zeytinyağlı yemeklerle de şahane oluyor. Şimdiden ellerinize sağlık diyor, hafif, yapımı kolay, tam kıvamında pişen <strong>barbunya yemeği</strong> tarifimize buyur ediyoruz. Afiyetler olsun!</p>
",recipe,"['sıcak su', 'tuz', 'toz şeker', 'sarımsak', 'maydanoz', 'zeytinyağı', 'domates salçası', 'orta boy havuç', 'orta boy kuru soğan', 'orta boy domates', 'büyük boy patates', 'taze barbunya', 'taze sıkılmış limon suyu (arzuya göre)']","['Kabuklarını ayıklayıp bol suda yıkadığınız 1 kilogram barbunyayı üzerini geçecek kadar su ilave edin.', 'Orta ateşte 10 dakika kadar haşlayın.', '1/2 çay bardağı zeytinyağını derin bir tencerede kızdırın.', '1 adet rendelenmiş soğan ve 2 diş ezilmiş sarımsağı katıp hafif bir renk alana kadar soteleyin.', 'Küp doğranmış 1 adet patates ve 2 adet havucu da ekleyin ve\xa0ardından\xa0renk vermesi için 1 tatlı kaşığı domates salçasını\xa0ilave edip\xa0kavumaya devam edin.', ""Haşlanmış barbunyaları da tencereye\xa0 ilave ettikten sonra 2 adet rendelenmiş domates ve 1'er tatlı kaşığı tuz ve toz şeker katıp kısık ateşte pişmeye bırakın."", 'Ocaktan aldığınız barbunyayı kapağı kapalı tencerede oda ısısına gelene kadar dinlendirin.', 'Son olarak servis kabına aktardığınız barbunya yemeğini; incecik kıyılmış maydanoz eşliğinde ılık ya da soğuk olarak\xa0servis edin, afiyet olsun.']",ZEYTİNYAĞLI,239b56,/tarif/zeytinyaglilar/,"['Özel Beslenme', 'Vejetaryen', 'Zeytinyağlı', 'Vegan', 'Video', 'Bakliyat', 'Sulu Yemek', 'Mevsiminde']","['pratik yemek tarifleri', 'ekonomik', 'akşam yemeği', 'öğle yemeği']","['Öğle Yemeği', 'Akşam Yemeği']",['Tencere'],"['Ekonomik', 'Glutensiz', 'Vejetaryen', 'Bol Proteinli', 'Düşük Karbonhidratlı', 'Vegan']",False,1800,1800,2019-05-06T08:04:17Z,4.0,711933,5424,False,True,True,0,,0,,,,2015/10/barbunya-yemekcom.jpg,0,0,https://cdn.yemek.com/mnresize/940/940/uploads/2015/10/barbunya-yemekcom.jpg,940,940,False,https://cdn.yemek.com/mncrop/300/200/uploads/2015/10/barbunya-yemekcom.jpg,300,200,True,https://cdn.yemek.com/mncrop/940/625/uploads/2015/10/barbunya-yemekcom.jpg,940,625,True,https://cdn.yemek.com/mncrop/620/388/uploads/2015/10/barbunya-yemekcom.jpg,620,388,True,https://cdn.yemek.com/mncrop/600/315/uploads/2015/10/barbunya-yemekcom.jpg,600,315,True,"['tencere', 'vejetaryen', 'bol proteinli', 'glutensiz', 'düşük karbonhidratlı', 'düşük kalorili']",,"['Haziran', 'Temmuz']",,,
1157,1120,Yasemin Özaltın,https://cdn.yemek.com/author/35533/20181219061403_avatar.jpg,/profil/yasemingursurer/,Yumuşacık Pişti: Arnavut Ciğeri,Arnavut Ciğeri,/tarif/arnavut-cigeri/,10 dk,20 dk,"<p><a href=""https://yemek.com/tarif/ciger-kavurma/"" target=""_blank"">Ciğerin</a> küçük parçalar halinde kesilip una bulandıktan sonra kızartılmasıyla oluşan bir <a href=""https://yemek.com/tarif/"" target=""_blank"">yemek tarifi</a> Arnavut ciğeri. Arzuya göre sıcak ya da soğuk olarak servis ediliyor, olmazsa olmazı <a href=""https://yemek.com/tarif/sumakli-sogan-salatasi/"" target=""_blank"">sumaklı ve maydanozlu soğan salatası</a>. Kimyonun ciğere yakıştığı bilinen bir gerçek olsa da limon sıkıp yemeği tercih edenler de var.</p>
<p>Kızgın yağda kızartılarak hazırlanan ve belirli püf noktaları bulunan Arnavut ciğeri, iştah açan ve ağız sulandıran bir <a href=""https://yemek.com/sonbahara-uygun-hafif-yemek-tarifleri/"" target=""_blank"">başlangıç</a> ve <a href=""https://yemek.com/pratik-ana-yemek-tarifleri/"" target=""_blank"">ana yemek</a> tarifi. Sizler de bu lezzetin tadına varmak isterseniz buyrun mutfağa! Daha önce böyle güzel bir <a href=""https://yemek.com/tarif/et/"" target=""_blank"">et </a>yemediğinize eminiz. Afiyet olsun!</p>
",recipe,"['tuz', 'tuz', 'un', 'patates', 'sumak', 'kırmızı soğan', 'toz kırmızı biber', 'toz kişniş', 'doğranmış maydanoz', 'karbonat', 'sıvı yağ', 'sıvı yağ', 'ciğer']","['Üzerinde bulunan zarı ayıkladığınız kuzu ciğerini, kuşbaşı büyüklüğünde kesin. Derin bir süzgece aldığınız doğranmış kuzu ciğerlerini kanının süzülmesi için bekletin.', 'Kanını süzdürdüğünüz ciğerleri karbonat ve tuz eklediğiniz una bulayın. Ciğerlerin üzerindeki fazla unu almak için tekrar süzgeçten geçirin.', '<div>Ciğerleri tavadaki ısınmış yağın içerisine koyun. Ciğerler pişmeye başladığında kırmızı toz biber ve toz kişniş ekleyin.\xa0Pişen ciğerlerin fazla yağını süzdürerek bir tabağa aktarın.</div>', 'Ayrı bir tavada kızdırdığınız yağda küp küp doğradığınız patatesleri kızartın ve ciğerlerin olduğu kaseye ekleyin.', 'Piyazlık doğradığınız kırmızı soğanları, 1 çay kaşığı tuz ile ovarak öldürün.\xa0Üzerine sumak ve doğranmış maydanozu da ekledikten sonra güzelce karıştırın ve ciğerlerin olduğu kaseye ekleyip diğer malzemelerle birlikte güzelce harmanlayın.', 'Ciğeri servis edeceğiniz tabağa alıp, sevdiklerinizle afiyetle tüketin!']",ET,239b56,/tarif/et/,"['Et', 'Video', 'Yöresel Tarifler']","['akşam yemeği', 'öğle yemeği']","['Öğle Yemeği', 'Akşam Yemeği']","['Kızartma', 'Ocak']",['Bol Proteinli'],False,600,1200,2021-11-17T07:46:50Z,4.0,711587,3831,False,True,True,0,,0,,,,2021/06/arnavut-cigeri-yemekcom.jpg,0,0,https://cdn.yemek.com/mnresize/940/940/uploads/2021/06/arnavut-cigeri-yemekcom.jpg,940,940,False,https://cdn.yemek.com/mncrop/300/200/uploads/2021/06/arnavut-cigeri-yemekcom.jpg,300,200,True,https://cdn.yemek.com/mncrop/940/625/uploads/2021/06/arnavut-cigeri-yemekcom.jpg,940,625,True,https://cdn.yemek.com/mncrop/620/388/uploads/2021/06/arnavut-cigeri-yemekcom.jpg,620,388,True,https://cdn.yemek.com/mncrop/600/315/uploads/2021/06/arnavut-cigeri-yemekcom.jpg,600,315,True,"['bol proteinli', 'kızartma']",,,,['Edirne'],
1158,246,Yasemin Özaltın,https://cdn.yemek.com/author/35533/20181219061403_avatar.jpg,/profil/yasemingursurer/,Dışarıda Yedikleriniz Gibi: Terbiyeli İşkembe Çorbası,Terbiyeli İşkembe Çorbası,/tarif/iskembe-corbasi/,1 sa,30 dk,"<p>Mide rahatlatıcı etkisiyle öne çıkan çorbaların başında gelen işkembe çorbası, aynı zamanda oldukça çok besleyici bir <a href=""https://yemek.com/tarif/"" target=""_blank"">yemek tarifi</a>.</p>
<p>Terbiyeli işkembe çorbası tarifini temizlenmiş bir işkembe edindikten sonra kolayca evde hazırlayabilir, sevdiklerinizle paylaşabilirsiniz.</p>
<p><b>Not:</b> ""İşkembe tamam da ben daha fazla çorba çeşidi de görmek istiyorum"" diyenleri tüm çorba tariflerimizin olduğu çorba kategorimize doğru alalım: <a href=""https://yemek.com/tarif/corba/"" target=""_blank"">Çorba Tarifleri</a>!</p>
",recipe,"['kuru soğan', 'tereyağı', 'tuz', 'limon suyu', 'limon suyu', 'un', 'un', 'sarımsak', 'sarımsak', 'su', 'yoğurt', 'yumurta sarısı', 'sirke', 'işkembe']","['İyi temizlenmiş\xa01 kilogram işkembenin üzerini geçecek kadar su ilave edip, işkembeler yumuşayana kadar yaklaşık 40 dakika haşlayın.', 'İşkembe haşlandıktan sonra bir kevgir yardımıyla kaseye aktarın.', 'Ayrı bir tavada 3 yemek kaşığı tereyağını eritip üzerine 3 yemek kaşığı unu ileve edin ve\xa0unun kokusu çıkana kadar kavurun.', 'Süzdüğünüz ve ılınmış olan haşlama suyundan\xa0tavaya\xa0azar azar ekleyin. Unun topaklanmaması için; bir çırpıcı yardımıyla hızlıca karıştırın.', 'Bu karışımı işkembeleri haşladığınız tencerenin içerisine sürekli olarak karıştırarak yavaş yavaş yedirin.', 'Çorbanın terbiyesini hazırlamak için; 4 yemek kaşığı yoğurt, 2 yemek kaşığı un, 1 çay kaşığı tuz, 1 adet yumurta sarısı ve yarım limon suyunu ayr bir kapta çırpın.', 'Terbiye karışımını kaynamakta olan haşlama suyu ile ılıştırdıktan\xa0sonra çorba tenceresine azar azar ekleyin ve hızlıca karıştırın.', 'Son olarak; haşlanan işkembeyi çorbaya ilave edin ve kısık ateşte, 15 dakika kadar kaynatarak pişirin.', 'Sarımsakları rendeledikten sonra sirke ile karıştırın. Servis kaselerine aldığınız çorbayı, sarımsaklı sirke ilavesiyle sıcak olarak servis edin. Afiyet olsun!']",ÇORBA,,/tarif/corba/,"['Çorba', 'Ramazan', 'Video']","['ekonomik', 'akşam yemeği']","['Başlangıç', 'Akşam Yemeği']","['Tencere', 'Ocak']",,False,3600,1800,2014-07-04T06:45:05Z,4.0,693816,763,False,True,True,0,,0,,,,2014/07/iskembe-corbasi-yemekcom.jpg,0,0,https://cdn.yemek.com/mnresize/940/940/uploads/2014/07/iskembe-corbasi-yemekcom.jpg,940,940,False,https://cdn.yemek.com/mncrop/300/200/uploads/2014/07/iskembe-corbasi-yemekcom.jpg,300,200,True,https://cdn.yemek.com/mncrop/940/625/uploads/2014/07/iskembe-corbasi-yemekcom.jpg,940,625,True,https://cdn.yemek.com/mncrop/620/388/uploads/2014/07/iskembe-corbasi-yemekcom.jpg,620,388,True,https://cdn.yemek.com/mncrop/600/315/uploads/2014/07/iskembe-corbasi-yemekcom.jpg,600,315,True,"['tencere', 'bol proteinli']",greenLight,,,,
1159,160,Cemre Özgüzel,https://cdn.yemek.com/author/109/20200211010242_avatar.jpg,/profil/cemre-ozguzel/,Kolay ve Ekonomik: Makarna Salatası,Makarna Salatası,/tarif/makarna-salatasi/,12 dk,15 dk,"<p>Evde kalmış makarnayla bile hazırlanabilecek, lezzetli ama bir o kadar da kolay bir tarif <a href=""https://www.yemek.com/kategori/tarif/makarna/"" target=""_blank"">makarna</a> salatası tarifimiz var. Makarnanın ağız sulandıran hali de diyebiliriz kendisine. Arzuya göre; doğranmış salam, sosis vb. malzemeler ekleyerek tarifi daha da zenginleştirebilirsiniz.</p>
<p>En kolay ve en nefis makarna salatasını siz yapın diye biz tadı damaklarda kalan yoğurtlu, mayonezli, garnitürlü bir <a href=""https://yemek.com/tarif/tavuklu-makarna-salatasi/"" target=""_blank"">makarna salatası</a> tarifi hazırladık sizin için.</p>
<p>Ekonomik bir tarif olması nedeniyle gerek öğrenci evlerinde, gerekse evde hemen her zaman bulabileceğiniz malzemelerle kolayca yapılabilir. Üstelik <a href=""https://yemek.com/tarif/sebze/"" target=""_blank"">sebze</a> yemek istemeyen çocuklarınızın makarna <a href=""https://yemek.com/tarif/salata/"" target=""_blank"">salata</a>sı tarifimizdeki garnitürler yardımıyla bu besinleri almalarını sağlayabilirsiniz. <a href=""https://yemek.com/cay-saati-menuleri/"" target=""_blank"">Çay saati</a> günlerine de çok yakışır. Şimdiden afiyet olsun!</p>
",recipe,"['nane', 'tuz', 'yoğurt', 'zeytinyağı', 'mayonez', 'süzme yoğurt', 'konserve haşlanmış garnitür', 'kornişon turşu', 'dereotu', 'burgu makarna']","['Burgu makarnayı kaynar suda 10- 12 dakika kadar haşlayın. Suyunu süzün ve soğuması için bir kenarda bekletin.', 'Salatanın sosunu hazırlamak için; yoğurt, süzme yoğurt, mayonezi bir kapta karıştırın.', 'Haşlanan makarnayı bu sosun içerisine ilave edin.', 'Ardından bir avuç doğranmış dereotunu, doğranmış salatalık turşusunu ve konserve garnitürü salata kasesine azar azar aktarın.', 'Tüm malzemeleri birbirine karışacak şekilde harmanlayın.', 'Sonrasında bekletmeden servis edin. Sevdiklerinizle paylaşın. Afiyetler olsun!']",SALATA,239b56,/tarif/salata/,"['Makarna', 'Salata', 'Video']","['ekonomik', 'akşam yemeği', 'öğle yemeği']","['Öğle Yemeği', 'Akşam Yemeği']",['Tencere'],,False,720,900,2019-03-12T13:16:42Z,4.0,681116,5066,False,True,True,0,,0,,,,2014/06/makarna-salatasi-yemekcom.jpg,0,0,https://cdn.yemek.com/mnresize/940/940/uploads/2014/06/makarna-salatasi-yemekcom.jpg,940,940,False,https://cdn.yemek.com/mncrop/300/200/uploads/2014/06/makarna-salatasi-yemekcom.jpg,300,200,True,https://cdn.yemek.com/mncrop/940/625/uploads/2014/06/makarna-salatasi-yemekcom.jpg,940,625,True,https://cdn.yemek.com/mncrop/620/388/uploads/2014/06/makarna-salatasi-yemekcom.jpg,620,388,True,https://cdn.yemek.com/mncrop/600/315/uploads/2014/06/makarna-salatasi-yemekcom.jpg,600,315,True,"['tencere', 'vejetaryen']",,,,,
1160,25877,Yasemin Özaltın,https://cdn.yemek.com/author/35533/20181219061403_avatar.jpg,/profil/yasemingursurer/,Tüm Püf Noktalarıyla: Sultan Sarması,Sultan Sarması,/tarif/sultan-sarmasi/,20 dk,20 dk,"<p>Yapımı oldukça kolay olan sultan sarması, <a href=""https://yemek.com/tarif/sutlu-tatlilar/"" target=""_blank"" rel=""noopener"">sütlü tatlı</a> sevenlerin bayılarak tüketeceği bir <a href=""https://yemek.com/tarif/"" target=""_blank"" rel=""noopener"">tarif</a>. Ev yapımı kakaolu <a href=""https://yemek.com/tarif/muhallebi/"" target=""_blank"" rel=""noopener"">muhallebi</a> ile Hindistan cevizinin bir araya gelmesiyle oluşan bu tarifin tadı oldukça hafif ve kesinlikle yedikçe yiyesiniz geliyor. Rulo haline getirilen tatlının üzerine dilerseniz Antep fıstığı ekleyebilir, ya da çikolata sosu ile ekstra çikolatalı bir lezzet elde edebilirsiniz.</p>
<p>Bu tarif çok kolay bir <a href=""https://yemek.com/tarif/tatli/"" target=""_blank"" rel=""noopener"">tatlı</a> tarifi. Örneğin krem şanti eklediğiniz noktada içerisine <strong>fındık, ceviz veya damla çikolata</strong> ile lezzetlendirebilirsiniz. Bu tarif oldukça pratik olmasına rağmen dikkat edilmesi gereken birkaç nokta var. Bu aşamada ""sultan sarması neden çatlar?"" sorusu akıllara gelebilir. Tepsiye yaydığınız <strong>sultan sarması tatlısı</strong>nın muhallebisini mutlaka bir gece bekletmeniz gerekiyor. Aksi takdirde rulo haline getirirken dağılmalar meydana gelebilir. Afiyet olsun!</p>",recipe,"['toz şeker', 'süt', 'un', 'kakao', 'krem şanti', 'vanilin', 'tereyağ', 'Hindistan cevizi']","['<p>Sultan sarması için bir tencerede un, toz şeker ve kakaoyu karıştırıp, üzerine yavaşça süt ilave edip sürekli karıştırarak orta ateşte pişirin.</p>', '<p>Koyulaşmaya ve baloncuk çıkarmaya başlayan muhallebinin içerisine tereyağı ekleyin ve tekrar karıştırın.</p>', '<p>Koyulaşan ve pişen muhallebiyi ocaktan alamadan önce vanilini ekleyip karıştırın ve ocaktan alın.</p>', '<p>Fırın tepsisine Hindistan cevizini yayın.</p>', '<p>Muhallebiyi, Hindistan cevizinin üzerine dikkatlice yayın. Bir\xa0gün boyunca buzdolabında bekletin.</p>', '<p>Bir gün bekleyen muhallebiyi 8 eşit dikdörtgen olacak şekilde kesin ve krem şantiyi tüm yüzeye yayın.</p>', '<p>Bir spatula yardımıyla dikdörtgen parçaları yavaşça rulo haline getirin. Üzerine, arzuya göre Antep fıstığı serpiştirerek servis edin.</p>']",SÜTLÜ TATLI,239b56,/tarif/sutlu-tatlilar/,"['Tatlı', 'Ramazan', 'Sütlü Tatlı', 'Video']",,['Çay Saati'],['Tencere'],"['Ekonomik', 'Vejetaryen']",False,1200,1200,2022-04-13T09:23:19Z,4.0,668305,5690,False,True,True,0,,0,,,,2017/11/sultan-sarmasi.jpg,0,0,https://cdn.yemek.com/mnresize/940/940/uploads/2017/11/sultan-sarmasi.jpg,940,940,False,https://cdn.yemek.com/mncrop/300/200/uploads/2017/11/sultan-sarmasi.jpg,300,200,True,https://cdn.yemek.com/mncrop/940/625/uploads/2017/11/sultan-sarmasi.jpg,940,625,True,https://cdn.yemek.com/mncrop/620/388/uploads/2017/11/sultan-sarmasi.jpg,620,388,True,https://cdn.yemek.com/mncrop/600/315/uploads/2017/11/sultan-sarmasi.jpg,600,315,True,,,,,,
1161,4605,Yasemin Özaltın,https://cdn.yemek.com/author/35533/20181219061403_avatar.jpg,/profil/yasemingursurer/,Sunumu Şık: Kıbrıs Tatlısı,Kıbrıs Tatlısı,/tarif/kibris-tatlisi/,30 dk,20 dk,"<p>Cevizli ve rendelenmiş Hindistan cevizli kek üzerine hazırladığınız kremalı, iki katlı bir <a href=""https://yemek.com/tarif/tatli/"" target=""_blank"" rel=""noopener"">tatlı</a> diyebiliriz Kıbrıs tatlısı <a href=""https://yemek.com/tarif/"" target=""_blank"" rel=""noopener"">tarifi</a> için. <a href=""https://yemek.com/tarif/ekmek-kadayifi/#gref"">Kaymaklı ekmek kadayıfı</a> ya da <a href=""https://yemek.com/tarif/revani/"">revani</a> gibi sevilen <a href=""https://yemek.com/tarif/serbetli-tatlilar/"" target=""_blank"" rel=""noopener"">şerbetli tatlıların</a> farklı bir versiyonu olduğunu düşünebiliriz. <strong>Rum tatlısı</strong> olarak da bilinen bu nefis tatlının özellikleri bu kadarla da sınırlı değil. Hamurunda un yerine galeta unu kullanılıyor. <strong>Rendelenmiş Hindistan cevizi</strong> ayrıca kıvam ve tat veriyor. İsteğe göre haşhaş bile ilave ediliyor hamuruna. Tatlı sıcak, şerbet soğuk oluyor, üzerine serilen toz krem şanti ilaveli krema damaklarda ayrı bir lezzet bırakıyor.</p>
<p>Ağzınız sulandıysa buyurun <strong>Kıbrıs tatlısı tarifi</strong> için mutfağa! Afiyet olsun!</p>",recipe,"['yumurta', 'toz şeker', 'toz şeker', 'toz şeker', 'süt', 'kabartma tozu', 'su', 'toz krem şanti', 'mısır nişastası', 'galeta unu', 'taze sıkılmış limon suyu', 'vanilin', 'sıvı yağ', 'ceviz içi (ince çekilmiş)', 'Hindistan cevizi', 'Hindistan cevizi']","['<p>Tatlının şerbeti için; su ve toz şekeri derin bir karıştırma kabına alın. Şeker taneleri eriyene kadar sürekli karıştırdığınız şerbet karışımını kısık ateşte 15 dakika kadar kaynatın.\xa0Kıvam alıp şurup kıvamına yaklaşan şerbete limon suyunu ekleyip kestirdikten sonra ocaktan alın. Soğuması için ayrı bir yerde dinlendirin.</p>', '<p>Tatlının kekini hazırlamak için; oda sıcaklığında beklettiğiniz yumurtaları derin bir karıştırma kabına kırın. Toz şeker ilavesiyle şeker taneleri tamamen eriyene kadar karıştırın.</p>', '<p>Sırasıyla; sıvı yağ, rendelenmiş Hindistan cevizi, galeta unu, ince çekilmiş ceviz içi ve kabartma tozu ekleyip karıştırma işlemini sürdürün.</p>', '<p>Pişireceğiniz kalıbı sıvı yağ ile yağlayın. Hazırladığınız kek karışımını eşit olarak yaydıktan sonra önceden ısıtılmış 160 derece fırında 30 dakika kadar pişirin.</p>', '<p>Üzerine önceden hazırladığınız soğuk şerbeti döküp içine çekmesi için bekletin.</p>', '<p>Kreması için; süt, nişasta ve toz şekeri derin bir tencereye alıp sürekli karıştırarak orta\xa0ateşte pişirin. Muhallebi kıvamına gelen kremayı ocaktan indirmeden önce vanilin ekleyin ve karıştırıp ocaktan alın.</p>', '<p>Ocaktan aldıktan sonra toz krem şanti ilavesiyle çırparak karıştırın.</p>', '<p>Krema karışımını, şerbetini çeken tatlının üzerine yayın.</p>', '<p>Hindistan cevizini de tüm yüzeye serpiştirin.</p>', '<p>Buzdolabında soğuttuktan sonra Kıbrıs tatlısını süsleyip sevdiklerinizle afiyetle tüketin.</p>']",ŞERBETLİ TATLI,239b56,/tarif/serbetli-tatlilar/,"['Tatlı', 'Şerbetli Tatlı', 'Video', 'Dünya Mutfakları']",,['Çay Saati'],['Fırın'],,False,1800,1200,2022-03-18T12:55:40Z,4.0,667376,4794,False,True,True,0,,0,,,,2016/01/kibris-tatlisi-yemekcom.jpg,0,0,https://cdn.yemek.com/mnresize/940/940/uploads/2016/01/kibris-tatlisi-yemekcom.jpg,940,940,False,https://cdn.yemek.com/mncrop/300/200/uploads/2016/01/kibris-tatlisi-yemekcom.jpg,300,200,True,https://cdn.yemek.com/mncrop/940/625/uploads/2016/01/kibris-tatlisi-yemekcom.jpg,940,625,True,https://cdn.yemek.com/mncrop/620/388/uploads/2016/01/kibris-tatlisi-yemekcom.jpg,620,388,True,https://cdn.yemek.com/mncrop/600/315/uploads/2016/01/kibris-tatlisi-yemekcom.jpg,600,315,True,,,,['Kuzey Kıbrıs Türk Cumhuriyeti'],,
1162,25725,Ayşegül Uslu,https://cdn.yemek.com/author/409098/20230915055430_avatar.jpg,/profil/aysegulu/,Şipşak Hazırlanır: Üç Malzemeli Kakaolu Kurabiye,Üç Malzemeli Kakaolu Kurabiye,/tarif/3-malzemeli-kakaolu-kurabiye/,20 dk,5 dk,"<p>Hiç vaktiniz yok. Canınız <a href=""https://yemek.com/tarif/tatli/"" target=""_blank"">tatlı</a> bir şeyler çekiyor fakat diyeti bozmak istemiyorsunuz. Böyle durumlar için sizlere harika bir tarifimiz var!</p>
<p>Sadece üç malzemeyle hazırlanan, <a href=""https://yemek.com/tarif/gercek-browni/"" target=""_blank"">brownie</a> kıvamında, yapımı çok basit ve tadı enfes bir kurabiye tarifimiz var. Tüm malzemeler tek bir kapta şipşak karıştırılıyor, gerisi fırında tamamlanıyor. İşin sırrı olgunlaşmış muz kullanmakta. Suçluluk duygusu hissetmeden, gönül rahatlığıyla yiyebileceğiniz bu <a href=""https://yemek.com/tarif/kurabiye/"" target=""_blank"">kurabiyelerde</a> şeker yok, yumurta yok, un yok! Tabii ki de tarifimizi ağız tadınıza göre farklı şekillerde hazırlayabilin diye sizlere püf noktaları da bıraktık. Hepsine göz attığınızdan eminseniz, hadi mutfağa girelim!</p>
<p>&nbsp;</p>
",recipe,"['kakao', 'muz', 'yer fıstığı ezmesi']","['Muzları soyun ve bir kaç parçaya bölün. Kakao ve fıstık ezmesiyle birlikte geniş bir kaba alın.', 'Bir çatal yardımıyla muzları ezerek, tüm malzemeyi iyice karıştırın.', 'Yağlı kağıt serilmiş fırın tepsisine, aralarında boşluk bırakarak birer kaşık halinde dökün.', 'Önceden ısıtılmış 175° derece fırında yaklaşık 20-25 dakika pişirin. Oda sıcaklığında soğuduktan sonra servis edin. Afiyet olsun!']",TATLI KURABİYE,239b56,/tarif/tatli-kurabiyeler/,"['Özel Beslenme', 'Kurabiye', 'Diyet', 'Vegan', 'Glutensiz', 'Tatlı Kurabiye']","['ekonomik', 'çay saati']",['Çay Saati'],['Fırın'],"['Ekonomik', 'Glutensiz', 'Vejetaryen', 'Bol Proteinli', 'Düşük Kalorili', 'Düşük Karbonhidratlı', 'Vegan']",False,1200,300,2021-05-28T07:00:42Z,3.0,660807,3047,False,False,True,0,,0,,,,2020/03/uc-malzemeli-kurabiye-one-cikan-.jpg,0,0,https://cdn.yemek.com/mnresize/940/940/uploads/2020/03/uc-malzemeli-kurabiye-one-cikan-.jpg,940,940,False,https://cdn.yemek.com/mncrop/300/200/uploads/2020/03/uc-malzemeli-kurabiye-one-cikan-.jpg,300,200,True,https://cdn.yemek.com/mncrop/940/625/uploads/2020/03/uc-malzemeli-kurabiye-one-cikan-.jpg,940,625,True,https://cdn.yemek.com/mncrop/620/388/uploads/2020/03/uc-malzemeli-kurabiye-one-cikan-.jpg,620,388,True,https://cdn.yemek.com/mncrop/600/315/uploads/2020/03/uc-malzemeli-kurabiye-one-cikan-.jpg,600,315,True,['fırın'],,,,,['Ara Öğün']
1163,27158,Gökçen Mutaf,https://cdn.yemek.com/author/23120/20181227103819_avatar.jpeg,/profil/gokcenmutaf/,Karadeniz Lezzeti: Kuymak,Kuymak,/tarif/kuymak/,10 dk,2 dk,"<p>İsmi üzerine birçok tartışma yaşansa da, adı tadının önüne asla geçemeyecek bir tarif kuymak. Aynı zamanda <a href=""https://yemek.com/tarif/muhlama/"" target=""_blank"" rel=""noopener"">muhlama</a> ya da <a href=""https://yemek.com/tarif/mihlama/"" target=""_blank"" rel=""noopener"">mıhlama</a> ismi ile de bilinen bu tarif Karadeniz bölgesinden Türk mutfağına armağan edilen müthiş bir lezzet.</p>
<p>Adı ve yapılışında farklılık olduğunu, yöreden yöreye göre değiştiği söyleniyor. Hatta kuymakta kaymak kullanıldığı için muhlamadan farklı olduğu da söyleniyor. Kimi <strong>kuymağı kaymakla yapıyor</strong>, kimi tereyağını mıhlamaya konulandan daha az koyarak. Sonuç, iki isimle de bu tarifin mükemmel bir lezzete sahip olduğu!</p>
<p>Mısır unu, tereyağ ve peynirin eşsiz uyumunun tadını çıkarmak gerektiğine inanıyor, sizi <strong>kuymak tarifi</strong>yle baş başa bırakıyoruz. Afiyet olsun! <img class=""wp-smiley img-responsive"" src=""https://cdn.yemek.com/assets/images/smiley/smile.png""></p>",recipe,"['tereyağı', 'tuz', 'su', 'mısır unu', 'kaynar su', 'kolot peyniri']","['<p>Kuymak tarifi için tereyağını mümkünse bakır bir tavaya alın ve yağ eriyip köpürünce üstüne mısır ununu ekleyin.</p>', '<p>Mısır ununun rengi dönene dek kavurun. Ardından bir su bardağı suyu ve tuzunu ekleyin.</p>', '<p>Suyu çekene dek kavurun ve suyu iyice ektikten sonra içine kolot peynirini ilave edin.</p>', '<p>Peynir tamamen eriyip, suyunu çekene dek karıştırarak kavurun.</p>', '<p>Peynir de eridikten sonra kaynar suyu ekleyin, suyu çekip uzayan bir kıvam aldığında ocağın altını kısın.</p>', '<p>Tereyağı hafifçe üstte biriktiği zaman kuymağınız hazır demektir. Sıcak sıcak kuymağı servis edin.</p>']",KAHVALTILIK,239b56,/tarif/kahvaltiliklar/,"['Kahvaltılık', 'Yöresel Tarifler']",,"['Kahvaltı', 'Çay Saati']",['Tencere'],['Vejetaryen'],False,600,120,2020-09-16T09:06:42Z,4.0,660576,3053,False,False,True,0,,0,,,,2017/12/kuymak-tarifi-son.jpg,0,0,https://cdn.yemek.com/mnresize/940/940/uploads/2017/12/kuymak-tarifi-son.jpg,940,940,False,https://cdn.yemek.com/mncrop/300/200/uploads/2017/12/kuymak-tarifi-son.jpg,300,200,True,https://cdn.yemek.com/mncrop/940/625/uploads/2017/12/kuymak-tarifi-son.jpg,940,625,True,https://cdn.yemek.com/mncrop/620/388/uploads/2017/12/kuymak-tarifi-son.jpg,620,388,True,https://cdn.yemek.com/mncrop/600/315/uploads/2017/12/kuymak-tarifi-son.jpg,600,315,True,,,,,['Trabzon'],
1164,3475,Yasemin Özaltın,https://cdn.yemek.com/author/35533/20181219061403_avatar.jpg,/profil/yasemingursurer/,Püf Noktalarıyla: Zeytinyağlı Biber Dolması,Zeytinyağlı Biber Dolması,/tarif/zeytinyagli-biber-dolmasi/,45 dk,30 dk,"<p>Zeytinyağlı kontenjanının öne çıkan yemeği, kalabalık sofraların vazgeçilmez <a href=""https://yemek.com/tarif/"" target=""_blank"">yemek tariflerindendir</a> zeytinyağlı biber dolması. Püf noktalarından biri lezzetin doruk noktasına ulaşması için bol bol kuru soğan kullanmaktır. Pirinçlerin hafif diri kalacak şekilde kavrulması, hazırlanan dolmaların kısık ateşte pişirilmesi esastır. Arzuya göre kuş üzümlü, dolmalık fıstıklı ve tarçınlı olabilen iç harç bol soğanlı sade ya da rendelenmiş domates ilavesiyle de hazırlanabilir.</p>
<p><a href=""https://yemek.com/tarif/biber-dolmasi/"" target=""_blank"">Etli biber dolması</a> alınmasın ancak zeytinyağlı hali ılık ya da soğuk olarak sofraları süsleyebildiği için daha sevilir. <a href=""https://yemek.com/tarif/vejetaryen/"" target=""_blank"">Vejetaryen</a> beslenenler için lezzetli bir öğün, pilav çeşitlerine alternatif olabilecek en iddialı seçeneklerden bir tanesidir.</p>
<p>Çocukluğumuzda sadece içindeki <a href=""https://yemek.com/tarif/pilav/"" target=""_blank"">pilav</a>ı yemek için annemizle kavga ettiğimiz hala bazılarımızın bu sebeple biberini yiyemediği, dondurma kutularından en çok fırlayan yemektir biber dolması. Ama sevin ya da sevmeyin <strong>Türk mutfağının en simge yemeklerinden</strong> biridir biber dolması. Üzerine yoğurdun döküldüğü anda iştahı kabarmayan insan yoktur aslında.</p>
<p>Lafı çok uzattık, gerisi sizin akşam yemeğiniz olsun.</p>
",recipe,"['pirinç', 'kuru soğan', 'sıcak su', 'nane', 'tuz', 'toz şeker', 'zeytinyağı', 'karabiber', 'kuş üzümü', 'dolmalık fıstık', 'yenibahar', 'orta boy dolmalık biber', 'orta boy domates (üzerlerini kapatmak için)']","['Zeytinyağlı biber dolması için yarım su bardağı zeytinyağını geniş bir pilav tenceresine alın ve 2 adet yemeklik doğranmış kuru soğan ile birlikte pembeleşinceye kadar kavurun.', '2 yemek kaşığı dolmalık fıstığı da ekleyip renk alana kadar kavurmaya devam edin.', 'Dolmalık fıstıklar renk aldıktan sonra 1,5 su bardağı yıkanmış pirinci ekleyin ve 2-3 dakika kadar kavurun.', '1 yemek kaşığı kuş üzümü, 1 tatlı kaşığı tuz, yarım çay kaşığı karabiber,\xa0yarım çay kaşığı yenibahar, yarım tatlı kaşığı toz şeker ve 1 tatlı kaşığı naneyi de ekledikten sonra son kez karıştırın.', '2 su bardağı sıcak suyu ekleyip, pirinçler diri kalacak şekilde 7-8 dakika kadar pişirin ve ocaktan alın.', 'Hazırladığınız dolma harcını, üst kapağını ve iç kısmını çıkardığınız yaklaşık 10- 15 adet dolmalık biberin içerisine doldurun. Ağız kısımlarında şişme ve pişme payı bırakmaya özen gösterin.', 'Hazırladığınız dolmaları\xa0tencereye dik bir şekilde dizin.', 'Biberlerin üst kısımlarını ikiye bölünmüş cherry domates ile kapatın.', 'Tencerenin yarısına kadar su doldurun ve üzerlerine zeytinyağı gezdirip kapağını kapatın.', 'Dolmaları,\xa0 kısık ateşte pişirme suyu bitip pirinçler\xa0şişene kadar yaklaşık 30-35 dakika pişirin. Ilık ya da soğuk olarak servis edin. Afiyet olsun!']",ZEYTİNYAĞLI,239b56,/tarif/zeytinyaglilar/,"['Sebze', 'Özel Beslenme', 'Vejetaryen', 'Ramazan', 'Zeytinyağlı', 'Vegan', 'Video', 'Mevsiminde']",,"['Öğle Yemeği', 'Akşam Yemeği']",['Tencere'],"['Ekonomik', 'Vejetaryen', 'Vegan']",False,2700,1800,2022-08-24T11:40:42Z,4.0,750144,4840,False,True,True,0,,0,,,,2015/09/zeytinyagli-biber-dolmasi-yemekcom.jpg,0,0,https://cdn.yemek.com/mnresize/940/940/uploads/2015/09/zeytinyagli-biber-dolmasi-yemekcom.jpg,940,940,False,https://cdn.yemek.com/mncrop/300/200/uploads/2015/09/zeytinyagli-biber-dolmasi-yemekcom.jpg,300,200,True,https://cdn.yemek.com/mncrop/940/625/uploads/2015/09/zeytinyagli-biber-dolmasi-yemekcom.jpg,940,625,True,https://cdn.yemek.com/mncrop/620/388/uploads/2015/09/zeytinyagli-biber-dolmasi-yemekcom.jpg,620,388,True,https://cdn.yemek.com/mncrop/600/315/uploads/2015/09/zeytinyagli-biber-dolmasi-yemekcom.jpg,600,315,True,,,['Ağustos'],,,
1165,2845,Yasemin Özaltın,https://cdn.yemek.com/author/35533/20181219061403_avatar.jpg,/profil/yasemingursurer/,Çok Hafif: Kabak Yemeği,Kabak Yemeği,/tarif/kabak-yemegi/,35 dk,20 dk,"<p>Hafif yaz yemeklerinin baş tacıdır kabak <a href=""https://yemek.com/tarif/"" target=""_blank"" rel=""noopener"">yemeği</a>. Arzuya göre pirinç ilavesiyle pişirilir.<strong> Zeytinyağlı kabak yemeğine kuru nane oldukça yakışır</strong>. <a href=""https://yemek.com/tarif/mevsiminde/"" target=""_blank"" rel=""noopener"">Mevsiminde</a> sulu ve kokulu domateslerle asıl lezzetini bulur, olmadı salçadan destek alır. İncecik kıyılmış dereotu ve yoğurt eşliğinde servise hazırlanır.</p>
<p>Tabak tabak yemek isteyeceğiniz kalorisi düşük bir <a href=""https://yemek.com/tarif/zeytinyaglilar/"" target=""_blank"" rel=""noopener"">zeytinyağlı</a> olan pirinçli kabak yemeği dereotuyla süslendikten sonra sofralardaki yerini alıyor. <a href=""https://yemek.com/tarif/diyet/"" target=""_blank"" rel=""noopener"">Az kalorili</a> zeytinyağlı kabak yemeğinin yapılışını adım adım resimli ve videolu olarak aşağıya bırakıyoruz. Afiyet olsun!</p>",recipe,"['pirinç', 'sıcak su', 'tuz', 'sarımsak', 'zeytinyağı', 'karabiber', 'domates salçası', 'dereotu', 'orta boy kabak', 'orta boy kuru soğan', 'büyük boy domates']","['<p>Kabak yemeği için 4 yemek kaşığı zeytinyağını tencerede kızdırın ve üzerine 1 adet yemeklik doğranmış soğanları ekleyin ve pembeleşinceye kadar kavurun.</p>', '<p>3 diş doğranmış sarımsak ve yarım tatlı kaşığı domates salçasını ekleyin ve kokusu çıkana kadar kavurun.</p>', '<p>1 adet büyük boy soyulmuş ve küp soğranmış domatesleri ekleyin ve kavurmaya devam edin.</p>', ""<p>5 adet doğranmış orta boy kabak, 1'er çay kaşığı tuz ve karabiber, 2 yemek kaşığı yıkanmış pirinci ve 2 su bardağı sıcak suyu ekleyip orta ateşte pişmeye bırakın.</p>"", '<p>Piştikten sonra 1 avuç doğranmış dereotu ekleyip karıştırın.</p>', '<p>Sıcak olarak servis edin afiyet olsun.</p>']",ZEYTİNYAĞLI,239b56,/tarif/zeytinyaglilar/,"['Sebze', 'Özel Beslenme', 'Vejetaryen', 'Diyet', 'Ramazan', 'Zeytinyağlı', 'Vegan', 'Video', 'Sulu Yemek', 'Mevsiminde']",,"['Öğle Yemeği', 'Akşam Yemeği']",['Tencere'],"['Ekonomik', 'Vejetaryen', 'Düşük Kalorili', 'Düşük Karbonhidratlı', 'Vegan']",False,2100,1200,2015-06-22T15:21:32Z,4.0,749045,8445,False,True,True,0,,0,,,,2015/06/kabak-yemegi-yemekcom.jpg,0,0,https://cdn.yemek.com/mnresize/940/940/uploads/2015/06/kabak-yemegi-yemekcom.jpg,940,940,False,https://cdn.yemek.com/mncrop/300/200/uploads/2015/06/kabak-yemegi-yemekcom.jpg,300,200,True,https://cdn.yemek.com/mncrop/940/625/uploads/2015/06/kabak-yemegi-yemekcom.jpg,940,625,True,https://cdn.yemek.com/mncrop/620/388/uploads/2015/06/kabak-yemegi-yemekcom.jpg,620,388,True,https://cdn.yemek.com/mncrop/600/315/uploads/2015/06/kabak-yemegi-yemekcom.jpg,600,315,True,,,"['Haziran', 'Temmuz', 'Ağustos']",,,['Ana Yemek']
1166,17117,Yasemin Özaltın,https://cdn.yemek.com/author/35533/20181219061403_avatar.jpg,/profil/yasemingursurer/,Yumuşacık Etler: Alinazik,Alinazik,/tarif/alinazik/,15 dk,15 dk,"<p>Alinazik tarifine, <a href=""https://yemek.com/tarif/"" target=""_blank"">yemeğin</a> en az kendisi kadar nefis hikayesini anlatarak başlayalım. 16.yüzyılda Yavuz Sultan Selim'in Gaziantep'e yolculuğu ile başlıyor her şey. Bu yolculuğun haberi alan halk, meşakkatli bir hazırlığa girişiyor. Çeşit çeşit yemekler, tatlılar padişah için pişiriliyor, yapılıyor. Gaziantep'e geldiğinde onun ağzına layık bir sofra kuruluyor. Masada yok yok. Fakat aralarından öyle bir lezzet var ki, yoğurdun, patlıcanın, etin tadını içine harmanlayan. Hemen sıyrılıyor diğerlerinden. Bu lezzetin tadına varan Yavuz Sultan Selim, 'Hangi eli nazik yaptı bunu?' diyor. O günden bugüne yemeğin adı önce 'Ala nazik' ardından da 'Alinazik' olarak değişiyor. <strong>Arapça'da 'ala' güzel, 'nazik' ise yemek anlamına geliyor.</strong></p>
<p>Adı da, hikayesi de kendi kadar güzel olan bu yemeği en güzel Antep'te, onların elinden yemek gerek. Ama gitme şansı olmayanlar için bir yol daha var. Üstelik pek pratik. Bu müthiş görsel şölen için sıvayın hadi kollarınızı. Biz bu tarifte kuşbaşı <a href=""https://yemek.com/tarif/et/"" target=""_blank"">et</a>leri minik minik doğradık. Ancak dilerseniz <strong>satır eti, kıyma ya da kuşbaşı</strong> kullanarak bu <a href=""https://yemek.com/tarif/yoresel-tarifler/"" target=""_blank"">yöresel</a> tarifi hazırlamanız mümkün.</p>
<p>Öyleyse, ilham veren videomuz ve <a href=""https://yemek.com/tarif/"" target=""_blank"">tarifi</a>mizle sizi baş başa bırakalım. Afiyet olsun.</p>
",recipe,"['biber salçası', 'tereyağı', 'tuz', 'tuz', 'sarımsak', 'yoğurt', 'közlenmiş patlıcan', 'toz kırmızı biber', 'kuşbaşı et (küçük doğranmış)']","['Alinazik tarifi için tereyağını derin bir tavanın içine alın. Sarımsağı ilave ederek hafifçe soteleyin.', 'Ardından minik doğranmış kuşbaşı etleri ekleyerek karıştırın, kapağını kapatıp 6-7 dakika kısık ateşte suyunu salıp pişene kadar bırakın.', 'Piştikten sonra salça, toz kırmızı biber ve tuz ekleyerek tatlandırın ve ocaktan alın.', 'Közlenmiş patlıcanları kesme tahtasının üzerinde keskin bir bıçak yardımıyla dövün.', 'Dövme aşamasında üzerine hafifçe tuz atın.', 'İyice ezildiklerinde\xa0yoğurtla\xa0bir kasenin içinde birleştirin ve güzelce karıştırın.', 'Servis tabağının içerisine yoğurtlu patlıcanlı karışımı alın. Ortasını çukurlaştırın. Hazırladığınız etleri de üzerine yerleştirin. Sosunu ilave ederek servis edin.']",ET,239b56,/tarif/et/,"['Et', 'Ramazan', 'Video', 'Yöresel Tarifler']","['akşam yemeği', 'öğle yemeği']","['Öğle Yemeği', 'Akşam Yemeği']",['Tencere'],['Bol Proteinli'],False,900,900,2022-04-15T14:40:35Z,4.0,722997,6605,False,True,True,0,,0,,,,2017/05/alinazik-tarifi.jpg,0,0,https://cdn.yemek.com/mnresize/940/940/uploads/2017/05/alinazik-tarifi.jpg,940,940,False,https://cdn.yemek.com/mncrop/300/200/uploads/2017/05/alinazik-tarifi.jpg,300,200,True,https://cdn.yemek.com/mncrop/940/625/uploads/2017/05/alinazik-tarifi.jpg,940,625,True,https://cdn.yemek.com/mncrop/620/388/uploads/2017/05/alinazik-tarifi.jpg,620,388,True,https://cdn.yemek.com/mncrop/600/315/uploads/2017/05/alinazik-tarifi.jpg,600,315,True,"['tencere', 'bol proteinli']",,,,['Gaziantep'],
1167,3546,Yasemin Özaltın,https://cdn.yemek.com/author/35533/20181219061403_avatar.jpg,/profil/yasemingursurer/,Zeytinyağlıların Kraliçesi: Barbunya,Barbunya,/tarif/barbunya/,30 dk,30 dk,"<p>Barbunya tarifinde sağlık vardır, tazelik çoktur. Zeytinyağlı yemeklerin ilk akla gelenidir o, <a href=""https://yemek.com/tarif/"" target=""_blank"">yemek tariflerinden</a> en fazla tarif defterine eklenenidir, dizi dizi sarmalar yapılacağına önceden hazırlanan uslu uslu dinlendirilen bir tencere barbunya can kurtarandır. Pratiklik, kolaylık denilince akla gelen ilk yemek tariflerinden de biridir aynı zamanda. Hafta başında yapılıp dolaba atılan, sonrasında yemeğim hazır diye gururla bahsedilendir. Karşınızda <a href=""https://yemek.com/tarif/zeytinyaglilar/"" target=""_blank"">zeytinyağlı yemeklerin</a> en güzeli barbunya tarifi!</p>
<p>Özellikle bolca bulunduğu yaz aylarında ayıklanıp dolaba konan, sonrasında da bol bol pişirilen sebzelerin başında geliyor. Yanına pilav ya da farklı zeytinyağlı yemeklerle de şahane oluyor. Şimdiden ellerinize sağlık diyor, hafif, yapımı kolay, tam kıvamında pişen <strong>barbunya yemeği</strong> tarifimize buyur ediyoruz. Afiyetler olsun!</p>
",recipe,"['sıcak su', 'tuz', 'toz şeker', 'sarımsak', 'maydanoz', 'zeytinyağı', 'domates salçası', 'orta boy havuç', 'orta boy kuru soğan', 'orta boy domates', 'büyük boy patates', 'taze barbunya', 'taze sıkılmış limon suyu (arzuya göre)']","['Kabuklarını ayıklayıp bol suda yıkadığınız 1 kilogram barbunyayı üzerini geçecek kadar su ilave edin.', 'Orta ateşte 10 dakika kadar haşlayın.', '1/2 çay bardağı zeytinyağını derin bir tencerede kızdırın.', '1 adet rendelenmiş soğan ve 2 diş ezilmiş sarımsağı katıp hafif bir renk alana kadar soteleyin.', 'Küp doğranmış 1 adet patates ve 2 adet havucu da ekleyin ve\xa0ardından\xa0renk vermesi için 1 tatlı kaşığı domates salçasını\xa0ilave edip\xa0kavumaya devam edin.', ""Haşlanmış barbunyaları da tencereye\xa0 ilave ettikten sonra 2 adet rendelenmiş domates ve 1'er tatlı kaşığı tuz ve toz şeker katıp kısık ateşte pişmeye bırakın."", 'Ocaktan aldığınız barbunyayı kapağı kapalı tencerede oda ısısına gelene kadar dinlendirin.', 'Son olarak servis kabına aktardığınız barbunya yemeğini; incecik kıyılmış maydanoz eşliğinde ılık ya da soğuk olarak\xa0servis edin, afiyet olsun.']",ZEYTİNYAĞLI,239b56,/tarif/zeytinyaglilar/,"['Özel Beslenme', 'Vejetaryen', 'Zeytinyağlı', 'Vegan', 'Video', 'Bakliyat', 'Sulu Yemek', 'Mevsiminde']","['pratik yemek tarifleri', 'ekonomik', 'akşam yemeği', 'öğle yemeği']","['Öğle Yemeği', 'Akşam Yemeği']",['Tencere'],"['Ekonomik', 'Glutensiz', 'Vejetaryen', 'Bol Proteinli', 'Düşük Karbonhidratlı', 'Vegan']",False,1800,1800,2019-05-06T08:04:17Z,4.0,711933,5424,False,True,True,0,,0,,,,2015/10/barbunya-yemekcom.jpg,0,0,https://cdn.yemek.com/mnresize/940/940/uploads/2015/10/barbunya-yemekcom.jpg,940,940,False,https://cdn.yemek.com/mncrop/300/200/uploads/2015/10/barbunya-yemekcom.jpg,300,200,True,https://cdn.yemek.com/mncrop/940/625/uploads/2015/10/barbunya-yemekcom.jpg,940,625,True,https://cdn.yemek.com/mncrop/620/388/uploads/2015/10/barbunya-yemekcom.jpg,620,388,True,https://cdn.yemek.com/mncrop/600/315/uploads/2015/10/barbunya-yemekcom.jpg,600,315,True,"['tencere', 'vejetaryen', 'bol proteinli', 'glutensiz', 'düşük karbonhidratlı', 'düşük kalorili']",,"['Haziran', 'Temmuz']",,,
1168,1120,Yasemin Özaltın,https://cdn.yemek.com/author/35533/20181219061403_avatar.jpg,/profil/yasemingursurer/,Yumuşacık Pişti: Arnavut Ciğeri,Arnavut Ciğeri,/tarif/arnavut-cigeri/,10 dk,20 dk,"<p><a href=""https://yemek.com/tarif/ciger-kavurma/"" target=""_blank"">Ciğerin</a> küçük parçalar halinde kesilip una bulandıktan sonra kızartılmasıyla oluşan bir <a href=""https://yemek.com/tarif/"" target=""_blank"">yemek tarifi</a> Arnavut ciğeri. Arzuya göre sıcak ya da soğuk olarak servis ediliyor, olmazsa olmazı <a href=""https://yemek.com/tarif/sumakli-sogan-salatasi/"" target=""_blank"">sumaklı ve maydanozlu soğan salatası</a>. Kimyonun ciğere yakıştığı bilinen bir gerçek olsa da limon sıkıp yemeği tercih edenler de var.</p>
<p>Kızgın yağda kızartılarak hazırlanan ve belirli püf noktaları bulunan Arnavut ciğeri, iştah açan ve ağız sulandıran bir <a href=""https://yemek.com/sonbahara-uygun-hafif-yemek-tarifleri/"" target=""_blank"">başlangıç</a> ve <a href=""https://yemek.com/pratik-ana-yemek-tarifleri/"" target=""_blank"">ana yemek</a> tarifi. Sizler de bu lezzetin tadına varmak isterseniz buyrun mutfağa! Daha önce böyle güzel bir <a href=""https://yemek.com/tarif/et/"" target=""_blank"">et </a>yemediğinize eminiz. Afiyet olsun!</p>
",recipe,"['tuz', 'tuz', 'un', 'patates', 'sumak', 'kırmızı soğan', 'toz kırmızı biber', 'toz kişniş', 'doğranmış maydanoz', 'karbonat', 'sıvı yağ', 'sıvı yağ', 'ciğer']","['Üzerinde bulunan zarı ayıkladığınız kuzu ciğerini, kuşbaşı büyüklüğünde kesin. Derin bir süzgece aldığınız doğranmış kuzu ciğerlerini kanının süzülmesi için bekletin.', 'Kanını süzdürdüğünüz ciğerleri karbonat ve tuz eklediğiniz una bulayın. Ciğerlerin üzerindeki fazla unu almak için tekrar süzgeçten geçirin.', '<div>Ciğerleri tavadaki ısınmış yağın içerisine koyun. Ciğerler pişmeye başladığında kırmızı toz biber ve toz kişniş ekleyin.\xa0Pişen ciğerlerin fazla yağını süzdürerek bir tabağa aktarın.</div>', 'Ayrı bir tavada kızdırdığınız yağda küp küp doğradığınız patatesleri kızartın ve ciğerlerin olduğu kaseye ekleyin.', 'Piyazlık doğradığınız kırmızı soğanları, 1 çay kaşığı tuz ile ovarak öldürün.\xa0Üzerine sumak ve doğranmış maydanozu da ekledikten sonra güzelce karıştırın ve ciğerlerin olduğu kaseye ekleyip diğer malzemelerle birlikte güzelce harmanlayın.', 'Ciğeri servis edeceğiniz tabağa alıp, sevdiklerinizle afiyetle tüketin!']",ET,239b56,/tarif/et/,"['Et', 'Video', 'Yöresel Tarifler']","['akşam yemeği', 'öğle yemeği']","['Öğle Yemeği', 'Akşam Yemeği']","['Kızartma', 'Ocak']",['Bol Proteinli'],False,600,1200,2021-11-17T07:46:50Z,4.0,711587,3831,False,True,True,0,,0,,,,2021/06/arnavut-cigeri-yemekcom.jpg,0,0,https://cdn.yemek.com/mnresize/940/940/uploads/2021/06/arnavut-cigeri-yemekcom.jpg,940,940,False,https://cdn.yemek.com/mncrop/300/200/uploads/2021/06/arnavut-cigeri-yemekcom.jpg,300,200,True,https://cdn.yemek.com/mncrop/940/625/uploads/2021/06/arnavut-cigeri-yemekcom.jpg,940,625,True,https://cdn.yemek.com/mncrop/620/388/uploads/2021/06/arnavut-cigeri-yemekcom.jpg,620,388,True,https://cdn.yemek.com/mncrop/600/315/uploads/2021/06/arnavut-cigeri-yemekcom.jpg,600,315,True,"['bol proteinli', 'kızartma']",,,,['Edirne'],
1169,246,Yasemin Özaltın,https://cdn.yemek.com/author/35533/20181219061403_avatar.jpg,/profil/yasemingursurer/,Dışarıda Yedikleriniz Gibi: Terbiyeli İşkembe Çorbası,Terbiyeli İşkembe Çorbası,/tarif/iskembe-corbasi/,1 sa,30 dk,"<p>Mide rahatlatıcı etkisiyle öne çıkan çorbaların başında gelen işkembe çorbası, aynı zamanda oldukça çok besleyici bir <a href=""https://yemek.com/tarif/"" target=""_blank"">yemek tarifi</a>.</p>
<p>Terbiyeli işkembe çorbası tarifini temizlenmiş bir işkembe edindikten sonra kolayca evde hazırlayabilir, sevdiklerinizle paylaşabilirsiniz.</p>
<p><b>Not:</b> ""İşkembe tamam da ben daha fazla çorba çeşidi de görmek istiyorum"" diyenleri tüm çorba tariflerimizin olduğu çorba kategorimize doğru alalım: <a href=""https://yemek.com/tarif/corba/"" target=""_blank"">Çorba Tarifleri</a>!</p>
",recipe,"['kuru soğan', 'tereyağı', 'tuz', 'limon suyu', 'limon suyu', 'un', 'un', 'sarımsak', 'sarımsak', 'su', 'yoğurt', 'yumurta sarısı', 'sirke', 'işkembe']","['İyi temizlenmiş\xa01 kilogram işkembenin üzerini geçecek kadar su ilave edip, işkembeler yumuşayana kadar yaklaşık 40 dakika haşlayın.', 'İşkembe haşlandıktan sonra bir kevgir yardımıyla kaseye aktarın.', 'Ayrı bir tavada 3 yemek kaşığı tereyağını eritip üzerine 3 yemek kaşığı unu ileve edin ve\xa0unun kokusu çıkana kadar kavurun.', 'Süzdüğünüz ve ılınmış olan haşlama suyundan\xa0tavaya\xa0azar azar ekleyin. Unun topaklanmaması için; bir çırpıcı yardımıyla hızlıca karıştırın.', 'Bu karışımı işkembeleri haşladığınız tencerenin içerisine sürekli olarak karıştırarak yavaş yavaş yedirin.', 'Çorbanın terbiyesini hazırlamak için; 4 yemek kaşığı yoğurt, 2 yemek kaşığı un, 1 çay kaşığı tuz, 1 adet yumurta sarısı ve yarım limon suyunu ayr bir kapta çırpın.', 'Terbiye karışımını kaynamakta olan haşlama suyu ile ılıştırdıktan\xa0sonra çorba tenceresine azar azar ekleyin ve hızlıca karıştırın.', 'Son olarak; haşlanan işkembeyi çorbaya ilave edin ve kısık ateşte, 15 dakika kadar kaynatarak pişirin.', 'Sarımsakları rendeledikten sonra sirke ile karıştırın. Servis kaselerine aldığınız çorbayı, sarımsaklı sirke ilavesiyle sıcak olarak servis edin. Afiyet olsun!']",ÇORBA,,/tarif/corba/,"['Çorba', 'Ramazan', 'Video']","['ekonomik', 'akşam yemeği']","['Başlangıç', 'Akşam Yemeği']","['Tencere', 'Ocak']",,False,3600,1800,2014-07-04T06:45:05Z,4.0,693816,763,False,True,True,0,,0,,,,2014/07/iskembe-corbasi-yemekcom.jpg,0,0,https://cdn.yemek.com/mnresize/940/940/uploads/2014/07/iskembe-corbasi-yemekcom.jpg,940,940,False,https://cdn.yemek.com/mncrop/300/200/uploads/2014/07/iskembe-corbasi-yemekcom.jpg,300,200,True,https://cdn.yemek.com/mncrop/940/625/uploads/2014/07/iskembe-corbasi-yemekcom.jpg,940,625,True,https://cdn.yemek.com/mncrop/620/388/uploads/2014/07/iskembe-corbasi-yemekcom.jpg,620,388,True,https://cdn.yemek.com/mncrop/600/315/uploads/2014/07/iskembe-corbasi-yemekcom.jpg,600,315,True,"['tencere', 'bol proteinli']",greenLight,,,,
1170,160,Cemre Özgüzel,https://cdn.yemek.com/author/109/20200211010242_avatar.jpg,/profil/cemre-ozguzel/,Kolay ve Ekonomik: Makarna Salatası,Makarna Salatası,/tarif/makarna-salatasi/,12 dk,15 dk,"<p>Evde kalmış makarnayla bile hazırlanabilecek, lezzetli ama bir o kadar da kolay bir tarif <a href=""https://www.yemek.com/kategori/tarif/makarna/"" target=""_blank"">makarna</a> salatası tarifimiz var. Makarnanın ağız sulandıran hali de diyebiliriz kendisine. Arzuya göre; doğranmış salam, sosis vb. malzemeler ekleyerek tarifi daha da zenginleştirebilirsiniz.</p>
<p>En kolay ve en nefis makarna salatasını siz yapın diye biz tadı damaklarda kalan yoğurtlu, mayonezli, garnitürlü bir <a href=""https://yemek.com/tarif/tavuklu-makarna-salatasi/"" target=""_blank"">makarna salatası</a> tarifi hazırladık sizin için.</p>
<p>Ekonomik bir tarif olması nedeniyle gerek öğrenci evlerinde, gerekse evde hemen her zaman bulabileceğiniz malzemelerle kolayca yapılabilir. Üstelik <a href=""https://yemek.com/tarif/sebze/"" target=""_blank"">sebze</a> yemek istemeyen çocuklarınızın makarna <a href=""https://yemek.com/tarif/salata/"" target=""_blank"">salata</a>sı tarifimizdeki garnitürler yardımıyla bu besinleri almalarını sağlayabilirsiniz. <a href=""https://yemek.com/cay-saati-menuleri/"" target=""_blank"">Çay saati</a> günlerine de çok yakışır. Şimdiden afiyet olsun!</p>
",recipe,"['nane', 'tuz', 'yoğurt', 'zeytinyağı', 'mayonez', 'süzme yoğurt', 'konserve haşlanmış garnitür', 'kornişon turşu', 'dereotu', 'burgu makarna']","['Burgu makarnayı kaynar suda 10- 12 dakika kadar haşlayın. Suyunu süzün ve soğuması için bir kenarda bekletin.', 'Salatanın sosunu hazırlamak için; yoğurt, süzme yoğurt, mayonezi bir kapta karıştırın.', 'Haşlanan makarnayı bu sosun içerisine ilave edin.', 'Ardından bir avuç doğranmış dereotunu, doğranmış salatalık turşusunu ve konserve garnitürü salata kasesine azar azar aktarın.', 'Tüm malzemeleri birbirine karışacak şekilde harmanlayın.', 'Sonrasında bekletmeden servis edin. Sevdiklerinizle paylaşın. Afiyetler olsun!']",SALATA,239b56,/tarif/salata/,"['Makarna', 'Salata', 'Video']","['ekonomik', 'akşam yemeği', 'öğle yemeği']","['Öğle Yemeği', 'Akşam Yemeği']",['Tencere'],,False,720,900,2019-03-12T13:16:42Z,4.0,681116,5066,False,True,True,0,,0,,,,2014/06/makarna-salatasi-yemekcom.jpg,0,0,https://cdn.yemek.com/mnresize/940/940/uploads/2014/06/makarna-salatasi-yemekcom.jpg,940,940,False,https://cdn.yemek.com/mncrop/300/200/uploads/2014/06/makarna-salatasi-yemekcom.jpg,300,200,True,https://cdn.yemek.com/mncrop/940/625/uploads/2014/06/makarna-salatasi-yemekcom.jpg,940,625,True,https://cdn.yemek.com/mncrop/620/388/uploads/2014/06/makarna-salatasi-yemekcom.jpg,620,388,True,https://cdn.yemek.com/mncrop/600/315/uploads/2014/06/makarna-salatasi-yemekcom.jpg,600,315,True,"['tencere', 'vejetaryen']",,,,,
1171,25877,Yasemin Özaltın,https://cdn.yemek.com/author/35533/20181219061403_avatar.jpg,/profil/yasemingursurer/,Tüm Püf Noktalarıyla: Sultan Sarması,Sultan Sarması,/tarif/sultan-sarmasi/,20 dk,20 dk,"<p>Yapımı oldukça kolay olan sultan sarması, <a href=""https://yemek.com/tarif/sutlu-tatlilar/"" target=""_blank"" rel=""noopener"">sütlü tatlı</a> sevenlerin bayılarak tüketeceği bir <a href=""https://yemek.com/tarif/"" target=""_blank"" rel=""noopener"">tarif</a>. Ev yapımı kakaolu <a href=""https://yemek.com/tarif/muhallebi/"" target=""_blank"" rel=""noopener"">muhallebi</a> ile Hindistan cevizinin bir araya gelmesiyle oluşan bu tarifin tadı oldukça hafif ve kesinlikle yedikçe yiyesiniz geliyor. Rulo haline getirilen tatlının üzerine dilerseniz Antep fıstığı ekleyebilir, ya da çikolata sosu ile ekstra çikolatalı bir lezzet elde edebilirsiniz.</p>
<p>Bu tarif çok kolay bir <a href=""https://yemek.com/tarif/tatli/"" target=""_blank"" rel=""noopener"">tatlı</a> tarifi. Örneğin krem şanti eklediğiniz noktada içerisine <strong>fındık, ceviz veya damla çikolata</strong> ile lezzetlendirebilirsiniz. Bu tarif oldukça pratik olmasına rağmen dikkat edilmesi gereken birkaç nokta var. Bu aşamada ""sultan sarması neden çatlar?"" sorusu akıllara gelebilir. Tepsiye yaydığınız <strong>sultan sarması tatlısı</strong>nın muhallebisini mutlaka bir gece bekletmeniz gerekiyor. Aksi takdirde rulo haline getirirken dağılmalar meydana gelebilir. Afiyet olsun!</p>",recipe,"['toz şeker', 'süt', 'un', 'kakao', 'krem şanti', 'vanilin', 'tereyağ', 'Hindistan cevizi']","['<p>Sultan sarması için bir tencerede un, toz şeker ve kakaoyu karıştırıp, üzerine yavaşça süt ilave edip sürekli karıştırarak orta ateşte pişirin.</p>', '<p>Koyulaşmaya ve baloncuk çıkarmaya başlayan muhallebinin içerisine tereyağı ekleyin ve tekrar karıştırın.</p>', '<p>Koyulaşan ve pişen muhallebiyi ocaktan alamadan önce vanilini ekleyip karıştırın ve ocaktan alın.</p>', '<p>Fırın tepsisine Hindistan cevizini yayın.</p>', '<p>Muhallebiyi, Hindistan cevizinin üzerine dikkatlice yayın. Bir\xa0gün boyunca buzdolabında bekletin.</p>', '<p>Bir gün bekleyen muhallebiyi 8 eşit dikdörtgen olacak şekilde kesin ve krem şantiyi tüm yüzeye yayın.</p>', '<p>Bir spatula yardımıyla dikdörtgen parçaları yavaşça rulo haline getirin. Üzerine, arzuya göre Antep fıstığı serpiştirerek servis edin.</p>']",SÜTLÜ TATLI,239b56,/tarif/sutlu-tatlilar/,"['Tatlı', 'Ramazan', 'Sütlü Tatlı', 'Video']",,['Çay Saati'],['Tencere'],"['Ekonomik', 'Vejetaryen']",False,1200,1200,2022-04-13T09:23:19Z,4.0,668305,5690,False,True,True,0,,0,,,,2017/11/sultan-sarmasi.jpg,0,0,https://cdn.yemek.com/mnresize/940/940/uploads/2017/11/sultan-sarmasi.jpg,940,940,False,https://cdn.yemek.com/mncrop/300/200/uploads/2017/11/sultan-sarmasi.jpg,300,200,True,https://cdn.yemek.com/mncrop/940/625/uploads/2017/11/sultan-sarmasi.jpg,940,625,True,https://cdn.yemek.com/mncrop/620/388/uploads/2017/11/sultan-sarmasi.jpg,620,388,True,https://cdn.yemek.com/mncrop/600/315/uploads/2017/11/sultan-sarmasi.jpg,600,315,True,,,,,,
1172,4605,Yasemin Özaltın,https://cdn.yemek.com/author/35533/20181219061403_avatar.jpg,/profil/yasemingursurer/,Sunumu Şık: Kıbrıs Tatlısı,Kıbrıs Tatlısı,/tarif/kibris-tatlisi/,30 dk,20 dk,"<p>Cevizli ve rendelenmiş Hindistan cevizli kek üzerine hazırladığınız kremalı, iki katlı bir <a href=""https://yemek.com/tarif/tatli/"" target=""_blank"" rel=""noopener"">tatlı</a> diyebiliriz Kıbrıs tatlısı <a href=""https://yemek.com/tarif/"" target=""_blank"" rel=""noopener"">tarifi</a> için. <a href=""https://yemek.com/tarif/ekmek-kadayifi/#gref"">Kaymaklı ekmek kadayıfı</a> ya da <a href=""https://yemek.com/tarif/revani/"">revani</a> gibi sevilen <a href=""https://yemek.com/tarif/serbetli-tatlilar/"" target=""_blank"" rel=""noopener"">şerbetli tatlıların</a> farklı bir versiyonu olduğunu düşünebiliriz. <strong>Rum tatlısı</strong> olarak da bilinen bu nefis tatlının özellikleri bu kadarla da sınırlı değil. Hamurunda un yerine galeta unu kullanılıyor. <strong>Rendelenmiş Hindistan cevizi</strong> ayrıca kıvam ve tat veriyor. İsteğe göre haşhaş bile ilave ediliyor hamuruna. Tatlı sıcak, şerbet soğuk oluyor, üzerine serilen toz krem şanti ilaveli krema damaklarda ayrı bir lezzet bırakıyor.</p>
<p>Ağzınız sulandıysa buyurun <strong>Kıbrıs tatlısı tarifi</strong> için mutfağa! Afiyet olsun!</p>",recipe,"['yumurta', 'toz şeker', 'toz şeker', 'toz şeker', 'süt', 'kabartma tozu', 'su', 'toz krem şanti', 'mısır nişastası', 'galeta unu', 'taze sıkılmış limon suyu', 'vanilin', 'sıvı yağ', 'ceviz içi (ince çekilmiş)', 'Hindistan cevizi', 'Hindistan cevizi']","['<p>Tatlının şerbeti için; su ve toz şekeri derin bir karıştırma kabına alın. Şeker taneleri eriyene kadar sürekli karıştırdığınız şerbet karışımını kısık ateşte 15 dakika kadar kaynatın.\xa0Kıvam alıp şurup kıvamına yaklaşan şerbete limon suyunu ekleyip kestirdikten sonra ocaktan alın. Soğuması için ayrı bir yerde dinlendirin.</p>', '<p>Tatlının kekini hazırlamak için; oda sıcaklığında beklettiğiniz yumurtaları derin bir karıştırma kabına kırın. Toz şeker ilavesiyle şeker taneleri tamamen eriyene kadar karıştırın.</p>', '<p>Sırasıyla; sıvı yağ, rendelenmiş Hindistan cevizi, galeta unu, ince çekilmiş ceviz içi ve kabartma tozu ekleyip karıştırma işlemini sürdürün.</p>', '<p>Pişireceğiniz kalıbı sıvı yağ ile yağlayın. Hazırladığınız kek karışımını eşit olarak yaydıktan sonra önceden ısıtılmış 160 derece fırında 30 dakika kadar pişirin.</p>', '<p>Üzerine önceden hazırladığınız soğuk şerbeti döküp içine çekmesi için bekletin.</p>', '<p>Kreması için; süt, nişasta ve toz şekeri derin bir tencereye alıp sürekli karıştırarak orta\xa0ateşte pişirin. Muhallebi kıvamına gelen kremayı ocaktan indirmeden önce vanilin ekleyin ve karıştırıp ocaktan alın.</p>', '<p>Ocaktan aldıktan sonra toz krem şanti ilavesiyle çırparak karıştırın.</p>', '<p>Krema karışımını, şerbetini çeken tatlının üzerine yayın.</p>', '<p>Hindistan cevizini de tüm yüzeye serpiştirin.</p>', '<p>Buzdolabında soğuttuktan sonra Kıbrıs tatlısını süsleyip sevdiklerinizle afiyetle tüketin.</p>']",ŞERBETLİ TATLI,239b56,/tarif/serbetli-tatlilar/,"['Tatlı', 'Şerbetli Tatlı', 'Video', 'Dünya Mutfakları']",,['Çay Saati'],['Fırın'],,False,1800,1200,2022-03-18T12:55:40Z,4.0,667376,4794,False,True,True,0,,0,,,,2016/01/kibris-tatlisi-yemekcom.jpg,0,0,https://cdn.yemek.com/mnresize/940/940/uploads/2016/01/kibris-tatlisi-yemekcom.jpg,940,940,False,https://cdn.yemek.com/mncrop/300/200/uploads/2016/01/kibris-tatlisi-yemekcom.jpg,300,200,True,https://cdn.yemek.com/mncrop/940/625/uploads/2016/01/kibris-tatlisi-yemekcom.jpg,940,625,True,https://cdn.yemek.com/mncrop/620/388/uploads/2016/01/kibris-tatlisi-yemekcom.jpg,620,388,True,https://cdn.yemek.com/mncrop/600/315/uploads/2016/01/kibris-tatlisi-yemekcom.jpg,600,315,True,,,,['Kuzey Kıbrıs Türk Cumhuriyeti'],,
1173,25725,Ayşegül Uslu,https://cdn.yemek.com/author/409098/20230915055430_avatar.jpg,/profil/aysegulu/,Şipşak Hazırlanır: Üç Malzemeli Kakaolu Kurabiye,Üç Malzemeli Kakaolu Kurabiye,/tarif/3-malzemeli-kakaolu-kurabiye/,20 dk,5 dk,"<p>Hiç vaktiniz yok. Canınız <a href=""https://yemek.com/tarif/tatli/"" target=""_blank"">tatlı</a> bir şeyler çekiyor fakat diyeti bozmak istemiyorsunuz. Böyle durumlar için sizlere harika bir tarifimiz var!</p>
<p>Sadece üç malzemeyle hazırlanan, <a href=""https://yemek.com/tarif/gercek-browni/"" target=""_blank"">brownie</a> kıvamında, yapımı çok basit ve tadı enfes bir kurabiye tarifimiz var. Tüm malzemeler tek bir kapta şipşak karıştırılıyor, gerisi fırında tamamlanıyor. İşin sırrı olgunlaşmış muz kullanmakta. Suçluluk duygusu hissetmeden, gönül rahatlığıyla yiyebileceğiniz bu <a href=""https://yemek.com/tarif/kurabiye/"" target=""_blank"">kurabiyelerde</a> şeker yok, yumurta yok, un yok! Tabii ki de tarifimizi ağız tadınıza göre farklı şekillerde hazırlayabilin diye sizlere püf noktaları da bıraktık. Hepsine göz attığınızdan eminseniz, hadi mutfağa girelim!</p>
<p>&nbsp;</p>
",recipe,"['kakao', 'muz', 'yer fıstığı ezmesi']","['Muzları soyun ve bir kaç parçaya bölün. Kakao ve fıstık ezmesiyle birlikte geniş bir kaba alın.', 'Bir çatal yardımıyla muzları ezerek, tüm malzemeyi iyice karıştırın.', 'Yağlı kağıt serilmiş fırın tepsisine, aralarında boşluk bırakarak birer kaşık halinde dökün.', 'Önceden ısıtılmış 175° derece fırında yaklaşık 20-25 dakika pişirin. Oda sıcaklığında soğuduktan sonra servis edin. Afiyet olsun!']",TATLI KURABİYE,239b56,/tarif/tatli-kurabiyeler/,"['Özel Beslenme', 'Kurabiye', 'Diyet', 'Vegan', 'Glutensiz', 'Tatlı Kurabiye']","['ekonomik', 'çay saati']",['Çay Saati'],['Fırın'],"['Ekonomik', 'Glutensiz', 'Vejetaryen', 'Bol Proteinli', 'Düşük Kalorili', 'Düşük Karbonhidratlı', 'Vegan']",False,1200,300,2021-05-28T07:00:42Z,3.0,660807,3047,False,False,True,0,,0,,,,2020/03/uc-malzemeli-kurabiye-one-cikan-.jpg,0,0,https://cdn.yemek.com/mnresize/940/940/uploads/2020/03/uc-malzemeli-kurabiye-one-cikan-.jpg,940,940,False,https://cdn.yemek.com/mncrop/300/200/uploads/2020/03/uc-malzemeli-kurabiye-one-cikan-.jpg,300,200,True,https://cdn.yemek.com/mncrop/940/625/uploads/2020/03/uc-malzemeli-kurabiye-one-cikan-.jpg,940,625,True,https://cdn.yemek.com/mncrop/620/388/uploads/2020/03/uc-malzemeli-kurabiye-one-cikan-.jpg,620,388,True,https://cdn.yemek.com/mncrop/600/315/uploads/2020/03/uc-malzemeli-kurabiye-one-cikan-.jpg,600,315,True,['fırın'],,,,,['Ara Öğün']
1174,27158,Gökçen Mutaf,https://cdn.yemek.com/author/23120/20181227103819_avatar.jpeg,/profil/gokcenmutaf/,Karadeniz Lezzeti: Kuymak,Kuymak,/tarif/kuymak/,10 dk,2 dk,"<p>İsmi üzerine birçok tartışma yaşansa da, adı tadının önüne asla geçemeyecek bir tarif kuymak. Aynı zamanda <a href=""https://yemek.com/tarif/muhlama/"" target=""_blank"" rel=""noopener"">muhlama</a> ya da <a href=""https://yemek.com/tarif/mihlama/"" target=""_blank"" rel=""noopener"">mıhlama</a> ismi ile de bilinen bu tarif Karadeniz bölgesinden Türk mutfağına armağan edilen müthiş bir lezzet.</p>
<p>Adı ve yapılışında farklılık olduğunu, yöreden yöreye göre değiştiği söyleniyor. Hatta kuymakta kaymak kullanıldığı için muhlamadan farklı olduğu da söyleniyor. Kimi <strong>kuymağı kaymakla yapıyor</strong>, kimi tereyağını mıhlamaya konulandan daha az koyarak. Sonuç, iki isimle de bu tarifin mükemmel bir lezzete sahip olduğu!</p>
<p>Mısır unu, tereyağ ve peynirin eşsiz uyumunun tadını çıkarmak gerektiğine inanıyor, sizi <strong>kuymak tarifi</strong>yle baş başa bırakıyoruz. Afiyet olsun! <img class=""wp-smiley img-responsive"" src=""https://cdn.yemek.com/assets/images/smiley/smile.png""></p>",recipe,"['tereyağı', 'tuz', 'su', 'mısır unu', 'kaynar su', 'kolot peyniri']","['<p>Kuymak tarifi için tereyağını mümkünse bakır bir tavaya alın ve yağ eriyip köpürünce üstüne mısır ununu ekleyin.</p>', '<p>Mısır ununun rengi dönene dek kavurun. Ardından bir su bardağı suyu ve tuzunu ekleyin.</p>', '<p>Suyu çekene dek kavurun ve suyu iyice ektikten sonra içine kolot peynirini ilave edin.</p>', '<p>Peynir tamamen eriyip, suyunu çekene dek karıştırarak kavurun.</p>', '<p>Peynir de eridikten sonra kaynar suyu ekleyin, suyu çekip uzayan bir kıvam aldığında ocağın altını kısın.</p>', '<p>Tereyağı hafifçe üstte biriktiği zaman kuymağınız hazır demektir. Sıcak sıcak kuymağı servis edin.</p>']",KAHVALTILIK,239b56,/tarif/kahvaltiliklar/,"['Kahvaltılık', 'Yöresel Tarifler']",,"['Kahvaltı', 'Çay Saati']",['Tencere'],['Vejetaryen'],False,600,120,2020-09-16T09:06:42Z,4.0,660576,3053,False,False,True,0,,0,,,,2017/12/kuymak-tarifi-son.jpg,0,0,https://cdn.yemek.com/mnresize/940/940/uploads/2017/12/kuymak-tarifi-son.jpg,940,940,False,https://cdn.yemek.com/mncrop/300/200/uploads/2017/12/kuymak-tarifi-son.jpg,300,200,True,https://cdn.yemek.com/mncrop/940/625/uploads/2017/12/kuymak-tarifi-son.jpg,940,625,True,https://cdn.yemek.com/mncrop/620/388/uploads/2017/12/kuymak-tarifi-son.jpg,620,388,True,https://cdn.yemek.com/mncrop/600/315/uploads/2017/12/kuymak-tarifi-son.jpg,600,315,True,,,,,['Trabzon'],
1175,23441,ipeksare,https://cdn.yemek.com/author/262494/20200820091315_avatar.jpg,/profil/ipeksare/,Antakya Mutfağından: Tepsi Kebabı,Tepsi Kebabı,/tarif/tepsi-kebabi-2/,40 dk,20 dk,"<p><strong>Tepsi kebabı</strong>, namıdiğer lahm-ı sini, Antakya'ya ait olan lezzetli <a href=""https://yemek.com/tarif/"" target=""_blank"">yemeklerden</a> sadece biri. Tepsinin içerisinde dev bir sebzeli köfte olarak gözükse de aslında o her şeyiyle özel bir kebap. <strong><a href=""https://yemek.com/tarif/et"" target=""_blank"">Eti</a>,</strong> <a href=""https://yemek.com/tarif/sebze/"" target=""_blank"">sebzesi</a> özenle seçiliyor, tüm bu malzemeler birlikte zırh ile ufak parçalara ayrılıyor ve ortaya müthiş bir tat çıkıyor. Bu noktada önemli olan <strong>hiçbir sebzenin sulanmaması</strong> ve tüm suyunu pişerken kebaba aroma olarak vermesinden geçiyor.</p>
<p>Etin kalitesi ve kıymanın makineden tek çekim yapılması kebabın tadını çok daha lezzetli kılan unsurlar. Antakya'ya gidip yerinde <strong>tepsi kebabı</strong> yiyemiyorsak, bu lezzetten mahrum kalmalı mıyız?  Tabii ki kalmamalıyız.</p>
",recipe,"['biber salçası', 'tuz', 'pul biber', 'sivri biber', 'sarımsak', 'maydanoz', 'su', 'karabiber', 'domates', 'kırmızı biber', 'kimyon', 'soğan', 'tereyağ', 'biber', 'kıyma (arzuya göre dana/kuzu karışık)']","['Tepsi kebabı için bir kapta veya pişireceğiniz tepside kıyma, soğan, maydanoz, sivri biber, sarımsak, kimyon, tuz, karabiber ve pul biberi karıştırıp iyice yoğurun.', 'Malzemeler birbirine iyice karışınca, yuvarlak bir fırın tepsisine kıymalı karışımı iyice yayın ve ellerinizle üzerine bastırarak düzleştirin.', 'Bıçak yardımıyla 8 dilim olacak şekilde dilimleyin. Eritilmiş tereyağını kebabın üzerine dökün ve fırça yardımıyla her yerine gelecek şekilde yayın.', 'Biber salçası ile suyu karıştırın ve karışımı üzerine dökün.', 'Boydan ikiye böldüğünüz biberleri ve dilimlediğiniz domatesleri üzerine güzelce dizin.', '190 derece fırında 40 dakika pişirin ve tepsi kebabını sıcak servis edin. Afiyetler olsun!']",ET,239b56,/tarif/et/,"['Et', 'Ramazan', 'Video', 'Yöresel Tarifler']","['akşam yemeği', 'öğle yemeği']","['Öğle Yemeği', 'Akşam Yemeği']",['Fırın'],['Bol Proteinli'],False,2400,1200,2020-10-16T07:08:55Z,4.0,650810,3448,False,True,True,0,,0,,,,2017/10/tepsi-kebabi-tarifi.jpg,0,0,https://cdn.yemek.com/mnresize/940/940/uploads/2017/10/tepsi-kebabi-tarifi.jpg,940,940,False,https://cdn.yemek.com/mncrop/300/200/uploads/2017/10/tepsi-kebabi-tarifi.jpg,300,200,True,https://cdn.yemek.com/mncrop/940/625/uploads/2017/10/tepsi-kebabi-tarifi.jpg,940,625,True,https://cdn.yemek.com/mncrop/620/388/uploads/2017/10/tepsi-kebabi-tarifi.jpg,620,388,True,https://cdn.yemek.com/mncrop/600/315/uploads/2017/10/tepsi-kebabi-tarifi.jpg,600,315,True,"['bol proteinli', 'fırın']",,,,['Hatay'],
1176,2845,Yasemin Özaltın,https://cdn.yemek.com/author/35533/20181219061403_avatar.jpg,/profil/yasemingursurer/,Çok Hafif: Kabak Yemeği,Kabak Yemeği,/tarif/kabak-yemegi/,35 dk,20 dk,"<p>Hafif yaz yemeklerinin baş tacıdır kabak <a href=""https://yemek.com/tarif/"" target=""_blank"" rel=""noopener"">yemeği</a>. Arzuya göre pirinç ilavesiyle pişirilir.<strong> Zeytinyağlı kabak yemeğine kuru nane oldukça yakışır</strong>. <a href=""https://yemek.com/tarif/mevsiminde/"" target=""_blank"" rel=""noopener"">Mevsiminde</a> sulu ve kokulu domateslerle asıl lezzetini bulur, olmadı salçadan destek alır. İncecik kıyılmış dereotu ve yoğurt eşliğinde servise hazırlanır.</p>
<p>Tabak tabak yemek isteyeceğiniz kalorisi düşük bir <a href=""https://yemek.com/tarif/zeytinyaglilar/"" target=""_blank"" rel=""noopener"">zeytinyağlı</a> olan pirinçli kabak yemeği dereotuyla süslendikten sonra sofralardaki yerini alıyor. <a href=""https://yemek.com/tarif/diyet/"" target=""_blank"" rel=""noopener"">Az kalorili</a> zeytinyağlı kabak yemeğinin yapılışını adım adım resimli ve videolu olarak aşağıya bırakıyoruz. Afiyet olsun!</p>",recipe,"['pirinç', 'sıcak su', 'tuz', 'sarımsak', 'zeytinyağı', 'karabiber', 'domates salçası', 'dereotu', 'orta boy kabak', 'orta boy kuru soğan', 'büyük boy domates']","['<p>Kabak yemeği için 4 yemek kaşığı zeytinyağını tencerede kızdırın ve üzerine 1 adet yemeklik doğranmış soğanları ekleyin ve pembeleşinceye kadar kavurun.</p>', '<p>3 diş doğranmış sarımsak ve yarım tatlı kaşığı domates salçasını ekleyin ve kokusu çıkana kadar kavurun.</p>', '<p>1 adet büyük boy soyulmuş ve küp soğranmış domatesleri ekleyin ve kavurmaya devam edin.</p>', ""<p>5 adet doğranmış orta boy kabak, 1'er çay kaşığı tuz ve karabiber, 2 yemek kaşığı yıkanmış pirinci ve 2 su bardağı sıcak suyu ekleyip orta ateşte pişmeye bırakın.</p>"", '<p>Piştikten sonra 1 avuç doğranmış dereotu ekleyip karıştırın.</p>', '<p>Sıcak olarak servis edin afiyet olsun.</p>']",ZEYTİNYAĞLI,239b56,/tarif/zeytinyaglilar/,"['Sebze', 'Özel Beslenme', 'Vejetaryen', 'Diyet', 'Ramazan', 'Zeytinyağlı', 'Vegan', 'Video', 'Sulu Yemek', 'Mevsiminde']",,"['Öğle Yemeği', 'Akşam Yemeği']",['Tencere'],"['Ekonomik', 'Vejetaryen', 'Düşük Kalorili', 'Düşük Karbonhidratlı', 'Vegan']",False,2100,1200,2015-06-22T15:21:32Z,4.0,749045,8445,False,True,True,0,,0,,,,2015/06/kabak-yemegi-yemekcom.jpg,0,0,https://cdn.yemek.com/mnresize/940/940/uploads/2015/06/kabak-yemegi-yemekcom.jpg,940,940,False,https://cdn.yemek.com/mncrop/300/200/uploads/2015/06/kabak-yemegi-yemekcom.jpg,300,200,True,https://cdn.yemek.com/mncrop/940/625/uploads/2015/06/kabak-yemegi-yemekcom.jpg,940,625,True,https://cdn.yemek.com/mncrop/620/388/uploads/2015/06/kabak-yemegi-yemekcom.jpg,620,388,True,https://cdn.yemek.com/mncrop/600/315/uploads/2015/06/kabak-yemegi-yemekcom.jpg,600,315,True,,,"['Haziran', 'Temmuz', 'Ağustos']",,,['Ana Yemek']
1177,17117,Yasemin Özaltın,https://cdn.yemek.com/author/35533/20181219061403_avatar.jpg,/profil/yasemingursurer/,Yumuşacık Etler: Alinazik,Alinazik,/tarif/alinazik/,15 dk,15 dk,"<p>Alinazik tarifine, <a href=""https://yemek.com/tarif/"" target=""_blank"">yemeğin</a> en az kendisi kadar nefis hikayesini anlatarak başlayalım. 16.yüzyılda Yavuz Sultan Selim'in Gaziantep'e yolculuğu ile başlıyor her şey. Bu yolculuğun haberi alan halk, meşakkatli bir hazırlığa girişiyor. Çeşit çeşit yemekler, tatlılar padişah için pişiriliyor, yapılıyor. Gaziantep'e geldiğinde onun ağzına layık bir sofra kuruluyor. Masada yok yok. Fakat aralarından öyle bir lezzet var ki, yoğurdun, patlıcanın, etin tadını içine harmanlayan. Hemen sıyrılıyor diğerlerinden. Bu lezzetin tadına varan Yavuz Sultan Selim, 'Hangi eli nazik yaptı bunu?' diyor. O günden bugüne yemeğin adı önce 'Ala nazik' ardından da 'Alinazik' olarak değişiyor. <strong>Arapça'da 'ala' güzel, 'nazik' ise yemek anlamına geliyor.</strong></p>
<p>Adı da, hikayesi de kendi kadar güzel olan bu yemeği en güzel Antep'te, onların elinden yemek gerek. Ama gitme şansı olmayanlar için bir yol daha var. Üstelik pek pratik. Bu müthiş görsel şölen için sıvayın hadi kollarınızı. Biz bu tarifte kuşbaşı <a href=""https://yemek.com/tarif/et/"" target=""_blank"">et</a>leri minik minik doğradık. Ancak dilerseniz <strong>satır eti, kıyma ya da kuşbaşı</strong> kullanarak bu <a href=""https://yemek.com/tarif/yoresel-tarifler/"" target=""_blank"">yöresel</a> tarifi hazırlamanız mümkün.</p>
<p>Öyleyse, ilham veren videomuz ve <a href=""https://yemek.com/tarif/"" target=""_blank"">tarifi</a>mizle sizi baş başa bırakalım. Afiyet olsun.</p>
",recipe,"['biber salçası', 'tereyağı', 'tuz', 'tuz', 'sarımsak', 'yoğurt', 'közlenmiş patlıcan', 'toz kırmızı biber', 'kuşbaşı et (küçük doğranmış)']","['Alinazik tarifi için tereyağını derin bir tavanın içine alın. Sarımsağı ilave ederek hafifçe soteleyin.', 'Ardından minik doğranmış kuşbaşı etleri ekleyerek karıştırın, kapağını kapatıp 6-7 dakika kısık ateşte suyunu salıp pişene kadar bırakın.', 'Piştikten sonra salça, toz kırmızı biber ve tuz ekleyerek tatlandırın ve ocaktan alın.', 'Közlenmiş patlıcanları kesme tahtasının üzerinde keskin bir bıçak yardımıyla dövün.', 'Dövme aşamasında üzerine hafifçe tuz atın.', 'İyice ezildiklerinde\xa0yoğurtla\xa0bir kasenin içinde birleştirin ve güzelce karıştırın.', 'Servis tabağının içerisine yoğurtlu patlıcanlı karışımı alın. Ortasını çukurlaştırın. Hazırladığınız etleri de üzerine yerleştirin. Sosunu ilave ederek servis edin.']",ET,239b56,/tarif/et/,"['Et', 'Ramazan', 'Video', 'Yöresel Tarifler']","['akşam yemeği', 'öğle yemeği']","['Öğle Yemeği', 'Akşam Yemeği']",['Tencere'],['Bol Proteinli'],False,900,900,2022-04-15T14:40:35Z,4.0,722997,6605,False,True,True,0,,0,,,,2017/05/alinazik-tarifi.jpg,0,0,https://cdn.yemek.com/mnresize/940/940/uploads/2017/05/alinazik-tarifi.jpg,940,940,False,https://cdn.yemek.com/mncrop/300/200/uploads/2017/05/alinazik-tarifi.jpg,300,200,True,https://cdn.yemek.com/mncrop/940/625/uploads/2017/05/alinazik-tarifi.jpg,940,625,True,https://cdn.yemek.com/mncrop/620/388/uploads/2017/05/alinazik-tarifi.jpg,620,388,True,https://cdn.yemek.com/mncrop/600/315/uploads/2017/05/alinazik-tarifi.jpg,600,315,True,"['tencere', 'bol proteinli']",,,,['Gaziantep'],
1178,3546,Yasemin Özaltın,https://cdn.yemek.com/author/35533/20181219061403_avatar.jpg,/profil/yasemingursurer/,Zeytinyağlıların Kraliçesi: Barbunya,Barbunya,/tarif/barbunya/,30 dk,30 dk,"<p>Barbunya tarifinde sağlık vardır, tazelik çoktur. Zeytinyağlı yemeklerin ilk akla gelenidir o, <a href=""https://yemek.com/tarif/"" target=""_blank"">yemek tariflerinden</a> en fazla tarif defterine eklenenidir, dizi dizi sarmalar yapılacağına önceden hazırlanan uslu uslu dinlendirilen bir tencere barbunya can kurtarandır. Pratiklik, kolaylık denilince akla gelen ilk yemek tariflerinden de biridir aynı zamanda. Hafta başında yapılıp dolaba atılan, sonrasında yemeğim hazır diye gururla bahsedilendir. Karşınızda <a href=""https://yemek.com/tarif/zeytinyaglilar/"" target=""_blank"">zeytinyağlı yemeklerin</a> en güzeli barbunya tarifi!</p>
<p>Özellikle bolca bulunduğu yaz aylarında ayıklanıp dolaba konan, sonrasında da bol bol pişirilen sebzelerin başında geliyor. Yanına pilav ya da farklı zeytinyağlı yemeklerle de şahane oluyor. Şimdiden ellerinize sağlık diyor, hafif, yapımı kolay, tam kıvamında pişen <strong>barbunya yemeği</strong> tarifimize buyur ediyoruz. Afiyetler olsun!</p>
",recipe,"['sıcak su', 'tuz', 'toz şeker', 'sarımsak', 'maydanoz', 'zeytinyağı', 'domates salçası', 'orta boy havuç', 'orta boy kuru soğan', 'orta boy domates', 'büyük boy patates', 'taze barbunya', 'taze sıkılmış limon suyu (arzuya göre)']","['Kabuklarını ayıklayıp bol suda yıkadığınız 1 kilogram barbunyayı üzerini geçecek kadar su ilave edin.', 'Orta ateşte 10 dakika kadar haşlayın.', '1/2 çay bardağı zeytinyağını derin bir tencerede kızdırın.', '1 adet rendelenmiş soğan ve 2 diş ezilmiş sarımsağı katıp hafif bir renk alana kadar soteleyin.', 'Küp doğranmış 1 adet patates ve 2 adet havucu da ekleyin ve\xa0ardından\xa0renk vermesi için 1 tatlı kaşığı domates salçasını\xa0ilave edip\xa0kavumaya devam edin.', ""Haşlanmış barbunyaları da tencereye\xa0 ilave ettikten sonra 2 adet rendelenmiş domates ve 1'er tatlı kaşığı tuz ve toz şeker katıp kısık ateşte pişmeye bırakın."", 'Ocaktan aldığınız barbunyayı kapağı kapalı tencerede oda ısısına gelene kadar dinlendirin.', 'Son olarak servis kabına aktardığınız barbunya yemeğini; incecik kıyılmış maydanoz eşliğinde ılık ya da soğuk olarak\xa0servis edin, afiyet olsun.']",ZEYTİNYAĞLI,239b56,/tarif/zeytinyaglilar/,"['Özel Beslenme', 'Vejetaryen', 'Zeytinyağlı', 'Vegan', 'Video', 'Bakliyat', 'Sulu Yemek', 'Mevsiminde']","['pratik yemek tarifleri', 'ekonomik', 'akşam yemeği', 'öğle yemeği']","['Öğle Yemeği', 'Akşam Yemeği']",['Tencere'],"['Ekonomik', 'Glutensiz', 'Vejetaryen', 'Bol Proteinli', 'Düşük Karbonhidratlı', 'Vegan']",False,1800,1800,2019-05-06T08:04:17Z,4.0,711933,5424,False,True,True,0,,0,,,,2015/10/barbunya-yemekcom.jpg,0,0,https://cdn.yemek.com/mnresize/940/940/uploads/2015/10/barbunya-yemekcom.jpg,940,940,False,https://cdn.yemek.com/mncrop/300/200/uploads/2015/10/barbunya-yemekcom.jpg,300,200,True,https://cdn.yemek.com/mncrop/940/625/uploads/2015/10/barbunya-yemekcom.jpg,940,625,True,https://cdn.yemek.com/mncrop/620/388/uploads/2015/10/barbunya-yemekcom.jpg,620,388,True,https://cdn.yemek.com/mncrop/600/315/uploads/2015/10/barbunya-yemekcom.jpg,600,315,True,"['tencere', 'vejetaryen', 'bol proteinli', 'glutensiz', 'düşük karbonhidratlı', 'düşük kalorili']",,"['Haziran', 'Temmuz']",,,
1179,1120,Yasemin Özaltın,https://cdn.yemek.com/author/35533/20181219061403_avatar.jpg,/profil/yasemingursurer/,Yumuşacık Pişti: Arnavut Ciğeri,Arnavut Ciğeri,/tarif/arnavut-cigeri/,10 dk,20 dk,"<p><a href=""https://yemek.com/tarif/ciger-kavurma/"" target=""_blank"">Ciğerin</a> küçük parçalar halinde kesilip una bulandıktan sonra kızartılmasıyla oluşan bir <a href=""https://yemek.com/tarif/"" target=""_blank"">yemek tarifi</a> Arnavut ciğeri. Arzuya göre sıcak ya da soğuk olarak servis ediliyor, olmazsa olmazı <a href=""https://yemek.com/tarif/sumakli-sogan-salatasi/"" target=""_blank"">sumaklı ve maydanozlu soğan salatası</a>. Kimyonun ciğere yakıştığı bilinen bir gerçek olsa da limon sıkıp yemeği tercih edenler de var.</p>
<p>Kızgın yağda kızartılarak hazırlanan ve belirli püf noktaları bulunan Arnavut ciğeri, iştah açan ve ağız sulandıran bir <a href=""https://yemek.com/sonbahara-uygun-hafif-yemek-tarifleri/"" target=""_blank"">başlangıç</a> ve <a href=""https://yemek.com/pratik-ana-yemek-tarifleri/"" target=""_blank"">ana yemek</a> tarifi. Sizler de bu lezzetin tadına varmak isterseniz buyrun mutfağa! Daha önce böyle güzel bir <a href=""https://yemek.com/tarif/et/"" target=""_blank"">et </a>yemediğinize eminiz. Afiyet olsun!</p>
",recipe,"['tuz', 'tuz', 'un', 'patates', 'sumak', 'kırmızı soğan', 'toz kırmızı biber', 'toz kişniş', 'doğranmış maydanoz', 'karbonat', 'sıvı yağ', 'sıvı yağ', 'ciğer']","['Üzerinde bulunan zarı ayıkladığınız kuzu ciğerini, kuşbaşı büyüklüğünde kesin. Derin bir süzgece aldığınız doğranmış kuzu ciğerlerini kanının süzülmesi için bekletin.', 'Kanını süzdürdüğünüz ciğerleri karbonat ve tuz eklediğiniz una bulayın. Ciğerlerin üzerindeki fazla unu almak için tekrar süzgeçten geçirin.', '<div>Ciğerleri tavadaki ısınmış yağın içerisine koyun. Ciğerler pişmeye başladığında kırmızı toz biber ve toz kişniş ekleyin.\xa0Pişen ciğerlerin fazla yağını süzdürerek bir tabağa aktarın.</div>', 'Ayrı bir tavada kızdırdığınız yağda küp küp doğradığınız patatesleri kızartın ve ciğerlerin olduğu kaseye ekleyin.', 'Piyazlık doğradığınız kırmızı soğanları, 1 çay kaşığı tuz ile ovarak öldürün.\xa0Üzerine sumak ve doğranmış maydanozu da ekledikten sonra güzelce karıştırın ve ciğerlerin olduğu kaseye ekleyip diğer malzemelerle birlikte güzelce harmanlayın.', 'Ciğeri servis edeceğiniz tabağa alıp, sevdiklerinizle afiyetle tüketin!']",ET,239b56,/tarif/et/,"['Et', 'Video', 'Yöresel Tarifler']","['akşam yemeği', 'öğle yemeği']","['Öğle Yemeği', 'Akşam Yemeği']","['Kızartma', 'Ocak']",['Bol Proteinli'],False,600,1200,2021-11-17T07:46:50Z,4.0,711587,3831,False,True,True,0,,0,,,,2021/06/arnavut-cigeri-yemekcom.jpg,0,0,https://cdn.yemek.com/mnresize/940/940/uploads/2021/06/arnavut-cigeri-yemekcom.jpg,940,940,False,https://cdn.yemek.com/mncrop/300/200/uploads/2021/06/arnavut-cigeri-yemekcom.jpg,300,200,True,https://cdn.yemek.com/mncrop/940/625/uploads/2021/06/arnavut-cigeri-yemekcom.jpg,940,625,True,https://cdn.yemek.com/mncrop/620/388/uploads/2021/06/arnavut-cigeri-yemekcom.jpg,620,388,True,https://cdn.yemek.com/mncrop/600/315/uploads/2021/06/arnavut-cigeri-yemekcom.jpg,600,315,True,"['bol proteinli', 'kızartma']",,,,['Edirne'],
1180,246,Yasemin Özaltın,https://cdn.yemek.com/author/35533/20181219061403_avatar.jpg,/profil/yasemingursurer/,Dışarıda Yedikleriniz Gibi: Terbiyeli İşkembe Çorbası,Terbiyeli İşkembe Çorbası,/tarif/iskembe-corbasi/,1 sa,30 dk,"<p>Mide rahatlatıcı etkisiyle öne çıkan çorbaların başında gelen işkembe çorbası, aynı zamanda oldukça çok besleyici bir <a href=""https://yemek.com/tarif/"" target=""_blank"">yemek tarifi</a>.</p>
<p>Terbiyeli işkembe çorbası tarifini temizlenmiş bir işkembe edindikten sonra kolayca evde hazırlayabilir, sevdiklerinizle paylaşabilirsiniz.</p>
<p><b>Not:</b> ""İşkembe tamam da ben daha fazla çorba çeşidi de görmek istiyorum"" diyenleri tüm çorba tariflerimizin olduğu çorba kategorimize doğru alalım: <a href=""https://yemek.com/tarif/corba/"" target=""_blank"">Çorba Tarifleri</a>!</p>
",recipe,"['kuru soğan', 'tereyağı', 'tuz', 'limon suyu', 'limon suyu', 'un', 'un', 'sarımsak', 'sarımsak', 'su', 'yoğurt', 'yumurta sarısı', 'sirke', 'işkembe']","['İyi temizlenmiş\xa01 kilogram işkembenin üzerini geçecek kadar su ilave edip, işkembeler yumuşayana kadar yaklaşık 40 dakika haşlayın.', 'İşkembe haşlandıktan sonra bir kevgir yardımıyla kaseye aktarın.', 'Ayrı bir tavada 3 yemek kaşığı tereyağını eritip üzerine 3 yemek kaşığı unu ileve edin ve\xa0unun kokusu çıkana kadar kavurun.', 'Süzdüğünüz ve ılınmış olan haşlama suyundan\xa0tavaya\xa0azar azar ekleyin. Unun topaklanmaması için; bir çırpıcı yardımıyla hızlıca karıştırın.', 'Bu karışımı işkembeleri haşladığınız tencerenin içerisine sürekli olarak karıştırarak yavaş yavaş yedirin.', 'Çorbanın terbiyesini hazırlamak için; 4 yemek kaşığı yoğurt, 2 yemek kaşığı un, 1 çay kaşığı tuz, 1 adet yumurta sarısı ve yarım limon suyunu ayr bir kapta çırpın.', 'Terbiye karışımını kaynamakta olan haşlama suyu ile ılıştırdıktan\xa0sonra çorba tenceresine azar azar ekleyin ve hızlıca karıştırın.', 'Son olarak; haşlanan işkembeyi çorbaya ilave edin ve kısık ateşte, 15 dakika kadar kaynatarak pişirin.', 'Sarımsakları rendeledikten sonra sirke ile karıştırın. Servis kaselerine aldığınız çorbayı, sarımsaklı sirke ilavesiyle sıcak olarak servis edin. Afiyet olsun!']",ÇORBA,,/tarif/corba/,"['Çorba', 'Ramazan', 'Video']","['ekonomik', 'akşam yemeği']","['Başlangıç', 'Akşam Yemeği']","['Tencere', 'Ocak']",,False,3600,1800,2014-07-04T06:45:05Z,4.0,693816,763,False,True,True,0,,0,,,,2014/07/iskembe-corbasi-yemekcom.jpg,0,0,https://cdn.yemek.com/mnresize/940/940/uploads/2014/07/iskembe-corbasi-yemekcom.jpg,940,940,False,https://cdn.yemek.com/mncrop/300/200/uploads/2014/07/iskembe-corbasi-yemekcom.jpg,300,200,True,https://cdn.yemek.com/mncrop/940/625/uploads/2014/07/iskembe-corbasi-yemekcom.jpg,940,625,True,https://cdn.yemek.com/mncrop/620/388/uploads/2014/07/iskembe-corbasi-yemekcom.jpg,620,388,True,https://cdn.yemek.com/mncrop/600/315/uploads/2014/07/iskembe-corbasi-yemekcom.jpg,600,315,True,"['tencere', 'bol proteinli']",greenLight,,,,
1181,160,Cemre Özgüzel,https://cdn.yemek.com/author/109/20200211010242_avatar.jpg,/profil/cemre-ozguzel/,Kolay ve Ekonomik: Makarna Salatası,Makarna Salatası,/tarif/makarna-salatasi/,12 dk,15 dk,"<p>Evde kalmış makarnayla bile hazırlanabilecek, lezzetli ama bir o kadar da kolay bir tarif <a href=""https://www.yemek.com/kategori/tarif/makarna/"" target=""_blank"">makarna</a> salatası tarifimiz var. Makarnanın ağız sulandıran hali de diyebiliriz kendisine. Arzuya göre; doğranmış salam, sosis vb. malzemeler ekleyerek tarifi daha da zenginleştirebilirsiniz.</p>
<p>En kolay ve en nefis makarna salatasını siz yapın diye biz tadı damaklarda kalan yoğurtlu, mayonezli, garnitürlü bir <a href=""https://yemek.com/tarif/tavuklu-makarna-salatasi/"" target=""_blank"">makarna salatası</a> tarifi hazırladık sizin için.</p>
<p>Ekonomik bir tarif olması nedeniyle gerek öğrenci evlerinde, gerekse evde hemen her zaman bulabileceğiniz malzemelerle kolayca yapılabilir. Üstelik <a href=""https://yemek.com/tarif/sebze/"" target=""_blank"">sebze</a> yemek istemeyen çocuklarınızın makarna <a href=""https://yemek.com/tarif/salata/"" target=""_blank"">salata</a>sı tarifimizdeki garnitürler yardımıyla bu besinleri almalarını sağlayabilirsiniz. <a href=""https://yemek.com/cay-saati-menuleri/"" target=""_blank"">Çay saati</a> günlerine de çok yakışır. Şimdiden afiyet olsun!</p>
",recipe,"['nane', 'tuz', 'yoğurt', 'zeytinyağı', 'mayonez', 'süzme yoğurt', 'konserve haşlanmış garnitür', 'kornişon turşu', 'dereotu', 'burgu makarna']","['Burgu makarnayı kaynar suda 10- 12 dakika kadar haşlayın. Suyunu süzün ve soğuması için bir kenarda bekletin.', 'Salatanın sosunu hazırlamak için; yoğurt, süzme yoğurt, mayonezi bir kapta karıştırın.', 'Haşlanan makarnayı bu sosun içerisine ilave edin.', 'Ardından bir avuç doğranmış dereotunu, doğranmış salatalık turşusunu ve konserve garnitürü salata kasesine azar azar aktarın.', 'Tüm malzemeleri birbirine karışacak şekilde harmanlayın.', 'Sonrasında bekletmeden servis edin. Sevdiklerinizle paylaşın. Afiyetler olsun!']",SALATA,239b56,/tarif/salata/,"['Makarna', 'Salata', 'Video']","['ekonomik', 'akşam yemeği', 'öğle yemeği']","['Öğle Yemeği', 'Akşam Yemeği']",['Tencere'],,False,720,900,2019-03-12T13:16:42Z,4.0,681116,5066,False,True,True,0,,0,,,,2014/06/makarna-salatasi-yemekcom.jpg,0,0,https://cdn.yemek.com/mnresize/940/940/uploads/2014/06/makarna-salatasi-yemekcom.jpg,940,940,False,https://cdn.yemek.com/mncrop/300/200/uploads/2014/06/makarna-salatasi-yemekcom.jpg,300,200,True,https://cdn.yemek.com/mncrop/940/625/uploads/2014/06/makarna-salatasi-yemekcom.jpg,940,625,True,https://cdn.yemek.com/mncrop/620/388/uploads/2014/06/makarna-salatasi-yemekcom.jpg,620,388,True,https://cdn.yemek.com/mncrop/600/315/uploads/2014/06/makarna-salatasi-yemekcom.jpg,600,315,True,"['tencere', 'vejetaryen']",,,,,
1182,25877,Yasemin Özaltın,https://cdn.yemek.com/author/35533/20181219061403_avatar.jpg,/profil/yasemingursurer/,Tüm Püf Noktalarıyla: Sultan Sarması,Sultan Sarması,/tarif/sultan-sarmasi/,20 dk,20 dk,"<p>Yapımı oldukça kolay olan sultan sarması, <a href=""https://yemek.com/tarif/sutlu-tatlilar/"" target=""_blank"" rel=""noopener"">sütlü tatlı</a> sevenlerin bayılarak tüketeceği bir <a href=""https://yemek.com/tarif/"" target=""_blank"" rel=""noopener"">tarif</a>. Ev yapımı kakaolu <a href=""https://yemek.com/tarif/muhallebi/"" target=""_blank"" rel=""noopener"">muhallebi</a> ile Hindistan cevizinin bir araya gelmesiyle oluşan bu tarifin tadı oldukça hafif ve kesinlikle yedikçe yiyesiniz geliyor. Rulo haline getirilen tatlının üzerine dilerseniz Antep fıstığı ekleyebilir, ya da çikolata sosu ile ekstra çikolatalı bir lezzet elde edebilirsiniz.</p>
<p>Bu tarif çok kolay bir <a href=""https://yemek.com/tarif/tatli/"" target=""_blank"" rel=""noopener"">tatlı</a> tarifi. Örneğin krem şanti eklediğiniz noktada içerisine <strong>fındık, ceviz veya damla çikolata</strong> ile lezzetlendirebilirsiniz. Bu tarif oldukça pratik olmasına rağmen dikkat edilmesi gereken birkaç nokta var. Bu aşamada ""sultan sarması neden çatlar?"" sorusu akıllara gelebilir. Tepsiye yaydığınız <strong>sultan sarması tatlısı</strong>nın muhallebisini mutlaka bir gece bekletmeniz gerekiyor. Aksi takdirde rulo haline getirirken dağılmalar meydana gelebilir. Afiyet olsun!</p>",recipe,"['toz şeker', 'süt', 'un', 'kakao', 'krem şanti', 'vanilin', 'tereyağ', 'Hindistan cevizi']","['<p>Sultan sarması için bir tencerede un, toz şeker ve kakaoyu karıştırıp, üzerine yavaşça süt ilave edip sürekli karıştırarak orta ateşte pişirin.</p>', '<p>Koyulaşmaya ve baloncuk çıkarmaya başlayan muhallebinin içerisine tereyağı ekleyin ve tekrar karıştırın.</p>', '<p>Koyulaşan ve pişen muhallebiyi ocaktan alamadan önce vanilini ekleyip karıştırın ve ocaktan alın.</p>', '<p>Fırın tepsisine Hindistan cevizini yayın.</p>', '<p>Muhallebiyi, Hindistan cevizinin üzerine dikkatlice yayın. Bir\xa0gün boyunca buzdolabında bekletin.</p>', '<p>Bir gün bekleyen muhallebiyi 8 eşit dikdörtgen olacak şekilde kesin ve krem şantiyi tüm yüzeye yayın.</p>', '<p>Bir spatula yardımıyla dikdörtgen parçaları yavaşça rulo haline getirin. Üzerine, arzuya göre Antep fıstığı serpiştirerek servis edin.</p>']",SÜTLÜ TATLI,239b56,/tarif/sutlu-tatlilar/,"['Tatlı', 'Ramazan', 'Sütlü Tatlı', 'Video']",,['Çay Saati'],['Tencere'],"['Ekonomik', 'Vejetaryen']",False,1200,1200,2022-04-13T09:23:19Z,4.0,668305,5690,False,True,True,0,,0,,,,2017/11/sultan-sarmasi.jpg,0,0,https://cdn.yemek.com/mnresize/940/940/uploads/2017/11/sultan-sarmasi.jpg,940,940,False,https://cdn.yemek.com/mncrop/300/200/uploads/2017/11/sultan-sarmasi.jpg,300,200,True,https://cdn.yemek.com/mncrop/940/625/uploads/2017/11/sultan-sarmasi.jpg,940,625,True,https://cdn.yemek.com/mncrop/620/388/uploads/2017/11/sultan-sarmasi.jpg,620,388,True,https://cdn.yemek.com/mncrop/600/315/uploads/2017/11/sultan-sarmasi.jpg,600,315,True,,,,,,
1183,4605,Yasemin Özaltın,https://cdn.yemek.com/author/35533/20181219061403_avatar.jpg,/profil/yasemingursurer/,Sunumu Şık: Kıbrıs Tatlısı,Kıbrıs Tatlısı,/tarif/kibris-tatlisi/,30 dk,20 dk,"<p>Cevizli ve rendelenmiş Hindistan cevizli kek üzerine hazırladığınız kremalı, iki katlı bir <a href=""https://yemek.com/tarif/tatli/"" target=""_blank"" rel=""noopener"">tatlı</a> diyebiliriz Kıbrıs tatlısı <a href=""https://yemek.com/tarif/"" target=""_blank"" rel=""noopener"">tarifi</a> için. <a href=""https://yemek.com/tarif/ekmek-kadayifi/#gref"">Kaymaklı ekmek kadayıfı</a> ya da <a href=""https://yemek.com/tarif/revani/"">revani</a> gibi sevilen <a href=""https://yemek.com/tarif/serbetli-tatlilar/"" target=""_blank"" rel=""noopener"">şerbetli tatlıların</a> farklı bir versiyonu olduğunu düşünebiliriz. <strong>Rum tatlısı</strong> olarak da bilinen bu nefis tatlının özellikleri bu kadarla da sınırlı değil. Hamurunda un yerine galeta unu kullanılıyor. <strong>Rendelenmiş Hindistan cevizi</strong> ayrıca kıvam ve tat veriyor. İsteğe göre haşhaş bile ilave ediliyor hamuruna. Tatlı sıcak, şerbet soğuk oluyor, üzerine serilen toz krem şanti ilaveli krema damaklarda ayrı bir lezzet bırakıyor.</p>
<p>Ağzınız sulandıysa buyurun <strong>Kıbrıs tatlısı tarifi</strong> için mutfağa! Afiyet olsun!</p>",recipe,"['yumurta', 'toz şeker', 'toz şeker', 'toz şeker', 'süt', 'kabartma tozu', 'su', 'toz krem şanti', 'mısır nişastası', 'galeta unu', 'taze sıkılmış limon suyu', 'vanilin', 'sıvı yağ', 'ceviz içi (ince çekilmiş)', 'Hindistan cevizi', 'Hindistan cevizi']","['<p>Tatlının şerbeti için; su ve toz şekeri derin bir karıştırma kabına alın. Şeker taneleri eriyene kadar sürekli karıştırdığınız şerbet karışımını kısık ateşte 15 dakika kadar kaynatın.\xa0Kıvam alıp şurup kıvamına yaklaşan şerbete limon suyunu ekleyip kestirdikten sonra ocaktan alın. Soğuması için ayrı bir yerde dinlendirin.</p>', '<p>Tatlının kekini hazırlamak için; oda sıcaklığında beklettiğiniz yumurtaları derin bir karıştırma kabına kırın. Toz şeker ilavesiyle şeker taneleri tamamen eriyene kadar karıştırın.</p>', '<p>Sırasıyla; sıvı yağ, rendelenmiş Hindistan cevizi, galeta unu, ince çekilmiş ceviz içi ve kabartma tozu ekleyip karıştırma işlemini sürdürün.</p>', '<p>Pişireceğiniz kalıbı sıvı yağ ile yağlayın. Hazırladığınız kek karışımını eşit olarak yaydıktan sonra önceden ısıtılmış 160 derece fırında 30 dakika kadar pişirin.</p>', '<p>Üzerine önceden hazırladığınız soğuk şerbeti döküp içine çekmesi için bekletin.</p>', '<p>Kreması için; süt, nişasta ve toz şekeri derin bir tencereye alıp sürekli karıştırarak orta\xa0ateşte pişirin. Muhallebi kıvamına gelen kremayı ocaktan indirmeden önce vanilin ekleyin ve karıştırıp ocaktan alın.</p>', '<p>Ocaktan aldıktan sonra toz krem şanti ilavesiyle çırparak karıştırın.</p>', '<p>Krema karışımını, şerbetini çeken tatlının üzerine yayın.</p>', '<p>Hindistan cevizini de tüm yüzeye serpiştirin.</p>', '<p>Buzdolabında soğuttuktan sonra Kıbrıs tatlısını süsleyip sevdiklerinizle afiyetle tüketin.</p>']",ŞERBETLİ TATLI,239b56,/tarif/serbetli-tatlilar/,"['Tatlı', 'Şerbetli Tatlı', 'Video', 'Dünya Mutfakları']",,['Çay Saati'],['Fırın'],,False,1800,1200,2022-03-18T12:55:40Z,4.0,667376,4794,False,True,True,0,,0,,,,2016/01/kibris-tatlisi-yemekcom.jpg,0,0,https://cdn.yemek.com/mnresize/940/940/uploads/2016/01/kibris-tatlisi-yemekcom.jpg,940,940,False,https://cdn.yemek.com/mncrop/300/200/uploads/2016/01/kibris-tatlisi-yemekcom.jpg,300,200,True,https://cdn.yemek.com/mncrop/940/625/uploads/2016/01/kibris-tatlisi-yemekcom.jpg,940,625,True,https://cdn.yemek.com/mncrop/620/388/uploads/2016/01/kibris-tatlisi-yemekcom.jpg,620,388,True,https://cdn.yemek.com/mncrop/600/315/uploads/2016/01/kibris-tatlisi-yemekcom.jpg,600,315,True,,,,['Kuzey Kıbrıs Türk Cumhuriyeti'],,
1184,25725,Ayşegül Uslu,https://cdn.yemek.com/author/409098/20230915055430_avatar.jpg,/profil/aysegulu/,Şipşak Hazırlanır: Üç Malzemeli Kakaolu Kurabiye,Üç Malzemeli Kakaolu Kurabiye,/tarif/3-malzemeli-kakaolu-kurabiye/,20 dk,5 dk,"<p>Hiç vaktiniz yok. Canınız <a href=""https://yemek.com/tarif/tatli/"" target=""_blank"">tatlı</a> bir şeyler çekiyor fakat diyeti bozmak istemiyorsunuz. Böyle durumlar için sizlere harika bir tarifimiz var!</p>
<p>Sadece üç malzemeyle hazırlanan, <a href=""https://yemek.com/tarif/gercek-browni/"" target=""_blank"">brownie</a> kıvamında, yapımı çok basit ve tadı enfes bir kurabiye tarifimiz var. Tüm malzemeler tek bir kapta şipşak karıştırılıyor, gerisi fırında tamamlanıyor. İşin sırrı olgunlaşmış muz kullanmakta. Suçluluk duygusu hissetmeden, gönül rahatlığıyla yiyebileceğiniz bu <a href=""https://yemek.com/tarif/kurabiye/"" target=""_blank"">kurabiyelerde</a> şeker yok, yumurta yok, un yok! Tabii ki de tarifimizi ağız tadınıza göre farklı şekillerde hazırlayabilin diye sizlere püf noktaları da bıraktık. Hepsine göz attığınızdan eminseniz, hadi mutfağa girelim!</p>
<p>&nbsp;</p>
",recipe,"['kakao', 'muz', 'yer fıstığı ezmesi']","['Muzları soyun ve bir kaç parçaya bölün. Kakao ve fıstık ezmesiyle birlikte geniş bir kaba alın.', 'Bir çatal yardımıyla muzları ezerek, tüm malzemeyi iyice karıştırın.', 'Yağlı kağıt serilmiş fırın tepsisine, aralarında boşluk bırakarak birer kaşık halinde dökün.', 'Önceden ısıtılmış 175° derece fırında yaklaşık 20-25 dakika pişirin. Oda sıcaklığında soğuduktan sonra servis edin. Afiyet olsun!']",TATLI KURABİYE,239b56,/tarif/tatli-kurabiyeler/,"['Özel Beslenme', 'Kurabiye', 'Diyet', 'Vegan', 'Glutensiz', 'Tatlı Kurabiye']","['ekonomik', 'çay saati']",['Çay Saati'],['Fırın'],"['Ekonomik', 'Glutensiz', 'Vejetaryen', 'Bol Proteinli', 'Düşük Kalorili', 'Düşük Karbonhidratlı', 'Vegan']",False,1200,300,2021-05-28T07:00:42Z,3.0,660807,3047,False,False,True,0,,0,,,,2020/03/uc-malzemeli-kurabiye-one-cikan-.jpg,0,0,https://cdn.yemek.com/mnresize/940/940/uploads/2020/03/uc-malzemeli-kurabiye-one-cikan-.jpg,940,940,False,https://cdn.yemek.com/mncrop/300/200/uploads/2020/03/uc-malzemeli-kurabiye-one-cikan-.jpg,300,200,True,https://cdn.yemek.com/mncrop/940/625/uploads/2020/03/uc-malzemeli-kurabiye-one-cikan-.jpg,940,625,True,https://cdn.yemek.com/mncrop/620/388/uploads/2020/03/uc-malzemeli-kurabiye-one-cikan-.jpg,620,388,True,https://cdn.yemek.com/mncrop/600/315/uploads/2020/03/uc-malzemeli-kurabiye-one-cikan-.jpg,600,315,True,['fırın'],,,,,['Ara Öğün']
1185,27158,Gökçen Mutaf,https://cdn.yemek.com/author/23120/20181227103819_avatar.jpeg,/profil/gokcenmutaf/,Karadeniz Lezzeti: Kuymak,Kuymak,/tarif/kuymak/,10 dk,2 dk,"<p>İsmi üzerine birçok tartışma yaşansa da, adı tadının önüne asla geçemeyecek bir tarif kuymak. Aynı zamanda <a href=""https://yemek.com/tarif/muhlama/"" target=""_blank"" rel=""noopener"">muhlama</a> ya da <a href=""https://yemek.com/tarif/mihlama/"" target=""_blank"" rel=""noopener"">mıhlama</a> ismi ile de bilinen bu tarif Karadeniz bölgesinden Türk mutfağına armağan edilen müthiş bir lezzet.</p>
<p>Adı ve yapılışında farklılık olduğunu, yöreden yöreye göre değiştiği söyleniyor. Hatta kuymakta kaymak kullanıldığı için muhlamadan farklı olduğu da söyleniyor. Kimi <strong>kuymağı kaymakla yapıyor</strong>, kimi tereyağını mıhlamaya konulandan daha az koyarak. Sonuç, iki isimle de bu tarifin mükemmel bir lezzete sahip olduğu!</p>
<p>Mısır unu, tereyağ ve peynirin eşsiz uyumunun tadını çıkarmak gerektiğine inanıyor, sizi <strong>kuymak tarifi</strong>yle baş başa bırakıyoruz. Afiyet olsun! <img class=""wp-smiley img-responsive"" src=""https://cdn.yemek.com/assets/images/smiley/smile.png""></p>",recipe,"['tereyağı', 'tuz', 'su', 'mısır unu', 'kaynar su', 'kolot peyniri']","['<p>Kuymak tarifi için tereyağını mümkünse bakır bir tavaya alın ve yağ eriyip köpürünce üstüne mısır ununu ekleyin.</p>', '<p>Mısır ununun rengi dönene dek kavurun. Ardından bir su bardağı suyu ve tuzunu ekleyin.</p>', '<p>Suyu çekene dek kavurun ve suyu iyice ektikten sonra içine kolot peynirini ilave edin.</p>', '<p>Peynir tamamen eriyip, suyunu çekene dek karıştırarak kavurun.</p>', '<p>Peynir de eridikten sonra kaynar suyu ekleyin, suyu çekip uzayan bir kıvam aldığında ocağın altını kısın.</p>', '<p>Tereyağı hafifçe üstte biriktiği zaman kuymağınız hazır demektir. Sıcak sıcak kuymağı servis edin.</p>']",KAHVALTILIK,239b56,/tarif/kahvaltiliklar/,"['Kahvaltılık', 'Yöresel Tarifler']",,"['Kahvaltı', 'Çay Saati']",['Tencere'],['Vejetaryen'],False,600,120,2020-09-16T09:06:42Z,4.0,660576,3053,False,False,True,0,,0,,,,2017/12/kuymak-tarifi-son.jpg,0,0,https://cdn.yemek.com/mnresize/940/940/uploads/2017/12/kuymak-tarifi-son.jpg,940,940,False,https://cdn.yemek.com/mncrop/300/200/uploads/2017/12/kuymak-tarifi-son.jpg,300,200,True,https://cdn.yemek.com/mncrop/940/625/uploads/2017/12/kuymak-tarifi-son.jpg,940,625,True,https://cdn.yemek.com/mncrop/620/388/uploads/2017/12/kuymak-tarifi-son.jpg,620,388,True,https://cdn.yemek.com/mncrop/600/315/uploads/2017/12/kuymak-tarifi-son.jpg,600,315,True,,,,,['Trabzon'],
1186,23441,ipeksare,https://cdn.yemek.com/author/262494/20200820091315_avatar.jpg,/profil/ipeksare/,Antakya Mutfağından: Tepsi Kebabı,Tepsi Kebabı,/tarif/tepsi-kebabi-2/,40 dk,20 dk,"<p><strong>Tepsi kebabı</strong>, namıdiğer lahm-ı sini, Antakya'ya ait olan lezzetli <a href=""https://yemek.com/tarif/"" target=""_blank"">yemeklerden</a> sadece biri. Tepsinin içerisinde dev bir sebzeli köfte olarak gözükse de aslında o her şeyiyle özel bir kebap. <strong><a href=""https://yemek.com/tarif/et"" target=""_blank"">Eti</a>,</strong> <a href=""https://yemek.com/tarif/sebze/"" target=""_blank"">sebzesi</a> özenle seçiliyor, tüm bu malzemeler birlikte zırh ile ufak parçalara ayrılıyor ve ortaya müthiş bir tat çıkıyor. Bu noktada önemli olan <strong>hiçbir sebzenin sulanmaması</strong> ve tüm suyunu pişerken kebaba aroma olarak vermesinden geçiyor.</p>
<p>Etin kalitesi ve kıymanın makineden tek çekim yapılması kebabın tadını çok daha lezzetli kılan unsurlar. Antakya'ya gidip yerinde <strong>tepsi kebabı</strong> yiyemiyorsak, bu lezzetten mahrum kalmalı mıyız?  Tabii ki kalmamalıyız.</p>
",recipe,"['biber salçası', 'tuz', 'pul biber', 'sivri biber', 'sarımsak', 'maydanoz', 'su', 'karabiber', 'domates', 'kırmızı biber', 'kimyon', 'soğan', 'tereyağ', 'biber', 'kıyma (arzuya göre dana/kuzu karışık)']","['Tepsi kebabı için bir kapta veya pişireceğiniz tepside kıyma, soğan, maydanoz, sivri biber, sarımsak, kimyon, tuz, karabiber ve pul biberi karıştırıp iyice yoğurun.', 'Malzemeler birbirine iyice karışınca, yuvarlak bir fırın tepsisine kıymalı karışımı iyice yayın ve ellerinizle üzerine bastırarak düzleştirin.', 'Bıçak yardımıyla 8 dilim olacak şekilde dilimleyin. Eritilmiş tereyağını kebabın üzerine dökün ve fırça yardımıyla her yerine gelecek şekilde yayın.', 'Biber salçası ile suyu karıştırın ve karışımı üzerine dökün.', 'Boydan ikiye böldüğünüz biberleri ve dilimlediğiniz domatesleri üzerine güzelce dizin.', '190 derece fırında 40 dakika pişirin ve tepsi kebabını sıcak servis edin. Afiyetler olsun!']",ET,239b56,/tarif/et/,"['Et', 'Ramazan', 'Video', 'Yöresel Tarifler']","['akşam yemeği', 'öğle yemeği']","['Öğle Yemeği', 'Akşam Yemeği']",['Fırın'],['Bol Proteinli'],False,2400,1200,2020-10-16T07:08:55Z,4.0,650810,3448,False,True,True,0,,0,,,,2017/10/tepsi-kebabi-tarifi.jpg,0,0,https://cdn.yemek.com/mnresize/940/940/uploads/2017/10/tepsi-kebabi-tarifi.jpg,940,940,False,https://cdn.yemek.com/mncrop/300/200/uploads/2017/10/tepsi-kebabi-tarifi.jpg,300,200,True,https://cdn.yemek.com/mncrop/940/625/uploads/2017/10/tepsi-kebabi-tarifi.jpg,940,625,True,https://cdn.yemek.com/mncrop/620/388/uploads/2017/10/tepsi-kebabi-tarifi.jpg,620,388,True,https://cdn.yemek.com/mncrop/600/315/uploads/2017/10/tepsi-kebabi-tarifi.jpg,600,315,True,"['bol proteinli', 'fırın']",,,,['Hatay'],
1187,29028,Gökçen Mutaf,https://cdn.yemek.com/author/23120/20181227103819_avatar.jpeg,/profil/gokcenmutaf/,Pastaneden Farksız: Şekerpare,Şekerpare,/tarif/sekerpare-2/,20 dk,15 dk,"<p>Pastanelerin vitrinlerinde üzeri nar gibi kızarmış o nefis <strong>şekerpareleri</strong> sevmeyen yoktur. <img src=""https://cdn.yemek.com/assets/images/smiley/smile.png"" class=""wp-smiley img-responsive"" /> <a href=""https://yemek.com/tarif/tatli/"" target=""_blank"">Tatlı tariflerinin</a> en güzellerinden bu şekerparelere çatalı dokundurduğunuz an dağılır, damakta çok nefis bir tat bırakır. Hafif şerbetiyle, nefis görüntüsüyle <a href=""https://yemek.com/tarif/serbetli-tatlilar/"" target=""_blank"">şerbetli tatlıların</a> harikalarından şekerpare tarifi hep bir başkadır. Gelin bugün tam da o pastane şekerpareleri gibi enfes şekerpareleri evimizde hazırlayalım. <strong>""Şekerpare şerbeti sıcak mı dökülür soğuk mu?""</strong> gibi şekerpare yapmanın püf noktalarını da sizlere anlatalım.</p>
<p>Dokusu, kıvamı, hafifliğiyle en favori şekerpare tarifiniz olmaya aday! Tam ölçüleri ve püf noktalarıyla her denemenizde aynı sonucu almanız da garanti. Karşınızda pastaneleri kıskandıracak lezzetiyle<strong> şekerpare tarifi</strong>! Özellikle iftar sofralarının en sevilen <a href=""https://yemek.com/ramazan-tatlilari/"" target=""_blank"">ramazan tatlısı</a> diyebileceğimiz <a href=""https://yemek.com/sekerpare-tarifleri/"" target=""_blank"">şekerpare tarifleri</a>ni hazırlarken dilerseniz içerisine limon kabuğu, portakal kabuğu ve vanilin gibi farklı malzemeler de ilave edebilirsiniz. Özellikle en sevilen <a href=""https://yemek.com/ramazan-tatlilari/"" target=""_blank"">ramazan tatlılarından</a> şekerpare, iftar sofralarında misafirlerinizin çok seveceği bir tatlı. Sofralar hazır, çaylar demlendiyse, şekerpareler fırından çıkmaya ve şerbetiyle buluşmaya hazır. Şekerpare yapımı çok basit ama aman diyelim şerbetler soğuk, tatlınız sıcacık olsun. Afiyetler olsun!</p>
",recipe,"['limon suyu', 'toz şeker', 'un', 'kabartma tozu', 'su', 'yumurta sarısı', 'irmik', 'pudra şekeri', 'oda sıcaklığında tereyağı', 'yumurta (1 yumurta sarısı ayrılacak)']","['Şekerparenin şerbet için gerekli malzemeleri bir tencereye aktarın. Şeker eriyip su kaynamaya başladıktan sonra birkaç damla limon suyu ilave edin. Şerbetiniz hazır! Ocaktan alıp soğumaya bırakın.', 'Şekerpare hamuru için gerekli olan un ve irmik hariç tüm malzemeleri bir kaba aktarın ve güzelce karıştırın.', 'Ardından irmiği\xa0 ilave edin.', 'Unu da ekleyin.', 'Ele yapışmayan yumuşak bir hamur elde edin.', 'Hazırladığınız hamurdan ceviz büyüklüğünde parçalar koparın. Yağlanmış tepsiye oval şeklini vererek dizin. Üzerine yumurta sarısı sürün ve bir çatal ile üzerine şekil verin.', 'Üzerine yumurta sarısı sürün ve bir çatal ile üzerine şekil verin.', 'Önceden ısıtılmış 180 derecelik fırında şekerparelerinizi 20 dakika kadar pişirin. Fansız ayar kullanın, pişme süresi fırınınızın performansına göre değişebilir bu nedenle kontrollü pişirin.', 'Ardından fırından şekerparelerinizi alın. Oda sıcaklığında 3-4 dakika kadar dinlendirin. Soğuk şerbeti, sıcak şekerparelerin üzerine azar azar gezdirin. Dağılma riskini bu şekilde azaltmış olursunuz. Şerbeti birden dökmeyin. Azar azar verin.', 'En az 2 saat kadar dinlendirip şekerpare tatlısını servis edebilirsiniz. Afiyet olsun.']",ŞERBETLİ TATLI,239b56,/tarif/serbetli-tatlilar/,"['Tatlı', 'Şerbetli Tatlı', 'Ramazan', 'Video']",['çay saati'],['Çay Saati'],"['Fırın', 'Tencere']",,False,1200,900,2022-04-20T11:00:12Z,4.0,649770,2321,False,True,True,0,,0,,,,2022/04/sekerpare-tarifi-yemekcom.jpg,0,0,https://cdn.yemek.com/mnresize/940/940/uploads/2022/04/sekerpare-tarifi-yemekcom.jpg,940,940,False,https://cdn.yemek.com/mncrop/300/200/uploads/2022/04/sekerpare-tarifi-yemekcom.jpg,300,200,True,https://cdn.yemek.com/mncrop/940/625/uploads/2022/04/sekerpare-tarifi-yemekcom.jpg,940,625,True,https://cdn.yemek.com/mncrop/620/388/uploads/2022/04/sekerpare-tarifi-yemekcom.jpg,620,388,True,https://cdn.yemek.com/mncrop/600/315/uploads/2022/04/sekerpare-tarifi-yemekcom.jpg,600,315,True,,,,,,
